2000 5
5318.04 4752 5132.28 3081.92 3684.12 
2883.29 5581.05 7220.48 4488.94 9646.96 
4601.75 9016.67 2593.2 4995.37 5493.96 
2928.11 7015.82 2807.18 9654.3 7198.02 
4803.74 1516.71 2235.89 4125.51 898.752 
7262.11 3839.47 1931.69 9644.64 8899.53 
7847.04 4962.66 3651.51 2979.3 8044.58 
7335.63 5862.59 3625.61 4556.1 351.513 
3272.55 9157.85 9368.18 5865.75 4153.2 
4862.13 8793.86 1169 7669.31 8448.14 
8367.02 2473.03 9964.86 602.9 6598.54 
863.591 7865.01 437.999 2795.28 7509.63 
9337.53 642.31 2472.28 2989.02 3621.61 
516.841 324.641 9484.21 4142.45 4880.74 
9835.72 7415.01 4038.57 9203.89 3280.74 
8191.78 4066 2074.58 9360.78 1735.29 
522.709 7727.79 4208.32 487.547 8330.69 
806.85 1351.14 6195.68 1244.85 4146.42 
3705.3 582.359 4788.73 6177.58 3571.38 
8410.35 6694.42 3896.02 7894.54 836.851 
8776.77 7730.24 8251.86 2815.32 6934.11 
1532.58 1007.08 1000.09 3607.16 367.849 
2735.39 4129.87 8095.64 6943.71 4617.42 
6426.31 7750.56 5968.56 2621.98 8995.41 
114.963 6327.27 9577.77 4903.7 2504.83 
3149.14 3314.03 9199.25 7045.16 1208.55 
36.0821 5821.91 8938.79 8287.94 8637.23 
5872.88 9820.52 9644.31 6872.98 3427.67 
12.1463 9608.36 7557.54 8107.78 6552.06 
2174.94 4534.08 4302.6 8143.5 7156.05 
3298 8258.46 3483.31 2875.75 3162.14 
5988.14 6024.89 6476.16 5187.37 3070.03 
7684.71 5223.46 8891.93 6623.48 3511.38 
7529.15 2496.34 3331.88 7173.44 9369.32 
6759.55 7185.59 8977.66 4317.07 5293.36 
5529.71 6492 9827.44 9832.31 4635.48 
6983.47 3130.29 2893.92 466.765 6006.04 
6056.06 6454.91 2030.91 2532.21 1642.26 
5100.93 216.896 6865.72 3992.85 6840.38 
377.082 1521.98 9336.72 3708.96 8695.42 
8706.02 468.494 5881 7683.67 4785.56 
1174.34 3213.35 1277.55 1001.76 3045.64 
5913.03 7985.23 6175.93 8806.95 8451.99 
2181.95 4863 4906.88 4212.86 7395.2 
6549.15 9313.79 7612.1 3414.85 3306.62 
4452.46 3791.93 4828.6 3789.16 7500.9 
3524.01 2495.16 7969.39 9405.01 178.806 
2754.93 579.327 3392.16 4032.48 1581.08 
6437.8 9945.51 9566.31 2613.72 8752.45 
8018.29 4795.67 3615.43 2925.16 9008.53 
1010.61 9474.3 8322.3 8622.71 2889.14 
1628.91 3075.15 6681.07 6457.52 6864.31 
4181.95 9981.52 9359.47 2151.33 9386.51 
9538.27 4906.26 9965.84 2930.42 8938.75 
1546.91 9368.22 8884.24 1113.2 1981.92 
7636.67 9131.49 6777.59 1252.09 2056.63 
5786.11 2262.7 1530.91 4108.39 885.398 
4420.05 5737.31 3960.55 1101.11 2194.8 
824.844 5283.06 2176.31 184.295 7434.39 
1562.81 9722.57 2340.64 1528.63 2652.97 
1279.37 3075.54 2021.17 163.593 4188.74 
4003.09 7800.27 3320.21 780.669 9052.35 
5376.83 6566.78 1315.04 6907.75 675.152 
2200.44 1327.78 6412.46 6160.99 2428.89 
8607.26 6985.83 7711.95 783.556 7170.13 
5146.33 2346.36 6892.68 7486.96 3874.99 
9545.65 8766.33 6950.53 1566.8 8929.92 
1139.25 5569.89 6730.18 4459.46 6350.56 
5782.51 9836.29 2917.32 7097.55 6744.02 
3592.47 9297.98 8071.8 4.91484 5458.95 
500.667 8612.18 2444.77 8212.62 9395.73 
9614.89 3358.93 1742.08 6507.56 845.873 
5617.07 6053.19 9612.21 2567.58 7619.99 
8542.11 3706.83 3189.86 5272.27 8166.29 
9540.43 1054.77 8002.56 2457.73 8152.31 
4746.56 6050.2 7450.28 2818.33 6055.12 
2909.22 3319 4667.28 5353.99 1531.6 
4062.99 4968.86 4890.53 5805.07 1476.4 
5736.4 1422.13 7529.59 5348.59 3989.71 
5149.56 3890.69 7696.54 8339.42 9162.96 
5862.81 7879.83 217.706 3865.35 337.542 
8370.02 8611.9 6387.75 5820.29 1430.22 
2442.85 8729.5 4749.22 7110.13 4083.47 
6280.83 1173.1 9052.34 1171.34 6978.18 
528.72 6907.74 8400.3 8058.31 2256.31 
2389.99 3207.84 6146.99 86.5158 1547.25 
5309.93 5949.32 9427.07 5527.64 9814.67 
9764.62 3897.64 8426.56 6152.34 9717.93 
9856.78 8595.19 8447.42 4605.99 5705.3 
2530.87 886.801 6878.41 1583.19 2058.14 
3856.57 2111.91 8965.87 2256.85 170.2 
1222.16 4646.84 3378.04 7369.16 4733.36 
4925.29 2679.07 682.667 4352.35 8206.71 
497.324 4116.95 2104.34 8923.88 269.273 
1822.25 8780.65 8864.47 269.648 3386.63 
4569.75 2800.52 4273.43 1448.14 4383.71 
6331.56 5304.71 6495.62 5297.42 7561.56 
6665.82 6519.58 2208.39 43.8466 3888.72 
6941.74 4969.14 6567.79 7624.41 9321.48 
4774.49 8121.74 3438.41 6878.82 7045.6 
3707.68 8701.07 5826.24 2572.13 8970.72 
9212.87 7141.88 1771.22 3486.28 8590.03 
6154.93 9817.84 3894.72 2650.54 5115.24 
1456.26 9316.36 1634.81 3664.64 9360.2 
5523.53 606.372 4329.32 2091.3 8230.78 
3650.79 6865.79 6352.5 7089.2 3744.59 
3398.09 796.865 2445.65 9224.33 3369 
1416.35 8437.17 510.866 3187.57 1923.43 
9100.89 9342.51 1741.26 2995.59 1993.03 
6856.5 4451.85 1309.36 8491.31 8116.5 
669.55 4014.82 8722.87 4998.87 6106.12 
6953.64 8649.66 2971.89 3306.12 5738.84 
6716.48 6704.21 6535.7 9162.13 5928.52 
9904.7 578.464 4365.68 415.551 3766.04 
6289.11 9516.44 3108.53 8030.37 2512.02 
5101.55 4886.85 6963.87 6410.92 3378.14 
5080.35 7080.47 7392.96 3803.21 2079.32 
3499.06 756.825 728.965 6470.95 4062.95 
6467.8 3187.42 767.139 3003.49 2349.53 
6695.66 2908.18 2927.99 1061.32 3323.73 
6694.03 7350.43 2840.16 9802.56 5380.79 
5352.18 4904.1 267.622 2316.03 1315 
3645.77 7396.39 8395.47 1038.71 1199.58 
474.774 4537.77 1956.4 1203.74 1008.71 
6019.35 7671.54 4196.12 6786.49 675.019 
6545.65 3482.13 3583.2 9473.65 4543.45 
6906.93 6167.66 1893.87 9747.08 5970.2 
7274.65 5099.24 874.284 7542.27 7415.28 
2189.28 1188.02 4811.65 584.734 2226.73 
6011.22 1059.51 6764.51 7967.63 2263.25 
7773.22 3986.96 9934.79 1969.32 773.431 
609.792 8514.98 4255.56 4192.99 7988.61 
8799.01 1099.9 4156.25 692.863 846.963 
126.436 7967.52 5946.2 1000.72 5509.77 
3361.46 3190 6697.8 8173.11 3774.74 
8924.53 4184.32 4834.24 5689.02 2151.93 
7097.49 3462.22 6138.89 7032.27 5431.55 
6912.32 7642.06 3946.51 1167.86 1835.03 
1935.1 9966.88 2934.93 6091.35 659.722 
3781.89 6217.78 8627.24 9728.09 7218.5 
4136.99 3089.54 408.489 834.774 1262.63 
4183.23 9759.31 5446.95 9017.47 5448.31 
7598.88 6114.95 8910.54 3737.75 3147.19 
4342.07 650.053 789.233 8288.58 1817.92 
2624.26 223.659 1784.78 5559.19 6315.01 
2444.5 9341.08 2532.77 1071.72 9069.15 
9751.28 5208.71 2158.68 159.747 6043.48 
3421.31 4342.97 5802.77 8868.26 3360.43 
1251.07 6467.13 9475.37 161.591 204.862 
2622.55 4503.66 854.914 3411.78 2792.22 
2672.83 6036.04 3015.88 4457.61 1595.21 
9330.89 6902.1 936.272 1863.64 7973.82 
5.40828 1614.9 3182.51 2164.08 1774.65 
9226 5585.4 6117.62 5028.75 4453.64 
9478.05 6279.82 920.752 8953.4 6441.42 
1125.61 1575.93 945.06 1980.53 4987.71 
3737.28 4653.36 1023.74 6753.16 9110.96 
2618.95 6084.04 6013.05 3555.22 7947.68 
3986.85 3560.63 9562.58 7169.37 5724.71 
1337.21 6395.35 1310.09 7454.83 1424.09 
5763.73 6932.86 7703.91 6684.48 5886.25 
4145.31 7810.1 7462.18 5090.37 9790.63 
2449.87 8827.65 4443.97 3473.6 5580.8 
3554.91 6092.55 1664.82 9567.96 9647.77 
9612.5 3554.8 3208.39 9175.06 724.152 
8933.1 512.258 7119.5 243.173 7967.09 
8543.59 6006.91 4899.94 6247.48 2691.37 
786.167 392.776 501.455 8248.34 5483.15 
292.064 698.196 4310.78 4736.03 4171.8 
9891.58 8290.95 264.336 1556.38 7858.89 
9912.11 1168.87 1413.68 3120.48 343.912 
2137.83 2053.56 856.171 9257.33 2296.73 
8823.26 7800.9 8303.64 3723.18 4048.37 
994.995 4509.35 4441.14 1496.45 2757.68 
9924.29 1788.51 3455.87 4235.05 6524.54 
7627.67 4126.62 4815.47 7892.01 5683 
2674.35 7804.1 6851.87 4088.02 924.562 
7195.78 6225.85 2978.12 8051.95 5483.17 
5274.85 6875.2 3284.05 3578.47 598.365 
7332.42 4573.47 5107.71 1773.54 6069.92 
7865.39 1697.81 7858.43 1321.25 5932.86 
4382.96 8948.92 59.4659 9198.43 6840.91 
5742.47 1872.77 4644.99 2594.32 5960.79 
5569.55 9790.11 2186.63 8547.67 7842.04 
7669.79 3822.51 4717.22 953.824 7400.99 
5315.59 8286.24 1974.44 423.286 59.7619 
8044.36 8288.68 1757.57 5902.78 9609.92 
7690.44 285.722 8558.82 7749.9 9484.16 
5399.71 3492.35 1356.9 44.6901 6086.68 
7317.69 5614.24 5876.77 9504.32 4161.9 
3718.79 7174.09 7984.41 8436.01 8127.92 
5385.38 3751.58 6414.14 7359.82 4174.87 
6473.9 5404.16 2463.53 8231.47 1306.92 
2073.44 5921.89 1592.65 632.241 3671.78 
1076.79 6031.96 7164.14 2433.69 6076.65 
3250.8 9751.38 1690.87 9127.56 9255.69 
5852.77 2846.33 6429.76 3837.17 1282.33 
4557.67 9222.55 5033.91 971.789 6582.36 
9208.78 7445.69 1986.51 1672.29 5677.15 
3293.43 3745.73 1599.03 4886.08 4377.97 
5270.81 5962.86 409.91 2434.92 8396.55 
6486.56 5685.72 8147.92 8177.43 4813.26 
7403.59 4030.19 7659.6 3833.34 7867.36 
8941.93 8391.01 7089.89 3975.82 9362.79 
3672.23 3184.59 6808.47 5658.74 4856.88 
2485.6 8952.17 8602.61 4084.63 3838.23 
2980.57 9355.43 9801.09 3390.48 1790.34 
8197.63 9877.03 7476.06 6345.54 8054.44 
2289.31 3749.11 2084.61 9948.9 7582.45 
9951.97 8890.81 5973.44 7041.85 2866.62 
5336.22 714.064 6051.21 2144.67 6372.8 
908.075 4630.27 5324.95 9510.69 8714.9 
9163.18 2491.24 8070.31 8964.26 5881.71 
9860.65 7161.87 5758.73 7336.69 3507.39 
3813.16 9626 7256.5 5897.77 9574.88 
4838.93 5849.73 8465.68 812.357 2891.56 
1332.28 6148.58 3605.62 7383.49 8293.25 
9978.42 8291.57 2923.5 5303.36 7802.24 
1638.38 4466.52 293.46 9708.69 3430.76 
6175.17 9569.33 592.618 1933.89 6906 
4100.01 5747.04 6531.98 1356.49 1644.8 
6106.85 6195.42 7494.52 4572.52 7007.78 
386.061 5904.8 3156.34 3991.68 3288.27 
1449.57 3970.08 1579.83 4373.07 9273.44 
9382.06 6011.45 3739.95 9675.52 5720.12 
7170.71 5850.68 5289.43 7763.33 7784.57 
2195.42 1863.32 3531.6 8727.4 3219.81 
5176.39 4834.23 9415.23 2670.9 9406.75 
6423 3056.96 5311.53 9579.34 7048.64 
8599.81 1028.89 1018.71 179.615 5401.96 
292.133 9561.68 1413.39 4032.08 9237.19 
7133.51 1202.78 5087.85 2422.93 8966.11 
2872.4 4618.34 829.411 6404 3345.73 
4049.22 1580.37 8179.96 3464.44 4251.27 
7586.69 9887.43 7308.23 2898.21 9466.76 
4356.86 1497.99 495.627 5375.57 1677.61 
5897.58 5667.7 1239.27 7310.97 9699.78 
476.443 4444.46 902.541 5564.29 6867.39 
9868.65 8436.7 1485.71 698.042 4840.68 
4831.44 4747.26 6421.05 3011.38 8211.7 
672.311 598.058 8099.12 7980.55 3496.26 
7565.86 2337.39 4994.26 8061.48 7712.95 
6671.87 3959.05 3380.64 7911.14 1270.01 
3080.4 8387.58 5714.47 3982.94 3951.86 
2581.84 3851.57 2388.54 4067.56 4549.62 
7229.22 8899 9296.88 3650.26 1910.36 
7508.56 4322.57 2508.42 5607.67 2303.1 
6004.69 3173.51 4640.48 998.927 1234.98 
2353.42 7670.79 5194.03 5734.06 5581.92 
6464.03 8814.46 3969.48 2178.49 2797.39 
7921.34 4760.33 6648.96 309.868 8827.89 
1198.56 7539.09 7726.87 495.424 1189.33 
9637.23 8003.99 5511.9 2145.64 3611.64 
7815 8150.32 6785.15 2455.46 9149.25 
8020.12 4808.89 6820.03 3214.13 542.929 
2401.93 9678.16 9357.39 6371.41 1856.63 
2154.76 4292.74 6616.96 8803.72 4602.6 
5444.83 2.26453 2141.68 3171.68 497.689 
3331.01 2808.9 8501.68 8842.91 4954.54 
2113.3 6657.89 3104.84 8898.44 9113.35 
2254.07 6918.55 3922.22 9074.1 132.663 
4465.15 1476.01 9810.83 3822.52 7847.42 
1667.44 5977.28 2140.14 8284.4 4780.99 
6742.75 3729.22 4783.25 8884.42 6900.9 
5280.94 2215.41 9709.8 3782.6 1058.3 
4664.32 5895.9 7716.19 7769.16 4794.33 
6829.52 23.2153 1712.86 751.723 9097.32 
1845.52 5216.87 573.31 1656.33 9039.4 
8420.73 3323.77 5016.66 560.856 1608.16 
9797.65 7303.6 5337.38 4580.88 6188.01 
2238.26 9861.82 8403.42 1948.04 3644.4 
9461.72 6612.36 9540.3 7177.89 4381.5 
4334.61 4007.39 4404.71 6047.46 4759.12 
3502.01 7892.98 9975.99 4075.32 9549.31 
9015.37 2496.04 2873.07 4032.01 3056.89 
4481.23 3829.64 360.479 9818.6 8410.52 
6548.49 2056.84 8272.32 4951.89 4004.88 
1916.7 4413.59 617.222 1456.98 1591.47 
4998.72 5791.59 5598.86 9403.43 1839.04 
357.959 2905.43 9732.02 333.932 6980.75 
9281.32 9349.3 9476.79 2154.37 3381.29 
2533.66 6635.6 7210.93 2894.14 6454.18 
5621.43 9442.63 8511.03 3893.73 4394.5 
2515.89 5810.44 8808.1 3133.12 7267.42 
399.546 8131.83 3058.99 5998.41 7535.25 
4898.03 6356.37 440.661 4630.04 6690.3 
7421.41 3911.34 6039.58 6898.18 6065.72 
9420.87 9431.85 2701.3 6631.79 2325.97 
9155.48 2253.2 1768.59 7666.49 6146.94 
6163.09 182.369 1957.36 4971.17 3315.48 
9224.78 5370.71 1447.3 2283.75 1369.1 
8982.55 7181.79 7725.47 9423.21 1811.81 
4415.75 6844.61 5723.15 455.307 3742.77 
1788.85 9876.18 3174.6 4490.15 6507.95 
5500.57 3645.61 8761.15 7269.16 1312.09 
4908.06 3432.23 1494.46 6865.42 8403.4 
4809.94 6090.18 3774.09 6257.25 8373.93 
5143.19 5239.78 5555.7 2868.64 4662.98 
7367.51 7284.39 1507.57 3090.65 7739.69 
5250.34 4879.5 7615.86 8424.94 9369.65 
4123.78 3925.5 3015.25 2884.91 1194.64 
4327.34 7792.98 4626.87 5821.8 4658.38 
3030.25 631.726 748.543 6804.34 6888.97 
9122.48 1947.51 2128.74 4678.16 4816.15 
6791.72 2045.66 2100.53 8299.28 5136.31 
9840.22 3549.61 15.7919 7456.06 1974.53 
9385.44 1579.83 5900.03 2400.67 4464.74 
7094.67 6728.01 2257.7 1721.52 2549.79 
6916.08 4751.77 3181.52 7664.63 1556.09 
70.4744 6787.09 3503.6 2199.21 1465.23 
8319.75 8990.93 3510.89 420.264 7290.19 
8647.2 260.467 839.782 8662.99 7716.53 
2814.31 8048.42 9296.35 8714.34 449.072 
3761.08 5808.99 7177.08 6018.78 7530.51 
9726.88 2934.85 2282.26 2908.38 599.456 
3838.34 2978.85 7386.54 7341.94 5178.06 
8851.78 5661.68 4168.97 2362.65 6081.94 
1459.15 1009.83 6342.41 2298.93 9672.83 
4058.92 5113.24 7721.23 3355.26 3827.57 
8170.3 7116.33 9636.56 5347.37 3135.1 
7167.05 5074.22 6069.94 9449.3 7982.6 
6669.4 3287.63 961.435 4055.92 629.551 
6139.5 2907.68 6291.23 308.453 5270.33 
2373.16 1767.6 6280.17 8715.57 4066.53 
5952.98 2774.47 9179.78 3674.19 6129.73 
3007.33 1844.47 3246.04 2643.86 7191.84 
6381.14 9810.91 2266.05 2451.06 9260.19 
248.632 9120.46 2547.8 1210.07 3176.37 
3177.35 7349.56 6084.05 9468.58 7658.02 
1354.37 1841.73 9425.62 7634.54 557.276 
3492.14 3587.5 3331.75 2671.9 7261.69 
9461.47 5679.22 9106.16 2707.5 8323.09 
6297.99 9088.64 8133.98 8564.04 1539.68 
7394.16 8812.67 660.131 9941.96 22.7169 
3836.5 3119.3 7372.28 9920.55 2587.86 
5030.28 1274.9 4429.59 4455.88 8909.44 
4986.87 7948.02 2496.92 8318.61 619.9 
9758.61 7780.07 6299.12 8864.76 487.551 
4622.19 5162.73 9576.19 2756.15 3726.74 
1115.86 150.294 2539.39 1775.99 92.2364 
2562.11 5612.49 3211.53 9934.39 5533.02 
5799.4 4964.66 6807.93 228.968 9420.54 
5717.35 5215.83 7368.54 8214.27 3534.43 
7988.44 7972.87 1314.48 4287.55 6837.61 
1802.03 8909.74 2000.32 1378.2 1665.88 
5727.06 2494.06 1816.17 8266.45 4270.05 
1908.41 828.548 9882.54 5119.94 762.923 
5415.54 919.32 5727.58 2223.46 1148.29 
5148.1 7940.81 6364.12 2516.63 6155.07 
9898.55 505.06 4127.92 1213.02 4792.61 
965.508 3015.05 3702.33 2965.82 4393.25 
5368.21 8692.88 6887.31 7184.38 6959.32 
1157.34 9092.79 7787.87 1039.86 4212.72 
8550.79 6455.41 5132.04 4278.35 8678.86 
6280.33 9426.46 6619.66 2644.43 1943.07 
2774.71 2542.97 2448.13 6902.62 3755.98 
7240.74 7868.13 6771.03 943.061 833.941 
1164.26 6311.27 9526.83 8051.58 3495.64 
6486.13 9208.92 2588.41 4273.98 248.766 
6801.13 2824.76 6704.17 1933.15 7103.11 
5383.02 8213.47 6529.55 2002.66 857.888 
8472.63 4777.37 3400.85 920.744 1679.98 
7156.83 8161.49 9548.11 3927.85 9104.55 
382.032 5092.11 5415.8 9908.86 3143.67 
8911.44 6394.97 2352.57 1499.84 668.936 
2601.34 8300.97 3493.69 9305.51 234.104 
596.789 4688.51 8447.58 7126.34 6691.17 
9305.47 5598.95 1468.53 2706.3 6519.7 
3148.5 9863.14 4681.17 2696.59 3790.97 
3785.7 3078.62 8883.08 9201.5 2987.46 
2026.73 8112.93 9382.43 4379.29 9612.77 
51.3527 6980.63 7913.73 3545.05 6286.12 
8147.83 4141.83 974.618 6595.39 1268.16 
7665.79 5900.84 6867.11 9134.32 8607.15 
3386.79 2282.8 8470.27 8067.96 4979.39 
2261.22 1853.64 8058.02 1144.28 1055.13 
1045.46 3171 9168.06 427.881 7550.3 
8780.82 479.234 4530.91 6694.53 4024.28 
817.014 4842.34 8166.11 1791.63 1437.72 
9434.28 9457.42 7338.56 6301.37 8591.73 
5945.69 9688.16 874.512 4415.94 7756.11 
5853.91 6677.16 9609.75 3911.91 7821.44 
664.863 4957.37 992.424 9832.92 5385.25 
8542.72 8613.72 5864.48 3073.61 5308.23 
9888.76 3890.63 150.557 8054.86 5682.26 
1588.27 7489.12 5139.67 8926.83 3790.47 
3731.38 4872.51 3478.62 4605.89 9288.45 
1234.71 459.776 5965.6 844.442 4371.68 
3787.02 1509.31 9329.05 4779.44 1342.21 
4714.29 3322.15 9955.94 578.752 6395.76 
5264.15 467.5 286.367 5414.71 8522.36 
5968.62 7002.98 6011.46 1108.27 5929.8 
9801.94 4839.65 802.294 3280.54 9445.54 
90.7299 4515.25 9905.31 6056.33 5359.69 
4276.98 9843.35 6869 3606.01 4622.77 
8211.21 8320.3 7944.92 8167.13 8899.05 
4340.66 3431.27 9366.55 4627.03 8845.98 
7888.89 595.637 5848.94 3900.34 1703.91 
1778.73 3702.26 6543.56 2581.02 6982.8 
5989.08 2671.75 1498.03 5894.38 8728.08 
6857.72 171.335 8571.41 3726.7 3777.35 
3194.17 1937.89 2097.63 1139.07 105.004 
996.658 5479.73 3536.27 363.19 106.744 
2382.23 8252.08 702.381 8231.17 2152.41 
2406.29 9.88613 5854.66 8949.85 2590.91 
2837.45 4938.91 5262.66 4335.47 833.272 
3990.73 1193.18 1004.61 2562.12 4919.87 
4781.95 5756.29 6857.77 6879.58 6895.36 
6962.77 7876.24 2375.07 499.022 8239.43 
2481.82 2881.25 6491.49 3184.2 1112.41 
8643.9 5590.49 1122.29 4498.55 4540.33 
3713.2 7335.99 9479.24 8975.87 1671.45 
312.495 2966.58 2864.62 1317.1 5528.7 
7784.5 6099.06 1284.97 4642.25 2978.62 
8180.33 1605 854.842 555.391 2104.02 
9094.27 3037.21 4985.27 5585.75 6221.41 
6097.68 4229.63 1811.88 7219.97 8728.18 
6352.21 933.161 6064.15 5831.43 9909.03 
7735.6 6143.92 2875.59 600.212 7461.03 
8404.29 8384.71 3560.07 9689.26 3026.94 
6538.69 7869.58 4631.94 7393.53 8424.97 
6735.96 6487.78 1462.16 1721.22 2073.51 
7683.57 7818.9 6303.14 9495.45 5038.85 
5031.31 5847.64 5972.01 1095.44 1679.06 
5881.02 8831.05 7822.98 8756.62 9431.26 
5283.99 7160.89 7815.95 8844.06 6850.14 
842.875 5382.72 4719.7 5474.81 2776.23 
3144.65 2210.76 9264.01 4606.82 3931.97 
1337.51 2290.37 1750.85 7640.65 1785.81 
6789.7 2671.94 7633.45 2761.7 3767.38 
9312.51 8642.72 2598.41 7135.47 7399.32 
2029.65 2419.44 4560.19 9845.6 1263.48 
1410.31 688.462 6646.21 6130.01 6163.28 
9422.44 9274.67 8374.04 8686.44 3881.46 
2305.99 23.9303 6171.83 4056.84 7664.58 
7957.64 846.53 336.505 5591.07 3608.23 
4103.89 4903.56 2250.94 6702.3 2039.02 
9650.26 8731.95 4458.46 4210.44 8577.54 
5721.95 5620.75 9266 2368.14 1750.75 
5429.26 1790.56 1025.4 3803.28 476.984 
4906.86 6109.27 500.915 1078.68 166.096 
8165.5 9036.32 1012.63 8502 4627.37 
4620.86 2605.87 9530.94 6871.79 9308.17 
1569.94 6522.04 8040.1 6028.4 732.459 
6617.62 1750.34 6353.21 5883.61 4118.47 
8103.96 1312.85 5909.04 9129.36 5116.12 
6386.02 4036.2 1225.38 6886.94 5114.87 
1391.47 5052.42 4151.17 2404.1 3554.4 
8778.55 7024.95 6160.27 8309.47 3896.73 
5468.43 9879.41 418.751 3508.52 5907.8 
1151.21 126.124 7658.13 7504.42 6009.73 
1776.59 5608.36 7322.58 7685.63 4737.7 
2438.69 4071.63 8773.9 3664.06 958.55 
3888.76 5055.54 6010.97 8039.93 7459.63 
9565.37 6818.46 4484.57 5725.62 5127.91 
8381.3 1194.03 5007.3 8800.05 4702.55 
915.08 9951.26 4828.67 8573.21 7455.67 
838.388 349.784 3064.01 8160.97 8035.41 
7801.71 599.635 2107.02 6575.6 4263.7 
3065.57 464.338 9319.23 9076.54 8504.27 
6778.85 8641.89 5322.71 1263.4 4367.5 
450.605 9644.7 5561.53 5457.91 8444.74 
264.065 6372.99 8395.98 5092.74 4946.18 
5851.63 5931.13 5295.97 8915.65 4092.08 
3331.36 6717.34 4691.71 5438.38 3292.92 
8955.41 8503.96 3757.26 8274.62 7580.48 
2261.51 5053.46 6222.36 7584.22 6316.86 
589.836 8034.83 5961.54 6151.37 3492.72 
4406.27 6415.43 9865.7 2802.23 1508.16 
4811.87 8653.86 7439.28 107.818 7569.49 
1531.34 3439.18 4286.82 6223.05 8877.56 
7579.74 5178.45 7381.5 1336.98 3453.05 
4961.97 3598.5 8506.51 1184.31 1182.7 
4823.35 1774.14 9217.53 784.877 7925.51 
2710.23 5191.14 4340.92 2575.92 7993.37 
5849.08 7387.79 6647.22 3288.35 7495.6 
4216.7 4819.69 934.765 8503.52 1042.73 
9812.33 6083.24 6221.17 7193.81 7420.22 
9674.23 2155.76 1018.7 8180.72 3340.07 
2201.4 3004.05 5114.21 1418.92 3788.93 
3039.7 4129.15 8980.07 7380.63 6705.06 
6973.43 3229.69 4092.83 3620.63 6518.04 
1588.42 7837.33 1337.71 2523.19 6340.83 
2380.44 2335.5 2424.05 8601.61 9529.31 
9844.27 8275.82 1685.05 862.958 6456.52 
5025.12 3064.36 9460.58 139.316 4483.28 
3249.49 3179.02 8612.42 2229.55 559.631 
5317.47 9202.98 3789.32 9410.3 2823.59 
307.343 998.711 660.908 1645.05 3521.9 
7001.74 4025.49 5857.39 9425.79 2627.08 
5386.69 9270.05 902.885 7071.74 132.987 
7359.41 2096.84 3197.35 6819.97 2236.16 
7680.62 69.444 5415.18 6293.03 2298.99 
5974.81 1610.48 1501.95 9764.13 1020.77 
4325.54 71.4574 2019.48 4986.45 1716.51 
5541.38 1988.17 5742 1398.76 1413.95 
8369.08 6785.44 683.974 9271.96 3857.16 
816.961 6631.36 5954.01 4014.31 3451.31 
8190.17 1694.91 3520.75 3605.33 7987.94 
5819.74 9580.14 9598.42 7321.69 9344.25 
619.173 1647.22 9415.71 2638.65 6633.67 
1132.2 8180.03 8621.85 6874.2 9578.79 
35.7755 5243.26 6364.21 719.75 4515.21 
221.357 1536.71 1146.55 6175.36 5551.02 
4597.86 4365.51 7245.93 8118.61 7970.84 
5233.85 3938.34 7550.96 4832.26 1260.02 
6895.19 5451.43 2907.24 6310.88 8090.09 
9540.92 7443.08 6270.1 8162.75 4317.26 
5848.87 8198.52 9560.53 2213.06 8918.27 
4075.72 2434.42 454.965 5222.27 8609.79 
6005.98 9820.13 2975.28 3251.9 7938.73 
946.1 8485.75 1877.05 8497.06 3318 
3137.07 5392.23 8769.43 6044.31 1703.1 
6859.5 5585.21 9146.18 3129.58 3747.94 
3463.43 8978.45 1946.44 3023.94 1191.5 
864.697 7099.66 3625.92 1319.66 2321.91 
2235.69 7325.65 2142.03 5210.97 577.525 
80.7361 6157.07 9063.28 1957.79 4654.11 
2381.26 5094.86 46.3213 1150.67 1139.15 
1749.42 8010.17 6724.36 895.579 1139.73 
472.285 4359 118.161 2418.73 7382.94 
1309.66 3283.43 4482.58 4935.58 4603.09 
6804.49 7171.26 1928.72 8946.52 2382.21 
2506.24 9027.25 8539.28 1569.5 985.025 
3193.37 3950.76 6079.88 3239.69 5101.43 
7219.04 4989.11 3111.58 3943.38 5884.69 
4251.3 4415.67 243.674 4369.47 6834.39 
7626.62 5679.12 117.803 2109.18 614.683 
4720.89 8913.67 7785.95 6649.61 7860.17 
168.142 9155.85 6887.41 8707.42 725.332 
7872.44 1900.77 4676.09 3952.3 5140.46 
9777.52 1171.32 129.552 2889.08 5114.7 
6014.24 7140.38 9530.37 6257.91 1509.83 
6364.75 3884.51 7188.95 6482.55 5993.69 
7803.64 1203.43 4907.34 5589.57 7853.03 
2767.5 5757.71 7008.86 9654.91 4465.11 
7734.19 7527.33 6365.88 2410.27 1479.62 
1506.33 2187.77 2650.94 1635.88 5076.84 
7765.65 7650.12 2217.21 7296 3908.01 
3727.03 3660.73 7792.52 915.97 143.267 
3786.19 8719.61 1346.69 8693.54 4309.15 
9199.72 1461.02 66.8442 6208.57 1115.92 
4531.96 3942.74 8643.25 897.821 6353.01 
122.855 2404.15 8540.78 2773.8 4040.03 
3617.6 539.427 1690.13 5834.81 7835.43 
5598.14 9561.84 1496.14 3390.65 477.796 
1639.41 7176.84 9197.4 2986.1 5870.36 
3506.54 2185.81 7331.38 3573.38 8394.38 
8447.3 8105.34 2337.1 7090.54 9003.16 
8690.11 7213.39 1407.29 7230.87 9987.19 
5447.32 848.46 526.599 7137.45 6683.27 
8362.03 2735.58 6245.1 9858.17 6126.23 
6722.89 1497.56 3303.05 5920.28 4483.67 
9173.41 9426.81 6669.48 6504.78 3000.18 
5063.84 4952.06 1105.5 7400.94 2042.59 
108.643 6091.04 9255.98 1515.93 3321.9 
9243.15 6963.26 4170.36 9769.75 4100.69 
853.607 8131.76 6836.27 7098.7 7989.91 
2962.48 3821.58 9487.48 6265.53 9741.85 
3971.13 5438.93 9168.65 640.585 1943.69 
2168.81 5704.42 6895.75 3274.31 3105.35 
8938.34 3382.96 9196.39 8194.3 4898.89 
2518.27 7437.43 1862.13 6688.62 7207.17 
5962.82 7542.23 5338.91 2799.07 4640.91 
3328.81 5761.55 8462.49 2816.27 2027.07 
8204.32 6787.39 7465.99 7372.96 7427.98 
9409.68 9541.77 3132.38 6305.42 2816.06 
6237.73 5243.74 6199.02 5434.1 3438.02 
1097.89 7952.36 875.437 2960.02 4640.97 
8082.6 8922.84 2183.18 3421.5 1721.9 
6824.09 6750.3 7483.46 5286.56 9566.57 
9510.52 3490.87 6353.94 6976.5 863.81 
3781.9 6386.16 405.562 6914.28 2691.56 
3221.63 3152 7935.3 9420.65 8586.1 
1373.3 518.524 6538.44 2248.74 3478.55 
1179.39 331.322 2401.38 3362.57 3752.82 
4123.28 186.643 503.104 1606.72 5473.21 
69.6552 1117.22 8964.08 6423.6 8093.72 
9827.89 205.483 4479.86 233.432 7119.77 
7171.42 3455.06 271.747 5106.7 2875.69 
8857.84 6480 3394.21 5396.27 8728.73 
6872.76 6575.66 9060.06 9274.13 9938.23 
2812.86 3397.39 124.853 3315.96 5004.11 
5598.06 3385.62 6121.33 4562.12 9809.21 
4215.03 4389.99 14.6806 8694.89 4623.42 
7134.45 5866.3 8078.48 7406.19 972.979 
954.149 6264.02 7452.98 4348.36 1660.27 
6181.69 1221.1 8235.93 5241.73 495.217 
8174.14 8054.59 3892.61 8298.99 1370.54 
8896.72 3897.03 4756.15 5018.03 8459.15 
4565.35 9233.07 2849.12 4580.03 7927.94 
7472.54 1714.46 3794.22 5551 9120.66 
4767.2 6505.15 5384.66 2220.16 853.496 
7044.93 8401.86 2074.6 5280.84 3643.57 
2569.81 3454.96 1698.14 6462.43 1753.93 
3068.68 5359.13 5650.97 7824.83 377.146 
4110.1 2390.17 9610.21 6959.22 6970.2 
7538.14 4431.75 8684.66 1332.34 9982.75 
7805.3 6099.55 6487.89 3189.94 8319.71 
7341.39 234.855 6721.55 9415.98 5515.7 
365.101 1985.78 8970.66 2063.25 8448.21 
724.574 5131.92 3807.32 6375.54 2956.74 
4184.47 485.623 5346.9 3794.66 7444.85 
2317.08 1332.78 1876.58 1001.72 2665.13 
1859.32 8807.02 8764.67 8347.21 1996.95 
7084.37 5688.58 2231.8 3805.9 5104.55 
7747.5 4171 7090.33 6718.14 6234.24 
5538.52 7442.71 1366.15 9345.84 3818.23 
4322.89 3530.29 4303.86 9669.79 7324.95 
1748.69 1986.86 8657.73 3625.27 2988.59 
1322.84 5484.58 1795.59 87.5014 3831.77 
3792.54 7171.87 9520.35 6024.34 977.748 
4624.88 3771.82 5148.75 1715.19 489.94 
1382.97 7253.71 7932.65 2749.12 6599.53 
1750.87 7072.01 129.799 6054.72 6741.79 
7454.75 7803.41 8728.65 6112.46 1428.66 
1717.22 7435.31 6913.24 3512.81 7522.81 
744.996 7305.35 4694.66 265.331 3329.67 
5672.41 4890.21 7101.49 821.134 6605.4 
7591.43 2204.11 3859.09 5524.07 4953.23 
458.606 7274.93 2025.22 588.405 3329.64 
8767.01 8043.15 1133.03 7495.65 4155.6 
2561.69 9212.87 1590.89 9474.93 2725.66 
9113.69 219.907 30.996 3808.33 485.237 
3360.67 9480.74 5375.45 462.149 301.858 
1980.83 8053.58 2505.96 5839.93 3577.63 
7459.19 6298.53 852.551 9484.41 6886.94 
4182.19 8251.41 4930.07 5315.22 5747.04 
9085.67 7876.91 4959.89 676.54 7351.82 
7685.55 9790.23 7571.73 7716.54 3598.55 
8056.96 1077.2 3079.27 3432.4 1539.35 
3381.13 5413.23 9592.93 5887.1 1253.14 
3170.55 3346.27 7551.67 4023.1 2830.67 
4438.59 8205.29 1082.06 9368.67 3520.49 
6829.09 8454.32 1397.39 1788.96 9130.86 
8749.21 9474.51 8921.08 6320.92 7191.04 
2519.61 4377.86 8268.24 5598.88 7810.26 
9807.58 8980.02 3223.47 9400.5 4867.09 
4476.61 2571.03 8213.36 2028.27 6594.12 
1044.01 6466.86 4799.39 2126.07 5835.51 
8319.89 8955.16 4289.82 9717.27 744.108 
3420.66 8466.46 218.602 2341.72 4787.36 
7409.64 4861.34 9165.22 5677.86 460.203 
6975.46 5485.43 9440.22 198.915 4885.9 
4307.3 4675.53 7456.93 2520.64 6703.79 
4051.04 3564.66 3170.64 8850.43 5690.72 
9006.15 7170.3 4645.87 3295.95 6887.55 
5389.98 6716.62 5354 5608.58 9058.34 
141.337 3018.2 3919.66 9306.56 8696.06 
4379.86 6282 4181.47 3820.07 6480.92 
9067.38 8127.36 1156.43 6524.29 647.991 
7860.22 575.307 4212.65 1030.84 9425.74 
9903.37 36.9781 6596.02 4549.22 3332.93 
3483.55 9939.2 49.5337 8837.55 5547.76 
9107.88 8978.89 8565.96 3027.52 8285.43 
7262 7407.38 4567.41 1443.46 1227.44 
1048.31 510.817 9354.8 2204.74 7035.1 
2.77412 64.9417 7610.41 4215.42 1095.78 
7036.13 4118.77 1132.76 3632.13 8668 
4465.69 7115.68 8607.18 4515.23 5953.22 
4154.92 3623.09 4932.09 2720.86 6650.61 
3217.5 9982.87 4057.98 7784.91 1426.31 
5285.41 8833.22 1937.12 4640.19 1037.94 
8972.23 4642.97 1102.88 6582.62 8858.39 
2198.67 3618.73 2977.15 3331.43 7250.87 
1645.12 7797.12 4366.53 252.284 2312.34 
319.733 4407.2 5935.42 5251.82 7128.06 
2586.01 8469.32 7110.91 6643.99 6254.21 
8537.22 1929.38 5087.41 474.323 6569.58 
6125.35 9446.55 1212.53 7228.24 6029.16 
70.8999 9426.91 9647.89 3048.05 2758.32 
6898.74 4693.17 555.426 1265.26 4945.45 
2867.76 1584.99 9352.66 8803.19 6836.81 
6480.7 1389.18 5306.11 3591.59 8033.17 
1560.3 2128.79 9962.56 6647.71 2603.12 
6532.12 2773.04 2049.65 7744.65 1.26213 
8078.81 7815.55 9428.17 7726.68 863.575 
2186.47 4625.4 5556.75 2741.89 5890.66 
502.183 5609.65 7475.64 9854.84 4412.82 
4312.43 6335.52 5802.01 9618.54 9927.12 
3835.16 1178.82 2055.9 3797.7 7826.52 
4659.01 329.804 599.55 6708.66 8074.45 
600.812 4787.45 5889.98 28.962 2514.11 
6753.56 2215.43 7139.52 2310.28 4957.32 
3030.16 2812.47 566.961 505.783 2667.29 
4979.78 4818.22 9002.81 781.774 4436.74 
8929.91 4616.94 5615.56 985.791 8414.64 
3442.07 5644.8 8744.44 4041.62 2353.45 
6818.88 4642.43 7140.9 2708.84 4671.39 
9655.01 9462.4 6886.82 6794.51 1772.66 
1844.13 9824.67 4585.13 2411.09 330.434 
7252.42 7390.87 5148.65 6255.21 8172.64 
9585.39 5185.11 2789.56 5200.93 6170.9 
1204.19 8643 1815.68 9948.63 2684.6 
4169.13 6767.49 7327.02 1310.02 9476.33 
1998.4 965.013 8938.71 8885.22 7759.53 
711.354 729.324 7584.18 5296.48 3140.41 
7914.61 2548.88 531.263 3063.25 8804.09 
8703.91 2648.62 3989.18 1493.45 7849.55 
160.06 2697.64 6492.53 1975.74 2646.25 
9177.13 6144.87 9413.74 6504.14 7454.89 
8890.05 8502.53 8419.9 7828.75 7387.73 
6179.41 8540.1 8117.06 3763.57 3836.57 
1257.45 1678.17 6385.45 1788.71 4741.42 
5189.52 492.604 7390.04 9178.7 1986.06 
5239.57 9338.76 4683.7 1732.09 1314.49 
7329.95 909.204 7459.36 6743.67 7413.34 
4914.23 5633.71 5915.86 3334.12 3462.44 
3303.58 9513.53 2002.52 1420.62 3277.09 
5839.09 2678.07 4955.26 2224.52 4466.78 
9696.67 7414.04 4959.39 7086.69 6592.72 
6945.44 2326.25 5931.47 1629.12 4058.34 
7245.96 8959.07 4967.55 4705.3 5702.72 
2380.87 9619.54 1336.42 8296.73 2953.64 
4798.86 1600.29 2467.16 6801.38 3020.9 
5744.24 2640.45 5698.97 699.485 4864.97 
165.736 396.143 2278.99 5125.12 7482.84 
8871.72 2070.55 9809.09 4803.17 3699.67 
3867.41 2049.11 2658.72 8834.96 6754.41 
8361.45 1215.81 6373.93 9697.87 9512.54 
9327.57 4496.71 1112.81 1794.71 1298.07 
4133.72 7538.95 3938.52 9832.69 8238.44 
8803.49 9998.42 8634.58 1082.46 5123.53 
6117.4 9954.18 7194.08 5926.48 4757.33 
893.732 9793.89 6806.44 3552.46 8628.83 
3560.84 1913.89 9844.64 9934.77 1611.74 
9357.17 9262.32 6108.44 469.965 1057.02 
7406.51 4603.68 8595.97 1345.01 4436.35 
6834.39 148.481 4434.76 5468.96 1230.94 
9558.29 1586.34 1185.1 6752.35 7512.82 
5942.44 7646.08 7306.69 2748.86 1198.52 
5935.5 6309.69 3112.41 5780.13 6244.44 
4724.15 5137.28 5506.75 832.574 5607.25 
6563.76 8239.08 210.914 5159.72 9584.09 
4647.27 1994.09 9732.57 9082.03 7463.05 
963.501 8640.31 9049.39 2148.61 5392.64 
6562.19 8091.04 3038.71 3868.87 839.883 
4237.23 9804.37 7149.58 7349.65 5584.48 
3394 2073.78 721.75 8900.75 2906.35 
6329 5464.5 1145.42 6539.91 624.198 
729.493 1187.16 2618.29 462.051 269.177 
81.3207 1425.55 8909.48 9130.71 3574.16 
4302.11 5692.89 1665.18 7340.82 9561.76 
2505.06 1578.03 9366.11 9654.64 8927.68 
4950.58 3048.63 1001.44 5672.33 1949.36 
3907.79 2001.31 7413.86 5053.2 8541.22 
8038.06 5782.7 9728.38 656.332 6244.75 
9997.56 737.653 7670.3 8907.03 9868.37 
1244.44 3209.12 5561.24 2909.62 549.917 
5122.98 5414.68 2127.95 4489.07 5069.31 
1055.61 9439.65 8117.94 2057.05 5111.95 
67.2838 5964.83 7113.26 7481.15 1018.02 
5654.47 5519.19 6800.71 5382.83 6175.52 
3045.44 5380.38 6913.17 715.721 4287.39 
6781.52 1960.16 7496.5 2342.74 4869.78 
8046.42 7465.72 284.447 174.355 1954.77 
5353.76 1229.96 1394.4 3471.68 3287.01 
6506.36 3538.96 9251.84 3619.6 1020.09 
269.844 9274.07 6539.28 7070.56 4656.88 
2714.78 115.981 37.2427 9627.96 831.702 
4324.63 6409.47 2791.86 1821.12 8752.21 
7661.64 9867.54 6217.91 7946.09 41.8769 
8172.69 3299.82 1271.84 9567.09 6771.5 
4558.85 6073.43 310.445 3810.68 9693.03 
1330.53 4080.52 8967.08 7869.81 1151.06 
3623.95 584.58 1267.04 3661.19 212.521 
2098.74 7985.82 6621.99 4890.6 9806.94 
5374.18 2552.23 9674.46 1592.08 498.296 
9716.33 9764.76 3798.12 988.159 9331.83 
569.605 5547.01 5405.25 880.05 9357.69 
5098.26 2210.58 3438.19 4065.32 80.3801 
4589.26 7689.27 664.96 5856.3 1350.44 
877.481 7955.04 9336.25 7499.47 2845.63 
9143.17 2873.63 5397.86 8817.61 4465.71 
5896.15 8533.93 4230.45 9694.28 9522.09 
3562.27 263.863 5069.08 8967.52 1143.91 
4426.75 4065.76 3354.5 7864.95 8131.08 
3434.88 2454.19 5820.33 4099.84 8310.49 
7170.77 4977.32 6265.51 6507 2476.77 
9111.14 5650.16 5350.4 4508.98 4467.75 
9816.11 405.119 3001.67 4046.54 99.3772 
2523.74 7608.82 363.24 7592.82 6576.32 
1507.15 2019.56 642.058 4861.65 9884.51 
8773.14 8296.53 2338.68 4593.45 2396.35 
649.148 1764.2 7373.67 6914.66 8271.2 
9850.44 6025.78 3921.34 5200.82 534.749 
8389.09 5016.91 939.868 1390.75 9063.45 
1039.25 3914.49 6672.25 1402.49 1507.29 
3248.55 2909.64 3526.85 3890.6 7771.29 
3411.34 2663.73 6067.8 5750.02 7257.17 
8464.15 6399.17 9021.37 5837.8 3313.81 
7292.55 5688.22 9339.59 1213.88 889.02 
9874.34 9602.97 5905.93 814.195 993.698 
4969.36 1853.44 4908.18 1641.59 3255.93 
6415.47 4890.13 6165.57 9942.33 8780.74 
3936.84 3353.65 1444.45 4.62456 9103.67 
8701.62 8468.78 5502.83 7722.97 4306.56 
8816.64 5015.51 9994.78 8156.22 6229.38 
883.783 8030.54 5832.34 6789.71 8844.74 
6826.03 1759.05 698.161 1734.2 3400.64 
3954.09 8149.67 8290.77 119.635 8091.98 
7071.49 4056.47 1445.62 8515.94 4061.1 
549.271 7217.54 2529.86 6052.1 4940.5 
6836.42 4868.72 9956.01 6831.18 3024.92 
6185.38 7714.96 1055.44 2017.7 4504.66 
9900.18 8843.73 6263.71 598.322 577.916 
9664.35 4552.41 8727.59 7955.1 4672.04 
6819.56 5026.58 8728.52 8265.17 3542.5 
2789.6 8814.44 760.03 5319.46 4866.52 
5700.53 2155.86 9735.24 5656.52 8987.04 
2760.14 1841.89 6701.99 3815.58 3859.58 
1206.63 3715.74 2703.3 7470.34 4314.06 
3281.21 7134.66 8866.47 2008.79 5089.75 
3538.5 8828.34 116.31 2267 7093.5 
3658.81 5056.6 5907.92 4418.84 376.042 
774.428 119.356 2531.9 509.65 5775.88 
1518.93 3269.79 7617.77 8220.92 7085.36 
1477.33 9427.54 801.086 4180.63 6897.86 
5115.15 7461.85 4032.51 3981.6 9470.63 
9122.26 7520.09 8298.96 9238.57 9787.09 
5392.44 2897.36 4843.68 1300.35 7316.2 
5219.72 2074.77 7435.56 7751.62 2584.42 
3211.42 9270.55 5854.21 829.172 7491.44 
2939.56 2306.5 6918.97 3740.64 6487.14 
3816.81 8855.79 3948.96 7849.32 2837.37 
3419.58 6971.56 357.448 1718.52 6210.11 
144.524 7110.96 9107.47 4988.2 8411.31 
6423.66 207.901 486.066 3859.2 7959.52 
3070.49 7070.63 7230.05 8924.7 7899.8 
4721.47 1864.24 206.286 1640.43 5604.88 
6693.42 5457.24 4460.66 642.369 3306.55 
7298.03 4061.95 278.094 7655.48 5780.47 
6488.21 7800 2891.42 5595.66 2788.18 
1302.71 2019.31 2996.08 1788.78 5878.51 
955.586 4859.27 2949.12 8185.63 3783.95 
848.902 2907.09 5648.19 1055.19 4547.52 
1253.06 7748.61 4.7428 5713.72 8390.98 
3311.29 3011.73 2452.91 3589.38 667.183 
8233.39 77.5738 8467.18 1124.79 5673.24 
1255.35 2427.5 7692.55 4251.43 4216.28 
3571.04 5207.02 9075.54 6520.16 3392.63 
2859.48 7369.06 6299.72 8507.67 8424.25 
847.226 9760.73 6172.85 851.969 5474.43 
4563.81 4163.26 8486.15 7016.72 7752.64 
9153.34 5250.09 7830.22 7620.5 6374.88 
3503.44 8875.85 8802.38 1195.97 3127.26 
3018.64 4767.01 8334.28 2094.16 1287.15 
1726.89 4953.64 8656.22 8026.62 3461.3 
7080.45 8873.84 3222.01 3253.28 9725.81 
8696.44 7817.09 3889.05 7182.57 4833.79 
1641.68 6335.89 83.8635 9471.9 3956.37 
6458.74 2975.32 2832.21 5261.1 4171.29 
5959.47 8279.74 8938.3 4293.73 373.885 
225.434 6020.62 5327.53 8881.65 4047.22 
8788.82 5962.09 2921.05 2010.82 9215.37 
2646.84 707.235 7032.44 6535.9 7889.81 
1866.22 8177.58 4225.68 1950.08 7649.46 
8182.06 8408.82 624.762 1014.24 3669.9 
4796.05 6973.71 1949.62 3734.33 1267.42 
2323.51 3959.76 7288.04 7651.04 2841.4 
1335.25 6439.84 8803.49 4256.29 8450.66 
8018.84 6903.14 9157.89 5051.27 3439.02 
7047.68 6917.48 1616.58 1273.35 8867.56 
9266.04 9455.4 7276.37 9890.8 469.631 
946.255 4686.83 7443.34 2895.88 8421.16 
8710.76 5219.39 2380.91 5998.79 2870.41 
5222.31 7334.03 9310.25 4025.78 1590.31 
7760.9 2044.6 8493.45 6918.77 7095.87 
1932.45 3966.44 4013.34 3549.03 5239.79 
2880.88 2815.05 4695.17 157.234 2705.83 
5164.8 1103.49 7392.67 2608.13 3999.37 
5813.81 1318.88 9218.76 8194.72 7317.66 
2089.15 3417.01 4651.68 1399.39 7442.79 
6241.99 9160.28 9487.39 4735.42 6079.03 
6583.25 6667.87 45.4559 596.564 216.876 
5285.24 3477.45 3031.93 9980.41 3634.68 
5737.76 5145.2 4738.17 3130.41 7753.33 
8737.54 8944.22 9072.2 7956.28 7138.93 
6389.85 45.4136 555.922 1041.51 1444.8 
7998.71 7283.51 605.061 7486.09 2018.91 
6684.1 4069.32 8686.78 6729.55 4665.88 
8903.65 2014.78 8143.33 1935.56 1995.17 
1777.99 7673.32 7140.37 6516.16 803.711 
4893.68 5253.69 9747.93 3965.87 3209.95 
6886.84 355.705 3255.36 7442.76 1397.22 
4700.16 5441.46 8680.73 5305.22 2927.53 
699.619 1989.3 6996.85 9386.4 8718.85 
1662.71 8290.03 733.614 9806.04 225.577 
2728.79 1584.01 7898.9 9869.16 8100.18 
8702.61 4762.83 3353.84 8450.52 8728.7 
6563.79 5337.35 9084.4 9819.16 2780.09 
481.607 4519.3 8221.55 9162.33 9824.53 
1149.07 9861.95 1813.81 8145.91 9248.33 
532.648 9808.62 7538.35 1266.26 9614.65 
7763.92 3995.05 1198.64 5662.8 3864.19 
9298.82 4365.39 8627.02 2652.64 2815.9 
7355.71 9216.44 8153.25 6440.09 9035.58 
933.325 6921.7 3554.86 9154.88 6084.02 
3379.37 303.929 5945.95 5193.18 8449.84 
5194.26 5725.83 8258.45 2732.59 6992.09 
7873.08 496.496 987.125 9071.72 6159.3 
4851.32 8370.52 524.672 3478.32 1023.15 
3340.57 834.013 239.57 1493.8 7274.11 
9275.15 2427.13 4195.79 2830 1581.99 
279.788 6209.37 1885.92 6225.74 1402.53 
335.743 1419.98 7128.37 8594.19 4152.58 
4120.44 6467.25 4649.07 5107.57 5538.96 
808.352 9958.88 3909.46 1333.02 3437.19 
4932.61 4673.6 4271.2 5172.18 6167.4 
1545.29 4447.31 8594.52 5741.08 7277.31 
176.495 6020.87 3486.66 2062.41 2246.59 
4889.19 2398.16 3666.58 2017.54 992.331 
7819.15 6137.98 7459.58 2468.21 1245.53 
2998.52 3276.56 1204.4 6907.98 4609.58 
4641.59 1840.58 9283.18 8912.8 7012.75 
5450.56 458.074 1460.05 4045.07 6199.16 
8737.36 4221.56 2220.01 2224 6283.97 
4466.6 7113.19 8682.13 8133.18 9130.74 
9674.46 5952.31 5268.7 7134.03 8420.52 
6514.24 132.533 1697.06 7718.64 7040.52 
6306.65 2360.22 8881.09 5589.81 1273 
5893.83 1040.35 1731.07 7353.88 5085.42 
7930.23 6091.22 9306.98 150.218 8315.22 
5590.93 4616.82 5428.4 4273.04 2749.98 
4559.11 3947.48 8702.29 9827.82 1081.49 
7122.8 6342.04 1214.02 8819.86 4060.66 
8254.54 5126.49 6420.88 7135.62 716.277 
7693.87 3029.43 1756.63 9424.94 383.293 
6842.04 7355.15 6474.51 6149 7505.37 
4789.71 1739.91 2122.17 218.093 6012.96 
4872.15 4777.21 9960.44 3574.43 4605.01 
1041.91 697.204 947.031 2255.94 9517.06 
5007.69 510.461 4643.53 1428.55 7646.08 
5359.81 9122.42 675.491 7116.44 8547.35 
1058.78 3958.46 5902.48 7533.3 107.445 
3407.83 2322.99 1847.36 5530 2541.09 
7860.31 402.128 7318.29 7820.74 3976.55 
1923.29 8862.65 4673.76 2870.32 1118.57 
4190.8 7878.01 1629.03 8834.33 9306.56 
9275.11 4194.13 8428.97 9950.6 1310.55 
6976.3 1009.37 5269.01 2878.76 8542.66 
5376.45 6286.59 865.639 7223.81 1816.56 
3406.73 5084.11 2218.69 725.004 2904.83 
6195.25 2648.29 1767.46 868.987 5518.61 
2886.03 5059.79 3396.6 4515.05 3894.11 
2703.15 3790.14 8088.24 1132.1 3740.72 
9398.78 8108.39 4750.09 4667.78 987.134 
3292.73 44.2142 7273.72 4158.37 7268.03 
9090.28 7565.1 2352.12 1308.96 8290.1 
5256.95 7504.21 938.377 7024.41 8373.19 
6456.99 9910.43 3432.97 9853.59 4425.47 
7327.07 2556.72 8215.61 5415.29 3688.81 
1956.32 4814.06 1797.19 6706.41 9481.84 
2784.32 9999.14 9526.05 58.0233 4157.5 
6794.06 9148.31 1722.58 9146.18 457.25 
12.6712 4403.11 7961.46 951.048 1427.5 
6334.63 7408.03 1337.92 9767.6 7261.6 
5763.38 7094.65 9818.32 3978.98 2509.93 
3507.11 5935.3 7323.99 5304.3 2641.69 
6805.81 8088.62 2640.82 6331.84 8146.65 
6798.32 3125.89 7294.94 8520.91 2272.05 
7752.19 8533.58 6675.17 5713.62 9484.62 
8102.67 2048.24 6892.64 9440.58 1815.82 
4154.23 5203.95 8910.47 3972.53 9182.93 
1420.39 7479.64 5118.21 8744.38 2783.93 
7759.9 5550.17 872.533 400.708 1882 
9019.18 7199.03 5007.89 6314.1 5719.92 
7279.94 4066.27 4253.48 3955.09 9779.89 
3738.09 2057.74 1828.12 630.712 1498.31 
3643.94 4784.94 6702.25 2554.4 8757.47 
5885.17 3974.78 6237.09 1003.36 2719.15 
9021.02 8763.27 8269.32 9893.55 9163.98 
151.303 8912.72 6362.99 5159.19 5226.8 
2082.89 2439.12 9293.07 6336.37 6394.21 
9072.94 74.4391 8451.95 901.041 705.151 
9950.26 4544.98 5490.09 6652.5 7099.37 
4247.54 2537.65 1074.14 484.618 3541.01 
3793.29 9505.64 2304.26 2062.59 9399.18 
1468.22 2213.89 8311.88 7831.2 7373.08 
3538.66 9914.09 9812.2 2831.71 6250.45 
6206.4 1904.63 6324.89 4658.33 2805.67 
7030.04 4608.57 7350.65 2520.11 1261.05 
4450 6767.65 3798.7 5524.14 7252.27 
7339.71 9317.43 6757.89 9643.97 1380 
6157.05 1112.17 3593.89 4468.91 8943.37 
966.955 8007.57 8857.45 779.14 839.256 
5107.88 6985.54 2743.89 1432.75 1643.85 
5549.56 8462.78 6252.42 2900.19 982.877 
7513.48 7350.19 7750.53 1312.16 2874.32 
5002.78 8651.87 2191.73 1760.65 8295.82 
3571.73 7917.71 9407.98 7165.62 2386.6 
8351.34 8132.58 394.148 7208.77 8911.72 
1233.4 2316.63 5897.24 3977.29 3749.38 
7541.09 9526.85 2212.15 3793.5 2427.02 
3195.02 1306.96 9777.22 945.532 2619.12 
2651.52 5948.31 1270.97 4843.26 7708.97 
9566.78 8414.99 5626.65 8974.75 5580.6 
8013.25 7326.07 3713.16 8407.4 4534.82 
2624.86 9640.8 6851.45 8522.1 3618.08 
600.81 6063.17 3144.91 2812.96 9856.67 
5571.93 6007.98 1163.61 5349.13 6953.51 
3782.73 8000.65 2901.8 5053.69 2843.89 
610.752 4620.46 1258.86 6237.41 3595.19 
6839.46 4250.64 921.237 552.603 2658.02 
5456.06 3177.47 2298.81 2307.49 1699.55 
5916.89 2908.3 7762.73 9061.79 5721.25 
7619.38 4633.71 1729.21 8782.99 9982.84 
8682.72 2565.7 7983.47 1584.51 7619.39 
827.341 2195.26 2239.83 2086.2 8432.67 
5835.02 8925.66 2683.29 6756.26 9478.27 
5341.31 2212.3 2655.72 7640.12 4519.78 
4355.27 3556.99 7428.08 2117.98 2618.77 
3149.32 9737.36 7252.47 4878.53 8520.33 
7235.29 3561.24 1086.02 5218.75 5145.75 
8705.41 6046.09 7341.01 945.229 8132.29 
5773.66 6780.25 7057.94 8456.95 3536.49 
6536.18 3798.24 5748.78 9191.9 1438.34 
268.55 3547.15 4995.33 7696.63 5665.13 
7614.1 845.931 5402.47 4866.55 5724.46 
3922.78 2101.83 9285.7 5008.8 7320.58 
4431.43 3714.2 3366.65 1772.42 4659.43 
1498.92 7546.07 1439.66 8556.85 6003 
4976.15 5093.02 9801.24 724.913 4284.9 
1239.57 993.463 7832.05 6234.9 8690.09 
3497.16 3848.98 9536.02 8899.62 8715.54 
5260.47 2822.39 817.351 4546.15 7831.19 
8137.93 8977.58 1545.37 1504.56 749.98 
6204.8 3003.48 8296.05 7644.46 1560.31 
4299.04 2620.59 6653.33 4100.27 3345.5 
938.219 5339.84 4338.96 8770.27 1574.72 
3029.04 2267.41 5423.71 2565.05 1167.02 
4139.23 7825.52 3989.41 4956.58 2371.65 
1820.59 3094.49 1349.21 3365.96 4599.05 
2099.19 9570.76 7602.52 395.233 7215.2 
9162.83 4694.27 9835.79 5816.15 8794.54 
3181.27 6754.37 4134.36 7520.24 5524.62 
5709.09 549.26 7792.03 1132.78 3114.31 
8959.05 5272 939.808 2948.45 228.562 
3311.46 4769.04 3323.05 4660.67 8135 
7922.1 6759.87 7705.74 5524.6 7155.1 
4920.93 4687.42 1849.36 4756.7 503.554 
643.885 7937.97 7257.92 4778.25 5458.19 
2782.53 487.319 6007.45 574.547 1620.09 
9121.76 9533.6 6892.1 61.5484 2482.03 
7120.66 3373.01 7251.07 443.693 8033.68 
5386.05 8365.79 4793.53 3091.77 3890.37 
1948.62 8012.7 8577.79 3797.98 2769.38 
9081.35 4441.86 707.333 6339.25 9220.11 
6165.52 9121.78 9707.43 2172.96 9696.33 
1327.51 1294.7 9229.92 8219.6 1356.25 
1711.93 5340.25 4729.25 8963 5783.94 
2762.92 4349.03 4149.71 7556.45 7440.8 
8040.09 9505.07 5453.48 6617.86 3303.03 
8222.86 5699.19 7744.89 8930.19 2038.43 
6964.98 5095.7 1160.19 6672.4 7268.65 
856.508 7999.9 8563.35 86.4064 6219.49 
9919.6 1798.34 1559.72 4648.84 761.317 
7343.66 7411.75 5110.34 1493.35 4968.19 
2551.13 9533.44 4473.24 8004.61 6151.28 
7776.27 6227.45 1850.45 5521.14 5157.62 
3888.88 2486.11 253.302 5049.07 9158.51 
7521.96 5905.58 7158.39 6085.29 5991.99 
3377.86 6004.87 7790.32 4937.58 653.69 
8551.64 2281.22 8065.44 3661.97 3774.57 
3033.62 6213.1 3307.99 7506.86 4217.69 
9459.26 5283.11 445.118 1309.7 804.24 
5602.74 5198.58 3290.35 5856.04 247.637 
2448.84 3377.98 6153.22 9607.23 9463.27 
2145.19 2985.07 5468.13 9935.51 7922.65 
6121.82 8487.14 203.85 4187.24 2149.09 
3978.42 7220.86 8362.19 7286.4 4727.7 
2579.86 6745.65 10.7974 3024.98 8055.35 
815.038 8627.72 3253.91 4105.39 4483.74 
3501.55 6554.23 7861.72 9654.77 6161.44 
7324.98 1799.94 9146.52 2793.09 1735.44 
7069.15 8914.9 222.56 7273 3102.13 
2371.65 1251.4 322.975 733.824 8537.8 
5050.68 3313.68 5283.43 5061.47 6338.66 
3338.76 5876.51 4966.36 6592.67 9981.9 
9450.1 94.2031 6536.11 7311.81 9748.97 
2697.54 4636.77 1548.89 1844.04 7429.85 
3284.33 8913.19 6344.74 3506.89 6186.17 
9446.87 5878.54 7437.56 9769.85 6612.36 
5975.35 4820.51 9926.05 1258.76 9881.98 
6264.69 4597.52 5758.48 1231.03 1190.17 
5740.36 681.114 1284.38 2276.46 7992.92 
1033.33 4974 2629.67 2582.22 6818.03 
59.5053 5866.55 5731.2 6404.25 9373.44 
1917.35 5851.1 5251.96 9354.92 5620.93 
1864.31 5330.25 441.424 1790.34 6589.01 
323.389 8055.03 1186.51 6081.87 9286.06 
2376.68 1822.21 9967.17 3661.06 4098.67 
7960.08 4694.39 9072.67 589.727 7276.61 
5890.69 649.233 3143.15 1621.87 7053.48 
2516.57 3539.23 2904.56 7768.53 2894.13 
8525.5 9632.84 8224.38 8966.92 1423.16 
4813.36 9290.31 9478.19 5999.87 5372.16 
8764.23 8376.56 7194.37 8731.38 2037.6 
1293.03 6691.44 6731.99 365.68 7281.17 
4008.59 6256.37 7930.4 7151.74 7878.24 
4983.86 9668.31 1417.45 7888.43 7436.82 
4311.58 6413.91 7069.64 2535.94 5380.81 
8492.81 7349.3 4671.1 7970.98 3349.16 
43.2422 6735.19 1725.7 7237.61 5466.56 
3763.3 8530.64 2157.98 495.275 8896.32 
9439.15 4503.86 5152.67 7369.54 1655.58 
3030.89 2353.39 1323.87 4448.35 241.798 
8760.69 8759.92 6655.71 5830.32 1295.85 
2036.5 4323.11 8645.15 6707.6 2294.07 
1994.29 6750.84 9029.26 3719.99 3988.44 
4495.8 7483.29 2519.06 6653.78 7978.56 
1415.36 6092.92 2482.41 6568.03 3462.44 
4138 9598.93 5815.83 5461.87 4047.26 
6057.63 4222.55 2807.17 2713.32 52.8504 
4103.01 4749.81 4375.96 2748.15 1457.39 
6670.03 4742.44 8208.23 5699.27 8462.43 
2196.65 195.056 5945.7 4715.71 6848.84 
3924.25 6131.08 2941.74 6406.66 2699.09 
6404.19 544.637 2298.01 2220 6006.51 
6345.26 8277.63 229.035 9152.43 990.931 
281.886 3255.43 5740.74 4657.85 6003.57 
7198.14 1327.86 745.99 5406.35 7027.13 
9208.42 7603 7222.19 5154.1 2318.7 
4071.01 9078.35 8449.77 7012.75 5484.99 
1148.85 3416.92 6029.62 3446.86 5636.92 
2036.11 9792.12 3914.54 2265.15 8944.53 
4905.47 2547.03 2199.94 646.194 7204.88 
8203.51 7844.33 8532.74 8949.5 3250.67 
5559.85 8157.9 853.653 2782.02 3311.98 
3172.35 6853.03 2390.31 1622.11 3865.76 
7875.3 2770.96 7282.69 3904.9 6217.81 
2919.59 5941.02 6009.91 6834.13 8206.16 
4954.43 1739.58 753.179 7154.37 2385.77 
7958.06 5357.86 230.085 6490.78 4307.35 
3480.75 2050.61 2465.23 4334.4 4832.63 
5777.21 7506.75 1685.64 8167.52 9128.86 
5551.4 6042.8 1899.8 2834.07 9947.71 
8117.61 5753.66 5888.71 4127.51 2587.77 
4094.85 9081.94 4327.35 4848.03 6236.29 
6713.12 2806.07 1594.13 6943.2 9296.85 
5901.48 423.938 1347.44 8366.71 4758.34 
6180.07 4143.9 2265.08 7865.71 2311.41 
1393.92 3417.1 8354.21 3293.72 6251.17 
8301.9 1411.32 2004.82 4190.59 5538.83 
4592.59 8285.44 4620.75 8919.94 3133.46 
857.02 5633.04 5939.53 2451.15 2576.23 
5236.36 8352.63 3000.16 6583.8 6719.33 
7758.51 2763.85 863.214 23.5692 629.546 
3174.62 1417.49 4046.65 1528.82 4711.22 
297.799 9830.72 6122.54 2302.61 4021.3 
1661.35 6895.2 2306.72 6282.1 5815.12 
5440.18 7139.12 1448.14 1379.69 9590.27 
4024.37 6616.05 7942.89 7024.54 3199.83 
4662.2 4783.02 5963.68 5525.41 4806.59 
6593.23 8700.04 6224.09 639.857 228.838 
935.288 937.655 59.5437 7057.82 3240.27 
4080.84 8719.17 135.455 6387.56 5001.25 
5950.58 1827.73 2140.35 7398.72 3207.42 
1730.61 1423.08 9823.47 9673.49 8447.61 
3023.28 4335.67 3230.62 8986.96 9861.09 
8037.21 5580.17 8561.1 4261.28 6220.03 
8789.94 5196.57 7157.69 8849.49 2254.38 
397.938 2930.31 973.537 533.393 9317.88 
5974.79 6483.97 1145.59 8115.14 3882.68 
4353 9845.75 5305.75 4176.45 9519.22 
3753.35 7199.73 3854.88 6983.97 6186.68 
3715.95 5021.17 1766.84 2277.04 9282.45 
7986.87 1066.96 4479.01 5144.54 9916.45 
6733.39 5542.47 2846.74 7706.93 6075.87 
2164.6 3681.7 2559.82 3310.19 1796.82 
6442.5 7663.19 1642.55 1748.23 1839.63 
1161.76 5501.58 9039.36 5016.64 2485.53 
5226.03 8732.59 7506.7 6992.86 1009.61 
6789.13 4979.71 2076.57 1268.12 124.231 
1993 8001.51 5666.7 4839.75 5708.42 
1742.55 7004.35 9390.12 4302.37 314.521 
1186.92 744.851 7977.71 2829.48 2493.08 
9817.34 3991.23 7994.67 8856.69 9007.87 
480.182 4082.7 7740.44 7986.88 1075.54 
8750.05 4776 6055.25 826.606 6044.12 
6179.49 2819.61 4045.62 1846.17 7659.36 
9754.04 3588.72 4663.69 9144.14 7891.1 
4978.21 331.051 8635.95 2955.91 3160.53 
1129.01 2773.23 7151.76 9123.68 1629.9 
6159.62 9603.86 5712.6 3900.04 7590.73 
6788.14 2650.08 2366.71 2843.38 3476.68 
8410.83 9022.87 6296.29 2456.43 869.021 
3955.64 2210.46 4457.75 8619.33 1354.58 
2348.82 3597.53 1685.63 984.756 6553.43 
4846.16 2113.77 9326.67 1997.91 1237.43 
956.552 8157.53 841.277 6669.15 2057.55 
8432 3457.28 4707.63 798.693 6300.66 
8184.32 9209.52 5323.51 4480.59 1665.94 
6192.53 8436.23 3876.4 650.257 7055.54 
5230.98 2999.08 653.053 6916.61 3983.84 
7206.49 1762.76 6097.61 6533.14 3760.67 
7335.04 7489.69 1918.18 8176.32 4158.82 
3975.73 6608.3 7616.1 8683.36 7407 
3916.74 6867.66 6616.5 9240.25 1348.24 
8282.44 5432.76 9784.47 2158.82 6083.02 
6839.99 7389.8 9082.1 7493.05 4306.4 
3065.92 4699.52 6069.16 9163.53 1232.64 
9829.83 6498.55 8722.33 1747.99 4674.85 
2881.13 5723.72 1283.14 497.216 4407.06 
8690.14 4413.96 1274.71 5306.62 3654.19 
2622.94 3589.05 9086.95 2407.39 5747.88 
5169.95 9247.39 3137.66 4252.03 6740.42 
7444.06 7317.95 1439.92 3513.2 6481.46 
2672.55 3343.02 2980 1394.86 5091 
7654.85 4275.99 814.705 8937.99 4773.21 
5221.77 7628.11 9187.17 6496.47 2934.72 
2841.34 9119.42 6523.77 1928.27 1526.79 
2271.63 7098.23 774.163 5409.29 1350.24 
7514.58 2853.33 8668.2 8954.5 6366.54 
5149.65 1627.04 9709.55 8129.64 3021.9 
4800.54 5784.48 7297.89 5615.25 4722.45 
2071.09 836.996 2350.54 1258.24 7333.47 
5285.26 4099.58 6452.87 1809.01 6027.85 
7979.66 4080.64 3126.06 8753.82 9489.93 
4476.3 6268.39 2343.25 3144.48 5222.87 
8709.79 8294.13 6849.9 8419.32 6423.76 
9871.8 3219.85 2208.22 7169.68 8835.09 
6930.67 9240.76 9672.09 9281.21 498.982 
7005.54 4566.46 4598.56 3458.39 6375.47 
626.392 1438.03 456.095 3752.45 191.836 
9946.03 8228.76 6460.22 2289.26 1373.22 
1683.07 999.023 9667.35 8532.98 9418.35 
6091.09 8404.76 2638.17 8299.31 5574.42 
1473.25 5229.96 4815.17 1145.32 4511.16 
5314.15 8150.86 9077.61 9912.71 1609.23 
5453.07 539.083 3047.26 5909.16 4291.54 
3239.09 5855.17 2520.27 9699.32 8144.42 
3893.5 1382.37 9143.45 3560.83 9915.34 
8561.78 9651.92 8320.09 1199.93 7951.22 
3894.49 2673.18 3181.16 8709.66 3818.5 
7692.32 4023.79 1969.34 6769.91 3936.48 
3578.56 2222.96 4475.57 6625.82 8132.12 
8767.1 9864.91 3987.27 1287.36 9564.21 
2131.68 5180.86 946.565 1275.11 8741.69 
861.892 9836.89 8393.6 9181.98 1036.8 
6344.8 3076.46 3709.98 9525.96 1786.1 
7528.48 7218.26 5809.89 9497.81 3988.16 
9746.38 3076.36 6211.12 4221.93 9702.18 
4343.22 2989.01 9567.08 8330.5 4276.37 
9131.27 462.163 9457.23 77.8209 1737.27 
8198.9 939.713 1574.14 6592.48 121.677 
2610.95 2937.27 3198.13 6320.93 2463.21 
4984.24 3849.39 9681.47 794.113 3347.19 
3669.61 540.475 6423.55 9880.73 4762.4 
6125.71 4223.94 7751.42 5692.77 2554.42 
2027.77 4824.03 3016.58 1484.99 4901.85 
4753.86 9683.89 5841.56 6328 6276.36 
5963.24 8938.95 9213.62 9161.38 5259.86 
1676.82 4145.59 9109.25 1358.27 4939.71 
2456.42 5027.89 5480.18 8879.97 4908.6 
242.569 5005.66 9132.54 7993.99 698.418 
1686.95 21.7456 5522.45 4703.53 1506.73 
424.281 9457.39 1190.61 6265.84 5785.37 
7466.96 2229.07 4724.3 6680.57 1390.43 
9984.16 8357.39 5536.02 9093.39 9715.67 
475.71 1549.79 4743.54 5955.89 429.743 
9652.14 6198.46 5435.4 8784.66 4192.43 
6133.82 471.592 4214.18 1656.25 5175.12 
5720.91 2080.53 4632.49 6911.52 8346.38 
417.851 4378.47 575.429 5142.15 1059.02 
1965.86 5126.3 9416.41 7501.88 4219.67 
9132.06 7977.58 5769.46 3875.58 3933.46 
6199.21 3527.7 131.905 1634.6 2312.34 
4324.34 7768.42 2783.94 8538.52 9424.67 
7959.06 4259.41 1505.19 2591.54 1170.91 
9851.57 3009.39 5549.38 426.977 8151.54 
6608.4 2392.83 3277.82 6024.8 9894.71 
7497.49 5156.84 7872.28 3266.94 9032.42 
1805.72 9466.15 2560.1 1937.62 1100.73 
4872.45 6261.96 8869.15 7656.39 4800.46 
8293.8 5615.43 9059.87 9798.99 8206.96 
230.762 9650.54 1216.34 5780.14 77.4957 
9367.88 2388.52 2470.33 2645.68 8413.32 
2365.02 143.159 3570.14 237.278 3410.1 
2602.54 2043 2876.23 5162.65 3980.62 
3976.96 35.0795 242.566 2846.09 7691.46 
5043.03 1139.87 3306.88 4102.88 938.84 
1513.82 4333.64 589.359 2730.16 113.76 
666.854 2098.02 2502.28 3137.18 4743.7 
915.58 5502.2 4886.86 4485.72 5739.48 
8296.96 7088.26 7782.48 1173.18 2250.89 
1763.08 5150.14 2285.97 2005.65 7996.23 
9977.44 7048.67 9136.1 3284.3 1151.53 
74.9198 4798.12 5485.17 664.278 7528.28 
5598.93 1331.13 9626.3 8101.21 4468.31 
4369.98 9016.79 9970.52 9256.84 3502.5 
5709.98 7553.78 590.743 3492.44 8726.96 
2841.64 5255.52 3877.08 5127.61 7261.17 
1873.29 5105.03 4309.83 1009.37 8389.33 
5461.37 1084.29 3187.43 946.522 1748.56 
715.693 6545.45 3079.7 341.972 4646.65 
7548.01 4711.95 3663.43 7518.51 3968.77 
7165.92 3228.47 1522.54 7756.67 6720.92 
249.476 598.286 1976.42 4126.55 5725.9 
9237.6 5999.84 830.911 3547.41 7009.21 
9220.24 9008.78 8093.49 2407.65 9955.3 
9842.06 3123.35 6500.74 2921.74 3465.32 
1147.37 469.733 8177.27 4810.8 7988.24 
2146.02 1976.71 1216.7 3668.56 9733.37 
7937.62 3918.04 331.64 9914.04 8044.59 
6057.54 9151.62 4044.41 6888.45 2699.02 
1053.6 6108.67 1707.78 9147.1 8516.32 
1663.06 8989.14 1639.65 8163.8 1910.86 
5104.97 9311.17 2380.59 3282.23 4121.96 
368.822 5428.25 6098.66 1585.52 9096.81 
5832.02 9523.14 3014.83 6163.66 9437.17 
1059.4 2221.18 8588.78 5103.81 9109.62 
1287.78 6157.42 5218.28 2995.56 5304.5 
3734.58 4658.63 4293.62 5374.24 2822.41 
6204.48 479.193 2133.57 8585.08 3761.42 
6255.53 8953.9 9189.67 2354.18 539.405 
8286.46 8186.19 62.5316 1301.27 4349.83 
9499.7 2360.67 6571.01 8088.46 7464.48 
5680.62 9376.24 3621.88 898.878 2371.79 
8926.38 4633.46 7030.41 3219.99 7.68006 
9852.83 9424.47 486.873 1986.38 8009.53 
4248.29 8241.91 6963.41 3437.94 596.068 
7502.81 1724.39 8782.26 7565.35 3025.66 
3132.08 7065.03 5386.32 9703.09 5153.48 
2850.79 5383.69 4529.7 6472.67 6282.57 
6901.49 5399.04 916.013 3931.89 8619.03 
923.693 3784.7 8043.48 1410.57 5771.08 
6052.99 5658.86 4012.97 3016.38 9096.8 
4609.04 519.18 821.169 3391.28 8084.53 
3846.82 6523.36 5149.54 9233.15 6226.43 
302.997 2083.92 1610.11 4832.7 8556.6 
7892.68 1734.17 3955.62 8808.69 5666.06 
2574.63 9732.39 9450.75 618.091 1142.94 
5221.81 6671.08 6801.79 9234.78 9687.47 
5898.58 3843.8 206.63 6719.75 7235.08 
8291.16 566.554 3758.43 3440.68 9799.7 
9984.86 3743.67 1883.61 1594.95 8576.37 
440.185 9487.63 310.526 4395.8 8296.31 
5976.58 6970.43 8028.68 5427.32 7588.52 
9171.61 649.111 4259.59 5973.39 9883.89 
3947.04 1871.95 3727.68 4153.67 8591.7 
962.745 2444.81 9158.25 4721.17 5885.48 
8957.94 4706.02 9629.16 841.525 6300.97 
8205.51 1281.71 5788.59 8516.04 5677.51 
4084.88 4492.61 2647.93 2113.54 9919.92 
236.433 1285.14 569.017 4496.02 7258.53 
452.893 8443.06 9130.48 4180.57 2596.71 
7722.16 5143.32 5041.52 6880.39 9864.49 
926.983 5838.31 4570.49 556.125 6679.83 
871.442 8761.64 7961.54 6660.03 7277.66 
3639.04 744.89 1770.25 6286.96 2858.43 
1690.16 6523.4 4143.56 2259.18 1019.4 
1402.07 2712.07 9462.46 532.532 6892.64 
2059.15 8254.69 2035.94 7100.67 5135.06 
1900.41 8027.65 973.348 6470.9 8583.78 
7653.18 7342.34 7345.4 5614.7 4002.35 
4623.05 9253.74 4747.24 6393.3 5540.69 
7605.67 8083.46 2064.07 1749.22 342.616 
3083.47 3151.29 3054.68 2545.91 3683.82 
9947.32 4605.06 1938.49 1983.24 1705.72 
7073.55 3883.65 9733.37 8046.9 354.534 
8317.13 5700.06 7696.87 5662.51 1314.75 
1699.21 285.54 568.475 6446.45 6678.84 
6109.16 4052.1 4762.28 8173.23 5801.32 
5104.9 1256.68 8952.62 8159.58 3802.59 
2636.42 8106.89 8407.66 4574.92 90.1148 
113.359 1648.45 3973.77 9846.73 9695.36 
4328.3 8163.84 5395.4 2025.16 3826.33 
6710.16 3724.37 4111.87 7278.63 170.8 
790.696 3387.78 4222.9 5552.98 1560.99 
24.2093 657.856 2817.67 8976.82 8817.44 
6620.27 1613.23 6924.31 5027.91 6188.15 
7014.42 5141.27 7836.6 988.174 4987.98 
7531.94 5316.48 3151.8 2927.33 7341.64 
6978.14 9637.49 1065.99 1089.99 6916.1 
1236.79 1880.69 303.861 5459.69 7433.67 
1864.85 5483.9 8091.52 4682.52 4460.71 
6908.94 1302.77 6073.94 3833.23 6330.68 
2262.07 847.638 1471.93 98.6519 1835.81 
6459.91 7630.59 7152.29 9611.71 557.908 
4493.91 6589.83 195.377 5559.89 7679.82 
7111.48 6796.68 9560.51 7415.34 2256.35 
6994.16 9280.19 7740.25 5085.67 3962.69 
2200.93 1994.59 5265.47 8274.87 5827.82 
1596.13 536.918 6675.46 3068.06 635.57 
8511.27 9527.97 8266.16 5663.54 9139.67 
8824.07 157.431 5729.48 9019.45 5717.32 
3409.29 6130.91 2513.98 2969.79 3546.23 
4770.33 9963.95 2826.41 2510.56 5049.6 
6789.1 4711.49 7044.19 2054.55 2986.34 
2871.99 3650.68 3523.26 9547.45 6718.74 
4158.83 8058.71 6246.69 2424.98 3722.23 
5386.34 1249.03 3879.66 1115.81 268.465 
9596.99 4525.1 6399.38 2110.95 7494.88 
9945.61 6881.28 7458.81 2772 9391.83 
2508.39 9561.1 4103.3 9552.58 1615.63 
7089.64 2424.55 5266.31 612.886 1971.99 
1985.03 4771.71 30.6804 8231.73 7196.69 
3752.91 3618.05 8445.72 7632.58 4733.86 
8714.19 7229.55 9258.96 5113.55 9340.5 
6753.83 5059.14 6221.76 4212.63 7831.13 
5613.57 6721.02 7392.21 9716.87 6273.58 
9007.84 6806.5 8698.13 4274.14 7419.39 
670.107 6259.17 2191.08 700.787 4490.87 
9387.78 4453.7 8108.93 7833.48 2086.26 
2842.77 6547.65 9315.81 2101.72 1661.18 
8656.29 8855.55 6720.32 4878.03 3068.15 
4551.44 491.579 9789.17 1943.63 208.437 
6062.74 951.461 7014.94 4760.85 5225.6 
4434.31 5430.96 1484.74 6625.39 6131.75 
5975.62 6013.15 585.431 4084.53 3846.62 
2671.69 6927.3 394.25 1987.48 9029.02 
2055.43 643.754 7884.55 8775.75 5521.78 
952.689 3327.17 6013.36 741.846 5270.8 
6221.8 6804.58 6222.26 3236.72 1565.42 
1447.84 7671.03 6996.38 2932.58 4296.4 
3128.11 8908.2 309.535 3713.54 2992.72 
4156.15 6385.23 9920.02 4550.4 8372.71 
8949.03 6605.83 9016.47 6833.56 5381.56 
4538.23 7786.25 8708.73 551.575 8528.09 
3979.51 6773.37 5332.66 201.755 10.0714 
6898.08 1649.59 7681.1 3894.44 4582.18 
1977.48 7022.55 3490.37 2287.02 736.069 
6483.08 6443.17 7121.3 6403.09 993.549 
5494 5352.09 7599.38 4510.45 2185.64 
2980.92 9048.68 9971.89 1689.63 9600.26 
8499.97 5669.14 6373.61 3832.61 5870.9 
6383.68 730.67 7520.49 4064.76 4625.11 
2102.65 6042.24 1647.64 5593.02 8329.26 
2383.71 2076.08 4772.41 9505.01 8479.17 
5765.96 4998.99 3831.25 3365.32 9509.44 
6016.89 6346.24 8558.11 5988.76 8035.88 
8158.35 4488.7 3705 4531.94 8321.31 
9575.9 915.609 9051.98 7096.38 4980.37 
3677.07 9199.03 1022.6 5324.71 4792.04 
9351.86 7708.42 6868.12 4124.25 7213.41 
5347.27 9890.21 2212.38 9178.52 3255.51 
1721.81 5195.39 9601.75 279.895 1184.13 
7637.61 8438.24 5672.83 1342.6 2970.17 
3994.13 918.486 3885.78 3046.1 8014.87 
8866.15 6723.17 7213.88 9888.75 2047.87 
2005.9 9240.59 9756.29 8874.02 3364.82 
6969.69 4221.28 3255.01 9182.07 3399.78 
6510.52 903.859 8595.17 6112.26 1183.75 
9779.3 3749.86 9622 5452.12 5092.46 
2592.14 9446.25 6010.94 6477.92 2492.33 
4025.79 5344.05 9215.5 1239.66 5232.78 
1263.35 3245.56 4473.35 1019.63 2119.56 
7838.17 7989.31 6340.84 1093.17 7171.37 
9740.63 7603.69 8075.22 8335.79 3715.94 
9258.98 8115.07 7465.8 8880.96 3567.18 
2558.24 1473.08 3013.41 8569.18 7951 
5505.74 2594.96 3295.04 4721.23 3834.62 
8527.82 5984.58 7080.18 3001.15 7004.21 
9199.74 839.31 4993.51 5540.57 1932.48 
2164.85 5281.18 9536.18 240.062 3616.95 
3252.1 9499.04 1732.01 717.878 8379.98 
5299.18 3276.12 9853.06 8312.6 1845.28 
7804.05 3818.32 4440.24 1099.07 8539.55 
8274.86 9626.89 4524.12 5355.01 2628.02 
1528.31 4554.74 3467.34 6521.82 95.2889 
5399.82 8686.67 5376.47 4935.98 8926.73 
8993.42 8188.07 8425.76 725.405 8905.95 
6805.72 6024.59 2182.05 6658.77 4337.17 
4027.33 4462.8 8155.49 8467.57 5561.87 
6695.03 6742.41 5188.75 1219.13 2097.4 
7816.77 2747.44 6652.14 1284.09 9269.26 
6747.43 6683.91 7955.92 2123.88 1619.86 
6882.64 1117.28 9807.94 5308.38 1842.69 
8713.87 2114.08 7867.28 895.902 8772.85 
2204.43 4923.23 3235.63 359.904 3390.78 
8797.51 7054.93 133.174 3986.24 8274.06 
2230.58 1802.99 1021.49 8882.72 3087.08 
290.735 5630.14 9770.98 8246.65 7754.02 
1390.83 5129.27 8871.3 1198.75 437.632 
713.974 9912.62 2551.71 8581.25 808.503 
1324.54 785.663 5731.73 4560.18 1145.57 
9122.52 3357.67 8200.5 9255.69 7343.9 
6474.55 1486.25 9146.89 7496.04 368.959 
2233.96 7786.77 5999.1 2004.92 6033.41 
3753.1 3395.75 1162.66 2624.38 4594.5 
1600.29 3338.36 4507.1 4152 1919.59 
5315.6 5476.55 2705.25 1047.32 36.7089 
3850.82 169.824 3394.38 2051.3 9425.52 
738.264 8525.85 911.754 9885.16 6021.87 
1280.71 2119.1 3808.62 7279.81 4124.02 
9842.03 1032.89 7519.77 1004.67 3657.27 
2114.25 2604.96 6995.63 6621.35 6756.97 
8915.22 1936.94 2233.5 1620.46 2984.26 
2270.21 5471.28 3154.09 5664.59 7522.58 
2579.59 6402.85 6048.42 3491.34 6287.99 
2070.27 4772.05 8407.09 5878.89 2051.85 
2531.09 5720.9 3084.74 50.8396 6725.58 
6742.01 2165.09 9330.54 3737.62 8786.44 
6087.49 2652.83 723.366 8320.99 4273.29 
3707.63 591.183 9744.57 6861.71 6255.77 
7267.13 9441.3 2658.6 3315.54 2932.62 
8946.59 5385.81 7704.68 7353.66 1264.68 
9756.52 9884.75 6985.59 2841.24 9935.59 
3711.15 9583.25 2100.66 3041.67 3320.86 
887.091 9129.16 5973.68 1610.46 7450.14 
246.955 5318.08 8041.32 9991.52 2179.78 
4297.07 7258.64 1621.06 6955.67 574.159 
4553.69 5902.25 5959.97 2258.34 3255.9 
7224.65 2014.85 3140.63 4210.22 4856.09 
3076.2 7921.37 4439.32 5176.87 963.02 
7760.18 6063.96 92.165 3733.85 7674.42 
7542.3 3980.8 2992.48 5583.6 3972.31 
5172.26 9880.68 1230.93 6793.33 6836.33 
1805.09 1347 2738.56 7765.05 3605.34 
5994.46 4989.69 5620.19 9135.09 9199.91 
476.258 2211.28 7121.25 4915.58 7388.15 
8084.28 2675.74 3452.09 8176.44 6409.59 
1126.49 5718.73 390.371 4118.97 1302.31 
4362.68 9291.24 1182.97 5593.6 6084.55 
8019.3 7398.69 7431.55 757.85 5163.73 
1036.87 6752.31 153.394 6657.05 5887.38 
9353.3 7133.31 8098.66 6474.54 2048.88 
5486.79 4558.79 4724.62 8938.88 2735.22 
1134.19 65.3567 8453.94 1524.56 4184.33 
9756.25 5887.23 3475.55 939.208 1480.82 
9560.1 8958.51 8879.51 6991.63 9716.36 
4043.22 8028.5 6468.65 4196.61 4685.54 
2356.02 3549.89 1818.83 454.664 24.4143 
3867.71 5941.46 4583.21 8592.32 4880.32 
7318.43 9726.51 4945.68 5772.35 1251.05 
9130.01 5528.59 7138.28 2605.55 6467.8 
8619.1 2165.63 5426.29 7498.6 9157.26 
5142.63 1541.8 7185.75 1611.27 5738.41 
1871.26 3967.29 9288.31 3690.1 4421.95 
9312.72 7557.8 363.391 3895.91 6150.11 
5243.71 1214.32 5876.6 189.376 6986.68 
7127.65 9319.39 2515.25 4265.92 1924.92 
8983.05 2885.01 4090.55 4409.32 383.587 
3247.8 9551.95 1925.39 433.523 1163.2 
7663.8 2304.79 5130.49 6952.09 5994.88 
9552.44 6264.79 3552.67 9915.83 160.692 
9702.78 5159.53 1375.02 5579.36 5348.91 
8361.69 2706.99 4668.28 876.924 6972.91 
6593.19 9859.97 9857.92 683.727 4269.27 
241.488 3931.52 3821.21 2166.87 4365.04 
4984.41 9830.67 6669.83 114.885 6782.75 
2664.7 9667.33 3047.53 6217.36 9583.15 
3208.22 5920.12 4742.66 4583.23 1499.46 
91.553 2944.91 4206.46 4759.83 3821.83 
1179.35 1353.01 3681.78 1037.25 2036.74 
7951.06 1278.74 5968.26 1772.25 3445.62 
333.284 6756.66 3276.27 7003.12 6871.54 
59.0046 9667.81 6538.85 3106.53 5885.16 
6121.98 6314.75 1805.26 864.626 897.963 
3304.72 956.179 3842.87 7511.18 5716.01 
7664.7 8690.53 7069.02 1346.47 9727.79 
9105.75 9297.53 1006.51 5073.99 1069.75 
4452.13 5407.28 7826.41 7728.4 2410.38 
4697.93 7787.41 2078.17 1236.77 893.923 
7963.33 7358.75 7208.67 9768.59 8223.38 
8106.63 3073.3 9179.56 1949.49 584.46 
4895.55 9614.19 9274.99 1964.55 960.642 
9002.77 1070.29 258.151 9.26282 6144.29 
1327.9 4461.39 1551.55 9154.32 2189.78 
3961.93 3852.23 9977.19 6040.1 5089 
871.098 4003.41 2447.74 8079.77 3771.98 
671.098 6186.38 6845.28 9850.66 8135.87 
7429.74 4746.19 7750.04 6704.72 6710.74 
8710.69 5707.46 7781.03 8968.84 5716.73 
3925.3 296.724 178.104 5476.85 9451.04 
2367.89 9438.78 3303.26 2345.06 5478.86 
8392.26 3216.16 9482.27 839.978 1295.91 
3254.24 1511.08 7482.29 99.4976 1361.71 
5618.15 7529.24 6107.9 3368.17 4233.93 
2818.63 2078.84 9941.4 599.648 1047.66 
5658.11 4524.95 1344.38 5836.21 1.78654 
795.406 8204.1 9440.57 4098.66 549.144 
4919.41 2490.9 3765.3 4401.66 3330.88 
5061.21 7655.9 4841.96 2543.49 7755.4 
6203.67 8161.64 5284.61 2311.56 1529.79 
9518.55 5130.19 3608.63 9459.93 5729.84 
4656.29 5118.02 254.771 6000.68 954.22 
256.557 6796.08 9158.32 9697.12 894.727 
9707.46 4616.51 3385.63 3472.75 9018.18 
6716.51 8533.96 6674.06 1558.45 1077.44 
4429.44 7762.12 9239.07 9714.05 73.6578 
768.851 9232.58 5203.85 4377.48 8692.5 
933.666 9033.78 3810.5 1188.44 5034.44 
4764.73 1444.99 1830.51 3923.03 1142.1 
2725.23 3630.48 5758.61 6110.86 7103.23 
4776.77 2827.35 5637.17 1450.81 4385.8 
6714.61 5880.25 2147.9 5953.67 5594.28 
2221.56 6722.52 4826.85 7425.4 1099.99 
3519.33 8359.07 133.748 7329.83 9547.51 
5168.19 2094.54 992.483 6998.7 6017.57 
2134.58 9723.93 9648.05 7893.19 5834.78 
6751.25 2669.95 8662.13 2388.41 4120.76 
3047.91 9103.02 0.993313 5195.82 5056.67 
5595.28 7417.37 1779.17 422.108 4842.76 
2879.16 3941.44 3201.81 3012.91 1271.25 
2749.3 8181.09 3365.8 3741.79 5179.77 
9383.37 5876.37 4903.69 9031.4 3769.55 
738.447 5782.63 6439.5 9400.58 8171.04 
560.242 2448.48 7274.05 561.235 7644.29 
2330.7 6156.51 5061.65 4109.87 6578.62 
9904.41 6989.03 520.038 3106.21 1.91891 
1791.29 5855.51 8183.01 5157.09 9597.3 
3362.77 4540.44 5473.65 8266.46 3571.82 
9243.2 9004.9 9354.45 5682.68 8405.46 
7525.48 6242.92 853.923 4799.51 6804.16 
8498.21 7130.21 2960.65 3559.84 1240.06 
9539.27 3464.24 8229.09 59.2886 6570.44 
8231.01 1850.58 2425.94 6414.01 7007.67 
2023.22 9776.78 1548.09 7496.87 8043.22 
5119.91 6740.05 7048.11 4474.35 2422.72 
5453.55 1999.81 8665.64 6307.48 6799.32 
5469.77 4805.67 3929.51 8430.42 8365.52 
5169.57 7969.67 1829.74 3398.64 8028.96 
8400.18 1629.64 9879.54 826.104 8043.65 
6887.2 2849.33 7820.41 8435.29 346.181 
5863.61 3555.19 7086.24 2911.7 8029.54 
9508.95 8365.25 29.3285 8174.57 4672.71 
6828.64 3644.33 9478.39 758.133 2074.74 
7843.89 5927.7 44.3944 9673.62 9326.34 
8073.36 8073.79 955.965 7952.88 8899.89 
8999.61 4840.07 1749.2 6820 3275.34 
2095.38 2683.59 6830.53 9181.62 5595.29 
4860.05 8690.56 3960.52 4889.38 6865.11 
8633.23 1718.01 509.425 8111.6 2476.14 
2584.16 5955.47 8403.84 2628.56 5629.08 
7730.17 701.896 3702.86 8686.14 8654.78 
2602.73 7685.73 3494.83 4351.94 4505.71 
6770.17 6447.32 7189.3 3600.69 5628.92 
2784.57 8460.74 4319.46 6745.1 3350.1 
1184.56 5378.32 5068.11 1693.98 3489.9 
7544.25 4278.15 9445.38 5948.08 6906.7 
5074.44 3678.23 7608.6 8777.3 2364.35 
6263.36 1380.01 50.0602 9758.19 5731.95 
4555.77 6528.35 2179.25 1745.06 129.018 
7808.18 4529.63 8589.76 2127.62 1274.71 
1939.84 3312.18 6653.03 7007.95 5006.17 
142.914 4552.19 9284.31 9588.29 500.249 
6191 4662.71 4178.48 3799.58 3439.99 
6542.83 62.9211 4820 6592.89 9821.11 
551.936 1148.64 6349.44 2731.19 2893.7 
6478.46 539.348 7423.33 5068.2 2666.97 
8698.04 7008.05 5979.16 5351.06 4015.98 
985.304 5493.97 8568.17 269.599 5082.24 
9068.42 6460.59 9744.96 3246.89 260.154 
3184.93 9789.71 323.075 8004.93 6382.59 
144.171 8556.87 7531.23 6493.61 1288.04 
424.912 2972.06 1827.39 7848.24 8040.26 
4494.36 6546.27 5048.29 473.501 1897.31 
9064.28 1458.81 7391.28 7632.43 1728.4 
2473.51 6700.84 8189 2218.45 9947.73 
8449.15 5403.38 9737.42 8772.23 3408.3 
6119.99 8916.4 1965.15 3651.2 5409.99 
3253.19 4076.12 8382.05 5080.58 1924.34 
6422.3 9574.94 8470.62 1470.57 48.4273 
367.911 534.832 1507.23 7759.19 8167.27 
3235.64 232.685 4868.09 1424.62 2451.13 
4815.8 9873.77 7854.51 4553.21 8645.98 
1262.79 673.183 7562.36 3227.94 4324.39 
2972.34 6481.13 8400.5 1354.37 1561.69 
324.831 7776.67 1136.62 8795.45 9247.24 
1185.05 9163.36 9782.07 2692.28 6922.53 
7949.32 5927.92 7155.22 2817.39 7352.53 
9606.35 7633.19 7226.29 7460.84 2186.38 
5872.25 8723.63 2859.57 3434.59 1951.55 
7183.95 6406.93 8432.68 5584.44 7761.3 
9994.37 5909.27 5537.95 1130.97 4704.7 
4785.18 2316.02 3868.04 4567.23 5008.3 
790.558 2516.54 936.197 7945.78 5333.93 
8288.73 7552.11 2967.11 5515 5012.94 
5153.49 1387.23 3736.56 8013.06 4821.82 
5688.11 5196.99 1228.73 4120.77 781.415 
8990.03 4115.13 6690.68 4527.97 5246.11 
1395.37 9313.15 7562.13 5263.41 3880.36 
2570.41 6053.97 6396.9 3506.61 3999.73 
1730.82 1795.32 1551.82 4697.93 7310.32 
6564.76 9851.42 8697.55 301.302 7864.46 
3519.36 5989.41 3061.43 4748.09 110.169 
3842.85 3738.11 4225.3 533.517 8266.08 
9471.41 1928.88 7579.21 7033.52 7192.29 
1459.56 9603.93 3246.24 7856.46 3110.51 
7245.97 9587.28 4905.83 8797.79 4285.19 
2216.14 5362.54 4136.59 913.67 5663.84 
2001.03 4433.03 1653.24 5062.47 9181.12 
1763.41 8905.32 2919.21 5988.71 9438.83 
1185.27 5460.1 1367.7 8764.48 2493.6 
8560 224.023 2097.51 1806.22 8080.48 
5208.02 9052.19 7667.74 113.836 7849.97 
1952.91 2329.97 3212.49 6089.51 3243.64 
8876.33 8090.54 7676.67 529.554 3152.99 
6857.77 2292.96 2058.29 9776.99 8281.67 
1497.1 962.242 3741.74 2864.8 9726.72 
6235.34 1424.78 9950.75 8332.85 3231 
8031.21 3540.85 2283.18 5698.94 3654.69 
133.13 7651.85 5984.66 3345.62 3741.34 
9228.3 2221.94 1831.86 6904.95 2751.49 
4984.85 3762.71 5044.45 7043.14 3539.68 
3326.1 8540.24 4501.92 7067.85 1405.03 
4228.63 3303.17 2829.81 4179.36 1636 
6060.81 2210.55 5176.85 8343.99 7909.49 
8831.54 8477.12 5561.33 4816.18 1822.73 
9302.67 4044.46 4044.67 1134.52 949.392 
6796.16 6119.37 4712.1 1840.6 3162.49 
8251.77 5166.7 1702.71 2753.67 2234.53 
3107.74 6982.3 5537.7 5937.55 1161.64 
7173.7 1998.35 3372.19 2350.54 342.324 
1281.67 1182.06 8819.45 6842.99 5998.23 
642.158 6145.65 42.6742 4686.83 7280.17 
992.066 1482.97 3399.52 5704.17 3323.57 
6562 3955.92 8490.27 8264.71 6709.6 
724.787 1372.44 3691.88 6262.49 7309.99 
4853.52 3436.18 9308.34 8225.71 5786.72 
9650.66 9507.37 6968.77 8470.09 6350.35 
2966.99 9112.25 2495.98 3009.67 3799.06 
9776.15 4001.73 5282.03 3175.65 9705.9 
8605.6 9737.65 3661.8 7095.86 8002.35 
371.382 7820.64 9374.78 4063.26 4083.12 
6684.75 8916.78 7519.3 5993.07 7142.47 
3306 5643.71 6649.82 274.753 4113.79 
3000.16 3241.74 3226.02 5496.14 6251.41 
7025.08 5272.27 253.125 2307.09 8447.92 
9959.02 912.672 8185.55 3620.81 8008.53 
6187.88 3992.19 5829.15 5562.64 8055.45 
9912.27 2247.38 6972.21 7431.55 8240.45 
4114.66 737.527 3884.15 764.463 1012.28 
7997.93 3764.62 4254.03 1223.93 9260.76 
505.419 8249.01 4533.01 758.544 556.083 
2980.91 717.549 1468.76 1166.44 4338.36 
9477.28 7354.31 8330.54 5306.42 2916.94 
6385.98 5218.67 5164.31 3358.17 2650.21 
3404.75 7472.83 3387.73 7288.89 8237.29 
4400.01 5286.81 2001.89 8654.04 6510.74 
1262.63 9159.46 4759.74 5795.64 9918 
5315.82 8776.55 635.532 6784.58 9942.99 
4973.89 6261.84 7297.29 3304.42 1568.25 
214.21 9690.39 6786.92 5378.52 3048.54 
9437.12 8783.27 521.353 2824.84 6072.14 
8758.64 7224.85 1358.94 760.516 5878.87 
7869.68 2023.15 5038.31 2629.4 7818.79 
4956.3 7945.22 6595.33 5591.83 4729.78 
6538.31 565.702 991.601 3835.58 3870.12 
2559.85 4049.79 3560.5 9346.77 9428.31 
6609.04 8783.87 8211.57 7130.39 1608.7 
4283.69 5889.02 8833.55 5642.63 6649.53 
4712.41 3512.29 8672.68 9750.72 6141.69 
6491.46 4707 4086.89 3086.77 298.814 
8816.66 9625.08 864.516 9808.26 3460.64 
4734.63 2368.09 7510.43 8295.13 1714.84 
6938.73 4904.15 498.699 5150.28 2034.53 
2107.4 9433.97 7923.55 940.927 5076.58 
4573.06 5653.33 8588.87 3245.73 5404.04 
4730.54 9737.19 111.019 8817.43 2823.95 
409.833 7634.08 2449.01 1274.35 7442.32 
5909.65 6008.98 9810.42 3420.07 4304.1 
1525.24 358.776 9208.25 2023.94 5509.05 
1242.76 4131.34 4943.01 9166.31 5072.27 
19.5715 3739.36 725.582 8608.44 6985.09 
6129.62 3338.97 6722.27 6240.64 2156.38 
9546.22 6650.47 9790.46 1995.21 7924.82 
7232.76 7904.87 3933.78 7043.17 1324.92 
8237.88 8568.41 1683.69 7446.12 592.336 
7192.74 8688.88 4723.68 2135.73 7855.18 
9795.94 2155.3 1594.52 521.507 763.731 
8579.61 6651.12 4102.7 5301.86 2891.74 
6259.08 4848.06 9542.21 6049.52 6843.27 
7467.02 3282.27 4748.12 1400.78 325.415 
6073.04 9638.66 8893.82 7756.73 7084.76 
9486.16 4949.46 5773.63 4209.82 7085.19 
3628.78 4005.74 9240.5 5223.3 4527.25 
4.2104 3802.9 1178.36 4106.91 9104.76 
4070.1 365.974 3952.8 3612.3 6415.5 
796.06 1079.3 9697.76 5544.18 2480.08 
23.1608 1617.2 2118.73 8916.99 9373.93 
9203.49 8403.13 4323.38 4977.1 2612.93 
1408.55 8605.89 6618.68 649.028 3829.17 
1145.91 653.238 7632.07 2324.27 4760.15 
6736.81 6394.37 5126.12 689.6 6.65912 
1541.6 1485.66 1085.96 1239.35 7029.84 
3566.04 1262.51 8647.05 5684.77 179.476 
8020.96 4888.25 8582.6 2344.32 9865.35 
1195.52 3752.87 8471.23 7814.19 4401.9 
2300.38 8960.1 5055.14 9932.45 1284.36 
9815.29 6669.25 7678.73 4941.39 7358.85 
7685.39 6482.99 8844.51 8771.35 7722.34 
5874.34 2337.38 8984.85 4521.37 8022.15 
9164.32 2542.31 2910.39 7746.91 4886.63 
2775.72 8942.43 8639.5 1246.93 6756.61 
3041.39 3547.32 5716.69 8096.52 3479.75 
7001.05 7911.79 148.985 4679.77 2853.17 
7507.84 2365.14 9336.16 6352.33 1136.47 
7058.48 2226.65 3473.85 6043.31 6748.01 
1495.98 5207.62 9290.33 4406.37 2954.51 
4176.94 7182.09 1896.92 2816.43 8429.02 
8653.53 5857.82 1976.32 4370.21 3954.32 
5456.08 1371.24 1866.1 5605.06 6051.01 
4719.27 3112.88 8416.15 4055.41 9465.21 
9552.62 1113.87 1691.84 3026.46 7157.18 
8439.85 4522.44 2364.78 7730.16 8928.81 
5319.29 1907.08 6110.88 7216.21 4723.52 
4539.89 5869.73 581.316 6516.21 239.917 
4535.64 1972.27 1611.16 6401.74 7577.33 
7662.17 1120.99 690.196 6078.3 5176.4 
155.387 5630.91 6290.27 1847.22 8657.36 
3447.43 287.058 3179.78 5812.21 8017.22 
2108.58 1131.49 9924.3 8219.46 8347.7 
4647.8 2759.34 4217.41 5229.11 9275.55 
4457.33 9764.75 1247.81 6068.49 6166.48 
8825.14 3730.64 7287.47 9515.34 9808.94 
2463.84 9670.72 5439.83 8754.11 1517.93 
4097.17 2201.52 1804.99 7276.96 8013.73 
9822.21 9385.53 9145.22 9746.49 7604.98 
7492.9 4394.27 364.294 1710.29 9623.39 
9639.84 6167.62 9388.12 887.634 2236.09 
5554.59 9712.78 5966.73 2842.03 9228.1 
5775.65 5305.88 8898.8 1215.46 4059.97 
416.717 5312.63 6261.49 2221.71 2589.57 
4275.21 2043.9 1975.08 3420.41 1790.37 
9580.06 913.297 6184.64 9944.35 2623.59 
5808.01 9584.18 8791.21 5196.11 471.798 
1027.29 750.683 184.557 6994.02 3592.72 
9412.65 2769.65 8898.6 8311.44 3985.11 
2958.55 8728.16 9297.74 9220.04 949.845 
1887.29 3495.24 2993.74 3862.38 6915.65 
4784.11 3442.42 7828.94 968.729 3386.76 
452.519 6776.74 2970.92 9243.73 1972.83 
3442.72 271.001 2723.52 3627.28 7265.02 
6316.23 3039.91 34.6473 5214.81 1351.33 
4019.75 8173.36 79.4694 3317.48 7393.39 
1029.31 5204.77 888.606 4023.06 9067.14 
7804.25 8807.16 2509.54 5633.18 9775.89 
5896.3 6085.7 6552.61 8867.22 5329.41 
8525.45 2309.92 5600.42 1248.95 5937.2 
2865.41 7565.18 8977.11 2900.06 2779.98 
328.422 6919.82 953.321 407.891 237.275 
8346.71 1437.21 5442.04 9235.31 5460.26 
4509.17 7039.55 4267.41 7018.71 2672.71 
4043.28 2915 8758.41 595.877 1782.2 
4087.81 9121.32 4092.12 9688.23 370.253 
29.3026 2553.62 7935.43 9006.41 5453.68 
715.392 9334.83 2373.48 1668.71 9742.72 
2610.76 15.4053 1179.91 8052.8 9250.72 
6640.17 2561.95 6290.25 907.564 9580.66 
8962.97 4950.85 2495.64 7721.37 5546.72 
4277.84 1809.16 4668.03 8369.96 1497.37 
5038.28 8399.26 4050.99 2973.7 7405.66 
9504.68 3689.09 6740.47 1878.14 5357.8 
6483.18 4488.9 5373.21 7663.09 2541.69 
4623.91 4303.25 5103.64 914.15 5210.81 
4684.28 9877.12 161.642 7179.92 7598.47 
5708.37 1457.74 9407.63 376.378 9827.7 
904.984 5414.66 8226.95 4955.98 8388.36 
5632.59 4460.64 2077.43 2373.04 6338.78 
7435.24 8856.22 827.67 2808.43 6519.3 
3369.36 7432.34 822.53 8472.99 8346.49 
6033.34 3157.26 8223.6 6194.98 337.158 
5822.05 1903.33 1794.9 5229.67 2279.71 
1622.58 6134.65 7694.37 9849.53 1090.61 
6082.71 5482.1 5551.25 8160.15 7855.15 
1890.01 5595.37 6711.35 2717.68 8403.8 
3230.63 6087.04 5836.13 4053.16 4560.02 
4182.61 86.4884 7717.27 2406.19 6281.47 
8054.43 8228.24 8184.81 9849.33 3457.88 
464.501 1471.89 9592.53 8158.87 1321.41 
683.126 4241.57 6803.51 6234.37 2401.7 
4658.64 8124.39 7997.07 1369.97 842.053 
6400.86 4600.61 6929.09 2236.97 8653.77 
1489.09 6419.57 8740.26 9206.36 8825.76 
5021.71 7260.77 7053.98 3206.5 7110.08 
511.846 3671 8581.98 104.362 1829.86 
9903.38 787.488 6071.43 6706.88 7021.86 
8473.13 1365.5 5146.23 6470.19 2735.47 
5988.28 2871.03 7336.08 2917.36 5107.99 
5989.84 4406.45 1527.55 4730.08 3612.8 
353.292 9751.79 873.552 7407.27 2958.28 
7983.63 7919.12 6629.28 6565.59 8023.48 
8459.14 6468.96 8810.97 4530.56 3175.82 
5832.81 3003.67 4541.32 979.023 9473.86 
7276.8 6967.31 2344.87 4612.86 9884.67 
7452.87 602.679 4291.1 8980.42 5332.76 
7903.9 9333.71 5084.53 8777.45 6740.96 
8042.81 6761.07 4660.06 4672.07 3326.64 
2683.52 3131.2 9795.6 1494.47 7661.75 
2971.41 7327.28 665.407 7512.73 8306.3 
139.251 4789.51 5273.59 2484.12 9402.37 
5158.24 9936.99 5.03145 9449.34 8917.39 
5337.79 7353.22 8251.08 422.299 6130.65 
4992.02 8465.11 2891.71 9652.08 3137.16 
6218.35 2335.58 6268.36 6013.94 3830.05 
3930.09 8985.34 1157.32 4595.5 6498.06 
9463.62 4734.75 1287.55 4737.19 7218.87 
689.899 9895.43 7155.84 694.931 9344.76 
6073.22 6032.72 6697.96 4324.28 6455.02 
2828.6 9316.3 4920.11 5720.31 8968.36 
8057.27 1938.64 1303.93 4325.6 7952.57 
5133.98 8255.7 6937.9 6291.3 2851.18 
3435.94 5754.9 7585.93 4723.49 492.075 
4804.78 5413.39 387.49 1960.61 6108.32 
9732.25 8033.82 2141.02 6430.19 2358.08 
8596.03 9258.79 1674.37 3516.12 4979.08 
642.712 1573.37 6917.72 1946.64 5898.98 
4870.28 7080.63 4154.66 1808.16 3371.91 
7005.83 5244.1 9126.81 4591.74 9967.59 
9618.89 9396.52 5380.96 6.36138 1357.11 
1489.25 9738.61 9390.94 3630.27 6168.79 
1749 2226.29 5427.56 3423.37 5742.41 
406.628 4066.08 7315.78 7324.35 6012.72 
3214.74 2194.61 3093.34 7369.4 4002.77 
6465.25 4375.21 9246.87 5592.04 8966.96 
9214.44 5210.92 8363.46 4595.37 5217.28 
9720.58 6084.63 4955.87 9111.5 9714.9 
1124.64 860.483 1941.17 6552.2 4283.85 
7683.58 6958.83 8349.93 4999.35 4283.16 
4362.64 8214.09 6477.77 7455.98 5583.48 
480.519 3921.21 9958.69 9727.39 9513.26 
8925.63 8941.81 4724.15 7289.07 3537.16 
9941.43 7009.63 9621.79 4897.28 6121.11 
9336.68 6021.92 6981.59 1277.83 2574.11 
1265.43 8961.42 9532.94 9615.36 3960.75 
3816.08 3977.99 2174.83 293.832 1433.95 
7758.3 774.351 5355.16 7716.98 501.721 
4868.4 6642.59 9443.53 9592.55 3931.64 
2980.67 9533.96 941.257 2602.45 4431.23 
7062.37 1939.11 453.139 4043.94 3216.94 
3027.25 5309.37 2178.34 2560.17 4924.71 
6139.09 6376.25 8902.7 8313.92 6670.08 
336.63 6072.21 7444.43 5691.79 3789.17 
7946.15 560.165 431.737 7389.66 152.698 
4363.38 370.317 9686.66 5304.64 2972.76 
4117.88 2366.99 4911.87 4571.02 6410.93 
8128.81 7598.26 1720.28 307.134 158.412 
6645 6446.22 6534.66 5547.68 4760.13 
3204.72 5884.31 832.315 649.135 1576.08 
4621.48 8595.29 2136.24 5053.22 5984.93 
2288.94 9416.6 6355.25 1975.59 4721.22 
9328.01 6093.46 7088.2 4239.87 664.464 
3499.12 2368.66 8262.73 5219.4 2675.8 
8421.14 1864.37 9122.02 4955.78 7412.05 
3882.13 8160.5 3296.34 4714.44 8809.64 
4872.42 9335.92 7404.91 7008.66 4389.13 
3389.82 9297.6 3805.71 9745.07 1273.17 
8526.92 9073.06 7366.64 5615.11 3312.91 
8031.1 9114.23 5681.58 6293.81 4333.61 
8357.37 4714.94 6197.98 7479.37 9670.72 
3610.02 1361.48 7831.2 6906.36 6075.93 
6640.83 1778.77 5411.83 4045.72 8787.43 
9800.96 7435.54 8085.02 3606.65 7180.59 
9358.19 2133.56 6253.64 6724.81 7748.67 
9566.55 4755.9 6862.88 5248.11 1049.69 
1196.47 3605.46 5764.63 7394.45 1084.82 
5435.33 1004.46 2446.3 3266.52 7910.82 
8522.23 9907.35 9689.58 3934.05 3953.05 
8477 3734.99 1388.57 6562 7341.64 
8569.16 5920.17 9475.2 4822.78 2644.97 
7223.85 4389.31 7400.87 4086.72 9637.42 
8450.56 5283.19 3242.87 4215.17 2677.63 
4327.69 9650.5 3682.08 6773.99 2917.01 
1592.89 5296.21 2824.33 1282.45 9230.26 
6777.38 9759.45 2965.23 8165.95 6321.43 
306.859 6735.09 2241.58 9782.06 1557.85 
4886.55 7005.9 5947.16 2287.4 1092.6 
5584.57 737.942 6375.79 8827.43 4953.11 
9053.42 3155.11 4603.6 2735.49 9929.1 
7520.61 4328.38 5225.29 344.923 5610.83 
4455.53 7122.3 5370.26 7420.77 5288.23 
1691.67 7727.62 2023.3 3933.25 7509.67 
3581.15 8819.81 4515.55 9528.31 1107.19 
5608.15 5112.86 1845.13 1983.92 3940.28 
6798.25 1037.33 7095.39 1401.83 3772.82 
7024.47 8922.44 8101.19 2249.75 9267.36 
3712 6705.28 6389.65 9082.26 4126.03 
1677.86 773.914 1853.64 3701.16 4707.17 
9363.3 7282.32 3526.96 3878.83 6810.61 
4634.15 9486.98 1923.46 6479.28 1470.89 
5863.74 3277.51 2508.22 2959.12 4679.34 
6281.04 9983.59 3601.76 4382.21 2233.32 
2869.1 8094.22 8938.6 9258.75 7176.46 
3064.61 936.589 7950.38 4918.24 4637.75 
2657.53 4281.53 1920.05 6184.49 8160.36 
8730.67 818.618 7647.33 654.113 7297.9 
9118.21 6517.86 575.39 1626.42 9476.97 
5254.73 7907.45 9460.54 8856.49 2289.65 
1693.84 1725.57 383.851 632.422 984.3 
7560.31 3697.03 1920.89 5510.67 8615.27 
6558.64 8168.2 2896.78 8478.7 4352.67 
1057.12 7209.35 5171.28 8704.45 7863.46 
2469.17 7822.65 4381.3 3044.56 9449.06 
3858.26 8299.28 7356.5 3318.78 7155.75 
9646.15 5012.63 8881.33 29.9865 5645.05 
9865.63 7590.3 9342.08 1786.5 3100.95 
7957.33 8345.14 1269.13 854.095 6823.82 
5621.8 1911.22 4033.15 793.066 615.652 
1896.59 3262.23 8438.3 6277.89 6306.79 
7887.35 136.129 4606.05 5243.83 3454.91 
1761.79 4889.97 8467.54 643.101 4919.95 
4112.57 508.709 2510.24 3454.63 2295.21 
5611.19 1411.94 640.328 6880.32 2266.04 
7464.14 2502.1 4177.26 1497.27 3295.17 
4792.91 3393.86 6557.4 3231.19 9671.75 
2864.17 1118.52 9807.88 7470.22 6362.35 
3262.78 9232.01 1252.3 1730.3 9875.11 
