1100 5
2129.72 8179.99 7284.8 3620.62 6838.42 
7488.53 337.059 6031.73 685.69 9920.33 
695.331 4887.57 7775.94 8169.67 368.121 
5735.71 4621.01 6343.47 1330.37 4220.6 
3253.52 214.311 6097.87 5503.39 5529.74 
6880.27 505.968 4515.14 9198 8724.88 
204.902 1327.7 6904.85 7489.7 4948.32 
3743.26 4978.21 5285.38 9774.99 5663.9 
5205.69 470.304 551.45 2981.62 8639.97 
919.571 8717.32 3260.97 7263.04 47.6809 
7481.56 516.541 261.992 3579.41 6019.93 
5791.73 459.668 6525.9 306.856 9657.67 
5250.76 511.758 985.358 2155.6 8001.46 
5933.68 5898.86 2979.65 1219.05 5673.83 
8643.55 6424.74 6144.13 9195 9406.36 
4784.09 114.555 8123.67 8045.06 7377.6 
8171.35 5526.61 7894.14 8433.34 9106.02 
3914.05 4225.06 9565.69 439.932 4531.91 
9223.34 5690.69 5043.67 208.685 7846.29 
3045.11 6142.37 3745.13 6024.76 7361.42 
9418.96 4668.3 3786.14 5563.08 3863.28 
3192.48 347.15 3977.83 1316.14 8392.21 
1355.41 9487.49 3918.8 9249.55 7920.81 
3024.8 3163.58 2145.85 2590.48 3603.52 
6677.77 1813.8 9294.21 1721.42 2022.49 
7140.49 4766.53 8164.86 885.601 791.279 
5526.25 304.544 5459.58 9312.39 5867.62 
9322.85 2504.86 6214.77 3300.67 3821 
4606.96 4656.09 3308.47 8525.76 3905.62 
1229.26 1550.55 7069.2 3375.11 4141.03 
672.704 52.8589 5954.83 9966.92 1774.28 
7977.32 7107.39 6540.81 6142.16 7992.99 
7332.09 1668.4 8297.53 2791.65 980.774 
4165.13 2114.49 3485.64 379.888 5415.16 
7306.63 4986.85 71.2271 615.083 3512.6 
3976.85 1844.34 5063.15 1046.03 5219.45 
9204.18 1718.74 5272.31 5159 1685.64 
7046.59 3136.31 8793.02 3587.39 9278.47 
6785.99 919.463 946.848 5083.51 3711.11 
1927.62 9248.64 5825.6 5413.26 9628.53 
1240.74 2719.87 4615.36 1311.97 3334.96 
8127.96 5288.81 5179.3 3191.1 6334.85 
398.738 2395.26 8053.59 5671.05 7554.26 
9739.22 2717.63 690.553 8532.23 6305.01 
9969.02 5318.2 7224.48 915.852 401.69 
935.572 2843.47 9650.33 6761.17 8256.73 
9278.84 8001.91 976.59 3894.18 9313.88 
4311.55 2022.13 4602.68 9490.85 5213.22 
937.51 9889.59 7608.49 8991.1 5560.62 
5162.73 8730.3 8278.25 5853.29 7262.51 
4583.24 5822.29 2580.69 1807.7 6738.14 
2982.38 2743.28 9581.62 2632.7 9504.45 
7838.33 1911.52 7506.34 8814.92 5805.7 
6820.21 3126.45 7827.83 1422.87 2617.29 
3041.03 2360.38 2506.86 649.501 1351.46 
8067.48 5812.24 81.7433 6345.71 1665.51 
7344.25 928.936 7487.8 9924.95 2736.64 
4225.92 2907.32 5479.92 3807.52 5540.01 
4984.35 1645.84 7451.53 2490.67 460.744 
3257.21 9310.88 3587.2 1085.02 733.734 
6204.49 4126.05 3094.12 8711.34 4775.55 
4445.57 6778.8 587.769 4527.32 3124.49 
2253.27 1871.55 4053.43 9741.07 1796.49 
6790.07 3966.98 4703.8 2269.97 7774.5 
243.796 7254.32 9420.34 7695.32 9744.99 
9881.08 952.517 9055.85 3468.26 2037.53 
9789.59 9672.75 6163.58 2883.69 8384.07 
939.117 7329.26 5162.86 1526.89 1856.56 
8287.35 3780.16 3728.12 2340.77 3521.21 
5524.6 9130.84 7488.19 228.386 1400.79 
5262.67 472.183 8655.11 4682.99 8167.51 
8400.08 4564.06 9120.02 7455.91 8032.32 
1157.54 7245.48 7705.05 7321.12 129.152 
6089.1 8260.24 7458.41 1251.95 9787.13 
9314.97 9539.3 3567.27 3043.07 1880.05 
7088.48 8567.67 1010.87 4576.66 8796.06 
2411.66 9839.33 9268.24 1066.75 4522.3 
7435.73 9466.83 9086.35 6555.74 6922.72 
7118.66 7713.28 4168.19 4823.69 5034.39 
4297.34 912.777 3294.61 1755.74 2164.72 
3081.72 1070.69 1704.01 6648.99 4113.76 
3584.06 3737.46 2681.42 4594.92 8314.12 
1477.46 7006.58 8153.42 745.686 8073.33 
2675.71 8181.42 7540.14 1762.04 4737.14 
4462.84 8880.7 2450.4 8631.03 3704.37 
7484.79 2928.36 4617.15 779.387 4684.09 
6781.87 3861.11 5754.78 8485.88 510.088 
9868.55 2069.92 4247.55 2549.95 6664.84 
2561.65 4027.41 3671.41 715.055 4773.1 
1744.72 3390.76 2954.5 9284.86 5152.81 
7691.64 3747.68 4033.49 142.022 2378.7 
7737.86 7626.81 5307.05 2355 8406.2 
9991.14 9136.87 2267.29 5745.91 7622.73 
2777.38 5614.44 9692.65 7024.93 8164.39 
6357.48 9586.58 2191.78 28.8693 301.615 
6964.88 1773.59 3692.38 9919.37 1058.43 
8845.18 7610.99 4806.11 2878.66 7753.01 
7184.81 616.504 5379.81 2491.85 2971.5 
3785.99 2482.98 2108.35 6053.28 8228.89 
9731.09 8830.67 3843.31 9423.72 5855.58 
2007.68 5781.18 5442.14 4199.46 5810.05 
5743.75 1164.32 7583.64 9436.13 1083.68 
8642.07 8281.3 8694.67 3448.17 1159.94 
6447.67 632.965 1776.44 1827.46 3124.81 
4747.95 5613.45 5607.79 6856.3 1666.72 
3836.66 6587.37 497.37 7679.97 6011.07 
6352.95 9687.66 1792.24 1795.07 3887.1 
7602.29 7538.82 5051.43 5185.91 6974.94 
6135.1 3827.97 5256.22 4829.76 7276.14 
6416.16 1277.41 7909.1 8192.6 3104.87 
1033.9 2940.53 8718.33 6641.69 9796.83 
385.03 478.337 6384.18 882.4 8158.31 
2395.24 7235.35 7845.95 4187.47 9030.42 
1733.04 1789.74 6569.22 6784.46 6975.65 
3544.14 2919.55 803.604 8800.36 7749.31 
8079.74 5216.5 9026.72 5988.83 3409.09 
2131.58 7022.73 6349.62 849.886 3664.4 
6146.44 1234.92 4142.74 2530.6 2117.32 
2301.03 4925.84 9352.66 146.967 9113.31 
8383.06 1880.01 903.036 4952.27 8664.47 
7878.69 8496.41 1584.01 8682.29 7296.76 
9333.32 6762.02 2513.24 8360.02 2750.83 
5922.33 491.585 9773.55 2271.94 1341.47 
3437.94 8418.38 2576.39 7580.67 948.968 
4693.7 9881.71 5874.81 4046.35 28.6576 
4988.1 2429.4 1908.66 5891.14 7381.66 
573.117 3769.81 5878.06 2157.12 2452.09 
3174.8 1490.42 9214.11 5688.04 9850.45 
1964.92 1610.36 342.018 1738.45 3882.3 
1683.49 5176.39 2300.66 4259.88 2757.05 
3249.63 8953.58 2638.74 9124.44 2999.91 
2667.4 4112.52 5429.31 4576.06 3.63969 
2810.96 5149.18 3773.45 8689.02 7306.3 
6225.54 1863.79 8796.72 5439.62 7551.83 
8647.16 7404.54 9162.19 8989.17 9142.99 
3044.47 672.646 4319.37 5345.14 4932.52 
7076.42 8594.77 3886.09 9715.15 7719.19 
6886 2382.53 1831.69 2315.3 6958.59 
1835.33 5126.25 2107.75 5608.78 3815.25 
9414.05 1834.3 5679.05 8210.76 7273.92 
3230.87 6857.9 4678.45 2393.04 5847.05 
3821.42 5437.51 6519.7 8140.79 782.632 
1452.21 5217.19 9377.4 5338.29 4932.33 
7096.57 2224.28 7314.86 8928.26 4539.58 
4273.43 763.578 9665.83 6381.18 6372.36 
3481.07 5795.22 8206.66 9160.12 4005.96 
5480.57 2390.97 863.836 158.998 4784.01 
6710.89 3980.42 221.502 3230.57 2121.2 
1004.13 4682.78 7338.39 381.516 21.0542 
2270.69 7478.09 2245.33 9585.55 6406.33 
6784.91 3858.97 7169.91 6450.73 240.132 
3542.25 9931.8 6035.35 1748.9 9091.9 
41.2878 7229.46 1482.85 905.124 7388.46 
6266.86 7616.01 1368.87 6488.36 846.567 
3490.06 7492.49 5529.34 828.434 7874.01 
5550.4 3099.13 5352.08 7795.73 2684.66 
1758.4 4580.63 6543.63 8928.31 1031.34 
6783.76 2470.55 963.118 2819.09 4219.44 
55.0003 2860.38 1448.89 1537.85 3765.51 
8837.35 7804.71 1381.5 206.205 4293.05 
2228.07 3696.27 1785.52 7757.41 4524.7 
9659.53 3307.79 7623.83 5011.59 1103.51 
308.478 6769.99 5684.13 6852.11 5698.28 
6715.47 3635.85 8168.82 7678.59 6454.95 
2388.25 7733.59 9315.33 3837.14 9271.44 
3080.82 2674.48 7076.13 4462.32 2880.68 
1369.16 6690.38 6576.95 3154.68 4447.78 
1101.64 2814.19 7755.57 8725.47 7825.78 
8859.08 9033.95 4595.75 4543.2 5886.04 
294.007 1258.65 9521.89 8462.83 8937.24 
5976.82 851.063 6670.82 5292.14 4688.2 
5942.24 8372.95 7362.68 3018.35 2835.25 
243.347 4387.51 9525.64 6820.3 7542.19 
3973.4 7921.94 356.364 1728.95 6647.39 
8182.14 588.013 5681.33 2777.87 5131.21 
1567.35 3071.88 6389.86 1089.23 1534.7 
5327.08 7066.05 2385.76 1997.88 2358.17 
7073.96 7940.13 731.106 4436.63 958.461 
3566.36 4679.97 5345.97 3091.98 1500.26 
2888.15 7065.38 9422.2 3244.51 8794.33 
6069.57 1426.64 9382.34 1750.88 4204.51 
4513.53 3318.23 7276.39 903.374 4407.46 
8811.09 6230.46 1473.49 1196.83 8228.34 
3831.67 8270.79 6168.45 4562.77 2707.4 
7126.91 8129.13 7387.38 2472.87 1221.09 
8887.63 5361.02 8286.47 8309.81 8605.53 
7080.78 4379.36 32.1474 6463.1 6130.25 
4236.66 976.615 9448.48 1513.04 1879.99 
3855.92 324.108 8110.45 5329.41 1520.94 
6338.77 9161.08 9791.73 2507.21 3723.83 
2499.12 9634.12 1852.95 9886.49 2106.98 
3074.04 8774.11 7467.99 1360.49 7083.9 
6073.5 8441.27 1463.25 6105.65 4904.35 
7593.5 342.292 5880.96 7041.95 1855.33 
7760.95 897.855 2179.44 5871.38 6227.27 
3700.37 2210.14 5388.33 3492.09 4717.35 
9112.16 5991.2 4351.46 965.093 5877.68 
6458.43 4039.13 4651.77 3926.41 5399.62 
1735.65 9999.91 3840.87 3198.9 6105.54 
8745.21 792.383 6447.83 4626.16 7834.34 
8303.16 2387.1 8732.19 482.581 8258.48 
4959.44 4182.95 468.603 347.757 7675.04 
5185.95 9459.92 3666.22 9537.41 424.996 
9543.9 5995.82 4464.13 4195.65 9922.23 
9863.74 5931.31 9922.12 3704.59 9130.21 
6027.65 2449.79 9922.59 2475.47 7075.95 
7756.91 778.615 9463.05 6489.09 1261.2 
7721.51 1448.52 5444.15 8190.11 1796.27 
3119.17 3376.05 1256.18 6785.4 2913.44 
1681.17 6329.28 8909.26 6145.3 524.918 
8831.48 6009.02 6456.23 8753.59 9713.62 
5586.42 4781.22 2163.39 5509 7256.69 
9239.34 3265.9 8035.31 8702.37 9754.99 
9296.5 6423.86 1203.49 4740.63 4613.96 
2999.76 7859.8 7990.01 4255.94 4645.18 
903.43 5937.11 974.449 9812.69 2082.39 
1499.37 8644.16 8091.41 7955.59 7397.73 
7805.01 3542 2178.93 9968.4 9051 
9435.62 9207.73 2316.87 7470.91 7910.08 
2071.84 6767.4 4333.93 3275.33 1508.01 
8947.89 6275.09 9367.82 6937.88 531.009 
4012.98 7841.31 6468.12 4987.43 7653.98 
8550.5 6486.8 6298.12 6641.9 4442.38 
3695.83 4446.89 7984.37 5874.77 4415.28 
7035.35 5310.37 3622.99 9352.23 2781.27 
1533.05 1424.05 9548.67 5866.98 4699.38 
1056.66 4814.85 974.456 424.459 1752.71 
1505.46 4437.44 9594.01 7973.58 9424.88 
7247.98 6524.07 5911.66 3546.08 3165.95 
354.019 7241.92 7612.85 8338.39 3116.67 
2028.11 5373.73 8427.04 5651.1 4725.94 
1208.3 7184.15 6149.99 756.943 3051.11 
849.354 1813.6 7865.96 1823.81 2238.06 
9618.67 3329.27 6675.5 9212.66 1302.84 
6100.36 6460.62 7826.91 2012.01 6.68897 
992.84 2366.03 7248.61 8605.69 704.4 
365.26 633.776 6078.13 8792.3 6284.87 
804.044 0.582338 3469 6954.03 757.526 
6520.12 7803.39 2571.13 4386.06 9627.2 
4809.19 4004.71 2956.45 1484.68 3217.35 
4259.29 7585.04 9677.97 2086.18 9597.05 
9684.66 3079.02 1963.06 6933.25 1684.69 
2667.46 7298.51 2318.47 8745.59 6090.8 
8603.34 9549.63 6091.38 2072.33 6503.64 
6848.91 8592.45 4307.01 9420.04 2978.49 
3934.19 4229.21 6983.19 6890.65 5713.89 
200.525 1149.92 3298.91 9878.5 3236.1 
2895.95 9563.14 6315.13 4859.01 6496.37 
7999.82 7526.47 3794.87 318.269 6272.04 
9885.67 8921.61 5821.65 5977.03 993.921 
2325.28 2825.92 9586.37 6632.29 2245.94 
2564.83 566.464 6475.15 9548.03 7457.11 
2189.02 9748.55 8607.03 5487.93 9627.03 
1843.12 8383.88 9190.15 8158.24 3242.87 
5686.51 6158.04 769.323 9481.38 6476.31 
7041.36 9367.03 5397.91 2862.99 5344.04 
6391.83 5188.27 8169.96 5978.17 1820.54 
415.884 8543.01 2387.01 6891.03 8091.02 
9844.12 9080.05 7839.55 8451.13 4567.96 
7466.57 294.228 2951.83 6656.71 8452.47 
6194.7 2343.2 4610.5 6964.02 1824.56 
1086.8 4005.37 1191.57 6484.7 6868.36 
6535.62 2876.51 2056.61 4705.56 8854.68 
3877.16 5121.45 7397.68 6264.16 2012.46 
5488.68 6108.26 1092.49 3328.22 4559.37 
5660.46 794.768 4853.6 8612.29 7451.47 
3306.05 4806.97 9794.67 7916.55 1770.98 
1619.22 9003.35 5776.34 2810.79 5488.03 
2644.69 9346.41 8364.54 4701.3 4051.96 
7219.21 8578.45 9173.41 4616.87 4842.6 
1185.85 105.532 950.84 2278.35 3433.75 
5510.21 7938.8 4228.52 363.793 6551.07 
1679.97 3669.85 1358.03 1474.63 1586.38 
3129 3093.84 589.715 8905.34 5904.63 
6077.75 1550.01 5251.03 4442.27 6251.31 
9302.98 1661.46 4829.75 8476.37 6278.33 
9672.34 9662.22 6383.87 623.167 1940.55 
9817.61 6133.38 9879.36 4046.11 6497.17 
6430.41 5726.08 167.002 7788.44 7200.71 
1753.39 917.424 294.536 2343.1 9822.77 
6199.17 8420.85 1372.76 1450.18 2863.1 
7624.07 753.148 4524.57 2453.8 9229.52 
802.882 2126.13 8891.73 7186.75 2749.3 
832.265 7004.34 8882.68 711.606 1050.44 
5379.83 7142.02 6776.52 5546.83 4930.44 
3977.21 7300.22 5847.87 4271.75 9643.32 
5670.62 470.903 8064.15 7043.38 1921.08 
927.236 4667.43 2674.23 5451.8 7121.24 
1903.74 6254.69 9247.37 795.447 3441.41 
1996.65 1627.71 445.741 879.304 2339.32 
1496.18 6259.13 9481.34 8272.7 1805.95 
4411.76 2249.9 9106.17 259.613 6521.65 
8749.47 5930.23 6992.55 6813.6 2973.59 
8913.63 7740.84 7641.03 1587.85 3192.62 
4762.25 3491.58 9447.31 4009.6 4287.03 
2888.71 6006.24 5914.74 3334.45 6885.54 
8254.06 4830.63 3144.66 7735.38 3103.31 
4950.61 2147.13 5353.21 4056.76 2406.74 
1874.84 2806.21 8336.97 8867.39 9619.81 
1310.55 7781 7360.64 8951.57 9368.85 
553.242 3713.8 2860.41 0.534543 7723.4 
7147.44 2889.24 3729.62 3062.17 6223.69 
615.151 1316.21 1054.3 3759.81 9051.59 
4157.61 8710.42 1198.7 9510.82 2767.17 
3605.44 1385.64 5573.38 1942.39 253.004 
5193.17 3252.94 8034.01 2553.79 2204.49 
7402.84 3107.03 5918.3 263.232 3107.57 
3641.68 7410.67 5996.81 7371.3 472.823 
2220.48 7986.45 1789.03 3274.78 1746.25 
840.603 7432.39 456.654 2039.3 6943.19 
3223.82 5644.74 8328.83 8797.2 7587.13 
8581.83 3990.35 840.053 6615.82 6544.14 
3044.55 4018.64 9651.18 8962.84 4281.87 
2758.73 2604.51 1692.53 8755.54 9975.81 
2165.35 976.004 7962.25 3954.38 4250.78 
9708.5 4794.98 1683.16 165.133 6834.29 
8626.35 3388.95 2479.01 6955.15 2186.13 
66.1231 5536.97 6176.48 906.176 2152.77 
2720.61 3950.72 6171.41 2371.77 2913.55 
453.257 5130.5 5518.06 2145.78 3886.02 
5493.85 4311.13 4862.02 3456.08 8265.51 
9112.81 3164.56 3060.48 795.95 3329.69 
9894.77 9422.3 6718.65 2373.76 6377.44 
8904.78 2439.88 1914.39 5081.24 3346.06 
4067.15 7801.85 7296.78 238.541 173.606 
210.313 691.799 5304.1 5728.37 2837.58 
9190.12 1222.21 7148.71 4052.13 4678.29 
5414.21 3164.92 7842.85 8474.69 3960.87 
1172.53 8369.44 3383.15 7891.18 743.181 
9760.59 6795.94 3183.06 1674.95 1877.17 
6529.12 5742.11 9679.02 3825.88 5980.65 
9852.62 4036.19 6672.45 5156.71 9764.57 
9510.03 4346.82 986.757 6658.73 8398.95 
5665.05 2072.92 1563.86 3507.88 547.595 
5524.73 4680.41 8917.04 8907.88 2571.57 
9660.22 8668.45 9367.51 2843.26 343.387 
1244.66 9372.38 6085.5 923.662 3198.24 
2066.13 776.27 7234.43 8738.58 5932.98 
6998.98 8248.59 279.786 7985.74 4907.3 
8678.74 3650.77 6980.22 242.575 7158.65 
7527.81 5767.3 1839.05 6444.83 4675.17 
4410.62 6105.03 3343.6 3778.11 8948.29 
3686.99 5022.77 8320.65 9772.48 5946.43 
1518.87 1838.59 6722.7 8753.31 577.151 
2655.67 5752.27 8825.74 2935.46 3737.99 
3733.02 1614.17 7388.76 713.224 1856.75 
4547.4 8241.04 7624.05 6386.44 4685.85 
2299.2 797.043 790.869 5642.8 4575.16 
9739.16 9329.78 9597.93 8059.79 9102.25 
5544.34 9578.67 940.823 2267.03 8331.96 
1517.97 4922.7 4084.21 343.697 7858.16 
7822.21 4076.72 9472.33 5210.95 4789.94 
1329.06 9758.35 3030.97 8953.12 6144.77 
7716.82 1252.3 6941.81 8507.69 6895.1 
1516.95 8246.83 6224.87 1114.86 6306.61 
5327.1 6659.21 5885.26 6267.92 8926.24 
4217.2 7785.89 3848.92 8301.41 8129.59 
1707.06 6123.6 2206.29 1179.38 1334.54 
6996.24 2508.44 1092.87 27.1851 1461.54 
7237.64 7744 2713.84 4179.43 6251.68 
9608.94 5696.39 4498.49 5833.79 6811.25 
805.08 1160.87 3470.44 6690.34 7428.79 
2396.66 907.522 5214.67 6245.59 9208.93 
3344.25 7952.65 5332.52 5550.54 9132.03 
6667.05 2546.76 1640.46 7759.92 2573.94 
3102 4997.54 317.932 5815.85 9176.97 
6569.61 5424.78 4873.34 1068.08 1258.55 
1684.58 1873.16 2419.43 5155.02 8563.5 
9848.22 7551.68 9471.02 5062.87 3797.25 
8679.94 8407.12 1749.89 4012.44 3957.64 
881.903 679.479 6504.4 2522.36 8439.4 
9078.35 5624.37 3436.92 9396.28 1440.2 
2613.88 5965.87 6864.98 7487.22 7033.95 
8123.53 9171.8 8907.11 542.94 4326.8 
7470.59 391.143 1878.46 6941.6 5454.02 
5675.71 5621.52 3861.12 7425.6 9633.96 
7818.76 8307.5 313.425 4323.15 829.849 
8752.82 3401.48 6454.22 2189.73 2797.74 
7894.42 4803.61 8763.61 4759.38 2290.81 
5797.55 2882.89 1462.59 4704.64 3425.83 
5789.39 2175.22 3816.98 7667.85 9116.82 
9270.99 3343.54 4738.32 3132.1 769.125 
4372.27 950.842 9076.63 4685.69 5273.99 
9906.48 3438.5 8675.47 6360.68 5628.23 
1473.19 4255.08 431.823 236.79 9014.46 
2722.64 6034.34 1897.33 4185.23 738.961 
5323.16 9974.62 2914.18 9140.14 7642.45 
2030.98 8411.11 985.974 6769.31 1543.19 
1755.1 1141.56 2494.04 831.709 5827.25 
7768.03 738.167 9265.75 6443.48 7098.84 
4893.97 7916.67 1353.9 5325.79 8153.46 
368.341 8048.43 4187.78 2265.67 2233.64 
4926.74 7588.83 2208.24 7840.93 6728.96 
9850.69 9871.91 5140.05 836.643 6641.2 
6683.25 2591.74 7782.76 9177.28 3423.45 
3609.99 6945.29 4161.62 2875.73 3388.75 
1260.44 7769.7 1305.41 2614.35 3095.48 
9458.87 2982.69 1143.89 3646.64 5248.36 
3377.53 8573.38 2837.18 5585.76 6414.29 
9566.13 5436.43 6286.18 4706.17 6273.08 
2927.37 1389.4 8864.82 710.104 566.659 
2288.25 4320.1 7511.95 6449.87 7195.83 
900.685 7710.31 4965.51 2206.09 324.642 
8060.99 1664.95 3307.33 9204.87 5311.59 
8555.69 2582.38 3884.96 1392.85 8168.15 
299.236 958.96 3604.56 6585.42 5665.13 
9877.64 9512.79 7054.52 8742.44 222.873 
7621.18 1030.68 4542.97 5133.11 7480.55 
1738.78 6033.8 5190.84 6704.29 8239.89 
5515.48 4765.26 9904.84 8822.81 3970.11 
5216.42 7378.48 6552.49 9101.38 8771.33 
4720.62 9400.61 9730.29 8325.19 5986.01 
5395.4 8202.81 5498.78 2449.9 6945.24 
5721.66 71.066 7975.91 264.608 5204.18 
5456.44 2003.39 1237.96 647.266 8707.67 
9477.85 6162.75 3472.91 9382.68 4985.54 
7443.03 4599.08 2364.01 3995.5 3700.44 
1135.32 8716.13 3101.03 865.586 7041.3 
9087.05 6260.98 5244.1 4585.81 8710.88 
2189.32 307.451 8781.95 165.213 572.06 
3986.11 5621.65 2575.45 5224.07 6268.92 
1283.1 4701.91 2431.65 4756.02 4084.57 
7417.19 2199.03 8683.65 9781.2 6194.53 
2384.07 916.501 4910.64 5485.1 1782.09 
1951.93 4572.13 8043.07 7196.02 9157.94 
6753.93 9385.34 9465.39 5535.87 9550.55 
37.4374 9521.98 5172.19 2612.88 4746.03 
1441.09 3895.99 9447.94 3872.75 8652.01 
3532.5 1289.92 851.019 2216.13 1071.11 
7045.55 4600.2 1987.61 1956.18 85.2864 
3769.7 3908.1 4657.42 1812.75 1104.11 
3815.34 8566.68 489.43 3280.72 4102.53 
39.9657 3318.16 3624.49 5212.16 5931.04 
8370.52 6653.25 9827.03 7818.45 525.981 
8479.02 1350.93 1815.91 9330.04 3567.06 
2887.01 6375.57 8167.26 4874.62 8331.75 
8252.55 8644.32 2239.84 2909.95 457.053 
3343.94 6725.29 9023.73 3833.37 5.99884 
3126.25 3873.34 3324.16 6750.74 9085.5 
9255.2 5121.25 5738.73 9082.22 2939.68 
6264.71 7561.22 4290.61 8080.62 6891.25 
7857.67 967.613 3266.81 6024.92 5842.24 
1598.54 4277.45 4486.54 3838.38 7187.4 
4943.6 7182.32 3912.68 3967.31 1015.68 
3918.68 7093.56 4889.01 7242.83 3844.28 
3974.49 6498.02 8965.53 9713.22 5580.22 
1905.19 5977.92 3141.43 6195.81 4058.51 
32.6574 4053.46 5026.13 3299.46 78.3639 
868.349 4898 4355.81 5354.89 8736.38 
1543.2 298.469 5918.68 5455.87 4265.78 
6934.36 9374.55 1359.33 1823.35 6617.37 
5203.61 5797.85 3115.37 4169.12 5511.05 
8695.59 6074.32 1488.95 1836.99 2270.11 
5547.46 1869.65 6323.57 573.576 5169.12 
6401.93 1441.92 67.102 757.729 6796.82 
8803.48 2300.93 7095.28 4722.14 7756.8 
1361.05 1656.48 7131.33 2720.37 3479.83 
3748.68 7923.98 9277.68 6864.05 2093.09 
4788.71 5559.62 8167.4 6277.66 7396.61 
437.493 1825.11 9266.26 6761.06 2398.69 
4435.36 3162.98 3840.61 4502.46 3920.71 
637.411 3305.93 6221.63 7732.7 8028.07 
3978.41 9093.75 9684.55 1109.73 1814.1 
3164.37 4858.41 9738.09 2442.03 1722.44 
1831.16 7230.75 7282.05 9998.56 3508.39 
4678.64 436.035 5333.51 3944.89 7197.1 
7732.19 8380.25 360.055 1572.79 2882.7 
4280.76 2210.2 6188.62 502.374 9942.9 
4216.68 4480.79 9036.63 3901.21 5590.51 
850.712 7065.58 448.904 588.78 9507.62 
2171.34 2419.94 6738.35 9453.39 2418.48 
246.722 4132.02 2854.51 5580.23 8076.91 
51.5939 3312.41 6457.14 411.649 4885.2 
9339.84 4692.41 7095.4 5528.45 5194.78 
7038.28 9745.13 9675.57 6074.89 3646.32 
5266.07 6925.6 711.891 5714.97 7514.38 
219.489 7886.31 9934.32 6957.83 7339.69 
2352.78 7204.56 1471.69 5207.29 2784.77 
9548.6 5258.89 6097.18 6005.72 5670.54 
982.355 5345.55 362.928 8077.75 873.978 
5557.71 5116.01 619.088 5233.26 1190.88 
4265.41 499.315 8116.48 4977.3 6214.29 
5630.84 5196.79 4100.58 5565.14 2154.61 
1440.25 7917.92 9359.17 2911.94 3125.2 
2143.92 2460.52 8384.08 8241.09 8466.24 
4054.6 9223.45 3811.77 4417.53 7301.18 
4685.74 9975.24 2417.18 5304.83 5208.49 
3608.07 9570.25 5707.8 1724.53 4547.53 
1922.07 7355.38 9744.32 6022.65 2920.5 
1898.92 7462.91 838.408 1258.07 374.826 
3963.61 3401.99 2835.34 2347.67 1643.06 
1301.56 6402.28 866.495 5113.33 819.79 
8167.68 9799.07 795.015 584.843 5103.89 
6003.5 4192.91 4674.12 1711.29 5917.44 
9221.65 3633.36 3272.8 8965.95 9656.01 
6193.3 864.853 7118.9 7031.71 2122.92 
7493.73 995.299 5524.91 329.054 3342.97 
7167.97 1630.62 9745.25 8034.46 6743.95 
565.023 6202.12 6543 1360.04 6786.97 
1646.87 7363.54 979.859 6320.99 9074.83 
6897.3 5542.62 2708.17 170.081 4508.55 
2364.17 6363.38 5373.41 9483.07 3395.08 
7496.33 6976.78 4390.38 3021.21 7305.84 
7733.35 189.165 8936.46 7478.58 8223.63 
5680.38 8043.6 4425.74 2223.37 9403.64 
1212.69 3870.24 6767.16 2192.55 191.212 
5841.98 9089.84 5733.83 8550.15 9259.92 
242.366 914.299 5623.29 5615.77 397.354 
9018.37 3112.08 7374.14 3408.73 6133.3 
4679.96 1142.06 6322.46 3616.4 8620.64 
4546.07 9296.78 6664.23 8971.81 1520.13 
6067.85 184.477 5390.37 2835 2377.02 
5581.59 8676.97 1466.85 1315.4 7227.1 
726.757 1557.76 8141.4 6350.05 7173.54 
8538.75 5368.4 285.602 5912.88 8777.13 
6418.9 592.819 9919.19 2741.34 4209.22 
8539.81 7287.42 3505.98 5204.02 6259.21 
5026.11 1271.85 6443.68 416.471 4106.85 
8820.71 5998.06 2783.81 287.538 7313.45 
10.8926 1014.29 8871.22 8152.29 7364.34 
6044.74 6691.03 2732.73 6330.34 2603.89 
1509.84 2749.22 3196.71 1429.01 5490.57 
7405.92 9968.81 2777.97 911.889 5172.82 
9037.17 5938 6444.67 5480.84 6354.47 
551.505 4301.53 2352.51 3335.31 4589.07 
9665.97 3346.2 5603.36 8537.17 1498.48 
2967.69 4581.89 8189.51 5700.41 912.214 
793.385 7210.25 3661.44 3990.09 8639.26 
9152 1396 8608.05 1929.95 2307.89 
3780.85 967.106 8245.89 225.506 6447.94 
4600.35 777.011 749.456 6952.86 4112.32 
5338.52 6618.81 7458.53 941.865 5155.97 
8957.01 3909.55 9737.86 7146.5 9609.96 
650.053 7939.89 6820.2 4311.49 1929.97 
5459.44 3463.47 3325.97 4067.47 5393.42 
5633.86 7848.33 6360.53 3879.74 8073.83 
2808.46 8480.09 8850.84 3557.91 5432.94 
2963.15 8896.44 2051.73 421.66 9838.3 
7207.7 9378.67 3747.84 6945.54 6525.16 
3357.78 7595.59 4465.03 177.965 1907.07 
6395 5637.4 5370.54 9720.97 9704.88 
763.948 5354.81 7553.19 7124.48 9234.55 
5627 9932.94 7714.62 4477.83 3490.83 
3147.54 7440.97 2387.25 5199.28 7862.63 
2225.53 2406.96 7241.29 5973.37 9352.5 
3766.42 9331.15 6948.08 8231.45 9509.12 
8855.15 4626.43 5146.5 4225.67 4347.38 
4851.36 4989.62 9702.19 2404.53 2114.08 
8936.72 8031.53 2047 6651.33 2509.34 
5537.83 9798.87 9950.32 7925.08 4998.12 
7812.93 150.595 7405.09 5054.2 6123.96 
6757.57 8820.63 5455.1 3705.63 7052.07 
4964.2 2560.76 1678.48 110.687 6786.43 
6025.86 4962.05 1776.03 5728.03 7366.58 
3890.11 4664.74 5398.1 5937.1 1316.05 
7907.44 1474.91 1114.9 7857.74 9399.99 
6113.02 5670.66 9550.59 3518.09 724.842 
5674.53 275.642 9545.47 1129.62 3981.27 
6597.52 6093.82 6542.03 8276 6204.5 
3328.45 4301.84 1166.54 5104.48 29.8602 
8533.12 8994.58 4694.6 3931.2 4931.67 
6010.65 1838.62 6406.58 7125.54 9696.36 
5806.56 3238.54 5367 5357.13 6756.63 
6091.84 1031.64 7032.28 5637.3 2161.26 
1013.53 2234.8 8255.08 7555.57 510.78 
4459.56 883.998 4812.62 5626.1 5988.47 
4842.48 4159.2 4983.04 9537.08 8090.4 
9914.71 5547.71 9929.03 6321.27 2673.23 
9625.37 2127.81 5911.78 4992.35 7484.94 
2668.4 1084.18 8516.58 9700.67 6721.48 
677.824 714.187 8956.27 8932.9 8269.75 
9467.05 3392.45 9153.75 4279.66 9018.55 
5142.21 9122.14 3177.73 125.235 8659.21 
1268.12 39.9273 4206.9 1197.13 6361.2 
6880.13 822.484 8489.02 2791.9 5814.84 
5973.94 5460.29 6899.02 4490.5 5160.95 
3620.47 5168.33 5875.13 2576.73 4101.21 
4144.87 2043.77 7493.66 3298.61 6323.43 
6512.19 8440.82 5445.55 9689.92 8566.05 
4104.74 958.023 8605.98 8311.64 2155.15 
4967.17 5191.76 2977.64 3456.16 7983.65 
8792.47 9430.1 3443.93 5691.47 3920.59 
8604.87 9311.95 9088.92 4479.99 1888.66 
3190.11 8624.86 3932.43 683.751 1923.45 
255.837 7195.94 364.255 5701.39 6885.84 
8930.31 9806.13 7843.86 7536.27 8117.75 
9999.02 2503.42 3309.49 2976.64 5959.58 
1293.13 1769.09 5389.67 4737.05 7460.57 
9310.26 3341.91 6772.5 8399.16 7821.9 
8661.16 1589.25 6446.75 2593.57 2273 
8370.2 2849.41 9468.94 8734.45 8550.79 
6354.76 7664.74 8356.9 4198.61 5201 
6474.64 4197.61 7704.42 9784.13 7174.24 
3663.98 1077.23 8943.34 9053.65 5814.29 
6403.88 8363.89 9156.2 3176.36 6763.03 
6978.08 1837.51 8352.28 3424.81 4431.07 
625.269 1794.99 7280.48 94.1922 529.427 
5831.26 6448.96 8194.17 4188.15 647.548 
3395.15 662.764 4845.16 1099.55 446.873 
2019.38 4763.54 1524.11 962.702 3817.18 
7338.39 7366.59 2181.05 6494.57 542.934 
8944.08 3472.64 2380.44 7296.35 6897.44 
6811.51 7921.62 8692.43 4091.98 8015.81 
9221.86 9923.24 4464.75 7416.02 4111.37 
5112.3 811.151 4774.13 9957.46 1910.71 
5221 1976.82 6674.25 6745.11 2939.52 
491.403 4083.48 306.094 2672.45 578.04 
849.028 1616.52 4050.68 3229.47 8912.87 
948.102 40.9643 6834.47 9640.54 4132.94 
4850.27 8862.38 4056.16 9315.02 6278.38 
8167.53 4427.3 7089.53 2941.64 4384.74 
9000.24 8162.64 6361.56 5674.46 4907.73 
9301.08 6165.87 8991.22 9607.18 8838.32 
9569.26 456.188 454.825 3619.92 3685.66 
9367.7 4568.02 3726.62 6202.15 4208.54 
7859.56 1052.4 3070.9 1915.71 367.405 
9349.28 83.2212 4794.7 6438.8 3024.86 
9179.44 5439.02 1187.49 5540.98 1113.46 
6095.22 4842.05 7279.33 5086.43 4449.21 
6117.63 4655.67 4905.4 6572.46 8275.59 
8591.05 5940.14 2843.59 2317.66 2142.27 
7052.13 177.203 3194.68 123.014 2092.91 
3562.08 9472.3 2176.13 8356.79 5911.08 
5201 7536.21 1350.07 6388.48 3077.18 
2463.54 2483.69 7919.23 9742.87 7570.12 
2368.43 5860.48 2225.77 7273.83 2432.93 
501.338 5864.86 8373.07 3344.93 8182.52 
515.324 397.039 8359.72 3710 520.053 
452.62 7272.09 9992.35 2628.75 5628.86 
5903.41 7829.75 3165.05 7253.48 4218.22 
6242.23 9717.02 6701.91 4161.45 9459.87 
4272.01 6529.88 5320.33 6497.78 3803.68 
7753.26 6999.12 9668.55 6126.31 344.027 
7851.05 6641.63 741.065 6210.76 351.619 
1261.12 6663.38 7623.71 1253.45 9292.13 
3252.54 7156.86 7121.87 6417.6 4410.32 
1340.07 2659.81 4127.32 8041.98 6821.26 
3587.17 2313.97 3351.12 8907.51 8811.75 
7154.81 6660.75 5810.85 6823.34 2787.04 
6154.88 4674.37 9428.68 6895.94 885.118 
9780.3 8157.06 7548.5 7403.99 9410.51 
6840.62 656.513 6567.35 3962.47 7074.11 
977.66 5302.54 9733.92 5104.98 3344.5 
6555.17 8692.16 5658.47 9906.29 7599.65 
4470.2 7061.08 4260.38 281.036 3884.4 
7047.43 6435.91 8558.78 6476.09 3331.84 
9443.9 6256.37 1488.88 6992.38 3660.34 
899.377 3832.98 4316.85 7466.73 7795.44 
1390.95 8444.39 3097.96 1124.85 3549.36 
6442.46 7680.03 2241.5 2100.91 7586.3 
9841.15 6571.12 4647.37 4101.51 6852.15 
8531.77 1148.92 3288.05 7090.53 7625.01 
6619.89 6534.41 3881.37 8108.77 3526.77 
7541.71 9008.15 7359.75 1858.54 6474.86 
5155.17 3249.49 4919.24 8253.14 4374.34 
8468.59 4695.58 2054.35 710.075 6796.5 
9640.66 551.204 3367.6 4288 4652.72 
219.734 2819.76 5801.64 3507.78 9910.29 
3426.64 127.655 6444.68 7308 8236.43 
9971.45 4849.7 7244.56 7331.18 6708.24 
3719.4 2486.34 9957.73 8638.64 739.457 
4332.06 7107.22 5435.04 6386.41 7817.29 
2231.52 6027.05 8368.49 5599.12 315.037 
3021.19 5818.85 3134.8 8822.83 9326.63 
3045.07 2249.46 9454.29 9489.75 9557.46 
7690.7 9461.18 4407.14 4935.24 6792.34 
1115.36 8654.64 9278.68 1073.07 7293.27 
18.1176 5405.13 4400.46 5453.16 1791.52 
2217.74 7684.68 7818.57 586.215 3283.78 
8133.61 3607.41 9102.63 1268.39 2430.23 
8429.25 4313.46 4679.68 7883.52 3803.18 
4237.13 5574.2 3264.35 8644.27 509.426 
56.6717 9759.63 9164.07 9335.35 832.684 
6457.32 9353.47 6237.81 857.767 4806.61 
8029.34 3075.5 2491.27 5847.89 3661.72 
5775.05 3981.49 7269.13 4877.66 5249.87 
9699.36 3306.89 9563.33 4379.03 1190.39 
3366.5 8616.15 6764.59 6630.85 7260.4 
7274.02 6687.52 7020.02 6438.07 6022.85 
7852.7 2895.38 5376.3 4090.5 3753.14 
182.889 2119.82 6828.65 2674.16 7967.71 
490.349 8449.2 1949.18 7759.48 3326.84 
7199.05 7458.82 6633.73 6762.37 1837.83 
7824.12 128.847 453.965 4588.7 6759.69 
7714.37 1862.7 3447.19 4734.37 8300.77 
9470.04 2587.05 1196.13 4846.32 6677.55 
4949.27 5029.21 8797.37 1777.9 7703.37 
6765.06 2268.25 6152.55 8714.24 27.714 
9479.4 5913.27 7486.53 6113.11 2675.62 
9324.36 3937.21 2804.47 9778.33 8525.91 
9564.16 7492.68 388.591 3011.34 2227.03 
8689.36 2481.36 4814.08 9885.5 7327.68 
1491.61 4834.75 2356.88 288.962 6612.65 
60.2271 7054.02 8880.91 6212.78 5768.24 
8908.62 5692.16 1681.5 6395.14 1805.25 
4357.12 5719.48 5742.46 7161.59 5497.79 
4268.35 6725.74 2990.46 4656.94 9737.07 
5217.49 3346.29 2218.42 31.5564 3231.77 
9546.1 1523.17 8066.52 1902.96 1812.13 
4679.16 1963.19 8866.15 3560.05 8175.97 
4634.38 2468.65 3868.11 6315.87 8863.79 
5673.36 672.976 4583.25 1415.8 7834.57 
81.0304 5684.15 4560.29 3071.49 341.078 
4297.34 8288.98 3687.37 6515.76 8320.54 
6919.14 6061.84 9843.71 4985.64 7964.8 
1655.82 9664.8 9927.99 521.956 3224.83 
8103.94 5156.33 5693.48 1972.03 1472.19 
4557.25 7645.38 2145.16 9140.5 9061.18 
9979.73 9221.53 4745.32 4540 2293.01 
5086.4 8837.34 581.969 8773.77 5353.08 
8902.5 5692.89 1414.91 8746.19 678.516 
9379.71 401.998 343.301 9307.68 923.953 
3568.13 7411.6 6080.28 9261.62 9383.63 
7552.47 3818.85 7028.99 9697.63 2959.34 
6090.16 9677.34 2180.85 835.461 4217.32 
4473.86 5921.86 3054.64 5055.83 4695.61 
8407.73 3958.32 388.478 9822.64 2704.49 
1066.99 9202.33 3106.49 1410.3 8509.99 
4030.44 4978.43 5921.58 110.711 4240.03 
5305.19 7663.18 8058.88 2334.16 7360.79 
1018.2 8424.32 7038.12 3199.05 9259.78 
1255.42 7672.91 5181.63 4310.06 2728.72 
9877.23 2717.77 6687.04 265.693 2540.39 
9391.53 1332.69 1742.7 2498 2742.98 
252.68 6528.45 7721.41 6174.26 6639.16 
1961.42 1479.43 4302.32 20.2794 3813.59 
1663.1 1038.47 2237.9 8701.22 4237.52 
1497.66 9956.64 1910.41 6679.29 4266.69 
4639.13 6556.5 6984.46 1326.15 6822.2 
9524.85 717.665 8154.89 1267.54 3215.67 
897.85 1520.22 9744.12 8619.26 7694.48 
6383.26 580.664 9173.91 685.564 600.944 
2987.48 2348.66 1639.42 5225.38 1049.86 
5876.94 6723.04 1006.49 7787.36 3402.31 
5273.17 2426.47 9958.82 2257.62 3752.62 
6781 1782.45 4470.29 4935.87 3050 
7685.96 5833.72 4570.22 7430.06 4452.96 
2264.68 3813.3 5033.63 1438.57 4498.86 
5634.57 4426.05 6847.53 7273.99 9651.42 
7897.39 3150.91 6374.44 8903.88 938.25 
9776.76 4177.03 3364.72 9735.56 6434.65 
7117.35 6516.54 8217.1 1587.62 1452.39 
1267.08 9273.58 7286.11 5837.3 6703.62 
1739.05 8101.98 516.898 6772.68 9540.54 
5015.76 2407.23 3966.57 1863.27 9681.22 
3617.98 9760.66 2832.11 9992.42 8664.52 
3770.36 9769.17 2841.53 7135.08 9504.71 
9276.18 4252.41 6021.23 7493.26 5840.03 
7473.62 8760.34 5113.59 4759.71 4597.62 
1817.19 6498.76 2699.58 2334.09 3271.42 
2240.11 7349.85 5678.65 6206.68 9213.12 
5359.84 9824.66 8973.76 8191.96 9817.07 
7638.26 1962.3 9586.22 479.774 9097.38 
9090.91 9755.95 3349.78 5112.12 7249.2 
9189.81 2585.72 6009.52 4303.39 7345.43 
607.128 6120.58 3844.18 3306.71 8454.67 
7115.59 5546.82 5804.51 2794.22 1753.49 
5017.61 8154.07 1578.14 3991.36 6346 
1395.19 1629.6 8308.3 981.393 2109.37 
7405.67 72.2858 1865.31 755.432 5184.41 
9114.51 9945.24 7770.13 5124.01 4248.62 
5115.55 5731.14 369.182 8959.73 9037.85 
8823.86 6075.3 4584.65 4628.35 8869.52 
6338.14 9645.96 7023.57 7916.28 3637.3 
3369.56 9311.47 5266.9 1677.85 292.847 
7376.28 9083.52 365.133 9241.59 9838.95 
5549.54 8356.07 9784.18 3319.66 3480.07 
4032.78 8435.21 9211.21 4401.96 7394.92 
8249.04 3225.8 3470.2 2833.68 7854.15 
2339.71 9171.82 7500.09 9363.28 7088.08 
1137.38 2732.83 6399.54 6404.28 4410.67 
6692.39 3780.54 3494.18 7057.52 3022.11 
3333.11 2607.04 1378.17 3117.27 5926.7 
4858.23 7150.05 4361.89 4069.42 1551.99 
1756.79 2318.45 4777.79 5226.99 5152.12 
2631.92 7566.69 4323.93 131.996 6929.96 
1412 1269.37 9662.79 7811.53 7673.66 
4073.44 4503.9 1454.18 7567.62 1561.4 
4476.29 900.711 4168.45 5854.46 4017.98 
95.1282 712.673 1168.01 4457.02 4782.1 
2720 6213.81 7100.55 7497.79 1440.78 
2252.65 129.693 9007.47 6576.58 261.69 
5937.41 7988.58 1531.06 5600.18 5800.09 
9204.72 9673.62 303.978 658.883 7241.23 
1865.38 5135.17 8141.94 6033.83 989.61 
2159.9 6128.96 1702.28 3327.91 585.956 
6484.38 6047.91 6799.76 3584.91 3545.69 
8240.54 5837.56 3675.38 7247.99 2414.13 
3937.07 3185.39 402.686 5468.13 8785.57 
6202.78 4672.84 8459.18 6506.76 5331.72 
5700.39 8372.14 466.874 3842.31 4405.95 
1456.48 6002.21 534.888 3158.77 9330.12 
1120.84 9643.15 5378.02 7920.61 3228.04 
8923.7 6161.13 9065.6 2599.06 3409.1 
1479.71 6536.13 6594.49 1882.4 2004.25 
5380.05 8085.18 6677.09 3839.21 4591.92 
2008.79 9539.59 2964.04 2475.66 3381.88 
7369.99 3932.15 9384.09 7904.88 7090.91 
8714.19 9025.72 6734.05 4092.19 6946.31 
9962.09 3015.88 3107.42 9027.68 5614.94 
6516.52 507.375 2151.06 3111 2389.78 
4155.31 8491.04 474.937 832.378 2330.23 
5066.86 2841.17 1869.81 8030.9 5316.83 
5251.69 5400.87 9248.98 4635.76 3305.73 
6339.88 3349.94 2331.44 3073.91 7442.13 
9277.75 3035.98 457.99 2385.15 2063.64 
6072.93 8901.67 2571.01 8223.99 2012.65 
4960.79 2379.28 503.675 5435.73 3211.66 
2833.91 502.566 6052.83 4703.71 8533.46 
1369.64 9955.4 3934.32 618.6 4591.15 
7240.05 6958.48 7941.09 9571.49 32.3628 
5383.2 8849.23 3068.34 5841.19 1234.36 
5131.98 1914.11 136.017 7702.99 138.08 
2148.67 2663.76 2517.36 2652.34 8099.49 
5729.02 5486.25 8602.06 1781.83 189.946 
7135.5 3151.47 145.331 1069.8 3770.07 
4736.48 8309.86 728.527 2677.55 7881.33 
760.89 8060.76 6730.54 3829.23 3901.93 
7964.9 8961.21 5816.04 8100.92 6664.19 
5954.12 249.571 9327.95 8471.48 2901.92 
7427.42 4200.48 8388.17 6029.46 5982.31 
8578.11 3164.95 9133.78 8723.44 4234.75 
2903.84 3459.91 2544.59 3632.36 6137.46 
425.91 4393.25 4198.2 7156.45 8222.48 
8100.13 5121.33 7183.68 3916.15 3222.24 
3847.84 9870.27 3471.81 3175.78 8341.74 
6373.72 603.184 2542.21 4761.87 6632.65 
8524.52 3339.97 9797.59 7658.29 2063.39 
4032.33 562.108 5523.3 6576.93 4194.47 
1660.74 7002.84 8587.72 5858.94 4159.27 
6810.19 3959.06 9280.6 3993.85 7875.21 
2502.82 7841.69 7745.47 5974.63 1017.45 
6087.19 2348.34 1620.64 8629.4 7110.21 
8253.28 7153.9 450.161 8050.86 4812.18 
2513.56 2083.18 5374.29 8036.86 8660.1 
9568.76 9697.6 5662.92 8156.46 5556.53 
9822.19 4966.64 9515.58 9102.78 8960.48 
7390.77 1605.58 6802.16 5136.23 7580.21 
7819.61 1223.4 9928.55 9440.25 9852.8 
7038.74 7693.52 7006.69 7488.91 5744.36 
1818.85 2.44432 7827.54 7193.13 8039.3 
6487.62 6761.87 7736.88 2150.53 4918.32 
3293.39 1972.7 9884.95 2808.96 1075.46 
8845.42 199.715 2681.04 5647.56 5335.94 
261.241 3467.16 6559.34 189.776 2907.39 
6412.12 7228.52 600.886 3418.79 4717.41 
6345.25 5237.64 4719.85 4172.77 2430.75 
2759.14 660.37 9192.62 496.005 2810.9 
4110.92 3789.4 4783.59 3995.86 6598.35 
5859.05 2841.26 6798.07 8540.1 8488.82 
2133.99 8801.34 1955.96 8693.33 8991.12 
4863.35 5105.44 6219.62 5464.24 8524.23 
937.012 1809.47 3761.85 5656.87 5982.23 
6192.61 8416 6642.6 5385.21 8912.01 
9453.5 9496.14 2701.39 4237.08 3491.98 
9299.75 96.1137 6333.24 6097.8 8636.21 
4822.05 8231.79 7437.53 6778.01 6925.11 
6428.63 1641.34 2030.53 2648.23 7105.58 
554.745 3585.25 8915.05 4316.6 9242.11 
4897.26 509.186 7658.1 1539.85 5894.4 
6570.09 993.332 5390.52 9271.49 5230.41 
8882.5 8571.21 5326.52 5215.72 4669 
3962.72 37.7483 2900.77 1400.23 6815.76 
9825.88 7828.86 8457.1 1856.4 477.08 
5562.67 2411.14 4062.33 4477.7 6727.74 
3304.42 9374.96 7236.93 962.505 914.797 
3131.31 7532.6 1908.13 8521.82 6804.07 
7138.54 7404.3 5375.27 2465.04 2620 
44.2455 6427.76 2657.75 2945.02 7827.99 
9473.51 2770.88 5656.84 7930.6 4627.28 
6133.92 3493.24 7038.42 196.23 7970.94 
3766.14 3500.65 7345.89 1003.05 4463.16 
8260.69 4134.36 1995.74 168.798 2656.17 
8799.8 7307.34 60.451 4175.05 9772.38 
2680.46 4219.3 6200.12 5338.21 7164.32 
4028.1 4811.7 9935.2 9684.94 2742.28 
4562.46 5818.84 6235.53 1600.87 6015.07 
4206.45 5367.01 9515.72 1552.32 6370.06 
3978.86 9813.01 504.401 5974.6 9981.81 
3160.57 4774.39 7289.13 3221.02 8949.44 
7061.49 5901.47 3168.72 3261.59 1239.66 
333.024 7289.69 6051.37 268.208 6974.61 
8793.65 4830.67 2793.44 5029.16 6431.54 
8808.51 9235.61 1798.53 8324.22 787.917 
8168.59 2303.07 600.91 8672.99 8277.67 
582.702 1833.54 3052.04 7871.83 5054.56 
2001.47 4933.3 956.012 5170.19 8194.89 
2195.68 5503.21 5484.57 8247.04 5771.42 
2459.17 7040.67 602.075 5252.61 2069.81 
7033.61 4061.1 1305.41 8832.14 2385.31 
2093.32 7000.71 4688.38 2694.23 5673.68 
2966.03 3276.94 7507.22 6018.07 1148.75 
2561.76 8019.53 6082.05 3517.77 3189.7 
4276.92 5713.45 8692.92 9761.49 3960.47 
4464.32 2220.64 1001.13 5066.4 7473.25 
3070.95 2099.99 1534.34 4376.35 932.113 
3919.65 6469.68 7932.82 8608.02 9163.91 
3606.49 1574.03 2440.83 1113.69 7592.1 
3589.58 3675.45 5611.62 9671.63 7193.22 
8801.32 3948.54 2906.65 7494.22 3710.01 
6867.12 1958.53 5930.66 7868.25 7024.93 
3403.89 939.184 9124.92 4938.23 5315.54 
57.0162 8857.88 1785.2 7989.84 7465.89 
949.094 1596.31 9039.92 3389.93 2710 
6632.01 6979.51 6385.45 2243.6 6651.12 
3578.65 1044.91 599.634 6485.3 8539.13 
4309.65 3352.41 497.643 240.286 1220.64 
7522.57 3644.18 2159.83 6647.47 8582.41 
7475.37 6704.49 7440.27 9260.56 4694.31 
4906.15 209.641 6290.62 3946.05 3599.57 
9000.62 578.039 579.056 5386.05 2821.64 
7230.17 8964.7 3866.55 7829.81 5449.99 
2405.67 2139.44 8802.39 2903.31 2379.72 
23.0199 425.864 6023.9 2182.85 7073.34 
4606.29 9658.21 3777.81 2046.55 8918.76 
8472.12 6952.7 9128.4 4762.73 898.731 
2727.95 3763.33 1476.77 3307.01 9149.38 
4298.41 537.165 8114.07 8164.97 8366.97 
3564.04 570.616 506.391 2366.41 3473.93 
2886.11 2389.43 3899.79 8910.02 4572.28 
973.11 3516.29 4230.48 4750.92 5562.84 
3149.22 3223.03 2515.53 2277.61 7985.75 
3414.26 5005.56 1749.07 4891.03 8312.57 
898.435 9189.44 8849.74 9012.5 7354.39 
7216.69 2576.52 7925.01 7723.08 4942.94 
1398.92 609.179 7332.37 5298.71 9519.19 
1904.63 6271.82 3035.47 6135.11 1022.72 
8598.31 9284.33 4245.75 1113.82 1561.92 
2231.49 4528.08 6567.48 3980.56 9419.11 
4880.04 4878.99 8608.53 3729.76 3891.48 
5962.91 946.432 6468 3887.9 8669.51 
1410.92 5286.81 9278.69 8743.29 585.5 
8797.87 647.898 6857.32 1833.32 6783.01 
7880.04 431.621 6067.32 2125.77 1545.44 
7629.24 4357.25 6073.52 4196.71 8337.81 
5492.61 9076.75 3216.78 4101.13 2806.49 
7108.26 64.0186 3752.92 3576.25 3951.91 
2422.42 4987.16 9238.73 1701.1 3730.43 
9824.23 498.95 4378.33 6681.53 2332.27 
1161.32 4561.55 2763.89 7228.64 6687.31 
4309.34 4857.86 1044.55 382.846 9054.57 
9382.36 5875.46 8131.31 2599.13 9976.59 
937.781 9707.39 40.5928 4690.7 3283.62 
3992.51 7113.12 8270.78 3231.22 8814.22 
2001.2 3055.43 9313.17 6379.53 9736.95 
1645.43 7540.85 4298.48 4409.32 4769.47 
985.779 8718.66 9627.33 2030.33 9101.5 
8681.89 1412.68 4976.95 6813.18 4011.81 
4953.52 7750.96 3719.18 4994.12 2441.64 
7002.8 8986.62 9554.77 5273.57 2217.82 
8368.97 7274.77 5273.25 7682.13 3654.28 
5010.19 9327.55 1195.1 9308.67 3736.86 
5964.57 294.431 2455.5 5591.88 2324.76 
1556.99 4273.75 3737.44 6533.94 1086.91 
7749.24 1487.44 8837.87 1468.41 6481.56 
1279.49 8471.21 5468.17 834.243 3744.76 
7685.99 9203.21 1019.51 2959.22 6885.32 
4673.78 7969.41 6212.86 5868.89 7278.06 
9949.71 1833.44 7572.49 2405.2 7425.32 
9897.25 3962.18 1699.05 3634.67 496.099 
2785.96 1383.9 1983.54 1623.81 2852.31 
8465.1 2903.3 1323.5 3933.25 3737.55 
5068.25 1619.22 2940.74 6087.76 4578.44 
9826.07 761.523 2547.83 6038.91 6630.41 
9825.9 5988.61 8463.85 7398.37 8393.8 
5889.15 7295.61 2355.97 7588.2 930.266 
2852.06 374.147 2314.17 4835.6 1997.96 
5166.47 3300.69 4901.26 6489.97 7233.93 
8638.81 1558.2 8853.15 1579.53 7645.96 
3431.57 1405.58 8407.49 5979.41 7444.49 
5037.88 5805.29 3433.08 3501.71 3203.64 
1826.87 9390.85 499.234 4182.83 6979.04 
1429.5 7034.9 7353.19 3743.67 1870.48 
9351.14 8910.14 5171.17 4252.39 5400.09 
2405.09 2891.18 6958.29 1258.22 4470.71 
4604.24 4689.79 5876.29 3011.7 669.185 
3320.77 8049.58 6474.47 6753.85 1551.27 
9678.11 8580.71 942.108 177.331 2763.53 
7921.15 1606.83 9798.43 5274.32 5350.5 
1668.9 4625.44 4260.62 6840.07 8877.83 
9660.71 9245.15 1768.99 6618.98 503.356 
6239.7 1223.2 5193.15 2115.97 4234.9 
5862.33 5436.74 2284.47 2336.79 2190.57 
3835.74 2014.89 771.266 4777.85 2192.22 
3534.8 2698.98 3799.05 3333.21 7973.29 
9149.55 5002.11 2598.72 3410.15 1842.16 
1476.53 3070.84 1087.29 3245.52 9689.82 
1590.65 9485.21 913 6783.8 1601.17 
5147.9 2646.12 7037.9 7432.37 4982.91 
9228.47 1268.09 6997.79 9999.74 6045.94 
9190.01 3534.52 8744.91 2989.05 6867.73 
6718.19 2138.58 1869.82 9316.91 5548.73 
3711.97 793.419 8619.56 4799.27 4038.94 
8309.36 6389.92 3524.13 9222.36 3173.7 
5125.3 4370.25 5819.82 2163.19 1802.61 
802.708 1391.64 3070.7 7800.5 1391.36 
9116.63 6990.5 4925.88 7861.53 9979.55 
1793.59 4579.7 2118.11 3663.41 3896.59 
7666.83 7375.38 4690.01 6286.38 2174.63 
8728.95 4595.73 8564.55 2253.07 3818.07 
1738.24 7378.37 8188.32 7558.05 9541.56 
9990.93 8360.76 933.185 3061.61 6161.25 
2324.55 2178.23 3151.73 7250.43 39.7427 
3131.26 9044.02 4619.45 5249.37 2707.41 
8516.04 2916.18 82.7799 3206.04 9202.56 
2257.41 1934.97 3798.27 821.948 4188.04 
7616.34 2560.18 1566.39 5804.65 118.22 
1107.93 5795.56 8478.98 2041.12 8857.17 
4640.21 4365.67 1035.38 7791.94 1616.08 
1075.13 923.186 660.085 5694.57 6172.55 
3367.5 4210.59 9088.73 3450.28 7416.63 
8291.27 5707.69 9351.6 2089.52 6529.64 
3539.62 9705.87 9089.82 5106.01 5510.5 
9208.04 6213.94 1306.04 7687.01 8255.06 
163.196 2327.2 2620.7 1198.58 119.13 
4236.78 2273.7 1042.32 4896.87 7968.28 
7214.87 8264.37 2178.85 6303.58 1714.63 
9595.49 4594.84 7422.32 8947.07 6684.37 
3951.94 2486.67 6390.21 3041.75 7592.68 
1900.69 2249.78 3806.6 3206.74 9936.79 
2061.64 3369.93 2263.97 4682.35 4568.51 
2383.1 8919.13 6842.21 3425.42 3815.98 
4810.47 640.273 2080.33 6989.33 6943.86 
3794.95 6584.79 1538.68 1217.26 5531.84 
8223.05 5169.2 8018.52 4613.25 8210.95 
5611.18 6513.94 460.716 9417.78 9720.68 
397.486 1479.41 3090.59 2661.46 6161.75 
7659.1 5044.56 5080.86 4501.3 8469.99 
8896.84 9311.77 9110.26 977.149 6301.08 
6054.1 4772.1 2885.86 7592.78 5989.36 
8417.7 5815.81 1158.55 6436.2 429.044 
9369.5 2047.36 6942.99 9830.22 1465.13 
6663.65 227.688 2944.54 9754.24 2889.15 
9106.29 7413.32 7933.71 4187.13 1914.61 
6403.68 3083.95 1226.36 5513.92 4061.1 
7527.44 1568.01 8833.21 413.285 9160.79 
4822.55 8830.99 4976.58 5981.1 5267.17 
5405.63 5350.59 7314.54 2348.6 5180.79 
8779.67 9012.24 5408.48 1724.19 8766.47 
8297.62 830.458 6179.77 6231.32 5017.59 
8094.38 2634.99 8101.55 9320.74 8148.91 
2162.63 6848.17 9716.92 995.824 7261.46 
8877.69 5818.38 6092.43 3854.25 1799.46 
1359.59 9259.88 7150.05 8674.12 1608.46 
2330.82 7453.78 620.689 7739.3 9177.96 
9387.16 6036.91 8.40385 5566.91 2268.21 
5025.99 3661.28 4903.2 3127.52 2982 
3052.09 5290.16 9830.17 2768.99 6285.98 
7091.61 1646.66 2104.34 3184.02 5500.91 
3903.8 4543.61 4760.77 1053.84 3217.72 
6369.24 3384.66 671.474 6989.93 1123.94 
9849.44 6377.06 7160.85 9857.84 1943.96 
9429.06 4883.82 5605.23 4332.24 8011.34 
8587.24 7384.33 3301.48 8417.39 153.305 
9587.46 5508.99 1799.96 1691.78 8693.01 
7300.87 5595.58 3236.6 2061.63 6649.42 
6454.32 8430.87 34.0596 7125.79 5420.78 
1158 6975.21 1797.82 8318.85 6833.04 
3741.78 7747.89 1716.84 9347.02 2080.12 
9728.18 7934.24 9464.45 3029.64 6351.62 
9617.76 2617.08 1860.59 1417.7 4308.86 
553.585 8718.58 9904.44 3790.19 780.189 
6553.85 244.492 9211.06 6587.91 7370.29 
4631.82 7745.91 4345.48 6429.64 6064.74 
1178.5 171.407 3812.62 2895.34 9518.43 
5892.73 2623.5 7452.65 5357.17 5653.14 
3804.25 4974.91 8270.22 5664.84 6392.61 
2579.07 6218.42 5111.17 2483.49 8.59594 
5891.36 9037.34 253.088 5102.4 5625.23 
7623.37 9734.21 3371.12 1968.84 6163.84 
9435.86 3147.34 6335.24 3248.46 6042.68 
5853.65 9141.19 8666.18 3306.29 4498.34 
4319.31 7110.53 9473.25 2589.51 2775.36 
5865.85 5168.58 8993.78 977.003 7652.07 
9002.38 6868.36 6689.39 9255.46 1970.74 
2314.61 6878.82 1704.94 5685.72 8847.66 
7868.78 5121.56 1994.98 4204.01 8370.02 
8037.66 57.6435 7511.19 6703.83 3363.93 
2009.52 1023.12 474.447 1482.75 3612.63 
3249.8 7348.6 8781.2 2243.56 8325.61 
6433.26 1245.92 5193.95 3122.64 501.369 
7164.7 5437.24 7380.19 8869.64 1122.95 
6227.83 6738.4 6244.51 8222.82 942.388 
4614.51 6260.46 1000.03 2125.69 2964.27 
4363.96 4135.21 3987.39 4838.41 5617.96 
7600.02 8088.21 2966.55 6381.2 331.758 
1292.14 2814.45 1577.68 6486.09 5937.08 
2079.05 3650.77 1374.31 9459.24 2520.39 
2497.26 5687.05 9258.79 8741.77 3909.85 
201.157 3356.27 170.299 1201.19 5481.96 
3134.57 5565.15 9617.16 7121.96 403.54 
5235.11 4721.96 8491.75 8201.66 1103.15 
8823.51 9493.79 3917.6 401.172 5979.86 
9854.68 2480.22 9630.63 1228.97 1939.44 
2151 3726.22 7626.5 1409.77 2467.98 
1536.34 1610.93 5824.24 1706.63 2812.12 
1306.18 4841.21 8377.27 923.327 1963.15 
8780.81 6158.43 6685.12 7272.54 4360.07 
7788.27 6096.03 3853.85 1705.85 6497.2 
9833.71 1560.51 8977.43 9464.33 2789.48 
