700 5
7446.27 8425.93 731.815 1512.42 6648.69 
9383.63 8868.6 623.953 8445.31 2733.31 
9902.42 5016.23 1803.91 6792.47 7823.47 
7966.41 8597.46 336.816 1278.18 6767.08 
7389.95 9912.81 4.62247 6625.56 4420.21 
8839.7 8668.23 3130.49 2491.54 6684.89 
3190.58 9937.81 5110.8 3922.39 1450.21 
1759.48 3306.01 318.798 2383.43 1751.3 
3052.11 2285.83 6767.52 4856.02 9078.3 
4590.97 2822.41 7675.73 4927.79 4100.58 
4442.8 2317.72 4013.38 4447.42 8943.28 
8433.59 3287.1 7611.49 1564.07 5778.65 
4296.36 4754.64 5716.45 9407.16 8677.04 
7166.66 1166.63 1983.03 7485.46 3550.06 
3734.32 537.553 5835.89 501.83 5393.57 
4914.17 5092.8 8215.98 2589.88 20.5754 
2316.54 7032.69 2338.3 6329.92 1480.09 
1281.56 4763.5 4767.2 8893.05 6327.57 
545.831 3189.39 1082.19 6262.28 2596.54 
9759.23 3428.92 3763.16 1742.24 914.364 
7313.22 5476.56 1451.92 3149.09 5978.39 
6845.49 8063.26 1071.18 5061.45 653.122 
1091.75 7377.99 7685.81 3430.05 3707.9 
9165.9 4711.61 8471.4 3933.08 3604.64 
4798.94 4478.91 6794.03 5881.14 741.175 
9390.57 5640.35 4170.1 3153.71 7382.59 
5084.46 466.915 2859.13 6536.38 3616 
8837.52 3381.85 1679.24 9908.7 8443.29 
2332.37 1000.43 5821.27 18.1567 4430.48 
9529.16 9184.06 9142.09 8000.54 3117.13 
2746.71 2799.47 7596.04 9540.74 8680.6 
8337.21 8931.28 4320.94 2507.29 2084.98 
1703.51 7591.76 2551.89 4562.64 4128.12 
6167.9 3400.14 7509.96 7847.14 3308.82 
5953.24 179.487 4309.25 1774.49 197.644 
8739.73 1303.63 9381.7 7881.81 9304.17 
2498.81 628.496 2103.63 94.8354 169.214 
784.212 8432.05 9100.5 5105.15 939.329 
1185.46 6808.65 8531.08 3737.35 1371.27 
2659.18 9905.25 4771.42 169.131 7752.37 
8080.24 6122.37 7931.86 2389.47 7896.86 
8129.5 1129.19 9200.49 7511.19 9011 
8504.65 9.98099 9639.49 608.258 104.816 
9808.71 1392.47 8536.87 8909.19 6497.62 
9476.2 94.6262 3306.26 8007.26 3831.98 
4677.53 666.43 3737.21 9448.94 835.561 
1489.56 7529.16 6957.93 9421.42 9918.64 
4854.77 7550.9 1047.81 4055.25 5062.07 
58.7882 2559.88 5072.05 9698.28 3168.14 
5176.86 9506.97 4560.61 3713.71 8416.13 
1058.21 3189.89 8510.76 4364.47 1197.14 
2342.72 9042 1863.57 6079.93 8490.92 
2699.13 7569.48 6020.07 9657.06 6990.88 
5938.69 4511.82 4541.76 6986.5 8567.06 
9603.83 7045.29 1126.93 4675.86 6743.55 
4295.06 9852.72 6250.5 8855.67 3566.42 
4666.62 9913.88 6756.31 3177.36 4278.33 
7953.45 5520.08 3320.31 9817.02 1599.99 
1811.22 2516.13 9169.48 7831.29 2173.18 
6160.34 3769.96 6684.99 702.087 756.442 
5252.04 305.9 7801.73 6378.96 4981.76 
4545.26 674.01 4834.47 795.747 9529.68 
8400.89 5462.36 9443.55 5157.19 8639.72 
3721.86 3110.62 4159.79 7042.17 2927.62 
5759.78 8853.39 5443.76 4929.24 6684.66 
7616.94 1089.56 454.601 4301.91 1791.65 
1211.04 9553.95 2097.55 9012.77 5932.89 
7079.31 3558.02 6606.9 1913.76 4353.77 
6136.57 314.63 9816.13 5580.1 5471.82 
8455.84 9301.97 8582.44 2615.61 6344.12 
1510.04 8375.39 5197.5 6953.8 3304.61 
1882.14 4570.72 4394.17 2336.74 8872.63 
6185.82 3547.78 8426.56 8283.37 2560.54 
4359.44 5362.66 6118.56 966.325 7276.42 
472.312 7102.9 7591.05 288.427 2682.98 
3062.85 8744.27 1984.93 1645.27 1359.86 
8329.05 3155.31 9735.25 3526.54 109.095 
3039.84 5408.68 4679.81 7434.01 7745.42 
3552.43 3619.82 1293.19 1978.97 1903.17 
3853.73 6338.41 7265.83 9972.29 7304.73 
4542.24 444.583 4407.61 2133.27 733.01 
7090.59 5196.12 9477.28 9075.52 6841.39 
837.119 7404.56 9996.7 572.352 931.079 
105.783 3612.19 6339.76 4785.6 1046.19 
4085.16 8338.02 4666.01 5378.34 316.977 
6569.18 9232.07 6655.38 3835 9204.34 
3960.1 8377.24 9648.92 8367.71 510.495 
381.916 5458.29 5706.62 9859.19 4533.79 
2547.99 696.295 1938.33 2544.68 1268.65 
2869.41 2650.46 4880.84 9209.17 7436.06 
5927.03 3294.31 5774.07 593.027 8672.65 
6091.04 7162.21 7904.7 2746.41 997.192 
7109.02 6706.51 9374.43 6757.93 5074.21 
9884.92 7139.85 532.478 5591.53 6999.02 
5066.27 8139.52 7695.32 7004.6 684.183 
8963.96 9874.02 3334.65 3844.79 9083.17 
770.69 9771.82 2377.46 6544.76 364.833 
1050.09 2635.78 7527.04 8954.79 5382.19 
8524.24 6063.8 2088.69 7898.65 2821.72 
7162.9 7783.56 9961.56 7695.38 3375.07 
6960.57 2761.63 1514.57 4655.87 9766.23 
2198.75 3619.82 9640.24 5533.4 7464.61 
8723.39 6304.09 7236.41 1100.83 2848.83 
7601.25 2150.92 5484.61 5128.27 1105.7 
866.79 3652.49 7169.5 2955.48 1551.12 
9991.22 118.363 9334.68 9952.77 7813.74 
2709.73 6913.32 575.354 4224.3 1569.17 
341.572 6423.05 5188.99 9981.81 1956.44 
2653.58 8705.18 8260.53 9889.99 9806.01 
1109.34 7491.22 1956.91 6593.95 2619.48 
3062.61 7460.74 6271.97 232.1 416.207 
7823.09 223.304 534.57 7157.76 176.054 
8348.31 9867.49 7089.37 8923.67 4091.77 
8658.54 9265.24 514.811 3847.52 9247.03 
2471.25 6501.1 7952.19 731.759 6391.07 
7758.18 1841.1 3882.27 9715.09 8435.05 
6501.75 2777.68 5895.78 2773.7 3009.79 
6311.98 596.778 3233.09 6846.55 7754.54 
3409.14 5194.85 7622.01 498.5 4118.5 
1713.77 9157.04 3383.72 2228.58 3004.54 
2630.73 4699.82 9505.64 582.898 5431.58 
5896.69 8341.07 7272.68 9778.96 8056.15 
5707.71 6280.7 833.814 1603.47 9054.4 
3843.6 7915.46 9651.18 7076.69 4761.99 
7405.7 485.816 9956.84 5027.69 984.317 
4075.32 6741.46 141.344 7459.03 8970.03 
3145.89 89.7416 3669.84 2651.51 672.639 
9101.42 8548.2 9013.71 6374.09 8327.15 
7069.84 2081.78 4607.83 7903.66 3685.26 
3662.22 1747.24 1600.69 3313.38 8823.93 
6362.69 719.061 9309.74 6319.5 5746.75 
294.044 394.804 2488.19 435.388 7853.84 
1458.2 3581.28 7943.58 5128.04 6232.79 
8616.22 4229.45 4780.97 7629.91 603.517 
3108.11 4699.74 2685.3 7715.94 2603.38 
6370.56 1378.14 4350.62 7971.25 4691.52 
3174.53 4333.92 5410.58 2484.26 653.406 
1157.31 2778.3 1048.21 3645.5 3213.69 
8902.05 5103.7 6794.97 6845.61 231.728 
3027.74 5461.8 4461.17 7808.71 3091.7 
5064.69 916.797 7791.44 7749.99 8632.73 
394.802 4120.53 10.8536 4745.42 2091.76 
4702.37 7919.95 6425.68 112.928 404.191 
7079.09 1270.24 3182.49 8127.3 4915.74 
6396.18 7029.33 19.4214 3191.13 3874.92 
251.149 6218.87 9336.72 4712.32 4027.56 
2428.41 9777.02 4944.36 219.828 7526.99 
3577.07 614.63 1647.5 3587.93 5360.05 
3739.27 8290.3 3279.99 164.935 8403.22 
3684.18 7244.02 9673.46 6866.67 5371.31 
4589.18 3262.83 2400.62 4608.6 6453.96 
6275.53 4859.75 2672.81 5612.24 9572.08 
6700.37 8040.64 9349.07 1644.71 8260.47 
6876.05 5221.79 8875.1 8523.55 8809.71 
4235.14 2262.81 7099.99 7515.12 2427.74 
5503.2 1199.28 9671.76 5176.65 8065.95 
5043.05 9765.83 1328.77 7443.67 4374.41 
7782.73 3719.19 9234.16 455.527 9331.43 
8806.22 7155.9 7372.05 8155.28 8800.61 
5632.51 5031.31 4022.38 4507.59 3554.84 
2832.08 8742.73 5817.65 9932.08 6257.84 
8245.39 5435.26 7457.12 7917.14 611.887 
5523.05 2960.18 377.696 6851.81 403.83 
4752.11 4634.53 4123.02 3986.25 5090.05 
3454.43 2792.45 2245.94 826.468 947.715 
1046.53 6458.98 5979.02 5068.92 966.555 
9533.87 7901 9709.29 5351.5 7833.06 
5967.1 3596.87 3268.3 3424.2 1513.99 
3880.18 8947.25 4474.17 4257.88 5799.05 
4878 9009.99 433.559 9001.02 2996.22 
5523.61 2455.43 5788.68 7769.55 3281.9 
6736.39 8816.08 9740.88 2715.4 3884.98 
707.414 2249.25 1785.96 416.683 7600.75 
9619.02 6383.79 1197.61 2887.3 9807.99 
2711.6 6767.49 8755.22 7185.77 1025.35 
4554.26 2063.75 35.3193 4987.82 1064.75 
3031.54 511.412 3520.19 8820.22 8280.96 
6802.09 5556.59 7097.03 6542.94 8271.99 
981.995 7250.36 521.216 2767.96 7667.04 
8121.96 2386.96 4050.81 9319.57 5274.27 
3858.78 2031.15 2041.74 2613.99 9216.92 
3067.08 7168.25 1280.66 3102.4 2156.05 
2345.42 6133.94 2667.46 5865.6 4954.14 
948.406 2667.67 510.715 8045.44 9210.61 
8782.7 9027.43 6460.96 9303.92 1795.37 
4127.98 7425.87 4182.34 8178.79 6745.42 
9456.6 2037.56 8776.57 1498.32 4651.55 
7993.48 4565.41 1819.78 9274.14 7667.81 
3975.83 1619.54 3801.74 6643.29 7485.14 
8755.88 7591.7 152.794 9266.6 5637.12 
9363.41 8049.28 4664.53 5824.35 7353.18 
6459.9 9952.33 4779.03 642.222 8131.1 
1524.43 98.8081 168.642 300.988 1597.13 
4820.19 8294.47 6162.54 6639.97 7568.6 
3830.33 615.786 9188.14 7632.07 7259.08 
6673.26 6387.93 4850.76 6826.06 5654.51 
487.856 6189.45 3703.78 5152.38 2013.78 
1056.94 1612.27 1966.09 5835.97 2254.49 
97.1729 7360.4 2353.3 265.815 7661.39 
3950.43 5086.01 5955.84 112.949 1725.96 
3524.42 3943.28 2341.75 2712.54 1575.33 
9600.83 9385.8 7963.27 4451.57 6211.84 
3617.76 4939.42 2401.27 7321.54 91.7912 
4415.05 8378.48 1704.06 6381.14 4214.44 
3958.55 6478.31 1574.82 6311.85 6744.13 
9236.21 262.263 1830.12 5192.03 375.212 
3556.08 8716.45 4318.49 5897.83 1428.97 
5893.82 5498.64 814.758 3857.07 9950.21 
7026.6 7474.84 4889.62 9427.88 4796.36 
4981.41 3842.91 3174.83 6685.47 224.033 
7389.26 644.002 6702.35 8964.08 6955.85 
3446.46 8200.27 7218.12 5276.58 3392.28 
7593.33 8832.66 2108.72 1911.8 4730.47 
3537.69 7805.62 229.098 4352.45 1662.68 
179.29 1379.03 9137.51 5068.91 806.889 
3933.86 50.2954 4649.8 7108.69 6735.76 
4873.83 4497.93 7379.76 1576.16 3462 
4335.6 5022.62 1662.25 1553.7 299.18 
5054.54 9147.03 9131.84 7163.25 1058.81 
3862.3 700.926 8864.43 4091.39 5053.37 
527.094 4270.68 6432.4 9664.61 9339.59 
7239.29 3598.45 9389.88 1889.08 707.118 
6125.63 6762.91 5205.05 3505.38 8339.07 
8667.05 7840.98 3361.67 329.282 9394.68 
3660.85 5383.82 8541.68 2792.67 2547.05 
9600.49 6654.97 3247.98 8464.91 746.346 
8301.35 8992 5017.03 4733.74 8656.59 
4356.6 1973.02 2255.03 3746.47 3862.09 
2962.14 9872.1 624.984 8167.19 3377.46 
8964.05 6834.22 1218.42 2325.71 7163.51 
613.082 5986.56 2547.31 9154.77 8779.23 
5094.36 8755.24 5434.18 8342.34 7220.14 
6180.53 6643.68 6212.12 1197.54 1377.41 
4868.7 5554.14 3350.42 7123.73 9300.61 
7212.52 85.8564 9172.7 7837.5 8253.05 
2550.14 6801.54 5087.26 3768.57 9127.24 
2250.75 4381.65 5113.78 4798.05 3536.4 
3892.99 9892.42 2291.62 9327.18 8234.74 
9511.76 5507.69 4878.41 5723.87 6705.23 
6255.81 592.55 2259.36 9606.23 7716.28 
1559.95 6818.73 7802.13 732.634 4656.22 
6055.17 3282.78 1457.74 1142.41 7051.34 
584.96 3393.16 1432.97 5698.74 8191.21 
4969.37 9591.74 8083.61 7260.99 8918.9 
6318.34 6772.73 4426.57 1196.72 2496.58 
1131.78 7452.54 3089.13 3391.13 7058.75 
805.395 4951.09 3877.47 8607.53 5683.72 
8533.69 4662.68 8966.5 9991.42 5805.09 
6017.82 576.366 9198.25 7450.79 6275.11 
7389.44 2420.15 5866.83 5473.04 9681.14 
4785.71 1791.36 6453.86 9212.27 2988.08 
8950.44 344.037 440.598 2039.56 3735.17 
7499.35 2844.95 8686.26 1376.8 1452.46 
4369.96 9910.49 6115.15 3336.44 9901.9 
1920.22 9354.27 478.245 1118.45 6805.04 
6753.35 8507.89 9225.19 2620.16 3980.91 
8906.31 7405.87 5772.27 5360.15 6618.13 
8760.35 4310.57 6962.17 9200.95 6350.13 
697.32 6700.28 9195.08 9383.58 8077.08 
647.525 3753.52 7987.56 6762.67 7089.97 
7889.44 8682.89 6444.22 8367.68 9801.34 
3249.24 5121.02 8309.22 2474.42 7741.18 
2290.12 1380.71 5147.04 8062.39 6740.86 
1765.15 6822.72 1051.42 8727.31 6023.65 
7401.55 9424.63 2723.92 6596.61 8808.2 
800.983 7244.13 2561.7 8788.54 4006.78 
9651.67 6677.96 2689.66 6095.87 5045.62 
2490.98 9345.11 166.625 800.186 1819.51 
7907.81 3090.3 3200.22 3054.83 1152.67 
9941.08 4819.98 7975.39 992.486 3547.27 
3999.03 8394.03 2971.89 6722.94 4990.62 
1780.07 7523.92 2234.74 4341.77 6312.45 
6241.52 3993.43 2990.39 8931.18 89.2793 
8036.01 1422.15 9434.39 8202.64 2222.33 
1253.89 6110.43 5312.63 4454.11 9165.25 
6465.31 4395.18 3985.21 4440.68 5387.66 
7532.48 8439.71 3781.68 504.357 5162.63 
8772.3 2284.43 2686.54 1007.02 6626.2 
8998.99 7248.54 619.608 1989.36 6179.71 
708.888 25.3545 7601.85 143.262 8227.99 
9824.18 1397.15 4338.4 5136.8 5851.26 
3503.64 1602.09 246.418 7488.85 6042.77 
5634.08 5021.32 4482.46 9415.76 5525.68 
9645.1 8188.04 7810.1 2331.62 9195.06 
4436.29 1330.59 6443.59 5055.9 3319.94 
2623.28 5764.78 3345.3 225.114 5908.04 
1573.27 49.2811 7305.19 5911.68 5186.08 
3156.44 9415.32 6788.18 3402.85 6904.15 
2830.93 9036.93 1925.46 7313.4 8452.68 
7451.14 6958.48 6640.7 5261.22 9290.1 
5835.75 9697.51 620.665 2279.32 4753.39 
3940.61 4902.6 518.155 7285.91 5127.71 
6426.2 8859.18 5176.99 3731.38 4770.84 
363.06 6887.81 4186.14 7151.24 290.649 
1090.28 9982.17 9327.58 3015.74 7295.55 
7780.24 466.86 4254.01 4420.93 5728.08 
3544.09 256.661 5425.58 4164.75 2535.98 
178.951 8105.36 7438.58 697.106 5391.25 
2566.28 7123.31 4250.42 7743.27 854.667 
9021.26 8106.33 7742.48 3207.39 5257.55 
8033.13 4297.67 5239.7 7360.69 7313.41 
2535.24 5140.92 7780.27 6789.25 9561.85 
3508.34 333.322 9818.51 8933.92 4498.08 
2354.48 9112.87 2603.42 9793.06 9809.97 
7994.68 2359.32 6933.26 2245.08 102.574 
7787.93 1266.32 8208.91 5530.39 4473.71 
3466.44 3563.5 8771.38 8706.14 924.181 
6084.78 1241.36 6065.1 3865.03 8030.61 
5626.94 7373.37 8363.93 5445.43 6307.27 
2861.99 7799.91 5420.12 5465.42 7592.95 
5230.08 3460.08 9952.27 2163.32 5705.16 
54.832 9951.25 6971.48 8263.74 5481.63 
1445.18 1730.16 9045.13 216.547 436.286 
9969.31 6301.32 1677.65 6034.4 166.339 
9708.26 1661.32 7539.71 8072.18 7106.75 
3846.96 934.156 4906.65 9267.08 6399.57 
2499.59 4497.14 9859.65 2451.84 6660.46 
5564.79 2506.68 6611.7 2536.26 770.397 
2093.31 3981.44 2500.56 1138.43 4197.98 
2936.84 1107.73 499.292 4614.49 7142.13 
665.631 4322.74 8803.45 8205.34 2394.9 
5910.19 2052.28 3329.06 816.817 1319.35 
9728.63 3316.4 5816.49 9588.26 5768.25 
2476.93 5153.04 8274.93 9088.64 7689.29 
9045.32 1181.93 1670.71 1545.86 2320.36 
5868.7 4482.71 3428.09 6367.99 9097.2 
570.198 7033.62 3419.92 9373.64 5238.94 
5814.82 5283.81 7291.23 9143.88 6100.63 
8610.57 8872.49 9417.04 4427.04 8460.74 
5185.27 6903.98 3613.76 3460.18 5992.6 
1303.03 2505.48 7174.53 2973.75 4051.35 
9494.89 8842.44 8534.05 2922.96 5210.42 
7631.24 3493.16 2244.02 1051.15 2866.79 
7482.96 6865.97 8150.6 4774.17 6009.83 
4251.22 3384.73 4882.31 3668.23 7811.77 
3343.03 8853.5 4715.73 6956.78 2313.66 
708.31 8259.82 4819.14 7882.84 1233.55 
8870.49 7377.71 75.9733 7404.52 300.658 
5286.39 5035.74 3793.82 7530.41 6086.89 
6660.61 5013.36 2952.84 4811.19 9787.53 
8962.67 9062.41 3172.24 3844.96 2730.62 
983.995 7187.99 1584.11 5699.73 4144.75 
3897.76 6408.04 2404.55 8716.9 4290.86 
3638.1 7587.37 1668.55 3714.07 4991.88 
1969.21 9000.46 27.6025 5763.03 6530.85 
6114.49 2423.62 1544.19 9067.33 7234.81 
1331.71 8029.99 6297.2 4503.95 1874.93 
9027.82 5487.94 9062.92 611.912 1187.65 
3207.66 4509.68 7595.69 5612.21 3226.56 
1886.53 9250.3 813.918 3555.08 2964.35 
5805.79 5524.29 1964.8 5833.4 1287.3 
8495.65 1947.87 3710.92 39.8282 1015.19 
945.718 1371.54 9045.17 7242.92 5875.48 
920.09 6270.73 1363.41 9983.01 6882.64 
2551.06 3190.65 1392.3 146.732 8802.85 
4618.86 2033.26 8053.14 5432.78 5588.34 
1017.48 1238.55 1112.61 2982.27 7071.95 
2399.92 1477.91 9019.82 6110.84 1517.74 
34.9899 7056.56 2889.27 9080.16 4299.46 
8764.76 0.236202 570.172 128.149 9983.25 
7452.81 2679.21 3173.88 8845.11 2825.94 
1976.71 3463.95 4859.2 29.8373 8896.73 
447.525 1047.31 135.266 1560.14 4029.59 
7207.22 3960.06 5507.5 6227.02 70.8856 
7025.23 6262.01 7127.45 9914.5 5342.16 
1426.89 8679.24 5342.39 1997.07 8807.39 
5325.62 9449.88 1486.58 8499.5 8294.97 
4312.53 476.198 1758.9 9171.73 506.036 
655.611 9619.25 1553.35 790.877 1179.38 
5582.94 7998.09 5139.44 1090.42 4225.1 
5210.32 8115.65 487.092 2337.75 8030.13 
5829.25 3764.65 6709.36 1171.63 5761.71 
5516.73 6497.25 5211.57 7003.31 4996.73 
3506.52 1315.82 5472.93 5265.42 487.536 
5978.97 5921.03 106.774 7532.32 6711.9 
1286.15 3115.24 4709.98 6425.59 4205.65 
8935.08 1635.89 2321.28 9422.17 3973.65 
351.401 5251.41 7738.29 7060.76 6423.03 
3499.99 2577.47 2920.27 8711.56 9580.79 
7917 2218.06 896.595 3389.92 7483.47 
1384.13 9368.88 3404.48 1490.91 6901.18 
116.371 2777.06 16.4046 4826.35 9202.65 
4222.06 3761.42 838.523 6543.34 3183.57 
4812.17 6894.75 8434.98 2550.45 3955.49 
4857.99 6050.43 6532.96 7778.26 4761.97 
6113.73 5695.24 6980.03 7010.33 9085.15 
4463.49 8394.46 8454.02 7867.97 9885.36 
5355.19 7984.34 2662.4 5371.59 2810.68 
1865.03 9593.65 6572.09 2703.56 6136.98 
9755.66 7515.73 3031.71 8190.62 66.1548 
6987.19 3048.59 6116.59 3520.14 826.834 
878.544 9633.87 6522.07 7858.57 6644.18 
5607.21 2322.04 5038.62 4061.21 189.996 
4923.97 9416.4 8174.34 7586.37 4787.98 
984.998 9451.41 4381.61 7557.09 2154.94 
518.568 7312.74 9670.67 3550.27 5503.34 
9736.83 537.449 8551.93 5853.4 4057.59 
9378.77 6731.94 3691.44 5900.82 4590.5 
335.6 1508.02 6912.54 5374.22 5569.23 
7102.54 298.173 4985.62 5276.86 7884.55 
9773.59 6261.85 7335.93 4155.18 3818.93 
9490.88 4673.75 1131.64 9161.53 8224.02 
6634.98 8898.34 8761.47 5186.9 4751.72 
2819.04 4565.65 1483.64 6510.48 466.458 
6074.14 6846.08 1974.48 2986.66 2220.28 
7543.71 89.1795 2518.46 2529.31 5366.03 
402.985 2302.89 1627.87 7738.92 6458.07 
5446.8 7229.78 1131.8 6578.44 6391.3 
9355.83 3213.41 5289.62 8117.28 8400.31 
41.3267 936.309 2965.94 1524.97 7446.79 
3432.4 7599.11 4292.85 5406.88 585.755 
6513.14 2950.57 674.935 9031.59 5479.88 
6040.97 9434.58 7782.76 7668.84 7173.48 
4240.81 3115.62 4403.25 5372.62 9694.06 
794.527 4728.43 2907.45 6084.15 2845.69 
1307.74 6125.48 3782 4273.68 7650.45 
1228.78 7706.08 5249.54 5521.63 3112.94 
5835.3 2034.75 6063.51 6510.23 1066.32 
1543.37 2551.18 500.881 9326.13 220.007 
7674.36 3566.93 3335.63 2077.59 8939.54 
3029.67 2872.12 3667.95 5937.12 8956.27 
6513.65 7244.87 5081.73 295.634 1518.53 
2732.16 1524.41 9224.61 7981.7 7046.04 
2337.53 3816.98 9080.78 8401.04 327.193 
147.086 9944.4 2878.38 647.967 9270.52 
3098.38 8322.33 2837.43 6434.01 399.903 
1776.95 9463.68 3272.02 5444.91 5400.79 
2228.27 1958.54 2645.64 7310 2254.17 
4164.17 42.144 3778.58 3388.76 8023.84 
824.6 5726.29 1840.81 9905.38 4127.31 
2168 52.4505 4071.7 5046.38 700.418 
3342.2 8144.76 9022.75 6179.63 4578.75 
9422.65 7956.58 4042.42 2694.65 3401.47 
9443.21 4922.93 5360.01 2088.83 2232.91 
7614.18 6253 2275.06 1392.74 9641.76 
298.884 2217.34 5368.03 2139.69 2122.71 
9495.34 4307.69 2175.16 3567.02 9354.07 
2875.57 6909.22 7498.81 1898.31 3088.83 
2077.55 1320.94 1045.39 6119.97 4015.59 
4446.86 5563.16 8938.52 9806.87 7651.99 
1171.42 7421.03 3904.97 3446.47 8813.77 
3546.71 3745.36 1031.1 8914.74 5885.05 
3153.81 8410.06 192.721 5328.96 1977.07 
9546.79 8204.54 8886.29 7045.58 102.826 
1975.1 9123.12 1423.76 3020.49 5243.07 
5439.36 7467.35 806.214 4377.86 7274.21 
8458.2 5549.28 4695.22 2363.15 8995.75 
3508.98 5909.86 2741.1 4540.07 4824.58 
8626.14 7693.88 3234.62 8818.87 3022.82 
5211.69 8365.63 1227.35 4097.95 5411.2 
1330.17 6073.05 4534.3 2753.94 9093.54 
9777.38 8193.29 6560.88 583.575 2571.14 
3835.07 9041.78 8120.42 8530.29 1404.91 
7116.16 2039.25 7314.77 9857.25 6579.32 
2139.33 8483.38 4273.18 5373.95 7302.23 
7296.01 585.618 5667.85 8523.35 4683.57 
1079.03 9853.52 756.608 5613.33 2607.44 
9850.15 5390.69 800.72 6411.02 5974.27 
3371.86 246.067 5016.03 1492.26 8776.35 
6420.94 8608.42 815.584 3735.69 8465.66 
7394.91 5875.02 6949.03 1668.07 1248.96 
4251.24 8964.08 1834.57 9919.09 7487.42 
6518.15 998.104 7340.92 7274.75 6611.44 
9948.37 7124.89 2002.11 749.07 3535.89 
7976.38 4120.93 3781.96 2992.39 5613.19 
2558.29 9413.33 4221.6 3373.88 3149 
2687.25 768.766 9024.03 9636.28 2436.84 
272.966 3887.5 1400.9 2107.54 3806.58 
8888.32 8625.69 4804.68 6229.22 5900.42 
1416.1 6177.57 3025.3 3418.21 6926.64 
6561.19 1394.58 1047.56 343.125 4386.97 
6660.75 2901.42 3800.28 882.335 6275.3 
6949.28 3569.58 7044.06 5973.29 3205.84 
9480.9 6246.26 7093.34 881.784 8353.8 
899.902 9770.1 6979.47 5704.58 5999.31 
2879.87 7120.68 2176.86 5905.17 538.876 
9103.51 2466.34 1933.45 151.045 2809.46 
6320.42 6811.8 5710.88 120.679 7694.13 
1986.16 7069.96 1263.7 9030.22 3043.24 
4469.54 8511.11 9289.5 1562.86 9392.89 
7643.28 2462.77 9162.97 4622.73 8167.35 
5162.27 7502.6 5288.01 7339.13 3407.75 
5826.89 6442.62 5874.09 7760.34 6593.66 
8683.55 4080.74 3405.44 4394.41 4201.42 
1099.55 6380.57 1271.36 2363.25 5410.78 
4314.6 6832.79 3921.87 3604.08 8395.65 
3314.74 1247.34 858.4 2477.7 5870.07 
9025.75 7639.97 3372.65 4313.74 4979.08 
6780.41 140.613 1421.68 2654.48 7900.95 
8015.34 1338.01 1981.68 1420.76 5732.42 
6183.09 2520.32 2112.97 7454.46 4883.57 
7523.75 1769.04 1716.34 1445.6 5373.13 
111.976 4760.35 6620.47 970.376 7238.05 
2490.53 9996.12 4878 5863.18 4309.85 
9857.07 2643.57 4450.46 1278.73 5298.05 
2351.4 9294.07 6636.05 4333.07 714.815 
2368.46 516.15 3235.13 4481.43 7970.61 
8118.7 2005.17 9739.65 9835.04 3450.77 
5112.76 9947.02 8211.12 1733.22 917.376 
5449.15 4223.74 913.483 327.123 86.9065 
5223.33 184.177 2730.48 9673.79 1462.91 
8028.52 2025.17 756.961 4664.56 6358.24 
1471.78 7033.01 6874.39 4706.91 1514.43 
4844.98 2825.59 3519.59 4584.62 2660.62 
6970.36 9697.38 2607.62 5181.46 1430.58 
3524.99 630.588 5654.33 4438.48 957.711 
5741.23 9661.81 1141.89 8471.71 9335.58 
2604.8 6500.21 1360.74 3361.76 1164.75 
7718.98 4833.53 8197.76 4593.36 9540.44 
9712.19 9438.34 2366.02 3231.76 4022.95 
5026.64 202.106 3720.31 7634.25 5383.57 
5150.9 1159.23 6014.15 805.207 5597.71 
6971.86 6546.44 5259.5 8113.75 5018.13 
4595.06 718.531 1518.33 5955.8 4080.29 
2683.08 3674.77 8913.82 880.824 8268.13 
8454.25 592.996 7706.46 820.248 3824.76 
1729.39 5846.88 4026.86 5449.7 3481.12 
9410.43 600.581 4640.35 5424.57 1405.79 
238.037 2396.42 7952.23 5497.53 510.15 
2970.34 92.5812 1228.68 4488.67 6048.38 
5308.97 7171.75 9723.15 4222.77 8052.57 
7991.26 2677 8645.57 5697.7 3497.25 
2470.31 7427.09 9344.14 6497.17 2876.77 
2825.24 5907.59 3477.35 7465.59 1332.14 
4883.14 7703.62 3728.55 2835.35 3201.14 
4238.7 5805.7 3293.72 5467.38 294.347 
9342.11 776.336 7466.09 9065.24 4999.11 
5518.65 7056.49 7676.11 4164.19 2754.17 
1173.35 6634.5 181.243 517.47 3131.66 
3058.01 3342.71 9039.25 6535.37 808.276 
371.366 1418.49 8511.9 4099.92 4253.85 
1713.02 8338.62 59.5235 5006.74 3805.99 
353.87 4348.83 4582.32 7819.96 3414.06 
9581.43 3338.59 470.526 7257.53 7502.79 
3224.7 8430.88 4137.27 3405.94 8948.35 
7268.93 6463.96 2291.04 6308.16 2999.31 
3099.32 6679.53 4417.8 1611.2 779.426 
8671.64 3324.22 9118.05 8731.17 8330.97 
2924.02 9085.04 2679.78 7506.34 6904.98 
6093.84 7087.76 243.559 6564.36 4345.27 
7746.35 9789.06 2776.14 1883.6 3194.98 
1724.47 9152.53 9658.94 4015.51 5460.68 
2658.23 7114.83 2140.18 7076.03 8726.03 
2919.61 5747.66 2050.23 2037.64 4478.81 
381.183 4961.66 3563.83 3060.96 2467.98 
468.793 9154.8 9555.74 712.352 5719.15 
3900.99 8458.7 5508.19 6677.12 342.283 
8703.17 8401.59 9494.82 8362.1 2417.09 
4955.47 1020.31 9531.92 7095.66 8096.34 
8257.93 15.2497 3843.98 308.146 2052.89 
8322.78 689.329 7014.55 1886.59 3750.29 
9482.53 2355.38 2905.08 9038.24 3067.73 
8624.22 2939.22 1526.42 4132.4 9616.34 
1868.7 2835.55 8017.92 1363.5 1197.63 
434.99 6318.97 2217.94 9966.91 3414.61 
314.261 8224.82 3429.86 4158.24 8532.97 
5482.75 2481 9222.29 2497.28 4367.59 
2972.57 1979.79 6722.97 5877.65 1018.01 
9790.71 4501.85 3957.23 1317.11 8634.25 
3573.56 3185.81 1469.78 1591.46 4549.3 
2667.42 2026.45 868.257 4885.36 1993.34 
4282.87 5199.62 218.141 7712.73 9357.86 
8751.11 3195.46 1838.84 7973.38 5692.74 
6206.43 945.938 7672.53 2929.39 6823.59 
8690.54 2720.08 1325.42 2647.76 4037.19 
9959.67 6221.31 7222.99 1429.44 7812.77 
1772.28 4096.86 9839.22 2640.54 8982.21 
1832.54 6923.41 4181.82 2050.68 4636.12 
3539.66 801.772 7831.58 5378.5 8775.16 
3524.3 1584.91 9721.09 1196.82 4514.3 
6544.66 9887.36 7234.38 7870.08 2535.1 
1271.55 7829.74 8756.42 8494.54 9259.18 
6569.17 266.803 3356.02 6408.38 2907.34 
2338.22 8240.92 9830.75 6520.03 291.584 
4466.85 59.6721 1093.36 2298.41 5438.17 
9868.51 5822.71 7023.08 9589.59 7019.53 
1537.36 6134.23 6906.87 8771.74 4004.3 
9441.97 43.266 1834.02 8198.37 8537.81 
1093.18 4767.52 8804.61 4449.2 1175.88 
1711.93 6787.42 9416.79 1542.66 3307.43 
9708.38 6009.51 3367.11 801.719 8307.91 
8805.27 670.215 4130.61 5828.34 259.787 
1150.12 7365.7 6394.02 8056.99 6137.42 
398.306 7498.94 6180.68 2232.33 5697.29 
4718.47 3325.51 464.794 3523.06 7774.72 
1640.67 5234.99 4562.12 1057.45 6777.65 
7869.55 765.813 2787.14 1236.64 1567.53 
1095.04 41.8955 2237.75 5225.65 5870.23 
2497.53 6375.77 3235.91 8891.55 4432.74 
9373.33 9289.86 1931.67 5553.99 1522.17 
7628.96 272.441 4847.69 8093.75 3795.5 
2622.38 9734.43 9030.5 7184.5 791.86 
5808.13 5054.03 1557.67 8595.27 6290.67 
3125.21 9690.31 6332.57 5362.95 4915.94 
2202.78 7860.48 1291.7 5438.69 6752.02 
5724.44 4812 6041.86 7656.11 365.972 
7564.04 5285.05 638.414 2411.7 3378.79 
4433.92 5034.09 3113.2 3464.39 2218.57 
3905.06 9272.53 7272.61 5462.73 7867.78 
3563.26 8587.94 7558.07 9895.83 3950.87 
2474 2098.6 1811.34 3765.7 7537.29 
8563.36 9490.14 2349.28 4605.21 7146.23 
2715.25 2169.23 2431.26 3353.66 4580.93 
5810.05 7787.58 9615.02 8923.25 1251.96 
1833.57 2828.3 524.464 9106.18 8291.03 
8392.24 2669.43 6878.95 5950.3 2565.24 
829.805 8424.3 4663.84 2641.14 2189.98 
2201.12 1204.49 1680.1 4550.39 5809.7 
8826.33 7265.64 7978.92 1257.58 619.283 
2559.84 7067.63 8406.86 2174.84 5990.87 
9658.82 4008.41 8819.16 183.262 3114.58 
7110.17 8575.51 5784.01 3989.11 4525.79 
8349.25 4818.91 2950.08 3013.07 7460.05 
5140.06 5214.19 8664.54 6820.16 9764.58 
4474.22 5646.48 7030.2 2453.13 6904.05 
7649.48 5012.97 3971.67 6056.33 7187.81 
9962.54 5715.12 1196.2 8781.68 5898.39 
4310.78 5891.84 4473.88 94.7679 9880.94 
8999.67 8444.02 4699.83 1949.72 1457.07 
2159.87 7089.78 6671.26 824.398 3909.93 
6435.82 5298.62 9556.4 3466.01 7751.75 
6460.44 1115.47 2764.7 432.09 7171.8 
9952.51 394.608 2886.91 1148.69 9176.29 
8785.29 5459.47 5068.11 3259.15 5554.24 
4949.03 2258.8 3998.24 9648.87 4208.52 
5455.31 1808.72 1298.29 2126.56 2633.12 
5208.21 8562.38 7931.74 4764.6 2028.37 
5683.48 1225.02 3143.84 8448.18 1657.11 
315.626 8400.67 2051.72 3202.53 9549.36 
1227.99 1987.81 5008.82 6296.1 5246.97 
563.044 1245.11 7505.77 4561.28 893.963 
1714.27 16.5795 2702.69 3012.56 2143.14 
5335.81 8220.78 705.497 3267.53 2985.36 
2733.87 8951.01 4210.38 5877.71 7399.17 
5867.49 6193.34 5799.82 7919.21 9395.87 
5349.17 9147.2 1383.67 357.969 5443.28 
6630.63 921.013 6688.39 4136.38 5482.3 
7582.36 5850.65 5498.88 285.024 8863.22 
7642.01 5620.83 7083.98 8347.51 8888.36 
69.3231 1081.36 7839.35 4279.7 6959.07 
5238.5 147.179 3152.39 1038.31 8066.39 
2548.24 6387.47 7213.57 3931.9 6745.44 
2656.83 562.517 7666.45 9345.23 4698.9 
3148.73 6927.56 549.533 8647.61 7212.59 
9412.75 6289.61 2833.4 6496.71 4637.1 
1721.75 6566.04 5718.46 9561.1 845.723 
2677.51 4799.58 992.902 5829.89 5837.89 
9059.29 8378.13 2225.35 6272.85 2310.02 
8970.79 8929.68 2872.53 6637.23 8274.89 
7571.43 9785.96 5202.43 8120.96 8433.55 
2415.01 7533.7 4723.14 5248.41 4030.39 
9360.24 6970.15 596.409 5078.68 6531.23 
1442.13 7756.18 1330.8 2435.03 3586.06 
7168.69 1494.31 1964.17 9394.04 7767.15 
4274.19 8364.81 6696.81 7146.72 5002.02 
4971.69 4718.13 4787.96 174.102 2839.08 
3221.5 2589.11 372.759 7944.64 7837.51 
4403.15 7304.87 4807.65 4999.56 2383.53 
1338.87 6441.69 139.695 2669.67 8876.73 
3725.75 9838.36 371.017 5689.93 9232.38 
8138.17 9964.11 7597.17 4834.97 7110.82 
2599.17 9806.65 1828.94 7387.13 9980.76 
4668.02 608.613 2569.85 5040.78 8553.25 
407.345 9443.92 5858.1 5215 4443.47 
8241.63 6553.86 885.141 8381.33 9223.53 
9761.87 2107.06 9061.87 132.867 7796.99 
8294.23 8271.04 7761.08 5891.38 3105.99 
4871.89 8490.54 2912.63 6700.83 5877.66 
2893.37 1368.83 6486.27 5463.21 6409.6 
5039.51 5870.56 5853.51 897.595 1085.54 
296.96 9139.23 7639.4 1182.1 7520.53 
6862.91 943.951 9627.6 5924.76 1076.82 
7424.57 4218.97 9347.85 5185.63 110.329 
2453.83 57.5054 8600.87 5366.45 6758.33 
4478.51 8259.82 8127.16 964.766 3723.02 
4536.74 6004.27 9593.57 390.233 6901.87 
679.094 687.193 6041.08 8318.49 1869.29 
3561.59 5181.39 2813.24 3189.17 1106.13 
3890.06 613.722 5325.1 3237.9 5799.36 
5435.43 5691.73 5856.86 4036.28 1058.16 
2615.18 8514.8 9317.98 742.314 9479.56 
3040.98 5279.05 5483.82 2634.54 5669.29 
2385.67 3313.63 6356.48 8426.75 1632.11 
8225.77 1988.33 6813.49 1039 5177.5 
7919.62 4929.06 5791.22 3244.71 8166.96 
1590.56 8680.13 3858.67 7447.42 2716.4 
4916.83 62.5823 1231.18 4234.8 804.897 
710.729 7275.78 6083.95 6194.55 9910.32 
1753.22 8580.22 3223.94 8109.7 7006.96 
4856.04 6335.46 8995.29 1669.52 7374.46 
4172.77 9589.15 2303.51 9963.99 2833.84 
470.45 1554.54 1513.95 4329.12 9001.96 
4230.35 9245.95 9064.54 5461.54 3480.74 
9869.44 6172.27 756.499 5953.38 2366.8 
666.802 7706.6 947.007 3890.74 5816.28 
7953.97 8746.78 2151.73 6949.23 416.289 
9526.19 1121.99 5.41954 1829.67 1085.96 
2839.26 2300.12 2640.5 4353.21 6629.24 
1642.45 8583.56 5875.18 706.974 4045.08 
9355.92 576.398 217.333 112.399 6529.77 
