1700 5
6621.3 740.609 739.525 6278.84 6182 
5670.38 3806.69 568.387 1482.26 8218.63 
2384.5 2281.71 7080.47 6457.84 8259.16 
5860.9 6606.76 7616.91 4773.14 1873.17 
3009.2 8248.32 7228.23 1953.12 2984.86 
4951.4 7319.77 6365.92 4018.9 4416.57 
8904.44 640.179 5157.18 9643.97 6919.02 
1339.16 5314.33 725.692 1907.55 6796.59 
8944.33 4292.05 9078.3 6024.78 749.877 
7337.44 1885.67 7356.64 4954.32 6658.81 
9229.81 7963.52 4907.11 6458.02 9916.64 
7891.97 1409.4 7236.39 4257.87 5428.3 
1652.94 3162.3 6068.48 6810.12 2806.25 
2987.48 8149.29 8120.58 3713.17 56.8204 
4917.15 2657.48 4348.87 3995.43 8682.26 
5098.75 1332.85 567.91 2455.37 6287.17 
7226.72 1685.16 4250.67 2133.8 8143.18 
4167.29 25.7574 9552.58 1403.66 4283.63 
4980.87 3056.61 7445.93 1049.33 9866.73 
252.165 4036.8 8016 8372.74 7749.97 
8072.82 3289.88 407.432 2421.67 7285.31 
9089.69 7520.42 8618.15 9657.6 9975.79 
4905.31 6884.3 1660.94 9155.98 9018.1 
9804.12 3323.26 9043.86 9356.68 4726.92 
3327.48 4337.53 7783.53 773.391 5386.86 
7650.24 1025.56 9423.66 5666.22 9398.3 
7173.62 3739.02 2688.16 7581.05 6160.69 
9973.47 6670.72 3681.09 8591.6 6328.31 
3656.86 3496.89 3212.59 5317.79 2652.85 
2230.68 5121.89 5976.11 1274.52 4478.56 
703.012 4602 8816.09 8486.54 5375.39 
4202.93 6136.76 6400.94 3626.58 1802.96 
5799.23 800.174 5541.97 8487.39 8381.22 
1702.64 8460.84 5051.93 5383.73 7052.42 
1380.22 9040.59 549.294 4592.81 4358.36 
3202.15 6823.48 9480.26 9178.26 8098 
3958.8 9881.27 2699.98 2774.88 8367.79 
8075.37 6977.81 4504.53 4476.3 604.366 
6307.49 275.51 1404.54 1849.44 8762.9 
9785.76 3552.09 7223.72 4837.67 8935.81 
4276.12 6217.88 7976.38 4825.41 810.673 
2334.73 8027.56 7634.15 1814.97 7205.8 
5732.14 5773.77 7087.06 8432.12 8548.65 
5454.83 6507.48 5526.44 9959.36 983.76 
6130.8 6266.83 1259.27 7535.34 8116.27 
22.1499 7321.08 1668.34 7245.87 2158.74 
604.139 1521.97 8376.62 8580.52 6347.38 
9187.3 915.236 4374.93 6821.43 2730.21 
1580.71 2553.56 8503.98 8667.77 985.662 
7052.61 4122.58 7493.14 2579.03 4081.92 
8476.9 8709.83 348.735 9736.17 6245.15 
8465.01 9758.32 3566.22 133.334 7004.17 
5724.96 737.472 8526.14 4101.56 9318 
4873.5 3288.84 233.214 9248.43 110.259 
2963.42 829.128 2663.81 1467.38 9496.9 
3649.48 8519.99 3619.46 1142.6 1099 
7701.38 9619.5 9808.83 8050.12 9355.65 
6053.97 6515.11 9113.95 9620.19 6648.44 
6118.1 5345.13 7385.92 4644.22 9446.7 
6703.89 9517.72 2735.52 6937.11 8766.14 
2845.78 9900.53 9595.27 5509.6 1367.89 
9092.14 9159.07 9887.88 2711.59 301.656 
986.867 412.952 9921.15 795.681 8463.07 
9276.79 6849.65 4978.16 8390.72 6469.82 
1626.59 4508.81 1814.94 9012.5 9153.03 
1261.62 5716.38 8670.73 3997.14 2653.47 
7436.86 6842.92 2553.98 7032.1 2352.5 
3921.87 6124.23 1511.56 3809.74 8835.82 
1813.21 4796.6 9248.77 1734.35 5592.28 
7711.82 1011.12 2441.92 2689.97 9401.84 
8911.74 4316.55 3910.63 726.66 3329.04 
3063.64 1988.28 9045.41 1734.36 5985.42 
1698.86 9171.21 2828.33 4252.84 6203.3 
5180.83 8174.71 2327.52 6692.39 1984.43 
1163.32 8505.6 6781.03 412.073 239.935 
2373.3 8123.9 1251.06 4815.22 813.846 
652.88 3726.94 5130.4 4563.51 4453.6 
8459.44 7627.15 6441.88 7504.83 9361.51 
2427.28 9203.7 8532.7 5255.61 3456.52 
4735.99 436.419 1631.22 7063.5 7128.81 
3615.65 8226.82 5634.39 396.663 8638.89 
5874.32 2769.96 6762.77 7125.38 7585.18 
7576.62 7778.26 1312.11 2707 2341.75 
5765.71 1166.42 9968.9 2207.57 8671.25 
9330.39 4634.85 7874.94 7863.08 9890.46 
1331.44 2599.05 326.864 2962.66 9662.55 
7455.67 6578.3 7889.36 3090.04 6974.97 
6528.23 8964.36 9744.93 3290.99 6089.73 
7330.1 867.59 3867.97 8642.2 3574.59 
6209.72 4407.89 4741.01 6178.6 6615.47 
3412.25 5508.98 1250.3 1287.17 3372.04 
1140.75 2618.61 5971.09 1467.61 5581.27 
5633.63 8923.28 2159.55 3522.97 2013.3 
9134.52 51.1813 977.65 8879.43 3342.17 
7067.38 6209.51 4209.76 935.325 4851.69 
7784.35 7145.04 9259.58 2525.35 3323.63 
5875.03 5937.59 8832.61 7125.34 7224.76 
2204.63 8266.08 9843.37 8175.72 9733.69 
5424.62 3809.33 8656.96 7584.17 7332.29 
670.243 6718.67 7383.48 1647.89 5598.08 
725.628 8715.27 1807.57 4935.39 9650.59 
6659.26 2719.72 6795.62 5918.83 5245.07 
119.231 1793.85 1182.65 8951.84 8919.18 
8407.41 1156.45 7185.25 8250.76 9332.17 
6918.93 3675.37 3141.48 5575.86 1259.52 
473.759 6246.11 7978.19 7857.23 7894 
3576.25 8582.86 6609.25 5383.82 3518.23 
6259.83 2043.07 6237.96 3055.43 7961.9 
1483.01 3174.66 9755.75 2665.65 2126.48 
8674.91 1073.04 3282.93 5860.14 9323.81 
2615.08 2779.05 2999.16 5756.57 8354.92 
4258.68 6230.33 4601.01 2236.85 4087.54 
2494.99 5813.11 2670.39 9104.24 1196.92 
6188.62 5364.05 3239.99 2426.56 8419.48 
1201.87 3909.57 1594.13 957.599 6575.22 
3720.61 9632.51 7648.27 7003.54 5492.64 
6972.06 9618.62 8271.69 9971.21 5375.17 
6626.59 4229.88 1605.48 1227.58 6466.73 
5693.02 3722.57 2279.82 8363.41 2826.79 
3476.74 4552.02 8190.85 6716.72 6978.58 
6610.31 7918.59 888.131 8204.44 8876.19 
7463.35 1925.03 8508.69 5111.6 8928.57 
4001.31 2083.64 8547.17 2272.98 2054.84 
3922.32 8899.57 6284.72 5527.8 127.134 
2751.43 1220.81 3849.7 5031.25 9584.22 
6676.5 8507.99 4136.22 4867.33 5224.7 
1114.78 1477.63 3143.27 2002.91 9682.06 
2019.45 9466.27 1607.07 528.118 4577.85 
535.622 4529.43 6661.49 9082.79 6802.41 
8716.33 3005.1 5701.96 5001.03 8532.9 
5829.1 7752.46 9753.71 9678.8 2783.69 
9337.91 6355.28 1291.66 3474.12 1222.59 
6516.36 4588.9 2700.22 9659.63 6591.81 
2382.27 1679.06 6058.06 3989.34 2207.18 
635.896 4524.96 6736.61 7297.39 3607.74 
3539 6013.7 6612.84 9240.96 1014.71 
5145.72 5070.04 8767.17 4899.41 4748.82 
1550.85 4237.31 1104.09 2842.51 7711.43 
2326.68 9358.87 2300.31 5026.9 9018.49 
8892.12 7409.17 697.533 4950.17 1398.49 
2904.72 5586.06 5923.45 9641.32 2883.43 
9531.19 3180.31 8897.13 6144.01 2421.25 
9911.85 1289.71 7491.29 8679 6189.13 
2240.09 229.827 426.42 3344.18 3072.34 
8137.85 5670.86 2431.19 438.139 697.738 
1449.66 9330.26 8106.9 2147.19 4280.41 
9505.39 5051.91 9866.47 5428.83 4693.21 
2749.89 4960 7873.52 1647 1103.99 
294.75 1558.83 2393.7 7786.04 237.814 
8582.83 26.1097 467.642 9009.25 3370.29 
3539.98 7147.08 9041.14 5971.17 7585.22 
9738.88 7420.83 6915.46 7845.77 9568.02 
1195.85 7351.14 4619.91 1062.31 2779.95 
9313.13 3812.2 7739.95 7186.63 5459.2 
8843.94 7481.38 7018.03 1237.62 5267.4 
7255.85 9820.45 5293.51 7723.49 8829.68 
8663.79 1263.45 5976.75 7704.92 7234.62 
3561.95 7443.78 4655.43 477.389 5289.53 
4223.44 1673.24 2640.65 8843.35 2735.55 
5420.6 8156.46 6547.75 3160.54 5343.08 
2006.93 2004.46 2824.44 9024.96 3242.09 
8091.84 6280.8 3062.52 3385.33 4004.27 
1892.19 2049.11 5267.72 7868.93 9754.03 
2502.33 1430.86 7197.79 7157.76 1908.25 
2487.31 1381.18 3581.49 5127.96 224.52 
6317.04 548.549 8380.98 2864.77 3709.09 
3724.04 4871.7 5713.55 6548.49 3896.65 
8955.63 4640.31 177.429 2018.14 8025.64 
4181.7 3910.33 74.7379 9449.42 1779.24 
9828.77 1951.73 3210.11 7026.55 9109.49 
5118.36 9513.85 490.654 8699.85 4641.8 
715.173 5016.88 5190.35 9096.16 7881.65 
8899.43 2820.19 2753.34 4612.97 9368.67 
6649.99 3568.58 4008.96 6827.42 5586.72 
2034.59 1009.1 9497.04 2109.33 458.503 
1276.27 1938.08 2410.23 4486.38 8964.62 
1519.7 9604.73 8478.46 2010.35 8304.57 
3120.24 2725.53 3321.43 8310.59 1821.67 
1203.07 7210 4641.85 3956.41 1822.95 
4010.51 606.383 5391.53 8019.47 7433.8 
978.237 54.0438 8442.9 475.265 2163.37 
8901.41 1751.54 4101.45 1311.62 6237.91 
3066.06 2831.32 5842.63 1544.5 4841.68 
4147.18 4664.74 7567.21 7468.61 2975.31 
9388.87 8671.68 185.299 4030.71 2628.08 
2008.25 8041.22 3234.46 7399.79 6060.67 
668.246 8378.02 6114.72 9111.15 8853.29 
8278.09 8012.54 604.806 2379.52 9324.16 
6842.72 5445.58 2155.47 2685.33 6990.08 
6997.15 6832.51 1654.81 4564.33 4301.11 
4630.12 3953.19 2972.78 4815.42 7983.9 
5600.85 6823.67 6025.1 8835.31 4223.44 
2085.76 9503.56 2601.44 8200.47 8614.69 
1454.71 6478.55 6627.22 2059.52 8858.07 
5951.36 8902.24 4303.63 8106.83 1587.55 
1293.69 5103.96 8420.06 2948.5 9668.29 
2721.16 7578.62 3621.47 5693.93 2394.02 
1605.35 1294.77 9217.69 7630.45 130.067 
3441.11 9716.21 9633.62 6042.56 7916.67 
8248.3 7497.27 4395.2 4875.5 9556.79 
3253.25 826.847 8459.01 7556.88 8933.68 
46.5489 8850.57 4037.62 8466.61 1799.06 
3705.9 1187.75 9377.68 7327.36 6881.69 
1771.68 8932.72 8176.46 989.359 6563.15 
8306.52 4430.47 6279.35 7940.13 473.01 
4196 6188.42 7970.28 8591.2 1063.9 
7527.06 1844.44 1890.75 5986.05 9401.32 
824.409 6032.6 8251.88 4862.03 4499.2 
50.9172 8567.93 5686.95 9428.6 5895.27 
2568.62 1200.27 4827.97 745.059 2189.62 
1391.11 9051.58 6620.1 7670.46 6991.7 
7093.11 1866.45 3180.1 5063.37 457.637 
4244 2590.41 2302.07 6134.74 8576.46 
1703.38 6959.15 4609.05 9955.25 1821.17 
9108.24 6.15019 389.076 4795.18 9434.75 
6284.35 7363.79 634.996 1112.31 8108.85 
2824.62 2503.42 7160.42 9444.71 173.865 
4152.1 6537.8 2040.31 7332.19 1601.16 
2497.95 1576.17 4191.56 4800.03 7710.92 
2768.01 6503.4 4670.05 7377.05 6458.63 
6491.22 6485.28 6464.78 6880.3 1280.44 
5899.52 3164.63 8644.23 6534.51 4276.94 
6753.07 9359.13 6780.36 3913.47 8803.83 
6954.22 8065.57 5341.62 8994.54 5397.75 
6942.77 1492.47 6973.92 1134.32 6292.5 
4684.82 3902.33 2795.88 9354.88 1279.36 
9254.52 5846.08 7764.64 5719.28 2726.36 
9045.08 1618.78 5890.99 7689.3 8153.29 
167.912 4442.35 7512.41 6948.27 8355.83 
6316.22 3902.48 6421.38 1657.82 2897 
1819.11 8600.59 4389.47 8793.03 9734.91 
681.95 3477.84 3637.22 3477.83 2832.7 
4916.59 2732.33 8678.79 2681.21 8451.62 
1405.13 1726.28 70.3831 7296.12 9415.58 
8223.68 7464.03 3857.91 5736.07 4412.28 
2213.72 2052.27 8314.76 8635.1 3710.09 
1211.74 454.192 2310.67 5601.21 9247.23 
2045.57 6283.16 2725.05 5682.79 9760.99 
5557.75 599.36 2493.3 4236.52 3280.57 
944.905 5641.65 5006.85 1015.29 2937.75 
4422.41 9238.96 401.765 8280.32 4975.02 
4814.05 494.018 7027.29 3128.79 9129.12 
737.366 4340.53 9583.31 3048.04 9941.74 
8830.52 5093.6 6224.88 1555.55 776.378 
5985.85 7113.3 1375.74 8479.15 1349.8 
4656.31 9424.06 6991.45 9663.16 439.33 
9929.2 4085.55 9678.29 330.949 2365.85 
4653.29 5145 2859.86 1680.57 8273.79 
1988.96 2417.93 2614.3 1572.25 5465.97 
2556.02 402.753 559.557 8780.9 1958.3 
1335.94 4766.73 9071.6 2711.67 3245.87 
421.386 7367.98 2669.91 7412.84 7031.12 
3109.24 7342.02 1116.65 2787.52 7672.97 
3482.5 7440.82 2817.95 6342.36 9121.38 
1091.72 8331.32 1539.3 3706.03 9903.58 
7005.27 6262.05 306.313 7564.83 5042.94 
2264.61 8900.76 9809.67 1336.2 1612.42 
3055.53 1757.58 8980.4 5725.44 9170.42 
6011.51 8834.68 6512.42 7128.16 1622.19 
4185.37 610.637 9063.01 7003.32 6953 
8184.38 8095.05 5284.31 9723.67 1801.05 
5187.87 6728.93 8063.1 5494.18 4293.74 
3106.02 7758.79 3194.48 2915.68 9094.99 
4806.9 5971.2 852.558 3787.28 1696.63 
22.9614 9798.79 531.294 6535.38 6926.93 
2153.48 720.742 7537.57 1216.48 7724.07 
4490.55 9400.85 5819.09 9774.85 9124.51 
7620.15 4962.7 5853.42 5683.24 456.867 
147.141 8789.26 8215.66 3341.62 1704.92 
7310.64 8148.52 7676.12 8163.19 1935.79 
9372.75 8186.16 1734.57 9904.04 4721.52 
8661.5 2057.51 5442.26 6199.05 3273.99 
3166.31 689.58 2674.82 8985.41 464.418 
1799.31 6605.54 5427.12 7652.73 2288.76 
5883.99 7799.87 1078 4099.63 1141.48 
2782.92 1410.25 9290 459.024 9573.44 
1225.78 9831.77 7759.58 2960.35 9735.8 
2481.09 1621.82 1793.29 7923.35 7820.87 
5067.28 1089.65 8510.45 7742.1 75.035 
8974.87 9541.41 6680.57 4401.97 7194.13 
8969.33 285.946 4993.99 47.3089 4385.58 
6135.47 2830.23 5795.83 5425.46 3289.25 
5369.26 6651.24 3121.01 3128.82 9611.58 
2856.79 5609.91 1233.39 4650.08 3533.24 
9054.26 9717.36 4622.89 7564.7 7459.44 
4697.93 6539.55 7000.84 1378.48 941.505 
4194.95 347.791 1227.45 9188.94 395.1 
5613.03 5324.39 3225.33 1408.84 749.828 
6514.58 6778.1 7401.06 9635.58 9906.92 
7012.63 2492.36 5516.81 8246.02 7142.44 
9050.06 7300.26 6859.78 3672.93 4864.94 
4319.2 8370.86 1404.47 1320.02 9749.34 
2345.97 5514.97 97.1113 3573.43 4703.89 
492.211 9186.46 28.2629 3717.54 595.282 
778.091 232.099 7373.38 8179.15 9867.68 
7280.29 5191.76 2360.02 2797.08 3437.76 
9502.46 1847.12 738.007 6362.22 5520.06 
5602.94 681.4 3890.9 7007.41 2001.42 
3640.22 9353.39 7516.39 3737.33 2926.8 
2220.26 4229.54 2113.23 2248.53 7947.08 
2708.52 3026.62 8179.18 81.8802 1205.76 
8046.84 7362.17 6397.52 406.847 159.232 
9835.29 9909.3 2006.36 573.275 6271.5 
7526.41 6176.22 6952.9 1417.29 3183.62 
8954.32 5057.51 2536.98 6470.7 8794.84 
5463.78 8690.96 3024.36 7577.01 939.472 
971.417 285.512 3966.09 9150.59 367.393 
5171.85 7197.42 7729.56 1569.35 7604.26 
7888.79 1404.62 7513.55 9895.15 1977.89 
3785.04 7421.54 8154.11 737.923 8838.83 
1337.71 9692.25 3896.33 3874.69 6162.93 
2691.14 9338.47 4853.87 5715.5 6915.47 
5793.34 6686.92 7200.98 9759.43 5837.5 
7568.38 4931.26 3034.9 5297.92 6500.61 
639.143 3186.69 7905.23 8152.69 3081.82 
9883.12 1937.71 503.348 8037.21 2675.64 
9342.18 9374.92 2367.87 3238.49 3249.6 
8530.79 5929.64 2588.05 3384.65 1645.12 
9503.52 9177.99 8332.04 6704.49 8937.41 
4169.52 4272.85 3868.65 7204.42 9570.76 
369.243 7843.56 2757.44 8274.47 5996.24 
5839.26 8157.57 7933.95 6342.61 6194.77 
609.572 5684.77 5569.67 2977.44 8923.26 
8819.27 1508.22 4852.88 1407.31 4892.86 
6498.01 910.813 4070.84 4830.03 7615.3 
3008.23 8999.55 1888.13 6876.88 6203.95 
1458.88 7246.12 4047.49 4216.32 5520.57 
43.7075 55.56 3678.13 7977.66 6398.17 
9872.89 8587.23 2082.92 5442.55 1564.65 
1006.17 4261.8 3072.87 5859.06 5669.11 
7965.74 2357.04 6579.92 2036.56 7187.07 
4195.2 5044.78 6186.61 6083.34 1921.64 
2390.54 7542.22 9167.76 6438.02 1758.52 
4688.31 6481.73 1814.08 8366.44 4459.37 
8212.24 8239.32 3046.59 295.15 3681.85 
4611.24 1301.32 7943.65 7684.11 7160.38 
3612.73 5649.83 9517.42 192.636 7686.39 
6704.48 4387.84 2731.15 2891.07 471.159 
4652.79 5281.61 8013.37 3820.53 1719.62 
9771.89 8508.85 8201.35 1585.95 6875.27 
2660.71 9798.19 5114.57 5707.29 93.3269 
8796.41 318.518 1394.65 6740.04 8002.63 
8555.03 352.758 3652.45 8072.43 545.394 
1338.82 4776.9 4933.23 4069.97 7667.97 
5404.39 8722.76 2949.56 3417.75 2543.28 
4669.17 3189.62 1052.11 2870.51 4775.57 
7927.37 5531.21 4573.75 3041.92 1238.49 
4667.08 1838.32 1557.01 6061.73 8578.36 
9559.64 4616.74 8931.12 3212.07 2689.15 
9476.51 4550.88 7466.05 4409.73 8620.85 
5134 9814.12 7343.59 8083.56 3231.85 
9886.87 2752.72 6421.47 938.958 5623.22 
1197.03 8866.33 1154.42 5770.78 1908.24 
2392.91 437.839 3746.56 3949.91 6499.56 
2324.9 3509.53 1116.28 1256 6721.6 
3805.44 732.492 1272.46 1271.47 5142.22 
9893.31 6405.47 4956.32 7236.89 4489.02 
8188.17 7123.74 7241.73 4609.63 8062.7 
2864.94 5806.66 6929.01 4019.36 1577.42 
8837.25 6412.26 2015.26 2583.79 362.158 
8514.83 4908.69 3871.69 9631.11 6164.69 
593.27 3436.53 6897.18 1865.73 4708 
2039.38 1759.03 1113.45 6995.7 8995.92 
5602.47 5183.85 6119.64 2844.19 9793.48 
4182.32 5709.13 5600.12 1111.32 9728.48 
7177.54 9948.57 6140.73 9192.8 2532.35 
6502.89 7707.61 7441.04 374.562 7338.7 
3605.71 967.831 775.216 502.876 2833.56 
5483.21 2542.26 4592.59 6596.67 9537.96 
3588.49 2199.12 4721.8 9708.13 5043.3 
4515.26 3890.44 752.414 115.37 5001.76 
480.881 7292.91 4950.31 6621.61 6485.7 
7482.66 3124.49 4193.3 4923.69 3499.05 
1531.98 8529.4 4466.88 2307.2 9032.27 
7300.44 7790.41 1574.52 1893.02 4387.06 
1112.46 5481.5 6586.18 5834.26 5189.62 
1629.47 349.503 9080.05 2381.88 464.873 
4081.79 2862.76 7757.79 9032.11 9484.38 
4243.47 6514.75 2608.85 8436.76 1438.42 
6107.89 9968.75 9967.82 574.754 2275.93 
9000.07 7875.2 66.3233 574.571 9768.21 
4453.39 1687.03 5249.7 1039.55 7521.29 
439.3 2669.02 7870.79 9519.35 5050.9 
8335.66 3601.13 7913.67 6093.43 2633.22 
7398.02 336.884 9147.97 6.8527 8773.65 
586.369 6114.75 8742.38 554.168 6689.5 
1018.29 9554.24 4564.68 1084.61 128.794 
4332.87 5538 1815.82 9582.57 6577.55 
9337.11 21.8567 9246.57 7207.88 9541.21 
4297.45 5543.52 3142.32 2211.1 1636.94 
5775.54 9609.12 1973.82 4923.49 9615.98 
747.454 5509.86 5730.71 9489.83 6064.02 
2420.19 508.107 5618.25 6984.87 1592.72 
5747.04 1317.72 7130.72 7562.87 900.28 
3708.25 6899.96 922.137 2954.8 4107.82 
463.33 7252.26 9651.35 3605.65 9463.36 
1288.27 9381.19 9072.46 3262.09 4304.66 
8688.42 4009.54 9814.52 4419.11 3499.36 
5878.52 6839.3 4007.47 1496.75 3824.15 
5600.19 7243.8 5141.87 2730.89 4806.64 
6042.15 6439.14 1706.58 6964.29 9393.95 
5814.4 7427.62 6646.19 5465.73 1033.26 
6109.52 6754 414.428 5181.97 16.0707 
4719.09 3870.38 4025.61 4533.59 8289.49 
7524.97 412.094 5128.77 1532.42 1908.85 
8952.92 7132.61 9152.64 4094.78 9863.5 
3959.27 136.917 6302.62 5665.85 7101.21 
5696.55 1480.24 4528.81 2342.72 6945.97 
5562.07 8452.24 3699.96 5976.5 3634.19 
3716.03 695.568 7504.57 7741.64 5229.16 
5794.04 5266.59 5641.25 922.798 6799.01 
7550.1 9875.72 3931.6 6702.72 3970.48 
3795.08 661.977 4107.4 97.6863 6327.83 
1208.59 5794.24 7808.07 5737.4 8136.95 
4754.03 1299.45 6589.18 8453.98 7275.95 
223.356 2169.99 7971.52 7727.93 9911.63 
3200.66 3521.95 5178.21 8841.91 4444.75 
1977.21 6391.99 4320.45 5908.81 3094.69 
8290.93 9703.89 3756.67 2398.32 9801.58 
84.4852 3606.91 5595.8 7892.56 9344.31 
3732.73 2646.57 643.746 321.894 1100.53 
7919.7 545.25 3270.53 5891.2 8273.18 
3182.14 9091.86 1795.11 8360.35 7933.74 
6239.86 337.537 4325.71 560.296 6246.35 
7420.41 8851.23 5950.22 1177.06 1249.53 
5751.78 1261.55 4856.44 1347.56 9154.1 
4200.73 5080.29 1800.66 4844.47 5402.19 
2901.19 2764.15 5947.44 6171.72 8655.35 
4220.6 9353.86 7747.19 6015.71 7714.19 
5680.92 2255.55 8051.73 6.61526 2815.85 
4298.06 7427.02 1667.06 248.258 8604.08 
2916.59 6000.04 9865.63 7773.02 7347.6 
9019.72 1973.73 2427.87 820.359 6818.21 
7830.06 3721.55 9582.36 3777.47 9893.27 
8237.7 7998.07 9247.11 5984.87 4013.76 
6961.28 1665.77 6269.31 5012.99 1672.39 
9085.15 9311.05 9099.41 752.196 9559.31 
7703.48 3668.78 5559.33 7569.09 1441.79 
2906.9 6588.8 3415.52 5334.77 7409.16 
233.715 3164.81 1130.69 9816.08 6942.29 
1023.94 8053.75 4940.34 271.029 4038.61 
8954.09 7232.31 5704.38 5223.39 2245.29 
7376.77 4308.52 1556.32 6476.16 5060.72 
1115.61 4179.62 8729.5 6674.93 1748.7 
171.277 9581.84 8337.49 3586.8 4916.59 
5746.63 3820.52 8081.4 6877.32 3636.57 
5023.67 7901.26 1690.31 9964.01 8172.29 
5728.92 8918.09 5404.58 1433.28 4141.45 
7649.87 8810.05 8449.98 9206.18 5286.19 
3510.68 321.769 9465.81 2240.16 6996.7 
1214.48 2411.44 6578.52 9551.98 5998.24 
1495.1 5298.59 9818.76 9576.5 2175.89 
3455.32 4600.15 77.1342 5145.63 4564.15 
8249.42 874.533 3482.21 3653.98 2307.81 
7623.67 1303.83 1117.84 6073.63 509.995 
6404.03 9584.3 831.764 5869.82 1824.45 
7828.47 7084.31 4235.89 4406.97 6636.27 
234.117 5902.06 1934.84 52.8587 5478.55 
4110.73 3508.18 78.6841 4187.87 8653.8 
4642.83 2437.27 9528.34 8125.04 6091.25 
1836.14 5748.7 7395.08 2953.98 1822.31 
7905.08 9358.01 1406.59 8736.84 5227.82 
3231.05 6565.29 2312.11 7466.94 972.245 
8948.37 7701.06 6874.31 883.193 7753.91 
2352.84 4993.93 1262.07 2431.52 9181.79 
9915.88 7074.35 1619.05 9444.2 5199.38 
7710.3 1280.32 948.059 5105.37 4234.29 
2770.37 3010.43 3592.29 4176.96 1747.26 
8820.11 7408.01 8312.55 1132.2 4874.93 
9284.8 80.55 2575.97 6159.09 963.743 
329.862 8511.93 5957.67 1591.93 943.437 
5139.45 1507.79 8017.79 6758.49 951.975 
3217.15 4468.78 2232.29 4165.21 9574.15 
6466.58 6935.58 2584.56 58.8584 1112.52 
4331.82 8878.97 8520.53 2644.36 11.1445 
3395.44 1929.14 91.6945 5971.4 8088.23 
1055.44 6301.26 6600.15 7013.11 7893.2 
7543.59 2152.54 9400.99 5561.36 8911.03 
352.951 8778.51 3379.79 2585.24 2943.71 
2953.92 9051.83 9879.29 5538.48 9110.68 
991.791 9870.31 7989.63 9512.32 2514.65 
8000.78 2907.74 4443.8 8092.47 8879.14 
2532.01 9147.91 5180.39 9132.16 6161 
3073.57 6675.73 8313.54 2474.54 2237.07 
7224.55 2827.5 1015.57 604.325 5412.74 
3959.28 3558.25 4464.55 3838.55 9096.73 
3575.22 4830.34 8967.02 1564.83 4342.64 
1481.66 9565.61 7250.38 5925.45 7658.07 
6129.5 8457.46 6805.96 1309.87 7589.61 
2966.94 4383.44 4265.32 1280.46 6857.98 
6502.4 8505.02 9685.48 7517.97 9109.34 
5098.2 1477.23 2667.57 9562.75 5315.78 
1764.28 3137.95 146.108 731.287 4702.78 
4488.75 2212.94 4268.37 1739.11 8138.39 
1926.42 7868.62 6595.84 8732.38 9178.49 
4185.44 1699.31 3561.91 8450.76 2979.77 
419.877 4953.14 1484.77 105.34 2471.09 
594.091 5203.54 3948.33 3261.66 4766.27 
9264.11 5025.94 7904.22 9410.22 5757.23 
2606.98 3898.95 7970.17 6875.35 5638.06 
6108.55 8801.77 3506.66 2704.38 7534.13 
2685.14 6889.81 9233.44 6247.05 5340.55 
2213.19 6666.92 293.68 3697.96 6772.26 
2764.77 4292.05 1975.79 6713.1 7553.71 
6742.06 5977.19 2579.63 4646.26 5387.39 
8336.86 7253.24 9286.34 6307.02 4128.57 
4924.39 2415.55 2930.32 8431.06 5119.93 
464.433 1116.17 2009.72 9697.87 7363.22 
7350.28 1911.04 4030.13 7643.96 5609 
802.371 408.712 9901.04 2778.16 7121.81 
7454.74 9520.21 3098.99 34.3528 4166.46 
8486.38 8371.22 1419.67 7772.71 4678.22 
5548.24 2697.08 7093.77 8478.56 1128.12 
2213.68 8943 2244.3 4223.4 8640.85 
9607.52 1573.66 551.87 3637.63 9217.62 
6160.87 4440 9626.33 6061.89 7218.15 
6748.12 3516.61 6738.35 9847.11 3550.97 
904.79 8333.48 1922.16 2324.47 6106.17 
6600.38 7872.71 8803.25 3694.13 6351.25 
9931.38 5907.81 5294.23 2175.66 131.198 
3935.06 1783.16 1704.86 4486.93 5420.78 
922.456 647.783 9860.78 548.766 6709.68 
7078.92 7296.89 226.273 3817.25 7143.98 
3777.24 4722.04 5477.44 5699.4 7046.51 
1583.59 2299.77 4919.2 386.829 5993.9 
1270.43 318.187 1901.7 6564.67 2493.84 
2032.9 499.712 4277 3737.76 4986.64 
9697.78 4660.21 5634.43 9558.55 5208.98 
2344.09 6637.44 2505.85 2570.36 454.679 
9649.83 6347.6 5176.72 5127.26 2046.98 
2223.21 6710.85 4346.75 7142.41 7097.68 
340.641 8412.84 7415.87 2242.34 4977.49 
9909.71 4275.24 5477.2 4186.7 8013 
463.829 3884.46 2673.19 6098.26 3442.99 
7882.17 8442.34 80.4171 388.002 1012.69 
535.096 37.8192 7360.28 5711.82 5165.08 
9407.27 7935.03 1875.92 3754.01 5077.42 
8973.6 4094.65 3490.24 6389.45 6336.99 
8467.73 6299.15 612.212 3944.92 485.829 
8625.21 4408.74 4370.29 1298.38 506.983 
7813.28 9180.55 8949.33 7893.7 9568.55 
9962.01 8428.79 9606.37 7322.28 4140.59 
4771.44 6729.53 2075.6 6647.35 483.519 
7153.02 5620.94 4578.17 643.244 2010.38 
915.137 9110.97 8309.53 1527.35 3055.87 
8795.36 152.541 7464.62 3165.63 1450.92 
7971.6 978.892 631.457 6920.91 8872.59 
199.993 6882.9 7301.36 9806.37 4205.17 
1441.94 4577.78 934.68 3517.54 1225.12 
1418.2 670.546 6846.06 5996.37 1313.79 
8856.43 6911.5 424.747 7165.94 8438.85 
3480.62 5961.28 8591.39 945.22 9126.91 
42.2985 8916.82 105.787 673.756 5837.71 
8978.38 873.749 2720.6 6279.72 680.098 
6925.77 7721.66 5257.88 7860.45 1239.19 
6483 9278.65 1909.73 3329.04 5274.99 
3223.52 2185.46 2186.48 3648.27 9351.4 
625.315 7128.89 5312.67 9216.71 8074.11 
4439.57 9259.01 6990.91 4545.35 9932.76 
2828.61 3523.71 806.494 5549.21 9803.43 
1486.59 2474.96 7525.08 6744.47 335.384 
8764.27 3227.46 9614.03 673.983 6556.5 
4889.01 3897.51 8741.96 7075.49 7545.78 
8093.35 7700.8 4674.65 3406 6917.49 
2748.74 7845.57 6176.48 9739.65 2390.91 
6109.23 2568.24 5914.62 6915.72 8117.45 
5718.04 8402.31 592.384 3243.1 5146.77 
927.768 2007.35 8374.23 541.781 2681.33 
4930.71 5430.79 6578.84 3672.66 2506.26 
4124.6 1765.99 207.042 8799.24 5172 
7124.53 1547.97 3017.55 3301 1287.6 
5408.46 9410.22 3855.84 1323.06 6325.93 
1973.27 7041.09 4728.22 2565.65 284.177 
9874.99 3493.42 2291.53 8249.2 4035.2 
4972.86 3179.89 9465.99 1551.68 6852.55 
1972.23 5676.28 8618.54 2179.27 4475.5 
3790.52 9303.81 6023.47 6808.07 2604.79 
7311.07 2216.51 2014.99 1166.89 3539.57 
8340.92 3140.15 580.647 3069.12 5705.8 
864.823 2944.09 9199.22 3156.35 1193.27 
3234.41 8129.21 4373.16 2700.38 9680.89 
1225.69 4672.61 5357.14 9844.23 6851.88 
9832.65 3634.74 6155.67 5856.1 442.789 
8760.45 3167.14 2659.3 775.431 4334.03 
6198.87 9116.35 7474.18 6779.51 2185.45 
3179.97 7644.34 5129.54 2379.17 800.668 
6322.81 5613.58 8929.88 695.954 8313.96 
8610.74 1921.65 2986.55 3967.87 1765.86 
9838.42 3800.5 5400.6 5994.08 9656.59 
5843.38 4754.51 2823.72 8502.68 5529.94 
7157.75 4701.53 4646.27 4631.92 1481.03 
6831.73 7811.89 9125.37 1961.25 191.047 
9926.03 8284.06 5804.63 8855.89 8980.02 
4118.57 7466.62 901.647 7105.11 1434.47 
2667.51 6943.52 5234.97 8068.1 2937.58 
4891.55 3911.47 7692.09 7715.27 2414.14 
3222.02 4873 7115.67 7868.29 9504.92 
8596.7 4700 7316.79 7722.05 6661.26 
7507.84 7648.07 4945.3 3312.45 6503.94 
3925.31 7431.02 3970.54 4826.95 4536.12 
5405.01 7494.46 1479.62 639.964 5562.55 
4417.2 5531.51 9474.02 2109.27 3246.76 
1888.14 5331.29 8119.76 9003.81 3199.57 
7624.67 7600.49 7899.57 4941.45 5322.52 
4560.81 2449.27 2970.57 9506.11 5761.72 
9474.51 3431.4 3192.73 3445.04 8258.35 
7728.84 8850.05 5752.8 9208.46 9490.01 
1315.33 3625.65 5021.51 789.329 5734.92 
8268.27 2677.47 1066.19 6388.02 1681.26 
4265.76 4012.67 9281.75 2165.31 8954.12 
4604.26 6726.12 1403.37 7574.83 6232.21 
7165.09 7049.33 9663.61 357.803 494.345 
7921.95 8086.64 9344.39 3674.73 7295.09 
8834.39 4990.05 920.719 3855.88 5779.38 
6655.64 2124.13 8456.85 7721.83 8512.15 
138.095 1987.58 2524.8 9419.85 4152.89 
1478.9 4024.09 878.987 2882.27 1598.9 
7111.2 47.3427 8648.23 6774.79 405.145 
9142.57 4696.72 8491.79 8486.95 8371.45 
5786.86 7321.32 3361.48 6707.58 1177.19 
9140.86 3363.21 3301.32 7597.7 1085.02 
1813.45 7735.79 3072.6 4338.25 7155.62 
7225.49 5817.14 1179.7 8104.47 8699.41 
2778.6 5215.66 8746.75 1426.81 1990.43 
9151.9 569.368 6687.15 7643.67 9056.32 
5058.58 3430.52 6377.63 8420.06 138.083 
7554.82 7560.9 3501.29 856.119 5158.58 
4586.31 2669.57 2894.35 7658.91 7007.82 
49.9598 4884.38 2824.94 1229.66 2988.84 
1524.34 4008.25 8204.5 271.072 5435.07 
194.909 9422.97 6004.43 6882.06 7066.62 
5060.74 1940.62 497.123 1438.35 360.659 
635.206 8993.16 7921.56 4136.49 9849.28 
3080.13 8722.81 2518.83 5974.48 6381.7 
9526.65 6024.44 1266.07 2351.58 7254.1 
4254.91 3875.91 1262.33 2459.39 4146.99 
6697.4 2654.29 3569.94 2701.81 9536.35 
636.544 7762.55 1476.95 1133.67 9200.9 
1837.61 1768.87 8194.04 9759.17 5905.37 
8043.3 2839.28 4628.16 562.12 8813.76 
1009.84 88.7536 4838.19 2275.91 2440.33 
2092.27 6530.82 6316.25 3354.6 8990.2 
463.214 51.9796 1644.48 4033.15 2753.79 
1180.81 4669.7 516.327 2657.77 5803.36 
9717.22 4495.38 7572.23 7911.25 4254.54 
3477.59 5954.53 7093.82 8105.74 6516.65 
5907.57 9115.58 6605.41 745.738 1391.48 
9045.74 2838 7922.29 5361.96 6192.6 
6912.48 5825.18 6244.58 8556.95 9858.33 
8998.38 9737.77 4528.01 9514.7 2395.52 
331.354 9231.91 6890.9 7903.59 7143.14 
1145.42 1381.16 3097.65 8239.24 9486.9 
9614.3 4146.79 8602.47 6219.69 4892.53 
9993.94 5265.41 7730.54 7916.22 627.358 
3923.12 4828.67 6452.54 167.685 3385.61 
6310.85 9166.06 3123.36 838.843 8680.75 
5518.88 1170.2 7912.64 2409.77 9073.79 
5055.76 3555.19 454.926 8153.41 1794.42 
9941.83 7767.69 5941.21 8544.27 3987.37 
833.728 8538.2 9252.78 8564.26 6454.4 
9880.14 2487.37 1283.06 6332.66 2655.05 
4668.67 2643.49 1821.1 7792.03 3482.33 
501.827 3310.9 4652.53 8414.46 5720.67 
3726.3 3470.2 9275.86 4181.23 1623.59 
1070.26 4123.03 9391.29 7011.47 2667.29 
3378.64 7845.2 1205.47 2631.4 6409.45 
7659.87 2511.52 8896.82 8942.93 8844.18 
1551.85 3611.59 1487.65 3372.95 1403.6 
4969.99 3874.78 4714.5 9622.52 2289.22 
435.156 3348.8 5759.43 9711.01 7530.02 
7383.02 781.256 1653.04 6774.29 7792.73 
4320.33 152.916 5637.91 5525.81 2784.32 
2047.34 3185.66 5295.84 944.139 2128.58 
4140 2495.99 5740.17 5627.65 5868.94 
7143.77 597.623 9743.72 1858.26 220.123 
2032.93 2293.41 3568.92 7792.35 2004.41 
1098.93 5175.36 2785.66 2751.97 1949.64 
578.375 7072.3 2102.55 6216.29 2598.09 
4886.87 8263.63 5783.76 182.69 9207.76 
7912.34 4322.69 1703.74 3652.49 9950.34 
7572.68 796.238 547.95 7316.38 2654.49 
768.073 9349.31 4947.9 4336.99 7141.65 
6952.31 5435.92 2316.99 9737.98 8187.89 
4266.62 316.335 5260.18 6369.17 6532.62 
7858.27 1256.03 4796.23 3642.01 1438.72 
4003.98 1554.33 5761.41 5707.72 5206.82 
5711.73 3280.38 6003.05 6259.68 596.745 
8657.55 7027.76 9946.05 3605.43 1364.73 
7087.68 557.729 6800.66 9404.67 295.688 
4988.53 3671.28 612.024 248.691 40.4332 
7144.64 8106.96 1296.46 1940.86 1748.95 
2735.18 5944.83 3303.28 8496.58 1652.53 
8510.1 4208.3 4932.91 4513.13 467.966 
5529.66 3170.66 7495.72 5475.69 6776.1 
8860.46 2563.36 7333.83 5661.09 1968.01 
7629.51 649.609 5639.29 8241.54 898.3 
5679.72 5386.16 9005.26 6976.18 7327.02 
754.196 9711.35 3271.84 4057.48 8207.92 
4924.37 2567.56 2416.2 9857.28 7080.69 
2884.17 5386.92 251.338 379.873 862.6 
7027.43 9240.33 3425.96 4361.24 4901.41 
5393.97 1990.74 5551.02 1033.24 232.259 
6449.32 6712.96 5618.42 5454.56 3689.12 
2945.43 6208.76 3400.46 6217.27 266.216 
1608.37 1141.62 2833.77 4024.57 998.887 
9914.47 6908.74 6385.81 165.788 7288.61 
7248.41 7193.22 6528.92 674.353 1554.45 
1430.31 6068.32 3545.19 6981.33 7101.57 
3777.45 3430.62 3814.51 9395.87 8885.18 
7503.64 2341.28 5093.92 904.082 8558.55 
5360.14 2512.45 9700.17 8193.91 6537.02 
699.039 8108.36 3445.73 7084.85 8274.15 
734.326 4333.24 5467.36 7263.25 5007.6 
7021.8 8693.55 1075.9 566.974 5674.86 
8177.47 4344.42 9105.49 1991.97 3740.27 
7990.66 9495.6 6081.56 3084.56 399.667 
4640.09 8444.7 2912.12 4340.24 6638.6 
9449.13 5039.28 4746.95 2894.85 2124.11 
3021.08 3629.17 6457.35 8488.44 892.402 
1464.93 5510.23 9585.96 2540.84 6077.2 
5260.8 718.294 421.603 4366.27 2710.26 
4161.88 2356.91 2205.84 243.414 5441.48 
2605.51 4883.5 3886.16 5517.63 9223.74 
524.744 4966.74 4263 5271.69 7861.59 
6387.11 8292.77 1490.75 2844.45 6781.19 
2383.15 4309.38 2291.4 1969.09 6850.22 
8368.6 7229.89 7568.52 8790.2 1596.15 
278.759 2952.06 3953.06 2484.6 3195.48 
9394.54 5090.11 8078.98 3280.68 607.723 
7302.7 3805.43 5574.46 1565.68 9077.12 
3436.04 7952.79 7369.87 4926.78 797.224 
4151.05 7309.93 5106.61 6442.45 9279.02 
1956.81 4811.03 6508.89 9525.33 3601.22 
8105.04 9804.09 6553.28 2058.09 2288.68 
9748.75 1452.61 7378.79 7827.71 4733.3 
7986.51 5130.39 8538.72 3560.96 6696.08 
7615.82 6997 4648.85 4985.68 1923.76 
5446.07 9136.73 9233.69 552.665 5579.16 
8512.69 2509.48 390.178 5021.57 2034.79 
3991.4 3126.6 1838.87 544.659 5184.69 
4127.54 293.397 6637.3 1506.32 8121.11 
1370.58 9492.83 3251.49 9909.3 3053.77 
9947.56 7525.11 50.7507 4596.4 2510.77 
1974.51 42.4552 1647.48 1208.18 595.121 
7226.64 9720.88 3104.6 7616.82 4742.43 
5139.39 1608.2 7869.02 6978.26 2152.86 
3053.69 1105.79 2446.26 9690.99 2612.1 
567.35 1061.55 2104.92 3818.84 970.831 
5158.69 3766.38 8495.94 5209.44 8362.78 
1006.69 7183.95 8405.24 2654.17 8392.14 
9000.36 9880.82 8112.99 2104.94 7497.62 
2855.4 7244.33 9105.82 724.41 4222.58 
1258.66 3778.1 5328.37 3704.92 3469.07 
7940.47 4272.27 4530.62 45.3738 8091.11 
5501.45 5204.06 1857.48 3997.38 413.489 
220.241 5004.07 7597.44 8625.48 7658.24 
5989.56 7625.82 7539.04 4102.54 9730.76 
5036.64 6957.94 6975.08 4142.45 7682.35 
1197.64 5401.11 1460.43 6526.01 9106.03 
4929.51 4466.47 3378.29 9460.13 4511.84 
1469.38 4961.57 9715.91 3326.85 8958.94 
129.377 3547.1 3962.99 7726.82 2172.56 
1621.21 3716.36 9798.38 9160.25 7818.9 
9529.12 4196.88 4776.82 6504.19 8339.33 
2459.15 7701.83 3740.42 3919.58 4227.82 
2846.44 8849.09 8694.29 6224.73 8309.2 
3206.11 7694.11 3270.75 2922 1020.94 
2229.68 3051.38 4568.04 6192.67 778.178 
6740.6 7813.88 4494.54 6538.96 6974.11 
2313.42 6068.06 1170.97 7090.23 2572.23 
9510.3 9549.38 274.046 3250.71 3468.95 
4501.87 6097.15 2318.02 3196.14 2321.86 
627.207 6402.25 15.9477 3897.96 9324.25 
1036.89 6127.63 2375.61 5604.93 2320.28 
3153.79 2345.51 134.145 7648.33 8884.47 
7108.26 9961.75 4952.52 8279.23 7051.96 
7524.75 7789.51 6601.33 7798.8 1040.2 
70.2606 2300.65 7137.35 2388.28 5496.79 
9459.21 3015.49 1899.03 9475.16 6913.45 
1223.26 512.032 3041.07 3598.88 6116.96 
5361.35 6752.67 8462.48 5495.5 4400.98 
7346.93 2603.74 4362.71 2299.43 882.951 
1414.66 9824.18 8672.46 8015.98 7622.97 
9712.67 8086.25 9923.62 6850 474.511 
5420.39 6309.2 3490 7319.42 5784.34 
403.432 8542.68 6296.37 3444.5 2141.54 
2413.32 8805.85 8894.21 875.776 4301.33 
3295.18 8222.71 6905.07 7657.89 522.12 
7788.02 9072.55 346.287 6460.46 7088.52 
7969.25 6173.12 5174.74 7892.85 3023.1 
5649.25 3313.22 9332.3 9139.25 632.623 
5116.62 9542.69 9175.3 1412.98 2987.17 
1316.83 3826.29 1793 211.027 4702.07 
6094.33 3506.21 2924.76 2999.38 1164.08 
3446.88 787.377 236.612 3793.17 7247.84 
7325.13 1762.4 3420.94 2499.85 9655.25 
6444.05 8149.11 2968.46 5776.33 7288.35 
3601.08 892.936 6831.02 2776.37 2305.91 
9818.18 4093.2 6132.21 1611.17 4304.22 
834.263 7705.5 7810.43 3759.02 704.857 
8974.51 7205.9 1492.23 9211.12 999.051 
8740.07 6536.23 2761.45 2161 9036.09 
2416.69 8605.04 7185.18 5385.14 4381.36 
4473.51 8986.22 5274.29 1304.51 1762.57 
7580.21 1122.67 5855.77 3712.4 2733.84 
159.975 4546.66 439.318 7970.41 8305.68 
1144.17 6944.9 5511.57 2636.41 6156.01 
6510.62 1376.47 2692.23 9272.07 3537.46 
1728.3 1688.74 2142.49 8913.48 7073.88 
6523.85 3386.97 6060.09 1798.13 4691.48 
7822.66 9378.33 5814.15 3678.41 3090.72 
8547.99 3838.38 7637.38 8987.31 1808.77 
5943.05 131.463 8753.68 1454.6 2767.87 
4909.67 7965.22 4144.34 7601.9 7237.27 
7681.8 9330.2 8926.01 9824.29 8243.66 
5999.88 6348.13 1630.62 2059.95 8146.25 
6322.09 9882.61 7524.57 2136.23 3561 
615.268 684.198 7399.38 8252.65 9671.5 
9208.16 4195.68 9802.97 7961.82 5650.27 
2570.82 2871.47 3615.48 6715.16 473.353 
852.732 4396.94 9803.55 9778.75 4221.22 
8047.2 5778.61 569.329 9677.82 7838.56 
8715.58 5999.89 7721.15 6240.13 8136.12 
1282.13 6855.4 8820.32 8681.51 5108.03 
8491.81 7889.65 9303.71 8294.76 5851.46 
4953.96 865.561 8722.93 8569.44 7580.72 
9196.28 9422.17 1977.65 8999.82 9200.9 
6198.87 7047 4979.49 6768.2 6724.8 
2818.03 5483.76 2724.67 539.161 1723.88 
860.775 1821.29 8579.28 9681.09 502.786 
3687.29 8172.88 8392.44 2990.98 6467.62 
4243.88 7944.95 7333.18 2966.79 6514.37 
4913.89 2163.05 5936.53 6891.53 1162.85 
5137.42 3090.38 8209.85 116.893 9858.58 
4934.62 2934.92 5342.33 7659.3 3474.09 
7066.2 8520.07 5295.38 5645.47 8201.15 
5798.16 9332.76 6374.01 4190.58 2323.73 
2841.62 8434.46 268.662 174.786 1401.23 
6783.04 5088.67 3564.29 2719.55 1980.19 
4727.14 7856.97 5070.57 2936.97 7973.86 
4929.14 7871.59 908.767 271.449 5530.87 
4382.85 7337.65 4050.93 9678.23 2983.1 
2252.06 5476.37 2315.85 8626.07 9666.96 
4639.58 1467.67 8101.4 4908.24 1642.46 
9502.64 1691.26 6731.13 3066.91 4410.81 
8711.32 7794.04 2267.76 3781.88 730.992 
241.6 8711.02 8602.58 1150.37 8982.47 
4133.43 5533.22 6320.11 8184.36 5211.43 
9303.21 436.4 687.785 1619.04 9062.47 
354.725 6258.62 530.128 8456.13 1166.85 
2172.59 7958.75 2858.1 8903.72 1025.64 
7268.91 7615.03 8819.68 9536.67 1396.89 
9550.67 9778.27 107.897 8153.24 928.622 
9090.37 2286.66 6461.84 5410.46 471 
1673.25 4713.65 907.399 2361.04 6332.7 
9969.87 2715.77 2591.3 499.982 1171.88 
3758.15 2672.57 9130.63 6616.25 1576.28 
156.248 3885.15 9191.3 8975.93 3421.8 
588.18 8526.59 3200.06 696.077 6679.81 
4128.68 9786.44 8966.47 590.506 5196.88 
9437.47 2263.76 9910.54 344.848 4624.8 
6243.22 314.702 7340.57 8834.52 814.683 
8512.44 2592.65 3487.25 7643.05 9208.9 
5063.53 7799.3 3094.04 4254.82 6775.21 
6515.84 4843 5301.78 9715.9 5539.07 
1981.58 3844.57 5325.5 948.025 4435.07 
522.367 385.474 6698.83 432.886 730.322 
1323.61 6676.1 1045.02 8664.18 5510.6 
1859.71 7176.6 8103.25 5346.96 4819.64 
7312.14 410.474 2618.92 406.159 4665.29 
9394.13 6922 9508.29 4695.9 6637.88 
5047.35 6677.47 482.432 372.829 7625.5 
4917.5 895.196 8010.97 1616.32 1328.08 
8741.29 2939.93 8004.18 9786.31 1604.09 
3514.77 1646 8780.7 1618.01 6992.97 
3600.32 8930.15 7403.44 6219.24 9336.3 
2068.71 5613.35 6258.29 1576.99 309.232 
2896.15 6624.33 6986.7 3378.59 6997.16 
4612.18 8296.09 7892.36 2623.14 9912.41 
9220.44 1364.41 2852.32 7224.61 1150.71 
4456.42 739.358 2796.71 3237.1 2357.36 
9789.68 6837.42 1287.49 7193.1 3056.64 
623.778 9261.82 8669.99 6882.07 838.784 
8979.23 9778.22 7463.12 5965.91 3156.79 
4460.26 578.078 1452.86 2352.6 3201.21 
1365.25 1573.02 4565.62 4217.57 8797.63 
5716.33 8673.99 9536.98 8513.05 1911.07 
1894.33 8302.71 8748.49 3181.82 5495.79 
1805.11 3805.6 4757.59 475.091 687.649 
5596.38 9454.32 465.852 3059.48 5420.21 
3622.64 7519.73 5998.29 5075.5 9872.33 
9199.5 6440.75 1445.34 3765.11 658.307 
242.946 9481.45 9332.3 9779.93 7994.48 
1243.35 1674.24 6297.17 9991.84 4856.07 
1792.95 1796.94 8661.67 6550.54 2272.03 
9349.32 2146.9 1726.33 9815.17 5206.38 
7146.54 3437.79 2726.09 3144.81 8513.29 
2598.41 2344.3 4954.03 4043.75 6109.41 
5612.33 4286.69 5590.84 4944.61 4066.6 
3585.3 6187.96 5740.85 9882.46 6179.78 
596.899 1675.39 7976.72 9258.57 8225.93 
248.734 8607.87 372.815 1975.06 8423.02 
5579.19 9121.6 1860.79 8305.28 2266.4 
374.069 903.676 4610.69 5328.1 4947.42 
720.088 940.414 9234.11 6310.92 5885.03 
3300.7 9896.22 2072.97 9041.55 9778.67 
8252.76 9638.45 1454.04 6229.46 8897 
9679.98 6478.2 7504.85 52.7749 8453.26 
5927.85 5631.97 7574.84 7788.64 3937.23 
9841.24 8162.71 4840.91 4451.92 3490.79 
9788.33 5172 4431.2 9022.43 1482.91 
316.209 2323.11 1379.12 2389.18 1364.64 
1157.77 641.92 1003.07 2611.81 6871.38 
9900.07 2291.77 3349.56 7404.9 2344.55 
1802.8 3332.73 7976.51 9377.64 1121.35 
1913.73 9218.86 9284.06 6754.64 3670.76 
2774.82 6542.95 8842.77 7206.02 5565.36 
325.662 7522.23 7888.47 1704.78 9911.41 
9253.11 2862.54 553.317 256.167 5474.36 
7424.7 156.221 7766.13 774.244 7561.12 
110.654 2577.04 893.832 8087.17 1954.67 
2015.18 0.875538 1173.52 1299.22 6755.51 
4844.28 4074.04 3298.44 3687.03 1280.05 
8863.8 4012.69 8802.29 6752.25 5717.47 
8713.68 6005.35 8580.02 9267 6261.51 
4054.35 6691.68 6417.73 1820.46 7465.93 
3978.84 1931.12 42.9535 4872.67 18.267 
1997.62 6887.85 19.1426 3171.14 8187.07 
6774.65 8015.42 2261.1 73.0802 1702.44 
3541.15 8936.88 5715.13 2343.42 5689.12 
1432.59 1057.08 1694.45 12.5849 324.065 
7955.96 4066.94 7015.75 4373.68 5887.4 
4481.66 8352.51 7818.52 4524.61 3225.17 
7836.79 6522.23 113 7855.93 9693.38 
8300.07 4630.57 7708.78 561.151 4703.65 
9411.22 4102.3 3640.51 5126.33 6445.72 
9329.63 6558.92 7502.8 1024.06 6571.5 
7826.86 8980.02 638.428 4842.6 3353.68 
6525.83 9324.25 1706.18 4344.34 3848.84 
4931.34 2181.11 371.06 5044.34 37.0251 
64.4191 3344.4 4667.59 7773.2 3905.55 
9371.24 7184.4 8007.85 3011.74 2310.72 
4453.55 2341.35 8869.64 1956.33 3365.41 
5441.13 9783.2 2345.42 6079.56 4625.77 
5699.1 2605.37 3950.01 7405.27 6949.71 
7798.85 2336.6 9130.82 8169.91 7380.94 
9167.85 8234.33 725.323 3835.42 6007.51 
4630.87 3206.65 3191.9 2638.7 6218.39 
5502.62 7092.25 8559.74 4372.25 9048.58 
1925.14 9813.38 8831.76 4270.56 5892.92 
3457.51 9969.66 8498.3 7407.52 7374.91 
5447.99 5206.35 9711.51 4578.8 3376.25 
7092.44 3746.63 1610.56 7817.76 7582.05 
7618.07 2448.62 788.683 809.958 5087.32 
7007.07 6312.58 2179.55 5566.8 684.817 
1228.11 7491.94 498.181 59.8468 1762.48 
6391.1 3517.36 1732.12 4889.39 924.86 
9107.04 337.361 6131.21 8818.53 4916.16 
9507.46 5910.95 8662.78 1118 3728.7 
6244.82 8736.07 6177.32 7033.5 9546.03 
1264.62 4040.55 5858.6 3444.17 9607.35 
6543.41 4672.28 7099.28 7041.59 4732.12 
8861.76 3432.68 8249.48 593.866 8322.07 
9174.34 9700.9 8659.43 5305.54 8519.41 
3575.57 4812.98 4430.35 2238.34 5930.98 
8159.05 8483.15 4667.03 4336.36 5516.64 
4213.05 5600.97 9557.19 71.6265 9045.14 
9164.53 6615.04 3717.4 6263.79 3656.62 
8449.52 5125.53 7089.3 6698.99 5719.4 
5411.35 5873.31 5420.28 4070.76 1178.83 
3939.68 7646.33 5991.81 8370.03 9884.67 
1922.77 6529.07 8367.8 6589.8 865.405 
3884.42 802.83 6466.38 3441.6 874.457 
5511.5 2606.11 7489.5 9228.9 8869.89 
1146.1 7678.41 3995.41 8235.4 4377.38 
9714.81 3646.73 250.673 5135.07 7717.49 
1429.5 9074.75 5363.81 7421.31 7444.76 
5248.46 9344.08 3973.81 3616.25 5933.86 
4839.22 7500.67 6736.69 1305.58 942.25 
7611.15 6817.08 3548.36 5100.63 6045.97 
2418.23 6246.72 3724.36 6413.64 4482.1 
8101.74 6128.43 8128.83 8352.42 1263.49 
5846.31 9781.92 338.217 1210.1 7203.21 
7782.98 6458.56 6547.27 1756.77 74.7924 
2481.12 6595.99 7575.46 9217.81 7901.57 
8517.71 6828.94 4718.64 2066.05 1929.55 
764.593 4484.28 8176.27 4488.96 897.909 
2658.35 2590.69 7026.34 787.171 943.087 
8289.83 6633.48 724.99 8628.04 7843.58 
7928.2 6411 4302.13 4475.46 8167.78 
4376.92 6956.57 4763.75 1952.36 6174.36 
2665.31 470.06 3003.28 7383.95 2536.11 
4932.83 8148.54 7020.4 3109.08 2637.48 
7918.3 5767.43 5228.17 4944.63 6554.6 
6171.25 3234.44 3188.07 6896.24 1862.46 
1031.63 4824.43 8273.47 5333.76 9299.89 
6441.23 9710.68 6256.44 1204.97 1663.02 
2430.79 3870.27 2133.08 5434.07 1254.2 
4669.19 366.879 9402.74 1689.57 3475.96 
2040.2 9607.88 9243.39 7268.37 4552.49 
5797.98 3439.61 7786.92 8986.04 335.831 
9649.38 17.6576 5160.26 7922.83 5351.42 
4460.13 4364.05 5062.07 716.552 5569.01 
6725.1 3147.34 9439.28 8858.18 8581.41 
693.469 3527.36 8948.29 96.1922 5216.93 
2424.23 2136.4 4824.79 1667.6 9404.77 
9377.28 7465.58 2844.35 7164.19 6451.6 
3180.18 6813.55 6469.26 8340.44 4736.37 
1820.66 2800.55 9100.42 6882.73 3517.1 
4669.41 3607.81 6664.44 4108.68 2465.98 
5245.83 4802.15 5993.34 4194.1 4898.34 
1210.26 6618.33 7034.74 6035.05 8285.93 
6439.48 5412.31 5751.49 9283.84 2576.48 
2203.07 2464 9390.03 8672.33 804.43 
4126.39 492.974 3604.98 3226.79 7375.71 
7122.09 7896.2 983.503 3786.51 2004.86 
3449.48 9032.35 6807.01 9442.82 3226.44 
1705.33 653.06 9844.77 8740.07 6688.11 
8130.68 5179.54 2100.4 3882.15 4463.36 
4676.89 6085.22 6927.36 4066.9 4757.54 
7731.79 8193.29 5250.51 1336.76 1420.06 
2626.2 8458.84 9316.26 3609.71 2245.34 
1321.11 7059.19 1277.67 8128.12 6501.99 
4504.11 9833.46 7155.05 4348.86 8573.51 
3843.15 2479.52 3753.03 5943.55 6361.67 
8216.39 620.418 2446.88 5143.73 4687.32 
7204.42 2875.5 2880.6 2454.91 4212.26 
4300.66 5081.12 2671.09 3616.91 8690.82 
4916.43 4938.02 5749.99 6194.1 3066.12 
2251.97 698.197 2899.56 9407.02 5047.05 
1473.05 3250.15 7526.57 5226.08 9193.7 
3888.23 3442.45 9814.12 6335.1 8586.18 
4501.42 3539.5 1461.66 7382.01 5994.41 
5673.93 1682.66 1075.51 8345.02 5299.56 
9766.33 3261.43 237.561 5516.31 9455.54 
3303.68 7768.27 153.716 6203.24 7175.28 
5200.77 7676.29 425.409 2727.33 2902.35 
9619.11 6615.55 6344.8 9433.21 2950.64 
4930.96 3934.61 6490.14 6392.62 1316.6 
2484.53 2066.53 2999.26 3560.05 411.528 
8298.82 3326.36 3672.96 8536.38 8842.67 
3128.48 1840.05 6610.93 3282.19 8043.29 
3786.19 8482.96 5719.56 4211.6 1210.28 
8621.91 3830.69 7825.83 4966.69 3263.87 
776.449 9897.65 7198.48 7266.59 6290.25 
8515.09 9751.12 8356.78 1514.33 3311.15 
8768.31 9813.15 6637.51 2441.25 8349.52 
5480.16 5569.73 189.553 2091.07 8851.92 
8232.84 5877.26 7334.87 3952.39 88.8353 
8545.14 2574.28 3919.52 6370.96 7540.97 
7183.39 7147.4 7438.6 4381.86 4413.98 
3728.84 2896.93 4165.08 2085.6 4411.26 
7476.23 853.888 4224.39 4113.73 3295.14 
2573.9 9593.89 8864.86 2763.45 1684.94 
7716.77 996.273 7562.2 5051.62 4948.66 
7651.04 3596.75 7522.94 1570.54 9967.7 
5063.89 8753.93 7115.09 2502.48 3135.77 
1529.05 6231.32 6032.7 5694.13 8316.91 
443.937 3170.34 9170.8 4668.33 7284.07 
2465.92 7242.22 6877.94 1330.77 5.65567 
8562.88 9047.53 1001.93 6125.06 4099.14 
5950.59 3776.08 7695.88 3473.51 5346.62 
7663.56 8537.4 4100.54 4778.64 1039.86 
7236.31 6307.68 7271.18 3268.99 2001.79 
5588.08 3712.93 5172.13 4758.86 8381.25 
2456.18 7224.78 5623.46 9334.12 8555.55 
5629.12 7896.99 7603.07 6631.04 4022.03 
1702.19 2581.61 7798.12 9398.07 6055.12 
3144.72 7061.61 4592.51 7245.25 1840.23 
5632.37 4481.55 8147.91 2903.54 7750.53 
149.689 8491.61 1463.44 5321.82 3250.46 
9844.69 7778.01 475.227 5468.14 7112.11 
9030.78 1097.24 5009.08 6633.83 7728.28 
9031.11 8336.01 309.881 6829.21 7734.06 
6365 9973.93 4795.66 957.494 7219.17 
6635.89 6589.87 1700.7 4783.79 9493.4 
9451.23 4933.48 7985 914.657 255.284 
1235.44 759.335 8033.29 1710.67 6227.47 
5145.38 741.431 7324.71 154.447 7375.26 
5052.98 9185.56 5711.26 5362.86 6014.76 
3445.3 1727.85 5988.67 8240.96 2685.34 
3207.83 4876.84 9275.21 4908.53 9660.62 
8768.59 4359.74 4594.09 6753.58 5274.4 
4849.37 7989.02 6033.73 2882.64 9699.69 
2261.19 8028.03 441.105 9585.91 8182.47 
7816.36 4638.87 7368.02 3527.6 1.71235 
3382.76 6972.91 1729.56 9371.43 5213.85 
4414.9 2579.24 90.6683 3690.09 7487.77 
9751.29 2458.67 1847.49 4345.36 9212.25 
7121.89 9194.73 7201.25 3155.61 2077.36 
6900.92 5416.8 105.37 7342.03 5002.69 
8287.84 5158.37 9641.56 5655.84 8685.98 
9643.27 9038.6 5658.87 1372.81 8410.01 
872.698 5787.71 989.237 963.366 9477.81 
8477 714.642 1936.46 324.48 5060.01 
1148.69 7446.37 4254.72 8349.94 601.965 
6332.08 5250.84 6018.77 6437.45 2592.85 
1021.44 4725.28 7751.22 662.982 381.103 
6437.18 306.236 9419.7 2096.03 1679.05 
7829.7 2968.73 7466.77 8818.94 3932.09 
6944.56 7295.92 4646.73 8881.01 7620.4 
9706.74 29.685 5066.76 3961.45 8379.62 
5668.72 293.51 3630.44 1687.47 6730.96 
6223.29 2708.91 1456.22 3974.49 3371.9 
1837.32 411.659 3678.13 1257.01 2507.69 
5357.18 9086.71 5476.42 2823.93 7905.63 
9408.51 9768.49 5201.53 4055.23 8649.48 
2821.92 3761.95 8679.17 7888.67 7723.39 
7058.77 3557.38 8016.9 689.198 5244.85 
4747.85 6912.49 7953.77 6204.07 886.967 
1325.65 8041.39 1298.63 5003.78 9298.4 
3806.31 360.948 8385.09 9282.73 3184.88 
6290.7 8691.22 2953.35 1492.22 2746.43 
1602.82 4314.13 6508.38 281.968 2202.79 
4231.75 7340.74 5760.17 2248.64 8029.94 
1005.01 6996.49 4942.41 8958.78 3200.54 
5829.38 284.41 1241.91 7128 5288.19 
540.3 934.301 5649.14 8925.39 217.013 
8834.02 5216.08 8908.23 1787.35 6708.3 
1654.64 3390.17 1022.41 8163.02 3672.13 
3225.2 2394.76 1012.86 8985.38 4643.4 
9042.8 9990.38 1639.87 3985.19 8949.15 
4840.4 9814.57 9233.56 6082.32 6942.56 
4521.73 6622.62 7876.86 170.853 5548 
8093.87 9004.87 764.059 7002.09 792.203 
7472.35 8656.73 4182.37 8494.77 6819.73 
7854.5 1719.95 9214.49 8867.36 705.312 
3857.87 7910.14 695.68 5497.73 1895.31 
9644.83 338.123 1709.87 8878.36 6420.44 
8652.42 3400.08 3043.04 6529.26 3570.93 
8591.04 4623.11 2575.78 9355.1 1625.18 
3367.99 6827.44 281.896 7550.36 5322.19 
7101.63 5404.84 7042.14 6316.1 4272.18 
7747.46 173.957 2182.31 8443.13 5671.69 
4077.62 8087.94 6009.81 5787.49 6966.29 
2430.24 4439.89 366.351 5473.28 969.138 
3937.28 4064.31 5592.25 6513.07 3419.39 
7217.44 9881.05 246.811 7499.33 7431.39 
5569 4600.95 2836.21 2611.12 917.032 
7108.4 358.563 1090.99 9290.71 8801.7 
6762.68 3368.31 6889.62 2772.48 9155.8 
3855.9 5202.72 3595.67 4222.25 675.983 
4564.81 8159.53 4740.29 157.047 4672.58 
8159.68 7374.48 4553.61 8406.49 4873.8 
1984.99 3975.47 9474.74 4821.2 6586.6 
391.758 1929.58 6945.16 1482.75 1220.27 
5746.84 8245.43 4588.58 2636.45 1017.89 
3744.36 6492.35 6220.61 7340.04 714.581 
6896.59 1904.83 8874.11 1636.86 2061.88 
3546.67 9796.54 9436.36 8100.29 8203.02 
4310.14 85.2574 2178.47 3784.87 4906.46 
8765.07 4176.63 6836.04 5710.22 5659.37 
8056.32 1457.04 3904.78 2644.88 4093.49 
4922.67 6389.25 585.826 1143.26 3729.27 
1300.41 8039.85 5634.1 174.501 9676.71 
7695.97 3721.17 9473.24 7132.32 1821.44 
7676.24 1442.44 1906.7 9854.71 5227.31 
6813.16 8619.77 9403.93 3649.19 4329.97 
5063.29 1705.49 5787.01 8968.07 4350.37 
9880.5 3890.73 739.601 466.312 5033.99 
4468.87 1766.72 3073.82 102.946 1941.22 
2750.52 7798.92 5662.39 2223.74 4931.22 
7483.84 9899.98 6373.66 9390.54 9754.67 
1600.95 6203.68 8374.42 1004.87 9852.87 
2704.37 6068.16 1558.34 8491.38 5036.21 
5908.71 8371.86 8926.94 6648.32 8838.18 
3960.91 1117.16 604.878 7034.73 1220.11 
2546.1 9785.25 9019.03 8208.49 2008.97 
3950.24 5692.31 1908.93 323.88 5082.84 
1663.58 1924.83 1286.5 37.9835 2929.7 
1139.36 2742.35 8997.86 2697.7 1233.71 
4034.05 8606.42 9605.58 2960.97 5254.71 
8443.74 6921.88 6371.88 9048.61 3956.6 
7591.99 1594.69 3741.83 6611 9803.19 
5750.8 561.222 5495.48 7659.73 885.102 
578.299 9323.31 2809.93 1864.8 9361.29 
5739.64 3004.16 2103.63 4737.48 5701.86 
3337.34 8771.53 4308.26 2942.9 1732.49 
9562.97 1386.62 8654.37 5934.83 435.212 
2610.95 3526.8 2029.91 6352.78 137.791 
1833.07 2103.56 699.013 7328.55 9763.29 
1584.12 7906.85 9086.58 4394.05 9771.65 
8447.85 133.669 2775.79 551.46 4871.15 
8477.65 3888.8 3642.66 2785.89 6831.7 
5375.14 2348.84 8218.31 4029.5 8283.67 
8653.52 6640.45 1810.46 683.413 2993.21 
1948.25 2516.49 5096.78 2647.26 9845.04 
4860.05 4231.38 7751.88 3946.61 8625.43 
7523.51 2394.44 8759.1 299.291 2945.9 
3630.23 8776.94 6834.7 7272.89 1562.81 
3666.38 2648.01 3911.65 1884.67 6677.51 
2195.31 538.18 3317.95 4005.77 1221.59 
6311.16 5954.02 3738.08 1407.92 8601.28 
3583.1 6267.96 2832.64 1334.96 214.555 
1458.06 8858.48 2609 217.138 9157.77 
5554.9 3847.37 7934.69 2389.58 1120.23 
9497.51 6055.96 3768.25 3409.14 7940.63 
445.742 5604.45 8478.81 3763.69 9610.22 
9700.4 74.8294 5564.22 3438.47 1482.75 
4165.49 7021.57 7750.71 6998.13 8356.53 
7965.27 8456.19 7214.99 574.246 8673.33 
6372.74 6129.14 2520.68 4307.42 8518.72 
3640.91 3804.91 4574.66 7409.16 7214.05 
2515.28 7854.9 2818.49 994.069 1618.57 
2428.69 694.456 1693.4 7992.92 4132.92 
3176.15 2158.39 1154.47 926.843 9156.52 
9511 8892.11 7612.69 6725.98 9466.36 
6286.01 3098.7 5595.48 8806.68 7406.12 
4114.19 2447.58 1211.01 8688.85 9856.73 
8425.07 1204.11 7711.62 1243.54 2198.18 
9330.19 3672.23 2892.63 1023.57 1665.14 
7025.56 4199.72 3823.52 8180.03 5126.56 
2980.03 7691.01 4018.66 592.708 4416.97 
3484.99 6878.71 7515.68 9080.48 5685.38 
4921.78 3194.65 8132.96 6132.8 1883.48 
7989.67 4557.85 3087.59 5701.27 5801.39 
5285.77 5031.45 9473.62 8178.4 6055.02 
1138.74 5203.94 254.723 4962.26 3383.95 
5381.29 7942.29 1074.95 9399.94 8535 
5491.92 2884.92 5413.7 3007.58 1965.38 
1099.06 7929.36 5160.03 9232.02 4062.14 
7043.51 7221.67 8619.99 131.081 2922.93 
4421.36 5416.85 7954.37 3894.96 3595.24 
4009.38 5033.7 8799.18 4264.1 9995.96 
2183.11 9645.39 7938.24 3258.06 9045.31 
6473.22 8749.98 1930.22 1886.91 1757.55 
3895.6 2985.97 9686.91 9055.63 2217.96 
3749.04 6099.12 9439.63 2369.01 6230.2 
2362.54 6790.37 1647.03 316.901 685.319 
5242.27 4326.28 5719.02 4041.43 8590.38 
5714.97 6224.54 8235.75 3653.19 9482.6 
7281.04 126.396 8232.57 9211.26 2013.3 
9990.12 3106.84 4999.27 9677.01 2162.45 
7217.23 3426.04 8261.57 6656.85 5795.05 
4491.75 9019.39 2585.41 6138.79 9336.29 
3270.73 1381.04 3662.55 8989.75 5422.47 
2252.91 4704.7 1646.99 488.641 8357.89 
1129.58 7769.68 8484.28 9362.15 6980.93 
497.566 9352.25 87.7496 5496.83 9029.25 
2250.2 2714.05 2455.27 511.754 9370.9 
8250.32 5003.51 8390.27 835.714 1142.28 
7726.55 4106.44 2523.31 1389.08 3096.17 
7945.78 3641.99 7800.87 9592.78 4130.64 
6158.74 722.341 1900.3 4643 84.4753 
8881.23 5140.57 9436.73 8968.98 637.387 
8465.96 1219.16 3351.43 921.211 1730.91 
2722.31 9171.53 6734.42 1112.57 7.22886 
7876.7 8839.11 4113.67 399.994 228.179 
7209.84 8345.78 3870.17 5010.7 7938.54 
8000.81 1169.42 8660.88 9901.11 5812.43 
8745.35 8782.32 952.979 8182.06 7751.28 
1590.37 6648.01 8970.44 4941.8 7569.22 
701.333 7664.11 6740.73 7435.75 8776.68 
6747.96 5312.43 7615.78 861.615 5712.43 
7843.95 8071.46 4058.19 1714.11 3082.14 
1996.71 9714.92 4251.56 657.572 9616.01 
63.9701 9402.93 8398.31 1016.95 7584.97 
6149.57 2607.32 4232.96 5119.99 7549.12 
1802.16 5821.33 5213.21 8542.89 3257.06 
3989.87 5290.84 8569.5 1605.63 6152.45 
4281.91 9449.59 4223.9 8340.1 1163.68 
7306.04 336.79 878.581 1557.58 994.361 
494.575 1621.55 397.27 8892.89 2638.5 
7982.24 5042.44 5245.82 2215.19 162.419 
2794.91 4017.35 5983.75 8008.13 2560.23 
9240.81 1997.98 7851.07 7810.29 3603.62 
4003.5 2092.18 3053.18 8227.4 432.26 
4216.86 5533.42 769.049 5095.44 7091 
1763.41 5590.02 8712.55 2160.68 4482.89 
1351.03 142.907 9525.33 6596.85 2358.1 
9687.75 9391.76 6375.45 5671.48 7399.87 
8935.67 4912.27 9397.85 6786.72 2722.54 
3001.45 790.207 4814.72 6054.64 9017.6 
5246.98 271.482 4551 6016.03 5366.93 
1641.98 7779.44 956.929 354.51 9940.12 
5439.82 1705.54 83.0133 4965.14 8302.39 
2441.11 4652.87 7694.13 8816.56 324.337 
5093.98 7752.21 5236.61 4491.82 4538.92 
7959.15 7493.27 5329.13 2773.86 3547.89 
4346.71 8020.84 3819.37 8897.71 4036.85 
9186.29 539.677 1816.28 143.208 894.187 
1756.39 5583.03 2599.73 1839.4 548.147 
902.096 4280.51 5201.02 8596.22 3097.05 
5525.36 3690.19 849.244 761.949 8182 
5388.16 8721.1 5675.26 717.272 1494.94 
9223.14 5063.98 9515.78 3042.49 3961.68 
3552.62 2228.77 4501.36 5368.9 2371.98 
5395.54 7125.29 7955.01 7995.27 8964.68 
8503.15 8897.37 3245.18 3704.16 7493.57 
6342.22 9229.51 1183.75 7191.47 9991.46 
9365.75 2579.61 8712.55 5040.99 3296.89 
207.474 4264.11 8360.87 9723.26 7306.61 
2322.54 3275.86 9535.38 6823.89 8644.76 
1907.34 2219.42 5770.03 9862.35 214.676 
4734.7 8365.48 9112.04 7979.87 2069.62 
6605.6 4322.08 1299.12 7789.35 1513.53 
1290.57 7155.08 4093.15 3.10169 2196.05 
7390.03 210.576 6460.16 5750.89 9933.83 
3766.75 8073.42 3209.67 3302.11 4897.3 
1854.42 5209.45 7116.72 7624.44 5071.78 
7331.4 2359.12 3437.25 6443.42 338.977 
5506.88 3049.01 4661.06 6806 838.339 
6174.59 8096.57 7993.42 267.719 8099.67 
189.452 7657.75 8310.25 6649.61 3408.62 
8244.06 416.349 1482.03 1453.72 3718.46 
6379.33 3308.13 8927.91 3496.04 932.558 
3999.68 827.418 3291.68 7436.93 7270.84 
3630.66 2943.79 319.835 8291.71 9749.79 
1158.17 4466.29 7846.34 9151.59 4734 
5945.99 9341.04 2391.74 4256.22 5990.64 
5800.36 2500.26 6406.99 7282.39 3953.98 
125.433 3661.71 7262.11 9053.35 7157.75 
8194.67 3053.01 7985.16 1486.33 489.922 
5255.99 5116.99 3433.71 5575.82 3408.69 
3183.48 6734 7874.97 1029.8 5885.57 
2608.96 6975.79 5226.6 5000.7 1231.99 
1217.22 801.048 3732.26 7624.21 8083.44 
7686.24 7749.64 1745.13 4948.33 6802.97 
8902.88 3142.98 9855.98 6888.03 4629.32 
345.888 2144 9746.31 3779.6 7719.82 
3154.98 6963.08 4453.8 1029.93 7992.88 
339.355 3638.89 4968.65 5565.95 8639.59 
6200.64 6783.18 9440.64 9932.9 4407.37 
7524.06 7619.12 2157 9269.2 2567.43 
8959.97 8172.06 5710.41 8815.94 5060.07 
339.713 9161.83 7204.07 86.0013 2941.41 
4923.87 3240.98 9904.49 9377.67 4270.91 
7897.35 9717.03 7909.8 2865.98 5282.96 
6549.37 9066.63 2066.12 5990 8999.51 
6473.49 3514.04 6618.61 8630.49 2783.23 
9186.04 7590.44 955.271 4896.44 6406.36 
6015.34 5236.15 5568.17 3219.39 5322.15 
8509.58 8143.26 8563.13 8414.05 7520.92 
2834.02 6311.38 7237.93 743.802 9177.36 
2520.87 7293.18 8243.97 4586.99 3283.15 
7243.46 1060.46 6797.2 3862.06 9690.95 
9580.42 3048.08 7281.38 535.676 7944.52 
3687.72 6551.02 3180.66 9255.9 9770.41 
8502.81 7765.46 7913.66 7065.92 6179.49 
5434.56 9899.94 2490.85 2672.46 643.729 
1668.2 5193.33 7936.9 9912.17 9780.32 
1220.04 7155.61 840.77 8017.24 1017.65 
531.704 7597.64 4065.73 7813.08 8133.32 
2010.23 1500.79 4684.32 5190.89 756.667 
4454.71 3693.68 8522.13 2368.35 759.589 
4701.6 7802.91 659.516 7192.46 475.354 
1303.25 8860.66 5668.69 9240.15 8772.81 
5449 460.173 5928.4 6289.77 8477.41 
6946.05 6821.47 6075.04 1011.76 4634.53 
4208.34 3021.99 6135.32 8892.66 8212.88 
6891.99 3347.36 1906.55 5414.1 5715.71 
2666.14 115.683 3518.6 3325.66 7308.14 
3993.96 4628.9 6168.78 9662.65 3869.03 
4941.57 5111.62 4329.21 869.953 1401.37 
2806.6 7816 8222.84 8881.64 8827.76 
2857.36 3089.97 1849.74 8992.68 1982.61 
62.6061 5884.65 5329.97 1969.16 1298.73 
1045.67 4635.3 1414.41 4564.27 7960.95 
8722.55 8558.23 2589.84 4891.32 8220.86 
6458.87 9832.89 3332.47 788.059 702.823 
4733.84 3594.66 8518.82 2956.67 2476.28 
7346.57 5814.03 5566.25 9196.31 4806.69 
7548.86 9258.91 691.315 2878.82 1228.05 
1990.04 3924.49 5863.35 3404.45 8488.76 
3824.28 2126.98 7046.97 6414.12 7018.3 
5267.82 2872.97 6851.17 8600.29 3661.03 
7553.99 3334.11 7255.69 6072.8 6290.78 
9731.97 3419.35 2104.79 5298.2 2615.64 
6911.47 2847.05 1874.54 7602.79 5725.86 
3102.59 9592.83 9650.35 8965.94 2997.26 
8139.09 2790.2 5124.24 5186.05 9204.32 
2142.53 453.849 2077.27 8993.7 9054.13 
5738.3 6547.67 2388.23 2993.98 2620.45 
8679.01 2725.93 6039.8 783.779 8024.14 
8655.44 7695.25 871.167 529.962 5298.02 
6597.03 3632.55 4890.83 6247.37 2598.47 
7888.1 4386.44 5388.67 3012.32 9572.49 
4592.98 5154.85 26.3216 6670.25 4148.53 
9080.46 2408.53 696.185 1468.67 5402.51 
3316.64 147.66 8128.44 9356.44 931.439 
6152.56 8011.87 8626.69 7023.73 8541.83 
3924.7 3620.74 2174.36 8815.53 9868.11 
4772.83 6703.61 4254.53 161.489 9715.93 
3827.01 4754.46 4870.77 3853.33 1424.7 
9019.29 2933.77 3833.23 9715.48 4402.44 
9235.74 3032.1 4550.1 7364.16 2388.52 
5481.54 3516.71 400.375 4108.21 540.416 
8942.2 8032.91 4161.16 1116.55 6848.42 
4029.25 5889.38 3552.01 8283.78 6050.87 
3267.93 2110.77 805.32 8138.69 5964.1 
2230.02 7157.97 8897.87 6063.25 6873.43 
3300.29 5298.97 9905.54 7850.38 2663.12 
2294.04 3331.9 6179.82 2694.42 7440.11 
6720.24 1636.6 5473 881.378 2753.16 
2321.4 4910.63 8642.54 5873.41 3194.39 
4693.4 9141.34 5305.17 5498.72 7280.02 
1269.25 7728.73 4437.97 167.097 3791.96 
1311.39 3467.38 9090.93 1216.91 1317.75 
1754.03 3510.95 4649.65 7933.85 6205.37 
2089.74 4654.07 7841.98 7562.73 5535.45 
595.113 9884.13 446.06 9237.65 5757.53 
3640.45 3931.03 4898.85 8945.62 9429.75 
2178.86 214.849 7158.46 6616.83 381.946 
950.407 7928.22 3849.33 41.3213 9145.13 
5167.07 1795.35 2656.07 9816.72 9729.2 
8861.44 1906.44 4383.26 6703.4 9469.17 
9918.71 7298.51 9353.29 364.751 6536.15 
5110.8 4005.2 467.16 9.63964 2950.81 
9896.91 2188.5 3165.65 7055.35 8805.33 
3547.6 8005.76 6733.54 7396.93 8047.08 
5878.65 2563.99 9842.43 8534.72 2380.69 
9571.62 7396.14 4287.13 3954.86 4099.52 
3756.29 3873.55 1398.02 3109.56 4238.3 
7934.16 8220.36 8243.5 8401.32 8230 
1194.29 8298.21 418.48 4359.95 5353.55 
9223.81 7907.55 3359.29 5957.33 5304.46 
1406.35 1835.96 7868.44 1248.77 370.664 
249.117 820.367 7766.81 4536.25 4775.23 
1866.31 8292.53 8648.78 3264.33 1402.08 
2887.06 1198.47 9622.44 1130.55 9599.8 
7852.42 2324.84 7897.99 8270.9 6684.79 
3251.52 7494.69 4592.32 6610.81 3452 
9896.78 8017.17 5287.96 7765.2 9265.93 
5658.62 8014.32 86.2818 3425.41 2550.55 
4861.51 5291.73 843.069 3510.27 8556.05 
2245.14 6397.32 9754.53 1867.56 7527.87 
9354.31 9719.98 9852.71 7252.28 7990.86 
6537.48 503.791 5485.54 1129.78 7114.6 
8937.54 1026.54 5131.75 4225.48 8791.75 
4397.67 9884.1 6806.05 4483.95 3309.5 
9356.6 9345.46 8601.23 199.655 2855.7 
7157.26 2444.8 9253.03 6911.77 4312.36 
6780.88 6266.07 4032.33 6633.58 3518.33 
2023.17 3171.04 4022.12 7508.71 4300.82 
1136.71 6446.23 5327.36 6268.46 671.688 
4119.09 666.114 555.775 925.126 5150.06 
3865.28 281.712 4495.5 2466.48 481.367 
7351.21 9623.75 2926.17 6604.22 6535.5 
7238.53 3385.08 2801.55 1270.84 18.6435 
6319.89 3294.01 3189.68 341.995 802.697 
7490.5 1478.71 7248.92 2817.85 7747.17 
7920.61 6936.94 8413.29 8476.39 7862.07 
3563.33 2341.64 8143.78 8058.83 4808.13 
8625.15 5410.02 4431.86 1551.3 2014.23 
967.347 8789.82 5399.31 3768.9 60.6402 
5417.95 88.7711 3354.65 8607.64 430.766 
4157.34 6098.12 1909.47 1406.25 8915.97 
9656.64 9326.86 5852.9 8069.91 7803.23 
3714.95 1633.23 144.857 1858.72 9692.06 
4952.99 483.846 5102.06 9384.84 2035.14 
7116.29 352.174 824.947 2515.58 4121.07 
885.587 7933.54 4209.85 4240.23 6541.16 
4640.61 8397.58 2639.26 6550.08 9803.83 
1555.22 6206.71 9130.67 7408.12 4276.6 
6933.88 1123.06 5909.83 7078.74 2981.77 
5601.87 2031.71 3465.62 703.92 1416.54 
5500.76 7820.21 1768.71 6325.71 335.777 
5889.78 7211.3 8269.31 99.613 1451.51 
4810.45 4740.22 9849.09 7449.72 1290.29 
9652.9 9004.94 7497 8783.55 6413.05 
1773.59 5717.42 7536.11 7683.42 2796.14 
517.863 3285.27 4827.85 3983.48 3989.19 
6244.39 9484.25 1809.39 8013.1 5809.94 
2145.16 3902.87 3021.22 414.462 4002.48 
4472.73 5224.92 8742.7 4321.8 2674.62 
32.9777 3974.69 1679.54 7529.98 2758.23 
8092.59 9303.57 8475.65 5628.68 6986.97 
1271.77 6146.54 272.232 6099.62 130.01 
4261.43 2344 9614.26 6070.81 357.076 
5424.18 8215.98 4259.94 8445.39 8630.44 
8262.42 2918.11 3855.34 7005.1 7239.91 
6529.96 7038.08 1214.59 8209.5 4568.05 
3972.81 6302.08 3871.6 2448.44 1930.74 
858.557 3720.21 8077.28 1130.79 9819.83 
8207.29 5392.22 2163.81 7821.53 1463.01 
2520.89 3245.69 9678.99 6780.83 1691.07 
8309.42 5043.23 4609.18 2164.74 2048.32 
1849.07 8694.7 9086.4 3063.66 6904.18 
3654.43 7036.47 3206.24 7526.03 9484.91 
5136.98 8384.59 3205.1 3214.25 9515.38 
3024.92 1421.52 4907.58 5188.73 9243.05 
6370.59 7709.62 2488.73 6049.56 4490.43 
4179.8 4358.96 9533.66 8788.98 6523.7 
1581.97 638.034 5218.38 668.353 3701.69 
2122.54 4322.79 738.147 5328.78 1848.8 
223.039 465.748 233.372 3428.14 3679.99 
9748.75 6453.06 5101.52 4656.31 1641.77 
4344.56 1026.88 9351.39 6833.28 7076.44 
3841.81 1013.06 1435.39 3375.45 9802.04 
7959.08 4957.42 440.057 3177.44 5625.77 
4141.75 5299.99 9948.56 4879.9 628.752 
1797.34 5102.94 1094.5 2030.71 8531.08 
4774.49 1779.45 4984.12 9876.01 6435.76 
6625.9 4220.55 7462.64 5977.27 1053.82 
4539.06 9819.08 2066.88 5974.45 3194.52 
1868.91 3933.51 8151.94 2308.96 7110.96 
3777.69 6450.71 2410.93 3726.24 1330.59 
3039.68 5523.58 6433.53 4134.18 7554.29 
4964.59 8908.67 9333.74 9948.71 8784.67 
5769.48 6574.59 3005.2 3232.1 2551.84 
4059.02 7771.16 2370.91 6125.9 3745.59 
5565.42 7994.81 7679.1 3717.34 303.75 
4790.04 7495.04 6754.46 7200.96 1221.26 
8085.06 240.625 6744.83 4518.57 4374.8 
4299.11 9483.16 3283.46 3632.83 9431.85 
2068.11 9402.31 6006.43 5073.31 2634.39 
8558.27 9132.33 405.534 929.158 5258.21 
4151.12 6494.58 3253 1830.2 211.906 
3556.75 6620.24 7706.94 311.193 3821.19 
8928.2 8396.25 4061.82 5673.02 2914.8 
8436.62 9972.13 2397.94 1720.06 3604.94 
1829.78 3788.17 3007.24 7836.21 8861.47 
5641.63 6394.46 7993.78 6047.17 7323.62 
3251.97 198.271 3818.18 6504.97 2028.48 
4030.09 61.7031 8648.72 1737.01 372.896 
2469.9 665.193 8769.14 6531.71 6338.21 
1683.93 4968.32 6310.32 4081.87 6688.38 
9915.27 5911.65 476.526 2922.49 3747.84 
9338 8564.12 142.283 7331.77 4611.27 
7465.9 583.723 4809.54 1284.06 7088.7 
6838.02 5314.15 7150.4 5486.72 7051.16 
7523.29 7956.62 7716.36 6292.42 4488.32 
4054.55 7976.35 9456.63 364.853 2058.21 
6144.99 280.102 7969.86 6621.52 3202.59 
1717.68 5959.5 1766.7 1859.96 3291.25 
6377.97 9325.87 3874.97 1187.5 609.913 
963.653 8025.52 5924.06 8114.05 3512.23 
2975.21 5637.33 1468.83 691.547 1929.74 
5957.15 4746.1 9906.09 5413.77 5110.95 
1964.28 1558.74 5391.05 9934.13 8180.26 
8593.64 1651.8 4139.75 360.321 3511.76 
7431 6738.29 2837.61 1305.96 7925.79 
3447.52 2269.61 5951.29 9371.59 383.644 
9463.52 2346.78 6020.97 932.334 3038.33 
7950.71 6889.48 7784.42 7856.78 2303.23 
2895.35 9821.06 3861.97 8286.4 9755.18 
2042.22 6880.03 1406.96 6181.96 7240.35 
4918.72 3612.95 3978.62 7756.33 4918.9 
1904.4 1203.84 7188.51 7855.69 575.412 
7572.16 7319.19 2922.19 3593.11 8251.53 
5960.52 1543.81 5140.99 3744.92 9400.59 
7444.22 6640.27 9221.63 1306.18 4926.66 
8976.79 3348.4 1806.67 383.73 9530.36 
9047.02 5302.45 3143.29 3025.62 3058.77 
8062.19 4930.02 4262.61 5250.69 2785.69 
4838.02 2822.83 104.865 7760.21 6415.94 
8356.39 3720.71 7959.75 3497.37 7465.63 
7360.32 941.576 4105.89 6581.93 2247.76 
9032.55 5558.71 5596.15 839.201 5942.44 
5126.5 9886.22 1244.87 8269.79 2911.82 
4303.63 6331.96 7841.83 8566.24 1582.64 
627.506 3404.24 4405.46 732.371 1164.43 
821.388 9088.76 4885.14 8781.14 2586.12 
2350.76 6141.44 3527.69 6456.65 2723.36 
5775.45 5489.18 8282.07 1371.58 6328.38 
4224.48 6498.08 6214.58 5469.35 4767.85 
9126.4 9772.99 1099.8 6968.22 8339.21 
2682.43 7595.72 1743.44 7087.9 8328.09 
2907.87 7909.29 7416.84 7793.01 6690.41 
2.9405 143.752 2831.83 3530.63 6600.4 
5555.19 9306.08 2089.56 3837.23 677.647 
8417.95 8061.72 7175.73 4632.51 3531.06 
1943.56 3758.89 3304.03 3043.36 727.089 
1643.22 5725.79 8322.81 3386.66 2813.67 
6650.89 6294.53 722.941 4067.71 4087.53 
7413.35 4070.65 4231.28 245.157 7601.29 
831.661 5800.34 6907.35 2921.22 9637.58 
7585 1339.15 7699.28 4760.71 5971.66 
1230.32 6704.26 9730.55 4534.35 9747.62 
457.621 6177.57 5473.4 8780.43 9564.23 
8287.07 5431.3 5858.75 9010.01 9499.01 
9946.27 6423.34 3569.65 4177.53 6668.5 
1170.92 5009.2 2468.82 8078.27 7930.42 
2106.38 5663.25 9269.57 9805.67 423.934 
5241.22 1035.97 7128.2 4971.75 5570.32 
6875.8 5429.37 1747.87 2349.18 4209.78 
1312.09 636.234 9641.09 7170.84 9646.24 
9140.08 7117.09 6069.57 2709.72 1294.61 
2738.04 3880.63 6303.81 5206.87 1958.88 
4234.21 7313.25 7622.13 3503.77 7118.9 
8046.06 8744.98 8154.87 5174.24 3716.71 
3725.17 2050.03 9146.08 5473.04 4399.21 
3355.85 6785.13 5035.45 2996.91 3955.95 
4681.67 2136.98 1073.03 751.223 4846.7 
2367.64 3489.27 8727.33 8671.45 8696.14 
686.196 2905.65 6009.37 8308.33 6409.41 
3128.26 6354.37 5154.38 1283.11 1528.6 
8871.09 5008.28 3578.63 8017.15 481.302 
7977.84 1372.98 7266.43 3013.27 4369.89 
1222.37 7694.95 6506.87 2295.4 8446.17 
1353.55 4663.04 1935.42 80.8635 3334.48 
631.538 767.06 6240.12 6640.91 9075.38 
2649.52 9769.17 5429.74 7803.89 1052.26 
6958.34 6674.96 6060.53 536.951 4692.1 
6541.84 8514.79 6065.07 3808.25 1528.05 
434.949 5030.62 9222.99 6941.82 7326.02 
7669.14 8295.37 1989.05 9604.56 8376.24 
5323.53 236.085 9143.29 1563.64 6876.99 
8218.66 4213.16 6646.14 3648.39 2017.03 
7698.4 606.709 8692 3758.92 1143.66 
3384.08 300.737 9658.45 9449.15 4108.99 
1186.48 9884.1 9139.61 409.459 6825.9 
6465.62 8078.6 5121.26 8454.67 7683.15 
3497.48 3778.18 7919.23 2640.75 5341.82 
4796.21 859.401 9554.98 1442.34 4507.79 
1571.99 9140.74 5114.5 263.974 2899.64 
6258.16 3648.05 3200.38 5916.59 3097.18 
7309.37 7103.08 2981.26 6448.97 7512.54 
9807.17 2914.57 5591.12 4928.41 1369.22 
3274.25 8425.88 5147.41 1193.47 1066.62 
489.212 5989.69 1926.02 44.1734 7432.02 
6433.81 1616.17 6572.75 1548.29 1880.14 
9472.39 7806.45 5528.19 2672.75 3723.03 
8625.37 9982.12 826.085 1606.62 6431.07 
8338.62 1413.77 9345.64 3929.73 6342.18 
714.846 7203.98 4768.05 5862.25 8397.45 
5834.67 6351.47 4387.12 7760.69 6395.64 
1819.13 4194.49 8011.81 8391.88 5742.78 
9891.95 7864.25 3549.21 5420.12 536.987 
7272.24 4045.48 519.094 8098.32 5652.1 
6950.17 6436.93 7065.87 6295.79 366.636 
3408.03 7010.63 7570.62 8176.08 2872.87 
5968.05 4010.74 9224.33 355.156 1771.41 
5619.96 2174.28 5965.9 3631.75 566.144 
1708.67 3523.68 8430.4 5257.88 8943.8 
8967.38 2530.1 2989.26 9486.48 628.412 
8641.36 6436.62 7065.34 5707.21 2732.4 
7431.98 9115.24 9743.03 5002.57 7291.31 
2615.88 970.609 1302.03 1840.2 1325.76 
3073.44 7460.16 3500.05 9039.35 1091.89 
4066.19 747.997 4615.56 2496.57 6005.88 
3559.34 1463.94 8535.98 6548.6 950.396 
9164.4 5189.94 7387.02 6229.72 897.129 
119.4 3661.68 12.3552 9862.43 8664.25 
7303.66 2478.29 9634.86 8605.69 4318.5 
960.607 1679.12 1778.64 4460.65 718.445 
2870.52 8526.85 1466.44 7486.08 1023.4 
7472.32 1045.41 2487.34 6008.29 7594.01 
3437.74 5172.67 2783.93 824.74 1402.37 
3681.06 944.139 5064.05 3693.41 806.551 
3728.28 997.06 3284.85 3363.12 9602.75 
7603.34 4323.73 1281.85 9381.98 8784.38 
2000.3 2252.48 7311.22 3466.74 9738.56 
8334.62 939.042 783.957 821.94 6947.33 
8377.97 4259.68 2119.98 1161.88 5084.42 
3522.35 4842.94 6028.55 8586.4 8536.35 
6835.11 2314.66 9533.41 119.935 5677.78 
9136.14 7723.28 1.49342 417.976 7105.23 
8785.88 2418.27 9357.71 6097.08 5885.01 
9096.26 4431.68 6824.05 9880.22 5253.62 
3771.36 8258.17 9513.29 5891.34 9420.05 
4597.69 9413.69 4262.96 626.228 8000.07 
2799.3 7461.33 314.714 2332.69 7581.27 
5992.49 1468.81 5304.53 5993.99 1886.79 
2409.74 4779.85 4305.06 1767.44 876.908 
190.051 863.688 5308.58 7014.1 743.891 
562.184 785.448 9002.06 75.4592 6676.79 
8422.09 4673.15 6090.47 2685.04 5299.38 
4090.52 5484.33 2760.7 4405.24 7817.02 
341.947 397.714 9285.83 5646.47 6391.7 
1172.6 8056.22 1171.53 5477.66 9823.66 
2048.44 5667.71 687.332 7357.03 2681.79 
1431.22 7919.21 3467.24 433.266 7994.67 
144.016 8855.35 2667.8 6234.48 1540.37 
7967.18 324.989 7024.71 727.859 4730.23 
4841.71 1069.81 5127.94 4127.52 6716.28 
1519.62 5300.12 4772.48 2691.16 777.762 
4596.13 4739.6 6445.47 5283.46 2096.61 
9127.27 6714.68 15.8025 2594.49 7147.95 
8010.47 2738.51 6003.28 678.258 8972.99 
7543.66 8645.44 9297.98 4568.35 9373.3 
4028.19 9410.05 443.087 9156.13 3537.55 
7159.37 675.734 8837.67 1931.83 3366.89 
9615.44 6527.96 8106.49 6060.89 1811.4 
203.083 5188.14 8526.08 218.885 7782.63 
5674.01 8229.36 521.124 1677.28 8907.62 
9494.12 9220.94 7553.04 8792.08 3789.27 
6926.32 2820.25 3199.3 7369.41 1976.36 
6736.86 4528.76 2652.09 5574.51 6460.59 
6018.99 5189.93 2988.53 4125.46 1250.81 
4799.94 4328.54 6438.95 3326 4547.43 
4221.56 9000.01 2776.77 4742.69 677.277 
1684.37 4236.79 9898.21 9237.4 3028.85 
3687.46 6163.71 5849.1 6886.76 3533.09 
7825.46 3623.6 8061.85 477.538 9198.11 
4522.42 6496.52 4388.03 7510.96 621.967 
5638.84 2310.88 4950.51 2077.77 5636.88 
9497.94 6299.33 4636.88 2274.69 1042 
5314.16 3959.06 5278.79 5212.35 3196.45 
8307.64 8899.81 9360.15 4156.72 5786.56 
2893.23 1982.17 9410.16 955.062 2459.7 
8608.26 5477.49 8956.23 2996.27 2988.43 
9578.19 8635.11 5299.31 4528.69 712.86 
936.174 4026.61 7012.19 5573.05 6301.3 
8054.2 887.193 260.34 3332.97 6099.55 
3456.79 1640.59 4999.34 2816.92 5797.32 
785.887 5710.15 7779.48 196.032 6665.21 
239.168 8804.29 2142.68 9195.39 1800.55 
5131.11 8773.57 435.64 430.399 3302.24 
1148.5 1366.57 7328.85 8160.69 6939.63 
