1300 5
7751.2 6611.39 3218.38 8045.73 4009.53 
5770.39 3312.9 6325.23 8401.73 3323.12 
1594.9 3722.18 4132.99 4487.27 6689.03 
4053.03 9449.08 2120.19 7372.45 3493.89 
4324.63 9207.78 580.759 5420.76 9894.68 
9869.25 6005.94 8780.47 7005.05 5048.67 
5909.68 4756.23 1660.04 9128.05 2801.95 
5669.57 4898.42 6114.85 1994.78 3300.14 
9437.96 3589.67 7022.32 3570.94 8076.95 
3711.34 7623.97 7526.01 5831.52 4996.4 
1019.88 156.134 4204.17 1600.64 5576.89 
4098.83 1469.87 1582.81 2879.29 8474.92 
6631.49 8788.96 3231.14 8291.53 7917 
6033.09 3961.08 2815.4 2147.92 5955.86 
6115.54 1585.86 9545.53 3137.85 5156.8 
7622.46 6849.18 2780.75 5148.46 2680.69 
7777.15 6168.34 2836.82 1981.3 7768.98 
8413.71 6080.13 9238.85 9996.53 8959.42 
7713.76 6628 7748.37 944.881 4919.51 
5665.35 6977.97 8880.59 8480.75 9125.89 
4836.43 4596.28 711.733 4381.94 7734.13 
5868.53 2004.39 4583.29 8649.29 7152.85 
7263.98 6426.42 3321.17 100.785 8407.73 
1090.13 8514.5 4487.84 328.969 8511.01 
3447.25 8042.73 5138.99 1195.6 8987.61 
58.4809 6860.95 5965.56 8939.07 5341.68 
5091.43 3775.48 9937.96 5803.17 8157.43 
7672.07 1671.68 161.799 2255.35 320.953 
7314.65 9519.33 6747.38 635.799 9620.11 
5155.09 1725.93 8134.59 9642.93 2054.9 
6645.59 3090.16 97.6129 1784.56 4285.76 
9085.22 1843.04 1146.69 5050.77 782.091 
6488.37 142.182 4557.57 6426.32 5945.35 
2714.98 4098.38 7617.03 2876.78 6353.72 
7937.98 191.409 5873.03 4685.34 827.208 
5493.13 9840.43 2553.14 3627.7 9483.34 
4608.04 273.271 2573.49 4705.65 2057.83 
6859.25 3790.86 3900.87 8005.94 8841.63 
4682.96 4494.29 8983.81 9240.53 920.596 
4929.14 1955.49 5018.97 2546.15 4832.28 
1372.68 484.116 5023.68 7245.71 5169.46 
5850.89 2738.82 5009.87 8404.03 6366.52 
4493.2 3012.06 6639.79 7066.68 7717.71 
8697.62 3925.91 1508.56 2598.47 1931.83 
350.166 7281.43 6426.13 9333.97 6521.94 
7346.72 4263.1 8477.44 2365.68 6809.25 
3309.7 3738.36 7293.36 8333.38 984.049 
2462.8 4184.26 3722.87 7472.67 2588.27 
89.3754 1965.85 5600.33 6729.17 9032.54 
3318.03 5426.78 2958.43 4826.58 8025.25 
4890.27 5176.75 5306.66 1316.38 4510.71 
1828.59 8663.1 8773.8 306.014 1028.76 
5583.04 3615.71 4767.12 2876.38 1949.08 
5751.17 5339.19 6133.33 9474.04 2811.84 
8721.61 9563.41 4777.69 4321.92 6292.56 
3810.21 7639.95 1719.32 6768.64 2466.52 
9744.57 1658.89 7643.27 5051.22 2975.27 
2153.96 6879.81 1638.35 927.746 7185.83 
2667.11 6510.78 801.52 7434.23 9387.16 
2750.6 3185.38 4726.33 8883.93 2659.4 
7538.17 7605.52 2222.79 2315.85 1927.43 
8515.35 6126.06 9567.38 234.659 2894.69 
2033.88 9979.23 4553.58 9677.15 5030.43 
7528.85 1831.09 1910.23 9167.2 2758.84 
9096.05 1834.3 9269.62 9897.57 9268.53 
8656.76 2648.15 2453.89 3383.08 1532.07 
5113.29 921.239 9137.59 7336.08 3237.09 
1065 5851.42 9363.15 632.362 6086.08 
2257.82 2666.24 6065.29 6811.4 2343.37 
1095.71 4340.23 4174.46 3005.94 3507.41 
6933.3 2101.97 5341.71 6202.9 1999.53 
4610.22 4859.65 4647.68 7064.11 8242.73 
6179.75 2177.39 9163.97 5317.32 9513.47 
2401.04 6382.32 5364.87 1764.17 7014.68 
1450.93 4021.99 9680.92 7516.22 833.37 
2024.28 8611.93 5173.6 6198.74 1617.85 
8681.01 3132.02 3719.82 4022.7 9334.92 
5719.35 8632.92 4194.55 367.013 5697.01 
2437.26 6546.76 7874.4 1601.21 1864.06 
7387.85 4002.25 8246.38 2752.7 5766.42 
5261.04 4203.63 9788.41 4941.94 1719.83 
621.763 6966.22 331.742 5795.36 3164.94 
1949.59 4476.35 6296.96 5669.41 8499.05 
5631.86 1388.74 7131.95 9826.41 1755.76 
2828.95 2263.65 8302.52 703.333 3864.86 
166.559 8091.18 7867.1 8412.94 843.864 
3633.51 3673.96 5047.49 3421.9 8615.9 
6767.32 4043.66 5582.1 7099.06 9839.02 
8747.04 9048.65 4315.36 5043.98 4718.05 
2814.39 675.823 6106.79 9946.34 502.214 
7862.55 2775.28 2765.86 6165.05 3478.61 
6630.72 6331.61 1569.77 4497.81 4744.53 
2413.64 8131.32 8418.48 7461.13 1553.2 
7034.36 4228.43 5596.86 2616.44 1327.48 
5435.86 1363.47 376.113 9751.22 6407.44 
5094.16 2565.59 7083.27 1200.94 2511.92 
7585.48 9063.48 5287.19 351.327 5228.52 
8765.8 6982.05 1560.11 335.56 1479.84 
6304.63 2749.2 9611.16 4723.1 210.308 
1164.34 1757.44 4438.74 6761.2 4373.89 
5766.22 2197.04 5737.35 6142.33 1948.25 
2144.78 1236.47 4513.84 9228.05 2437.41 
7025.76 6813.51 1500.88 2312.94 7164.84 
6729.39 1078.72 4146.87 8289.5 1414.28 
5626.71 4594.11 4163.48 5237.85 9317.21 
4373.79 6402.18 1074.63 8812.53 3163.36 
5448.52 4578.73 5360.4 1185.86 721.042 
7308.65 3330.64 1957.52 1822.48 2558.67 
4394.93 8848.24 9372.18 5895.8 1161.16 
6537 2625.18 2239.88 683.856 914.659 
3654.17 6310.57 5508.77 7817.65 1548.4 
4825.96 2191.42 7950.58 5900.6 1003.93 
1113.93 1349.1 5582.66 6474.33 2534.96 
6303.7 3782.97 5865.6 8261.22 5605.44 
8424.27 2656.13 4453.66 7796.43 8551.93 
5614.82 4333.42 1177.09 7854.7 5017.27 
2091.75 1508.85 1327.82 7600.52 9326.5 
2876.22 2426.47 1517.9 826.786 8327.06 
2521.84 1940.71 9676.16 8104.5 8415.05 
2211.11 4408.18 2198 8076.7 2669.39 
7803.44 6500.95 5325.51 2257.09 4297.37 
3877.43 7871.91 8630.78 5054.53 5726.6 
3648.04 7146.28 7235.45 4975.86 4746.79 
6561.93 7852.08 7173.25 8079.84 8678.87 
5500.3 601.656 619.565 5176.45 8706.15 
9034.61 7387.55 3114.32 1232.59 5464.24 
5783.7 9036.04 1965.18 1109.2 1293.11 
6262.54 4986.63 9165.02 4893.31 41.1409 
4891.6 8541.35 7187.42 2127.03 3517.19 
1934.19 8688.97 1369.26 9107.44 6768.79 
48.1091 4607.73 7370.45 667.674 9784.17 
6076.58 9702.29 7171.71 9190.9 934.862 
2635.93 4974.58 9970.9 4601.11 6083.78 
1263.99 863.632 1070.4 428.991 5756.94 
1111.54 5320.59 4298.27 8298.96 7447.63 
7815.46 233.131 6136.58 9184.72 9340.57 
2905.35 9232.83 3948.28 275.778 9900.51 
3732.44 6352.36 9602.77 904.132 5543.24 
537.619 3540.06 517.802 508.499 8141.17 
6601.58 1772.49 9004.8 7671.98 2201.48 
4761.73 8783.52 7522.07 9060 7082.46 
4969.68 6875.45 7315.59 1106.24 6060.15 
6656.15 4011.59 5292.97 604.414 4287.37 
5193.45 4336.85 639.71 4796.21 5240.99 
6182.95 5333.83 8781.05 6700.75 5842.33 
6922.2 3302.32 7614.82 5926.99 974.28 
9816.3 688.696 9757.8 7338.35 9748.69 
6840.24 2308.02 6624.12 4155.81 3414.26 
2684.26 811.942 7425.85 7977.22 1416.36 
1713.2 3170.66 5753.21 2352.91 7966.87 
994.177 8535.86 3300.69 9775.23 5236.59 
9143.02 6697.41 8538.91 6757.82 2624.38 
9513.19 6574.1 3313.08 9270.97 3912.43 
3061.75 6111.19 6220.45 9685.88 266.988 
9634.71 2370.12 1078.93 7060.54 347.323 
2495.29 8773.74 3517.98 8248.5 1126.64 
1484.84 9242.67 9662.5 4785.53 9017.88 
4899.07 3928.53 5715.27 3437.97 686.326 
8339.66 2951.14 7260.43 1652.71 2222.09 
1172.84 4714.47 8333.28 7393.29 4400.33 
8600.27 7027.99 6770.45 9679.2 4088.51 
7117.77 2174.47 2862.24 635.736 422.949 
3988.88 2120.57 9665.62 3651.36 6906.1 
8683.49 8550.43 834.608 4398.74 1988.38 
1520.93 2738.38 4939.52 8781.36 4391.1 
7161.61 9954.2 9105.57 5494.87 7347.48 
3505.88 4095.13 4375.45 276.306 3774.31 
8463.96 7394.07 5948.78 1326.18 8029.81 
6371.73 5315.06 150.368 6037.34 8966.41 
7056.47 4720.81 7516.83 7891.08 9119.55 
9505.21 9412.01 1857.92 4444.71 8193.35 
6249.01 1606.3 8147.54 5354.56 7101.17 
5495 8860.44 1196.28 9870.45 9136.74 
4970.59 8334.39 6530.8 919.361 9660.57 
4560.6 7291.09 4975.61 4710.96 3328.41 
3942 1767.42 8049.22 1458.81 9658.49 
7168.75 964.003 9070.49 9026.67 5408.71 
7263.82 5275.66 7015 5411.35 630.208 
4116.16 906.331 9490.65 5312.44 776.765 
8627.37 283.013 9111.16 5158.16 1202.37 
8771.71 9718.75 8493.47 3747.3 4429.7 
1821.86 7689.31 6197.12 9871.08 9148.12 
5855.59 7039.82 112.108 4926.06 6066.47 
5520.82 2189.87 1342.12 2535.8 7601.22 
1972.33 6651.96 8507.55 1462.96 1964.38 
9284.31 90.3119 2247.39 8395.45 5248.47 
3449.76 7167.15 4967.21 1943.21 914.431 
9396.91 3765.08 8603.74 5594.01 3636.15 
7751.85 1449.59 675.952 7863.95 6375.65 
6742.42 3384.75 8565.52 8084.54 5920.56 
6166.72 56.8548 2572.5 4674.25 1519.81 
4536.88 3958.54 1610.12 6784.27 2353.98 
6858.59 234.012 9521.12 1825.78 2177.23 
435.536 1222.68 5942.31 9039.28 6816.68 
9578.45 6791.1 8266.27 254.388 4655.04 
4641.9 6996.81 8039.79 3207.4 5081.34 
3960.33 9374.12 5138.19 6532.83 4048.35 
6658 1069.69 8006.89 8268.13 7853.95 
360.849 5126.7 8087.97 9881.97 6952.49 
265.175 317.489 8175.16 6207.48 9356.76 
4991.83 5785.92 6147.85 3258.08 6040.3 
802.873 7899.98 3037.1 8842.67 1107.37 
8118.44 2802.98 481.47 3256.62 9335.81 
4529.82 9914.62 405.481 2536.69 8182.73 
8259.43 2897.54 3309.42 6347.38 2779.49 
261.89 6612.56 3096.98 8437.05 2820.02 
2453.73 3428.87 8605.94 8601.58 6686.95 
4646.23 9404.45 4586.92 7683.33 8247.1 
5694.28 5801.75 1050.06 6175.75 9058.37 
385.857 705.555 8972.97 791.338 3242.25 
7155.69 9050.77 6139.79 465.09 5398.14 
8919.28 726.98 2010.68 2016.25 9164.03 
4830.7 4469.97 2592.88 3436.62 3071.54 
9279.83 8082.85 2475.97 3866.73 5766.16 
723.054 9561.01 1567.89 1773.12 5736.75 
626.239 2158.97 6442.3 9599.21 2950.31 
9684.55 6754.88 2001.07 5824.32 7219.97 
7399.21 4743.58 7946.95 9409.89 6759.83 
7110.97 4240.57 1229.78 9703.85 7677.2 
4301.32 8983.66 5760.03 6777.29 2850.37 
1526.17 7500.35 2411.37 3094.06 9273.46 
8148.11 3720.3 1432.42 4590.4 3319.5 
4382.73 4274.93 74.3575 6383.8 99.2356 
7294.33 3782.99 4842.82 5241.26 3192.86 
1602.63 2352.21 7433.43 2832.41 2056.04 
5110.61 7133.73 1039.68 870.624 3911.01 
3890.05 2396.8 1411.34 6301.42 5490.86 
684.785 4449.52 9211.16 2117.21 9039.92 
2530.64 6499.94 3314.83 2605 2883.73 
3414.07 9899.33 6666.72 8256.88 5140.57 
9859.58 9859.51 7492.78 7292.99 2691.91 
9548.82 2403.59 9825.64 588.483 3274.21 
3736.64 4478.54 5671.01 5147.97 779.938 
1161.85 5832.76 5229.45 372.997 7949.97 
4269.35 2903.64 4449.89 7584.18 5508.64 
7333.61 998.233 5407.95 4000.31 9255.12 
548.498 3859.87 9114.61 8041.28 1152.85 
1806.51 7590.08 3556.44 1632.13 8178.56 
6830.65 5368.77 2657.08 2501.64 516.726 
3437.02 3663.49 6349.48 8666.47 4036.48 
4299.43 2935.8 6940.12 8749.32 519.97 
2448.74 6082.92 1518.2 7856.69 83.2164 
773.304 8405.19 3943.09 9887.92 6446.45 
5095.94 1694.41 4036.5 8652.38 3326.54 
2215.05 5483 8695.31 4872.13 7984.64 
9212.04 8309.14 1648.11 5561.51 6975.59 
5684.59 9860.94 9911.4 2624.7 8610.25 
431.351 5073.44 4693.15 1949.55 2930.11 
4776.36 2722.86 1335.28 8719.45 2610.76 
7781.73 3815.38 4305.17 1818.21 2467.73 
7631.71 4033.26 7950.74 6327.01 8905.39 
5935.36 5539.03 7214.51 7583.47 1100.52 
4190.09 3268.04 961.447 4101.47 5892.74 
9571.69 4532.82 966.161 4264.82 6482.37 
3896.27 9041.19 9205.23 5231.55 7760.62 
1815.98 3013.26 1575.98 6121.15 4831.48 
4043.72 3752.84 8864.74 1994.44 79.8349 
7770.11 7929.8 5618.87 4984.6 5513.25 
6719.39 9174.69 8781.29 7680.84 3276.14 
4674.01 7252.51 7808.96 5640.17 1517.32 
4291.32 9536.44 558.491 3496.53 4767.98 
8319.12 5312.51 7781.24 9895.1 1433.64 
2612.7 3938.8 5186.48 1477.42 5933.24 
5266.31 9247.53 3863.02 885.165 4232.12 
9376.27 7604.56 3406.79 8157.54 5285.38 
6682.93 2831.53 2537.88 4491.88 8471.71 
4055.2 8783.2 8008.13 4613.69 2279.72 
2776.1 2932.79 7592.23 557.323 2827.87 
9025.86 3170.03 6766.67 4212.33 4647.45 
2699.89 9478.64 3894.97 6562.91 363.789 
8127.08 5939.17 7968.35 1533.86 4096.69 
3253.71 8216.79 6928.22 5791.58 2708.66 
5399.91 9846.78 1491.84 3408.03 4460.45 
3771.56 6184.13 7393.23 1363.77 6741.45 
221.085 389.616 9911.48 6987.75 4601.94 
4558.91 9687.65 4080.57 8453.88 6250.55 
4444.36 6580.94 2189.7 2412.68 8114.8 
6286.39 5666.39 6331.58 3214.59 1457.96 
9040.24 8614.51 1304.72 532.065 2022.52 
5765.17 4303.62 8206.65 3158.38 5667.39 
4948.08 3379.47 6057.01 4859.54 367.207 
658.935 9418.45 54.8381 4739.5 7872.31 
6305.38 9183.86 4453.23 8495.08 1596.53 
2568.02 4781.45 7262.92 8899.6 7996.04 
8720.88 7939.83 6610.53 25.5779 8471.89 
8633.05 5790.75 2775.5 6839.68 8949.13 
8442.89 1787.74 2328.58 4499.88 6647.28 
2695.79 5158.82 6065.71 2750.63 9898.32 
3938 9056.01 9082.16 8391.23 7551.07 
678.673 959.238 2332.5 7941.59 9858.84 
328.529 6662.45 7798.65 6939.06 6688.03 
6270.53 5572.09 2478.76 9046.02 2411.75 
1427.87 7488.9 4199.5 3756.45 1988.76 
846.759 6452.24 7147.58 6912.47 9202.86 
7045.89 850.451 8258.85 6128.03 9241.68 
5809.91 6806.71 200.906 8142.42 4748.28 
59.7303 8470.94 1410.71 7858.38 5409.99 
8098.74 4128.89 982.062 577.48 3174.9 
3393.82 2005.35 663.78 7593.31 5761.8 
2652.54 8440.07 2214.02 9800.13 5352.52 
1416.86 6846 6202.97 9675.72 2974.01 
5444.64 5485.61 9780.72 5645.55 3628.01 
4528.98 5705.28 2098.93 5939.69 3563.64 
7508.92 4038.42 7692.53 8490.98 4615.9 
867.415 1884.78 6621.25 1531.19 9478.09 
2383.03 4183.74 7918.15 4597.04 3983.85 
3270.65 6013.9 829.832 9473.63 5689.6 
3803.85 4918.25 1175.19 3584.55 563.785 
4803.2 8113.53 6269.06 6902.13 4053.21 
9832.71 4411.04 8091.63 7525.22 2902 
2707.51 8392.64 4786.78 9328.75 9923.83 
4264.86 1711.76 4107.56 2182.99 6308.81 
8091.41 5453.65 2322.69 8921.24 4927.26 
8012.29 2725.07 9845.51 9187.49 6309.62 
409.279 3990.67 4423.13 6678.34 892.792 
8476.34 6511.03 5303.83 6567.95 4036.24 
8205.83 9275.46 2428.86 2992.6 8604.2 
2352.68 7257.46 315.945 6460.24 9440.45 
6624.75 4551.63 4894.08 8947.44 3472.85 
9821.33 6959.72 6197.92 9666.83 6147.19 
2507.52 76.0889 137.85 6930.65 6754.43 
1030.64 5406.98 3265.45 6334.47 1974.91 
7301.69 4540.28 1250.36 9730.55 7532.88 
9854.55 2083.22 4790.32 170.482 8543.46 
4230.75 6795.23 3095.07 9124.83 5742.66 
6567.92 8946.14 2702.36 2765.82 8612.95 
8849.56 5273.35 8689.04 8987.41 2203.98 
5443.46 18.033 7610.96 8708.91 6352.5 
9585.87 6010.58 892.771 836.213 5741.12 
8425.65 690.75 7824.33 3215.96 861.233 
6367.77 7446.71 7656.47 9462.84 6571.52 
3399.11 6030.74 5517.64 6101.47 8796.57 
4130.57 4951.01 4069.89 2819.6 3938.41 
6273.88 8263.05 3956.44 3884.82 6971.94 
308.925 3470.68 2982.5 1201.7 4306.89 
8723.62 9627.35 4997.64 6547.93 2843.29 
5858.87 2915.69 289.98 3515.32 2378.51 
6861.5 6914.43 8409.26 2379.12 3015.89 
7205.81 6509.69 7966.9 1275.69 9329.29 
1905.29 7549.56 7592.33 5861.73 1434.37 
4564.25 6170.65 4905.04 7546.75 7372.35 
9211.93 6270.36 6999.68 4209.55 2818.27 
9842.97 68.4084 5733.96 132.934 3583.73 
8112.48 6994.43 498.142 6521.72 9373.55 
3514.03 3727.51 5883.23 1480.91 5003.2 
5212.5 3386.2 2552.74 2804.82 9247.93 
3987.11 7369.07 5418.56 8892.15 4915.81 
2790.89 8104.06 1186.15 9790.58 2313.6 
4004.42 9633.53 2382.01 9738.38 9766.46 
5965.74 7850.85 6760.88 6463.88 4372.55 
6134.41 9977.91 8100.06 2017.62 1458.8 
3103.24 7230.12 4845 5655.98 34.9215 
4092.91 9643.09 7403.99 9511.47 8535.22 
2319.78 2302.35 6639.26 3505.92 2092.91 
8952.86 7510.34 1726.42 1334.85 7248.71 
1492.86 7300.59 5099.54 8253.74 3764.45 
9472.09 4388.13 3742.34 7572.13 6405.75 
5201.14 675.356 3635.86 46.1239 6331.34 
3670.78 4139.03 5974.41 1074.75 3650.49 
4509.61 3394.53 5952.83 1148.86 6900.46 
8045.74 101.704 4410.78 9772.16 1436.56 
1659.48 1265.01 8737.15 6759.02 9518.75 
2501.58 6231.09 3906.86 6243.93 3803.2 
312.596 1445.05 4478.56 3948.45 1491.17 
809.879 7619.23 5630.21 6784.29 8693.98 
9280.69 1293.88 2088.5 5233.51 2442.74 
8988.95 3279.23 2544.44 3399.72 3051.37 
3981 5059.19 4316.38 2718.13 1818.19 
3835.11 5219.71 8049.28 7741.97 1463.62 
1852.47 8054.57 2908.67 6331.03 2003 
4399.85 7140.9 9622.24 30.0351 3925.17 
8316.2 9310.73 5219.05 404.682 4544.22 
7661.79 9393.63 7823.45 206.213 2793.33 
874.809 4187.21 7852.52 5191.19 6905.34 
9670.71 9026.3 2125.04 7719.98 6768.25 
3588.66 9572.44 4822.8 6497.33 5903.45 
6825.81 897.162 3044.34 6448.02 927.197 
6969.51 4764.21 237.908 2188.55 5168.89 
4782.13 9850.34 4562.51 2605.56 56.5329 
7355.84 3480.37 4243.74 5208.35 8671.56 
1149.07 4879.05 7697.84 3274.11 2599.01 
4466.08 6862.77 2171.43 9288.88 3360.08 
8074.88 6114.67 4257.25 1119.2 2562.68 
5184.44 8088.71 7326.89 5422.35 277.243 
2495.76 204.462 127.563 7058.27 2810.03 
184.096 4414.09 6290.4 4427.84 9622.44 
4961.94 5576.91 4501.47 2659.77 8851.02 
7100.48 7125.85 5713.77 9271.91 6414.71 
9073.85 7346.77 2529.37 3331.08 8465.97 
5092.05 8515.52 6554.67 2418.92 3937.86 
6831.91 4914.68 4142.32 6959.47 1972.93 
6952.35 7143.57 6387.03 3242.73 1571.39 
6009.45 8204.67 7148.3 510.903 864.422 
5999.3 7611.38 7990.27 1713.05 6883.27 
4404.97 786.884 4230.02 6934.33 4117.96 
2695.97 2026.37 2633.47 9250.64 4445.28 
6571.33 6082.53 9359.96 713.632 3041.99 
1332.88 7665.98 185.537 7719.91 908.686 
1756.93 3729.34 9113.36 8905.23 4240.24 
9977.78 4904.51 1851.6 7968.03 6617.56 
8734.87 2372.98 7404.44 2964.87 9307.32 
1522.39 5660.85 1333.66 4155.86 4911.47 
5778.95 727.176 993.982 5138.9 1440.81 
4035.97 6471.78 9106.79 4221.5 4191.67 
15.454 5978.43 7921.01 9128.81 4883.64 
2161.23 9106.57 9788.15 4012.84 7074.58 
6405.7 2747.69 9447.57 3810.12 5712.56 
8754.86 5332.51 1373.39 88.512 9488.38 
6284.86 5867.46 215.538 7278.84 1006.34 
1656.35 1314.79 7478.11 763.114 5536.3 
1669.76 778.568 1514.71 9590.77 9907.38 
6398.35 1751.99 9013.93 6186.49 5764.82 
6088.5 2592.17 8512.51 5536.05 6402.29 
4225.06 4290.89 1734.79 5598.45 4379.41 
1223.15 1883.3 246.848 1438.69 9162.14 
1253.19 3095.03 476.913 8731.3 3858.15 
6013.21 401.049 4636.71 7527.92 9991.82 
4544.07 3926.26 1743.79 3557.99 112.731 
7508.61 9646.48 2704.9 6021.11 5182.51 
9107.19 246.149 9473.41 841.96 5844.6 
3852.79 2065.11 7727.9 4099.64 3503.8 
6890.02 5352.83 6598.83 7366.93 4084.11 
456.958 3380.12 4485.16 5093.67 908.028 
4476.96 9637.75 4834.29 6220.75 3195.71 
4947.02 3729.35 2842.18 7651.92 9750.46 
8024.69 6759.09 9996.6 7498.08 7601.05 
5841.19 1350.86 9666.16 3569.07 5450.5 
3169.94 459.069 803.312 9768.77 7826 
4887.42 225.706 1206.11 9372.59 5319.38 
2114.13 3849.53 4957.11 6948.42 70.2691 
8152.82 1895.42 3799.62 994.985 9547.33 
3550.05 9019.68 6306.41 3546.64 6517.75 
3907.44 9387.83 7868.6 3573.58 2956.88 
3319.09 6743.51 3415.95 4122.4 6512.26 
1241.93 9009.83 6737.97 2448.04 8382.39 
2057.33 4562.17 2231.91 7014.44 1510.57 
2302.18 5167.24 3405.99 6101.8 6162.22 
2953.31 9651.85 5181.89 9259.72 3198.48 
1699.62 3167.14 2586.29 9568.22 6740.72 
5543.17 2887.29 3484.21 8959.13 7009.69 
9996.48 201.042 6019.5 6734.43 2649.08 
4401.88 8791.76 7211.25 6633.79 5806.18 
8721.83 8935.97 973.401 2127.8 5037.75 
7135.63 5081.12 4689.59 2317.5 4340.82 
7888.06 4017.11 7507.95 474.339 3585.31 
4248.65 6017.51 6472.61 7732.87 4976.62 
3482.28 7729.32 5177.67 9501.78 4463.74 
7826.75 3903.65 3255.48 5037.98 537.421 
9061.66 3759.79 9473.39 35.0403 5887.6 
4511.13 7170.67 968.695 9200.71 9488.16 
5309.51 7088.76 3505.26 2817.45 7563.1 
7090.57 7066.1 3580.6 3563.16 4798.95 
8557.22 7045.44 2528.25 3734.87 6547.21 
6991.99 1561.6 450.839 247.451 6599.58 
988.26 9309.11 359.357 461.635 9344.15 
6246.95 4972.76 6514.8 7215.65 4173.46 
6002.94 2525.14 1262.2 9508.2 5342.59 
8825.3 6598.75 2408.67 2405.88 161.896 
7207.61 963.086 7207.34 9735.87 4697.96 
3754.53 6727.84 6259.55 4205.37 6975.29 
2859.12 5193.63 6284.38 3218.47 5655.27 
5628.51 9465.43 628.011 2143.29 6681.06 
4801.47 8146.23 9206.2 6063.67 7654.42 
4548.77 4888.96 4253.15 6957.44 7294.84 
4415.05 4165.03 8257.93 1622.37 3900.88 
2955.87 5376.9 628.707 9215.42 9582.27 
7604 2074.52 4775.88 3888.36 5292.99 
431.13 9516.88 4758.4 1059.14 1660.15 
1439.44 5860.61 9806.39 645.622 1924.27 
7460.79 5194.39 6813.22 1713.92 2151.81 
4108.05 6128.97 6316.84 2365.96 7751.34 
217.708 5321.83 3128.22 846.415 4537.23 
2710.47 8450.41 6611.75 7486.35 2338.76 
1904.72 7917.48 1855.62 6663.12 8976.62 
3515.77 8102.56 4837.22 3322.14 8748.19 
6761.48 782.91 3942.56 3574.69 2496.83 
6094.37 7682.74 8625.8 2411.19 48.6846 
6377.12 2628.9 5370.51 9505.34 3475.31 
9907.74 2215.79 1925.71 6519.47 9702.15 
4264.47 8424.19 7619.61 6120.09 5087.3 
6596.22 9635.86 3189.84 1433.42 2957.98 
1938.01 8194.91 3740.89 5880.57 1769.58 
6237.72 1974.92 9452.32 4863.51 4386.11 
9501.01 1240.61 7015.01 4871.5 745.932 
490.302 4779.22 2961.72 2416.01 1298.67 
2663.85 6680.48 9722.87 283.449 2800.55 
4810.14 6879.67 2436.39 7999.99 8313.09 
5394.37 9938 6507.98 9135.27 5818.55 
8277.56 5372.97 7793.47 7729.86 236.465 
2179.56 7230.85 1477.07 9194.57 2102.34 
2223.01 9684.87 6881.56 5184.73 2100.86 
8180.23 7848.58 8781.34 7903.08 8132.03 
1581.88 2713.21 5011.69 4018.27 713.18 
3324.76 9412.64 651.162 9832.74 8547.89 
6469.71 8110.28 3920.85 4263.17 5840.12 
4157.31 6442.73 3070.96 5634.39 5637.28 
5173.3 7857.4 5322.13 2054.84 3042.11 
7422.99 235.055 890.678 6204.32 8138.14 
9022.71 7786.19 851.33 4034.38 1804.45 
1564.51 7359.14 1217.07 2215.67 7191.86 
9764.96 8685.39 5302.12 3685.8 2948.53 
1142.23 7843.11 9391.26 4213.19 3477.48 
5028.52 9386.49 1334.86 350.632 1441.31 
4376.97 7773.62 1676.36 5267.65 3977.93 
9814.5 4290.34 1764.1 665.812 8324.72 
3568.55 2230.32 5683.84 4785.62 4445.99 
2875.69 4550.57 3131.36 8177.81 8236.36 
6079.9 9320.03 6079.45 5471.14 3533.21 
9556.93 499.643 2919.67 891.777 850.276 
4360.98 5268.75 8623.9 6037.34 536.375 
2601.81 5851.83 4826.72 4365.91 6517.64 
3151.42 7934.46 8747.96 8835.27 2720.06 
3193.94 1710.94 7270.63 6325.3 9888.74 
5506.97 2405.18 9208.76 1586.41 7876.32 
2741.95 1143.33 8375.96 5661.62 2035.11 
9226.24 22.5845 7303.85 7850.12 6059.93 
7840.23 451.91 1911.74 2666.92 4817.82 
8429.38 5818.35 2752.27 7177.32 4653.59 
5472.33 371.236 6364.53 2742.94 6696.53 
6253.25 8249.92 9101.71 5462 9836.33 
6978.01 8203.94 979.64 5353.95 3865.55 
3014.75 4580.17 3888.13 318.579 2430.27 
9948.06 8158.8 2882.18 1859.78 825.712 
7700.01 289.137 6644.06 452.255 7466.45 
1297.64 5924.58 7837.69 7662.17 8667.53 
4534.21 3915.4 6917.43 3635.9 9377.4 
6753.74 613.896 7581.33 7733.38 5967.85 
1446.86 748.11 548.005 5334.99 1066.69 
2978.28 5283.03 9225.49 5860.46 7142.81 
51.1889 3560.45 7431.95 6695.25 4012.7 
4898.38 7992.88 9937.29 2736.06 5655.03 
8604.8 7270.27 9570.44 5522.21 906.151 
8947.82 2275.94 1520.05 6529.13 9.30274 
7487.9 7975.98 757.413 8035.9 3310.96 
1824.1 1014.16 8593.99 1049.58 6874.62 
5736.78 1100.77 435.055 3168.71 7796.01 
4447.76 8067.09 5788.88 4385.03 803.136 
1443.9 2989.81 8073.4 1014.31 8512.03 
8979.55 9962.13 787.948 499.581 6491.24 
797.251 7987.48 4467.21 1554.66 6023.36 
7778.17 3378.77 7037.52 6372.14 4428.35 
3912.13 2108.9 5529.11 4347.18 5277.61 
3325.11 8794.94 3344.69 9113.99 3179.96 
4147.82 557.871 6169.77 2221.21 1572.19 
4681.78 1200.74 1534.3 5469.73 1700.32 
8025.54 6266.98 9687.8 2492.74 7821.64 
5711.15 270.886 1200.39 2748.65 6643.02 
5628.74 6660.78 8751.92 1157.83 1007.95 
4029.52 4482.95 9802.89 7374.21 3596.92 
2982.83 1522.01 4154.79 9152.6 3743.22 
5726.98 3834.36 4943.97 7261.28 9304.09 
6644.29 5286.8 5571.05 6332.08 7779.54 
3392.68 2043.2 8050.43 4593.07 4791.86 
4693.43 221.789 1452.62 3445.34 1379.62 
2460.57 7474.86 5862.57 2263.44 4849.05 
9459.49 5246.27 6371.06 3614.26 4398.85 
114.265 9341.24 8233.21 5058.23 6602.5 
7537.28 1702.5 1889.29 3108.31 8034.58 
9668.83 6500.99 77.7659 7719.24 1094.04 
4869.62 2412.65 1315.83 6322.24 5857.99 
2695.45 8782.8 3332.83 8558.02 1046.22 
8181.88 8017.49 6292.49 4552.92 1631.74 
691.318 4667.18 972.957 8924.52 9725.42 
7575.46 6461.78 1427.9 9464.74 9570.09 
9462.48 9133.55 6071.06 9540.25 6852.77 
7165.1 4409.85 9265.42 8480.93 732.075 
5123.39 1176.36 9514.88 8456.22 9734.38 
561.087 6638.08 7751.86 6853.58 1190.99 
9383.59 7544.9 5858.17 356.531 6469.4 
5583.57 7931.99 2931.17 7011.47 7396.71 
2501.25 6473.94 6530.24 8572.31 6014.17 
3382.99 5737.39 424.003 2648.4 4218.31 
1156.08 7771.79 5394.67 670.94 6228 
5129.04 1232.03 2866.07 2880.88 8085.6 
4057.05 2264.45 5630.48 9915.22 2620.98 
2099.87 5498.78 552.949 5031.04 2510.23 
7949.66 7532.28 8984.17 4479.88 6104.58 
4998.32 7862.88 1841.95 5422.32 511.259 
6060.26 6578.4 8283.05 1454.91 7249.34 
4511.03 6583.95 8481.37 7377.1 9464.83 
6566.96 1434.14 1729.26 2197.42 1349.34 
4350.24 4297.29 6848.12 4903.19 9328.33 
9358.35 2852.83 6860.59 8342.5 7332.71 
2965.15 3340.8 5195.57 4807.1 8763.13 
5706.83 867.346 5341.51 3989.87 2322.26 
2590.84 8500.9 8906.21 1072.19 5877.98 
8371.02 7639.15 7312.12 100.26 9836.57 
8661.46 4450.5 4133.84 5509.56 9353.68 
3462.16 4867.89 2206.49 322.732 3210.38 
9539.21 3287.88 6551.18 4734.76 8094.99 
5314.29 441.579 8962.33 655.788 4431.45 
1284.58 3246.63 2932.33 190.771 4318.81 
8810.31 8561.79 1957.95 6122.41 8662.05 
1794.5 4783.85 3112.53 5928.34 293.392 
2466.19 9390.5 5161.28 4672.69 9713.23 
8371.66 4211.88 3001.1 4922.83 8946.64 
1096.07 237.1 9388.22 58.3859 892.888 
3819.65 1342.96 4139.51 6751.97 1533.73 
8458.33 5562.27 95.5084 416.256 1684.66 
8757.56 2210.75 6468.51 1870.07 8139.1 
6761.9 4336.27 7529.58 1923.17 9008.95 
7242.79 294.81 3220.81 243.874 5217.63 
2167.44 1339.94 5454.73 1555.64 1398.33 
6347.62 5375.28 2741.29 487.118 2127.24 
4275.03 8945.45 7689.51 4370.54 9361.7 
9374.16 3128.08 1572.44 5842.65 4998.15 
9711.54 2604.53 9334.42 7241.1 4527.7 
8343.35 4483.87 4822.51 1564.15 4727.75 
40.1262 3731.59 6067.69 5494.86 5287.22 
7466.02 1842.47 662.492 207.295 2329.58 
2789.73 4482.32 1275.01 479.224 8852.86 
636.698 9853.39 1980.92 2209.14 5696.02 
6979.07 1920.66 8300.55 6313.46 9161.75 
2828.24 4656.8 3645.61 7650.75 6220.95 
8373.36 7690.87 9952.54 4441.04 3185.72 
5239.74 1907.04 5028.18 5902.24 2114.33 
7357.77 8691.97 6596.66 8632.78 9171.19 
5449.5 9269.48 9024.56 7430.42 1478.6 
4720.57 4409.46 3399.26 3021.11 722.912 
2560.99 5849.34 5379.71 6206.61 3500.07 
1600.64 4579.95 1190.93 1553.16 9020.99 
4376.64 6792.91 928.007 9404.83 2695.13 
3042.34 6762.57 1387.08 9639 5395.34 
558.254 5088.48 4664.8 9582.82 2518.88 
6143.4 4303.37 6928.34 9542.66 7324.48 
7651.25 2103.63 3173.8 3030.95 8310.24 
6673.88 4631.59 2890.17 7864.8 6184.76 
1911.14 2241.43 2977.65 2839.15 1646.24 
5672.77 5881.49 8408.81 7059.85 5520.47 
3804.13 7618.11 608.932 8468.93 7200.91 
3127.81 4612.31 1504.26 56.1319 4154.95 
8828.73 7707.38 6258.58 2002.52 738.316 
4568.81 8676.39 5369.91 7458.98 6541.18 
1554.65 9370.12 8782.61 4532.3 2209.26 
428.826 205.053 8090.75 8837.63 7264.9 
3611.2 2641.75 4882.99 4220.13 1110.66 
2083.88 7347.94 5722.97 3588.14 7404.07 
9877.93 2416.86 5111.44 6136.49 4419.38 
5849.76 705.285 3095.75 1219.65 8164.27 
9636.93 2774.3 7534.37 8419.53 7306.6 
9743.63 8848.35 7511.65 7834.36 7685.97 
4776.54 1445.54 327.701 9659.53 5665.67 
1438.36 1743.39 3013.6 7161.34 5331.53 
417.654 7039.25 7748.39 5529.09 3175.72 
2167.75 1378.84 3881.01 5263.5 2598.49 
2045.26 4900.42 5372.78 9579.63 3319.93 
2679.36 9323.24 2168.26 190.995 7157.58 
9854.23 4967.53 8603.12 181.916 4627.04 
4268.78 1620.28 6370.44 7282.38 8781.62 
1701.95 7700.03 5820.85 9450.34 3229.11 
8996.57 1618.07 4607.95 2877.56 6881.58 
7206.43 4922.82 1781.98 2579.2 4502.43 
5101.91 5258.56 3825.66 7270.17 5449.56 
983.22 7124.39 417.072 9586.34 7306.3 
5044.11 3855.11 8926.58 1414.53 1137.47 
7708.18 3116.48 8837.5 3529.01 2566.81 
2066.6 2525.57 4184.88 6674.54 5403.13 
1066.44 3880.96 325.932 2848.42 6460.15 
4828.36 7950.33 1718.7 8654.02 5220.49 
7168.26 9637.24 2344.86 7585.33 9223.56 
9651.16 2629.43 3078.65 8577.73 4043.96 
4216.12 6285.9 7160.44 3053.6 9814.91 
9727.25 5120.2 2340.46 3912.11 1794.73 
7743.59 4978.55 5675.68 8069.52 7826.98 
2135.82 2897.86 5777.29 3854.52 1551.87 
997.76 1022.76 1189.09 3342.62 8608.09 
412.635 2993.77 1237.5 3491.29 1571.48 
5281.46 7707.41 7857.37 2441.88 760.997 
7672.26 2169.12 5881.2 12.7055 6081.23 
7675.92 7756.29 1059.77 3351.59 5825.79 
8886.74 5487.41 8723.66 4664.02 9341.92 
275.508 5661.78 364.667 1464.6 9004.39 
8972.76 1877.23 1998.14 210.235 5368.52 
3569.62 5491.69 3075.91 1426.98 7933.57 
3836.91 9099.24 102.67 9718.1 9111.95 
6183.9 7394.01 6868.22 7243.67 745.58 
2694 6130.39 6232.99 1417.64 794.391 
5574.89 1693.15 6456.17 5939.56 3157.74 
5460.54 4912.3 5034.97 7458.69 5122.54 
403.476 1028.29 614.208 3479.39 2455.27 
8547.78 7316.29 1554.49 8650.45 7034.38 
666.425 4834.33 4428.37 7534.65 2077.98 
5173.95 228.631 8208.38 1406.92 1646.27 
9002.77 6981.81 3339.42 5458.92 2921.36 
6497.16 919.444 7833.66 1532.12 8378.13 
2956.18 1935.6 9406.42 3570.39 5414.98 
1861.67 2118.15 2731.26 3416.17 768.583 
9765.64 4082.59 5602.92 4193.99 1617.22 
7680.9 9367.94 1845.85 5889.26 774.848 
3492.13 4892.01 7756.66 6831.54 350.908 
678.006 3328.69 1270.35 8511.67 4860.81 
9648.48 1467.83 6796.41 9054.89 5038.21 
2211.37 916.544 7156.36 4942.63 4332.71 
7924.95 4708.25 8415.3 3527.84 8902.24 
32.5123 1208.73 8270.17 1878.37 7097.99 
9045.02 5370.49 1989.98 6801.67 2202.02 
2340.88 7479.67 5530.71 3611.24 5991.32 
391.506 3259.7 7459.15 7187.91 2314.57 
2497.34 9399.29 3231.11 9653.71 4341.9 
7563.83 7578.63 9050.15 5979.11 1106.46 
7952.38 6011.63 2315.19 6222.53 7889.99 
9413.17 5267.54 3260.47 1403.13 2069.18 
5462.49 3744.02 9548.86 993.186 7355.25 
5540.16 1384.69 614.936 2999.29 8572.61 
2929.51 5496.64 7971.88 6160.62 5150.33 
2313.76 3724.43 2728.94 1363.9 9703.54 
3835.41 9316.27 5715.16 6150.59 5538.79 
3605.13 5563.75 806.308 6865.6 6966.88 
2875.49 2328.08 710.882 2424.33 3321.26 
8066.13 7964.49 4705.95 8681.07 963.77 
3278.54 1610.56 6460.41 1250.4 7771.18 
1610.72 3564.16 1495.6 4339.66 4928.06 
1199.12 8175.07 4244.31 6914.28 4325.64 
9783.1 519.396 9889.39 589.395 7385 
6856.26 3464.89 9713.07 7567.14 5889.22 
3034.32 5633.26 3853.7 7740.27 4314.31 
4817.47 1018.8 5924.87 1277.86 2269.2 
3696.04 2888.57 5833.36 5191.63 7228.23 
761.402 6390.76 5403.28 5005.72 3305.02 
9728.93 4788.8 3824.42 9618.3 5378.2 
1209.4 6474.54 8843.08 922.453 4041.66 
4732.29 3956.77 9674.92 8585.98 1697.02 
3989.21 3403.43 2715.82 9914.08 4681.29 
4985.02 3610.1 7569.86 818.365 8801.74 
4798.07 1579.77 5192.48 201.34 6585.48 
8497.5 9930.27 1374.27 2321.89 9548.55 
6752.46 3531.29 6023.08 5595.53 4453.74 
64.7247 327.8 8410.51 9739.65 8913.78 
107.522 3728.84 2317.19 2823.34 3642.91 
6998.48 7808.36 7253.01 4568.32 8626.73 
6054.73 9366.39 206.477 1247.19 9567.73 
6791.96 9744.69 9497.98 8166.23 2066.56 
9046.52 4918.67 5597.85 5069.58 514.187 
51.5792 5134.3 841.987 8462.09 4873.93 
9755.77 8569.61 8602.78 2072.94 1392.94 
2245.67 9071.42 9201.3 9498.68 3639.73 
7828.02 5553.4 3006.1 8034.49 6800.59 
2573.82 4826.43 6545.25 2071.79 2992.64 
8611.82 1118.29 7911.32 4209.65 6187.87 
8425.5 4261.23 1322.16 9267.49 2723.31 
6196.09 9023.24 1292.91 4798.85 1096.17 
2685.85 7044.52 167.576 1887.13 6543.18 
3807.3 9715.15 2096.56 6813.41 7749.62 
8897.14 9387.23 2576.04 5442.38 1459 
5568.69 4054.18 2577.29 3479.99 8263.83 
8765.16 1905.47 2525.05 87.3003 1172.95 
5248.35 6283.39 196.172 6541.26 1082.22 
1292.34 9227.1 8126.74 1459.92 1114.22 
4669.9 5267.22 829.353 6766.46 2080.61 
8578.98 5663.59 1467.82 1155 1105.95 
2926.82 6723.69 5160.13 5504.11 203.657 
3423.95 4269.25 2109.13 5948.99 4356.55 
3282.08 1197.33 639.924 3478.25 7738.59 
1722.15 4770.59 6965.68 9848.88 6230.51 
8079.9 4518.77 1497.71 8909.25 1285.21 
3578.32 7488.21 6948.8 5046.14 8643.21 
8054.75 7972.96 5366.89 3214.86 3477.05 
5570.54 6638.81 7746.3 7679.67 2587.79 
2102.83 961.733 3785.12 2742.76 4439.98 
1523.69 4464.9 9210.57 8489.37 4313.77 
5441.06 6569.25 8832.53 6938.77 5478.49 
117.724 517.077 2966.68 7066.52 5563.21 
1609.88 5121.25 3536.15 6976.76 8336.11 
7013.2 2547.29 4974.91 4759.48 226.945 
7562.69 6862.31 1188.68 1347.8 9605.07 
5628.66 2871.49 4069.95 4839.22 1360.84 
8383.72 280.263 7930.09 7216.23 7219.04 
3408.56 7333.96 7736.11 6375.25 4400.46 
3299.31 7985.13 9521.71 6835.47 4961.88 
7857.8 3848.65 7509.17 2832.69 8608.13 
7736.11 395.37 5470.42 8924.79 1743.17 
5075.47 4553.43 4614.66 9145.42 9392.64 
5975.5 7529.12 9672.91 3905.57 4745.34 
6891.93 7314.14 2079.28 4628.02 3689.37 
6479.74 7927.34 1674.48 6001.43 4762.78 
6636.36 3859.21 8611.43 4145.5 6691.91 
7219.54 1881.6 7087.28 2689.95 806.366 
8830.44 7765.42 5359.8 3445.08 6910.83 
4752.42 9420.58 4439.94 4425.31 3326.14 
9185.27 1317.22 640.259 1264.53 5945.25 
4329.63 7744.27 3872.57 6004.11 3745.68 
8635.35 2640.45 7604.89 7246.77 6785.95 
4296.78 4466.29 8667.55 1384.04 7156.24 
9473.92 214.468 4921.65 4833.69 3659.55 
1832.46 9586.12 3080.11 6272.4 4011.41 
6406.25 5457.65 5328.64 7046.51 6722.19 
1273.87 1376.12 4466.44 5146.44 7380.23 
8212.12 3781.77 20.6638 5817 1028.52 
6806.62 113.762 5494.82 5474.15 1497.8 
2651.04 4948.05 1712.27 7572.69 9781.74 
5371.82 9405.15 9367.84 8451.93 5677.53 
3379.24 4858.17 1135.17 8707.87 1904.66 
7857.35 9981.74 3280.78 2323.78 5128.16 
660.993 535.883 8909.93 681.657 6352.88 
9938.45 7488.27 6466.64 5433.25 2962.41 
7964.44 8084.29 7910.45 9676.72 5656.97 
7692.18 5048.52 5062.1 7060 3500.44 
739.613 439.22 8358.6 1874.78 9147.09 
263.245 9732.13 9128.82 3544.02 2055.89 
4256.96 4205.02 2591.78 3166.88 4886.67 
8944.66 3105.31 2374.93 5411.28 8538.57 
5337.34 3375.71 6622.84 3247.77 3052.41 
2279.79 939.934 8100.93 7341.89 7999.93 
1601.35 8081.5 8439.15 9959.95 9956.28 
7586.23 223.181 9688.4 6715.03 3767.2 
1744.28 971.974 7972.22 4336.05 4138.85 
2858.88 3280.69 7244.16 5233.81 8691.97 
5782.71 571.129 2067.66 2405.54 3818.9 
5120.07 4685.33 4758.84 3220.98 2027.2 
2758.75 4822.33 108.69 1197.89 4782.26 
64.956 8784.12 5005.44 9753.35 5499.13 
8772.65 1497.61 6471.11 6744.85 5833.67 
609.939 9603.73 9114.36 7854.1 4837.52 
7806.31 3636.79 5408.65 9873.98 6042.33 
9227.55 4994.03 727.64 3986.37 8215.01 
2754.84 6745.13 3037.32 2863.53 7943.02 
7819.58 2928.49 6727.12 2825.01 2681.83 
2226.24 1597.64 4179.44 8697.34 8342.5 
13.0899 9307.28 7946.21 9127.45 7161.37 
2783.72 6933.75 798.144 8192.37 6807.7 
6840.47 7419.91 1801.71 7568.11 1406.26 
16.7035 322.94 8151.39 3054.02 3186.47 
6094.39 873.585 6114.96 2821.49 3698.59 
8796.79 5047.72 5296.23 2976.21 3745.05 
3638.71 2989.3 3052.31 1584.91 2116.73 
213.664 4368.62 9050.48 1011.81 2560.97 
5858.16 7852.28 9980.88 7659.88 5420.38 
1387.12 7676.58 5743.32 9538.51 730.585 
8929.79 5632.88 1604.17 5044.74 8454.37 
5302.76 3841.51 3502.08 598.981 6817.72 
7247.13 4237.69 9807.02 299.423 5822.6 
1923.73 513.087 191.203 974.19 1524.9 
2752.18 6832.35 9377.18 2733.04 4492.21 
4797.54 4120.16 2168.78 540.842 3658.65 
2899.36 9470.63 9291.54 4503.53 4515.35 
7745.89 9806.3 8356.86 1247.95 405.261 
5174.56 8495.07 4642.96 4981.55 8794.5 
465.537 6905.28 9307.58 656.741 7879.47 
832.46 3408.92 4711.81 209.621 6141.95 
9204.02 5007.16 262.099 1372.79 5548 
3920.75 4272.15 5018.62 3212.27 8775.68 
9533.97 958.14 8581.96 7890.81 2206.09 
8987.22 3065.35 701.14 3630.16 8046.91 
9495.63 4095.7 4952.17 8803.2 4752.44 
2831.63 9635.66 8161.36 7543.44 9845.28 
4303.29 6747.45 4852.42 4565.39 8120.23 
400.41 8486.15 2392.37 5419.03 1698.4 
1168.03 4952.98 2656.54 9749.99 2843.78 
4862.62 8737.2 5909.13 5563.76 2367.34 
3956.02 5059.38 6463.04 8908.19 3862.57 
1215.46 1739.8 3498.21 9376.82 9283.24 
3343.47 3680.1 6030.68 8195.9 8245.49 
4150.89 8596.31 6731.62 6543.26 4015.32 
8430.02 7711.29 8968.3 1086.54 7461.26 
1812.06 5949.16 6198.44 7721.19 1512.91 
8565.79 1677.2 6572.29 5028.81 585.371 
434.841 6244.27 2325.18 3933.05 5621.08 
1608.4 7276.52 9301.17 7639.08 5472.4 
7546.64 1789.95 4068.69 4278.24 8333.21 
8084.01 2708.24 6044.48 7052.29 3794.78 
3505.72 8864.36 9743.94 9704.17 6585.53 
1256.83 8269.94 8262.73 7829.13 3298.73 
8848.1 8263.97 9543.01 1173.26 2197 
5164.07 2781.66 9473.52 4465.22 420.723 
4945.9 2011.85 2210.68 9014.59 6290.09 
543.867 7098.59 8998.33 6588.35 4150.86 
2793.09 94.0542 3015.2 2537.02 9798.22 
9600.74 3793.85 8068.14 7863.45 1622.96 
1366.86 6711.53 9886.93 909.847 7884.79 
2083.91 6073.91 666.438 1557.41 539.118 
1087.16 6503.32 2550.97 3297.84 5517.89 
8841.06 3841.7 2616.46 7839.37 430.033 
6767.32 632.45 524.087 9782.53 3169.47 
322.292 9383.24 6963.32 8390.44 7246.68 
8586.28 9757.29 3958.19 8473.19 667.124 
1842.97 557.081 6741.04 2509.41 2114.49 
7280.16 3596.57 8617.81 9831.12 6894.4 
4135.69 8672.16 736.091 6752.15 6511.52 
1166.12 3519.46 7143.97 1690.21 3301.96 
313.418 2012.5 2685.19 7276.74 402.921 
9931.87 5863 160.198 3890.04 4336.17 
827.322 5733.01 4893.25 7568.36 8242.42 
7007.75 4848.5 1838.97 5625.54 4679.6 
8733.38 9761.23 3351.75 9469.47 6513.36 
9863.27 635.575 32.7964 7007.22 2325.79 
3334.76 7320.64 4338.29 6019.95 4597.36 
4741.21 5951.8 460.338 4901.41 9841.85 
4796.51 5728.73 5574.85 9689.76 3297.07 
3817.25 6697.49 8145.57 5656.23 2323.01 
2825.15 4389.59 2084.22 6176.9 3859.04 
8597.58 6040.15 4494.61 8630.37 3047.35 
6820.4 1965.12 367.97 1158.67 7985.07 
4965.33 5899.88 3936.86 5425.66 801.266 
3778.69 222.157 6529.99 9353.53 9911.92 
9827.06 3170.77 6609.39 7972.62 8826.99 
8932.41 797.753 3216.56 1016.61 6974.65 
7075.6 9614.19 3014.79 1570.2 8244.54 
6062.14 8390.6 209.646 6430.11 9549.27 
8194.72 1395.42 5449.13 2131.56 6821.08 
6250.39 5910.24 7043.24 2780.37 5263.76 
6955.14 2607.42 8434.53 3564.52 580.018 
7261.5 2496.91 1377.77 478.047 3513.51 
8352.43 7553.65 3127.68 1367.2 9123.85 
1372.21 7429.34 7514.43 1581.86 3859.43 
7063.68 9776.57 5254.85 2512.79 1908.11 
2075.92 8763.18 7818.35 9119.16 1543.54 
3082.1 6074.28 4150.96 1516.61 9638.8 
4730.97 8778.11 2135.69 6108.74 9256.16 
5649.2 4461.15 6809.79 8776.89 5828.35 
5933.62 149.083 3257.67 3448.03 1730.94 
7117.1 511.688 1507.5 2371.93 3024.48 
3415.61 4447.85 1787.64 1233.95 3566.99 
3331.18 4316.05 9641.27 7482.13 5832.65 
9280.06 2213.09 4610.74 1415.73 8321.83 
3866.88 7064.93 2782.97 676.653 5841.8 
8611.32 6610.27 5990.89 1868.97 58.28 
7721.83 8986.07 569.968 9229.33 1357.99 
3594.44 2644.92 5805.84 5382.08 3878.87 
9372.83 8713.26 8194.92 9014.09 6195.38 
4027.55 8294.13 8408.47 8638.29 9709.86 
6730.28 2505.16 6774.77 9513.25 3181.81 
2616.56 8124.55 9792.08 8607.45 9993.52 
9850.36 6329.26 8979.58 420.314 5558.56 
337.548 4014.76 8203.48 6143.39 9396.84 
2082.34 5516.2 8110.09 277.235 4530.27 
4305.45 4304.79 2824.38 2713.89 2943.06 
2534.22 9444.18 5448.23 9308.99 8957.41 
8630.04 1925.53 7081.94 8422.1 532.963 
7075.45 8272.45 6862.22 6055.01 8692.76 
2420.77 6392.56 2707.5 624.234 2535.93 
2104.33 2706.57 8052.13 214.399 2983.81 
2582.38 4519.85 7288.59 5406.76 7233.74 
231.64 7940.99 6677.9 5679.87 7249.96 
5635.29 4309.89 9175.5 2717.22 2731.97 
9708.46 9792.67 1004.41 6570.66 5847.66 
9697.17 8991.43 2240.2 2404.66 9615.66 
4776.12 4508.99 2322.21 2828.23 4723.39 
5306.02 5410.62 9243.23 2594.6 817.365 
6476.96 2826.24 8758.35 3154.84 8506.1 
6008.29 8790.13 2815.97 5183.77 1507.33 
5547.95 4892.22 1299.98 6552.35 1462.86 
7147.63 6249.51 454.268 9387.83 8654.17 
69.9115 4163.94 3163.14 2392.13 6992.17 
7886.52 7698.15 2402.77 7129.74 292.727 
3220.14 3606.68 3118.96 1978.47 6761.52 
1625.05 7986.77 5551.63 4441.02 3170.52 
7058.96 9988.97 8062.74 8358.94 6541.3 
9525.6 5506.55 2790.79 9979.87 4894.37 
1444.94 49.7595 9058.31 4608.08 2441.89 
6050.46 2494.58 140.017 8453.23 9624.32 
432.744 1673.35 3230.98 3551.71 3651.83 
9992.5 5176.76 1638.58 5544.11 9617.78 
4809.1 2603.05 9606.73 2871.82 961.967 
6148.02 2397.4 6468.52 8938.81 2377.25 
1362.87 383.731 2427.01 421.161 4991.81 
4868.9 6471.62 7486.39 5008.91 4924.84 
7110.69 5441.66 6598.19 341.658 8993.36 
250.001 334.136 4170.1 1888.58 5878.24 
3787.87 6697.67 8481.29 3394.58 9569.5 
9443.26 9542.59 1966.88 5911.76 8481.38 
4344.13 7274.63 8865.12 6771.14 7695.79 
3856.91 1640.02 4167.4 1343.28 6648.93 
9092.24 8453.97 2090.57 5690.41 8795.63 
1083.91 5940.41 9129.77 5254.02 7828.99 
5007.99 9041.89 4526.65 3489.26 2436.45 
4096.13 2932.5 1979.02 6063.01 8844.26 
460.391 407.12 6118.88 9325.51 7178.26 
3814.66 3182.4 8818.28 7982.06 4525.67 
5467.19 7074.28 2979.63 7557.75 2764.67 
1775.24 8641.67 8705.09 904.992 3895.67 
6534.06 5912.98 2937.54 1060.69 9402.25 
5373.99 5156.81 2334.74 7353.01 1219.8 
1178.98 7813.4 1626.92 7297.87 7138.89 
8805.18 1112.51 321.269 7623.44 9094.56 
4846.94 3090.61 6168.82 7826.57 648.348 
8933.5 9601.82 9290.02 7638.57 506.791 
3185.67 4172.61 6419.78 6123.21 5233.3 
5822.01 1497.17 390.093 8156.75 8850.18 
1609.9 9335.73 6663.57 3236.82 6633.58 
3802.44 2041.99 7746.09 4123.71 9665.43 
6840.63 8970.65 2756.02 3009.44 6797.21 
3404.37 1942.92 6399.01 2694.37 9581.49 
6905.8 5880.04 3754.08 3325.56 2003.23 
8987.37 9147.57 3500.4 9377.46 7304.3 
2350.57 987.345 6640.01 9014.13 4224.17 
3273.57 2816.56 6266.15 1019.64 6940.27 
5931.56 7860.27 5910.91 8687.59 869.695 
2708.1 2091.94 2812.62 9107.11 4786.31 
2394.09 6012.89 666.33 6148.16 9338.45 
2669.56 5135.52 8486 6169.96 4512.96 
5790.28 8520.52 5500.31 2430.28 7534.64 
9724.48 5703.85 351.183 5990.61 6723.49 
7291.45 1922.16 4583.74 3202.34 609.73 
5453.44 5910.44 2701.67 8266.05 5017.54 
7487.98 660.121 1030.41 8154.31 6808.28 
368.847 823.849 1943.78 8854.85 6993.8 
6456.75 4645.12 5514.31 1957.04 7075.39 
3048.93 1681.5 2779.22 3400.12 7672.11 
9502.71 691.552 9594.27 4086.43 3893.9 
203.987 9539.87 9804.34 2905.66 7805.91 
4821.86 393.622 8466.03 5852.27 8547.93 
5274.3 6221.12 9371.78 7218.08 5075.95 
6365.57 3674.81 9721.07 1879.86 5631.85 
6796.44 4928.79 7313.35 9575.66 8328.91 
4985.45 9078.35 9020.46 4579.71 3164.77 
2914.34 4783.69 2704.62 2718.66 7689.35 
510.516 7540.52 8082.97 8976.54 3392.78 
6630.89 4250.82 9613.9 6002.65 1468.89 
4689.83 2368.21 5143.7 4410.89 4248.07 
775.531 1207.31 9176.86 8088.88 782.956 
7505.75 3074.32 9861.31 6526.2 7654.02 
3026.06 9440.54 2437.7 5730.69 2159.19 
127.034 6241.2 9699.71 8210.01 5217.73 
3092.47 4840.88 9468.55 2706.36 843.517 
937.422 7396.19 3211.72 6081.12 1807.06 
7459.79 6856.65 3014.37 6636.64 4945.52 
3797.33 4142.37 8019.83 3658.62 668.555 
5673.84 6684.68 109.077 8111.54 2415.35 
2268.26 8238.57 8656.56 1967.96 6448.56 
3874.27 5060.43 1289.43 3342.81 7766.79 
2132.94 4280.23 5162.96 5344.67 361.33 
6970.02 2804.44 7217.98 9984.39 9441.08 
2163.48 3781.7 3583.43 183.294 7440.32 
4251.99 5857.13 4124.98 4361.07 3968.66 
6540.33 6629.33 2207.21 5196.87 8597.29 
8655.77 9071.14 3657.7 9945.2 2413.93 
1424.48 2078.13 6694.16 6587.44 7422.8 
7055.49 3557.45 227.221 4273.45 3541.82 
9668.3 6436.93 7323.52 3251.72 6620.22 
4763.82 7503.7 2477.34 8888.81 1864.75 
6445.99 5429.12 8494.08 8653.21 625.98 
7091.35 7308.96 9697.12 749.039 7254.15 
2111.04 2173.51 9332.28 8805.2 8760.95 
6755.05 5860.67 2318.38 6982.28 134.102 
5860.2 6650.56 6571.03 3183.71 9902.27 
3191.24 7947.53 7405.96 5668.58 6836.32 
9270.71 2114.55 2265.43 7764.77 767.743 
2891.41 4856.11 8076.71 2588.51 5605.15 
5330.84 4699.55 7778.66 4663.09 3504.73 
6539.6 1418.13 9365.39 8857.98 8400.41 
9499.5 4718.17 5050.95 6070.51 7901.87 
4953.2 9261.75 5849.39 2359.14 4930.31 
2685.69 1629.84 7044.86 4951.12 9394.61 
7812.6 7842.53 4250.71 5889.29 431.027 
9855.85 1220.11 5130.58 7634.5 5883.2 
8635.3 4174.08 7301.34 8000.68 3032.04 
5701.73 7500.16 7750.21 752.657 3570.65 
5652.06 5705.86 2832.38 1501.44 8065 
7762.69 4187.13 9694.84 4807.53 9138.25 
9089.43 2620.11 6980.76 3340.12 8509.41 
7411.79 3195.96 9729.52 2542.35 830.441 
5612.7 1177.63 5004.52 2914.02 9178.31 
8036.57 8615.75 6678.45 5786.76 9368.41 
249.085 1438.81 5074.25 3081.46 2940.24 
3139.24 844.132 7127.37 2834.06 5651.66 
6265.6 1923.48 8271.78 3246.35 5263.6 
6781.16 658.122 8459.56 6510.66 3200.47 
9290 2123.35 4378.1 4294.5 5037.38 
3556.4 2331.05 3653.11 234.835 8117.81 
3021.5 483.921 9556.62 8095.75 3565.38 
2496.84 1234.97 4409.52 9624.21 4069.03 
61.1608 5889.8 5992.51 8332.94 9136.15 
1256.09 5114.08 9794.27 9715.64 1624.73 
2994.72 9005.62 3748.08 7372.83 3300.11 
8785.46 929.211 5631.16 2438.55 1164.05 
3748.96 5460.05 1647.97 3305.56 3555.79 
5213.35 5802.4 4790.76 9622.87 5426.6 
8859.79 9684.03 1316.39 4852.28 8016.95 
452.518 6108.37 3131.01 246.773 5824 
4755.74 3241.5 4829.6 8503.82 614.309 
8129.71 7289.26 1543.52 3760.86 9727.81 
2707.57 7509.82 5187.85 4355.53 815.362 
8743.63 9568.89 6617.77 3534.38 9191.74 
2044.35 2394.15 8875.75 3360.74 7246.43 
6892.68 3813.26 3354.78 23.6792 4060.03 
9178.78 4779.42 7301.53 4008.37 3283.23 
7915.83 2138.07 572.474 9459.36 5898.93 
300.269 2166.91 3408.73 5488.11 6522.44 
4224.09 4231.73 6091.31 841.84 7766.1 
5283.03 2886.19 160.238 4158.76 6246.93 
7406.67 1051.43 60.1691 761.436 1075.11 
4120.2 9940.22 5854.53 1421.71 3948.57 
9137.76 9337.54 6086.63 9710.23 8796.88 
1985.54 10.483 963.77 5394.27 5498.6 
7486.21 9618.36 9730.33 3577.5 460.183 
7496.42 8860.53 3346.37 7656.65 3019.27 
9593.3 5063.31 4070.7 9653.47 5824.74 
5145.8 3773.65 5764.94 1000.31 5195.36 
9713.51 138.054 4532.89 5800.13 9848.29 
3329.75 7785.67 9858.77 4293.52 3179.92 
5357.35 1779.71 2798.27 5087.66 5357.21 
3258.45 2584.06 4217.72 6604.82 240.694 
7236.99 6198.11 5304 1307.67 5851.57 
1128.73 6453.48 9625.22 6893.67 7453.79 
4820.57 6607.16 7591.84 9353.45 2407.27 
7440.11 2683.19 192.922 7298.86 6976.71 
3372.84 2656.19 8756.42 6171.11 7743.85 
4113.62 9429.56 327.893 8331.34 6034.36 
568.586 5568.31 2232.46 5872.59 6875.99 
8084.02 7001.31 3329.44 7709.23 3894.96 
783.215 2529.78 502.106 8375.06 1883.21 
2909.38 5815.15 4566.4 3102.3 3114 
1543.1 6475.14 5770.19 299.502 2646.24 
3514.03 4413.12 2075.78 3841.92 2744.44 
8110.14 4410.5 8312.75 342.582 283.074 
5188.72 8426.61 7284.39 8518.17 6135.82 
1179.33 9301.38 8665.59 1681.44 7676.42 
548.792 4590.81 3491.56 5115.19 7693.11 
6605.55 6658.29 4168.24 2375.73 6957.79 
6814.48 5889.75 1370.89 8890.25 9731.67 
4115.33 7000.38 4142.16 2428.07 7342.96 
4425.23 7616.79 5769.55 1709.6 6134.94 
1905.35 2888.93 5436.31 570.928 4570.37 
3112.71 1119.72 9161.18 6604.27 6234.91 
6854.28 3209.81 2893.19 1022.5 5585.53 
9850.98 7836.98 1475.27 1221.85 6727.21 
1206.92 5337.19 3727.57 5349.08 7765.26 
1070.52 9774.32 5382.04 6840.07 1483.9 
1516.97 8745.42 4372.84 6953.28 9316.34 
8943.21 65.9735 436.045 8104.37 6670.24 
6670.96 4958.64 9880.05 9564.14 5981.14 
5465.57 9415.1 3818.09 6940.84 636.942 
545.289 8147.76 5974.13 4272.86 3496.83 
3739.38 5343.38 3271.13 9121.42 2183.43 
4755.03 638.368 928.826 9127.87 7591.65 
245.152 8071.06 7657.62 681.197 6175.42 
4327.85 7352.15 1134.03 4207.88 6916.28 
7115.17 9673.45 6331.37 933.248 6614.27 
6968.31 1478.54 4762.02 2942.43 5751.4 
8258.85 6681.8 1094.76 1529.96 5803.2 
3278.19 6285 6441.57 4207.01 5412.85 
4033.2 4452.17 3483.89 1690.8 5133.36 
9659.31 6018.64 2485.5 793.329 226.507 
9401.78 7908.5 9899.96 5733.13 8841.75 
6514.21 2701.43 320.269 1276.21 5643.86 
6071.67 9535.06 2325.64 7166.43 1065 
8128.84 444.602 7350 4570.4 4651.62 
2762.83 8603.59 9103.78 6246.73 294.377 
4237.13 5906.02 6313.02 6722.63 6699.35 
6539.53 6124.39 4607.83 6439.47 1857.51 
3449.56 2953.66 4558.94 3769.83 4229.87 
202.779 9841.5 3764.91 2528.42 7007.92 
4829.91 657.246 7452.52 2179.89 5227.64 
2104.12 4942.72 3831.22 1207.88 1189.43 
4125.6 5445.01 7095.46 438.6 2167.62 
3794.79 6978.13 8292.01 8402.62 3417.58 
149.509 1852.17 6371.24 4708.45 5622 
601.088 4911.23 5463.49 4366 7439.65 
2471.39 9195.91 8096.89 9923.91 1375.78 
3324.52 2028 6318.5 7155.74 3235.89 
7507.94 1281.32 8680.9 4603.38 1719.92 
848.499 8398.17 8698.05 9140.51 6800.77 
2115.61 9290.02 8652.94 8486.85 3998.45 
4274.93 9087.93 8909.68 9738.42 3453.91 
6349.31 2209.79 2649.8 4446.19 2133.68 
4025.58 7770.71 4161.68 344.069 4926.44 
7397.57 7852.01 6207.75 6078.45 2455.37 
7927.67 6926.95 853.52 6625.71 6067.44 
7654.29 8741.32 5357.45 6307.22 7228.15 
9355.9 582.133 6316.06 8265.57 320.534 
9769.98 4614.87 2530.32 2419.76 9061.06 
4664 6445.34 6831.75 8825.68 6789.41 
1758.17 6223.23 4641.4 7965.93 2301.66 
7096.77 5893.58 9228.61 7950.29 2519.27 
5296.04 5604.57 1260.57 653.466 1911.77 
8488.72 9.34994 2493.9 4804.76 8274.92 
2814.44 4574.72 2889.77 5344.76 6994.48 
1950.81 8.74604 3439.81 8782.56 8834.43 
229.203 540.714 5057.65 4870.61 8506.64 
7359.31 1967.36 4400.21 6587.9 9917.66 
6919.48 1883.92 5522.21 8180.05 2537.39 
7433.98 6668.75 2546.74 9927.88 1473.49 
821.64 2742.3 6048.22 3711.41 8087.07 
3042.68 5662.21 8095.81 6482.49 4444.75 
6930.22 6711.69 4985.47 1987.85 1582.28 
3492.09 9347.16 3549.65 7892.3 5935.05 
3467.28 4811.76 7818.98 8989.49 2991.79 
356.348 6423.45 9660.54 2903.09 6351.32 
1134.02 3724.73 9093.62 7182.23 7436.13 
7180.67 224.898 3098.33 5276.47 6707.39 
7543.08 2206.67 3419.06 2528.53 4194.53 
5001.35 6020.62 3541.68 8550.99 3912.9 
9476.73 2018.26 8724.66 7295.69 1007.73 
1716.44 7652.03 7431.19 1376.96 555.105 
3782.49 2510.98 4279.83 2876.1 9693.21 
1715.95 56.7502 9918.11 4814.27 5333.22 
6625.48 2357.34 7539.89 44.526 4885.87 
1734.4 5045.87 906.473 5276.08 3596.85 
4819.38 4752.79 5615.11 3544.02 2048.46 
6622.84 5260.46 9700.49 4054.01 6637.42 
255.581 7836.5 9148.4 4535.41 712.581 
8841.59 6251.36 769.331 8759.69 1065.61 
6102.55 5385.15 3422.95 3642.42 5429.67 
8308.82 5376.83 475.53 9215.29 652.887 
4072.38 4034.65 5405.68 9687.49 7578.67 
7454.13 6310.31 2839.12 7154.61 364.309 
9476.54 7410.19 8200.81 8624.92 1945.59 
8913.39 7466.5 8196.95 9682.72 6226.17 
9262.56 5785.25 1611.3 2685.49 9427.68 
7040.97 994.294 4804.49 7516.5 209.568 
5457.37 1588.86 4244.22 863.032 1276.33 
1822.88 8317.17 7586.64 4661.99 5471.76 
7950.95 4138.51 2881.94 6151.75 2763.42 
4827.52 5065.12 229.898 3024.45 4747.83 
6456.06 2286.99 533.065 8067.36 4972.49 
9960.74 5108.31 5966.78 4765.21 2624.8 
6176.35 222.566 4213.66 420.55 1085.6 
5489.99 2243.43 9402.76 3076.62 6905.42 
4874.51 1027.56 1043.92 7756.44 7179.3 
3807.33 2583.95 2244.41 4037.23 5608.4 
6992.24 493.28 7895.39 7525.3 8560.64 
2867.86 7486.03 3668.94 8834.64 2251.22 
6293.74 5010.97 2473.79 507.384 5431.52 
3559.38 5997.38 7674.95 2962.13 9074 
4580.35 7836.64 101.54 5624.27 5593.06 
7280.84 9431.6 8177.01 9525.25 3468.82 
3785.4 6517.47 3962.1 1680.77 4042.76 
2522.72 4548.63 1528.77 6191.66 3383.25 
3779.99 2485.38 8394.22 6253.78 2992.77 
3825.73 9813.16 8990.14 1500.66 2775.27 
8064.13 6081.01 611.896 8165.67 1705.26 
6204.96 5446.5 1136.84 4381.96 4971.73 
4605.65 8167.35 1489.19 8567.75 9848.12 
5531.95 1090.45 4396.73 7060.72 7282.11 
7779.99 840.691 9767.5 6174.2 7094.47 
2760.24 9999.92 6907.61 1750.37 1500.56 
9682.88 9814.5 7581.57 294.761 7980.15 
9286.83 6499.72 3426.63 423.648 881.662 
8398.36 5029.3 9049.01 9887.55 3597.04 
8897.12 5419.48 4687.49 3293.84 2480.18 
1969.59 1073.81 3320.87 1737.06 7248 
415.321 4497.31 7247.91 7322.93 6247.68 
8748.48 7005.79 6062.16 6330.03 7300.56 
4042.29 5616.84 3800.26 7468.92 6040.49 
4681.92 5867.26 1069.77 3730.92 5754.79 
4666.81 2628.02 1174.25 9354.3 5921.85 
3654.43 1323.87 6995.66 6975.31 3060.94 
4243.65 7390.63 7558.24 1491.54 4713.54 
3805.91 240.002 1719.32 9868.07 6570.03 
9019.87 3910.34 2186.86 2820.11 1379.24 
8227.34 7502.04 7246.5 9297.12 1232.94 
3001.27 3963.91 3860.96 4175.52 3318.2 
9782.81 7829.96 4642.07 6778.46 4805.25 
7703 1022.09 2195.86 5261.23 2513.63 
6909.4 9067.14 2753.63 8628.71 8935.19 
9323.66 7648.57 2845.51 1510.5 468.667 
4224.76 9737.85 7970.7 1471.24 9034.95 
9203.64 4472.51 2998.85 3064.58 8648.04 
6317.04 2847.37 6477.98 959.095 9625.83 
1283.2 8662.1 647.898 3479.06 3923.31 
3161.53 388.437 2990.43 5915.16 9017.15 
1925.61 5238.81 6665.7 4771.12 6749.31 
7134.37 8995.88 6487.14 5105.06 467.101 
5522.08 4308.68 4939.61 8520.92 7373.26 
3587.63 4837.95 220.613 65.5892 5797.04 
9846.44 1348.79 4459.12 494.323 4827.85 
8382.44 3655.85 5216.29 1372.85 9571.01 
4233.42 3298.46 4809.8 899.105 8069.58 
1559.1 8033.47 7065.44 8046.24 3138.51 
7532.54 3568.3 7447.19 2472.14 2089.2 
4820.43 6059.77 6927.15 5041.04 6125.36 
2724.18 4887.47 7474.15 7183.3 5381.79 
2301.99 5565.72 9037.64 7518.27 6938.58 
8608.64 1751.68 237.02 3418.42 2650.78 
8306.6 4977.52 684.24 5372.03 3023.74 
3822.75 2904.55 6592.04 1269.93 5376.69 
8681.24 6090.36 1436.45 5608.37 1131.38 
7561.81 8332.55 6018.85 5035.94 5515.83 
1400.63 7337.93 1081.54 438.253 4856.18 
8020.12 9046.89 6607.86 8257.14 2465.3 
9258.64 6563.72 7442.81 9942.88 1935.73 
466.537 3765.62 4840.28 7058.57 5035.54 
216.957 5739.8 1125.88 1653.4 1348.15 
2257.27 9215.21 9680.7 8276.12 4251.13 
5196.52 9676.75 1589.04 6278.06 114.984 
6445.23 4298.16 9161.87 3053.07 2555.28 
1627.15 2311.7 9119 9069.97 2254.57 
1054.71 9536.51 6020.19 5895 6595.06 
1055.71 6111.95 2334.84 2181.6 7765.35 
3682.99 4438.86 6980.55 3363.67 2714.97 
1231.66 8560.19 2391.7 2820.71 4838.23 
2506.68 9265.93 9136.39 1668.54 2318.99 
1691.65 3295.69 4630.69 810.631 2365.64 
6885.25 1865.34 1902.13 2905.42 7760.34 
8497.19 3961.14 3872.28 832.016 6142.73 
1637.61 4515.01 581.578 8618.16 7878.68 
3296.55 9849.82 6438.85 5688.24 2670.51 
1277.06 8194.93 1936.43 413.429 9863.46 
4255.42 2105.08 3159.14 8886.11 2915.71 
5524.78 5771.34 4781.05 7426.91 8676.77 
2541.37 5924.09 2637.89 6413.65 6756.11 
8780.62 8051.26 1271.1 9362.2 6669.4 
9149.77 2658.72 6519.21 5588.61 8346.97 
9189.72 6865.67 6541.88 1126.13 7279.1 
6405.32 5381.55 9384.17 9564.46 4267.64 
2299.86 5089.23 38.9657 7080.91 2516.13 
8715.73 9622.29 8440.22 1353.6 6035.92 
5196.31 134.201 4087.17 6467.4 9496.4 
756.554 5617.16 2155.1 7275.76 1205.75 
502.052 6465.47 8071.42 7043.93 7591.6 
