400 5
6068.82 8683.3 6554.61 1285.32 6948.5 
4090.78 5179.03 3550.29 1818 4892.05 
3319.89 919.621 7444.45 1885.92 9476.06 
5744.07 1207.44 6774.75 9400.72 1919.24 
7332.74 4307.96 9888.64 4261.11 4646.7 
2727.28 2328.39 4652.95 4853.68 812.306 
249.295 922.49 9495.6 6803.91 2207.81 
6444.09 894.676 7386.84 9994.38 2712.67 
2278.87 3314.26 3632.29 9723.31 5200.17 
3108.34 5467.37 6407.62 9883.09 4868.07 
8326.85 7215.81 9176.03 8215.48 1476.91 
3822.72 942.744 3805.3 8475.67 5796.43 
4617.6 8724.96 6718.92 4113.19 5528.85 
8926.73 557.258 6423.53 6313.55 551.62 
9136.2 8592.41 3865.88 2768.48 8315.71 
9066.05 5876.82 3783.06 5473.65 5759.89 
8651.13 3800.49 2975.69 7827.14 2015.95 
4452.59 1649.84 2958.69 8257.89 125.494 
8755.12 2875.48 8850.46 5474.02 6988.67 
4379.29 4400.73 7545.93 802.808 714.263 
8097.55 9939.01 9306.68 1963.41 2707.47 
7622.37 1029.44 8584.29 1405.41 6503.09 
4344.16 56.5255 303.559 7319.85 7883.67 
2319.51 1772.43 9533.51 5278.2 30.3036 
9659.01 4033.31 2905.78 8509.45 9507.33 
9894.46 2888.72 3908.05 7440.37 3691.53 
4622.31 5537.9 3630.53 3928.97 7501.31 
6338 1551.32 8530.75 4922.27 2956.73 
5033.82 9266.44 3013.26 5337.38 6586.27 
896.911 7656.89 8358.7 430.406 2935.07 
8389 89.395 6968.38 1294.77 8598.84 
6475.7 1189.21 1487.55 383.727 8629.57 
5179.08 5006.04 4167.45 8809.61 8935.01 
1668.74 5147.59 486.312 199.473 69.8449 
3443.05 5233.29 9336.28 6456.3 570.655 
5922.54 7353.21 8227.54 4281.22 7783.62 
1162.6 2670.21 7873.02 8130.98 3964.98 
6471.84 4606.66 5154.19 7959.39 4990.39 
3783.74 3138.45 9996.43 7951.2 1948.04 
8931.42 9619.94 7095.63 9417.73 9819.41 
7165.47 2860.76 5052.69 6501.74 9317.06 
5623.34 2424.26 6670.26 3850.87 6705.48 
4453.86 5013.47 9375.69 2326.86 3144.44 
3340.65 8798.7 7751.1 8494.83 6758.07 
2741.47 2278.56 9896.52 2737.88 229.738 
1844.54 1669.28 9849.68 8940.17 1086.99 
9669.07 6105.62 3947.75 4721.74 2607.34 
3264.8 345.068 5031.6 9935.06 4195.94 
1737.07 4388.9 9209.41 1112.74 6715.76 
2353.82 4453.39 5514.44 104.906 2948.2 
2272.5 2846.38 5226.76 2169 5584.26 
5456.5 4013.54 7253.54 5306.16 2953.69 
8340.53 4975.22 9059.31 2288.27 9696.96 
1666.64 5553.07 42.0104 6698.24 5488.11 
4237.95 8435.31 9877.01 3447.34 9548.05 
6592.75 5801.16 4001.42 2107.18 5906.07 
6949.62 4379.68 8752.44 2176.37 6548.68 
4336.68 7632.87 562.197 1590.2 2939.02 
3515.89 9930.74 7914.23 2575.18 2218.99 
7611.18 4241.82 7772.05 7653.19 940.04 
3260.14 1891.12 9375.35 3137.13 5338.45 
8923.38 9729.89 1139.6 2924.78 1837.05 
7045.66 9874.4 6216.73 5798.09 2050.75 
2765.39 134.757 9683.62 3327.58 1724.96 
2622.62 6843.47 1655.68 536.833 9418.65 
3874.67 8148.01 3660.45 1646.7 5801.18 
4600.49 4906.84 7692.3 3975.82 8043.97 
3030.73 2899.18 7773.84 4170.33 5823.96 
9610.89 1215.98 5698.33 5827.61 7014.07 
7749.08 8592.99 7148.82 7432.68 1920.56 
8873.78 55.2827 8764.03 529.445 592.116 
8182.66 4404.11 8740.13 1843.09 6050.81 
4541.29 6443.58 957.637 2233.57 419.384 
9001.61 5264.3 3318.56 6775.44 9434.63 
9142.52 6386.32 650.586 4840.84 2213.9 
7664.65 2589.9 806.879 4813.46 22.5683 
2727.44 3687.22 77.851 1491.45 4216.67 
669.967 9674.11 8620.78 9410.09 1517.18 
4671.57 3951.36 7960.76 5629.21 6184.93 
8380.15 4630.81 1449.21 1698.7 1406.23 
883.825 841.199 7792.54 1534.41 5682.04 
6.43145 9199.06 8271.94 813.311 4012.5 
8294.51 3540.75 7699.72 8372.36 5032.2 
1916.37 9042.32 4706.29 537.136 8452.4 
6223.47 5208.71 2403.75 4184.22 837.903 
8588.68 2564.35 5468.71 37.8759 4263.05 
6874.94 921.701 5104.25 4667.46 2456.11 
786.266 4673.89 1655.16 9058.2 5487.21 
5667.66 7352.69 9027.95 3367.37 5725.03 
4060.13 5283.74 4767.34 8766.42 5820.88 
3219.73 4989.88 1029.57 5623.47 9174.1 
1867.47 4212.13 1738.43 7336.18 4250.01 
6001.48 4211.1 5171.71 1105.71 8878.56 
7627.82 1891.98 3552.44 9282.98 950.163 
9039.64 4950.62 8302.86 8067.58 8317.99 
4027.87 2127.7 3601.71 8795.22 894.102 
9422.59 2014.92 5883.98 452.142 7638.4 
5058.06 2319.61 1850.51 6796.49 9655.79 
6100.52 2797.95 3866.88 1272.22 3903.66 
2745.42 8900.04 5795.64 6297.86 8183 
6745.8 5337.49 3133.61 5048.64 3405.05 
1451.58 9076.51 5532.75 5053.29 7871.71 
6426.85 4475.86 9886.63 2310.81 4928 
7525.01 7368.87 7247.62 9375.53 4165.34 
6903.4 5476.03 6963.3 770.255 6748.25 
866.939 3515.68 5648.27 6662.57 9813.54 
3831.26 3408.36 5151.01 6964.86 8456.99 
8556.07 8416.44 7533.49 4088.8 3469.71 
5405.18 515.635 7945.57 5291.8 2826.45 
2873.56 2816.79 195.305 121.161 2192.3 
4360.65 7024.56 7668.33 1323.93 7794.81 
4416.56 2190.87 1310.47 64.8199 8853.44 
1123.99 3896.08 2261.78 6275 860.926 
718.756 4831.05 9277.37 8252.24 8919.85 
2747.06 3657.41 9435.49 692.622 8949.2 
2261.92 3566.18 1765.98 2457.22 3687.34 
3958.28 6817.87 711.881 1626.59 8141.8 
8506.69 6043.15 332.651 9817.16 6107.97 
9186.09 941.136 4.03526 1447.85 7216.14 
864.961 2166.61 2047.17 142.312 418.838 
967.008 2889.38 4076.24 402.477 3582 
3025.43 2664.4 7148.18 4791.41 5121.62 
835.506 8749.69 1939.48 1547.39 376.258 
81.2626 54.0618 6419.41 413.914 9871.22 
2527.37 9600 812.342 2531.41 1047.84 
8028.48 3396.37 3214.45 75.6385 3538.68 
3633.29 1042.65 6428.05 7709.54 1445.12 
10.0348 734.95 4109.52 7158.21 5526.36 
9231.14 7993.72 4276.03 1170.6 9541.11 
4652.29 1251.86 9595.17 1071.68 1665.78 
9466.38 3599.05 1265.77 278.702 6130.46 
2313.61 8307.18 9526.82 5528.06 8382.82 
3065.48 9161.35 9425.47 9493.54 6870.87 
870.574 9503.57 7605.82 4980.09 6661.77 
3132.16 4211.22 4655.47 7408.19 5381.82 
4196.56 2060.46 6633.68 3791.72 3132.14 
8299.46 3258.08 6731.19 9565.22 3536.78 
2861.63 1878.81 1843.95 2388.43 7406.87 
226.75 5453.91 6568.21 9652.22 4947.43 
3439.06 522.775 4450.99 1044.86 5502.87 
1112.74 4177.02 9714.08 5768.21 1585.19 
5095.89 9964.78 3645.65 1729.55 3756.48 
6777.78 28.9904 7014.56 3508.95 9594.21 
551.32 6370.58 1473.01 2395.27 8759.01 
8879.88 2622.02 4212.91 5448.08 2274.22 
9160.34 8887.13 2796.99 3611.31 9931.99 
8299.86 4724.05 4109 8013.93 492.242 
5694.19 3109.8 457.002 9339.83 4839.35 
4213.48 6117.6 4868.34 1228.02 9626.55 
4462.53 1779.34 5997.12 5935.54 4174.61 
4756.11 4815.41 6796.63 8969.02 263.47 
9070.84 8129.34 9150.6 1867.82 1740.63 
9082.58 167.663 6464.67 3191.56 8181.59 
6956.92 8885.75 1291.37 7413.92 8225.56 
6130.72 1627.38 4343.15 999.038 2855.41 
3969.68 5461.57 4634.75 9966.8 1397.1 
8809.36 4722.89 6212.51 5605.97 3691.89 
6475.98 4676.79 1821.21 5626.57 6544.61 
3561.84 4709.13 6712.28 26.4978 7900.69 
4893.85 6983.42 6786.42 6185.22 4397.32 
5011.97 2315.92 6024.7 9355.12 3314.96 
8880.11 3324.78 8776.53 3514.84 3291.57 
173.614 2324.18 8014.46 6386.12 7930.14 
1706.33 2862.09 2606.92 3527.55 8488.65 
9151.53 7089.39 3197.77 5863.79 7115.88 
1098.44 757.622 4099.28 7884.86 6942.84 
8496.6 2896.81 9258.77 4521.28 2251.91 
2573.71 3401.37 5576.7 1350.23 6916.21 
8868.27 1523.84 9240.38 6882.71 7909.97 
7170.51 8589.04 772.036 9777.43 2116.57 
9260.69 8928.94 9205.96 2458.44 4792.72 
6321.82 3556.88 5550.34 421.088 1441.73 
2493.17 8917.69 4338.54 1751.92 3438.95 
6590.46 4325.63 6840.32 2167.14 5675.86 
3756.51 1035.39 7199.7 2996.88 7918.1 
5109.65 167.373 6507.12 5881.69 9944.8 
8623.69 5142.36 8873.73 7829.63 7600.8 
3666.43 4151.44 1157.66 9216.77 4572.53 
2599.39 1709.92 3490.2 6937.93 3461.83 
6929.15 3528.37 7787.46 3769.45 5695.51 
3463.31 7525.96 6730.89 662.989 522.825 
4648.97 5772.64 690.198 1156.08 1654.31 
634.985 9779.77 6796.67 9508.71 7609.39 
4397.45 3175.13 1760.81 5555.11 2391.88 
6333.34 8154.5 4101.79 9823.54 5092.42 
7563.63 6752.67 8620.79 5351.07 522.108 
4316.28 8814.38 8048.07 1047.16 9477.37 
8570.9 5696.13 5249.99 9261.09 6852.21 
6904.3 9896.08 6631.96 3700.95 9404.78 
4241.33 8098.4 2579.89 6002.15 3653.49 
4971.76 2335.47 1807.98 9073.56 2159 
6900.4 6637.17 8911.67 5521.17 1988.22 
9433.78 9837.45 802.583 7481.83 884.586 
279.932 6052.71 6580.72 5529.92 5313.79 
3432.91 2434.2 5209.85 64.8513 6135.15 
4614.61 4306.19 4233.53 7194.49 308.316 
7887.02 2166.24 2643.79 9695 1239.78 
4802.79 6595.38 7876.94 3714.44 2116.53 
9865.17 3148.2 1953.96 667.732 630.019 
2838.55 947.664 6682.73 9419.26 6477.58 
1996.5 2852.15 8911.79 7206.35 2917 
5046.92 1820.94 7223.19 9280.44 9015.43 
7531.51 7167.45 1181.65 175.278 6862.43 
2421.43 4978.06 3457.8 298.358 8692.51 
5574.33 163.507 1840.69 7528.29 831.238 
2470.71 366.82 1778.9 9153.44 9786.08 
8256.49 1149.92 2638.22 7168.26 8356.27 
5555.22 2215.16 177.194 2778.4 1495.58 
9192.62 309.886 8663.03 374.259 485.163 
5525.44 2795.69 5463.23 8983.24 3094.05 
4155.72 4557.55 3257.55 5996.41 2085.82 
4088.79 8467.12 2452.64 5867.69 7620.55 
2238.71 4124.16 8770.47 4876.93 1292.4 
7126.73 432.14 3507.56 7303.92 3210.54 
5003.14 6496.53 3520.42 3666.15 6870.79 
4005.59 9191.6 9666.47 9468.81 8174.82 
2760.5 3624.51 2732.36 6018.06 9620.92 
4818.18 106.834 8088.03 7270.83 5974.53 
5708.56 9509.54 98.6752 4479.01 4386.45 
1391.08 1605.72 4818.59 4898.64 8909.64 
8029.13 9901.78 5406.15 1549.53 3567.91 
2276.92 5555.12 2759.49 1943.37 5023.92 
934.298 4703.88 8648.43 3666.65 721.922 
8269.34 8484.83 828.755 6357.35 5755.64 
6803.28 2065.89 5265.16 6901.96 6544.9 
9651.62 8293.04 8150.61 4470.19 3191.66 
7060.24 2499.3 3093.42 2466.37 4048.84 
6661.33 4743.28 9603.96 9420.82 6686.66 
4627.86 355.102 1390.52 3276.27 4021.76 
2112.44 1545.59 2506.58 2941.2 7902.94 
8262.22 9744.48 9968.82 3527.37 6646.42 
6513.7 3178.97 4939.44 4664.3 7649.16 
8131.1 1724.52 148.444 1224.5 4190.88 
4197.28 7885.82 8934.17 3801.22 7306.63 
5620.81 8429.08 7661.73 7011.33 1705.33 
1683.47 9123.77 3250.92 4190.04 2064.95 
1153.84 2452.25 1809.42 1122.65 5979.61 
8455.84 7636.35 9158.58 3395.26 2300.63 
6807.72 1526.34 4025.15 6956.16 2750.84 
8216.03 1153.43 636.645 7150.18 4954.65 
7943.27 2770.97 3383.71 5604.98 9782.3 
5089.04 7288.45 8906.06 8339.97 1478.48 
970.997 9493.81 3930.73 2780.42 616.434 
9910.34 1236.24 8252.78 9068.9 4631.5 
553.391 5876.6 6157.85 4578.54 2832.74 
8908.68 2794.55 3986.17 9545.33 9944.73 
8940.82 7488.58 2715.69 2324.52 3093.55 
2497.97 7413.56 381.986 1404.02 5753.51 
1860.47 2375.01 5247.3 5791.19 5155.43 
5863.73 5701.51 6391.67 4116.5 4770.39 
1023.15 4669.89 646.976 7180.99 9248.42 
3479.72 6089.66 2042.96 7465.89 5634.97 
1987.67 6406.7 3123.54 4703.35 8731.22 
6217.09 7201.33 6144.76 6599.08 8605.34 
1898.26 8459.54 980.338 7145.56 4250.72 
6135.77 3009.27 9952.23 2527.41 7125.77 
4722.6 3550.56 1795.64 5369.58 731.539 
1044.05 8849.3 6821.2 3087.01 6315.18 
2456.16 5074.68 2721.86 5579.69 9778.03 
1453.06 1796.77 6979.34 7597.82 8395.84 
5584.67 9496.08 6855.37 6565 6641.61 
1106.07 2700.75 9650.89 1058.28 5228.16 
6776.64 5780.88 8778.73 8572.28 1150.45 
9510.27 9616.33 9999.75 6331.45 2703.32 
6314.91 8787.61 7778 9036.76 4367.28 
7556.01 489.803 6164.05 4535.33 8087.62 
4559.88 119.979 7583.68 1415.23 6684.98 
4225.28 2521.29 9385.73 3876.15 3579.57 
4613.88 652.77 9360.45 3392.59 9225.05 
510.88 2902.84 8841.36 510.609 9234.29 
1544.67 6825.51 8021.88 9322.66 5862.26 
2389.14 6878.65 6352.06 8553.19 1413.97 
4439.67 3113.05 1533.94 2023.33 4528.28 
8218.93 6248.61 7049.57 7604.64 124.739 
629.12 2218.51 777.509 9989.57 5611.1 
2.54329 500.434 8513.93 8843.91 1011.04 
7748.21 388.558 7836.56 5770.07 9711.22 
3698.8 8159.21 6589.86 50.8451 6712.38 
8003.82 4490.51 9825.44 9537.77 6513.84 
4353.69 7756.68 2762.44 1403.24 5361.3 
2887.18 2032.36 7579.81 3664.69 2021.92 
3190.89 3667.23 2522.35 1704.8 2511.12 
3533.4 9453.01 2899.68 1369.94 5223.06 
2610.88 5068.74 3382.25 9200.74 5119.58 
94.6189 7204.54 9610.09 9920.05 6742.29 
6123.92 4273.73 4498.95 8886.36 5676.98 
9860.25 1773.52 7709.34 7440.04 5438.2 
9731.26 630.908 9105.43 2253.6 2335.71 
1616.53 5786.99 1788.71 4516.21 7156.93 
7011.77 7127.09 2225.65 394 6327.81 
7345.23 488.619 3532.33 6955.3 408.656 
274.601 3079.21 4682.39 4773.55 1965.55 
359.346 4633.78 3739.07 8068.69 2073.8 
9177.27 7799.93 2704.71 8282.68 53.5102 
5040.42 9899.21 5840.5 6829.13 4415.41 
2997.42 3840.87 1542.48 5223.06 4234.87 
7870.29 2568.27 4723.49 1402.6 9523.58 
5132.15 1677.2 2602.77 9814.54 6450.75 
4568.32 173.864 1084.51 8307.39 8242.55 
3158.31 7484.64 6042.46 5863.02 5767.3 
6095.97 903.423 5666.5 1936.46 7732.55 
81.8869 4933.88 1573.4 1624.36 156.922 
5808.28 9494.65 2725.2 531.754 897.231 
2248.76 5663.9 2574.43 4851.53 5478.42 
9025.18 9419.85 5652.28 109.669 7727.22 
3894.82 3267.98 5211.84 9937.28 9131 
979.123 6033.24 34.4051 6645.62 7969.7 
7766.95 6727.51 2903.56 9340.36 8351.87 
3060.48 5148.62 7846.51 5785.68 5680.37 
8743.74 8034.43 1344.26 1318.15 2885.94 
6822.68 343.308 2305.77 2474.94 452.978 
32.9748 6369.76 3720.96 5244.81 6307.02 
2851.94 6223.94 2340.25 2886.35 2869.54 
309.929 653.281 9597.05 3213.49 9993.64 
7948.9 6273.97 5142.24 5795.39 2059.63 
822.599 4539.11 94.0434 2166.86 5857.26 
2979.99 8989.53 6200.57 5285.76 1464.46 
6653.55 5318.74 7834.22 374.488 563.532 
4141.23 3226.43 6787.47 6481.47 6112.77 
9657.01 6791.4 6766.05 9254.04 4.87155 
6759.68 7202.93 6278.84 1901.9 2998.3 
8338.47 2724.5 7537.41 8432.51 4891.36 
3394.66 1412.48 3880.87 9595.23 6698.24 
5345.33 6248.76 2016.96 3179.54 6623.25 
2580.49 7320.76 9849.67 9367.96 3802.22 
5962.43 9024.95 593.603 2728.47 8278.98 
598.475 9488.14 5481.88 6877.31 1390.03 
8480.19 5215.76 4114.53 6017.58 3648.26 
9005.89 9412.24 5060.74 2886.75 9007.45 
1758.96 8232.08 5256.19 3775.92 1411.6 
1879.42 6356.42 8732.36 1729.08 5724.36 
2534.56 7691.5 4749.3 3128.17 419.954 
3028.25 3726.64 9908.1 8510.14 603.94 
1298.11 6990.31 5819.7 5412.64 3007.87 
9467.96 4418.51 2420.1 4528.68 7305.26 
1427.53 6287.64 5537.32 6683.72 63.5464 
6948.92 8563.14 6419.96 5681.27 292.201 
2144.31 8215.83 7983.71 6893.6 1343.98 
8403.66 9921.86 5070.63 8311.74 8431.98 
5674.57 9609.85 5422.27 1494.25 5022.47 
8430.15 962.197 9440.99 850.225 5490.88 
6746.23 2277.76 1778.5 2283.53 8961.48 
1842.05 9232.45 7524.6 8262.01 4913.7 
7816.8 406.3 3129.52 5800.49 7299.9 
4473.5 4204.14 7221.74 9544.13 2515.86 
5653.71 5218.68 2125.69 1075.96 6712.93 
7148.17 9506.11 7675.13 6589.14 356.316 
3165.99 3335.35 2634.07 4944.49 5618.88 
1595.53 6786.54 4851.32 9120.14 5048.53 
9765.02 6936.93 5454.83 2894.53 2737.4 
2754.72 7368.03 6941.54 9976.46 6912.14 
9457.4 5630.15 2130.8 1583.07 6706.12 
8843.74 8731.24 6212.21 6518.85 5320.36 
6568.52 9684.84 8655.71 9202.6 4629.31 
4274.57 798.113 1415.84 9125.89 9918.25 
6464.37 8890.9 6855.16 1919.19 1785.41 
9592.56 4673.91 9153.44 6534.08 4650.35 
6065.56 5991.46 280.489 8196.36 7574.53 
6986.61 7040.08 6305.75 3198.8 3558.91 
1626.1 9767.32 3243.73 281.789 8969.9 
7873.05 4556.36 9768.01 9288.88 3682.24 
9686.24 5753.24 2573.12 6541.39 7672.43 
4358.53 6133.93 2346.31 3511.95 2667.99 
6996.67 9577.51 8659.45 7277.16 7773.85 
6233.96 4263.74 4813.91 2539.7 7462.54 
8372.82 4165.8 7229.84 1616.54 4447.59 
6199.72 9489.58 9003.95 5967.72 8778.45 
2686.17 5653.94 4531.67 5259.29 2195.31 
2204.08 9617.82 8329.24 4550.4 3129.75 
997.215 1547.04 2707.24 9656.67 8824.2 
481.075 5890.61 3087.93 5294.99 8430.31 
550.45 3667.79 2596.09 7780.29 5284.32 
7043.68 3980 4773.89 6047.61 9947.71 
3552.32 8733.78 5601.64 8084 3993.06 
7796.95 288.059 3610.86 6126.18 4838.45 
6740.62 7123.39 6385.5 9447.86 6780.04 
5209.68 9928.94 2670.64 8297.61 5223.9 
1100.93 8848.06 8891.69 3697.02 6628.33 
4176 740.686 608.314 8949.89 6788.3 
556.012 2502.2 5522.06 6157.65 586.174 
9515.12 3954.59 874.233 3125.97 80.7517 
5712.69 9866.59 7204.15 2098.17 9314.43 
3984.17 7307.85 9243.35 6654.81 5605.44 
4467.23 7755.74 4453.48 3358.91 1452.75 
1081.8 7534.91 2193.43 1690.11 6484.78 
8981.73 2246.12 8986.98 4503.77 8403.78 
9573.15 4018.88 2358.35 447.366 7144.84 
2439.1 6160.05 7011.41 9643.25 8258.22 
6325.82 3627.4 5566.06 5569.16 282.188 
1171.48 36.3739 8037.93 5624.96 3395.28 
9490.68 6706.76 930.177 1684.09 8396.87 
7414.96 665.805 642.971 6401.92 5169.58 
9046.75 5975.05 9188.46 1405.08 6422.42 
6333.28 3844.18 2582.45 3344.68 3487.41 
840.658 9670.5 7114.8 6406.71 5239.64 
7396.99 7578.19 5276.01 5434.9 3203.14 
8671.3 4925.56 9909.89 9601.47 6609.66 
8306.74 7016.42 7275.46 8949.71 3418.32 
2445.02 7996.44 9393.37 1633.46 9401.52 
5815.76 7966.74 3245.68 8398.22 1311.4 
