2000 5
6023.72 755.349 420.43 8686.72 4532.6 
6300.01 4051.44 2488.45 4.45928 2779.04 
502.987 7055.53 8699.86 9939.76 6578.19 
1451.34 5548.69 2472.98 8706.91 6300.98 
7078.35 3145.61 7689.19 3030.38 9939.35 
3740.03 560.275 1103.55 7936.49 4528.37 
3719.01 3960.2 5283.72 4139.44 2646.9 
9816.32 439.436 6698.35 2304.75 443.896 
9477.39 2807.74 7499.43 8177.23 2747.48 
4077.6 9628.56 8296.18 6550.58 8335.46 
4597.14 3628.91 1481.05 2286.31 6659.28 
1420.38 6026.34 7219.56 2523.93 3962.82 
1747.91 6242.94 7923.02 7031.64 382.361 
569.903 6847.94 821.797 7268.25 9152.69 
1265.69 6745.62 1960.41 8765.12 4922.83 
4707.89 2842.7 4551.38 3004.05 9393.28 
2886.82 7601.19 3022.17 4367.87 9887.5 
9681.45 5788.25 5913.82 6900.99 8312.18 
9876.64 8648.9 4555.1 7799.64 5680.52 
4937.46 8369.55 2528.44 5759.26 5637.78 
1681.11 7024.95 2383.38 3641.52 5790.05 
7306.21 8349.4 8632.75 1857.56 1353.43 
8026.01 4744.38 8954.62 1048.16 9112.25 
8842.1 729.596 4900.48 4755.9 7630.58 
3212.64 4632.53 6279.47 7767.74 2432.16 
1959.97 2705.19 801.685 4488.42 8464.44 
6439.46 6169.53 5489.38 8822.84 9811.04 
1279.41 6129.03 8160.43 9912.17 7986.59 
9513.87 7938.17 2730.96 8468.47 8986.33 
1843.19 7310.55 9715.93 6743.67 2066.44 
7346.49 9956.31 6698.97 3625.95 7724.04 
9131.12 5585.92 429.203 9932.81 74.3199 
8893.65 6372.25 6243.85 4383.01 5195.08 
6054.88 5662.42 1324.09 4215.29 5574.57 
9310.69 3729.14 3512.72 2041.63 2197.59 
2499.03 3884.82 9508.15 2214.94 628.472 
1574.57 9561.44 584.767 8273.53 3187.36 
8308.8 7404.64 8773.29 8738 7337.43 
8847.61 7631.63 3709.66 5091.44 2014.63 
8904.74 1146.3 7677.05 228.815 5361.59 
3251.6 9539.5 9090.73 6764.32 1581.11 
1288.31 9263.36 5465.93 796.434 1478.28 
6094.4 2371 1039.7 6679.17 644.516 
4227.07 4987.95 8049.15 3000.33 3725.94 
5386.56 1847.92 1357.56 9096.23 6939.36 
3372.18 8000.95 8085.65 1049.21 8229.77 
3447.23 4300.82 7769.25 2537.94 1065.12 
9350.36 3826.24 328.461 4816.27 4622.68 
1806.74 910.659 6993.68 2846.44 7589.83 
7638.19 7073.51 2577.76 5687.33 73.8261 
6303.7 1073.88 1921.75 7661.26 170.09 
8861.11 1033.43 8171.04 6946.75 2082.64 
6400.79 393.954 6383.46 4170.03 2931.89 
7448.58 3520.37 6758.14 7777.04 8336.65 
1380.8 9583.78 9247.31 8374.48 2430.21 
6837.12 6012.65 9503.72 9414.88 1699.97 
9577.54 5718.56 2773.84 1499.28 3379.81 
2943.93 360.366 4413.23 1114.96 7307.11 
6495.87 7515.75 7701.07 2879.31 1685.77 
632.941 327.873 5206.14 7391.08 8104.91 
3542.77 8771.87 7688.68 2790.06 7146.33 
118.868 9627.18 3158.97 9622.58 9042.04 
4858.93 9200.11 4760.58 7632.78 699.37 
8140.39 576.695 1059.74 2553.61 1691.65 
8366.85 9049.48 9207.41 6067.9 1928.78 
893.157 6700.84 2256.65 6099.3 4091.9 
361.546 9642.07 2863.75 8050.22 2432.11 
10.0685 8169.09 2059.27 3169.04 7791.66 
1101.29 8027.97 6991.75 5861.87 5660.73 
7691.12 4002.24 6237.43 8750.86 6555.85 
7929.08 7117.69 5605.32 7136.47 3185.57 
7534.09 8029.63 9886.41 9790.75 4128.91 
3978.29 152.274 3770.96 6842.04 8202.5 
6203.07 6852.11 6371.57 8262.34 21.126 
4163.21 9363.63 8049.1 1154.95 5225.48 
3709.81 8846.07 9227.73 9947.24 7596.91 
5783.56 7876.3 4714.59 1388.86 5012.76 
7900.16 8922.96 3042.37 7786.54 8713.68 
7171.28 1764.81 8865.96 942.225 8606.85 
7068.44 7145.29 5458.94 3439.99 5407.62 
5480.07 7603.2 4771.23 3529.14 8758.15 
9996.71 7238.96 7604.2 9224.42 7186.18 
5201.1 5007.96 5062.46 9915.69 6396.82 
75.2008 7815.82 5319.76 3117.57 5602.35 
4033.42 288.836 7367.16 2899.36 1231.06 
5974 9967.8 8376.36 1432.92 3407.77 
3783.95 6912.98 1010.95 8555.18 442.111 
9769.1 8551.87 7681.07 7373.29 7776.27 
4867.23 2574.37 2784.21 9929.69 2490.04 
9181.03 4.86944 305.845 4500.77 3122.44 
5908.2 8534.19 3411.28 3275.34 1433.54 
4642.34 9249.34 1401.32 3018.68 682.238 
4809.09 6802.63 7595.22 5820.04 5357.8 
8037.33 5589.13 3909.65 5718.38 2962.4 
1685.9 585.591 5536.77 4470.11 515.259 
8026.8 3651.12 520.129 8332.65 8151.89 
3642.57 4240.83 6686.07 7053.85 7516.17 
8119.61 1696.17 6765.49 9520.93 4714.85 
7447.73 4330 1517.46 5042.93 150.03 
6875.26 3080.25 5739.16 784.89 8798.63 
8701.56 2470.79 9384.22 4238.31 6940.9 
9899.48 2265.09 592.009 419.59 597.724 
8743.9 4062.16 4838.55 5429.95 1115.99 
2354.7 3549.54 2812.16 9120.19 3070.46 
7527.01 6567.9 7400.46 9044.47 1610.81 
7550.49 5919.71 4691.06 3289.63 6704.6 
3489.67 1991.17 9175.39 2873.87 6229.47 
6116.28 2773.33 8494.57 6708.29 3192.92 
9092.29 5452.17 7255.08 3930.82 882.109 
8371.07 6285.53 4431.65 1183.21 5405.7 
7502.11 8710.22 1973.58 4902.55 7754.68 
3584.4 2453.02 3674.37 8275.46 5742.65 
378.957 1765.11 7733.82 9554.35 4638.98 
3963.28 5670.61 7412.31 2457.83 2378.88 
605.21 1550.1 7831.05 7860.29 5480.93 
8713.16 6231.34 1766.44 3144.8 7414.56 
7172.14 646.893 6124.76 9145.72 5549.44 
3879.42 2730.1 8002.47 7553.79 1005.54 
3745.1 7932.75 2770.65 1478.91 7487.08 
7409.62 5442.19 3157.68 4821.91 7900.02 
5536.56 5427.12 9450.12 3367.6 3287.39 
4931.03 2080.75 9518.74 6697.46 5225.54 
6933.28 3869.58 5872.44 3058.02 3015.29 
1421.87 6937.45 5745.39 9424.33 4491.22 
6750.93 3169.42 2423.96 9521.57 4648.33 
9911.04 6931.18 90.505 3068.71 1753.07 
7990.52 8605.27 7180.19 7440.62 1972.85 
467.571 2371.64 4053.6 9986.31 9069.1 
9279.14 6919.57 2938.66 5151.56 9977.59 
5953.95 6573.43 6915.02 1699.32 5997.75 
1406.23 8450.25 9167.17 3830.19 7971.8 
3815.48 3741.21 4902.96 3905.99 6809.92 
6656.04 1896.49 5415.17 3836.21 9337.12 
7388.03 4303.78 1708.74 1441.61 4290.07 
777.819 720.734 1209.63 3716.48 5872.3 
1187.2 9670.43 2445.71 8102.22 1369.73 
8443.46 9508.45 9819.98 7610.61 3338.62 
7791.77 1426.07 7079.83 2694.71 5332.06 
3889.74 9350.75 7228.56 9304.91 3186.94 
6565.66 6692.92 7490.73 8274.4 8134.53 
1780.78 9052.22 8855.26 2990.41 2768.68 
4727.54 4177.61 2439.1 7173.25 2279.81 
3808.83 5616.69 1788.25 3628.8 3227.28 
5126.87 1420.54 4653.36 2206.68 4115.26 
9985.42 6096.42 3465.99 7213.96 5401.31 
6652.93 3779.6 2094.21 4143.64 2053.98 
228.72 5924.42 1106.18 9083.98 8914.83 
3874.86 3811.5 3092.42 6313.96 984.74 
5372.23 122.773 6601.43 7160.48 3751.57 
9828.71 2287.33 5172.11 4482.06 4494.01 
9287.37 4467.46 590.41 2753.34 1681.4 
5991.72 9406.27 5461 8085.93 3549.89 
7514.98 8314.65 9474.31 8621.16 7398.61 
8389.12 2496.01 1210.1 1481.52 8809.96 
2194.84 6853.76 8932.74 8796.27 4014.22 
2684.29 8624.97 6301.55 7856.4 3107.01 
795.545 7143.75 7574.46 1385.96 9897.09 
9255.87 7377.67 9303.34 4716.85 5463.59 
2853.21 2231.81 3778.22 2327.5 852.958 
1176.81 716.598 3348.96 2386.91 2198.12 
2158.91 4581.75 9051.88 1091.63 3378.01 
3066.08 3775.92 2002.96 9367.63 1632.31 
5109.97 163.157 8776.06 2684.42 1549.11 
8673.14 1940.26 8926.79 7976.46 6657.11 
4390.36 829.655 8888.92 8168.58 3157.15 
9741.88 9345.39 3873.75 3090.83 1732.29 
6071.87 5249.74 6314.04 5123.73 6341.38 
9692.05 8189.81 117.285 1694.99 7557.42 
1749.6 6804.96 7720.58 525.643 9489.37 
9269.69 9198.78 1429.62 8196.46 7175.23 
8086.73 2586.8 8004.88 6975.63 755.354 
1162.02 6717.5 100.727 5035.77 9808.33 
1833.01 1107.62 5058.05 8147.05 6231.35 
1399.42 7839.08 4421.13 1516.7 9534.07 
1978.54 3266.29 6339.01 9699.11 3791.94 
5828.37 8968.78 2990.7 7257.98 7165.22 
165.914 5344.69 9752.02 8170.8 2320.31 
507.353 9332.81 9037.81 608.08 4368.56 
8846.12 2441.09 5476.18 3904.16 588.128 
1707.51 5303.58 8427.21 6128.65 6820.28 
7961.27 8107.18 86.5534 4300.26 7806.28 
3878.49 128.608 6775.04 6869.19 7386.59 
3940.25 7035.11 2731.27 3692.25 5205.89 
5051.58 4199.6 4538.68 4089.37 4807.68 
8907.25 2935.48 7248.77 4383.42 6839.64 
7836.9 6090.93 2143.2 6264.09 2219.56 
8963.47 4225.34 326.727 9050.03 8525.6 
8133.01 2928.5 8654.21 4908.03 9797.7 
6040.78 8848.28 6832.79 8772.05 2540.51 
2038.66 3823.61 6740.11 6577.34 7912.99 
1547.77 5484.57 848.449 8796.54 9867.99 
7688.09 6633.43 5958.9 9831.29 2897.5 
8178.46 8794.75 7122.85 8505.19 7844.76 
5648.43 6638.18 773.241 4302.63 1546.19 
570.92 343.396 394.454 7403.71 9115.45 
2934.96 9442.36 2939.04 9675.07 6019.68 
852.015 1222.82 1504.24 1700.46 19.3488 
1372.21 9388.55 6652.78 7331.11 9219.83 
9550.28 5509.55 8014.55 6673.11 4014.72 
5859.29 2321.53 652.884 6632.54 6624.16 
2199.08 7203.45 6967.55 2593.53 4607.14 
6082.98 5528.49 4049.49 9022.03 5203.54 
69.1538 9874.04 6426.37 1573.39 1574.49 
6445.72 2945.6 963.028 3098.48 276.695 
182.836 2648.74 5786.25 8197.39 9321.85 
9800.97 4056.67 1643.36 453.84 689.186 
8267.52 2652.92 7892.64 5235.05 5246.45 
2499.77 1318.02 774.922 6549.25 340.03 
5978.47 6618.41 214.056 2404.82 8191.8 
1788.55 8850.53 1137.39 2751.57 1948.99 
1414.08 2934.41 4597.73 7200.33 1131.78 
3919.56 7001.28 5188.45 5562.92 7455.12 
5877.64 3830.43 108.024 3770.26 9065.48 
5354.47 6270.03 383.48 6129.39 2819.27 
723.51 2107.84 9437.67 937.566 4512.66 
7629.46 2726.11 3363.18 8766.84 5477.69 
5312.17 180.906 8412.1 9909.9 7381.23 
9543.88 3829.45 4382.5 4732.32 9392.37 
1837.61 609.938 3222.78 1945.63 4380.2 
2288.24 7300.1 650.211 2671.72 3429.48 
3469.48 3395.23 5537.32 2907.13 4332.8 
49.9644 536.574 7058.91 3413.14 9303.42 
2536.58 8725.31 9484.32 948.661 8635.19 
6865.54 492.527 2464.62 1248.02 5224.84 
1856.97 3085.63 5834.78 5079.75 5031.27 
214.965 7367.99 2331.35 865.176 39.694 
5760.83 4334.65 3434.92 1298.14 7241.79 
7767.72 1348.1 7778.36 4826.61 4761.24 
7081.76 7363.19 3486.54 6566.07 8311.85 
2121.71 3431.59 8804.38 4586.33 4679.62 
4029.2 6443.31 7765.25 9863.99 1523.04 
2796.5 78.9347 8891.04 5127.85 944.111 
8930.73 888.668 5278.76 2365.64 2186.8 
2520.53 133.337 3534.91 298.879 4959.95 
8296.15 7380.64 2323.12 1782.67 3946.69 
634.955 3904.38 7378.28 9439.33 8490.71 
2057.88 3468.52 4934 9823.13 3332.49 
6457.05 2619.62 3411.43 5348.06 7747.47 
4355.54 4278.78 8636.14 9634.3 6644.41 
822.925 2154.82 6777.75 4357.83 2453.7 
1737.68 2653.96 9834.34 4060.8 4436.63 
3781.01 4695.76 8341.01 1159.28 4135.07 
6831.7 3217.16 7603.59 1765.69 3040.28 
936.065 8222.73 5659.9 4347.49 3570.78 
3407.35 8703.03 7849.55 2043.47 8337.31 
4493.95 2866.39 492.109 1271.68 7224.23 
2945.8 3009.36 9878.19 2780.13 7070.16 
4314.8 6561.14 1765.9 2655.79 7720.42 
5900.97 9487.49 937.565 3504.54 1253.16 
3977.85 4440.61 9475.89 9637.74 8788.1 
3046.65 3045.08 7491.11 896.184 5088.55 
5828.4 5390.13 7954.94 6320.51 6661.81 
5179.15 9266.31 9671.17 5057.32 2046.42 
6741.32 9372.12 8607.56 8507.21 2027.89 
6327.96 4408.17 1515.36 7265.53 7912.71 
2768.52 1243.36 2353.3 2244.39 881.082 
1141.38 5291.04 3926.16 8632.49 6187.22 
9014.71 4460.87 1577.34 6969.63 781.362 
8239.15 2148.76 47.6572 7910.3 7206.08 
2094.08 4651.6 6578.18 701.62 3158.8 
8606.07 7029.58 7566.96 121.414 4295.09 
5479.66 2889.93 5538.45 7832.96 5134.32 
6419.53 8974.34 425.342 345.67 7606.81 
6612.56 9360.38 2067.67 8189.9 6329.99 
2849.03 6429.03 8478.75 2896.69 4339.32 
5684.81 4990.77 8990.92 2262.97 5692.39 
2149.7 869.028 2721.95 9716.67 990.442 
7017.04 5196.31 3880.38 2555.47 3029.25 
9014.7 8975 2003.57 9440.04 9320.67 
9610.39 6052.58 8681.03 1678.04 4242.47 
5010.99 4527.07 671.478 3489.72 7423.76 
5010.79 9174.54 2414.51 4001.7 1437.49 
8106.89 6151.4 2306.52 828.826 5868.05 
3296.96 7845.87 1064.34 7177.34 401.318 
4093.59 6192.02 9376.32 6097.16 5632.04 
8696.97 5707.53 1684.61 7377.97 7385.57 
5927.07 2388.95 1912.62 6598.55 5878.68 
9336.38 1609.33 5053.19 1750.87 5611.02 
6490.69 9857.76 1762.41 8797.21 686.573 
7630.45 2094.15 8532.44 8694.79 9271.49 
8933.76 2788.36 5463.49 8310.06 8885.52 
1095.51 7007.01 4593.03 2780.12 4384.96 
1978.58 8707.19 6773.91 3891.21 5305.72 
2652.57 3227.57 6915.05 7705.77 4978.44 
2526.06 4196.44 4836.19 4288.46 2993.63 
5522.76 1918.9 5087.78 4055.18 613.674 
4359.26 2988.92 3402.03 9822.75 1298.96 
2287.53 918.243 8305.97 6880.56 3698.36 
2690.92 8859.15 2405.53 9464.83 2750.34 
7711.26 2117.39 5977.91 4626.29 9823.15 
956.328 7152.35 4019.58 5792.52 1440.79 
7013.2 1315.26 3359.69 2100.97 5370.44 
3973.37 6460.23 8359.37 7375.4 6282.96 
9658.33 9662.93 7201.2 7964.29 6543.48 
899.545 655.184 5402.61 3305.08 119.996 
8152.95 1016.32 2237.38 4130.84 5642.61 
2060.52 5087.17 2794.94 6080.09 879.665 
4235.73 3093.28 2194.93 7595.42 5194.25 
7565.37 1568.78 1654.46 5924.72 8944.17 
7937.42 5583.04 8607.09 5138.6 3547.31 
5150.56 6038.15 4202.49 553.152 9343.23 
4322.49 8706.1 359.527 6559.87 2836.92 
6002.14 8620.39 7924.09 8797.07 4700.46 
8803.75 3032.79 7793.75 998.659 628.196 
2987.98 8564.03 2196.97 4642.44 4488.73 
1141.13 2579.84 71.7561 9748.22 7718.44 
3619.06 4898.76 3756.57 7821.56 5451.91 
3099.78 2144.03 4158 3459.31 8703.9 
6994.92 9461.44 7324.27 4918.98 8258.5 
2024.71 3722.72 1291.27 9818.46 4721.38 
1919.47 2806.43 3285.39 4116.44 7448.87 
7774.12 5257.57 28.6954 7845.88 5005.77 
7747.14 1464.93 9904.53 1503.7 9286.48 
5356.43 4603.48 1430.49 9514.42 8062.79 
134.371 6509.32 7524.22 7458.64 1428.29 
5782.7 9483.35 5151.01 7073.97 9301.8 
9872.39 8993.44 2108.21 3157.76 3109.86 
9557.08 931.862 8367.43 9585.77 8777.74 
3373.19 7332.89 242.648 3277.71 8836.59 
9529.13 8634.13 3440.05 959.604 8148.54 
1502.82 1093.97 4657.85 9027.04 8552.61 
6086.14 4809.72 8035.95 1237.13 1883.68 
7337.73 1109.5 877.101 9445.93 4267.26 
3986.97 9002.99 5199.12 2354.38 8588.75 
3976.84 5727.57 5921.62 4219.49 9005.28 
4758.19 3748.6 7639.4 8198.25 4708.21 
5787.92 9701.07 5802.18 445.754 8728.09 
4354.78 6531.89 3537.79 2390.71 7769.03 
5421.47 9728.44 8878.53 6298.57 9174.35 
3145.77 285.519 8177.33 8344.89 2639.9 
6766.06 2321.71 8367.47 2687.66 6541.2 
7372.74 7445.86 289.789 5012.12 5644.09 
4998 800.021 5345.14 800.161 1245.77 
4073.21 5154.94 7777.67 7611 7545.65 
5546.68 3032.46 7274.07 4425.19 9331.03 
6448.41 7570.96 9616.55 4625.72 5915.82 
2256.43 1391.76 8237.54 623.888 4079.43 
4778.72 7996.62 1525.27 5068.51 3008.72 
7169.36 66.4903 3808.75 2514.48 866.651 
5054.52 6587.69 6021.59 2832.17 4198.68 
3567.22 8378.85 7231.14 841.272 2804.02 
6562.15 7289.68 374.957 6178.68 1915.38 
6290.78 8435.11 3307.14 4528.3 9059 
7386.57 9307.02 7055.6 8911.84 4375.52 
64.3115 6081.18 4442.01 3873.06 8595.66 
5308.66 8927.58 5183.33 1330.23 1759.73 
9382.02 4897.46 138.563 6613.14 5738.73 
2942.58 3175.27 3028.39 3317.54 9353.95 
4943.77 9608.32 7789.04 8250.91 4136.61 
6848.02 5637.46 3443.61 3903.6 4549.28 
7819.13 3967.92 630.439 2261.12 7840.97 
9226.1 7569.79 6768.53 4409.41 8900.02 
8528.26 3791.41 3797.46 8666.83 404.532 
9536.18 1609.39 3579.8 2564.55 4926.93 
2933.73 7508.32 4535.24 722.751 5759.22 
8671.84 7570.77 1396.66 2115.44 1474.35 
5945.94 9934.57 5442.27 6576.38 2195.68 
3283.23 5802.46 9765.47 51.7412 211.852 
8665.47 8580 4003.26 2462.91 7246.81 
4407.8 1999.08 8856.21 7987.6 4563.63 
3783.12 921.31 2071.94 8318.36 1644.06 
7831.15 6990.18 9214.83 9227.81 9105.62 
689.166 5173.73 9040.18 6131.44 1750.09 
1235.85 9414.66 7552.55 1001.3 9466.4 
7764.4 9666.77 8046.39 1767.64 2129.66 
5293.19 6175.44 4128.73 4149.38 4163.02 
8692.37 7932.5 5084.33 764.286 6250.84 
6728.39 8595.44 3241.01 5943.2 7823.23 
2346.61 6632.37 2996.95 1386.78 2763.79 
4747.04 2622.63 2178.44 2299.57 3623.92 
1644.82 63.9509 3290.67 9691.21 1831.6 
5420.33 4984.39 8007.04 9549.06 9133.76 
2170.04 8241.41 7066.25 7254.37 9005.7 
3317.07 3982.74 7601.12 6558.08 9925.95 
5424.34 8904.69 6558.3 8421.29 291.453 
9322.09 3168.31 2914.08 1500.51 5467.88 
6538 3145.33 5531.83 9828.67 2836.53 
7363.42 5248.98 7820.91 5370.44 4798.03 
6954.66 7540.48 3039.42 4020.89 4794.83 
2045.1 7337.96 8777.58 9646.22 3896.02 
8703.51 5070.54 2800.69 5261.79 3491.81 
3092.14 4583.86 6660.12 6006.22 6084.37 
2127.98 2544.21 9229.7 7659.81 2372.86 
2066.21 5023.22 7621.84 9887.12 393.644 
2419.85 6841.76 7934.13 5459.28 862.628 
2728.94 7504.38 8200.58 1506.51 7150.59 
2096.58 209.998 2221.12 4897.27 5471.79 
5712.93 7989.42 55.6349 2373.03 3995.62 
6140 4501.02 6539.83 5369.69 2160.81 
8912.69 7435.89 7184.03 6534.52 7322.99 
7577.67 8954.37 4164.74 5511.78 4413.63 
5027.36 8240.73 1918 3227.93 9747.23 
9068.59 5324.51 9957.23 1289.69 221.769 
5429 7002.62 8211.19 5484.64 9375.65 
2206.79 1624.62 3876.65 8746.62 6994.31 
6037.46 7659.29 4430.19 3221.47 4193.79 
1753.17 799.126 3148.14 5917.9 6310.91 
7561.78 945.247 4551.62 9479.77 4173.18 
4298.83 8548.34 9497.69 4256.04 9838.03 
9719.46 9685.05 6840.63 7930.63 5169.67 
6216.27 137.403 6794.29 92.9028 8884.02 
3788.58 6130.36 6543.3 8218.77 9351.83 
737.071 9971.94 150.944 3885.22 5889.82 
6461.85 1446.97 6835.07 1013.45 926.731 
1008.23 5312.28 9475.08 505.904 9568.33 
9313.09 225.346 9253.36 6153.71 8155.98 
4423.01 2369.96 8293.38 1217.28 2462.86 
7177.38 5005.87 8593.22 3720.67 3224.62 
7945.04 4457.74 3196.54 8095.99 8342.95 
9086.37 4557.82 9789.93 5921.42 5571.27 
716.641 6929.65 883.541 191.699 7435.55 
451.854 9504.79 7660.9 9705.21 5658.48 
5816.86 4128.2 8028.44 4110.22 5345.49 
491.282 1287.59 351.335 9084.51 5008.25 
3575.96 7029.53 9465.99 6772.5 5125.5 
7808.92 5858.85 9683.32 7598.83 1780.25 
5254.58 8315.47 8709.9 6138.12 8507.17 
6145.44 6589.98 8011.95 3806.32 6295.17 
3670.41 9623.18 423.359 1698.83 3733.38 
5768.84 2190.11 5020.97 6120.18 1274.6 
29.2013 9696.14 8304.14 9495.19 6468.62 
3429.62 7304.09 2327.46 3112.93 4902.91 
4107.71 8367.51 3218.37 2817.6 4505.62 
1725.52 8963.04 1095.58 9737.47 2769.34 
7390.75 3407.86 2392.5 7814.11 5106.69 
6125.88 3582.93 7296.8 1146.83 9703.12 
8571.4 1176.03 9399.24 6875.52 671.207 
5867.84 305.127 7975.3 8195.3 3418.06 
2878.19 2302.99 1785.55 6096.56 5120.59 
6291.16 7822.08 4083.61 7386.74 7559.53 
6852.95 4777.47 967.377 9245.45 2591.56 
6074.07 5371.32 6174.49 3370.85 6518.15 
5877.59 1942.24 7694.19 5276.81 8817.76 
8365.39 1144.63 9122.89 6340.68 9339.93 
2540.93 9218.87 1642.91 4326.48 5315.42 
6763.5 617.623 3137.48 847.09 8004.36 
696.998 7700.04 2781.81 1664.37 6945.48 
5373.37 7738.44 2316.78 1547.85 1109.28 
8834.93 7425.44 3051.51 6529.1 2702.24 
1869.26 4894.48 3846.87 992.132 1235.14 
3186.79 3533.06 453.992 4829.7 7859.54 
5769.41 1593.18 8477.16 8906.89 2440.27 
6481.5 9603.89 140.289 9263.32 1268.24 
7085.76 4636.68 9006.68 9402.54 6184.53 
115.942 8237.45 3609.96 3167.46 4766.54 
6312.19 5036.72 9661.01 159.05 6028.85 
896.131 3345.84 9561.91 1350.12 8175.53 
7421.43 7119.53 9768.71 5898.57 6026.4 
2208.96 2380.06 5630.27 2349.25 1643.36 
6898.52 9435.01 6280.04 5905.18 8837.54 
2464.55 6021.12 7074.97 6074.51 9188.58 
1841.49 2386.68 4225.28 1502.49 2545.73 
254.111 2398.62 5891.57 9816.02 3748.74 
4067.09 7237.43 868.253 3835.78 3135.98 
6894.66 6044.74 5516.04 2524.91 8393.99 
7159.4 9423.42 7828.99 3439.43 5328.59 
6666.51 5903.98 1349.7 3741.47 1978.47 
538.26 5582.96 4365.15 4763.54 7085.44 
6910.89 5017.65 9484.06 2802.44 4833.65 
3232.78 6869.53 2071.07 4101.04 705.297 
5207.05 995.674 6750.04 723.079 3520.58 
5144.01 7882.48 2943.99 2972.99 1321.89 
8272.58 9639.5 7225.87 9622.28 3380.94 
9204.34 160.523 8963.9 3569.47 4924.06 
6049.33 480.342 9941.71 5533.37 3282.78 
4775.35 8766.15 152.299 6846.42 2867.17 
857.596 2053.46 3862.85 7607.64 2776.53 
7383.43 2751.63 659.001 327.405 5724.62 
1980.89 8599.99 5364.1 9206.76 8222.25 
8745.04 8411.08 8382.77 7708.93 1980.54 
3306.82 3758.24 2460.88 3248.51 9291.61 
5743.66 8023.87 8057.75 5895.96 4870.27 
924.902 6753.56 6923.72 4787.75 4361.18 
9700.26 2171.16 7112.81 359.241 2498.57 
2837.42 2340.13 1098.54 8201.52 1546.88 
9320.79 6946.55 9957.96 7703.54 4655.46 
1938.48 1010.34 8413.7 4399.36 4258.86 
7705.29 143.009 2282.71 5763.02 6038.97 
7152.97 6687.93 2792.52 4076.68 1475.66 
7153.69 3776.92 3646.82 4266.49 4136.16 
6145.38 7103.91 6476.3 7243.92 5305.41 
8023.18 6564.69 2251.94 7981.12 4268.21 
6907.4 9919.6 5278.55 5321.08 4318.95 
9537.41 3026.36 4461.96 1820.1 8789.38 
500.915 8973.07 5477.29 3293.43 3049.73 
6952.95 447.109 6826.65 599.749 4713.6 
962.796 6745.13 1817.49 7439.09 3989.03 
7122.9 5462.25 553.702 9374.84 3443.36 
4821.91 6282.22 3362.94 100.446 1603.29 
7681.9 9637.85 4629.64 2143.84 1457.93 
3419.01 2644.75 430.985 8896.3 5938.18 
3480.72 5849.23 6385.29 307.352 6448.98 
1098.88 1270.15 3194.09 2916.37 8709.24 
7183.13 39.2551 4171.48 7736.83 9414.1 
7614.83 2558.72 5696.3 977.76 2659.17 
7299.59 8659.65 2297.01 1929.21 803.474 
3754.94 5348.22 3448.23 4185.93 4244.5 
9386.41 7666.64 93.7193 5771.69 7973.99 
6542.7 6870.56 9244.14 9736.79 9786.93 
7953.37 6919.9 9826.19 2124.82 4656.72 
9240.26 9739.66 7215.44 4936.55 717.4 
9874.61 2236.12 9377.05 2171.6 4165.34 
180.511 5926.54 9513.56 3628.74 112.446 
3758.05 3015.13 7779.09 3851.77 8786.82 
5753.07 394.449 5657.36 4997.19 131.226 
5444.27 2950.54 7051.13 5270.44 5075.36 
1707.83 4510.69 4815 8923.27 9447.24 
5532.4 8797.86 1683.35 4909.44 969.441 
5848.68 5089.95 6895.98 5362.23 8718.69 
7008.43 9120.27 1733.81 4787.5 2972.02 
520.606 540.545 3366.47 6177.97 5537.74 
3497.7 1622.22 8488.28 548.814 6892.67 
3563.62 2256.64 1403.34 8378.63 1179.89 
850.563 3911.02 9977.75 2533.91 8820.46 
947.178 8382.59 3910.39 7843.16 3744.81 
2629.07 4851.57 2865.06 4362.87 9639.06 
5837.09 4883.48 179.592 9203.56 1061.43 
5717.33 2701.25 2683.65 4205.59 3250.06 
9576.32 7769.21 5506.7 979.64 6147.82 
6686.6 1830.2 58.8224 6664.33 4364.11 
8879.28 7611.51 2746.69 2789.66 5454.65 
6491.5 5418.72 306.202 9356.56 9781.6 
9945.26 5193.63 4665.06 124.839 4397.18 
5726.49 5842.17 7098.42 8410.14 47.7374 
348.462 7986.44 7816.95 5855.16 8966.08 
3964.76 2541.74 796.266 4023.58 9206.08 
5160.38 2902.84 6817.57 7907.07 5692.5 
2272.21 4398.55 1111.2 2578.41 3755.1 
892.781 2523.66 8948.73 5557.84 2648.5 
3345.89 1284.31 8490.66 444.288 9694.45 
8538.4 792.751 7680.87 6355.33 6647.92 
6646.93 320.07 9189.66 7443.2 4343.65 
8395.72 2603.56 7246.49 5213.27 510.617 
2938.97 7485.48 4909.17 4050.17 63.8705 
8664.26 4942.95 2587.53 7612.97 500.773 
5236.02 958.842 1785.08 3726.67 1403.13 
1479.51 2265.05 2195.88 9160.38 8620.38 
8843.8 5807.3 8940.45 8033.44 3250.48 
3284.08 6429.14 5854.04 530.553 1642.39 
6364.66 3469.52 9127.87 1273.81 7519.69 
9191.74 9938.08 2462.62 1779.25 7551.03 
2963.4 7015.28 8509.87 4748.48 741.926 
9913.01 6227.99 3006.98 2108.87 5388.35 
1627.34 952.649 1195.63 567.775 8986.09 
4446.11 3851.86 5415.21 300.134 4382.41 
7057.6 6664.79 7851.93 6185.46 7938.6 
5371.6 5377.19 7876.66 7834.23 7156.44 
5427.68 797.604 4171.7 3937.53 5546.08 
4913.63 3850.52 1774.05 7920.6 5959.39 
7162.4 9547.94 6912.04 8358.03 115.701 
5898.11 2804.13 3967.56 1313.3 3104.26 
8349.97 8370.91 9769.05 6201.88 4556.35 
7707.64 1573.46 9933.54 5584.28 9407.69 
7089.96 1011.94 205.277 1261.65 4949.47 
5751.36 6175.28 8799.99 7525.41 4095.86 
4759.37 4687.79 3643.79 1671.39 3045.81 
3759.49 7569.5 5849.93 7727.05 8882.8 
8954.19 6077 7253.69 8723.23 2278.86 
1810.02 6430.85 3852.32 1743.54 2015.11 
3260 8833.5 3027.05 3465.27 95.1364 
7976.52 9216.63 6270.41 6776.49 6742.02 
366.258 1535.84 1429.8 4010.05 3207.23 
4475.6 7769.54 776.709 325.522 5496.56 
9659.51 9279.72 1573.54 6913.18 8002.93 
3852.4 8723.2 4433.76 7704.73 466.72 
6448.87 964.705 9300.22 9475.92 4429.98 
9395.36 7452.42 3646.59 5665.76 4228.89 
388.594 6032.01 5764.73 1818.39 42.0431 
8971.96 6293.99 7811.58 9748.67 6619.52 
3308.13 9408.16 5899.22 4881.67 6321.32 
3902.13 8734.07 5044.5 8335.88 6438.78 
5511.22 4784.73 7403.49 4811.43 4260.63 
1833.45 4206.77 1713.03 5480.04 9872.53 
5941.92 5868.63 5904.53 1706.64 7687.02 
5946.57 678.583 3981 3758.13 427.238 
600.501 7066.26 9835.4 6499.72 1947.91 
6156.71 401.826 681.967 1201.19 8737.71 
7120.75 6712.41 3522.43 4524.22 1523.82 
7783.06 6357.67 5730.6 9496.09 1837.7 
5603.11 5437.99 7706.33 1507.62 7144.63 
5393.34 7454.19 7823.21 9374.34 1212.3 
8250.45 9974.84 8278.55 8085.84 6474.54 
226.447 4242.53 6876.36 908.414 5443.72 
5614.06 8029.17 2156.11 9136.48 2553.37 
3679.94 6919.52 8911.04 9410.54 6415.59 
748.721 5013.63 1853.57 8455.05 6521.24 
8998.2 3848.37 3975.41 6821.4 3222.69 
5187.71 5071.83 3197.51 3466.25 3157.65 
9672.04 3692.69 7400.18 6548.39 4601.11 
2843.88 2162.43 2630.26 4999.99 1298.9 
5183.63 8679.93 8218.42 4094.65 8090.45 
4634 4843.37 3104.06 6487.57 3298.41 
9625.3 5485.75 7146.77 3600.7 2307.13 
369.443 8788.41 7378.96 3566.95 2254.64 
536.598 3238.98 5947.33 7936.78 9787.37 
548.422 780.638 1949.78 3178.68 5780.63 
3248.68 8362.3 4460.54 1467.08 2456.94 
2550.98 6101.08 7300.31 5655.04 2588.63 
598.702 5280.32 8074.38 7745.48 8881.02 
381.49 8114.92 7669.41 7760.45 1681.85 
9924.05 8297.05 4920.83 5871.36 6233.81 
4708.18 6419.78 7014.45 6657.97 9598.46 
2795.06 9906.65 7960.75 7255.61 1373.71 
417.673 9806.58 7474.79 7717.99 5461.61 
63.3988 8316.69 741.913 8137.78 6062.15 
9622.94 8519.27 4177.05 7292.33 6279.7 
5858.9 7216.36 4576.74 779.713 3087.71 
810.53 5487.9 9507.49 7824.98 2145.85 
9105.94 620.023 2052.47 7066.67 7875.63 
3426.18 7484.34 7682.2 900.955 5202.31 
3143.79 964.354 3518.98 3885.7 9102.13 
9581.13 3508.62 7621.38 3758.16 800.932 
3901.07 9617.06 8017.29 8477.8 396.76 
1104.98 9288.33 5884.66 612.457 7113.29 
8030.5 9718.39 7733.32 82.9578 6785.04 
5608.93 3509.14 4269.37 3291.11 4410.1 
9471.68 6434.9 5374.45 2990.65 320.583 
4476.56 2571.76 3829.2 2097.93 6329.93 
4630.13 5998.99 5946.97 2647.41 4476.78 
6343.73 3752.39 3765.09 2228.37 4364.85 
878.369 258.856 4083.23 8611.69 341.814 
868.256 4220.6 3850.96 5137.63 7511.71 
8261.05 4609.29 3946.6 3635.49 7599.94 
4267.18 8112.05 171.69 8096.38 209.956 
6501.62 2726.5 6208.95 2448.57 5373.91 
685.705 8792.31 9126.3 4450.8 1020.66 
3491.14 5329.17 1279.52 7574.36 3940.83 
1621.33 8442.62 8161.43 5472.29 3580.23 
5673.13 3733.32 8189.52 9619.72 7368.81 
5789.45 3886.89 5480.84 5961.14 1983.25 
5690.8 2462.74 4709.75 1899.73 4911.31 
83.6379 2585.43 3703.6 9209.94 7036.23 
4724.26 2701.06 2365.37 6003.78 275.405 
6306.21 7625.12 8718.02 4467.63 3097.39 
2298.24 140.739 6830.71 487.739 9760.46 
4199.51 6277.18 3647.33 9680.35 2238.3 
5630.58 5371.13 4701.04 340.314 7270.85 
9612.35 423.952 9856.28 3315.93 9633.89 
6892.49 8040.19 2334.93 9257.87 4043.96 
2610.34 5564.06 1669.06 1328.34 31.6659 
4766.45 3626.58 172.404 1597.14 4114.32 
9932.87 5796.65 391.488 3580.18 5476.98 
2629.79 9210.77 848.088 7330.83 9551.08 
8118.94 6943.16 9975.03 7975.2 259.07 
9608.91 4867.68 8299.26 1943.82 4125.53 
2343.21 4554.16 9689.58 4012.26 5882.51 
9721.25 8778.71 9509.09 9893.65 375.837 
3623.39 9826.5 6172.49 4014.88 3406.67 
1649.45 6644.67 2617.42 2497.54 3975.48 
2168.49 616.46 918.62 2143.51 8591.66 
1177.69 1752.4 3459.32 9476.95 3696.22 
7584.85 1820.14 8250.38 7274.42 5832.41 
4132.87 6995.65 4611.1 3641.94 6889.28 
4986.94 7265.34 6715.77 1159.41 1280.2 
122.427 2808.86 7924.87 2739.85 5306.39 
1900.33 4908.34 5922.85 2818.95 7051.84 
4514.5 3996.64 8804.24 7973.83 3473.58 
2500.45 5558.66 5293.72 750.811 2833.06 
1126.11 4883.69 9828.71 5737.21 8525.63 
6717.97 724.13 5790.95 3433.73 1883.54 
7071.15 3556.16 4692.39 4996 6296.01 
9998.79 6896.33 1204.33 5921.63 9715.28 
8256.17 436.111 3711.9 7060.4 8409.94 
7185.48 9560.84 3968.58 2479.19 311.634 
6801.64 3605.3 5195.32 6630.33 9342.51 
3720.93 3348.28 66.62 9511.88 6782.01 
1950.16 6583.01 338.153 6642.55 1578.99 
6634.16 6641.32 8475.32 7838.49 2562.93 
8190.58 6094.64 2999.05 1902.46 3155.02 
1408.97 9087.95 2715.84 5377.54 1567.11 
3027.48 2179.16 5172.41 8222.79 8809.49 
4514.9 1943.71 2157.76 4581.52 1455.57 
8939.77 6531.68 8038.58 9277.92 3174.21 
9617.57 5912.06 9815.54 8092.87 3750.53 
2378.46 6283.43 9845.17 5377.5 8185.9 
3000.18 6786.47 7273.83 5716.02 2163.99 
8840.94 8743.5 4343.16 4013.34 6966.27 
3152.63 8528.24 8909.98 5310.38 3109.74 
365.539 4250.14 9641.42 8404.12 3528.04 
2815.62 8021.68 9440.1 2631.14 6114.53 
3190.62 5009.59 2397.95 3035.78 387.078 
583.828 6035.95 7173.54 7857.65 1751.96 
9337.54 6698.58 495.433 3680.68 711.896 
7461.71 6833.3 9240.13 6371.67 2143.67 
2349.86 6737.21 6393.81 1991.26 5141.32 
9921.85 4806.88 3162.98 9361.93 7438.02 
9277.51 2552.53 2447.6 1675.44 5588.31 
2834.68 2259.27 1624.25 8.20148 116.907 
3376.2 9345.74 6815.48 3871.64 3026.4 
7527.38 1333.32 9859.7 6767.5 7705 
2003.35 9117.36 4442.19 8397.16 1108.6 
9583.51 8318.99 5915.48 2746.47 7680.9 
3353.49 2023.96 233.419 5801.08 3699.4 
5821.73 8635.76 5958.67 7445.98 8643.96 
6075.58 822.162 7989.68 2891.04 4693.8 
1016.06 418.408 6027.12 875.742 7185.9 
3732.1 2879.09 6303.24 8174.29 1276.24 
7411.84 7757.78 9595.22 3327.31 504.234 
7276.11 6680.8 2528.19 7509.53 2481.86 
6227.6 3331.24 1117.61 2186.25 777.202 
9761.57 8261.83 1599.36 7751.23 1152.85 
6293.16 8767.29 1571.26 2320.27 9643.03 
8757.17 6052.37 2522.11 5060.39 4226.64 
3798.35 2472.22 1984.41 3393.56 5799.53 
2488.64 669.651 2480.31 5016.84 8179.18 
4962.18 1244.42 1510.41 6079.78 3430.66 
2287.61 5841.33 1692.47 3886.97 3592.55 
2845.33 180.118 2359.82 4416.59 2500.38 
2002.84 3173.74 8552.75 4524.95 8234.13 
2779.38 8323.3 706.331 4763.79 1716.84 
6505.86 7252.44 2386.49 8986.17 2269.26 
565.656 3948.33 3513.67 2076.06 28.0958 
6944.34 4363.67 5869.43 8636.81 8250.64 
9461.98 1482.12 8430.76 1821.78 5898.71 
931.13 3824.62 9072.44 9483.88 8349.57 
7306.56 2263.25 6672.85 8012.89 7027.04 
8389.7 4518.73 4279.46 776.17 3504.89 
6548.71 1341.83 7453.22 62.367 3417.89 
7481.31 7006.7 7781.56 3350.72 5643.5 
6032.19 2812.68 7125.62 4462.93 4634.47 
3024.31 5394.06 8459.09 2096.74 4877.93 
6808.64 9403.29 7141.17 3481.48 7416.16 
4168.19 1871.16 1934.88 8447.65 2647.33 
5439.76 4996.34 3989.15 2892.96 5058.71 
7407.04 374.258 2065.4 5188.58 3724.98 
7708.9 1220.75 6537.67 4834.5 5683.69 
1172.11 7858.81 1077.73 9631.2 9955.54 
5955.66 6439.82 9358.82 3096.82 9921.3 
6774.97 7265.01 1792.45 8709.84 5712.65 
4439.77 4149.59 708.973 8428.93 7042.55 
5767.69 5835.95 7416.81 7833.08 1024.52 
1141.77 5541.96 2245.27 7679.44 376.445 
7928.96 8851.55 8235.25 9006.69 8482.74 
8190.78 4962.33 4922.55 7549.58 8059.15 
4843.83 4324.53 5324.15 6636.28 3034.36 
1036.77 1076.04 7183.95 1745.75 9504.96 
4226.48 7513.43 5340.9 1643.27 5346.5 
6365.41 2785.05 888.445 8610.69 464.471 
1264.89 6539.62 9316.03 9500.14 5546.3 
7798.75 7690.91 508.61 2721.27 5240.47 
8567.76 7565.11 9565.01 3891.89 4201.37 
2599.35 4928.66 5277.4 9783.3 6674.41 
4782.35 4009.76 4187.82 123.229 5653.04 
9534.32 6488.64 8438.09 422.748 5099.31 
8902.56 1687.64 1638.92 8218.57 1187.76 
7185.22 6017.3 8878.67 7693.83 8738.57 
4119.12 6261.57 6303.66 3684.12 153.438 
505.014 6283.47 5082.1 5782.42 6066.75 
1756.49 564.751 76.4971 5944.31 687.98 
5729.54 5478.61 7176.62 4167.61 5901.36 
2275.92 3070.15 7589 3914.84 1288.7 
8776.76 1100.04 7305.99 7655.41 8793.86 
6044.55 1774.52 5055.41 2348.19 5458.64 
5208.85 2853.2 1742.09 290.933 8635.62 
7808.84 2047.42 9200.37 7885.33 7991.73 
9888.35 3614.85 3470.33 7064.96 7782.46 
9371.7 9340.88 852.588 6960.68 3255.7 
2141.28 5737.42 4355.74 9447.28 3392.82 
3149.58 5491.81 5167.34 8204.99 7840 
625.962 3413.83 693.183 2368.05 3704.76 
9328.8 176.867 5752.18 8529.16 8062.2 
3743.9 8417.5 1677.03 7214.23 5482.44 
9459.49 6585.91 4823.3 312.063 3546.58 
8079 2453.35 9284 2434.72 1900.61 
2676.81 5584.3 7392.41 7844.15 3789.27 
5232.39 8470.11 7203.1 5925.57 838.141 
907.846 5254.36 1015.01 6660.03 3783.51 
9077.21 403.915 2200.99 754.226 7618.15 
7683.42 213.701 4204.05 2506.71 525.764 
7750.62 585.692 2979.11 7034.61 3020.41 
4879.72 9711.41 8604.71 2272.12 7555.54 
2393.97 7504.51 6025.64 9597.07 3430.07 
6863.78 504.897 8684.43 7878.79 7164.93 
2467.92 6955.98 7568.84 4668.9 7710.2 
5186.98 2352.31 7923.9 9391.02 4859.02 
8449.67 7141.63 5444.71 1428.76 4176.22 
8465.12 6308.48 3887.61 7069.81 8580.6 
1443.14 9463.78 6085.09 7468.77 9060.83 
9515.16 4332.53 9565.72 8199.57 2211.3 
6730.63 667.466 9167.28 4299.46 5336.37 
6877.47 9486.43 7688.68 4801.35 8877.44 
2547.68 3251.01 6019.05 7992.39 4679.77 
195.246 6457.49 988.236 4082.86 3527.28 
9568.83 5525.99 2991.04 5653.91 2994.75 
2051.85 5169.05 7327.28 1617.56 3368.59 
9538.59 8348.19 4036.06 8705.85 2647.63 
9372.43 5583.3 2134.05 7061.09 384.635 
1011.47 9608.76 3635.64 7030.52 7601.13 
8315.41 7225.76 4058.61 9303.65 1308.6 
7585.89 8872.46 6834.6 576.915 4526.35 
9829.35 2628.77 9695.4 7156.61 4246.33 
3063.98 6695.18 2594.5 7100.04 5401.01 
5242.13 6472.45 984.295 7376.18 3533.52 
1368.93 8387.65 3142.26 5004.57 5418.15 
743.38 3319.97 2643.89 4801.99 2623.6 
3952.49 2387.86 1496.04 787.073 2964.77 
6022.4 616.403 5593.54 5717.78 7773.02 
9839.87 8781.76 4468.18 2434.35 5881.78 
9869.2 7676.48 2354.21 853.473 5052.65 
5887.73 2222.4 3440.28 9029.99 7226.97 
8858.43 9773.38 546.922 1502.3 4575.34 
3170.52 5454.8 6963.2 4666.56 6241.87 
9927.98 688.942 6858.27 5521.5 6406.72 
4631.27 5361.35 5188.47 9099.45 7795.7 
1070.23 8968.63 5472.16 3424.44 9822.1 
524.793 9312.17 2044.49 3965.07 8342.15 
9271.46 2823.48 8115.51 9818.39 4325.79 
2690.84 2988.89 9780.59 9654.04 7655.45 
6022.44 9582 8344.39 2880.7 5103.48 
4751.09 7511.97 464.815 9939.56 6611.41 
8260.51 1009.78 5580.02 3732.66 4434.22 
5402.11 4257.45 3746.38 7446.6 8222.52 
2088.51 6718.05 1045.99 204.008 6536.42 
5371.78 2894.85 9525.3 5152.35 2548.87 
7180.73 1174.78 2130.85 5525.1 4055.47 
7234.34 276.182 1567.43 7699.15 215.727 
8178.84 5959.65 1225.5 3758.84 9692.31 
5659.72 9160.95 3949.74 9406.1 6607.54 
2172.25 1494.6 3325.57 3218.24 1698.61 
9861.99 8590.02 4593.45 9387.27 3742.36 
7142.32 6567.99 4917.13 9273.18 2093.08 
8972.61 6507.49 2369.26 540.018 4206.63 
2584.99 8718.85 166.259 3810.49 2477.68 
9858.56 9470.22 1638.61 3808.29 8876.3 
8246.15 5980.54 370.885 1571.7 9198.78 
2069.49 1433.67 7788.78 6662.95 820.928 
1531.12 3805.25 7388.92 6448.25 3078.41 
9482 5420.84 9585.91 1851.24 5960.86 
3792.52 4436.23 4679.7 3958.78 8246.72 
7157.38 3817.33 7716.92 8795.99 7625.61 
6593.2 7042.13 3606.13 6964.08 8613.83 
2804.89 9033.58 47.4838 593.659 5696.51 
868.412 2124.78 9501.76 8257.33 8573.03 
2580.16 7739.31 3993.86 2166.04 9590.55 
9954.72 5958.56 4026.76 4634.4 9917.34 
2273.46 1791.76 3734.65 9990.37 587.738 
1360.25 6583.55 7629.86 4966.38 3547.62 
6243.68 7771.28 2581.18 6291.16 8364.94 
8277.69 7159.57 489.699 7779.43 5416.88 
9062.73 359.573 3156.18 3056.58 2525.62 
2746.71 3011.28 8484.18 6773.46 7645.68 
8401.51 9046.92 9437.45 2136.14 9037.27 
25.1682 3496.39 5620.81 7655.03 8462.77 
9168.43 3898.69 6234.03 1749.59 189.833 
4598.95 27.2683 7349.4 5088.65 7806.7 
2766.27 4151.36 8166.28 5922.45 7207.94 
691.876 8669.16 219.203 9176.06 5442.6 
7864.89 7577.55 4489.5 7302.32 9713.69 
3526.76 7327.49 3210.06 9147.56 4982.5 
1672.81 8315.98 8881.19 7906.84 65.5531 
9071.02 2505.77 92.8214 6420.41 7594.42 
7899.52 9186.68 1745.76 6065.78 5109.12 
8953.7 6757.66 3778.25 9172.9 5933.7 
9220.85 7037.77 3511.23 3710.34 4340.07 
3224.9 7237.1 1667.54 6434.96 6384.64 
6650.04 8107.77 4700.6 5531.22 6014.59 
4766.15 4602.22 8520.36 4858.97 1022.62 
6114.76 2758.48 209.286 7860.52 8824.26 
5318.4 6814.2 5581.91 9096.66 5987.09 
1515.59 8317.5 3024.84 5026.82 2027.82 
7364.92 8251.72 9264.91 9032.46 4686.66 
5649.54 5682.48 2794.41 350.12 1213.68 
8809 5116.27 5815.91 7329.35 9975.25 
6838.52 3444.09 2733.71 7047.81 1304.6 
1557.96 2366.2 8118.8 7139.87 1462.84 
4105.87 8655.46 9780.33 7130.72 3682.26 
1808.13 4495.62 1933.96 1073.03 3528.06 
6620.62 6722.56 9210.54 9415.03 7072.68 
424.21 8224.02 2188.94 6240.12 5553.35 
2164.17 3078.62 8997.44 4897.88 126.417 
302.02 6455.84 2492.61 8420.82 3595.69 
3955.45 2526.68 2251.13 3735.76 9657.4 
5933.39 5543.89 4153 7867.35 6616.92 
7681.06 4487.96 3339.47 6891.59 3902.97 
412.135 7315.8 2126.97 2601.08 3555.89 
7680.32 4765.25 6634.52 6677.75 9663.13 
6760.93 6979.77 6118.96 9253.55 5400.57 
9714.65 3208.98 7927.25 1965.77 6944.74 
7584.63 7899.16 2488.62 1737.61 5766.49 
9105.54 9418.67 254.432 2445 6310.23 
4157.4 2857.13 3626.01 6284.38 5458.21 
7181.91 3964.68 223.436 3816.41 642.411 
9886.57 577.323 7622.18 6005.51 9830.87 
3022.73 5720.14 3039.84 949.958 7685.9 
9984.58 8534.58 5585.04 2473.19 272.173 
1351.52 1578.71 9690.84 1605.95 4023.71 
6001.05 5763.35 6880.84 9627.07 2047.71 
2339.03 6808.95 6012.4 2562.46 625.343 
6654.81 2449.01 1202.67 4276.97 8454.52 
1033.52 7299.69 4174.64 4073.36 8249.65 
1860.53 4057.92 6784.22 7445.57 6531.11 
7056.39 8797.09 8109.82 6747.21 403.022 
2133.51 2748.25 6166.38 9014.35 2375.3 
8214.09 1353.36 9184.25 4226.47 3915.82 
9809.59 881.26 6364.84 1012.24 5158.23 
4819.34 2045.77 2457.9 8993.98 6119.12 
707.538 854.487 177.025 7491.76 8300.06 
6708.13 4548.13 7097.13 4817.93 1295.33 
7500.15 6951.44 4043.58 3666.51 5965.77 
6418.88 1880.58 7319.13 5603.11 6107.05 
1234.94 5412.69 6988.31 7599.78 6424.93 
2146.52 2419.1 8470.7 4604.43 1413.06 
4589.8 5311.96 2267.55 4766.83 2803.7 
567.586 1474.94 7351.84 7664.71 6292.87 
8647.16 5164.85 3244.3 2690.72 8831.36 
9210.07 9109.6 711.923 6529.19 4712.69 
6818.98 7764.13 125.362 3807.27 5363.89 
6550.29 5953.8 7782.99 5020.97 558.205 
9196.05 9610.78 5870.17 1463.58 4377.59 
8673.87 2031.16 5852.53 6025.69 9695.88 
2145.39 4672.84 4860.71 5389.69 7363.56 
3692.05 4599.74 6473.14 4403.97 1128.92 
1185.81 1222.93 8893.05 1311.17 5030.21 
4256.92 7861.47 983.984 2039.89 2882.42 
1542.19 1235.92 2493.18 7412.36 2699.5 
6870.77 6086.21 4730.66 2723.28 2111.89 
4426.52 4868.67 6784.72 9287.23 258.337 
4148.26 2979.26 4858.08 621.386 7383.23 
5986.99 1807.2 8606.16 4880.02 3118.37 
3636.35 9136.94 979.823 4620.33 1176.82 
3862.25 6162.52 2412.74 6355.43 3574.86 
5112.24 3226.18 9661.08 9842.9 5949.47 
1772.95 4269.41 818.117 8557.67 3556.62 
1076.45 2705.92 6535.88 5934.53 3327.3 
3919.1 1921.51 5134.5 2525.24 6801.53 
8252.87 6161.59 5938.46 9232.7 781.912 
7115.28 3094.93 6944.44 9528.02 9450.36 
519.283 4640.24 2676.52 180.343 4483.13 
8625.99 1953.29 8752.54 9444.11 510.943 
2309.14 520.545 3216.86 8845.03 6455.08 
6544.16 2764.11 8376.59 1678.65 5289.35 
5178.11 9931.52 1450.93 1116.55 9164.2 
2232.84 8231.83 2259.11 9177.28 7759.83 
1709.45 9696.56 2400.05 4385.97 9876.9 
6883.18 3011.94 1830.18 5635.7 2456.04 
2341.12 7944.84 2976.58 5557.98 6789.85 
9431.66 2102.12 9553.95 7808.23 3780.77 
4843.29 2986.32 3712.27 6294.22 4102.87 
2876.45 8527.06 2334.68 5135.56 7704.32 
94.4926 6845.01 7400.86 2494.54 1230.96 
7277.74 9377.72 4242.91 9107.92 5013.4 
6698.94 1449.02 2958.22 9675.52 7007 
9748.06 9107.17 9109.12 9302 6915.38 
2889.88 4145.27 9901.7 6602.15 439.471 
4004.55 9478.6 8966.53 6339.23 4614.15 
6670.83 6433.72 1459.14 4071.67 8928.27 
2690.1 1349.4 8305.97 6933.01 457.303 
3319.36 3631.94 1906.33 6277.58 3307.45 
8913.33 6025.62 2414.6 8022.43 5327.61 
9329.97 912.289 9472.88 9231.65 7514.44 
9912.35 3236.19 6993.02 8878.86 9575.42 
1607.15 5549.67 6009.13 3066.3 9621.35 
4937.38 5756.4 970.729 3243.33 2689.4 
1428.03 6562.69 6321.33 3334.36 2840.25 
9628.78 2247.67 8865.87 2043.36 270.078 
4193.46 1373.32 1182.37 3666.32 604.954 
8696.8 3578.66 3841.14 5689.81 2457.5 
3416.54 7296.97 8007.18 9425.67 363.244 
7628.51 4363.03 6119.64 8599.24 7606.36 
8809.04 27.2504 4169.04 5130.36 3361.61 
7009.28 4759.12 5609.27 5875.14 6802.48 
5879.35 68.5851 8175.8 7061.72 3734.91 
8780.75 5758.51 7313.57 2621.88 1448.3 
9771.07 6038.42 8745.27 7778.23 5464.07 
9108.51 5406.72 9827.1 5228.14 4005.94 
7433.45 4037.16 4033.19 1602.47 9167.52 
7394.79 8611.75 3926.62 3004.05 4486.87 
729.084 8883.4 4555.46 8904.88 5945.1 
8290.37 7685.61 1703.59 5603.92 307.473 
3151.89 5374.97 6345.89 1897.14 3153.18 
1809.95 1005.64 8559.9 1637.03 6233.78 
2565.82 9070.48 270.918 6599.01 672.927 
9438.43 3993.79 9284.68 3365.04 6997.84 
3771.53 4094.12 5881.22 8326.99 2998.98 
1826.31 6617.34 684.582 3529.9 2221.24 
992.055 6681.8 7596.21 7337.95 8578.94 
749.376 9147.9 9584.58 9309.28 784.909 
5818.34 1875.08 9855.39 6089.26 8474.09 
528.297 5527.67 2467.86 9812.97 8892.71 
9465.7 3584.49 2986.81 5346.91 1911.46 
5985.8 7173.22 8528.8 6670.38 703.101 
750.023 7662.43 7384.9 8346.23 5000.36 
5963.82 9095.61 4148.24 5548.38 8404.87 
4933.15 1366.7 279.937 4788.52 7455.96 
8754.03 5316.82 2983.61 1221.87 5129.78 
1876.31 687.557 8714.27 4863.12 6034.46 
625.71 848.899 3207.66 9154.51 7519.28 
3910.76 9904.53 5181.69 1295.64 8250.75 
182.043 7259.47 7346.34 4330.29 2807.83 
5751.19 9263.44 4174.53 6031.13 4051.94 
1630.48 4785.14 9368.76 4614.09 6007.02 
4498.52 6490.4 6694.58 3212.77 1353.5 
2729.02 3838.48 2202.4 5936.68 2992.98 
9721.67 9847.45 2897.49 4903.35 1143.07 
1148.22 5085.39 8402.54 8494.56 9415.68 
1210.35 4245.74 8679.1 5384.89 276.856 
2731.03 7015.36 5062 2099.77 1629.43 
1069 6598.29 8119.83 7763.58 9811.07 
9473.33 492.58 3649.53 1675.71 6429.26 
6642.51 1397.36 6276.69 9540 6300.72 
7419.77 688.206 1386.09 5822.29 9182.77 
801.756 7032.64 3428.49 9480.86 2417.51 
3705.35 2211.87 9432.87 8767.35 4311.64 
1062.29 9836.35 909.915 9182.12 7599.91 
720.965 8655.43 8092.49 4370.5 331.117 
4521.74 1012.99 1728.48 798.412 552.969 
8029.2 8218.18 1241.17 9415.29 4040.45 
423.928 217.03 1073.07 3852.42 9697.89 
3490.58 7557.77 1909.74 2923.43 6325.11 
6221.37 3985.72 6161.44 7131.29 3167.82 
3761.33 7852.25 1823.22 1853.81 2222.73 
2154.34 6375.54 3235.72 3882.82 7173.96 
3788.69 1912 5392.12 5029.86 1327.28 
9432.57 5453.79 1544.31 505.622 9306.21 
1242.18 3996.2 6863.97 3151.91 6919.63 
3189.06 9373.29 905.335 9350.5 6504.56 
4073.15 3111.82 4356.79 5896.38 4965.62 
6579.53 8050.72 1341.15 9815.25 1933.52 
8515.11 3603.92 3845.53 3907.21 8633.78 
5172.8 3339.76 4087.55 6717.11 3845.38 
3393.75 7959.29 7841.58 257.702 1111.19 
4761.2 3446.76 484.453 5666.53 2797.24 
6989.01 9739.68 5909.06 1345.79 5636.04 
874.67 7925.31 3686.74 2215.82 7740.54 
5620.27 730.912 1344.44 9465.79 4638.12 
9978.22 4638.58 7977.88 4065.75 1355.67 
1823.24 7459.5 9314.96 9664.82 7717.21 
426.132 4426.01 1163.95 910.585 92.5218 
3961.2 7899.6 9832.21 9870.26 9245.38 
5468.23 744.911 7170.67 9154.97 2960.73 
4911.2 4775.22 3691.64 6255.63 4240.99 
8329.76 6233.83 8879.57 6307.62 299.573 
235.23 8130.87 7759.08 9550.19 7795.67 
5476.27 9976.33 2221.66 6640.22 886.893 
2314.18 601.395 8786.49 2146.37 471.636 
8031.85 7614.6 1216.55 5202.51 6769.56 
4177.28 113.688 1544.76 7868.92 6369.32 
5785.76 6198.67 2603.14 4665.31 2506.28 
2902.71 4900.54 637.124 661.772 4450.72 
8432.8 6138.04 4427.03 654.44 2778.24 
5313.92 2968.62 3379.63 4100.39 5114.99 
3851.27 2132.23 2729.58 5067.82 7334.74 
9499.14 9245.09 7448.42 1043.88 7114 
3817.73 6829.64 3312.65 6420.87 1494.93 
5818.93 9323.58 6395.47 6456.05 9985.35 
846.173 4888.83 6123.37 5273.2 5543.27 
8901.61 587.103 8511.89 2281.23 4687.49 
3626.87 6132.5 6819.72 6356.45 1200.3 
4154.44 5855.57 445.375 1602.85 6899.44 
7559.37 5420.57 3729.06 872.007 1841.42 
5223.99 6690.93 1164.99 1619.45 3146.96 
1150.32 2465.62 8035.79 7273.69 7738.82 
3579.04 6175.29 8325.92 2090.92 8456.52 
3013.4 5717.79 4589 9833.12 2074.22 
5789.3 3987.54 7929.78 6234.67 5590.39 
4829.21 3794.03 1010.95 8558.27 4666.04 
2852.37 3782.25 1356.95 4017.36 5401.7 
4503.92 5167.68 7867.32 2539.69 2441.35 
5606.12 6118.74 8616.64 3932.03 8209.66 
7073.14 6945.43 3927.42 1662.12 6778.54 
6001.64 7451.42 766.062 3931.4 3686.08 
6356.45 8760.61 7480.11 7367.4 7318.87 
2146.13 219.751 1101.1 3503.08 4237.11 
6502.8 8006.99 9404.78 4370.1 546.669 
1846.12 9976.22 6665.41 462.744 3908.23 
4875.04 7535.89 853.646 8802.47 9198.01 
7632.18 4804.09 6649.42 8398.24 8735.5 
335.476 4754.68 7496.09 7815.58 2122.06 
4814.94 9961.71 2341.81 5916.04 3464.77 
6578.92 2418.82 1471.75 5983.68 6788.92 
2018.41 7829.8 6765.12 8683.82 8292.55 
673.341 3558.84 5828.42 1526.99 2361.3 
5026.41 9159.17 7165.39 1675.81 7557.4 
5900.86 2011.29 2312.06 3396.94 9826.87 
4434.12 8211.88 9788.56 6775.93 4127.91 
3253.31 3354.83 6546.73 4725.06 9338.51 
3335.64 6743.47 7168.3 100.744 5427.27 
5460.83 774.085 8986.12 1289.23 2301.07 
1347.4 6315.64 1460.22 8512.78 7991.45 
9017.62 4413.63 2.71956 1329.66 7810.57 
9829.59 5763.77 6022.43 9618.13 2539.68 
150.322 2871.43 5894.51 6697.05 7596.48 
5233.01 32.6711 4339.94 2401.29 133.415 
9767.21 7862.11 907.499 8753.31 9151.34 
3208.57 100.693 5466.96 4668.79 8613.47 
3458.39 3686.39 3027.09 3461.11 5016.05 
837.638 3290.68 779.808 6860.07 2908.8 
3319.49 7010.39 5780.23 9214 3707.43 
3376.69 4446.99 3740.1 7716.63 6848.28 
3873.51 7483.83 4710.38 4781.01 6237.12 
3861.7 7989.58 6337.82 9328.66 2658.36 
4951.27 2787.03 6344.75 7978.36 6248.15 
1360.79 8816 9538.83 2140.59 5676.05 
2447.61 5460.09 2686.42 8227.84 4674.07 
6393.85 1604.52 9121.07 133.931 9321.15 
5969.33 4007.44 6804.96 679.691 8788.45 
3042.07 4541.39 6778.02 9379.88 3870.03 
9436.38 4331.14 6657.07 5781.11 2309.48 
2905.2 7141.9 1125.46 2444.01 9282.5 
6801.51 4891.62 4742.57 9487.94 3119.45 
9416.64 5881.77 4723.97 8537.69 6015.7 
4045.1 4507.01 23.1276 850.04 5186.7 
8811.58 3892.11 9728.09 5589.59 3271.97 
3598.1 5025.95 7603.11 255.152 807.046 
9912.59 3160.35 7948.95 1038.04 5604.36 
7231.43 7839.55 495.969 1973.98 7327.47 
3615.42 1390.6 3209.22 8339.38 9928.29 
9224.92 2384.46 4435.28 9248.05 3234.5 
9621.98 8059.62 7126.61 9350.05 3649.18 
398.562 2948.13 8675.13 8001.67 3203.29 
9482.18 7914.24 6363.64 7431.11 8952.28 
1967.98 4662.52 6791.81 2463.95 6636.5 
4119.26 6079.37 8027.1 7328.48 4418.73 
7955.37 6553.39 6803.2 2390.63 5801.42 
37.6827 2012.6 3861.02 7164.29 1362.63 
7510.21 7562.85 4310.76 6185.32 5564.51 
7514.05 5667.48 3478.73 3877.67 3098.58 
2430.99 5845.65 7761.1 9222.8 8309.6 
4397.58 3342.05 4388.95 2424.65 670.51 
8807.68 380.008 7223.9 5610.86 2770.64 
3025.3 5648.54 4783.24 6886.32 2812.82 
6145.87 4396.51 375.655 456.612 581.816 
5940.16 7970.66 6249.3 9418.9 1848.31 
9347.87 1849.87 7693.96 7108.95 1072.66 
6003.54 1506.51 4414.7 392.475 3931.16 
5085.21 9200.16 4311.17 2309.1 4811 
7081.81 5334.4 459.522 1865.04 2220.7 
3272.34 8010.9 6617.22 3647.99 8467.51 
7199.03 9588.16 6438.16 3448.31 9007.04 
8286.47 2796.17 856.892 5980.42 9905.12 
1929.55 1983.95 1411.62 6344.26 2376.42 
5342.78 1429.45 1576.56 9653.95 3738.55 
6387.56 6735.75 9072.95 6847.08 8600.79 
1293.64 119.401 6611.67 7910.85 3767.39 
5079.17 5109.87 3355.53 1517.31 8558.18 
2362.55 9803.78 1354.33 3219.44 5784.19 
1259.44 5148.99 7768.13 2671.06 1493.23 
144.535 8013.84 2922.69 1721.09 7667.77 
6661.23 8108.65 4403.51 5734.17 4955.71 
3004.28 7027.8 5075.11 9615.95 4938.64 
8842.51 4695.11 48.4866 2198.02 6212.42 
8606.67 4560.58 6016.19 9961 7780.02 
1800.36 1220.43 2929 9568.49 3891.48 
4422.23 9713.02 1905.3 7344.92 1434.1 
9573.08 4006.14 9542.75 3976.57 9740.3 
4498.44 6980.85 6768.09 9573.56 6596.79 
1706.7 8416.05 1291.88 1755.19 614.054 
7504.3 361.842 5174.63 3520.47 322.828 
2954.63 5320.83 1543.25 5883.63 4889.3 
5434.74 305.845 4602.31 7340.04 7650.76 
6036.41 6913.1 1656.88 5579.14 889.65 
1397.17 77.5671 7870.5 8165.25 9651.12 
4467.27 9871.96 8067.15 5759.15 1627.13 
8681.21 3263.43 1988.97 3855.82 6783.9 
2311.8 6810.45 2104.71 3855.05 2694.07 
6994.01 9289.79 2999.91 1596.3 6629.81 
650.659 7632.71 3542.89 2307.54 3211.83 
4432.54 3704.71 3289.4 2303.02 1869.94 
2940.5 6770.29 1741.88 1007.64 2529.42 
3369.01 9688.85 5792.85 5357.98 3544.66 
2576.74 7669.78 355.093 4681.45 1524.82 
3049.16 1675.44 814.591 6049.08 3271.75 
7444.4 6699.73 904.437 987.276 9007.27 
4116.27 5419.82 2711.96 7405.66 7722.84 
4581.9 346.151 4493.12 6323.78 1353.79 
7022.54 9692.79 1042.63 2815.38 5050.75 
4587.28 5392.11 2720.52 4942.38 73.5422 
4245.34 7991.54 1748.99 5059.93 4040.6 
5020.73 2504.31 740.315 5925.17 3491.59 
9747.59 41.4183 8911.41 2459.54 7447.08 
6634.23 7041.44 7793.23 1127.33 3365.2 
9147.03 8149.87 3057.97 189.637 965.229 
8108.73 4776.92 6357.34 829.228 9719.3 
6430.88 5074.57 7710.82 8179.87 134.478 
1751.4 3200.58 2638.79 2491.72 9125.75 
6130.38 2239.29 9167.17 5041.77 4698.82 
6614.23 1675.98 1740.25 4407.45 2803.31 
5105.45 3554.46 953.168 8163.42 3744.1 
1918.4 6272.13 8521.02 8275.74 7101.36 
8240.3 4706.6 2175.91 5951.1 2886.45 
2310.38 7702.5 6087.04 4949.17 194.202 
5212.77 1079.54 2433.49 4379.93 6121.3 
7132.32 994.144 7797.29 8872.56 5401.6 
600.584 3977.99 8956.06 1553.75 2141.39 
2700.14 3472.15 8413.52 1221.14 1747.87 
5514.86 9461.44 6454.47 7690.77 5412.52 
9340.92 1.13443 3115.01 5427.95 4950.31 
3309.21 640.701 6029.85 5742.7 5020.63 
2151.13 2875 6014.77 9948.42 1747.54 
1416.35 548.988 5725.54 372.388 2102.74 
7866.93 3072.52 5574.89 6280.43 4293.66 
7322.76 1795.28 3755.08 3777.21 9486.04 
9167.6 3118.12 9487.18 2282.59 8546.07 
4437.47 5591.8 9186.77 467.299 1334.48 
4207.38 2618.43 4209.48 222.133 2566.84 
5957.02 1638.48 3115.83 1682.54 2010.87 
5218.57 9549.47 5083.39 793.438 5829.88 
9377.05 8116.2 7625.16 3132.11 1893.39 
7111.19 2299.69 5011.51 6598.35 4582.28 
3557.56 1035.81 174.059 2744.31 1503.11 
1508.54 6951.69 4121.54 5718.02 7173.82 
6688.38 1675.02 8812.31 9804.2 3357.56 
823.161 5022.75 2907.01 5906.56 5816.19 
8736.9 5283.59 3932.37 6362.04 8415.71 
5825.76 3473.21 715.384 837.252 71.547 
5297.67 4394.81 1107.35 5471.72 7139.13 
2610.46 6980.26 4090.8 6732 2698.26 
1264.61 3420.35 4373.28 76.8963 3224.54 
7730.84 900.057 8247.29 637.836 6806.61 
4063.46 9374.73 2090.19 7995.82 5736.75 
505.877 3821.56 9209.97 1221.26 4658.81 
9281.51 6518.93 9053.63 388.85 1990.63 
6192.74 2999.31 8970.9 283.52 9731.3 
1669.14 1548.13 3151.64 6042.42 1625.02 
6376.18 3773.24 2525.08 4623.45 4411.08 
9331.69 8686.9 3785.8 1421.86 6682.71 
9522.55 1927.74 504.254 8732.5 3149 
5163.07 8014 9667.93 4216.68 8402.85 
1658.55 409.4 1402.14 629.426 692.92 
1133.42 2298.57 2241.05 4285.07 8340.99 
3866.07 661.228 2114.21 6391.15 5284.68 
6525.3 5722.83 3971.56 311.074 7144.69 
654.258 9833.62 9072.43 1158.51 8566.11 
2221.42 6321.58 6580.08 1889.33 538.242 
4982.91 3547.88 947.642 6385.05 4177.3 
1640.56 7518.47 6475.87 3881.61 1803.52 
4816.84 7747.68 2464.75 6931.05 4138.81 
7749.43 3456.33 9861.64 1720.98 3767.41 
7006.31 2375.23 3601.01 6078.73 3533.75 
2167.1 8300.15 9855.33 8747.19 189.46 
393.552 3730.08 3737.34 1341.19 115.118 
7914.64 2981.76 7633.59 4390.49 6863.36 
9437.12 9207.33 4611.03 1901.85 6138.37 
8749.84 9651.28 9594.7 8611.46 1372.24 
3362.09 5617.76 3747.47 6963.1 1696.48 
7281.22 9130.21 9996.62 7136.53 7877.38 
186.068 7530.08 1607.44 3923.4 8871.27 
1722.56 1838.03 1853.01 9356.15 6228.52 
8716.38 8793.25 5435.83 3327.38 695.086 
1574.18 2077.21 346.347 1168.87 688.657 
1718.59 4530.96 6306.42 5466.06 1494.05 
8002.9 2747.26 624.236 7999.5 9883.79 
8501.61 8185.57 7413.85 109.04 2108.96 
6285.11 1831.6 3946.99 8138.12 1187.74 
175.489 6854.48 9980.99 5611.32 181.843 
676.059 7185.51 2259.05 1022.41 8354.38 
2947.71 2740.99 2885.32 9254.13 8207.05 
4379.37 7257.01 954.293 5003.6 5256.49 
838.064 3505.2 3442.05 8251.91 3614.24 
5551.01 4537 5445.84 9498 2675.1 
6633.58 9673.49 9529.58 6614.55 5284.79 
9711.42 7290.61 2470.28 1970.45 8313.01 
824.64 4918.16 1053.99 3709.96 4172.27 
9261.04 8089.32 1429.26 215.314 3092.91 
6685.76 1053.38 6598.11 127.791 9305.29 
212.33 5678.8 3842.28 5658.17 5176.78 
6517.38 2291.73 4850.25 6046.94 8906.28 
135.021 5758.35 6196.87 2605.3 7728.8 
4509.87 3429.94 2646.95 5563.86 7139.9 
6819.22 4824.88 5229.21 8248.48 5040.19 
8322.12 4934.23 6093.57 4920.21 5062.02 
5398.85 5132.54 740.801 9241.12 790.693 
5917.58 5758.49 3082.42 767.81 1805.41 
1988.69 902.83 7563.76 8185.56 3508.13 
5292.54 2695.41 6938.07 7939.49 8259.27 
4077.96 4758.69 3084.13 9307.17 3007.16 
8124.32 7629.27 7941.39 4217.88 2549.46 
3003.39 9616.73 7682 3744.19 8857.83 
8472.7 9661.77 4616.31 1555.1 429.56 
6421.72 3543.79 1332.39 3985.46 1729.33 
4840.52 9278.01 4424.73 1778.58 7217.48 
2683.98 5856.54 1976.15 5768.11 5163.69 
4983.31 3892.42 2792.94 2924.68 8110.3 
5342.4 5928.07 7727.01 3024.39 9672.26 
6584.82 1497.07 9334.01 1201.11 3052.17 
9763.57 7622.83 6595.96 1095.94 1608.28 
8325.28 5936.46 886.267 2750 7715.04 
8103.75 5433.98 3571.56 79.8838 1202.08 
8735.25 5063.2 5094.5 1528.17 7987.88 
3204.78 6870.57 3915.94 931.767 9894.96 
3588.18 7516.59 1392.01 2922.17 8717.7 
4444.18 2685.71 6340.52 1040.12 3781.65 
7948.79 9365.4 9718.12 8835.06 2115.38 
7433.14 6938.79 7549.36 1004.69 7018.67 
8751.44 9739.93 2081.86 3845.92 1268.09 
69.7204 7050.7 8138.66 3985.66 7982.46 
8033.6 7573.83 5499.04 9425.61 495.978 
4216.72 3869.78 3181.69 557.222 4909.89 
6963.35 8506.02 4275.27 6681.45 7341.06 
6390.65 4114.57 4279.83 3940 5119.26 
1298.49 2691.42 4859.17 3380.35 6537.34 
6127.26 3450.07 3588.02 4265.91 7435.72 
1570.47 2299.49 5009.54 7069.5 1725.09 
5505.51 1286.21 5594.87 8687.21 1843.43 
504.744 5650.54 349.43 4780.02 2331.97 
7690.49 1170.66 6446.54 1970.31 5110.66 
1565.78 3268.8 7802.08 6424.96 6649.15 
4339.4 2552.2 99.1966 7927.42 6818.11 
7534.92 9497.89 9117.6 2544.44 6567.38 
842.676 8049.95 7853.59 6437.54 6737.14 
9697.02 6942.29 2387.66 46.4307 1722.29 
4719.63 7736.92 2892.95 1166.16 9707.23 
8003.6 2731.94 2976.01 5805.66 9156.9 
9625.16 145.048 1709.08 9724.35 8072.47 
8527.19 7259.26 7570.34 7644.78 9803.7 
4137.7 8487.45 7853.63 1991.27 4924.98 
4590.76 1688.27 1867.25 6978.42 1734.7 
3589.54 1698.04 9471.62 6482.49 2864.2 
9178.84 4486.07 5596.14 2154.83 291.718 
4753.02 1779.97 436.766 6462.1 1504.31 
8509.24 4989.27 8763.57 6079.56 2634.04 
8567.25 217.248 1121.47 6420.86 2208.52 
6046.45 1011.6 3896.79 7913.7 7990.02 
5631.5 1503.23 9688.05 5103.1 7985.71 
2552.23 4281.92 2471.77 8148.37 6436.76 
2763.49 2901.37 8216.73 3200.25 9363.47 
9721.04 1709.47 4352.73 8484.59 7789.04 
6986.76 7051.81 8006.28 8108.23 3472.66 
214.786 4154.67 4484.25 4111.58 2068.36 
2474.25 9743.07 3571.58 2162.29 4846.16 
1557.28 4714.52 9128.08 4029.05 2862.87 
5564.82 6792.54 5764.24 3781.53 9992.79 
5127.69 3502.55 1702.25 9480.42 1987.13 
9491.28 6467.16 9038.94 7497.55 4575.38 
2511.58 7712.33 8730.05 6995.83 1823.9 
798.387 9470.08 1566.95 4369.97 1632.36 
6413.11 5927.25 6346.88 5541.18 9956.3 
9209.75 1105.99 6748.82 4973.98 4887.52 
6741.6 101.651 8390.08 8443.84 9582.07 
377.184 7935.11 6049.21 9416.12 5432.64 
624.572 1927.69 3144.96 9354.62 8923.52 
4968.85 152.99 8393.58 6535.8 4522.96 
25.9217 2948.9 450.196 6372.8 8490.08 
406.482 5582.53 9596.07 7155.3 556.492 
4483.57 3896.88 658.143 2873.63 2340.71 
240.194 3250.81 275.8 6289.41 2666.92 
5708.44 6913.98 4594.61 8853.39 6268.58 
3518.11 3822.23 6421.57 1911.67 358.012 
944.513 1937.6 3306.91 1394.71 8310.39 
1796.97 1801.19 3892.91 1393.02 8956.5 
4449.4 5876.59 2853.36 5107.55 8750.22 
5194.07 5347.74 2001.02 5469.87 1637.13 
4667.94 1178.29 8551.1 9262.55 31.6687 
4819.67 2780.64 3853.9 1241.22 4692.31 
4211.91 2185.73 6629.91 7518.82 3580.44 
4940.29 9315.79 5381.63 8833.2 708.797 
4338.11 3282.58 6585.39 7191.47 8390.13 
5335.6 2385.52 3737.85 7336.62 7855.4 
5374.98 2004.54 9033.69 3926.06 1267.07 
9065.36 8745.73 4047.71 2919.23 9986.95 
8740.02 7131.14 2172.66 5369.92 4649.94 
5753.1 310.184 3965.72 1134.72 9143.38 
4674.51 5472.83 2425.95 1259.89 2664.28 
816.057 6595.48 5049.81 4553.91 3932.09 
2905.18 9928.88 5936.63 1938.85 3854.93 
7203.7 1004.19 2600.65 1251.39 3923.43 
2587.58 9991.42 1054.55 4760.24 5361.32 
5704.49 513.326 5671.5 9670.21 1648.04 
4814.86 4344.71 7120.87 7240.81 5604.59 
9785.15 8056.86 2200.06 4834.94 2610.75 
6132.15 7740.12 2539.62 2068.76 9678.98 
6394.55 9272.46 683.153 8995.2 523.835 
4606.58 1582.76 515.236 5661.13 6343 
5876.55 1365.61 6856.33 1548.03 1035.81 
8504.37 6362.9 5380.51 5625.22 3603.69 
985.09 5410.35 1660.54 3185.15 245.275 
4271.29 9317.3 7985.4 6810.91 1386.04 
7664.36 3205.45 658.482 8347.51 2200.63 
1182.32 2954.07 3783.39 1697.55 8615.21 
126.37 7574.11 9980.82 6982.7 9122.14 
1016.61 5487.05 5485.02 6397.12 1112.25 
9088.71 7382.21 6522.6 749.226 567.346 
6767.88 5020.52 9884.65 4753.26 1831.41 
1270.67 2417.6 5036.86 1929.15 765.092 
7237.48 3111.47 3719.17 1020.86 4809.03 
2334.36 1147.23 2383.11 2315.16 8129.92 
1505.24 3331.77 3616.95 6990.26 9728.89 
4729.2 6078.95 7111.09 1251.79 6828.18 
7678.43 8019.67 1848.67 7563.06 2772.91 
3680.08 8833.73 5190.51 8716.94 762.868 
5955.61 5954.41 3874.34 9674.77 6975.26 
8683.36 2009.11 8122.49 1066.46 4324.27 
6252.39 2571.7 7656.04 9869.34 9561.96 
7384.92 4598.53 5640.89 4495.98 5850.32 
2469.05 2174.4 3869.97 4317.73 9737.46 
6642.88 7997.81 8571.18 1833.38 6714.73 
9334.04 7788.98 2669.12 3208.37 7463.74 
9644.39 1891.71 9472.85 7766.86 2958.18 
3797.11 4019.23 5529.88 1453.13 3888.56 
5091.82 8838.05 8487.09 732.692 3334.01 
4337.39 3201.74 5508.42 8207.35 7519.47 
5245.86 4850.22 5517.26 3817.02 6683.6 
2231.97 3151.04 4472.56 4901.09 6359.41 
1936.28 4545.46 8251.12 1409.12 2312.3 
1209.28 5206.22 6331.54 6739.16 6659.35 
220.078 1830.96 5497.38 8707.16 2563.65 
8831.4 3044.53 5765.39 4339.8 1251.87 
3284.84 9585.66 6102.09 8802.1 3402.66 
2785.67 1034.06 6553.7 7258.23 5935.15 
2913.09 9194.52 480.596 1164.2 603.618 
2792.9 2373.48 5809.84 9124.44 9112.64 
2469.18 9344.51 943.581 7966.56 8051.66 
3507.23 6797.94 1096.17 9272.62 1137.72 
2348.04 2557.45 723.358 8450.13 1359.53 
4126.01 1235.79 2393.58 679.697 8494.02 
8328.73 3592.79 7688.52 8809.33 4756.99 
8292.14 1602.21 7130.47 4101.96 726.63 
6243.1 6571.14 71.126 7186.68 4537.68 
8122.79 693.891 1335.61 9218.96 9966.51 
2473.33 1566.99 2523.94 3196.69 17.1057 
3883.47 7322.7 1252.89 6277.05 8002.4 
9746.92 4605.77 1595.17 7435.42 3415.08 
6352.16 5727.54 5017.29 3482.62 9829.51 
5743.92 9725.72 6400.63 5815.05 6912.38 
938.3 3937.82 7606.27 2273.91 3156.76 
7572.77 4747.24 4723.75 96.6886 7943.92 
4740.85 3980.16 5266.61 5993.75 257.192 
3268.99 5740.65 4862.96 4864.16 3176.05 
8278.04 1216.31 8903.59 3295.32 4698.93 
8733.09 9039.24 4424.63 5133.7 4854.27 
1336.99 6072 8792.09 8943.26 8345.91 
1948.83 6516.01 3093.13 6672.58 6612.7 
1037.04 1413.42 592.835 6303.64 7407.17 
850.027 9572.63 3147.8 5712.99 4436.77 
6323.85 3991.01 5653.08 5227.42 7286.33 
351.986 3960.49 6325.55 4776.61 9094.2 
1179.8 6113.6 5166.18 9971.89 5056.84 
3512.07 1920.71 1572.83 6605.2 8593.29 
8185.53 7642.24 6.6936 8778.36 3945.87 
7413.86 9628.39 3518.48 561.642 5341.36 
7955.25 6885.49 9332.37 3608.31 2112.9 
6618.68 3960.3 6073.39 2944.21 8736.91 
5167.57 4124.02 4850.5 333.733 4095.89 
9907.34 3845.81 6016.6 1480.16 450.993 
4609.88 9665.69 8093.23 4616.57 8444.03 
2039.08 2030.41 8072.41 5557.56 2592.06 
3413.75 3512.8 9477.55 2746.11 7121.11 
1590.43 9364.79 1081.39 7663.82 2308.99 
9818.3 2831.37 6433 4668.78 3165.1 
528.879 4576.11 7010.91 6545.48 6056.26 
7461.9 1155.34 5721.93 5555.12 5771.91 
4165.95 7594.2 7802.32 2238.34 3151.74 
394.364 5652.09 6664.54 9871.91 8398.2 
3785.63 1462.32 7762.97 4867.02 9126.14 
71.9358 4685.31 1957.49 6504.94 9354.09 
5122.59 7033.82 3930.18 2133.48 3579.28 
9986.45 9595.38 4734.62 5708.36 5150.48 
506.516 9874.31 2744.67 8308.84 2112.63 
5896.41 8703.2 7764.72 2560.93 8575.1 
6162.9 6346.56 37.3996 3925.85 1213.57 
9163.54 3997.79 5898.88 1121.01 502.708 
5252.95 6243.6 7536.53 9183.14 8377.08 
1115.79 9169.57 7972.44 5850.42 4877.91 
3122.91 6356.93 4752.2 5867.58 4665.75 
6864.83 1763.97 3368.94 4629.53 4324.9 
1944.02 792.418 671.445 1981.42 4718.27 
1885.01 1144.94 8716.05 7783.89 2265.95 
9218.76 3036.83 8509.54 6755.27 2219.95 
6886.61 7871.06 1389.5 4859.03 3721.46 
6267.41 7981.95 78.3763 1019.59 3849.5 
4744.13 7884.42 5613.47 8113.07 2513.94 
9938.37 57.0787 3306.36 609.8 2038.5 
8024.63 2494.81 3183.44 6740.66 278.686 
5449.39 5959.41 3315.51 3958.92 2714.66 
5535.46 845.507 585.709 6924.96 5704.54 
4307.17 3192.35 3686.47 4385.55 4211.94 
7535.98 9129.68 2096.34 3149.43 7242.73 
4610.28 3087.79 7299.81 7916.64 3697.59 
9338.31 5941.25 6192.4 2521.74 2681.89 
6471.08 7971.13 8641.3 9786.6 1930.03 
1355.95 5322.04 2775.54 1941.66 2246.98 
8480.08 6248.83 5439.33 2166.53 634.356 
9651.27 9702.5 9764.03 1747.59 2851.92 
7006.75 6357.88 5939.71 4306.55 4274.5 
9637.29 3644.84 215.73 5829.67 6166.58 
2897.62 2300.74 4137.69 1538.91 2087.32 
6067.72 2894.86 7409.36 8843.25 4836.51 
9656.35 7323.31 1085.32 5095.66 9489.84 
1719.68 4746.91 9192.33 1483.69 6494.51 
2044.24 8490.44 2852.37 7983.94 2796.97 
7126.87 7621.21 6441.82 7342.6 3450.87 
2608.38 240.203 5751.61 6746.07 1779.11 
7838.93 2813.78 4673.97 5248.28 1657.01 
9510.48 4904.61 8980.33 595.784 0.252692 
8470.16 2315.46 4747.17 7662.47 3799.15 
1241.66 9706.71 2289.58 4094.02 7690.63 
5086.55 1220.87 5311.83 1528.35 8563.47 
8762.7 4136.73 8803.67 4514.29 882.788 
582.764 2353.2 3696.56 5256.73 7601.48 
5353.58 4767.19 2506.07 4333.89 5362.98 
2506.32 2804.03 7678.44 7253.49 466.486 
1477.57 8495.15 173.178 3767.15 2589.15 
7863.81 8853.71 3810.02 3175.63 382.041 
2373.47 1938.31 4518.77 1177.13 6452.6 
5401.56 1759.89 8805.8 9098.13 7016.62 
6407.27 4451.69 1783.8 8913.34 8785.58 
7146.78 1419.64 1589.59 4825.2 8673.13 
2056.07 6302.78 7168.26 2229.25 69.9124 
9757.42 93.0462 8923.62 3567.42 3268.67 
9305.66 5940.9 5206.98 3824.42 7118.02 
1659.56 9225.98 8877.91 465.352 8324.09 
5894.52 6872.62 2775.76 7678.32 5785.94 
1561.31 4825.08 7205.59 3150.9 9650.29 
5878.7 5206.98 5953.04 3046.95 7436.23 
6022.96 2804.35 7529.27 4946.56 6371.77 
797.928 4252.2 2312.65 6004.91 8076.62 
9430.67 7664.47 7302.58 8308.57 8129.82 
5626.65 4203.07 5002.43 8402.4 1881.38 
788.351 9963.72 6706.46 7993.94 3114.6 
6356.73 3872.62 8321.58 2309.75 6919.57 
5757.79 8332.71 9723.92 3287.05 3279.25 
6095.68 4084.97 7531.45 8408.33 89.8668 
5608.05 7838.98 7754.34 2910.61 6147.53 
5884.15 8537.26 350.59 886.558 6939.65 
2231.97 1674.91 6903.35 8938.43 9668.85 
17.9342 5295.14 3541.45 8339.51 7604.89 
461.007 4097.29 5937.58 184.911 7384.33 
9216.84 6280.59 1469.29 6748.27 4688.89 
1559.16 2356.31 2527.86 9313.5 5266.92 
8675.39 5197.63 3804.16 9025.98 6084.19 
743.788 1257.93 7759.1 7647.14 196.341 
7427.92 7665.07 5491.48 969.359 6004.57 
3096.35 1430.37 101.836 9033.93 1615.28 
7486.17 8250.75 7895.86 8955.46 4999.01 
2584.74 514.601 7355.31 5112.6 9828.1 
2622.21 3787.98 5025.71 6426.37 2813.94 
1109.88 7170.16 4071.88 8868.97 4817.28 
4268.22 6296.88 2482.33 9759.69 7266.24 
8486.9 2856.03 8696.61 8588.73 1889.95 
311.865 6074.89 140.683 8207.73 5030.33 
5139.69 792.448 5544.93 2494.99 5905.05 
5373.01 5117.2 9693.02 398.705 1543.56 
2506.95 1508.58 8713.72 6578.83 377.542 
3530.98 847.027 6674.42 6013.31 606.704 
3940.65 4500.19 3462.73 2637.24 3088.91 
5352.68 2949.1 9163.8 5493.36 1156.81 
4194.11 633.036 1949.26 9739.04 3128.03 
7854.31 5112.03 8245.23 7547.31 5510.74 
9788.79 54.2458 7019.32 8502.49 6633.07 
7396.86 2033.45 7480.1 4071.27 8046.77 
8086.8 8011.92 2546.94 1549.52 649.137 
5635.86 6902.2 3598.24 4799.63 2395.54 
4755.05 8993.74 3028.58 6704.31 8732.76 
6156.6 4558.6 3844.78 4401.81 2105.89 
9355.52 4190.58 2160.14 6374.82 2693.06 
8793.21 3771.67 4726.51 6273.29 7842.94 
2773.26 4360.08 5854.84 5320.21 5909.6 
6503.97 956.046 2811.78 102.194 5755.68 
5207.32 4857.24 4749.41 8235.9 1561.53 
3482.15 4392.48 6120.13 7326.93 8794.3 
8226.02 6682.43 2984.87 386.145 3057.23 
5677.92 9179.36 6828.9 404.418 5452.63 
4671.82 3177.68 9812.71 526.637 8497.89 
5722.29 7030.61 9453.93 8534.07 7132.8 
5209.6 3741.37 1990.03 9959 1977.25 
3551.56 3441.14 6369.73 9671.69 768.053 
5164.02 7897.7 7450.48 8148.88 8283.85 
507.701 3826.79 7463.18 7336.6 4231.21 
2915.8 2008.4 7408.89 2728.49 2535.04 
5906.76 8450.78 9565.65 5360.67 6984.83 
6698.43 570.251 726.186 8688.46 529.236 
2703.44 2240.01 3970.37 9073.17 1911.69 
4738.43 4237.17 9809.39 2188.89 2386.04 
8093.22 2696.59 6212.82 5556.38 33.1768 
444.014 8472.18 2041.58 7852.9 1200.66 
4576.61 3759.64 9651.44 4142.25 9120.31 
6636.25 840.662 9690.56 7362.44 9529.13 
219.78 65.8588 1769.12 4190.15 9139.03 
3680.81 8928.58 3376.18 3490.18 1117.46 
5762.22 1583.39 3814.05 1975.03 7139.77 
3847.23 2419.04 5611.94 5888.81 271.925 
6812.59 465.403 4031.56 6464.01 4607.65 
3151.86 3100.25 5448.31 2842.4 462.67 
4977.42 3062.18 528.529 6746.54 7252.34 
9667.56 427.335 6180.9 3043.73 3917.52 
7298.36 8805.95 5500.9 1112.39 780.958 
2640.66 4959.62 3200 8252.59 848.405 
3471.93 5065.17 1313.81 7503.49 1529.16 
5921.46 655.33 4629.41 1369.75 3497.73 
5092.08 6347.17 6559.91 5620.61 3093.69 
3812.23 5288.15 3521.03 9993.13 8331.88 
7438.55 7291.47 7137.81 2939.44 8403.86 
7918.77 5580.09 3363.46 1118.75 3832.67 
4211.87 4590.68 8897.84 5525.67 2094.15 
426.984 1447.11 2749.48 5056.4 2816.86 
6247.21 148.461 9164.03 2807.11 5769.07 
2257.71 6619.34 1057.21 5778.74 6612.46 
9389.08 3217.27 3903.91 6526.88 6156.71 
2307.75 4445.63 1736.78 5671.22 5564.38 
5569.45 9883.08 155.039 4467.27 5408.74 
2249.19 4894.26 6855.85 4998.67 9950.65 
9672.72 1245.86 99.0965 8836.73 4052.97 
5868.17 1094.42 672.29 6925.37 6873.16 
7284.75 6314.44 90.4162 1188.64 2841.3 
6247.12 3496.4 7286.93 7983.9 9167.61 
2851.29 3553.34 9050.68 3006.33 8020.61 
4459.4 5255.52 2914.85 1315.24 254.166 
2865.49 987.94 1500.02 2964.58 9824.67 
5552.99 8832.75 919.08 6225.28 5758.11 
7792.24 3510.01 2072.53 7882.66 4698.65 
4913.83 4129.76 8195.05 2200.75 2113.65 
7362.64 5052.04 5666.99 6413.3 8058.37 
3687.59 872.686 3313.87 6602.44 2187.93 
3568.04 9467.93 3175.87 5068.06 2432.49 
3000.52 621.035 1265.23 3919.6 6846.32 
7023.33 1711.83 356.309 9095.87 9594.49 
5054.96 4009.68 3724.23 3249.99 6210.43 
5837.88 612.611 1262.45 1504.86 7025.91 
9320.82 5192.44 7898.6 2634.67 1794.87 
86.5061 6202.71 1262.77 3262.37 1270.75 
3695.27 6262.89 1891.79 4960.49 182.475 
8738.1 1983.81 1894.3 9094.41 1079.66 
1488.77 4149.36 5089.35 5213 7399.34 
1299.76 1050.87 8011.96 2562.21 2555.73 
5037.85 1883.02 7748.17 2936.43 4517.69 
9543.04 3022.94 720.387 805.797 6285.31 
1991.14 4501.06 2548.18 3882.93 9461.56 
2730.66 2621.02 1445.35 4624.96 1715.41 
2525.02 6113.73 5864.77 7614.37 1326.72 
3264.1 8914.13 2377.59 1276.03 1476.32 
4933.32 6313.88 3359.34 2681.47 9250.32 
7877.04 2224.5 2273.24 8597.42 3030.29 
8558.54 588.547 7531.36 1106.71 4471.48 
6992.9 3837.37 7092.5 8438.25 8462.33 
8807.91 963.254 4576.04 4672.66 8577.62 
5902.76 7936.76 7491.73 8280.35 9212.79 
8968.05 3213.65 5526.66 2327.38 5895.12 
4776.96 204.398 8119.61 7050.2 8801.82 
1149.89 5608.72 9390.37 8681.25 6715.44 
3861.83 5674.13 552.788 954.306 4112.36 
9015.12 9762.22 5075.62 3591.14 4434.86 
3653.22 9493.91 2371.6 1144.93 7774.24 
1584.38 112.971 987.865 7111.04 2440.35 
6882.98 1887.99 2644.75 5002.58 8938.19 
1446.55 6152.47 4546.89 836.903 4833.7 
1262.31 4698.73 507.811 1815.1 5653.04 
4620.17 830.2 5415.24 9695.79 4421.35 
9850.1 3349 3915.23 2221.68 4493.93 
1689.45 3806.07 4606.9 2677.32 917.093 
7047.25 9560.3 2805.08 9692 4562.87 
1743.25 1138.53 715.321 6290.14 1975.44 
5549.02 7552.46 6674.17 6056.83 9367.55 
2327.19 676.99 197.738 7742.42 372.764 
4619.08 7592.5 3721.76 8534.32 9814.19 
8215.69 223.752 3620.24 2822.57 2901.07 
4537.33 9869.82 2461.35 7342.41 9561.8 
7024.22 9085.66 700.32 7739.54 5375.79 
2675.76 3288.55 2928.23 9349.93 9345.38 
2295.77 1677.1 22.3522 2493.5 9419.52 
395.117 7112.59 7012.01 4116.88 5646.89 
6826.18 2332.55 5870.64 446.403 5155.12 
8771.71 4983.73 5024.92 1233.04 2326.13 
4586.71 8257.26 1411.78 5287.03 5996.79 
6787.57 7962.79 9285.33 9715.79 7312.7 
8630.7 2011.54 8989.79 8653.05 4505.05 
8409.3 9048.17 1617.62 5421.29 3165.02 
7264.5 2247.45 5497.57 3135.12 2693.86 
652.675 1906.81 7677.59 5677.6 3139.86 
3.70515 264.292 1397.1 1415.48 5551.32 
7393.89 8203.05 3514.09 6679.21 7918.82 
826.771 5309.89 9930.37 9816.56 3962.92 
4435.39 8225.84 3011.07 6053.01 3647.11 
6176.09 3317.49 5894.57 1673.65 6452.62 
8588.43 2326.32 8359.43 6266 8003.92 
1499.27 6269.71 8268.21 2896.37 7685.19 
3819.52 290.247 5888.22 7333.61 6969.45 
3807.02 8160.38 2279.33 3737.37 7976.93 
6242.24 8172.77 6202.75 9253.31 4225.76 
9849.87 5429.39 7543.25 5744.42 7103.04 
3995.85 4332.83 9429.36 2355.27 598.813 
7433.27 3854.54 6868.52 5701.46 6750.91 
4553.69 9520.98 7041.16 441.888 6854.58 
4010.6 4248.91 5014.94 6289.92 7986.28 
2991.86 2532.15 6159.03 9194.61 1785.45 
384.777 9044.46 7214.83 7928.03 4788.87 
4317.85 1923.87 9121.7 3747.2 4279.14 
9720.51 1180.45 8133.68 6589.01 6881.91 
4884.57 1142.68 6402.88 1925.72 1584.57 
3257.44 5936.31 5833.48 8272.38 2226.22 
3819.75 1264.22 4758.37 9978.78 458.818 
6543.81 363.543 9503.28 3758.63 8291.57 
4292.13 8076.48 215.426 3413.81 1823.66 
4494.56 3134.31 3004.11 2628.22 9723.32 
9886.02 7512.8 865.981 6288.88 9438.51 
2450.55 9546.32 5374.81 8284.03 7818.69 
7601.03 2103.77 9082.91 2359.38 2082.53 
9541.73 8903.19 2446.08 9044.99 2661.8 
737.633 3337.11 738.267 953.059 6750.92 
2561.93 5447.62 9885.23 5566.04 8075.85 
9608.53 5452.05 5588.63 474.491 1740.91 
5027.13 2925.04 1287.22 401.918 1209.06 
9105.91 8002.94 3312.82 8188.8 362.304 
5395.35 7730.51 9265.49 7841.43 6775.49 
1927.28 8579.06 112.585 2665.54 9532.12 
6863.51 5227.47 4979.73 6748.72 793.498 
3055.56 6357.23 6245.54 8644.19 6831.72 
7986.46 3671.3 9756.76 9273.68 4073.22 
965.799 8379.56 2076.15 4278.62 6568.35 
2438.45 9673.98 4298.85 1703.92 7515.39 
1074.32 3631.2 6094.44 1186.91 6296.74 
5626.54 8050.41 1524.2 606.255 4799.11 
2317.7 3661.81 1156.32 8563.24 2305.99 
7988.04 6549.68 5977.29 7744.78 5823.34 
50.4866 8710.58 4202.89 2126.63 2989.19 
771.221 4565.08 2663.15 5070.07 6269 
178.52 6144.39 9900.21 6272.96 7331.3 
6196.93 1899.48 5381.69 7721.13 2505.74 
180.789 38.8111 6167.55 1337.11 8602.05 
8473.54 9325.15 5151.72 4450.81 7069.92 
975.044 4501.3 5780.48 5177.93 6627.93 
8769.67 5949.15 1192.99 1432.8 1019.2 
7462 1611.32 7163.59 7362.18 7884.27 
4494.87 3559.1 9783.76 9876.56 1280.21 
2289.48 57.3368 1319.02 8457.03 1394.45 
9921.08 6930.55 719.585 5072.78 1381.34 
7789.5 6047.82 5882.64 3569.97 1225.74 
2510.55 2339.62 7174.89 3703.54 3772.42 
8194.09 1165.52 5383.74 5357.67 8527.7 
3268 9852.54 2086.78 3051.74 9729.09 
3366.99 5341.22 9786.43 4686.02 3798.23 
1180.86 4607.07 728.764 1900.45 9679.85 
2110.11 9689.95 5727.66 7992.75 3259.9 
6953.39 503.281 5599.52 4128.27 4206.82 
9371.94 2322.35 5372.34 4755.66 7680.02 
3900.02 8023.66 7532.54 5986.81 1075.38 
7261.62 9353.8 6416.6 7048.03 4039.8 
214.808 8228.89 8646.87 943.571 129.322 
8326.71 3053.68 9819.27 4054.35 1046.41 
3079.16 1007.73 1549.69 8678.68 5136 
5756.51 8050.6 7458.34 1128.84 2806.25 
5138.34 5028.86 829.895 2670.87 1015.65 
1905.28 9932.49 369.436 8321.87 6980.5 
4409.24 8536.68 5209.38 3056.09 9480.25 
5338.7 1382.79 2533.91 5157.95 5437.14 
3580.32 8237.11 6444.86 5130.02 6915.77 
1580.84 886.512 4966.36 9039.18 2015.35 
7772.61 4177.51 7044.21 8602.5 6848.38 
8059.86 507.76 6780.85 8429.3 8829.63 
3761.33 2838.52 7366.3 8970.71 5894.61 
6846.53 4309.4 7277.4 9380.44 9467.35 
2714.52 2960.75 7704.44 9159.38 8090.77 
4620.19 740.207 8977.28 9586.55 9779.39 
992.608 7359.14 3956.88 8036.82 5961.62 
805.243 6096.66 6469.38 7586.09 4525.94 
5299 1347.41 7364.46 2665.28 318.102 
3259.05 9511.81 4627.5 536.433 8892.23 
4094.83 3250.95 1852.96 1799.25 2410.31 
9943.73 6419.44 3150.52 8920.99 6005.98 
2929.9 9913.6 3365.1 6886.78 7950.4 
9326.72 7692.02 4047.04 5796.09 5278.1 
8572.99 1095.07 6625.5 5937.43 3760.34 
6943.6 9196.48 3272.13 1571.08 9732.92 
2164.34 5665.91 2983.85 4017.31 7465.17 
5394.16 3961.02 3884.59 8544.68 2881.99 
9890.57 1474.56 2795.57 3255.65 8361.34 
745.949 2582.35 6053.35 4792.99 8378.44 
1331.42 3365.96 9473.5 7956.93 9303.39 
3233.83 4900.51 8499.85 6505.96 6471.6 
8232.75 8670.3 2137.49 1216.58 2687.6 
9602.66 6610.75 6648.62 3487.24 5155.41 
9530.61 3377.79 6629.98 2326.16 6633.44 
4991.3 3072.11 9215.79 1044.63 7865.1 
7594.21 2376.05 1231.04 7067.7 332.961 
534.411 301.516 5233.47 9034.26 6807.48 
1705.05 7267 5477.77 3842.55 8483.58 
8165.36 3445.19 5094.31 4813.96 6932.43 
249.709 4344.55 310.198 6879.69 6670.71 
6943.64 1870.97 9742.81 6159.41 2915.6 
7607.89 3753.61 5291.65 8838.93 821.298 
5624.61 9373.35 1122.81 858.068 8407.59 
7930.29 2563.12 5674.57 3408.04 6405.67 
4158.14 1573.38 9850.86 9252.45 6387.34 
6783.27 9502.16 731.873 7093.47 6381.83 
7402.58 4037.09 8252.8 7145.38 196.485 
1168.38 4753.25 3950.1 6460.03 3592.17 
4771.4 2084.63 2965.5 5894.21 2942.69 
1373.08 3824.48 5505.82 7047.65 7232.52 
1911.47 1205.77 8805.91 1762.31 458.209 
5193.23 8545.58 9960.37 5925.1 5639.03 
6342.18 3327.67 9676.12 4594.96 473.024 
9872.6 5763.35 5226.28 3822.68 2223.36 
8818.45 8594.08 4307.99 1783.93 4488.27 
7250.68 3157.01 8312.75 2756.48 204.639 
5545.26 4667.95 1410.41 4351.15 6430.26 
1868.62 9544.38 4975.82 1828.97 5469.46 
614.835 8171.16 8797.13 290.936 2766.1 
9270.15 163.521 8529.45 4496.41 3986.2 
752.793 3314.84 2580.26 5060.78 5098.77 
7068.53 2311.44 8255.78 5381.27 5067.92 
8460.42 926.513 9735.87 9870.83 5277.66 
6166.11 1739.44 4822.02 1141.92 3568.41 
291.469 1756.75 1739.55 9088.6 2047.69 
4505.66 8358.74 2211.21 3035.09 2855.13 
6197.42 3787.88 6169.98 8777.68 8848.66 
1268.73 5846.2 1160.09 9524.51 1227.45 
6228.01 7984.91 2153.96 5963.86 7855.73 
7431.62 2129.96 9595.17 2253.63 3271.88 
3163.56 2545.1 5028.64 4903.11 1633.68 
7076.33 9408.77 9992.42 9287.54 2443.84 
2847.53 5484.94 6231.72 9017.5 4262.6 
5080.37 286.219 108.779 6240.45 9810.73 
1336.23 2468.45 7795.63 3490.19 8432.31 
5651.34 921.8 562.255 5246.49 3175.43 
3834.14 8410.05 5720.53 8862.77 3313.14 
7354.21 5939.08 2721.89 7346.6 5226.6 
5165.73 194.117 711.522 1397.43 9211.62 
4974.12 6477.8 9497.84 5082.9 2718.23 
9308.56 6419.13 5186.68 7104.17 9909.32 
3618.97 2755.49 831.107 4181.23 8001.98 
4006.54 8015.37 6412.01 9727.06 6878.12 
9725.14 7081.25 2817.18 2447.02 4427.84 
8043.79 7612.75 4621.96 8755.31 9010.18 
3833.56 3729.41 5487.96 3331.39 8812.31 
8206.19 2639.92 5231.43 3392.86 9744.09 
5140.74 7011.83 2499.56 5971.84 1193.04 
501.52 9978.38 9208.41 6913.53 9705.42 
6086.51 6638.65 6786.66 8903.7 9085.67 
1214.48 6947.47 6698.4 5836.43 5702.76 
5708.56 9670 9432.17 1196.5 3001.36 
8244.47 9402.69 5641.29 3475.88 2795.53 
5385.36 8616.62 9807.37 7884.92 4588.44 
1000.39 8386.44 4566.8 208.784 5299.95 
4272.21 6295.3 1938.59 1058.85 5198.98 
1024.24 2273.33 2146.42 7722.64 8109.76 
7849.18 3431.18 7779.74 7281.33 4627.68 
781.084 5525.79 4030.36 6422.37 9001.67 
6825.89 1807.71 7618.26 6633.24 9692.63 
2206.69 7633.63 8079.06 6773.49 7842.41 
3378.99 1045.68 4137.69 5317.58 2104.53 
9336.67 6341.82 4377.85 1483.08 4064.44 
2487.6 9332.26 7495.62 267.318 6613.57 
2123.28 1048.4 2139.34 6153.64 7470.77 
1140.99 2979.51 9278.48 8759.26 9612.75 
8971.1 965.929 7246.36 7050.14 7739.42 
5088.76 429.113 8785.1 9226.45 5746.69 
889.614 8563.11 2088.49 5267.47 46.1636 
6152.92 7755.07 9378.42 3648.52 8022.38 
5991.98 5771.8 9070.79 8131.32 1925.42 
6541.54 9272.31 4904.93 5820.01 8031.55 
4517.66 4791.09 8997.48 1764.01 1841.21 
6736.89 6852.77 2270.33 5521.97 6079.2 
8017.01 6411.59 4642.29 105.485 1679.04 
4688.46 6258.41 9434.1 4066.86 9906.93 
7456.47 58.8189 5678.72 6527.24 8190.14 
7604.14 3068.76 7462.44 2509.05 8888.77 
5493.97 7026.71 3679.84 4491.44 8790.72 
5521.06 1228.31 5643.47 7791.38 6750.28 
1722.65 5808.38 3161.85 6364.94 5913.86 
4840.89 1053.38 2172.25 4274.97 5120.24 
2079.17 1731.42 5179.06 7757.88 8258.66 
3369.18 5362 1327.41 831.604 7871.05 
216.158 6325.58 4897.75 3896 817.002 
3688.45 9417.06 2045.31 9331.91 7208.42 
8795.59 1054.55 3016.78 1957.43 7419.49 
8930.64 6798.31 8472.88 1102.88 1073.27 
3593.1 3182.05 2804.69 8772.16 939.918 
1063.34 2141.33 6301.92 2390.75 2972.93 
4172.96 2606.9 9298.51 9070.7 6502.9 
115.494 2759.13 5919.94 2160.81 2091.03 
3128.34 956.383 3145.58 6145.13 2913.81 
565.055 5075.75 9712.12 9037.93 6178.64 
785.373 2631.02 9360.69 3590.07 1403.16 
300.586 4653.4 3544.49 6602.51 7044.15 
6517.42 775.447 9651.05 5815.91 9846.15 
6153.94 5931.41 2605.27 2073.86 8092.21 
4696.29 5202.21 9048.6 7841.87 1347.32 
1962.39 8406.93 6423.07 1674.49 7444.84 
2601.69 2459.87 75.8411 1962.36 6049.93 
1479 2262.94 703.319 5023.49 8865.45 
7747.47 1540.89 9640.9 7398.5 7356.8 
9487.03 3552.43 3288.19 2092.28 5626.29 
1380.39 6788.57 828.484 428.968 4630.43 
2175.8 2391.36 3037.34 8598.88 4065.85 
482.162 1200.55 6525.72 558.003 3162.91 
2575.63 2037 5425.85 3278.95 7060.5 
4291.29 1026.4 8601.39 3932.17 8424.91 
5958.18 3419.18 1977.31 9246.37 5511.46 
7603.61 626.742 2300.02 8432.09 1055.71 
6930.45 607.875 3447.07 9967.78 9206.75 
7512.92 449.928 407.28 4038.62 1007.93 
3570.19 6614.25 3044.94 8996.04 9893.2 
105.413 3287.31 919.581 8706.8 7219.47 
9344.49 4664.96 638.638 1321.78 3911.31 
6150.1 8925.39 4538.05 8450.12 7357.46 
5593.76 5380.55 7965.34 9040.83 5348.31 
7172.07 6553.73 5798.24 7579.35 592.328 
6806.17 1149.52 7206.57 9851.1 145.54 
7099.75 9956.52 3432.85 8019.33 8663.3 
652.302 7363.8 3328.24 1290.94 8685.59 
7239.55 7441.04 7610.96 1777.59 5891.14 
4968.4 7371.35 1271.67 2933.72 6412.17 
6619.98 105.777 2965.88 2418.2 7685.13 
3558.21 9224.37 8834.65 764.764 9075.46 
8980.19 7864.52 9031.96 2413.01 5883.83 
7695.25 3065.32 3247.62 1023.47 4356.26 
1933.19 8263.03 1797.28 9544.15 40.5992 
7688.42 4512.54 7411.95 8960.09 7446.26 
3824.1 5580.05 7552.04 6789.98 7998.25 
5237.15 348.171 7222.61 4071.78 1112.94 
6298.05 3051.95 8977.45 5330 5464.96 
4861.27 3025.23 8530.28 8108.89 4048.7 
2886.52 42.0642 2311.71 4683.8 9586.21 
2352.31 2372.2 4098.73 9764.26 1332.27 
1544.98 3588.34 6912.32 9097.01 378.308 
4910.55 4334.15 726.479 2133.14 8405.92 
1839.41 8431.2 1457.85 816.85 3761.18 
6922.82 5678.12 6786.4 5453.08 3786.99 
835.086 8339.6 3829.06 3146.79 3023.37 
3415.25 5499.1 5395.57 7513.99 5263.34 
6727.83 9058.96 8851.69 3640.13 8155.96 
9229.99 8550.69 2490.09 9956.47 683.813 
895.998 1795.87 9115.01 2353.85 2612.72 
2876.17 9276.67 8290.84 9662.58 4729.73 
2077.82 497.643 3069.31 5906.88 3644.44 
6092.68 9322.13 9143.54 1488.24 6836.1 
4406.86 8216.07 5895.05 3258.53 1856.19 
4050.99 2488.51 406.858 6541.08 2444.96 
1090.67 7437.08 4240.83 205.664 9790.93 
6853.55 3081.83 9067.59 5144.38 2744.39 
3797.3 7222.2 3242.04 6866.61 3129.06 
6886.47 2959.28 2451.17 6029.99 4447.51 
9287.27 436.835 2663.57 5182.31 3695.36 
4519.76 9233.3 6183.87 4926.62 5774.37 
8628.83 6017.29 3211.43 2869.65 6222.95 
3002.35 9723.21 9304.78 2069.92 4867.57 
2049.16 5867.22 2089.75 5291.19 2733.81 
5218.8 2177.65 5693.09 7669.97 8207.64 
140.583 6957.23 8644.48 2804.15 2139.52 
2339.82 7323.91 1372.8 8523.69 2250.51 
7147.17 7152.51 8267.79 358.579 22.1442 
4490.73 3360.93 9745.35 3795.49 5430.84 
4612.9 5844.65 1298.04 6702.64 1135.83 
4031.85 1921.43 3313.48 9724.94 9591.4 
1521.1 9865.52 6548.61 165.564 2669.65 
8688.13 2505.39 9993.56 60.9138 1029.06 
2244.05 7208.08 8181.58 511.831 7566.66 
8203.72 5002.56 927.566 7949.05 8798.05 
6358.41 2561.93 4642.68 7656.45 9264.58 
5778.51 1688.28 1185.99 9092 1413.2 
777.37 613.083 1278.7 7325.98 778.647 
3948.36 6014.1 3284.03 3941.9 6075.01 
4313.1 6185.96 3283.07 2494.66 6697.79 
849.714 698.361 1700.33 1777.28 8647.41 
498.361 8135.69 1209.33 5141.05 5792.12 
473.887 919.543 7480.4 1659.87 11.5205 
8893.6 2437.24 624.603 172.28 9763.23 
1403.25 4120.63 5777.3 4687.28 8062.54 
1852.3 9000.38 4248.48 5135.37 1495.03 
946.249 5985.08 2193.39 2646.58 7762.36 
840.783 3144.94 5898.03 2050.11 8285.98 
1690.13 2524 9205.53 9170.53 4183.87 
9217.05 8064.11 6621.12 9841.65 8236.39 
6384.32 1244.88 2357.01 2161.61 5932.17 
419.528 4013.91 4932.54 4668.01 9149.28 
6427.56 5614.25 5134.35 8620.95 8260.83 
2896.69 9461.73 1405.75 8794.73 1511.83 
9691.74 484.843 4035.83 8897.25 9655.38 
8219.7 8114.28 7719.47 4840.8 7955.91 
5955.84 1225.1 9200.79 8312.85 3386.71 
5132.94 8732.38 7400.62 65.4626 3400.36 
6549.88 6493.02 9014.62 1684.21 5113.95 
7275.43 4580.9 4575.67 8681.19 3375.61 
6087.49 8372.91 3860.46 123.302 7270.14 
3515.81 8343 5384.4 1235.26 3183.78 
3340.29 7191.1 4408.88 2541.07 5503.93 
7795.59 7674.01 4236.29 5196.2 7739.47 
7636.65 1746.06 4232.48 6651.25 3430.27 
9346.43 3926.67 8011.17 3922.08 2607.84 
1386.77 9.56066 980.727 5247.23 132.862 
8250.86 8763.04 8475.86 3635.24 9998.3 
1659.62 6975.53 7189.39 6068.5 9516.6 
2693.3 3864.08 7190.59 6929.59 9060.27 
4930.05 4566.23 806.314 9162.53 1217.47 
4236.59 8508.95 5144.14 2247.74 2431.02 
7751.98 3634.51 2440.58 8732.7 8881.74 
2573.44 6983.55 7644.76 1049.28 618.776 
7643.05 2708.91 7594.31 4832.42 8777.41 
7110.89 7525.72 2641.47 4301.47 4455.3 
1701.72 9231.52 9021.53 2508.03 8394.04 
238.984 6744.62 6902.97 5383.12 8992.36 
9333.99 3135.08 2626.86 1774.54 1867.77 
1508.58 4347.98 8851.32 9153.35 5397.27 
9470.09 6796.38 8106.17 7064.39 1628.78 
6883.56 4175.26 9154.5 9525.03 8476.73 
3609.79 1226.73 7708.24 2631.3 3734.76 
6102.26 2870.29 479.365 3005.21 8253.41 
9471.73 2339.17 1388.47 2098.57 4113.72 
3256.24 3607.16 8461.7 2107.54 2760.49 
3858.95 1577.62 9556.87 1965.11 8642 
1185.63 8848.67 2817.25 340.116 8373.68 
1293.96 3949.9 9600.41 9002.19 6581.21 
3335.16 5104.43 9451.49 3814.52 8109.64 
7704.88 3286.23 448.797 9093.35 5384.81 
4562.52 2349.57 8991.96 3024.2 4457.11 
1752.43 6883.16 6034.73 1309.28 8848.27 
4676.71 2494.91 7696.92 7493.96 2835.03 
6070.59 8787.92 6784.93 5670.98 7790.09 
3366.12 9006.14 2894.51 2817.59 2820.65 
1004.13 522.456 6106.88 1452.93 9615.81 
1491.67 6015.45 1965.37 483.618 9039.65 
