100 5
9820.4 9042.01 4871.25 1752.56 8125.31 
7727.71 4888.44 9059.43 8665.62 8976.32 
371.851 7535.53 1104.19 6821.3 3515.63 
4460.55 841.585 7593.52 6847.51 7882.79 
2495.28 4511 5580.19 9338.97 4348.23 
5429.73 4358 5002.47 2800.48 3138.97 
6869.26 2620.86 2180.97 1740.5 4373.42 
306.254 9468.21 9261.87 9365.68 8133.81 
8238.17 9737.53 5669.33 9342.37 6558.82 
9184.96 3802.9 7400.4 6778.46 650.396 
5283.17 9273.74 5161.4 863.348 8612.69 
9509.63 6293.08 2970.67 4512.08 9093.56 
6109.64 1381.33 1714.4 8290.61 3121.83 
6087.82 8596.86 2590.02 5349.67 7962.52 
723.816 3587.82 7700.04 6393.14 2930.17 
4258.84 5578.08 6733.07 1659.22 2356.53 
7383.47 6942.39 1630.24 2544.85 7805.74 
242.917 2054.46 4098.81 3213.59 6566.54 
3192.34 9323.23 7947.87 4906.74 7613.82 
1069.69 994.546 6210.66 3659.71 6344.21 
4173.17 4383.53 9932.04 1873.19 776.653 
2862.19 6132.03 6354.74 9595.26 7791.25 
8711.26 6978.71 4733.63 341.489 9523.56 
2539.35 584.405 1578 6638.16 3797.99 
8144.54 9830.5 3121.2 6092.4 4737.23 
735.004 7162.09 5731.77 6945.66 821.783 
2075.97 1118.82 5205.31 2007.99 2992 
5981.96 4870.18 9124.03 2336.68 4465.43 
6915.26 1047.93 1444.13 1648.87 1389.41 
967.669 4188.22 1973.82 2545.67 826.364 
5771.81 690.198 656.847 8893.02 6782.6 
5394.07 9628.02 3944.67 1125.83 6573.67 
4766.45 3201.8 7692.48 9971.76 5209.79 
684.471 5953.71 79.9571 9808.5 8290.39 
4545.39 6723.75 9338.32 5989.51 8372.62 
727.717 6957.18 2560.83 2701.54 9502.85 
3387.19 8473.35 193.035 4044.04 7366.35 
6975.63 9438.11 6994.35 920.288 563.926 
3568 5686.74 3765.72 1260.47 5658.49 
8975.51 1944.94 1612.18 9055.47 1753.43 
9902.58 3600.84 8477.18 9240.88 9590.36 
6849.78 9968.59 6547.52 9410.61 2670.11 
6050.36 2797.79 1143.45 6243.39 6841.83 
8509.8 3219.01 6279.93 5504.14 4139.3 
6843.85 9072.14 9826.04 609.559 332.592 
5484.51 9585.07 2277.53 7096.69 8640.53 
4030.96 6999.25 2241.35 2508.12 6240.11 
1831.69 9357.9 6208.69 8379.22 8768.49 
8878.8 4429.56 1566.26 22.2359 672.936 
8408.09 8532.04 3891.95 4688 4036.15 
8031.25 1531.83 3108.28 7857.27 2141.39 
3440.87 3341.76 1726.45 5718.4 438.44 
366.963 9749.36 7437.69 2608.32 2257.46 
3677.79 4440.01 1615.34 9886.47 2819.21 
383.815 8765.26 7248.77 1950.08 8787.5 
7921.7 358.152 7319.52 1813.63 5046.15 
1355.65 9844.88 6577.99 4463.93 7702.13 
8719.38 7904.79 1043.88 445.815 3623.18 
1482.32 812.778 3372.52 8920.01 3421.09 
5629.98 2597.78 7861.1 7245.32 2484.24 
680.297 7629.13 1249.48 7929.06 9579.21 
36.963 5850.75 9937.36 7356.48 7664.38 
4983.5 8712.13 7509.25 1561.47 3176.04 
5211.36 280.833 1080.82 6255.24 726.649 
4704 7737.56 1539.43 8076.52 6657.55 
4960.52 3706.48 9255.33 2821.61 951.781 
1739.55 3501.91 8580.92 2989.03 1430.95 
8160.11 3026 7281.7 8097.46 382.458 
4946.07 3080.94 9094.59 2455.3 4642.41 
2270.61 7666.66 4923.24 3351.43 3921.89 
5649.89 8055.43 1659.43 7189.32 6131.93 
8316.98 2149.82 9838.41 7572.3 4971.43 
790.172 9311.85 8473.33 9371.09 2300.87 
9904.29 7531.18 5326.86 7185.97 5628.62 
5709.32 2132.03 8709.56 4803.89 4587.33 
3351.95 7074.5 2253.97 8275.19 425.917 
6175.86 3925.06 8481.35 7835.29 1114.36 
4613.26 6152.26 3264.18 4451.65 3724.54 
8235.61 5241.82 3036.38 6708.92 4612.89 
5337.24 6613.19 2144.05 664.087 3799.15 
7772.67 6373.41 5931.17 6482.21 1177.28 
518.484 9834.16 8251.78 2772.46 8109.33 
8677.7 8948.32 2034.38 7159.03 6783.6 
3148.73 1772.27 2935.84 6412.91 6223.92 
6660.39 4648.5 1465.72 9696.76 1357.41 
6078.61 5033.99 7970.6 8222.67 5698.08 
1769.73 5995.32 2071.47 7700.91 2477.52 
3248.75 8219.39 2311.66 1500.51 991.831 
420.974 178.198 9940.15 2455.35 7337.23 
6723.73 5604.08 9109.5 9659.58 2016.98 
5333.4 6319.94 6665.48 6799.12 6016.69 
8022.89 2877.72 1050.66 5993.48 1100.36 
6748.74 7763.21 7095.68 8820.2 5464.1 
9573.2 2068.93 3683.47 1884.84 3569.45 
4675.31 2305.81 3747.64 4615.44 4761.16 
1084.86 1339.16 365.229 194.337 998.716 
2382.21 5527.74 7318.66 9047.69 2326.84 
3335.33 7070.57 5204.56 4386 3064.03 
6304.92 1134.72 827.226 3400.58 9954.92 
6291.33 2973.77 2023.83 9974.8 4858.61 
