900 5
1032.1 9542.52 441.758 1958.8 9120.34 
889.15 2383.52 5841.06 8997.48 1122.59 
3332.24 3341.45 7386.69 6183.64 8750.07 
5442.29 5168.94 7986.16 6873.72 1609.58 
9990.85 5722.92 4505.99 4098.79 6597.65 
6482.68 5251.62 6653.37 3073.66 6974.66 
2505.5 4105.76 6517.17 2947.26 6064.56 
5637.49 3836.41 8448.08 1478.53 2833.87 
9570.67 4810.77 6175.31 6957.34 994.396 
4925.37 2399.62 6163.34 2911.51 9273.34 
7772.91 2902.34 4996.24 2278.88 7001.14 
1593.87 8761.57 2252.74 8247.24 1835.21 
9227.4 752.724 5940.97 5744.55 3699.98 
2005.52 1382.02 7536.39 453.583 2860.55 
370.242 24.2329 7671.32 6545.56 6981.57 
8665.72 1470.91 9381.19 4829.04 4382.42 
8654.51 2601.94 7284.76 3650.73 4880.82 
4285.88 5244.6 3642.37 6538.62 3491.82 
5477.58 5766 4244.55 1418.54 1510.54 
7944.53 3424.06 2892.56 5480.9 3877.64 
5753.11 5851.14 3901.87 3424.42 2396.68 
883.426 2090.12 3867.59 264.596 6919.16 
8250.01 8919.1 9521.1 5534.75 2569.82 
4401.9 9820.63 7814.42 8044.27 6359.24 
1306.22 3521.84 2125.22 5550.77 4940.38 
3635.76 3495.28 8364.43 6528.32 8976.18 
2242.06 2281.41 4827.31 6143.93 5705.83 
7223.99 7027.35 7795.95 1091.57 7291.95 
4715.09 9341.57 6211.04 4236.17 4876.31 
8780.85 8638.07 4696.92 6595.25 6682.33 
1056.14 7901.48 204.151 3181.36 3452.23 
5144.53 6817.12 6947.51 3508.94 3345.42 
5923.68 5751 5626.84 750.974 1894.91 
1332.65 7974.97 8922.26 9128.59 9066.54 
6214.19 3843.67 8408.09 2425.21 8079.84 
3284.38 1206.05 6717.9 7981.31 7801.3 
3400.21 9037.45 5702.77 3604.36 2218.79 
9155 8748.89 9035.92 6102.49 2257.82 
2381.32 2026.16 8008.82 8008.16 2777.13 
9903.72 9340.8 752.083 8825.97 8469.38 
9818.62 5040.15 2313.03 8226.69 7465.36 
392.853 1511.06 8671.41 7110.75 9492.37 
6472.7 510.941 8529.8 2175.44 4115.3 
748.573 1330.43 2864.17 9784.49 7432.92 
5121.99 2165.8 9459.08 3130.79 173.938 
2236.19 3034.49 9514.74 2988.28 1860.45 
7984.11 2806.88 6900.59 297.121 1033.55 
4365.94 689.974 2544.61 3037.33 7800.72 
2036.96 9510.02 8311.66 566.742 1685.45 
2426.95 1315.31 3015.88 5291.12 1099.79 
448.782 413.088 3265.58 9907.86 3543.87 
3439.52 2144.03 6578.37 2954.25 5132.31 
8438.81 938.337 7939.19 5339.39 1235.46 
8972.74 9705.33 1925.43 1517.34 2742.64 
9726.15 3554.3 2252.65 8037.8 4121.04 
3938.1 464.729 5436.35 6953.98 5755.85 
6536.14 7402.76 6168.93 9801.73 7310.6 
9712.81 3241.23 9454.64 6291.16 6195.48 
4586.93 4729.95 7133.82 2526.1 69.3275 
8369.28 1498.82 9774.66 294.69 3016.16 
2517.28 20.8264 6570.46 4769.93 8058.63 
691.48 8708.03 8523.36 6127.83 5661.99 
4279.19 2663.96 3064.74 448.103 2465.67 
375.323 160.894 5706.9 9829.96 6452.05 
1902.36 4416.88 1181.99 9036.18 6942.98 
1251.31 7405.44 8441.8 1025.95 7700.13 
1457.94 3543.23 7720.96 8028.4 8313.16 
5779.56 8719.88 7021.17 4302.9 4847.7 
2683.15 8582.09 7511.66 5747.89 9030.19 
9977.33 6123.21 9191.09 5684.21 5953.15 
5643.12 7586.58 370.011 6825.1 6622.74 
7312.99 8076.42 4028.16 5754.77 9102.37 
1728.27 7212.71 2645.59 9449.23 5241.1 
958.734 5228.78 3960.96 7979.91 9531.68 
8808.66 663.042 8113.75 6320.3 6410.93 
7143.93 6297.61 2534.12 6334.99 1981.8 
8487.27 1978.1 9568.38 8857.29 8803.2 
6191.1 6170.26 6879.6 219.247 1925.01 
5981.96 1947.52 9137.72 8627.55 1396.73 
4378.8 9586.28 6625.51 8339.76 7566.18 
6157.17 7148.41 8229.22 4270.9 3468.69 
4640.13 1414.81 9766.3 7174.25 7749.81 
1748.09 5661.51 9727.9 1316.45 4518.78 
8531.09 7507.55 689.015 5410.68 7726.8 
2614.02 1392.62 9674.32 1751.73 20.1515 
1071.03 6130.53 9606.44 7696.54 4470.28 
7172.59 3853.69 1618.67 5401.8 8124.6 
5087.36 41.9098 9539.41 4853.64 7216.16 
7289.2 6601.73 2877.65 7017.09 7918.18 
7396.43 5548.16 5425.71 8085.44 958.815 
3152.5 699.45 2351.43 2826.8 2451.18 
2371.59 3897.83 8581.71 1978 1594.36 
3051.98 9150.6 5448.05 4670.65 4552.38 
3572.63 9758.01 4594.29 3112.03 4611.63 
1810.43 401.211 1213.35 4688.08 7418.3 
9131.53 2084.5 2966.44 4557.22 169.921 
3925.25 7709.72 869.371 6276.69 536.503 
3320.55 8648.27 4434.34 1902.25 626.26 
6028.7 4954.23 9776.86 1476.73 9624.87 
4329.22 5049.37 9382.87 8923.51 8161.4 
3994.48 733.924 8562.61 5207.83 5422.01 
5980.89 4339.34 7506.5 8947.32 8896.56 
7676.43 2872.56 6606.27 8545.8 9149.24 
7142.77 1866.33 7797.5 1577.09 3768.58 
8423.76 7605.79 8722.8 8200.6 9082.52 
8347.66 2529.8 4131.87 7730.51 1453.3 
2293.25 1724.97 2187.22 855.836 6932.8 
7609.23 6836.72 1272.13 5115.72 5784.03 
168.674 2792.12 8656.58 6774.94 1337.9 
7805.81 3917.69 3204.23 5603.3 5494.78 
6972.81 4027.04 3100.55 5695.59 2227.62 
2183.05 4043.24 4757.43 6314.92 1773.73 
6210.72 8608.17 3498.7 8397.95 9464 
431.488 6007.16 6300.71 1703.62 1122.86 
2084.72 1872.29 3914.98 741.288 8647.23 
5252.88 8547.1 2564.91 8457.12 4150.38 
8059.69 5429.91 8177.42 1160.23 1125.49 
405.026 3343.28 5168.72 5162.45 9658.2 
6942.45 1373.16 8266.35 441.135 9771.11 
7730.34 872.623 5778.25 4031.04 2576.24 
6901.1 6115.76 4448.53 816.065 6857.04 
3095.74 6068.95 5404.13 5660.65 4526.05 
9554.51 3720.32 9955.96 7731.91 4880.55 
1081.43 8136.94 8223.83 6250.15 3299.37 
7882.01 3192.59 4672.53 6148.35 3633.72 
4443.62 3878.68 4506.34 221.852 7909.71 
7082.58 7122.95 4025.45 1531.09 7939.02 
882.477 4626.84 4007.95 6286.6 287.469 
8534 5841.1 4007.79 8489.94 3572.99 
8888.34 9571.37 1709.91 7112.15 5821.5 
5009.28 4994.15 9014.09 9681.82 1142.48 
2647.8 4125.42 5021.16 7154.14 4347.27 
2930.85 4236.71 1470.21 6956.3 5767.8 
9409.23 7838.78 394.621 3417.16 4125.37 
682.09 1951.14 9966.46 4689.88 441.068 
3539.44 3578.2 12.4194 5249.34 690.337 
5833.92 258.609 5684.48 4848 9940.42 
6826.96 7495.79 4065.83 1848.1 4649.92 
8413.1 4778.95 8886.62 9883.32 1735.24 
4654.4 9292.53 9574.01 5049.02 2709.67 
3699.36 5731.11 4660.82 3665.81 420.978 
5101.89 7205.24 3999.18 5114.31 2454.57 
4689.52 948.213 2713.18 373.986 5796.21 
2653.58 7200.95 3291.99 6719.41 9049.05 
7941.9 5132.5 3827.99 6828.5 5015.8 
5563.22 1482.89 4308.31 5137.22 6531.92 
7017.99 8836.58 2263.01 1678.79 2502.37 
2683.99 6780.68 9707.61 6683.17 1894.96 
2162.16 1372.68 2843.18 4875.34 1746.66 
8639.39 7528.92 8947.61 1931.36 4248.32 
7996.65 9873.26 9380.82 1824.62 6701.74 
4396.6 7387.84 8184.64 8704.92 2525.04 
4716.54 5722.89 1361.61 6979.55 7401.67 
3863.97 9663.54 4182.33 3571.57 6346.7 
6077.3 5733.73 7719.38 8920.47 609.044 
9466.04 7559.84 8137.97 8413.63 9491.2 
2386.27 6410.27 9364.44 1767.07 8234.88 
6066.17 6163.68 5622.71 4250.79 4868.58 
8147.75 8967.32 591.443 9509.36 5946.86 
7993.12 3373.31 5610.38 2175.43 6944.88 
1957.06 8252.73 2678.59 9676.44 7173.18 
3287.63 9142.46 4733.01 1425.58 7556.08 
4224.19 3811.85 3966.33 3588.62 5578.92 
2201.2 9654.79 1742.58 7823.9 3905.56 
6611.15 5971.64 2872.87 7202.6 5480.98 
8819.72 5195.69 8854.29 4430.09 7371.13 
5799.16 6387.15 5623.84 8477.74 6063.57 
2797 1765.36 5206.02 7530.01 3190.94 
2762.08 1754.19 7002.79 6728.41 5342.81 
2581.69 8929.6 4997.58 4324.27 6753.49 
8903.14 935.4 2725.11 1775.98 8137.99 
8206.09 595.69 3333.67 7060.37 5025.78 
704.781 2859.51 1412.91 6328.62 1337.24 
7476.48 9125.62 3102.6 2682.48 6655.61 
6293.54 5444.56 8409.8 3296.31 2172.95 
3752.59 5878 1102.53 8750.17 202.243 
7856.02 7653.29 1137.64 581.119 9429.28 
9275.64 8787.21 24.949 2609.29 5847.56 
5050.73 3314.07 8707.08 6463.64 9642.69 
44.2963 3940.1 8768.29 3146.89 6622.58 
5423.89 9440.43 2067.12 3833.68 2736.72 
4240.07 7586.27 8614.72 5342.61 6336.43 
8816.96 3198.61 3989.7 9954.6 3779.73 
3418.96 9230.22 2566.93 3443.91 1839.5 
8414.49 8494.63 5153.57 7121.55 4958.25 
4796.25 7165.84 8898.35 3564.52 312.721 
5520.92 8988.41 9753.15 7588.04 2822.07 
2489.86 1828.09 408.323 1104.56 7170.7 
6744.75 9921.52 369.296 734.431 9876.11 
4149.03 4153.39 9106.31 6715.95 7597.3 
945.797 5130.42 6091.91 6099.37 2251.95 
1050.15 895.6 9417.8 9948.5 4460.12 
9730.52 5469.4 3448.52 9483.66 3057.42 
6270.59 1973.5 4885.51 6678.91 3078.06 
2056.2 3423.64 2999.56 2425.49 4158.07 
2875.65 6574.52 8311.46 1981.94 3290.46 
5908.74 2927.74 8420.88 2000.64 9027.11 
672.817 3050.79 9922.71 90.5989 2999.27 
4382.82 9821.12 8468.67 7831.33 9304.76 
1526.07 4101.9 1278.24 6411.59 780.792 
4356.29 8467.78 4204.43 7355.85 893.26 
8362.5 231.482 7467.78 6673.95 2213.43 
758.218 2582.67 5141.17 9179.1 4583.31 
4168.26 9851.92 7634.1 4090.96 9942.51 
633.35 8473.77 9763.62 9102.02 6305.09 
9068.36 628.074 406.971 346.576 7039.66 
1187.76 4702.87 5507.43 5392.19 2058.7 
6400.69 3754.68 2290.18 3868.45 428.609 
4503.61 4626.67 3011.28 9644.78 3805.75 
7594.59 3813.02 3657.65 5228.67 7903.98 
3600.14 5862.02 6377.73 3363.74 4964.02 
2682.8 2432.08 5592.09 3089.77 2778.66 
2631.74 4277.54 7481.52 8139.16 9669.73 
9540.23 4539.84 3424.39 1830.39 8408.29 
3853 6334 3034.94 6864.28 5978.76 
6840.69 4458.85 9791.79 498.317 9687.52 
7695.74 4098.46 5549.52 4073.46 7462.2 
513.523 6756.26 9894.28 6105.62 9846.03 
2672.92 8737.35 4123.55 154.429 6876.5 
3793.26 9694.66 1416.32 7217.66 1525.03 
9824.61 1070.64 7859.04 2859.53 7934.92 
3837.79 9700.21 2393.76 3629.55 198.516 
2081.26 1325.28 4296.98 7630.78 5398.74 
1759.16 8144.3 2154.98 1653.43 4249.9 
2001 4326.35 2987.24 6124.55 4480.78 
9863.74 9917.82 4175.42 1280.05 7135.45 
5700.45 1104.64 8206.1 3559.47 3964.16 
6141 7397.26 3664.36 8534.75 1026.8 
3862.88 615.995 2352.08 8159.85 8246.77 
7750.82 9919.02 6391.06 9905.8 1572.43 
640.943 1906.79 5898.78 3628.18 8031.34 
379.541 3491.91 7949.14 4554.96 4771.95 
5084.58 255.395 5876.59 3290.65 3814.87 
9840.75 9431.65 1212.11 3505.1 7966.39 
2238.91 7367.98 8582.39 4590.99 5527.82 
6829.14 2341.79 5446.82 3220.18 2247.58 
7019.25 3861.13 4154.37 2918.01 7489.31 
2185.69 3297.55 981.2 134.812 7852.51 
5753.15 5219.39 8107.9 1629.73 8510.04 
1922.76 1470.46 7941.68 3134.87 4975.56 
5908.05 5373.78 2343.52 4490.42 9964.77 
7871.34 1319.55 2306.55 3318.14 4539.73 
4554.13 337.366 8400.86 8708.5 3255.37 
5890.15 894.175 6552.92 6871.35 1028.99 
4405.41 2624.49 6248.38 2513.3 4254.21 
4758.4 4436.05 5724.67 2700.06 7570.92 
700.218 8608.11 2944.69 3043.74 3098.52 
2909.44 915.062 4418.06 5215.99 4233.2 
8957.79 9770.12 4570.57 7358.63 8478.61 
7825.94 3248.77 9372.78 4378.84 120.098 
401.75 8784.25 2744.58 6650.13 1297.53 
6998.79 1408.51 5733.59 2723.45 4108.57 
3304.49 3423.67 2716.67 6249.18 6467.41 
5815.19 9158.62 7382.47 233.232 4374.59 
1615.65 9191.03 4144.7 6186.22 6549.64 
2623.29 4012.14 9798.41 1996.05 8390.99 
9918.51 2397.8 7175.22 2663.07 9047.92 
8472.76 9661.87 456.417 4206.33 2385.3 
4564.99 7510.82 5808.97 7281.66 3759.98 
2276.36 3096.82 2918.58 9658.83 3330.06 
7293.17 1274.47 2521.07 1437.85 7460.69 
9070.71 4061.14 1472.81 8869.1 6057.19 
9863.8 8787.59 8454.99 7039.01 1450.65 
7502.9 5511.75 1112.5 7959.31 9718.07 
3497.8 2524.28 7228.88 9306.77 9805.94 
988.838 1583.12 2902.75 3907.42 1241.94 
6232.8 1200.57 2516.41 8753.87 2638.43 
9977.09 7824.56 6699.57 1449.89 6693.65 
2756.74 1313.67 5481.23 1211.71 8352.68 
6931.88 8714.6 3864.41 8044.38 6673.9 
3582.47 1542.16 9198.18 811.327 848.92 
9004.11 1800.17 2432.04 1906.83 5707.58 
3673.98 8139.64 6908.16 6190.38 6893.49 
9546.59 6167.46 4718.04 6246.14 7617.35 
1411.67 9002.87 8931.02 6892.89 214.564 
7283.69 3824.75 8929.17 1148.08 1869.11 
5603.05 4730.55 3411.28 4801.21 5541.87 
4260.2 3805.3 7342.04 6692.24 5712.14 
3049.6 366.194 3851.76 9957.76 6556.57 
745.232 9504.33 2724.01 5463.27 5750.45 
341.346 6874.94 4753.31 9272.37 3767.82 
4967.87 6556.04 7592.57 3897.02 7704.11 
9461.68 9500.07 2434.64 2872.94 4301.26 
7976.52 7133.13 8106.57 5318.54 3825.35 
3818.68 8368.14 4191.55 7670.44 8325.89 
748.104 8415.67 7830.2 3472.12 3878.93 
3580.64 3813.46 753.848 8333.94 3085.82 
4521.66 3301.8 9641.85 2114.22 7198.82 
7345.95 1575.88 6698.87 9780.59 4448.82 
1000.11 7757.09 1581.94 9106.68 3075.61 
5407.29 2925.35 1443.74 9598.84 595.773 
9769.63 346.924 9011.45 7599.82 3819.04 
2890.36 1180.44 7632.51 3644.21 9514.38 
718.305 8165.87 2816.16 360.139 280.067 
14.9612 7706.09 1855.95 6713.83 7486.66 
6304.76 7713.94 5243.74 7886.7 6820.61 
8319.35 3293.97 9745.95 9763.09 2892.79 
341.709 9532.71 3239.71 9353.16 7132.5 
7058.76 2243.5 8312.94 4691.25 5887.7 
7827.31 5409.55 4053.55 643.451 5769.69 
4333.62 658.412 3475.76 6189.57 7372.24 
962.406 2494.31 5086.17 6206.15 380.995 
1906.76 4525.48 3674.97 1652.69 4288.56 
6567.75 1994.4 3821.25 9807.47 1347.54 
953.735 6866.21 3591.04 9266.68 1557.43 
9478.74 7093.97 6966.98 3532.27 7737.42 
2736.66 7865.9 8395.83 6212.42 4055.44 
5768.06 7174.82 6549.76 854.205 3380.95 
6930.75 2760.96 7906.43 605.701 4413.66 
2194.97 7173.46 6408.06 6016.22 6980.91 
7755.6 6969.96 3847.1 1346.62 6236.62 
5404.53 825.342 3330.57 2371.5 4357.62 
1067.97 5108.15 2223.49 9463.8 1320.55 
6278.94 5231.84 8495.37 2828.68 6086.04 
1876.31 9759.43 8847 9782.74 365.116 
3260.64 1977.7 7538.57 9668.7 7993.92 
4519.46 7424.28 4963.86 8366.56 8770.9 
1200.46 3771.07 9596.25 4531.02 6142.57 
3953.84 5598.99 1250.7 6177.34 5062.78 
2571.25 2456.26 294.597 1066.61 5284.94 
6380.64 2942.91 5044.36 5227.63 2725.63 
5409.47 8488.27 4703.33 2948.03 8156.96 
2697.23 7467.49 5581.22 7661.09 5834.03 
4352.11 8861.55 9605.1 3948.34 3392.55 
5747.65 7902.18 8991.55 6998.35 4079.5 
4054.31 9569.6 6535.77 4348.9 636.194 
1820.69 729.527 3579.11 6865.05 5957.16 
6304.74 2274.5 4445.41 1008.05 5222.53 
2602.35 3705.28 2690.01 8183.57 1366.35 
8524.04 2535.66 227.883 8129.12 6484 
3620.44 3876.75 4386.17 2611.97 875.085 
8465.67 6666.27 444.672 5001.42 1015.16 
1080.87 6822.11 1744.69 4659.97 3687.14 
7701.84 964.695 5961.64 2147.23 1972.75 
1184.16 4749.58 5678.03 3874.17 2933.14 
7044.39 2398.19 5468.8 7272.27 527.287 
1952.78 892.689 4404.04 6338.95 3504.66 
5279.12 4804.6 170.912 5723.8 9806.02 
1186.07 6804.66 6628.11 2930.76 1464.62 
315.236 632.585 2429.31 6276.88 2779.82 
4402.06 7461.04 7529.4 80.0729 1335.19 
462.521 7124.46 3733.38 5931.32 4396.71 
4260.66 7884.1 5289.4 8664.7 4223.03 
8794.05 3943.81 9027.63 8964.97 9667.61 
8833.64 151.022 6472.25 5461.73 3081.78 
7936.87 5776.97 3714.37 366.159 2053.83 
6494.19 4768.22 9514.87 4023.57 4848.29 
850.046 4486.09 1972.73 4583.42 417.396 
6369.44 8844.09 8301.5 1658.82 7508.77 
2524.51 452.862 1452.56 1552.13 9417.83 
1120.15 385.748 9568.85 7592.4 5847.48 
2650.62 5529.25 1624.43 6364.98 5895.41 
3678.26 2859.15 663.611 3193.11 6882.73 
5511.9 4043.16 1368.8 7484.63 8626.58 
1786.2 3854.06 7470.65 87.6796 5512.88 
4979.4 2612.19 5965.75 6431.97 4164.32 
5383.56 7552.12 4550.07 4952.39 5144.51 
397.533 7603.01 673.743 2021.96 3967.98 
6569.15 5700.22 6827.13 7232.76 8893.33 
3709.84 2744.65 2936.47 5078.64 229.267 
1563.03 6864.84 4083.33 9033.68 6952.52 
9596.21 4013.07 9564.71 5561.94 445.024 
3729.02 945.483 7997.15 8279.09 5897.88 
3141.64 8676.62 3500.87 3815.38 698.566 
7468.85 384.519 6398.78 4295.96 7617.28 
5292.1 8005.8 361.916 8228.57 3084.42 
591.183 9791.6 9949.26 4674.51 8825.27 
6901.76 4270.7 2838.32 6466.46 9832.64 
3283.35 195.458 778.11 1280.48 8474.55 
6675.99 4422.12 7151.15 176.84 8237.5 
7849.72 7645.69 8622.02 4248.49 1941.63 
6239.28 9540.58 9947.43 6601.2 7769.13 
3031.83 7192.38 7560.72 2981.08 1866.87 
6385.97 9882.84 6137.58 9224.29 6349.28 
5970.21 2507.63 6544.74 6748.32 3788.1 
5019.27 3424.29 8210.22 2170.41 3601.13 
6447.7 20.1082 1246.8 5069.7 4268.59 
3188.43 1308.97 3809.16 3135.84 7910.17 
1578.28 6167.67 5102.53 9139 9148.75 
6969.41 5524.95 9031.57 3106.97 4749.23 
5380.84 9077.17 7256.86 1925.56 5825.47 
1044.94 6944.83 9249.76 9255.16 9115.24 
2850.87 5702.85 9135.35 4097.66 772.534 
3403.92 7286.09 2081.5 7213.08 421.907 
9991.67 8791.36 6589.58 5094.19 7930.34 
5738.31 2063.58 3455.28 4769.87 5170.55 
8204.51 150.69 4247.71 5461.35 2076.25 
73.1656 6506.3 9021.08 9322.92 5761.44 
8136.31 2173.77 1464.28 7271.64 6271.44 
2236.81 675.542 3557.51 4318.31 7888.63 
3979.41 4309.97 6679.97 568.976 9404.16 
4610.3 6307.29 1467.72 8065.58 1077.14 
6638.28 6270.07 1227.83 885.968 1731.41 
3304.08 959.134 8237.7 2325.15 282.041 
3999.13 461.438 2455.82 5463.41 7733.07 
8727.25 7700.22 8408.62 2284.74 2018.52 
6297.22 6264.16 6328.49 2977.18 6833.13 
5732.63 7587.48 3140.4 7200.35 5653.04 
4217.54 3838.61 1923.09 5445.37 4724.58 
3654.5 8749.46 5683.71 1892.18 1074.59 
5965.75 5891.31 1536.03 8421.57 1354.71 
9269.1 7148.8 9054.92 7677.7 9433.55 
1073.42 3974.91 5697.69 7401.91 6952.08 
2530.8 3134.52 4539.54 5671.2 334.857 
192.563 9888.75 4173.47 2115.65 5334.1 
8898.05 5770.15 4083.54 4581.74 7662.34 
5158.13 547.482 3553.63 6694.16 8969.05 
4908.34 5963.24 6117.84 3963.25 3640.92 
5551.37 5036.67 7615.83 1249.04 2438.56 
4567.89 3779.84 5573.08 9107.44 9451.04 
5907.94 9300 9339.77 81.3901 1415.64 
4673.86 8979.44 7185.79 8757.4 3561.17 
4848.11 3915.52 4108.65 8401.74 609.655 
3077.68 3310.06 6572.89 9195.52 7273.31 
213.798 4746.87 2309.96 7829.62 5995.91 
4748.52 2397.5 9775.75 321.586 1504.92 
9226.77 6229.52 804.905 8566.53 6310.91 
2220.54 3240.37 5290.34 9406.33 1997.75 
8851.5 4254.42 5913.27 2960.13 2656.14 
6522.92 6037.81 5966.21 3095.8 5233.32 
3239.5 3309.6 9980.19 5549.46 1139.2 
5976.08 297.96 3536.71 5751.81 619.546 
5041.63 4978.56 6849.07 5846.53 3545.07 
3159.97 8067.08 6785.44 8450.3 7473.39 
8783.19 7301.79 1727.79 4696.44 261.905 
4383.94 1219.34 6299.72 350.125 4315.14 
1533.02 3589.62 7624.74 1513.19 9139.08 
8763.94 7489.27 9437.04 2300.63 3241.06 
56.5668 7342.26 8219.63 6905.64 3188.78 
1764.68 65.5897 1255.83 8550.12 8515.89 
8729.22 7333.29 5817.67 456.998 2029.72 
6079.57 4840.93 3249.06 2379.27 5191.06 
7564.2 3912.29 8780.68 5188.93 5425.48 
7919.74 3952.85 2914.74 7356.76 6253.49 
6155.8 7413.33 3595.73 4375.41 4318.95 
6784.51 6140.09 4384.54 8040.34 4690.2 
2900.42 6769.55 2023.48 8718.08 7226.54 
4053.19 4797.64 2067.46 7302.25 7176.91 
7258.52 4866.44 1089.19 6039.18 55.3498 
6514.67 3958.91 4008.2 9429.41 1315.65 
261.671 5585.19 8728.98 3857.4 9960.6 
3047.91 641.889 6100.68 7432.45 8682.23 
790.856 332.851 5451.76 2814.33 9050.93 
2678.28 6867.52 3848.56 4745.75 4169.76 
1025.45 2004.25 9036.2 2114.64 8043.43 
9091.55 8629.31 2002.32 3099.74 8058.7 
3317.97 3361.41 3643.87 2046.94 7218.81 
3604.45 5094.85 7860.7 9705.13 2527.28 
6542.91 495.969 2860.14 1994.65 3310.3 
1911.05 4672.93 177.807 5759.61 9418.68 
4347.57 6785.06 1422.91 3383.75 8899.7 
9466.34 2475.29 7528.99 1468.65 5575.02 
5587.67 4786.62 8936.43 9231.54 6833.56 
6155.23 2835.98 1928.39 4015.91 2541.09 
4455.68 558.797 3037.06 7315.81 2553.45 
6347.36 9226.87 7226.38 6525.17 4986.46 
6645.04 872.72 1771.5 8067.95 4256.47 
671.187 7534.28 6731.76 8200.18 9002.93 
2306.77 3787.84 3789.53 1243.19 3019.36 
623.076 7398.41 5855.34 2551.47 1414.3 
8396.43 7007.15 1973.1 1433.48 4322.94 
4526.54 7780.84 3549.79 1752.91 4305.99 
8536.25 8397.95 5178.71 307.736 6465.89 
9435.18 978.923 4000.15 6166.92 9179.1 
3003.06 8473.69 2966.92 6792.59 9716.88 
5986.28 7415.67 7115.27 1841.61 9967.14 
8529.57 238.02 6974.27 502.651 1671.5 
1297.19 5029.19 9452.33 4846.98 6782.1 
3758.3 3383.22 5180.03 8937.01 3690.95 
1645.9 8372.17 4669.87 5646.05 4539.08 
3848.96 8649.11 3012.76 6815.88 5441.68 
2729.62 2802.15 2857.33 9844.89 4643.75 
2824.45 8374.44 4881.77 9798.72 8877.09 
6553.27 1095.9 3906.27 6005.58 5942.88 
688.354 9763.88 9326.1 5868.39 8700.88 
3017.03 7514.29 7073.03 7686.9 3160.32 
1612.09 1535.85 1809.41 4624.85 8351.73 
7251.1 7354.47 1153.86 108.413 7199.34 
5797.61 2932.87 5573.77 679.362 2731.57 
4450.85 7232.63 3827.47 8357.12 3238.19 
9770.35 9045.47 3002.06 9096.43 4913.84 
1702.92 2113.44 2428.11 8775.95 9800.34 
5588.43 388.03 1336.17 7397.85 5012.88 
9687.9 4648.92 2367.33 841.742 4757.34 
9566.67 6639.35 7690.2 5140.43 7318.71 
421.759 9591.27 4551.33 4249.23 7948.37 
7789.52 4019.56 6993.83 791.563 3115.97 
1907.65 2494.48 5229.41 4335.77 1270.42 
5029.74 9924.2 1658.45 6365.91 7322.03 
6671.33 6053.79 1970.94 9038.66 6895.54 
6728.27 8605.32 3534.87 4418.46 3745.73 
853.565 4840.22 3336.99 5404.89 9089.45 
1285.35 3194.39 3108.99 8279.17 3985.96 
6224.96 186.812 6480.44 1454.35 4522.58 
7750.86 6484.09 4446.77 9409.31 2849.98 
1768.78 6080.62 8903.78 3739.72 5119.27 
5799.3 467.973 3724.58 9334.17 4886.43 
7470.31 187.715 9726.65 807.279 5592.61 
8816.08 2092.62 8787 1925.06 371.781 
2772.94 8150.02 558.594 9253.38 9604.37 
5081.17 7004.22 6088.44 9527.94 6413.51 
8938.43 1296.7 2494.12 7842.19 5036.42 
7613.39 3641.46 5504.39 1337.95 2975.61 
390.806 8808.25 3163.33 117.442 9615.53 
8755.93 8933.53 1708.14 7542.92 858.566 
2079.92 315.835 9008.58 2638.52 9569.21 
8612.94 7719.69 6573.42 4701.37 7247.61 
2986.91 3639.77 8544.31 5481.03 1481.94 
3580.71 3094.4 5123.41 9085.1 4432.35 
8099.02 9475.91 3240.59 1262.33 9593.35 
2856.1 18.2488 8526.86 4564.24 7561.16 
9385.42 6644.17 7877 8393.99 9282.68 
7446.19 7006.91 7002.35 4019.59 1708.26 
4249.95 7006.5 5348.03 2794.24 2487.52 
6829.98 6374.95 5581.92 1953.36 5460.04 
14.2517 52.367 4935.92 3254.84 1314.7 
4529.25 6110.94 1332.95 3056.09 675.168 
8894.11 2441.5 7319.33 6771.09 835.473 
6602 4217.27 7842.38 3604.33 8236.87 
9550.64 7854.28 5243.35 4898.66 648.5 
7730.87 1728.62 7023.45 3312.77 3681.98 
2483.47 3327.03 3734.35 7419.39 6581.86 
5049.05 1948.63 2692.79 6382 5004.73 
3367.96 5276.09 7446.23 687.273 2047.17 
8281.7 7289.27 6264.44 6124.07 893.582 
4501.29 5674.69 8747.86 9744.64 573.338 
9396.36 7475.5 2301.96 6419.79 788.254 
5983.94 8903.26 4115.28 9718.29 6322.64 
697.128 4767.32 8271.27 3389.92 1149.3 
3275.98 6757.87 6425.39 722.187 7445.15 
8472.55 9003.89 4734.4 4736.98 5127.94 
5627.98 9238.26 802.613 4375.82 8982.89 
1375.95 3772.17 6458.36 3677.91 191.942 
7246.62 9661.84 9095.2 1361.88 9380.12 
5417.83 2059.01 4147.42 3689.08 5448.93 
5296.71 6965.06 2206.78 1722.08 7687.24 
9651.93 194.622 6691.11 4386.31 4931.6 
1819.03 14.2748 4169.84 2621.64 4390.1 
3152.71 3997.59 8162.26 9611.08 7675.5 
8354.21 6857.68 7337.33 7449.39 8219.56 
6717.43 2867.2 278.551 864.827 6556.28 
5727.48 6161.54 3521.32 7934.26 7883.63 
1208.54 7586.17 8078.25 7899.66 1972.47 
3009.83 9718.69 1986.74 7179.67 2340.31 
6376.84 332.364 6337.91 4539.08 9943.44 
4013.39 2893.27 6801.1 1350.7 342.647 
5020.64 8068.13 3209.85 5299.19 8932.95 
9766.13 1026.65 5094.48 3287.43 8960.91 
2978.09 4495.97 6547.07 1056.32 2395.61 
8519.53 4066.15 2114.28 506.258 1245.8 
4454.59 6883.1 1578.16 792.479 1422.17 
1521.59 4805.87 4315.44 8322.69 6156.57 
4658.09 3343.31 4224.68 7867.93 8642.5 
3157.62 7634.04 9669.15 8252.1 921.45 
8630.05 1230.17 5417.42 5177.1 2286.49 
7813.03 3696.62 6352.64 9927.3 4202.88 
7598.44 4381.88 1085.96 9176.6 5174.35 
2508.12 698.169 9980.22 6823.56 9020.85 
6136.78 1481.63 2364.15 361.443 9349.56 
1006.63 3519.06 6983.58 675.773 1771.14 
7905.03 9305.82 3001.31 3322.43 4482.91 
5287.8 1135.44 8179.52 1640.42 1062.73 
2382.38 9238.86 5444.6 3468.33 8415.44 
618.941 5976.45 9113.61 599.148 2800 
8134.44 6735.93 4281.62 498.577 7097.37 
3631.16 1505.21 616.415 614.73 2180.98 
2387.56 8519.76 1486.79 5388.87 1842.18 
5969.69 676.657 2977.62 4149.2 2317.08 
4040.35 6531.58 1555.92 9484.95 9999.91 
9971.35 103.878 5976.35 9084.94 703.026 
8776.35 7219.37 7438.95 3057.95 7717.95 
4536.31 6689.12 9223.16 5152.72 7303.85 
1404.13 7540.28 5823.59 2890.92 2929.13 
7665.77 8860.61 3605.79 643.377 3009.79 
5922.87 4683.73 9541.37 7478.79 4168.67 
9541.27 7450.12 4272.54 5517.6 6535.05 
4975.57 4293.93 3754.41 2414.51 7351.88 
1472.34 6950.81 4040.98 695.483 2103.51 
1344.81 2099.61 9643.79 7168.41 4990.53 
2572.91 4834.16 3851.12 6178.7 5477.54 
6860.92 2101.55 161.249 6402.27 9580.34 
4329.91 5943.52 7030.44 8602.46 1461.11 
3565.48 3578.01 5755.04 7319.88 5992.52 
3106.91 8792.22 2943.31 7147.89 9487.71 
5046.82 8492.71 1587.3 4690.6 5661.09 
6577.83 7263.51 495.238 428.935 3442.19 
5972.78 7289.85 5543.74 6134.03 3692.11 
5124.06 463.923 9635.63 2154.48 9066.38 
1096.72 5719.96 2644.37 6851.76 3039.83 
8636.89 9958.67 1832.03 1580.18 7106.55 
1319.72 6627 5599.23 2907.02 1317.59 
1260.31 9484.85 8581.09 1755.55 9913.78 
2023.26 7728.33 7203.62 7567 3862.34 
895.71 2691.04 4326.26 531.324 4845.53 
3392.62 1628.05 565.469 6037 8479.81 
3605.29 4673.87 8438.46 5437.33 6254.05 
5544.99 6757.05 2881.04 1144.21 9664.07 
4198.62 2404.52 9148.9 2779.7 4160.07 
9062.67 4802.96 1888.38 6266.27 2369.94 
5750.72 7161.98 5060.99 76.9624 7693.3 
9906.51 3469.58 9321.35 471.967 9506.58 
7801.14 4077.26 4180.43 6239.59 9514.59 
434.462 1784.57 6271.62 3315.5 2928.78 
5935.67 7514.12 5333.3 5084.55 293.798 
9493.37 4147.2 5096.76 1381.74 413.456 
7466.7 7132.46 7575.44 2527.67 7209.43 
5268.72 2434.17 678.993 4590.05 2906.14 
185.555 2391.18 6983.4 4365.99 8630.77 
6497.97 4800.45 415.317 2769.57 8115.95 
3344.09 8705.24 5630.05 8677.39 3789.78 
5923.85 8170.75 7936.98 1020.59 9552.49 
8350.44 8487.29 6684.94 5925.85 1014.94 
3894.35 1194.56 3449.11 4573.34 5784.61 
6355.25 4758.9 8175.79 3338.63 9124.88 
6806.54 9836.6 3925.31 7221.86 2606.16 
2041.24 565.936 1311.38 7671.29 9243.33 
5101.16 3595.12 7414.06 3038.12 4615.71 
6966.54 1388.54 3102.98 3651.46 7314.39 
4117.92 7545.81 8508.95 7567.04 2119.13 
4293.54 3922.27 6878.03 2469.32 7260.9 
6002.89 9275.86 7097.49 9928.21 6497.7 
9703.64 1969.43 7063.64 1015.01 9640.72 
6306.95 6116.16 3235.82 3721 9154.28 
7851.52 687.524 542.804 954.483 4338.99 
7857.19 5072.4 1884.78 6366.13 2639.42 
4003.91 659.656 6561.69 881.927 3128.98 
3822.58 6884.82 2404.82 920.047 6813.01 
8902.53 623.675 8782.44 5966.15 1638.68 
8423.14 2273.08 7754.85 1658.94 5994.08 
6909.11 9510.46 6681.61 7451.92 464.927 
1020.58 5309.09 5537.33 2905.36 1675.21 
8176.75 6909.27 2334.86 4738.43 7791.2 
5463.84 8561 4676 7868.66 9481.05 
1488.99 6771.17 104.709 271.414 2737.3 
1743.39 8694.55 5010.38 9498.24 353.472 
1004.45 6407.33 9863.93 7686.06 3859.23 
328.842 8706.63 9168.33 5866.17 1611.97 
843.518 4042.91 8521.25 3178.38 8781.33 
6312.43 8642.22 7342.32 988.413 6510.86 
6823.36 2477.41 3282.01 6928.06 2748.82 
6019.3 8671.46 1443.35 1029.67 8169.68 
1796.83 2034.11 4576.99 1660.74 9720.17 
8436.23 1989.58 8426.78 7604.54 7855.76 
38.7409 8448.06 1898.65 8559.99 1626.42 
679.965 4872.4 268.622 8022.29 5860.81 
6779.48 4845.63 8338.22 61.468 1773.67 
1087.02 6080.77 445.112 2530.38 7110.44 
8614.79 4327.2 9144.55 3191.77 5987.94 
8864.7 1627.98 7977.53 7291.47 9232.52 
5833.27 7330.21 7680.56 7731.91 5890.18 
9306.99 8411.88 762.557 9575.61 6434.15 
6623.37 6355.07 1279.76 4961.57 6416.54 
3053.43 6048.59 2497.29 3498.54 8578.96 
9607.73 2113.32 2906.15 8752.26 5305.08 
8894.09 7616.94 6933.06 6871.6 4908.39 
6165.57 2704.85 2238.58 3846.11 436.749 
8128.76 3153.08 8848.63 8891.31 2728.68 
5282.76 5514.66 9083.75 6562.52 476.212 
5500.27 9615.95 6524.8 7997.56 3114.48 
5103.74 7605.27 5227.79 8009.89 6357.51 
532.861 6903.96 3974.43 7465.92 3775.55 
8882.82 3631.48 6480.4 1121.39 7477.59 
6917.15 9250.14 630.656 5765.76 8141.44 
3359.33 1048.5 3656.08 2443.06 7611.02 
4132.3 7943.33 7226.96 657.078 5940.88 
341.418 5760.82 3546.13 5569.21 3770.7 
9903.64 6102.07 674.645 3878.06 3567.98 
4450.19 2760.86 7199.46 930.576 3882.25 
4677.03 7847.72 3132.38 5307.69 3613.47 
1273.8 8667.02 4661.97 4929.88 1110.06 
2272.98 9062.18 9053.39 9499.93 9719.25 
4994.25 9841.35 5480.06 8540.38 5410.55 
9250.76 8444 1512.61 9925.4 2322.04 
5080.59 4375.58 5082.91 2280.03 5306.16 
8965.16 6957.06 3153.86 2097.52 2264.73 
6767.33 3371.31 931.727 1429.28 8301.19 
2041.79 3702.26 7363.35 1095.16 3202.18 
7082.59 6089.41 3043.51 2562.63 4629.78 
8454.06 1813.37 3073.76 9966.67 1738.76 
5395.8 5047.24 6114.34 478.695 7327.27 
1420.47 9443.85 4284.31 4574.34 1541.35 
6549.03 1341.65 4912.66 7480.76 2770.93 
3213.84 9522.55 6473.19 577.171 617.697 
9675.37 7659.76 6707.11 2718.86 222.371 
1336.87 1172.91 2035.74 4410.63 1139.56 
3774.5 9806.44 6186.79 9888.83 285.114 
3514.04 1309.29 9728.97 7798.35 5883.62 
1270.3 4347.37 7225.27 6182.96 1828.11 
9996.2 9396.8 1350.64 6469.38 9973.97 
1968.34 6144.72 7633.71 8675.45 8863.59 
7856.08 12.3071 36.477 9891.82 4422.94 
1176.03 3666.3 4229.36 7362.83 3555.12 
4514.47 876.856 4864.41 4243.42 8675.21 
748.016 5513.72 3022.56 7973.29 1696.67 
4850.67 7969.47 1093.45 6201.31 4438.83 
1067.41 8169.65 583.54 8701.12 6845.09 
9447.13 6557.19 6857.4 9483.6 6448.99 
1280.32 659.621 115.281 5509.68 8022.45 
3670.4 24.1345 8899.3 8534.81 4267.56 
7574.49 9282.83 9781.28 597.034 7256.1 
1477.93 5447.7 5225.55 2571.39 1649 
9664.39 3638.8 9818.65 247.909 2339.9 
6663.72 9695.04 8897.09 3521.1 9178.62 
5346.06 4801.42 9838.24 5461.34 311.081 
7860.68 9131.74 335.215 6759.97 7666.54 
4602.77 4334.44 6949.35 4384.04 4931.48 
4205.43 5861.97 379.163 9430.98 8433.36 
2028.16 9095.35 2072.14 1846.79 9343.26 
4412.04 8510.51 9038.28 3309.11 2031.6 
8216.88 8655.17 6833.02 8055.11 4116.5 
7144.1 5915.77 3248.22 7479.31 2675.72 
914.743 2082.07 7010.16 7864.09 6466.11 
1941.62 2069.5 2328.06 2320.78 1500.46 
761.402 4348.94 595.794 2833.54 6195.74 
9939.05 7245.58 4706.23 8977.31 554.669 
6737.83 7194.18 9209.84 3570.83 5249.27 
3326.32 714.914 1165.02 6574.54 8194.23 
3840.74 7489.28 276.279 850.888 5353.36 
6742.39 2792.51 7422.85 9070.45 5113.29 
8923.32 9831.85 9462.24 9519.11 2665.37 
5657.96 9458.14 9910.95 364.176 8435.44 
465.603 7102.01 5629.6 9675.44 672.823 
878.852 3001.74 1387.74 2043.88 9576.28 
9581.96 5884.62 7065.55 9858.24 6735.51 
2418.89 6600.61 9528.02 9841.74 5671.04 
4641.29 8765.04 5502.87 4103.52 8284.13 
8168.24 9761.47 7742.26 8079.18 125.633 
6177.68 8544.78 7227.64 1807.26 8220.21 
7900.46 2686.11 1221.93 9288.2 4729.99 
798.192 8870.15 614.592 7863.74 8728.38 
7350.1 282.609 5328.97 6878.1 124.333 
999.996 1519.37 8889.37 6502.87 5622.89 
7173.49 4671.1 5384.35 4915.73 2750.26 
5509.98 1093.4 1295.02 2737.6 2900.66 
9515.23 638.051 5586.78 737.137 9926.25 
316.75 1535.33 8796.39 931.342 9399.07 
7524.75 8281.44 9681.68 2853.7 5159.52 
9806.01 3853.7 6678.89 8695.37 356.548 
2301.77 5868.84 5027.64 7686.11 784.555 
7777.9 3196.07 1877.95 9072.92 5933.68 
4778.61 8588.13 6571.73 365.373 9325.27 
6497.97 682.123 860.581 5294.33 1613.46 
259.633 2819.06 9894.9 9941.31 5672.76 
5054.41 9747.3 9526.46 1733.28 8442.65 
9883.01 4035.05 4311.48 4910.63 1721.14 
5096.03 2688.52 4917.22 6973.98 1761.42 
850.879 1752.58 349.536 7422.61 2117.95 
9674.8 3920.56 2800.08 535.369 9214.89 
4413.54 795.002 2033.94 4308.43 736.296 
7706.7 9362.84 483.584 7233.15 1096.1 
8926.24 7116.13 5131.15 3237.7 2026.75 
6852.3 8333.73 4715.27 1769.5 5307.7 
6476.69 2620.38 7060.28 6826.23 42.9692 
9178.23 6501.02 3963.53 1978.29 7036.38 
3178.4 6391.83 7831.39 5212.34 700.247 
8567.68 2919.03 63.0678 9051.27 152.156 
1159.17 7977.49 7268.29 6290.33 1215.17 
9295.04 3142.6 9548.9 4010.29 4912.1 
4856.58 486.97 7532.48 1916.84 7313.2 
7575.45 1095.05 3814.2 1538.96 3073.35 
850.565 4717.36 9465.18 8681.95 9929.71 
165.412 7249.62 2848.72 228.48 6300.87 
3000.87 1387.65 4278.34 269.145 7677.98 
5493.5 9564.19 820.565 5042.39 3574.47 
5732.67 9898.96 4061.44 3265.13 1815.79 
1374.62 840.561 2910.84 5188.81 2379.52 
5984.19 6039.38 7096.88 5449.35 4721.31 
7026.57 5614.77 1970.91 9875.29 5843.25 
8271.78 2876.14 7230.9 2550.1 3145.29 
4908.86 8043.6 2709.46 5729.42 3085.97 
6283.92 1462.07 2984.92 345.343 4727.2 
4800.7 1719.96 5567.76 7711.54 6908.77 
7947.28 3695.71 2948.13 5044.15 9145.07 
7669.45 2070.7 4759.82 9640.36 1945.97 
603.044 7912.12 4822.12 7833.94 462.202 
7967.4 2742.78 8505.8 676.845 8472.21 
1591.76 6960.77 9934.28 4576.67 7306.11 
4661.46 9377.38 9026.07 229.212 7088.9 
5934.83 8176.5 784.601 8882.96 3220.63 
9929.67 6552.39 5291.33 4689.47 6192.74 
7237.31 5292.51 4104.84 2059.41 3126.44 
4567.04 26.7937 5869.22 3072.83 703.639 
4341.41 4664.59 7664.41 4275.67 9241.26 
4970.5 8937.13 8618.62 3996.56 9166.34 
5707.51 9931.38 7342.82 6492.11 8814.33 
563.436 6421.76 5366.7 5854.77 1111.21 
1559.42 3092.06 6403.72 5664.27 5151.47 
9530.16 231.292 5178.26 5399.36 3304.12 
5881.9 9740.77 7968.71 3546.29 4016.42 
7209.95 8516.79 2953.54 5828.56 2513.33 
2119.86 1536.05 2444.7 9462.69 8028.15 
1259.01 26.1056 4449.9 6625.71 5880.88 
5561.11 8185.14 8972.94 1964.81 3849.38 
4124.39 1494.95 4080.68 9302.65 6894.32 
7384.8 5184.53 6635.07 5353.49 8730.82 
651.471 2563.43 7247.6 3605.01 8391.98 
9760.93 5724.87 9928.03 2205.61 5187.54 
7956.17 3464.62 5213.65 2406.05 90.3125 
1094.5 7967.16 8275.45 67.4221 9931.97 
2124.82 4191.81 1426.91 6205.49 3494.44 
8321.22 3590.27 8678.97 4956.27 8943.76 
7409.77 5607.74 1507.18 4657.35 9212.75 
9899.16 4418.26 4937.6 9827.17 6623.86 
125.128 7783.33 88.4638 5338.77 189.358 
178.776 6433.28 8156.51 8454.23 6500.7 
8088.47 579.026 692.49 9515.37 6784.52 
4186.93 7836.58 374.777 2865.88 2792.83 
9318.54 275.63 8400.58 825.7 4932.98 
7613.31 724.842 9351.23 2550.9 551.999 
5975.08 2676.02 8335.33 6063.55 8014.8 
8524.68 6242.32 4448.06 6681.18 4696.53 
948.74 4769.63 5275.56 1641.23 4284.98 
2060.06 5828.16 2121.54 2434.83 8694.04 
4914.37 1753.36 8969.67 3314.93 2579.06 
3902.63 928.224 3303.9 3253.84 3479.12 
3855.9 9228.92 6155.14 2191.21 5292.45 
4169.92 715.876 1534.76 8617.98 7397.06 
6231.29 9566.72 2166.67 1506.83 1207.94 
6451.65 3566.89 7036.09 8573.19 6001.72 
5730.11 3487.55 7755.08 4699.76 6802.48 
334.124 8602.39 7730.71 3638.03 1856.21 
1209.81 7493.93 1085.12 7364.96 9685.14 
6377.58 1534.86 400.997 7912.34 152.829 
7798.05 4143.61 9719.55 9964.72 5650.44 
927.471 6416.36 9217.33 7963.56 4989.53 
5219.03 3693.66 8477.08 2974.1 8393.42 
5279.55 3308.22 6995.79 3010.24 6946.25 
8852 4220.05 4440.16 9937.13 1584.99 
4125.28 6314.69 3119.85 4526.27 4227 
3272.68 2324.31 8370.61 2992.22 2289.02 
4021.03 3919.69 8705.37 3238.34 1883.24 
3694.89 8457.37 5576.9 2171.96 1431.45 
3970.3 7451.51 4739.67 966.077 461.737 
1685.9 9818.08 4681.79 6126.06 9755.19 
6266.78 251.321 6069.86 9386.64 4777.6 
296.85 2659.3 7101.91 8667.46 5651.52 
9390.92 2688.48 9571.21 8096.28 5926.82 
1454.43 1791.16 4384.18 7031.33 3963.12 
5815.63 1001.62 1414.61 555.289 1967.69 
1876.35 2241.19 1785.76 6558.14 8367.25 
1540.93 2824.91 8618.57 7610.8 2211.53 
3396.15 7907.65 4870.83 498.044 6575.09 
522.334 9888.97 9263.57 93.5287 7985.23 
5190.38 1547.96 9776.39 9574.56 8579.29 
3739.49 5390.17 9580.91 5154.1 5945.46 
1548.58 7030.45 8186.66 3334.34 3588.58 
6553.89 4875.27 6413.48 5172.45 2486.05 
8625.01 8568.6 393.682 3495.82 9066.65 
6968.77 4018.16 8955.6 6232.33 4111.68 
6940.82 1422.69 5659.64 6717.19 997.234 
4238.92 456.665 6387.41 3819.81 5610.77 
2332.86 5368.39 2641.21 519.494 8702.73 
6229.78 7073.39 3577.99 2643.25 2245.82 
6064.04 1268.24 814.404 6457.72 4764.06 
9881.05 3426.48 8782.22 8836.63 9658.81 
2893.88 5777.43 1081.48 8553.53 2494.6 
2078.72 2792.43 2951.27 8466.13 6612.24 
8562.04 798.964 1980.61 1203.23 1318.46 
683.318 7433.01 8391.84 4261.3 76.2431 
637.645 325.327 1344.48 1452.05 6783.05 
6108.55 1333.08 209.511 4890.75 169.699 
9868.32 7784.63 5947.13 949.787 6338.14 
8441.74 3028.5 9130.57 1392.99 1494.61 
5742.79 9955.03 2293.58 7723.39 1158.24 
3612.04 8406.71 8591.25 2003.86 2668 
8667.49 2641.51 2993.33 11.9585 4093.56 
9776.38 6120.5 5426.64 9985.89 1011.23 
5596.34 9854.19 8795.86 1543.45 803.959 
5133.99 9985.19 3832.46 4264.54 1378.16 
5327.08 7.31158 1333.17 7620.66 7730.71 
2491.41 1232.67 6137.4 1082.64 3236.54 
8805.4 9750.13 5878.05 1798.71 9762.09 
9971.6 1575.07 5882.58 5398.23 1560.94 
6893.81 994.55 1415.11 5689.66 2538 
2219.07 823.631 2523.18 6051.53 5088.17 
3901.34 1378.59 5095.48 5234.51 8999.25 
2826.17 7725.92 231.905 8963.57 8808.56 
3468.44 7768.96 8558.68 9346.49 9567.67 
8320.75 9318.07 1142.72 4203.31 4716.28 
2703.66 1097.11 5710.83 4118.77 6786.76 
8248.84 6337.84 7610.39 771.999 2389.35 
2698.55 4673.34 3767.95 7794.03 9907.85 
2767.18 620.187 7633.75 2999.08 9583.76 
6442.3 6467.53 7352.7 5000.95 5814 
6920.35 3321.69 5132.05 8063.07 7525 
9848.34 766.712 8622.1 5559.15 4885.48 
5408.85 3807.98 1223.3 3019.23 4579.98 
3612.66 5717.78 9253.31 7380.6 3511.79 
9161.14 147.764 4131.98 6794.88 3146.85 
3715.72 3237.16 9614.37 1068.4 8238.11 
5428.35 7988.76 1559.78 560.389 6051.81 
9084.78 408.709 6818.52 7706.86 5967.86 
1703.98 3115.7 9775.84 2927.29 6134.92 
4355.8 6539.94 1852.68 3609.09 3920.53 
5364.47 2770.22 4068.29 9496.45 9565.1 
7215.14 3212.16 2802.24 6829.5 4280.56 
1040.34 2257.83 2269.3 2600.12 2818.22 
8321.11 1684.88 3226.93 5139.61 9391.75 
9194.79 6843.6 2507.43 8970.62 9770.88 
8642.35 3326.4 6310.81 495.014 6935.49 
