600 5
469.253 7466.61 389.972 1306.04 1956.02 
6202.71 9838.36 7708.16 2299.13 7466.05 
497.556 1278.61 1586.49 187.972 682.775 
2223.14 3825.24 4175.57 4263.07 7579.64 
866.919 5291.81 7244.82 9764.88 9817.67 
6267.88 5735.94 2891.18 1896.67 1688.46 
344.711 2365.93 9155.07 734.683 3671.97 
1111.08 6937.4 3510.32 8819.25 9236.53 
976.349 9316.8 515.126 2562.84 9504.77 
1197.9 4785.98 3330 5373.47 9049.04 
909.62 6240.39 4340.84 8154.44 6005.25 
4158.49 4422.3 1741.18 7049.67 6318.98 
3429.65 7394.38 8684.91 2584.7 8129.06 
2356.86 3695.78 5066.44 5867.18 2515.01 
4302.96 6843.52 1831.8 4818.08 9406.37 
1336.55 6015.99 4192.33 4666.56 1389.44 
3241.36 5576.18 7629.82 7582.19 3730.6 
3635.06 1740.66 8152.9 5376.24 8790.33 
4471.86 8805.88 6184.69 3156.75 1390.57 
4313.74 5513.61 5086.35 9380.18 1380.77 
7601.37 3683.13 8224.3 9433.16 8501.21 
7630.65 769.7 4517.18 1822.96 5436.26 
5906.62 5064.32 1012.41 3536.42 2646.49 
4743.01 7171.48 4387.15 2895.9 2547.7 
3177.47 7367.76 1353.57 9362.16 524.497 
2744.14 3675.88 6038.11 7830.5 3056.05 
7418.88 5431.84 6739.18 5643.16 4864.99 
5240.37 3273.79 5634.69 9757.55 5096.75 
1070.93 5664.15 161.049 2083.34 9200.57 
2807.54 6826.36 6372.04 7194.69 9722.25 
8919.74 372.141 7090 273.295 9734.3 
7614.49 3017.44 3410.17 3652.59 847.915 
6466.22 1071.45 6279.76 3205.38 6714.61 
1144.74 8445.75 9988.4 6779.43 8203.28 
5085.14 7850.36 3867.41 5246.19 9933.7 
3067.97 8053.73 6760.04 9440 5248.4 
6482.28 8359.73 5620.54 3572.26 8633.02 
5354.83 1186.73 1650.44 8765 4839.32 
2498.36 5231.2 5910.77 8778.12 8436.58 
2625.36 9922.86 6882.31 2613.75 6702.27 
5085.57 7698.88 4552.61 8952.99 2945.05 
4486.29 2020.94 998.761 1246.31 1460.92 
6247.16 7728.59 9820.65 1867.69 1300.83 
8453.66 7222.52 2487.56 104.088 5987.49 
7326.88 2602.45 1218.67 3237.63 1380.55 
9655.25 5862.99 1303.39 6537.54 8476.73 
8005.65 1623.09 6175.6 2558.24 576.059 
9120.65 7044.53 2597 119.393 8290.85 
4057.92 6366.55 6019.42 3878.56 8234.24 
7320.25 2332.2 5456.74 9807.81 2436.29 
1444.22 7134.67 5038.74 2662.89 372.279 
6419.29 2318.12 6235.27 7722.67 8855.66 
4711.98 5728.31 478.731 887.561 8286.55 
1054.79 8.19287 5331.07 3651.79 127.586 
3621.9 7709.71 6494.14 9641.32 1588.25 
4728.37 6961.56 3920.45 185.09 6769.35 
6356.74 1629.31 3904.01 1395.46 4292.2 
4276.29 7814.74 6610.32 511.534 5537.4 
5465.96 5223.51 1265.69 5944.69 6111.07 
9552.24 6999.48 6119.27 4883.3 651.247 
6246.85 8505.2 8360.95 2740.98 8146.5 
9949.2 7469.34 5108.05 3869.63 7654.43 
1877.38 226.352 9283.74 5781.39 1621.81 
3575.92 57.6576 9436.55 186.219 569.192 
4973.93 5652.18 5792.71 6239.62 1596.85 
1903.76 5791.85 8596.32 8023.03 675.124 
9247.57 4269.87 9180.32 7608.51 7010.84 
7326.81 7557.69 4480.17 2434.84 1427.31 
2134.59 4312.22 1653.66 1418.31 93.5915 
3275.47 4994.23 151.249 2712 5180.45 
720.441 7685.92 832.608 6513.15 3925.53 
2429.45 8416.91 9717.37 1025.76 6439.92 
392.478 273.313 709.776 9572.8 7881.82 
7720.62 6899.59 5439.49 2200.78 9334.43 
6866.8 4335.36 3646.63 8520.46 5753.67 
3740.22 1795.91 747.887 3891.47 4507.9 
5928.34 4611.91 2193.81 6760.95 1125.04 
6119.34 9190.4 9541.95 5836.69 216.142 
5981.86 6229.17 489.456 6691.64 5801.95 
8371.28 4412.24 2701.53 3810.75 6613.02 
2035.94 677.536 948.363 5682.57 9198 
6702.04 9422.79 993.885 7449.92 3314.25 
5501.79 3378.24 7926.16 7695.6 139.173 
9051.21 3814.92 9329.57 8593.14 9651.61 
9545.71 4574.99 5880.76 35.1533 1266.61 
1682.69 8406.43 5678.85 4384.22 2217.17 
2291.85 6420.16 2894.7 3240.22 2102.71 
2092.68 9942.25 1525.49 3086.56 7392.16 
4839.74 8588.35 770.386 2765.89 6283.93 
909.559 1817.08 98.8315 239.114 410.21 
9750.44 9784.83 4985.2 5631.18 9819.98 
6251.81 7313.88 8226.39 1930.65 1698.08 
443.543 4222.5 8118.24 3338.24 7462.71 
220.939 5430.92 7404.95 1746.43 8517.49 
4797.09 6586.18 7105.82 5567.48 9352.07 
3389.74 6477.03 1169.13 3488.57 6716.15 
1579.34 3238.99 6500.96 6564.54 8870.17 
6320.93 2816.34 6184.03 4547.3 4746.98 
7882.11 4990.85 8969.48 6000.34 8329.09 
6432.18 6221.27 3760 3837.11 7967.71 
2277.47 8634.19 4553.87 9383.29 4201.65 
3905.92 2773.01 678.67 5075.05 6261.58 
7394.82 6654.39 9500.57 3895.76 3218.92 
8370.73 216.67 6035.26 4554.74 4763.97 
782.22 2436.83 9754.82 9751.7 8437.17 
8083.89 6183.86 4658.43 1843.87 20.9465 
2626.12 4121.34 8655.14 7179.98 3504.61 
2856.78 1085.88 6277.62 3535.45 6160.93 
2539.18 930.249 2815.3 2039.74 4826.01 
6034.22 410.445 5042.68 2069.46 4965.19 
9806.65 2851.68 7402.02 9561.46 2603.37 
5839.17 7645.33 8787.22 497.585 9489.2 
8808.17 3123.7 3610.52 7463.29 303.667 
7115.13 320.054 1389.55 3392.73 3855.5 
7550.48 5931.92 4785.75 365.765 7971.65 
9611.76 6399.99 8382.1 4654.43 8469.45 
3347.27 4461.06 1321.12 749.272 4022.5 
3924.48 6588.45 1667.81 2711.69 7086.03 
1157 1519.84 209.716 4767.52 8983.13 
513.384 1882.63 9303.19 1902.93 5275.36 
3158.67 9453.41 1207.26 7944.42 9819.17 
9178.92 7556.17 6219.15 7561 2210.58 
4688.58 908.253 6671.64 6009.7 1657.53 
694.128 9934.18 8245.97 2361.94 2645.85 
5331.99 3518.94 4165.69 5541.7 8286.45 
3148.81 6055.09 169.067 2451.98 7958.02 
5444.43 5610.65 7411.41 6651.69 3555.06 
7230.57 5830.6 1111.21 3449.7 3391.58 
3321.79 8138.28 4299.83 9993.43 4147.96 
5957.36 687.545 4082.12 4203.31 3049.49 
6727.97 9535.3 6568.43 893.645 5076.99 
4854.86 4042.45 1132.06 5023.93 6494.43 
9090.07 468.342 2105.07 6501.47 7120.04 
5660.13 3732.02 2950.62 6771.35 7181.71 
6342.2 93.1209 5319.97 642.012 86.5382 
9467.93 6599.37 774.083 3550.04 802.667 
3823.57 277.99 337.95 391.978 1171.64 
5414.94 5246.84 5214.09 6546.99 270.753 
1708.51 5637.05 739.096 3813.58 2138.5 
7859.13 9473.71 5870.51 809.73 6245.04 
3052.21 7151.93 6338.16 8372.18 7793.94 
6424.7 7840.1 4393.29 7198.78 1390.11 
5195.96 1022.34 1668.11 5533.91 1414.31 
2839.74 948.826 6661.15 8053.83 7495.82 
6931.91 9762.34 3132.85 7671 3575.9 
5271.34 5530.12 3049.6 1141.83 6339.85 
9294.64 4194.04 3491.76 5632.78 2566.21 
1285.68 2057.46 406.285 5678.97 9256.25 
1796.4 874.909 278.566 3464.51 6408.82 
1692.88 6304.25 7357.64 8354.03 4358.06 
4853.44 5285.92 4120.38 7986.29 2956.91 
7696.28 3257.61 8487.03 745.864 4399.44 
4826.86 40.4842 8593.49 8318.62 5673.27 
1159.68 9604.3 7730.73 1565.96 5283.25 
6986.96 3362.36 6158.16 7265.53 6826.87 
2566.95 8958.41 3131.1 9924.6 7312.42 
7489.16 4778.02 2598.33 1609.52 2764.29 
5555.24 9305.81 6021.9 4042.26 51.655 
421.325 8869.12 92.1392 9014.81 7187.72 
5765.4 174.47 6792 3496.12 1740.43 
2075.23 483.062 5102.79 8233.38 7748.59 
1929.64 800.321 6706.98 5060.74 724.9 
4019.39 2549.88 5502.92 6617.72 4159.4 
8267.21 2172.94 3465.19 4289.09 6215.2 
3516.84 4710.41 5084.3 3608.98 3725.21 
2272 9374.39 3899.68 9064 2870.49 
5640.11 1139.21 3353.55 742.882 9372.59 
1102.12 2672.52 172.894 7809.1 7733.26 
897.793 1828.47 283.116 6400.71 8446.19 
4442.51 4667.9 619.117 7907.7 8956.99 
6834.32 1424.53 3667.38 1918.6 5033.51 
7392.59 4190.6 4407.88 1292.25 3254.58 
7278.37 6932.36 4393.78 631.908 7675.24 
3766.36 1734.03 347.745 3939.25 9543.14 
8081 4837.04 1371.59 8364.12 1237.74 
9817.78 2806.62 5905.64 436.883 714.301 
4862.61 7271.2 2138.83 8529.99 9189.8 
7172.34 5922.56 3380.38 1580.21 7214.81 
6634.95 8858.58 4147.15 1028.72 9490.49 
1822.38 4795.07 1224.5 2170.12 8734.32 
767.623 251.108 3571.35 2139.21 8615.23 
4809.09 1956.98 1421.82 714.707 2393.86 
2136.13 5577.32 9665.06 4274.96 4107.29 
8854.84 1447.28 29.839 2235.2 3027.49 
7244.65 8870.16 1886.05 1391.79 9898.87 
1376.52 3214.17 4693.93 2601.03 5384.29 
3428.24 3368.65 5635.4 6999.59 5507.86 
4250.6 1808.66 7464.84 5672.43 2523.36 
9858.71 7808.56 8100.68 9523.75 2083.49 
2207.95 8378.57 3530.77 2237.79 613.759 
6558.26 9482.45 9483.91 8444.31 874.218 
9382.77 9820.84 4088.38 4076.68 2421.84 
9472.67 7504.92 5790.49 5108.05 4504.49 
1298.34 9358.66 6313.15 8763.18 5031.07 
8836.51 8621.87 2839.61 6937.17 8145.6 
4923.1 9145.13 6524.16 8453.88 1382.9 
7137.92 5012.12 865.331 6621.81 3456.42 
1739.55 6004.57 3277.23 5827.93 81.2353 
5699.08 5300.59 7586.16 1489.55 408.621 
2090.63 2787.89 9767.28 8403.78 1551.06 
4798.33 7240.27 172.908 7637.94 4177.43 
8318.51 2561.02 3322.53 4842.65 1014.88 
4705.44 1980.55 6027 5570.77 8602.37 
9483.42 7310.32 4606.92 2760.63 3138.23 
4688.15 8459.71 8438.82 2274.29 9949.27 
8847.44 4364.92 2737.14 8614.7 2768.68 
4288.2 3413.01 8.93817 4461.11 1050.93 
4186.36 2779.6 3611.95 7508.9 7622.25 
4626.83 2214.32 9602.8 653.808 7785.08 
8205.15 137.206 5095.38 2812.05 2897.84 
8233.62 7500.2 1357.53 6672.42 9774.49 
1306.78 5519.84 4139.4 4043.93 4134.53 
6908.08 8332.13 7547.54 6917.02 2793.22 
8598.47 1103.37 5572.82 2210.4 8612.26 
3195.05 6837.23 826.564 2797.83 7491.03 
8611.65 1002.97 7628.24 3707.02 3815.01 
526.062 1940.62 1315.2 1883.6 8613.03 
1089.67 3190.38 4132.86 5229.06 7234.31 
8267.39 2137.13 5566.42 5814.91 9054.15 
8359.63 4413.36 157.494 3932.43 6623.76 
8769.76 7127.48 3460.97 9596.32 9925.32 
951.984 8207.96 928.265 8580.22 1914.95 
4743.28 9106.29 3855.57 6058.47 989.864 
2468.59 7148.14 4180.24 6601.45 2377.19 
1414.53 4868.81 4514.32 6980.95 683.703 
3568.45 5340.56 5097.06 3725.94 9273 
1720.8 2495.68 6400.46 5181.77 2091.99 
6325.76 6133.75 299.925 7254.02 4713.96 
2214.88 1997.29 3820.23 6070.45 8055.76 
4810.09 8539.04 5203.89 8990.33 5140.46 
7581.08 404.851 9.26071 2095.38 7385.8 
692.964 5663.82 2726.35 5790.02 9389.76 
1999.33 7510.83 1885.43 8399.79 2692.58 
3977.42 4725.53 8826.33 4277.34 1979.54 
3540.27 6492.22 3976.82 7360.49 2562.65 
2032.57 2170.57 1101.67 7236.45 1160.88 
6242.14 4817.51 1565.73 6251.4 6912.89 
8951.53 6944.36 2576.7 1677.86 2734.37 
1966.44 3677.19 245.178 3851.87 2076.96 
2937.75 7829.29 6802.49 1764.06 2106.62 
8782.03 5304.33 8598.84 2758.84 2664.81 
1161.48 4791.4 4835.37 2263.15 2027.84 
5996.26 8505.29 6845.35 7561.99 4756.67 
3758.23 6513.51 1701.01 6334.92 8191.37 
4435.38 8301.37 1868.55 4680.56 2153.22 
3945.51 7618.32 9982.52 747.985 9382.38 
2089.12 9530.01 4686.69 687.942 2288.83 
7351.5 1849.42 7080.24 2186.85 4112.57 
9108.08 8183.11 2617.85 5953.41 5745.08 
7374.52 9711.64 2258.57 9075.53 6046.54 
449.927 3510.9 4347.89 2318.47 8191.46 
6501.12 6263.98 5809.76 6483.62 7011.97 
5192.12 8572.73 6541.97 9878.81 9260.67 
8830.8 7230.29 1110.08 5911.02 9417.15 
5222.65 5019.08 7600.24 7840.5 972.481 
3345.3 5215 684.103 5603.87 4290.51 
6730.65 6053.8 7801.41 1078.52 8372.27 
5992.85 7579.64 4636.24 1802.59 4063.24 
1648.19 6994.71 2635.95 8190.16 6873.51 
1896.61 7020.94 4103.78 3006.69 2931.95 
3520.91 8229.34 7951.03 1121.13 6069.82 
8923.51 4466.43 1284.8 9607.62 70.2868 
5575.31 6338.25 6124.09 3376.7 7416.77 
4496.34 9369.55 4996.39 9132.58 1172.12 
9059.63 780.759 8166.84 1695.57 8970.92 
5040.33 3592.18 5991.84 9144.11 6598.88 
8923.79 2665 4828.2 6874.81 3786.13 
898.01 5798.3 8252.57 2182.81 5405.9 
8322.85 7758.13 1744.13 4446.92 1134.81 
9160.9 8943.27 504.344 4157.28 8075.83 
1676.47 3216.89 8856.59 9843.3 4912.46 
7827.49 4883.61 8504.64 3819.32 4027.7 
5103.5 2743.09 6692.71 9931.7 9617.9 
478.826 829.695 5416.19 8731.39 3012.51 
822.07 7054.23 770.616 2566.2 1501.13 
1905.43 1727.09 444.381 2409.77 5884.36 
8520.21 4086.24 9101.25 7376.79 3929.52 
4013.7 5204.26 8813.14 2518.32 9023.58 
2840.82 7621.82 1766.65 9533.53 7553.51 
1384.54 12.341 8383.2 6800.72 8743.73 
1395.69 7622.79 5797.94 2166.31 188.976 
7299.08 4071.74 1916.06 7743.46 6481.51 
7800.42 6263.65 567.728 6901.66 3640.42 
4497.25 915.34 8844.69 3310.37 3433.66 
7868.25 6151.2 1055.47 9634.9 5684.71 
8608.98 1019.42 5697.05 6992.16 7820.14 
4440.77 8387.86 5442.92 238.697 554.149 
5631.89 7537.77 4625.89 7547.96 5281.22 
1107.37 5348.36 1544.85 1675.1 2250.01 
5185.28 6172.35 3165.35 4029.95 9482.73 
6599.01 1898.18 5633.91 7654.48 1533.06 
1318.61 6263.44 2552.48 7015.66 3255.58 
372.607 1456.41 1643.42 5815.52 1695.11 
2197.57 1447.4 9232.88 6823.46 8995.36 
4514.08 7930.83 4343.7 6058.94 9605.93 
6593.71 1244.2 5778.27 9759.06 5274.15 
5260.98 6358.05 7172.32 894.877 4012.51 
8705.38 2213.48 275.933 1257.85 9229.14 
3531.52 1630.45 685.537 5174.94 7445.98 
2380.65 7372.51 8893.38 1613.51 4195.95 
7888.72 6127.6 2126.77 2232.4 2186.52 
1732.69 8826.11 3430.72 7510.96 8585.15 
8704.87 2771.93 4943.18 5877.17 3666.81 
8955.69 4582.54 5880.29 9231.63 5840.39 
5109.41 2763.13 7470.84 5794.95 7938.07 
4916.8 8175.6 5310.57 3810.16 9789.11 
9506.52 1698.86 5916.69 1633.27 3931.27 
8103.21 3365.96 2757.36 1533.91 876.907 
1342.5 238.764 3648.84 6285.68 6115.94 
7315.64 5241.36 698.459 3195.91 4472.97 
6538.85 8305.32 7236.1 4009.67 4100.26 
5174.15 8926.47 2275.83 484.703 2736.62 
2064.93 9991.22 4435.48 7981.62 1624.48 
8366.75 6084.81 4990.44 1124.1 7618.73 
5867.35 2466.6 7857.49 9516.19 8752.28 
3973.41 6831.81 3993.62 4671.87 27.7073 
8466.59 1210.7 8333.03 5702.68 5220.37 
2433.27 876.812 4146.82 4709.1 1361.52 
6883.44 6774.03 1352.72 1318.91 4755.63 
2977.21 9685.66 840.431 7967.65 809.742 
8459.16 3834.99 3276.34 6316.63 3351.16 
2028.6 290.028 182.952 6022.22 4961.9 
210.659 4488.8 6172.6 8543.69 191.458 
1392.95 976.943 1068.27 5539.77 5686.05 
2429.79 2423.19 2460.06 3782.51 3742.1 
7215.69 6759.71 3427.75 8056.13 4727.35 
4237.49 6515.27 8562.33 7513.83 2831.88 
1913.47 9542.43 3121.91 2096.42 5564.63 
8083.81 2307.08 53.4144 4256.39 850.757 
244.873 5649.33 1827.7 1313.14 1189.09 
7513.75 3742.93 3612.28 9973.81 7525.44 
7354.39 7189.48 4285.14 782.116 5245.59 
9012.49 5019.6 1760.84 7574.8 2533.41 
4592.73 9488.27 2075.82 7714.64 1584.68 
7640.46 5798.43 3891.77 7693.87 54.7999 
4742.52 7938.74 5704.13 6570.22 9251.88 
6893.22 4083.95 2994.8 505.49 4057.74 
520.22 7859.88 1247.21 4805.36 8641.99 
6492.8 3817.82 3661.58 8253.64 1392.61 
6194.99 2846.35 880.867 8270.81 560.972 
2465.55 5911.25 6359.4 6357.31 3605.1 
6414.2 1099.82 1543.83 2118.32 7670.04 
795.697 9011.54 1753.98 3790.49 9517.03 
5811.72 4310.71 7376.89 7058.92 9116.07 
6018.87 3551.71 2933.88 9680.45 1805.33 
4326.49 5875.42 4651.68 5207.35 4146.21 
5212.65 7672.9 57.4484 1572.04 4030.2 
3662.55 7986.24 5130.02 5206.38 104.542 
2800.05 6002.08 9116.08 4554.02 9792.57 
8633.1 365.722 4103.27 6009.97 7424.65 
3219.32 2028.82 976.334 6153.2 1709.25 
2781.66 479.669 7584.67 7433.35 5687.02 
1730.87 2645.98 3359.91 1788.32 4218.02 
7390.11 5450.87 2204.25 2520.11 657.231 
2308.79 5320.16 6659.31 1424.85 9874.18 
6451.86 57.9369 239.887 555.113 6067.91 
7664.53 3774.43 8096.73 8640.87 9927.63 
9805.99 1422.51 407.285 7390.64 8855.86 
6094.31 9121.51 1501.83 9454.21 909.805 
5719.85 6844.31 6360.67 7924.1 9364.42 
7017.9 232.868 4684.56 3677.19 1657.72 
4558.73 129.038 1715.66 4798.61 684.151 
7783.57 2463.13 4458.58 5880.29 1103.98 
4386.2 5686.26 2526.49 4793.49 3076.88 
1382.33 887.776 2198.37 2884.16 341.974 
3108.17 8604.01 7186.28 9468.85 6528.09 
6550.68 6486.73 6760.96 1235.23 163.909 
8418.68 5793.95 292.947 134.325 592.551 
977.098 7917.89 3055.68 5435.68 3798.17 
4159.66 9821.88 9484.42 6686.15 4615.35 
2561.28 8068.48 5503.13 4759.65 952.622 
5845.1 7867.83 9556.63 3031.36 7336.66 
6084.71 9582.05 3823.37 2845.65 817.259 
3987.28 1264.32 6611.21 4280.23 1398.64 
7203.76 5257.32 9316.54 259.427 692.989 
3114.69 4419.08 514.855 2599.09 1105.21 
5130.21 5160.38 9173.69 633.317 9920.03 
126.293 6478.42 7787.84 9682.93 9509.78 
5124.48 5767.62 9091.81 8947.85 8613.27 
9909.07 2935.11 9877.59 6520.27 7215.33 
1276.21 3724.02 2472.64 592.733 3983.44 
3165.63 3707.42 8402.53 3680.48 6306.51 
9507.74 8810.69 1466.87 8681.41 9444.01 
1386.88 8807.7 5922.41 9174.72 8490.61 
5432.17 4299.18 4258.21 4523.97 3247.01 
2871.47 4433.03 6182.12 2749.04 953.278 
3397.44 4025.25 4677.3 5870.08 4617.98 
8660.74 9035.7 8325.4 7063.25 2716.17 
4631.89 6570.97 1526.84 6098.76 5252.36 
970.833 7485.65 4060.05 6893.24 6660.35 
2550.64 2325.4 959.511 6808.85 6849.36 
4206.52 9680.32 1282.37 388.623 2429.34 
2235.65 3786.06 6454.59 6912.95 9656.13 
1072.55 5573.67 8691.82 9397.95 2636.9 
1407.97 4029.83 9207.87 2934.81 128.578 
4460.22 3905.65 7614.22 8520.26 798.87 
4274.55 1070.88 3124.27 5234.06 7879.73 
9973.63 9440.59 7560.03 1255.99 9829.21 
9989.37 3491.64 3615.25 6443.94 404.566 
3271.36 7516.49 5978.24 1963.17 6914.43 
8615.14 3371.14 944.241 7822.99 6305.95 
1072.82 2283.19 211.584 8687.04 803.439 
1010.45 2961.58 1874.32 4134.72 8195.64 
9754.06 4108.33 7636.21 7314.07 5364.32 
7465.4 7303.42 8855.95 1080.64 3747.34 
9260.52 4352 1263.82 5238.74 6315.17 
8178.24 3853.86 9686.31 9122.48 1676.84 
5992.24 195.285 3960.03 6203.83 8882.33 
4763.47 7214.28 1843.89 6637.79 1348.98 
39.5114 6391.83 5457.32 7675.72 3705.89 
821.618 5141.11 1009.29 9677.57 6221.74 
4756.64 8938.08 573.729 6020.45 4176.8 
6888.9 4198.68 8030.66 6575.19 3321.14 
9707.49 2567.41 3516.43 3667.51 8771.24 
2398.74 8430.98 5985.5 4242.62 5068.75 
7334.49 4282.14 1460.56 2791.79 1957.84 
5166.45 3613.41 7098.95 6175.74 3290.96 
3320.68 932.359 2229.02 3894.41 6952.81 
6405.82 783.286 1151.47 4436.46 7358.47 
4472.62 4143.94 9925.88 7989.05 7811.44 
8697.1 387.766 6242.4 4682.59 4630.39 
1311.13 2017.06 8912.53 2771.7 4808.85 
870.35 7938.15 8422.25 7969.3 4113.87 
1713.2 1289.96 5046.23 3942.22 5184.37 
1999.03 348.02 5967.65 3150.5 4784.48 
3326.11 7623.11 8928.41 3251.97 5612.14 
6739.84 1949.06 5999.91 2982.22 6631.65 
630.282 4293.36 8648.71 9542.81 7065.06 
3457.55 413.14 5003.19 1879.78 8382.44 
9117.06 3592.98 9672.4 4163.27 7535.2 
4856.75 6162.3 7883.22 824.388 9312.79 
2667.68 4150.5 6935.89 1596.08 7402.47 
2548.02 8335.92 9351.53 8547.93 1318.13 
5983.17 9178.21 5611.48 4631.86 8721 
2676.52 8089.41 9134.14 7679.71 9969.19 
7516.56 6796.75 3562.16 7188.95 960.006 
1097.34 2045.68 7122.3 8980.57 2870.07 
6435.08 1648.23 7020.56 3370.95 3244.32 
4423.02 5918.97 1580.22 3774.53 4466.88 
2898.35 9757.69 3645.07 8509.83 4389.54 
2366.05 1186.34 2478.93 1500.18 8866.05 
2448.11 9016.74 5662.78 6010.27 6205.67 
6622.79 7107.61 8251.35 3745.07 6088.16 
1121.4 180.136 7736.4 8141.96 3551.09 
980.694 2564.96 9470.06 2560.91 6339.49 
3936.93 5459.26 6097.17 7582 3969.07 
486.688 9948.05 5155.41 2965.62 1448.21 
4021.44 5413.73 464.929 9684.22 1423.97 
6670.6 6306.99 8531.58 4921.92 52.0476 
4619.73 6043.32 232.184 2356.11 4185.27 
3783.27 3336.8 6750.23 3253.32 5897.71 
3089.7 7190.25 1356.95 9186.86 4772.23 
5326.03 9673.55 4720.26 481.419 2639.15 
6168.47 4502.86 8052.88 6633.4 4187.06 
9476.85 3303.97 494.035 8008.42 8225.9 
546.083 2628.13 4269.2 778.267 4984.23 
8454.47 4561.54 8321.03 5204.68 7814.86 
4218.73 8294.38 5005.09 5575.68 7481.22 
9777.31 901.692 7154.76 4497.56 1383.11 
9793.91 666.006 5885.97 7846.77 7299.4 
73.0125 7323.6 603.36 567.048 5332 
8829.26 1113.13 7960.12 3098.45 1891.4 
2944.34 1552.9 6452.94 1265.35 6757.58 
4267.78 5484.08 5051.94 9272.87 1059.75 
2533.14 9050.17 1961.44 9687.9 3547.71 
3344.55 9481.79 4213.72 9230.52 7328.53 
1513.1 9303.53 4652.12 2116.46 9870.58 
9984.11 945.703 983.692 7944.22 4044.15 
2875.09 888.542 5597.05 9328.03 2153.9 
2354.61 3595.8 7637.98 7406.54 2868.65 
8697.72 9939.69 1918.81 659.145 9627.57 
5466.51 4003.69 9109.34 9680.23 3234.2 
6437.85 1193.31 2537.71 1089.95 3309.78 
2408.27 1074.05 4255.48 3391.96 9018.27 
8299.63 6267.05 9906.81 3896.66 5595.06 
2060.69 6251.26 9190.86 9698.67 3657.79 
2059.49 8396.37 3597.46 3978.3 9055.52 
3225.01 9444.81 3059.2 2334.33 9125.03 
6293.39 8772.18 318.325 8831.1 9862.13 
3628.1 1239.36 936.167 7883.58 4631.32 
9954.44 6183.19 898.356 9861.23 79.8281 
6493.42 1921.9 6331.09 5684.26 1620.55 
9988.88 7743.76 16.9093 3586.33 1722.04 
9072.43 6811.34 1166.84 2131.61 9145.67 
291.851 8425 7917.84 610.176 7256.08 
7779.95 4238.28 8495.44 8716.12 2121.84 
3126.74 8670.54 8305.03 4025.1 8531.75 
8384.86 518.504 453.641 4715.93 6202.77 
2074.19 4704.8 3946.51 2091.1 8291.13 
5668.55 1163.51 5102.45 6835.39 3295.12 
4248.1 7127.24 1720.1 2165.92 7737.42 
8976.19 9945.88 1975.68 7471.61 8661.98 
4097.52 598.337 7332.5 2402.53 4623.44 
5864.24 787.369 5141.94 6317.88 5503.3 
1344.69 8392.08 208.082 5291.2 483.163 
8499.21 959.74 1646.68 3601.64 7795.13 
4941.8 7849.75 4922.36 6661.9 15.6544 
2659.77 5638.07 9961.53 4635.45 3109.66 
8623.5 8732.97 3708 5955.98 1135.48 
8331.44 1820.21 1922.85 3473.36 8138.09 
7426.15 4818.05 6530.15 7634.23 109.239 
7013.31 6133.42 1068.98 8659.99 9735.07 
8864.11 3601.77 7584.8 3786.46 263.649 
7600.45 6446.22 5901.72 7561.97 1081.65 
9011.38 6185.45 9814.62 2719.36 2141.41 
950.081 1050.78 3961.62 2872.93 4524.14 
2099.69 299.061 9342.2 8629.83 7933.29 
9451.44 5643.13 4066.7 520.398 4303.1 
3801.75 9384.51 7904.86 1386.53 3170.95 
8168.51 8986.99 9617.17 4070.21 6548.94 
698.805 3081.58 2734.36 513.406 5800.94 
4875.77 1463.49 6851.73 8837.39 4336.42 
1375.85 937.06 4635.48 718.032 9566.89 
2568.75 169.452 5210 6635.45 689.85 
9513.1 437.183 74.3429 7417.94 1823.71 
3245.29 5586.44 810.683 2862.45 9656.65 
7359.62 3561.25 2738.21 93.9672 4074.66 
8539.15 4969.74 5538.15 5390.86 3807.12 
9874.56 6766.71 4744.18 4510.02 7484.74 
4311.05 7078.77 7654.19 9521.05 3714.21 
8344.04 9034.13 4151.39 8418.39 6452.06 
5975.1 1663.66 2038.48 6785.79 4526.11 
1695.11 4145.39 8087.36 4433.32 4239.36 
2162 2972.45 9209.1 7700.15 8363.31 
3016.2 7574.69 5130 7760.37 2084.7 
2614.73 2071.41 9163.47 268.904 1592.45 
2877.66 8612.95 626.565 7029.05 7031.32 
7078.62 3004.14 8694.98 9117.1 9789.93 
3221.07 812.198 3935.3 1308.42 5245.52 
8174.66 3470.42 8217.97 7383.74 1170.55 
6581.26 399.923 8745.24 1711.24 8160.3 
829.924 4325.97 231.689 9993.39 4594.88 
1824.14 2871.04 3207.81 2450.7 9900.09 
239.106 9529.33 2904.21 8934.09 8646.42 
2694.12 2155.14 9458.61 6629.42 3463.56 
4704.11 4804.07 6933.98 2922.06 2187.79 
8104.53 9503.32 2587.71 6849.75 1214.55 
747.993 7679.68 5540.52 979.683 7673.05 
135.377 2803.82 544.076 3343.18 5254.52 
444.15 3582.29 4783.83 3348.36 2516.36 
3430.23 6042.49 4671.5 2888.82 2671.89 
8135.05 7592.94 7475.96 5069.01 514.98 
9663.75 3173.52 18.2843 2251.45 23.2597 
1232.83 2999.44 7702.94 6773.35 3979.12 
5375.97 6908.73 6782.94 5920.05 251.893 
2037.45 6364.2 3834.18 6821.28 9712.56 
6350.54 251.489 5755.03 1022.02 3140.31 
8426.93 9157.07 733.232 5902.87 4226.07 
1248.21 5566.61 7399.59 1266.5 7818.05 
7422.85 2499.33 817.476 5125.77 9272.68 
4796.6 501.73 6181.39 1579.53 6421.78 
6433.28 3616.97 2785.96 267.449 438.232 
2498.51 6617.99 689.722 8253.55 7640.01 
3830.03 6680.46 6797.06 4563.27 2583.31 
1023.12 5811.48 8149.92 8422.71 7077.98 
5967.95 5845.55 9577.3 6785.43 971.303 
8849.97 1582.01 1473.03 5031.34 3161.54 
7894.81 1464.61 6778.51 680.762 1732.06 
7216.74 3179.27 8350.04 7906.46 1432.8 
5990.03 1736.48 8113.26 2787.08 6299.75 
696.554 3810.2 2111.21 8846.47 2232.89 
9189.18 4814.41 8078.44 8766.47 1599.82 
9049.75 7616.42 3181.83 522.762 2647.75 
6343.37 8417.58 4112.35 3121.86 9098.34 
5844.41 338.586 2277.6 4194.43 8245.05 
3710.4 184.451 9981.53 1823.64 2971.53 
6281.26 2520.2 6781.73 8392.47 1366.65 
9014.63 7581.64 6181.06 7093.05 6348.09 
7780.88 6142.78 3964.5 962.697 6665.54 
6612.24 7306.07 5083.1 724.577 427.912 
4181.42 6568.98 766.498 6459.02 763.4 
9011.55 169.402 947.851 8993.06 1993.04 
3919.38 5274.3 4513.24 701.1 3666.75 
5879.89 9715.73 1248.37 2060.93 6808.76 
7596.46 9841.81 2951.53 1560.94 804.494 
9617.07 8173.18 8110.56 4700.15 8897.76 
8538.47 8881.58 5466.73 9304.97 5340.58 
6230.13 8316.5 5509.98 7177.98 7309.54 
7503.03 1097.35 2583.83 2016.25 1798.45 
6250.58 7896.14 1514.16 7498.95 9957.08 
8322.92 5095.4 9798.87 1274.43 6656.34 
603.35 891.481 4829.51 8713.91 5591.63 
3727.25 7252.37 4473.19 9193.98 6557.32 
9813.77 5424.09 4873.81 5323.74 2602.05 
2183.33 2826.75 3699.4 4767.16 4843 
5497.84 1017.72 2739.12 7012 8516.67 
2696.18 5334.9 3612.05 2495.03 6609.33 
268.374 3098.38 7500.81 5097.88 1812.28 
3092.43 8825.13 9064.65 7565.63 8019.09 
5621.95 7379.38 3443.16 495.743 2703.11 
6045.21 2679.08 5529.85 9744.61 7446.24 
372.835 5242.44 8463.96 3111.96 2254.42 
6980.62 5808.14 7589.32 592.656 8303.17 
4198.64 861.03 1401.54 1699.44 5958.91 
3213.82 4791.87 4784.02 2278.44 2357.47 
2803.09 7900.4 9736.86 6246.26 8396.14 
2439.95 2291.45 1075.2 7969.8 2036.04 
8521.44 8342.64 7278.48 6985.39 1454.58 
9532.9 3965.99 7262.71 7122.2 4558.65 
5565.87 1320.82 5419.68 6967.4 3020.26 
