800 5
2635.23 3578.06 7649.97 9303.2 7033.47 
7210.03 5106.54 5227.87 1941.36 8597.38 
6741.81 8341.21 9688 8678.17 8521.71 
990.936 7764.67 4895.24 3787.83 3077.7 
8710.42 7603.29 4879.35 9723.84 1054.61 
8059.51 4171.41 8688.9 4673.6 3977.2 
9745.06 7308.83 7555.26 7395.02 6612.01 
4588.71 4605.04 1718.53 9816.58 6546.39 
315.9 6558.37 4887.59 3.88372 5236.52 
3409.28 994.819 3001.18 8304.52 4782.65 
6078.88 7014.92 2385.93 958.207 6738.74 
3440.54 9017.72 910.139 2129.42 3691.3 
4887.34 1874.46 1000.11 2442.58 9269.48 
7612.12 7031.29 3874.5 9330.65 6847.85 
420.878 9646.55 3406.2 5308.47 9650.44 
8642.73 8717.75 645.241 1643.89 7022.25 
5427.89 7722.76 4037.16 7813.82 8680.97 
775.884 1254.34 7698.67 1686.02 3383.76 
1389.96 6573.36 5258.23 2390.07 9015.95 
4527.69 2.17245 6047.22 8402.2 9332.83 
2895.05 8823.07 8979.36 6301.25 4131.53 
8629.79 4943.96 2849.26 9275.03 6587.85 
9871.51 4702.9 4310.6 3908.65 2516.71 
2991.55 4684.53 3771.05 690.21 6370.55 
7154.81 2080.17 2943.9 2413.03 4470.24 
1959.83 6940.72 4472.41 8007.05 5342.9 
3805.22 902.084 4165.95 2784.56 7203.34 
8297.48 1414.33 2147.28 1146.72 689.343 
8735.13 1018.21 5392.25 3045.71 4926.86 
7908.95 6037.26 9611.39 1679.99 6727.47 
5981.93 8834.8 8807.64 8925.83 1247.81 
3277.86 885.643 8188.53 7750.27 8892.69 
3531.41 1555.47 9794.78 7697.36 4340.03 
6998.1 5994.82 5754.37 9145.38 7141.55 
6443.71 7880.49 8159.76 1835.94 926.187 
3086.6 9744.89 6963.45 2697.98 1424.86 
3690.91 8679.91 259.647 2498.53 7605.72 
1507.46 5776.39 8491.36 9695.99 3526.64 
7384.04 3227.38 5082.11 7178.8 924.724 
9422.15 4176.88 6919.55 5176.5 3322.24 
4061.08 1620.19 1202.71 2220.82 3456.13 
2128.9 5307.42 3201 9092.35 8005.4 
4625.86 2783.24 6685.29 4885.51 5281.77 
4290.99 6392.97 1058.15 2782.34 6088.93 
4584.79 166.357 9316.31 9666.9 7345.15 
241.02 9089.03 1522.01 7160.57 4265.51 
4844.25 1221.63 5885.7 6046.96 3442.45 
9341.83 8175.86 8749.87 2542.81 7268.19 
6755.25 7168.67 51.4181 3440.52 2054.16 
5333.19 7731.5 8447.13 6391.34 513.823 
4536.05 976.116 680.18 3852.34 643.003 
8025.33 4093.36 9732.03 9547.35 1253.91 
3997.53 4391.58 2475.54 9883.23 438.528 
5917.99 9225.04 8614.39 4667.84 1767.83 
5882.57 1423.07 8936.5 5933.98 4863.58 
990.645 1267.16 2595.07 9437.77 7658.5 
3108.89 3973.8 8634.62 3789.07 7826.15 
9277.62 1814.39 1919.49 9009.64 1361.72 
3173.41 3007.15 5753.31 5648.95 2890.36 
6191.83 1566.92 2115.37 4806.21 6234.76 
3883.2 688.756 7657.83 2819.68 6622.74 
2521.4 3810.33 7889.9 5116.47 3248.08 
5548.38 8225.36 7221.89 4182.98 2014.42 
5048.02 3460.59 3828.81 6967.51 2470.21 
5190.53 140.902 5477.35 943.82 5789.85 
8367.71 7135.65 7356.77 483.069 1941.84 
3591.52 4366.27 2630.6 1249.33 7185.95 
9253.34 3770.72 996.263 7143.23 8887.19 
4244.35 2691.59 7112.53 1466.22 6874.58 
9126.95 6514.24 335.147 2955.74 3481.73 
2805.35 8146.27 3622.64 8282.71 9090.09 
9412.49 6650.4 6225.73 6769.25 7133.47 
8167.57 360.746 1499.73 798.156 1610.08 
8685.68 51.4804 5380.8 9681.94 7194.71 
4267.97 3926.27 9886.3 1380.49 5392.49 
6760.86 507.422 1906.72 7096.01 3463.16 
5388.45 9901.36 1609.42 9011.09 8184.05 
699.491 8423.56 4834.44 6925.22 5192.79 
1967.89 5092.77 5553.53 3467.62 5890.93 
7163.61 2153.28 5942.41 2544.39 1835.2 
3137.1 6812.37 5761.48 3023.38 8192.86 
1153.95 9784.24 8700.28 3060.67 6880.23 
2163.42 8449.12 6781.57 3772.84 7460.19 
4965.6 4472.33 5883.73 9800.04 1397.53 
1076.5 1767.92 6490.31 6630.03 5235.54 
2381.22 3793.62 7388.81 8323.63 6338.02 
9224.02 1460.71 3150.36 4985.48 4484.1 
1343.2 6139.43 4268.32 43.4649 9200.09 
1148.53 2206.89 7649.19 7930.1 5979.73 
5109.36 2895.68 452.041 993.074 2695.71 
1849.57 2069.57 4463.62 8339.88 8699.6 
9699.16 721.083 2493.21 7087.96 9044.71 
8831.23 6311.96 505.413 1981.57 1297.42 
4989.51 3324.78 7436.84 9257.82 3368.24 
6636.92 406.335 5575.13 4286.1 8336.43 
1554.84 9395.46 1232.1 2006.88 388.516 
3927.8 3856.46 2458.09 8391.43 2196.32 
1157.68 8090.57 2917.4 3650.89 5178.51 
1962.1 2482.1 1490.45 2467.51 4463.67 
2787.86 7457.02 7788.45 224.69 6714.83 
1156.68 6861.61 7121.16 6731.81 1147.69 
5457.58 8286.65 543.13 6689.67 293.516 
931.647 617.458 4149.97 3389.74 9008.88 
6346.29 4547.41 7099.44 9263.69 8198.3 
2277.93 1225.78 680.378 3768.38 3693.29 
5144.05 6556.24 1150.29 2932.48 6780.93 
7865.12 4089.16 3642.52 4986.27 820.949 
4790.21 443.825 9107.6 5333.34 7133.5 
9401.12 6264.99 7750.96 3551.07 9654.72 
6759.82 9897.36 4202.12 3859.24 9161.04 
2400.4 6137.17 386.793 3080.78 9905.55 
4080.08 8224.83 6461.77 5230.37 1157.29 
3242.69 3095.48 5246.45 6885.21 8081.74 
6067.4 1675.4 8525.57 5174.98 7008.75 
5659.05 4576.08 3273.72 3409.99 8127.15 
2928.43 169.793 8024.49 7130.55 4029.04 
7185.51 9530.95 166.19 7572.31 2611.71 
71.7207 1652.37 836.517 6533.49 6882.74 
1993.81 9776.18 9978.22 7240.26 6661.37 
8059.94 3307.64 8336.78 6585.5 8482.62 
5345.51 2244.53 3058.68 8619.22 5654.51 
1185.82 1547.64 5824.31 9210.31 8678.18 
9853.34 6395.8 8209.11 19.5159 3968.09 
820.801 91.2367 5620.46 1657.32 6624.73 
2503.19 3651.12 6400.89 2481.39 891.365 
3062.24 541.316 4199 1399 7126.81 
2681.61 6744.51 9371.34 5740.29 5363.72 
5025.84 6926.11 6911.35 850.125 6136.4 
5589.52 703.451 2532.19 3798.61 722.967 
6500.28 4619.41 814.204 2120.72 6276.73 
7438.93 4623.91 9927.85 3839.81 7105.3 
819.2 6902.05 7646.61 5018.2 8301.05 
4773.41 7699.81 5045.54 4144.73 3440.09 
409.243 9170.56 366.179 7320.59 20.6708 
6502.58 2910.09 724.122 9034.77 6708.7 
1447.09 5535.03 1328.09 2261.29 7655.75 
7604.82 9700.23 2279.64 7532.65 3540.02 
9384.94 8351.85 442.05 7031.53 3370.04 
8743.1 1804.92 1069.84 3788.63 5949.65 
4509.92 4197.87 5120.19 4876.1 1518.45 
5140.86 1378.66 4428.54 5864.99 413.413 
1137.23 7312.08 5948.44 2465.32 9573.37 
3604.17 70.1199 9273.58 5883.81 7602.77 
2813.58 5268.73 5954.61 3255.63 2300.25 
9324.65 1998.71 4105.17 394.469 5787.35 
54.8005 4904.39 9985.22 5174.99 9780.5 
1503.65 315.842 1159.14 5932.2 6180.83 
1572.56 7069.42 3492.89 7521 9534.74 
3066.24 1125.15 9604.86 2339.8 7008.97 
7207.62 5153.38 2277.68 3162.21 8409.01 
4577.93 2486.84 407.707 8683.1 2881.31 
6195.05 8737.9 7785.7 6180.26 3912.88 
7566.18 7683.91 4228.72 8725.32 3616.09 
409.532 297.864 685.493 3902.42 7818.86 
220.215 6968.66 8944.01 9825.07 9308.46 
5952.96 7032.67 4461.83 8230.65 194.863 
2870.82 2808.56 2681.7 3278.53 1491.64 
5563.01 9473.58 229.525 3348.7 5653.82 
4142.4 914.862 3337.71 8371.12 9640.19 
6953.8 8780.65 9938.05 7639.29 2683.06 
7756.89 7859.51 9651.72 6700.89 7684.57 
8960.16 2653.84 4717.22 3421.97 884.467 
4912.09 6292.79 3693.03 7593.79 9571.32 
5184.67 3156.78 9044.89 5414.19 6505.48 
4698.69 9556.6 7420.35 8036.4 7927.7 
7060.51 4990.18 6708.34 6998.55 2629.46 
9391.39 4755.42 488.953 9043.09 1456.3 
8173.52 8003.24 4110.14 2890.72 1425.2 
4994.61 7802.81 7717.99 8687.63 5396.58 
7289.3 3872.28 8553.37 6334.17 9286.48 
5058.83 1032.84 8843.05 2479.16 9069.24 
6770.74 9539.67 4059.41 3479.06 6538.2 
6688.87 2870.43 1293.61 7177.82 1913.51 
2749.91 5351.32 9916.75 6860.05 8242.05 
1341.93 1854.64 6044.84 9059.92 542.253 
1441.4 6349.2 4414.54 9994.77 2683.35 
3701 5053.58 3716.19 2544.03 7532.74 
2785.41 9314.77 7072.4 6844.81 2793.81 
3610.59 3533.66 5664.24 4904.2 711.463 
7577.75 7654.11 6062.79 7494.48 4514.14 
4304.82 8836.41 6368.78 349.639 7896.31 
6911.03 1791.04 4245.5 1325.55 1785.8 
6928.85 5026.55 6839.38 645.014 7570.58 
4372.11 3430.42 6885.34 1444.49 275.212 
9679.15 5055.08 3808.87 5343.38 9959.28 
4520.33 2921.11 7613.37 583.103 415.577 
2127.5 4887.92 9251.99 8496.28 5237.56 
7148.28 5407.3 7028.6 1393.76 6732.85 
8814.4 8322.61 1759.38 5653.76 8967.62 
9329.97 25.8517 2398.03 6215.29 1470.34 
2673.24 5894.42 6525.42 6482.11 1237.78 
6484.68 1002.43 4158.89 4098.04 1585.53 
4574.47 6225.54 6473.45 3826.44 4721.8 
1710.99 974.709 129.081 8739.59 2368.47 
6861.93 7553.97 691.066 8621.32 3207.72 
9658.69 7951.27 3233.57 2056.7 4166.54 
4703.91 4729.94 60.9489 1229.32 1212.03 
1298.73 7714 2214.46 5457.63 1812.02 
3799.99 32.0802 8037.56 273.424 3858.52 
2759.34 1984.42 4833.23 2888.42 723.991 
7201.7 9750.35 8277.96 7892.77 8371.65 
1485.66 7551.44 6322.9 4719.23 9608.14 
489.43 9423.14 4338.06 550.379 652.442 
5550.09 1849.11 8366.44 7764.55 7306.74 
178.443 1564.52 7338.82 8216 1837.95 
1197.32 975.323 3822.36 6030.55 3863.74 
4546.35 3232.24 3614.08 2824.3 1124.99 
1985.72 4309.96 8676.43 8308.62 9029.2 
8284.56 8798.05 8452.32 2622.6 9348.43 
9104.76 8172.69 1197.52 7471.19 5937.22 
8504.26 7649.63 7501.74 5843.06 5865.61 
9339.69 7040.38 6840.94 3162.03 3070.92 
704.663 7708.38 6303.15 4318.74 532.666 
7428.15 6304.46 4842.63 6104.56 4613.06 
3871.81 4389.1 3411.09 2324.11 7011.7 
2759.51 1428.86 5184.37 3957.03 8900.04 
1121.57 2461.27 6549.66 8623.31 8304.33 
2415.25 7962.98 5344.69 9256.19 1125 
8415.61 9960.85 8833.38 4718.75 4279.58 
9366.05 2146.88 584.018 4208.66 8251.44 
5197.08 8080.47 2640.52 8608.17 404.56 
9652.22 1367.66 1833.42 4836.57 5324.69 
733.443 5958.14 7785.96 7283.1 4581.44 
6090.27 9698.35 2544.41 1434.95 8954.52 
3669.4 9850.56 8915.36 2502.77 4569.29 
3194.92 1868.8 6716.17 3778.93 6077.45 
4967.59 8976.01 4157.9 7608.11 7584.17 
4562.46 7260.31 8951.83 6395.88 2096.86 
4276.5 7129.32 8055 2062.44 4412.4 
2636.43 8152.71 4110.74 5180.83 9587.66 
3065.24 8850.24 9438.2 1980.58 1352.99 
4007.47 5175.5 3221.78 723.621 8954.43 
9299.24 5691.21 7930.43 3457.12 3299.29 
5514.58 8019.58 559.584 4466.39 4415.44 
2656.44 8742.89 1544.75 711.43 805.312 
5957.15 3347.86 8958.02 67.8758 8528.69 
8545.66 3133.12 7378.91 7983.85 5113.7 
8731.9 1991.3 289.188 1953.66 2714.92 
9243.62 1252.88 8406.13 7174.03 4710 
1705.41 2688.6 2729.57 2264.99 7154.99 
7145.01 4921.43 5897.86 8689.76 5632.86 
6703.17 4646.9 8980.72 5661.18 4714.77 
7509.39 4206.82 7847.89 4888.28 2190.65 
2961.58 3620.16 4181.95 3250.77 5573.82 
6896.88 2494.37 6826.7 5302.99 9668.41 
1536.69 7008.4 2356.99 4266.25 9273.39 
9511.98 1411.25 4194.8 5409.82 100.992 
9827.67 2112.97 4747.89 8808.37 7774.15 
9462.66 6317.75 1980.96 7310.54 1206.02 
4171.61 272.106 4826.18 8353.57 3522.88 
399.986 5250.42 6017.25 7226.69 553.397 
5685.64 8763.38 7561.79 8042.63 3029.61 
6835.16 7554.59 4440.86 1029.95 2964.39 
4541.85 857.603 5077.36 9289.74 9665.98 
2851.49 8752.39 5983.71 4832.45 6062.91 
7189.72 9004.06 6335.02 2015.89 7357.61 
9857.89 2415.87 2608.02 5875.13 9642.56 
3161.41 1560.75 8405.92 723.188 9603.38 
1435.52 7558.35 7157.95 5876.38 8588.3 
122.322 418.213 9445.91 5199.68 9707.96 
9111.86 8051.17 8460.33 5095.55 2883.61 
4523.22 2285.26 1887.65 858.223 4301.15 
9245.26 716.1 6717.02 1853.25 6591.23 
6359.56 5014.67 8151.98 4765.47 5737.85 
7755.34 6200.98 3296.19 4913.27 2077.34 
1884.47 5035.59 2495.56 1330.36 235.259 
2203.5 442.208 8286.43 663.806 5537.76 
1170.02 5187.03 7823.02 3057.67 6045.25 
2124.15 2302.91 6761.35 8841.17 4156.16 
3352.56 5200.71 9170.83 1504.52 9966.18 
4908.67 9259.86 6167.15 8204.86 4173.11 
8244.49 89.315 9208.71 740.031 1419.68 
9443.97 2943.53 1861.89 7730.38 3607.33 
7399.65 8900.4 8794.36 5222.65 1958.06 
4839.6 7346.8 4260.97 1600.93 6187.95 
8417.13 4953.49 1388.64 7587.94 6458.01 
1354.8 2496.6 5717.85 7521.95 701.437 
9890.97 5766.42 790.752 9099.66 6506.45 
2210.43 8543.61 9449.98 4072.31 6273.97 
3057.3 1471.94 5174.36 1851.64 6694.59 
7132.41 6691.24 4041.38 1393.36 8292.18 
229.306 9810.49 3245.65 1617.95 7398.42 
9703.67 2972.75 9895.02 5421.5 494.683 
596.438 5312.45 6261.1 1387.19 4412.09 
2767.54 3597.62 2955.68 2217.51 7669.93 
9229.65 5274.8 9141.88 4403.99 7126.45 
5836.45 1536.38 3817.68 9877.83 2929.75 
2109.83 107.117 2740.22 5355.49 1725.07 
138.629 5059.13 4697.82 33.63 480.618 
5192.5 630.068 5793.07 1453.59 2017.26 
205.142 4221.13 5614.88 3160.82 6438.63 
3284.79 2390.45 1713.42 2426.65 6794.44 
8839.87 8263.11 8330.83 2657.53 8140.92 
1260.55 4767.36 8248.04 4000.78 122.834 
9973.1 4139.41 5181.97 4670.9 4173.04 
5662.58 9863.4 4803.11 1455.64 1316.97 
6820.36 1660.78 5538.1 2435.22 4821.6 
1976.71 5720.02 7212.05 3690.14 8146.67 
4006.48 2529.99 6409.76 2337.28 5187.52 
4550.66 3597.84 9954.88 2798.68 7598.62 
77.7014 2771.77 1738.01 5259.67 7442.67 
5911.05 922.237 7306.05 714.135 2377.87 
8623.02 7534.5 4038.65 4161.1 9969.72 
8860.25 6137.81 5689.72 6072.29 9827.95 
3836.38 78.7476 2357.92 246.124 2416.03 
7545.44 4796.79 6013.87 7500.31 7595.47 
3612.47 7578.01 367.223 5350.48 2837.67 
7809.89 1261.51 3759.9 5115.93 1975.64 
6137.78 3738.93 9510.14 176.412 7900.03 
9479.85 9036.67 4037.83 5169.55 5108.94 
3865.76 9005.93 5187.68 6223.69 9252.06 
7603.72 3769.11 4048.83 3617.57 1269.41 
1644.28 7230.04 8847.42 2011.51 2580.5 
1685.07 9821.4 3842.01 5444.97 4937.31 
5817.65 1582.73 8676.24 5327.77 1759.15 
6576.25 4807.6 795.793 614.059 9977.16 
5904.73 4479.82 8983.08 1092.4 703.488 
8235.12 8696.11 4472.6 2283.93 2313.66 
5742.01 3928.21 9543.7 4589.41 5939.71 
2124.19 6274.48 5761.09 5966.19 1719.44 
698.382 1783.83 3302.17 9374.62 7111.6 
5061.32 5950.85 1919.19 5857.11 6564.91 
1896.33 1761.82 1044.71 879.389 2854.22 
1748.2 9114.5 1550.31 6220.8 1398.41 
3863.97 1962.79 5326.62 3407.66 6552.2 
1266.32 5531.84 2826.67 7027.41 1498.02 
4546.11 7725.79 3281.85 7848.28 7100.39 
393.433 2909.58 3051.22 2312.62 8766.69 
9616.13 4208.95 528.492 660.826 5088.34 
3382.71 2409.03 4202.83 4933.02 8629.82 
5601.24 8797 592.597 927.846 2204.64 
7144.8 2194.16 7736.48 9971.47 9221.57 
9234.51 4517.56 6947.34 2516.34 2365.82 
4047.72 2909.77 5275.4 7098.94 5222.39 
4042.07 6715.06 9431.34 4570.56 7375.88 
4519.67 7953.27 9784.91 8722.5 2886.28 
8414.71 4323.72 1683.26 9007.31 5251.57 
3887.9 6152.09 7445.73 1624.36 6123.54 
6667.28 858.851 641.085 3614.61 3375.19 
3006.9 7662.33 6284.96 8282.3 4761.25 
1507.33 2324.35 1476.29 938.658 6894.92 
8852.17 5458.33 4848.17 8637.06 4180.81 
7734.45 7051.76 8504.53 9417.7 6059.05 
3756.08 3305.58 2211.13 1201.8 4929.95 
8334.67 7869.08 5788.8 8975.76 1483.68 
9163.98 1982.65 9146.01 5448.92 264.932 
3907.24 6956.26 2589.29 5383.53 7894.91 
9484.2 4235.69 3353.22 4332.36 2872.74 
7534.03 2066.79 9924.5 6038.55 1484.48 
5983.53 9794.63 4790.06 8194.66 996.415 
9720 6529.32 8865.5 5508.78 5505.06 
349.159 4672.75 7487.71 9495.17 121.658 
7752.64 3402.39 7077.91 341.912 8785.92 
4972.81 9826.12 3021.59 8326.03 4158.46 
5894.33 5860.05 6225.25 5818.81 1898.58 
7709.72 1802.32 1693.2 2499.76 9996.99 
2689.61 2219.75 6526.29 1555.09 7728.54 
2031.34 1904.25 2401.27 9519.04 1399.4 
2522.93 7271.67 4801.79 9600.84 7613.58 
3587.7 4573.63 7439.68 6609.29 2899.65 
1598.12 2503.6 8759.7 7823.37 8322.41 
658.263 5533.07 124.715 2351.46 8032.84 
121.684 5041.07 252.572 6647.97 6596.17 
7981.11 8679.31 8500.42 382.359 8198.34 
9899.82 2905.29 5469.99 4701.59 2506.11 
3083.55 8289.29 7079.74 523.214 4898.56 
9979.39 2121.33 7402.16 8739.07 9944.7 
5724.56 9397.34 5477.75 5849.27 1748.78 
3510.57 5970.95 6789.85 3763.15 2618.91 
3386 1744.24 1298.2 1886.41 2126.6 
9496.54 1786.21 5031.88 4966.51 6487.81 
7537.99 8050.06 4777.08 4617.71 8573.27 
9675.64 4597.09 694.591 7077.79 3336.14 
639.274 2802.33 2733.46 6117.03 8651.6 
4482.24 9627.6 4622.54 1272.08 3390.73 
7241.45 4658.08 5134.97 8539.65 6544.49 
7261.57 8036.17 8330.71 2293.43 3002.66 
4818.5 9831.42 1052.7 9595.58 4449.12 
9625.98 9271.21 9046.21 320.549 6348.98 
2382.33 959.823 9151.31 5115.79 7076.85 
7802.89 9598.04 6704.44 2425.41 870.099 
95.1545 9666.85 5528.18 5230.12 8206.48 
2072.66 2491.67 6242.63 403.347 4785.11 
9245.29 5221.84 4616.51 297.976 4817.4 
9065.63 9923.95 4088.59 8111.82 244.484 
437.554 494.134 1204.31 9588.86 5609.93 
8281.16 7391.73 5207.95 4985.58 9817.14 
6078.05 5080.73 9483.97 1606.21 310.842 
7690.44 3678.87 2802.52 3933.05 4082.22 
7587.62 3178.33 9304.06 2204.12 3476.3 
4121.45 1269.73 3400.24 8210.04 9381.55 
3644.72 8647.6 9875.68 4849.03 8236.44 
5485.6 3130.17 5628.15 693.526 8115.75 
5445.28 6771.57 3196.47 4929.23 8377.78 
3507.31 2619.65 2056.64 6309.82 6552.71 
6138.85 3897.43 9731.04 5442.9 6101.55 
3207.32 9564.34 7371.28 6607.56 7774.37 
6752.81 252.264 6421.95 6628.48 5101.29 
4658.37 2114.06 8231.46 286.507 2807.58 
6347.19 5731.78 9579.16 9543.66 660.999 
7956.92 3050.95 3280.65 13.5426 9360.77 
9833.36 6152.4 3258.18 9564.38 1595.28 
9359.73 2771.68 1159.6 6730.99 9379.24 
8933.97 3483.79 9631.51 5355.9 112.249 
4732.78 14.2543 2226.31 2964.23 300.761 
5033.89 9311.42 6032.54 4613.03 8855.06 
6693.54 2569.93 1905.99 9974.2 2583.47 
1266.75 9807.54 8735.87 4524.93 9371.9 
331.129 3884.65 2143.57 1490.73 615.624 
1522.8 424.687 4099.41 1154.29 5780.59 
4211.66 5887.07 5794.84 6437.97 8851.3 
6095.6 1471.84 8162.7 2128.13 6084.86 
7017.75 8821.67 8654.79 8923.74 8795.85 
1238.25 190.47 8603.38 9974.12 4715.4 
7975.26 305.229 8600.05 118.812 1795.96 
9215.67 1641.61 2220.65 3315.07 2795.89 
8001.24 7526.73 8682.96 3796.06 3964.68 
7534.25 9891.67 5436.51 5696.93 2019.78 
1521.36 2714.66 841.442 176.13 1638.38 
9637.3 1414.38 1828.85 8240.66 1388.48 
6544.25 6215.9 1693.71 5144.29 6334.71 
3489.67 4359.94 7976.32 5710.32 7675.01 
772.196 3711.54 5201.72 9455.16 7507.6 
9166.4 6989.39 7399.25 4602.89 2686.3 
9419.04 6124.25 5400.96 260.461 6300.38 
7039.34 9897.76 7714.76 8868.19 8138.4 
9103.24 5412.43 4354.28 796.926 556.701 
688.973 4286.59 4916.64 8665.29 9996.91 
2591.64 9437.49 3708.43 7793.36 8892.63 
1216.01 6959.74 5882 8615.26 1562.62 
8568.3 8034.28 7686.87 3969.25 8294.75 
3987.23 1008.58 8192.49 1701.97 9876.77 
6330.86 805.193 5289.18 685.126 1602.12 
5845.89 1374.1 5888.71 762.512 39.3734 
5885.6 3354.15 9476.86 9594.03 1147.49 
8369.48 810.029 8107.24 4251.46 9425.29 
9669.86 2819.75 7459.56 7356.71 6789 
5754.29 1343.93 7797.58 3946.76 3045.9 
7674.33 277.604 3851.1 2963.5 962.73 
5453.21 8809.38 2336.83 1341.91 9571.89 
2376.2 7227.52 2926.03 1853.05 6821.53 
4073.52 222.505 7631.56 2180.74 4473.97 
7056.84 1850.58 7293.72 4516.38 9207.29 
4082.7 270.652 551.204 1880.26 4217.41 
3597.11 9554.59 4495.01 7448.2 2518.07 
5457.74 2901.4 1327.43 7794.57 4243.31 
899.303 170.756 1470.81 3825.33 2023.8 
8292.34 7898.85 2246.31 5923.88 79.5723 
6720.28 2980.71 1930.15 4013.98 7497.09 
1137.43 8096.68 7767.74 1688.64 9976.94 
1985.13 5285.74 9531.51 6480.14 2733.93 
2049.55 1937.87 5635.32 3376.98 9732.44 
9878.63 4276.29 9903.2 1349.42 8101.62 
1926.98 9641.76 6000.45 4173.29 5565.63 
6080.02 893.549 8546.33 8010.17 4907.53 
6043.41 9147.6 3004.19 3811.13 836.222 
2981.1 5796.26 6121.96 2512.59 2276.39 
8855.89 4562.15 4214.26 4491.2 7939.13 
3946.68 4369.81 2215.4 3849.86 5719.23 
317 5776.85 5360.98 6317.45 9950.14 
926.592 2397.45 843.668 9472.93 407.605 
5751.19 5516.31 9555.21 8755.38 9327.44 
391.415 1736.47 5123.68 6513.38 4249.06 
7400.07 5369.25 8811.21 1614.31 9860.45 
6750.33 5560.99 4230.24 8965.73 9410.85 
9949.48 9282.73 5187.68 5310.44 5600.16 
5137.8 6237.03 7997.6 5981.47 5709.94 
8405.21 1732.65 1226.24 7960.4 488.007 
553.664 8351.82 2224.47 5677.35 4865.18 
6473.53 3077.4 234.412 5284.73 4691.71 
94.8413 2035.04 252.686 4325.08 1000.75 
9663.54 4274.54 283.455 4851.2 9584.98 
5883.61 9989 5821.99 3881.2 5970.45 
1531.92 2286.39 7703.1 2758.16 246.777 
8191.11 3311.82 8598.59 415.563 8989.17 
3463.76 6889.1 2066.55 3698.17 2173.81 
6758.27 3793.01 4208.84 7010.95 8118.09 
5209.59 6674.47 2392.62 5493.04 1525.66 
1977.58 1376.64 1514.64 7799.57 5257.84 
7485.1 9331.49 7544.23 5188.18 2089.63 
7791 3379.27 5401.45 6389.58 3794.83 
4390.6 9853.34 683.913 6457.15 3551.49 
2857.72 3215.4 7344.49 7066.56 226.333 
5462.57 2276.14 6900.81 7855.18 7769.18 
8426.46 9832.76 9145.82 9941.11 7632.32 
4403.64 7426.19 6963.79 1947.85 2614.35 
9053.41 9738.85 5993.62 4454.84 6128.42 
9788.45 8845.44 5981.74 472.347 5302.57 
9533.23 3330.07 8517.97 6877.7 396.616 
8744.3 2340.25 2672.75 5645.09 195.421 
441.915 4071.54 28.1656 9587.73 4012.63 
7660.48 3991.35 1438.8 4624.25 5939.2 
4053.15 3677.65 5678.04 46.7513 8132.49 
1806.44 9835.2 6977.91 7788.18 307.532 
2280.47 7321.39 3637.6 798.426 4199.07 
4034.22 9542.73 6539.33 6706.97 5187.81 
6734.75 7148.88 9259.35 6762.91 6736.6 
3271.96 4423.38 727.935 4710.76 9047.63 
6667.14 8763.91 2725.26 2345.16 8810.66 
857.735 4151.6 8645.85 7835.65 1939.76 
8953.38 116.103 9261.14 2590.96 914.529 
3460.2 6625.17 457.242 9999.52 3332.13 
5645.05 6734.25 480.992 4904.38 3497.15 
7217.59 8176.34 7920.52 7945.53 2887.08 
6968.13 4612.65 1650.97 9693.4 6957.8 
461.616 551.113 1109.38 9107.46 8386.76 
3049.14 8060.82 8502.87 2310.26 651.764 
9417.39 5770.46 7276.94 9874.64 5769.96 
609.048 5519.67 2504.2 1090.04 424.031 
6001.34 8307.63 8600.37 3921.85 6253.14 
1487.43 889.964 865.771 3138.41 583.342 
7823.57 3600.02 1134.46 8932.96 2707.47 
9521.22 1982.08 768.27 8024.07 4292.34 
1420.03 7441.45 62.7829 8696.97 7316.07 
5832.75 9306.02 2835.72 8336.94 396.043 
3259.75 4338.27 8703.67 1860.1 8260.11 
4956.8 3347.53 9150.08 5822.57 6485.94 
9733.42 3646.13 85.9449 867.859 2579.07 
2793.41 389.061 4561.14 3561.68 8413.13 
8853.48 4981.71 5854.56 8916.27 3678.67 
3170.61 4749 2984.67 6006.32 3085.92 
3380.72 9266.07 7424.19 2084.37 1126.16 
5684.29 7041.17 4473.69 4834.35 2863.72 
959.615 4567.75 6509.85 1045.56 5435.61 
9088.91 3838.97 5824.67 3650.04 7400.65 
4237.78 2503.51 2382.35 92.324 1419.76 
6061.02 3262.93 6168.75 9045.69 9269.25 
9254.68 2426.39 8535.31 6678.85 4510.77 
9661.47 2363.12 1551.92 4135.14 7197.46 
4415.65 5094.76 1765.2 925.478 6140.32 
7200.81 14.375 9979.29 3025.46 3664.42 
7379.92 7263.25 6167.92 9762.27 7355.57 
7587.68 5823.27 618.483 3756.42 4868.95 
9887.74 3011.08 7295.34 8423.03 9689.92 
1806.09 8084.48 2053.02 3358.01 2219.6 
9250.49 7773.66 7314.36 1015.67 8699.14 
3454.66 8216.47 8713.51 3433.93 1241.92 
2377.91 813.827 8505.16 8545.83 576.079 
5860.72 6133.5 6399.35 6479.2 9889.92 
1268.28 6366.92 2900.98 8563.62 4789.93 
2590.88 369.696 2874.39 4643.91 3727.71 
5094 3894.37 1501.35 2408.34 4910.04 
200.474 5863 3126.5 8913.99 9296.92 
4368.42 1291.88 110.732 2873.56 9837.71 
686.811 8734.28 5971.2 7086.16 5213.46 
5861.09 8354.44 1580.37 8762.07 6918.04 
6370.3 1352.93 7287.74 9244.69 5996.84 
1015.43 4338.67 9891.21 2516.79 6747.01 
4801.24 2717.26 2609.99 7927.74 1631.23 
1906.89 2296.14 2923.11 2017.63 5169.7 
2760.81 2704.44 3903.97 8732 9790.6 
9117.43 4593.08 8145.02 697.778 3355.13 
5063.05 7068.08 4708.06 2350.77 6312.75 
704.888 3366.21 651.404 596.085 5883 
7398.42 5397.32 8600.26 8.38871 3325.04 
231.468 1915.28 5621.18 3154.58 3932.91 
790.864 5915.39 6637.35 4694.83 4647.37 
6427.93 3812.24 9240.45 4572.93 4510.02 
2595.56 9635.98 1578.08 7303.63 1986.74 
7890.83 8008.52 5352.95 8542.23 8604.6 
1235.92 5940.63 4001.91 9836.18 5949.02 
7326.95 67.6307 7864.3 2948.11 3222.21 
1797.19 3738.98 9137.59 8434.54 8433.8 
3784.95 4862.45 2246.03 3025.38 9435.38 
6756.05 5620.94 9071.35 8334.13 2924.55 
1058.07 6224.94 933.052 6411.01 4767.15 
9537.65 7646.94 707.761 3539.54 7483.1 
6656.78 866.473 7550.73 4521.06 3814.58 
772.923 6318.26 7553.56 9910.52 4752.78 
5987.35 3695.45 9615.23 8233.38 6720.83 
9050.59 4989.41 2341.75 8121.92 3323.52 
5266.31 9179.99 9548.45 6199.36 5590.99 
4315.58 5736.99 3237.91 5023.35 9276.53 
720.99 1680.11 142.99 8271.72 6201.17 
3957.57 9044.64 2519.41 1511.12 8955.14 
7272.19 7498.47 2650.57 6887.41 5731.83 
9371.4 5937.98 721.22 1713.14 4059.89 
4044.74 6979.44 3239.86 3593.17 3178.78 
8830.85 7908.76 8915.78 2068.74 2932.09 
8192.29 2789.73 4612.19 8335.28 1061.43 
813.35 2292.84 106.059 3332.76 3803.96 
9061.2 604.937 1302.41 1711.76 7492.34 
7034.23 1083.14 3430.31 7755.45 2796.28 
7490.2 1800.17 9775.72 730.044 5393.35 
2954.49 9560.89 3302.09 1870.24 1629.61 
6234.18 62.5199 4419.34 846.353 8397.8 
5480.77 1659.7 690.624 5586.83 4992.46 
4494.58 4648.02 5597.4 5796.99 6359.78 
3089.73 2831.21 7442.92 6520.03 586.643 
239.181 4010.22 2386.82 14.8845 4740.26 
7780.17 2969.37 4301.14 1082.24 4839.62 
5930.75 7316.41 4902.14 350.075 8162.77 
3299.92 5830.85 9822.47 3990.54 1417.67 
4814.92 8485.13 6065.69 412.299 4282.1 
2425.45 3502.03 7113.3 9868.37 22.0429 
7699.95 107.531 4032.26 86.7474 122.415 
8772.52 7866.91 3091.79 3073.64 8949.15 
7931.4 9004.39 6265.54 2833.52 9354.46 
4428.29 6133.44 5185.3 4250.74 123.967 
6602.96 9065.66 8609.09 2668.63 9477.96 
2891.17 5094.08 2979.97 4.46014 4962.43 
3002.01 7704.41 5069.96 7034.27 7791.15 
5192.37 5806.77 5658.05 8284.16 8880.41 
4607.18 6215.54 7884.78 872.711 9049.06 
7239.22 5301 5182.49 2424.5 9551.75 
5306.45 9027.46 8617.39 3915.53 1696.08 
8095.33 6806.7 6790.15 1075.28 6811.16 
1752.56 4077.3 4515.55 6822.52 1111.55 
2306.69 2014.88 6918.32 7964.74 299.02 
5798.71 2571.91 6514.56 3683.47 3444.62 
5563.61 922.675 8745.62 746.078 3347.18 
8297.35 6052.53 2374.62 6914.73 9968.06 
4070.7 5010.05 6774.75 860.835 6085.33 
3585.9 2613.4 162.61 8101.45 9435.92 
1274.16 408.122 1450.78 8192.48 8372.86 
1749.8 3991.17 944.753 8264.37 7674.64 
4389.37 3827.96 8597.31 3134.98 4574.04 
1944.47 1432.31 626.551 4319.09 8347.04 
594.596 8389.79 3357.07 7369.34 9250.63 
9442.4 955.223 1864.01 9605.01 9056.67 
1299.91 879.153 9464.79 2750.7 9071.63 
7837.64 4500.5 3062.78 8782.39 2764.85 
737.4 3171.75 6592.81 9334.71 6306.72 
1166.83 1279.17 7739.04 1793.38 5598.26 
6086.06 2387.97 3988.04 9443.13 9757.32 
3238.65 8885.52 712.523 5102.66 8490.52 
9769.19 6402.57 9369.67 9233.97 9153.27 
8441.28 7071.59 3653.75 1504.05 5853.97 
6418.6 2241.45 9025.72 3011.39 1576.14 
5332.42 4178.22 2855.31 3071.44 5971.59 
8453.57 9157.5 8359.57 2441.59 8600.62 
8116.87 5680.24 7486.12 8829.39 782.877 
5976.62 8598.57 7185.45 5346.28 7832.52 
6338.7 3787.54 4904.1 9992.45 5291.59 
758.049 6411.03 7533.03 9783.76 9422.42 
9109.17 5116.17 3600.62 1964.47 8187.61 
9572.21 418.022 7345.09 7931.76 2859.61 
5945.69 6048.61 8539.85 3431.8 4877.98 
9322.73 9408.42 3476.53 6508.16 4754.68 
1309.04 2846.84 8542.22 6213.13 2839.28 
3833.79 6971.18 9250.31 1366.81 6754.93 
8672.72 475.962 1871.08 2273.32 2440.43 
58.6744 1845.52 2858.45 7403.77 9777.28 
5718.06 3349.45 5825.88 4257.9 6781.25 
703.843 3580.61 6189.65 4180.38 88.7515 
944.314 5489.41 2935.59 9486.54 1702.53 
5774.87 3320.31 8673.71 5025.16 4687.11 
5428.63 3697.86 5163.08 7299.71 5971.18 
7603.5 7358.38 7816.7 461.939 4762.13 
7593.96 6180 8111.58 3419.82 437.883 
4892.81 4123.67 4018.49 1082.44 8304.04 
4107.24 2026.76 3793.44 7042.84 1513.28 
5495.97 2817.69 4833.58 4169.67 7842.85 
9520.7 9598.29 1540.69 4683.76 6897.99 
7511.87 2287.25 4256.35 5328.56 2749.19 
9018.49 2922.5 8929.19 7130.05 6342.33 
9367.07 2022.84 465.979 3385.55 3105.28 
8770.02 7492.79 5132.04 2563.45 4535.61 
6645.32 8059.42 7353.3 1478.88 2229.07 
5196.13 999.567 1827.35 6736.82 5683.33 
8725.33 4248.68 7970.57 2981.67 9577.23 
719.745 2000.14 2499.72 9648.93 9130.19 
8842.05 9015.99 1153.01 9308.03 2401.52 
4258.29 8078.03 9894.31 9390.33 641.463 
4429.9 6035.63 8700.88 1783.19 7514.51 
929.936 6979.32 8514.08 2757.28 3716.12 
4197.39 1482.6 7964.8 2167.95 4464.27 
7542.01 2887.69 6464.4 41.7164 2536.61 
5594.57 8883.76 1552.58 6747.58 8191.77 
3954.1 1005.86 6269.79 3848.39 396.173 
6911.25 8278.3 6431.8 5612.12 61.4683 
3946.3 6542.05 7040.79 2460.37 9299.33 
756.89 6657.76 781.916 8721.69 8825.71 
5246.18 6263.69 1713.38 1710.57 6305.4 
4250 7305.14 5189.15 5802.58 4052.7 
3380.9 9756.68 5058.56 9650.69 3605.06 
5454.73 6561.93 1883.34 1886.52 2174.03 
1944.81 5832.82 8716.08 8985.59 8293.19 
8015.4 9742.48 4950.93 8797.31 8464.15 
3776.62 4043.48 4727.82 5490.01 5754.04 
1033.21 9740 3059.17 6222.36 5542.56 
7111.87 9603.26 5299.22 2170.42 9253.94 
8904.28 7625.15 5815.85 787.6 9511.67 
7989.88 2732.41 5344.48 6705.94 1717.98 
3637.65 4721.31 1460.45 8588.58 3518.61 
9924.6 2365.19 7562.09 4652.41 7855.19 
3316.11 5685.62 7595.18 6375.28 1907.96 
3137.72 3487.14 1511.21 8436.95 5657.55 
765.128 7341.21 3282.69 6580.98 8128.81 
2794.34 4570.83 861.2 8138.82 1276.75 
2579.18 1776.46 5998.07 4039.63 365.028 
9516.68 3964.21 2730.22 7078.75 8616.62 
585.394 394.842 4302.22 8180.57 6770.12 
6210.17 1318.28 257.242 7721.38 9755.23 
5914.79 8486.51 7096.42 9197.48 5067.47 
5225.21 1991.81 9638.3 6086.41 130.619 
915.039 8665.59 1907.08 6913.11 2705.2 
2272.11 6429.77 6669.41 5002.32 3508.5 
5286.01 5587.72 3903.34 9588.23 3768.27 
673.444 5798.38 5086.56 930.686 3519.75 
4841.77 6845.48 2006.24 1938.17 6042.95 
7073.7 7163.38 8034.76 6711.99 3249.78 
8165.38 7627.03 1915.36 72.4399 4540.12 
4620.56 2344.55 969.869 1289.96 7346.87 
4478.36 6575.97 2934.57 8381.7 6164.18 
6702.85 9055.15 1962.54 1789.39 9985.83 
5482.29 6631.15 6831.3 7488.52 8569.32 
2874.23 4562.21 5732.69 908.969 1274.18 
8982.47 9074.35 8901.21 897.81 9146.79 
3441.31 5518.37 1491.32 4411.18 6808.33 
8838.19 8889.54 3384.28 1772.75 7271.23 
9548.45 8475.6 6326.36 1510.98 264.967 
6312.18 6993.27 6896.12 3143.46 4481.77 
5465.43 6017.69 9043.98 1198.1 6926.66 
318.151 180.555 6000.99 9219.36 1078.36 
5147.76 2660.66 6596.74 6639.07 7071.84 
3405.04 5477.25 5961.37 6789.32 7249.99 
3232.58 6337.76 5725.57 9558.94 7848.73 
5990.54 5871.11 4841.98 2886.65 9014.57 
9323.76 8352.07 5032.24 8367.72 9550.17 
1958.88 8685.88 9730.73 7959.87 7905.22 
809.077 3107.61 565.86 7405.81 9746.68 
7637.7 810.84 5223.92 3599.05 7600.16 
2473.89 6831.63 3937.9 8199.47 6390.56 
1786.62 4189.99 2261.64 6628.6 7076.64 
1276.19 5952.34 5428.69 6308.43 4320.05 
4978.85 8267.32 3005.91 4709.56 6227.17 
911.111 5518.64 9334.78 1476.97 2924.44 
9081.45 9114.67 3735.28 4305.34 2713.7 
1335.42 6779.24 9545.33 5273.32 4978.69 
5935.87 7059.94 9168.68 8197.51 3688.52 
6245.3 9473.71 9640.86 1673.98 5782.12 
3960.9 6652.83 4049.42 6966.8 1362.38 
276.573 7877.92 6881.02 9611.35 9354.89 
9805.45 8692.78 8469.54 3540.71 2998.11 
1183.22 4876.13 9777.34 728.531 149.435 
4756.02 6664.4 7209.37 3924.68 4861.89 
897.877 169.961 4335.58 538.724 1843.94 
117.681 4499.62 8496.77 4167.1 1466.41 
9859.14 4443.67 9344.32 6740.14 4055.01 
8699.19 6545.58 2747.77 7168.71 86.2719 
5745.88 8351.93 4962.4 5523.21 9080.47 
5111.84 279.204 5744.84 2321.19 4203.88 
606.716 3219.07 4373.84 4942.29 3757.79 
6217.78 5059.97 8257.41 4714.53 9227.07 
9723.82 4573.65 3670.73 9068.13 1313.78 
7725.74 7767.3 7859.36 473.495 4936 
7945.63 6219.37 3287.92 2908.01 1742.56 
2368.37 8019.85 2021.77 8113.21 341.029 
6225.65 8719.93 3560.1 599.471 3662.2 
7317.89 6817.25 8722.18 5575.29 1531.76 
7949.23 5299.1 6105.42 1619.95 4367.21 
7419.2 9345.69 2134.49 5278.54 9819.18 
7070.49 3224.15 6038.54 358.395 6132.16 
7781.1 2726.76 4152 9802.87 839.958 
4493.03 6028.5 9559.89 8053.13 6627.97 
3222.07 5371 3445.2 1944.23 946.279 
4976.96 9893.46 6245.38 1082.36 1513.39 
612.566 8501.56 859.066 2747.06 3780.08 
678.232 9817.55 7004.22 6716.77 175.93 
3136.37 4497.85 2902.69 7288.36 4300.7 
3742.65 1781.37 329.182 3302.52 9834.5 
6957.15 6524.59 5205.48 402.331 8468.82 
6151.76 5379.29 8362.27 2397.12 6461.66 
9875.66 3009.69 4963.2 734.714 5756.75 
8743.28 1412.95 5574.28 5747.49 8129.72 
5750.21 8883.85 2627.55 8652.9 6172.2 
6928.26 2395.54 7953.57 7257.44 5698.06 
7788.05 4214.57 2222.63 2993.52 4616.9 
691.436 9145.29 9996.2 9053.71 1542.39 
6457.84 8929.35 4552.08 1421.02 9664.07 
308.807 164.284 1077 5883.09 5911.77 
9206.71 1633.28 4795.61 1834.25 286.17 
967.79 8762.51 2681.71 8921.36 6019.93 
8379.76 6709.4 234.484 602.377 9702.92 
4851.39 1293.81 8848.19 4847.57 347.502 
390.564 1305.39 9276.86 4942.64 2726.41 
8940.91 5251.45 2890.69 17.8842 1134.52 
8802.46 9224.6 2767.8 3598.05 1058.83 
3053.97 4565.84 9821.34 5735.68 3487.19 
5841.25 4115.42 196.575 6075.74 4717.8 
9899.5 927.106 6011.61 8747.67 5774.67 
6359.12 9138.24 7080.06 5635.96 4080.86 
9806.47 4576.84 9332.31 2697.14 4594.73 
466.81 1499.59 3819.31 3234.61 5097.64 
4878.14 6288.58 9663.49 4699.46 2024.24 
3150.66 540.695 6139.67 3347.24 6616.43 
857.453 3246.72 7543.54 6869.07 1994.37 
3318.19 3228.17 1132.59 398.232 8864.12 
5213.45 204.682 3440.95 4545.74 2901.83 
8035.68 5012.55 4401.42 1854.97 8247.16 
9499.06 6733.11 4535.73 9162.53 1432.55 
6559.97 2313.17 1973.24 2699.62 5660.41 
8589.67 3557.07 8907.13 6133.19 426.125 
901.48 9451.39 3654.29 2034.07 9849.62 
2518.4 7247.52 54.284 5959.35 1793.24 
2956.11 3995.01 6805.79 7357.53 5849.97 
5052.94 6856.57 2583.06 9588.66 6019.08 
4015.61 6148.62 8332.25 5988.85 8848.24 
3992.65 4578.51 2405.3 2899.76 711.688 
