600 5
2079.49 5969.55 5240.37 5786.78 6131.45 
5693.31 4391.35 366.442 5823.72 5869.91 
6641.73 9549.8 4906.41 9415.15 5973.31 
9056.28 8352.19 3130.43 5809.78 9709.17 
165.34 7649.65 13.2383 5751.95 680.286 
1259.69 1832.15 3741.52 172.144 1694.53 
2429.69 2251.63 7664.08 7670.05 8038.41 
3795.52 3363.34 2429.74 4161.96 9187.06 
8299.65 803.675 8736.85 3206.04 218.805 
4710.14 2262.3 8571 7840.57 8072.08 
8280.16 8005.91 5721.71 8293.39 3757.85 
6402 9553.08 5590 143.5 9725.23 
7284.53 2573.19 1976.84 4948.59 243.222 
15.2334 8744.11 3606.57 2444.97 2906.05 
2793.61 744.602 3709.72 1530.44 3950.64 
3928.53 6240.58 6212.94 2499.51 4081.14 
4285.01 779.647 2087.03 6.70456 9073.04 
5844.88 6408.7 8626.11 1434.86 6552.21 
8351.32 8719.39 9125.39 328.143 3667.96 
9368.61 343.376 2412.05 2975.16 2788.35 
5318.1 5768.77 3532.95 9027.82 7299.21 
7483.59 2956.33 3539.78 3696.51 5455.84 
7620.92 7981.52 6235.49 9707.95 7988.23 
5308.51 5552.82 4396.91 3934.6 6987.68 
949.101 2285.9 5707.05 74.475 2614.04 
9375.02 9443.09 2957.42 1787.05 2418.23 
5745.77 7105.15 8187 9278.71 6132.96 
5486.2 6762.29 9089.29 9025.98 458.782 
4545.11 6646.88 8440.3 780.58 6354.81 
6428.51 6089.09 1907.61 825.407 23.6719 
8895.29 1774.51 2309.57 4602.33 1848.98 
4923.62 3977.33 1292.05 7881.03 5764.38 
3710.29 3626.78 2869.51 1897.27 2905.48 
9002.47 7383.47 9667.77 8091.74 6409.43 
126.532 2636.83 3056.29 8566.83 3417.41 
9411.1 4995.33 9506.5 1318.69 5820.74 
9530.17 213.967 7595.24 1839.73 4816.3 
9444.23 6763.34 8793.63 736.263 4644.36 
4557.99 4446.55 8271.14 7427.51 6343.82 
1176.61 6429.96 3727.28 844.358 4521.68 
136.695 970.891 7158.51 3192.99 9537.73 
575.906 2604.07 4533.04 82.3891 3922.76 
353.756 9612.56 4136.73 7949 1452.27 
8953.03 7393.21 8215.62 7746.64 8129.47 
2859.96 2304.61 2576 1131.08 9732.12 
8919.83 2307.69 6162.06 2647.09 3152.05 
683.72 2783.78 4122.94 7842.23 5976.77 
3660.65 8418.14 8580.84 8193.69 8500.53 
2503.59 8547.44 8113.07 6640.32 6496.43 
9565.34 5593.33 3889.62 7780.94 3339.95 
2019.07 640.882 5644.56 4595.08 1771.97 
5376.66 3514.89 4079.66 1538.7 6161.98 
7231.71 2222.42 8945.76 1354.64 64.6357 
4922.51 5015.29 8482.77 3503.34 3208.96 
6983.28 6006.93 1756.39 5096.34 2647.23 
8252.81 4661.66 8240.56 2142.42 2442.59 
1580.49 4161.49 3083.47 7225.06 8756.57 
4855.43 2601.7 2271.44 8935.09 4140.4 
8433.42 6166.79 6362.82 7379.16 7521.42 
6427.46 2301.66 2536.69 4910.21 5805 
5745.65 1893.48 1811.91 7502.04 6989.82 
4459.14 5754.83 1651.46 2699.68 7897.25 
4094.05 4280.18 2058.72 7177.51 1505.22 
815.273 2032.93 4106.92 3086.71 968.008 
8247.32 1520.11 7134.8 4610.12 8899.28 
4656.2 1037.56 1200.92 7192.9 5947.77 
7005.92 2938.53 7841.25 8817.83 440.551 
4831.05 3276.95 6195.38 6482.51 5976.64 
4092.61 576.541 256.8 6151.33 7754.06 
1762.02 6966.61 9786.99 5868.94 53.3023 
754.979 4116.24 1573.42 7889.77 8726.36 
472.678 2545.96 9763.92 1673.6 9738.86 
5711.68 8679.52 2677.37 3552.91 7497.33 
3117.92 8383.96 774.265 9313.31 4866.46 
6750.9 3405.9 5443 7007.7 9557.23 
3197.04 8769.72 6523.82 2984.01 4638.64 
6577.12 3738.98 8754.88 8150.54 1628.74 
7481.22 8623.22 4174.7 7245.12 296.8 
3913.54 2956.78 8976.32 6590.92 6509.69 
6473.63 9708.84 4893.63 7247.89 9022.13 
9760.09 3998.78 2428.01 5203.07 1006.47 
1985.23 8400.1 9776.19 8509.05 1384.09 
4414.81 5086.16 5123.07 3169.67 3236.68 
6751.82 650.87 1859.89 926.503 7895.99 
2156.69 4840.05 852.748 1132.99 1430.95 
7362.44 7606.61 1139.77 2256.05 4854.49 
161.879 2016.12 8853.27 2589.89 7219.19 
9859.74 4575.12 5619.27 9635.91 3084.15 
7003.36 4050.7 8170.31 2126.42 7220.37 
1406.98 8878.24 7871.24 3266.86 9804.74 
5767.21 5423.55 4644.77 6619.96 6556.53 
6075.72 3982.38 4163.13 7215.49 6238.43 
9017.62 7377.36 8254.55 7870.87 9967.25 
5473.72 7730.59 4542.35 1092.98 7366.48 
7626.51 8096.34 1417.16 5796.8 222.746 
8637.54 7203.78 9100.98 6508.76 470.622 
8905.71 2275.96 5894.17 3550.46 8895.92 
2450.69 9626.18 2878.28 6613.82 6841.65 
9116.71 5631.42 4218.99 7371.25 3502.27 
4186.23 2844.95 1232.85 8728.58 3937.93 
8599.33 6355.07 2034.25 16.4735 2151.86 
2257 8654.01 9355.63 1357.97 5162.75 
9826.26 263.657 7438.71 5720.41 3814.12 
6334.61 8171.1 3440.28 9212.89 4784.9 
281.907 8329.59 416.297 4500.9 5700.82 
3918.57 8687.13 8545.77 5151.42 7415.7 
2483.68 3750.73 3770.75 4517.94 3767.2 
5922.61 6774.94 2421.19 5278.23 8132.9 
7583.95 5104.47 8396.56 5022.64 824.861 
2210.66 1357.23 8995.96 5650.94 570.109 
3780.84 5932.85 8899.7 4197.13 433.728 
4600.5 8115.7 9120.86 3146.26 3267.1 
6536.54 5629.94 7017.83 307.273 147.859 
785.018 6229.88 6922.8 3206.21 1508.1 
5055.68 790.141 6612.57 3452.23 5812.78 
7437.43 5662.89 7170.01 6433.37 1313.81 
7740.12 214.184 7246.66 6639.8 4411.32 
7680.38 1240.29 2527 6801.22 4386.54 
5794.11 3337.74 16.4647 2811.92 3645.02 
164.324 3596.94 9874.9 7087.12 6803.15 
1382.98 2142.79 7593.29 7995.55 5595.01 
3406.06 5432.96 1257.88 576.049 1866.3 
2571.69 8316.17 2080.49 9818.35 4955.96 
6491.81 7498.72 6196.24 9018.81 4299.92 
582.767 4812.9 7637.67 599.232 7624.82 
1282.67 763.556 1221.75 1157.55 7850.68 
8024.9 2540.53 9993.46 5618.18 536.064 
5588.46 9024.23 5969.02 6846.34 9600.28 
7835.32 9418.03 7916.43 9915.81 9236.36 
2872.37 6407.6 6735.06 9068.61 5426.39 
1034.97 9651.38 239.273 8672.64 250.596 
7864.09 9955.3 1014.15 9085.84 1112.84 
8864.83 7110.72 3653.37 8858.27 2728.88 
4189.44 4446.71 1753.1 158.441 1293.03 
1353.36 7993.77 711.048 9269.8 7909.56 
9947.41 2142.15 4317.15 6682.46 1210.75 
9743.54 7717.42 862.111 9982.81 6390.04 
1112.71 7846.89 6345.33 2126.86 6932.71 
7458.17 991.67 4043.42 1111.53 9849.94 
6772.3 5300.97 4296.64 8525.4 5459.41 
5589.67 9878.76 3453.16 6300.72 9148.54 
1362.7 6248.11 1290.67 5679.85 2930.55 
2501.42 5423.37 647.958 3363.53 5406.16 
7038 4476.24 3253.03 3383.32 6603.1 
185.72 841.472 7594.77 4229.14 1953 
7444.69 1001.42 7253.97 1741.31 9526.82 
2713.36 7330.98 9405.56 6166.52 3631.69 
8554.08 7529.22 9879.8 9844.75 3209.05 
2810.33 2346.16 8632.41 3458.29 5709.69 
4038.55 496.275 185.908 7291.58 3879.59 
6789 7477.3 4721.06 4383.75 1706.42 
6674.06 1828.43 2707.84 3928.02 3569.74 
2234.64 6641.38 900.703 1640.18 2807.88 
4532.39 194.244 337.077 4412.17 38.9818 
3546.12 7222.5 2385.14 2178.52 680.775 
8094.83 6217.07 1177.05 8280.73 3508.63 
5056.64 5069.72 985.912 9777.71 9453.47 
2692.33 6451.75 1281.88 5400.17 379.752 
4851.62 7634.8 7021.13 5752.32 9274.98 
9829 284.692 9469.23 166.065 4696.86 
9508.21 3712.19 1919.35 1893.33 5890.71 
2600.12 9988.16 2107.76 3777.17 8268.87 
5616.39 8833.81 3338.58 6602.3 8611.5 
2792.03 9294.63 5063.24 4073.91 4694.78 
5442.99 8925.53 2329.56 2464.1 4677.83 
1604.53 2293.09 4962.53 1073.74 2459.15 
9659.39 581.932 6171.34 1578.72 2475.26 
2062.03 4178.84 2463.4 4169.78 7956.01 
732.26 9786.17 6789.8 4070.84 6388.46 
5401.28 6862.87 5683.07 464.503 936.765 
377.829 5907.49 9862.3 2707.39 8371.59 
4540.11 4311.92 664.661 9502.64 5385.66 
3123.81 9162.01 5967.6 9295.15 740.711 
8442.86 1357.16 4919.55 906.246 5526.95 
2875.54 1638.51 5313.1 9665.34 5709.34 
1701.54 5066.61 2572.19 7384.61 5531.11 
3508.96 7762.44 1438.58 3371.24 469.814 
9810.17 7911.35 4781.74 474.817 7413.97 
167.385 3598.63 6575.97 6134.98 2893.77 
7316.68 4577.82 4250.93 2236.21 5484.07 
9777.88 5111.75 7122.58 5090.96 4777.07 
2831.9 6792.5 9843.67 5404.09 4177.1 
5374.77 8913.05 1939.52 6813.35 2284.27 
2409.33 6623.51 195.606 7191.07 7098.32 
7609.58 7358.45 696.936 4185.53 3493.42 
3590.7 1502.19 8071.24 7841.63 3738.4 
3555.29 7619.49 8850.14 677.852 2710.44 
3627.2 3509.75 9502.94 3470.85 8913.85 
3680.02 8845.62 7826.88 5619.54 5658.95 
111.14 8028.87 2282.44 306.745 5219.92 
9380.76 7916.32 2578.35 77.6803 2101.83 
6071.77 3668.38 3604.02 4142.99 1510 
7342.42 7698.28 9129.49 6192.55 8376.14 
1839.91 9819.74 1885.87 1342.83 3290.58 
799.703 5022.85 2136.18 8626.59 642.371 
7795.13 8737.73 8671.24 77.5534 9044.47 
3891.13 9458.31 6960.78 6469.48 9536 
9062.62 2541.23 3204.36 2666.62 6684.22 
4714.36 9.02637 4382.49 3843.83 6201.57 
2758.61 5683.73 6021.3 4644.48 7026.57 
9311.88 5444.19 2049.4 1448.04 4070.76 
2691.77 9243.18 2808.47 1362.99 9320.73 
1852.92 5254.13 8779.03 8813.7 1723.59 
8315 7876.3 4264.83 1519.35 542.905 
949.034 6233.7 551.931 5331.52 77.5142 
6753.51 8090.13 5761.25 2774.79 2734.6 
2787.8 2086.65 8178.79 4837.2 3534.7 
2249.53 7528.97 2777.86 5058 8891.96 
2098.57 6910.92 4146.07 877.578 5724.6 
5869.66 9192.58 3600.89 134.473 711.915 
4143.79 1083.51 6945.62 4695.72 6415.03 
7023.13 1449.21 4505.15 2784.36 4224 
7239.75 5572.16 6310.66 5418.52 409.344 
9845.36 7668.05 7938.31 2623.2 2726.03 
6830.26 4721.76 9636.94 976.313 5599.34 
5361.53 6845.98 4791.91 8962.42 6980.45 
5503.82 3106.19 8063.96 2449.43 7801.92 
4478.97 9472.56 9251.13 8984.12 2256.91 
3475.12 6223.85 7829.07 9785.77 1642.36 
8238.41 9631.11 9310.41 6176.71 2254.29 
2036.42 3006.95 6976.06 1673.34 3983.27 
2575.38 7034.87 829.225 7367.29 5997.27 
7809.67 2871.09 9103.47 5873.61 5320.52 
6905.37 352.568 4793.06 6156.48 9336.69 
7049.97 9631.59 5560.52 4879.02 9417.35 
7202.88 3117.42 9048.44 6513.27 9294.12 
1302.72 8549.69 2301.06 8278.77 223.011 
6284.33 854.136 7257.88 7113.55 8221.43 
3255.14 4923.21 1092.5 2358.59 796.806 
6413.02 9263.96 1149.37 1206.07 5420.42 
486.045 8256.04 5051.99 6046.57 3135.04 
4469.32 3249.43 6252.46 3517.75 9762.71 
5546.57 4820.47 8312.37 7847.63 3099.22 
8535.39 4131.93 3953.36 5793.25 1245.47 
2174.77 9048.39 6168.68 3267.27 1406.97 
6965.48 9680.29 670.905 8114.86 886.347 
6091.32 8600.9 9142.38 1143.29 4647.45 
2277.41 5612.62 7896.89 8529.87 9130.36 
7659.58 4076.41 3950.81 5971.93 1924.02 
7050.04 4507.3 6055.96 1003.38 300.537 
7301.43 3178.15 9348.93 3470.08 6445.42 
755.88 435.551 6125.7 1426.79 8550.41 
7012.04 7518.11 7151.29 6154.41 8661.4 
1798.73 8431.82 4274 9695.62 6961.67 
3404.35 7355.18 1038.06 7355.16 3327.09 
2962.09 4405.18 7834.39 9018.04 5408.56 
8134.93 6319.45 8586.71 7483.84 9789.54 
5032.11 8239.72 225.072 1157.79 9666.51 
8775.48 8169.83 7184.6 5926.75 4324.22 
5845.98 7725.48 2756.02 119.962 7421.09 
9717.69 3524.31 4776.25 755.738 879.452 
8103.34 3717.83 5284.63 5937.72 2735.85 
693.175 4072.63 9055.31 9279.88 1556.46 
8844.83 4311.97 9796.18 9069.9 5469.76 
9462.68 7845.36 3639.57 6647.26 3772.1 
7963.79 2493.22 1497.57 719.793 2613.18 
8918.65 437.467 6137.49 3694.88 1193.2 
7016.94 1798.21 4911.03 2301.56 7735.93 
7646.88 2994.73 1808.54 6702.17 2274.6 
3365 5546.98 6586.57 3161.17 4616.87 
2056.31 2623.82 2462.21 5695.88 9271.08 
6234.31 3659.65 1764.28 7731.88 4379.44 
4377.46 6650.51 4816.91 514.938 345.38 
6010.11 7531.88 2143.59 921.124 9833.44 
9879.51 8568.01 2828.15 1688.04 5270.16 
5102.75 5053.04 817.131 1689.3 8214.2 
5434 3745.61 838.009 7896.21 9441.48 
109.073 4130.5 3101.11 1873.36 1862.36 
7480.55 6250.82 8512.87 2297.44 6765.76 
8858.25 8307.55 4297.62 1001.82 9228.67 
4131.04 881.315 7796.66 6959.19 2569.35 
3066.81 2061.92 7622.39 3883.94 3751.22 
5836.57 9317.94 7496.83 6674.58 7214.13 
6938.29 6783.65 1344.61 39.386 8657.01 
3206.96 7519.94 4907.82 1719.81 9817.37 
1673.56 578.042 8124.91 5971.18 1579.86 
7353.56 102.205 2461.18 5150.21 7061.4 
5030.53 8217.02 9123.32 2652.9 2100.94 
2874.53 8489.47 1418.86 371.342 5164.04 
8632.99 7309.64 1947.67 9977.6 7349.02 
604.669 3184.54 4868.94 5512.48 4904.35 
4686.3 7186.04 5482.39 2811.18 3157.2 
7062.25 164.729 3259.41 9523.43 5314.94 
320.791 4553.94 3531.94 9444.11 7206.83 
5632.88 2318.63 5696.29 7051.75 2689.97 
860.308 5684.72 9999.61 2807.98 5662.3 
7348.61 3412.65 8846.84 2217.53 8925.14 
3751.17 6903.83 6111.16 9233.56 9715.01 
9268.37 6295.8 9879.74 2527.76 5819.21 
5194.66 2848.55 373.126 8726.6 2292.65 
7579.96 4359.46 4611.27 3276.23 1411.19 
7301.24 4136.54 7095.91 7300.83 6944.52 
2758.19 4649.42 357.158 1605.01 6866.96 
9282.29 5356.18 3770.77 5393.44 4589.73 
3485.76 4661.78 885.506 3365.49 7189.54 
6704.71 8560.15 38.0728 7077.84 7286.73 
2330.72 4657.78 1646.18 6941.99 7934.02 
3057.37 4243.22 2070.54 153.268 1544.03 
9015.06 2911.46 6193.45 9372.22 4516.48 
3060.39 8654.5 9872.66 6831.16 4047.92 
4462.37 316.902 8709.7 5347.88 3682.39 
5899.23 2052.57 2242.52 5937.3 9130.41 
9529.25 8268.02 3788.17 1175.41 5209.99 
1722.17 4232.78 9453.21 3792.71 4386.05 
997.22 2807.76 7297.51 7190.67 2179.96 
1813.97 251.045 834.446 1686.62 7082.2 
4882.36 6148.99 7399.1 3592.05 1496.84 
1081.47 9491.27 3549.41 3323.99 5428.56 
2679.81 2853.23 3696.56 6467.98 4028.64 
8906.55 8190.15 8261.42 8359.74 1982.85 
2647.46 9356.96 4790.61 9944.97 6547.61 
6970.57 1758.93 6798.66 7805.02 3445.54 
3880.84 2687.37 9594.53 1279.93 6279.41 
1091.36 2361.4 5770.67 4640.77 5685.4 
1199.21 7320.58 8538.62 4895.76 3788.54 
2567.25 3802.29 1978.68 828.652 2162.01 
3961.53 3476.11 1518.95 8752.14 3421.06 
8066.57 5722.69 5179.99 4865.2 3527.7 
8625.53 8746.04 6215.06 8220.04 25.954 
2494.46 9311.4 2387.35 8265.13 3952.16 
8072.75 9464.33 1272.72 6611.36 4360.08 
5061.26 9178.6 8162.38 7039.94 7.23949 
324.372 1001.45 3483.35 1843.33 9753.58 
6904.41 9909.89 5476.26 2084.38 4775.08 
9003.95 709.892 3521.11 5219 8929.94 
3547.06 7713.45 8241.32 5934.42 5978.56 
2193.46 4007.15 5442.88 3466.18 618.49 
9802.96 8527.44 9797.09 7965.32 5567.36 
9804.33 8289.69 6568.8 3287.66 133.001 
6322.37 192.055 42.8749 1798.61 2276.43 
4817.95 802.543 2986.33 8339.06 6021.54 
1916.24 1886.1 3734.97 157.547 7820.52 
9713.54 2351.01 1827.65 5156.4 5817.18 
2446.14 4959.35 4344.6 2243.22 2924.65 
9911.96 2047.53 1214.33 6480.75 5335.2 
1347.33 2803.1 5527.25 1390.21 4601.71 
7803.69 6208.16 5404.25 789.995 4547.2 
1425.77 2706.24 6433.3 5160.75 2863.79 
4253.8 4874.27 5214.79 6081.45 30.6561 
1031.96 8527.59 4990 5376.57 770.788 
7914.66 5288.51 2818.32 9128.99 1769.24 
8153.52 476.303 4572.34 3680.76 1866.51 
9174.05 1484.43 8074.67 4578.29 2274.42 
2621.85 6004.06 4980.66 9055.15 1164.8 
7844.45 3308.94 6039.07 3059.22 9390.39 
6069.72 4091.19 7917.96 1059.71 9467.75 
8688.75 8974.37 4756.25 1507.05 8103.34 
6525.49 9660.57 8579.64 1097.82 3341.31 
446.136 271.854 4825.74 8520.8 4850.14 
7100.16 1142.64 854.19 2080.8 197.776 
2018.99 9925.25 3506.72 8058.05 2984.46 
2897.09 4127.76 7075.64 815.031 5187.47 
6543.38 9503.78 4161.82 1299.6 1010.82 
2265.15 7825.1 671.37 844.775 8922.91 
4012.68 1290.91 9194.77 8838.42 9811.71 
4044.89 5938.56 954.337 4899.08 8019.36 
1152.11 6918.07 7944.59 4658.83 4976.11 
929.025 7555.92 9103.87 8004.67 8370.95 
4291.32 4548.02 7874.71 8453.14 5847.63 
8885.53 718.275 3672.71 9556.9 1563.05 
2595.6 3569.56 2853.96 1790.35 2407.96 
2665.66 5835.25 8346.52 3620 734.312 
6365.85 4772.11 7652.38 4310.42 9430.94 
2628.47 5239.45 6986.83 1732.32 3244.1 
5357.76 6023.64 7792.12 3232.46 4476.77 
3639.74 2117.96 5195.04 7312.44 1674.84 
6758.09 9908.05 5244.4 9612.05 1698.38 
7652.36 2277.7 7533.63 5998.86 5897.69 
8267.94 2364.7 669.782 5920.3 6675.12 
100.701 8548.78 1914.55 7087.53 281.079 
5158.65 2445.28 6304.72 2950.76 5677.74 
781.471 6590.49 7795.7 5976.51 3902.92 
9470.55 2734.59 3810.95 4714.93 2346.63 
5509.33 2367.28 4624.32 3042.94 8366.14 
521.994 1310.86 730.816 1191.78 7231.17 
7405.94 1292.48 5779.93 9320.49 8380.01 
6061.01 4479.13 825.276 2365.71 7429.88 
6503.01 3147.18 4020.36 4298.7 9123.69 
7923.28 3769.23 1858.27 1734.21 8484.16 
4204.89 7243.55 851.418 8829.21 286.471 
9217.55 9351.21 1597.34 9948.37 542.964 
8828.5 7354.29 1835.44 4608.41 6674.76 
215.435 669.403 1153.87 1040.71 3035.11 
8583.76 7543.72 6182.29 2604.1 1842.41 
5305.97 527.366 5611.63 7164.24 2261.58 
4095.78 1369.11 9505.13 4947.19 198.305 
9791.6 4164.73 9549.51 1388.92 4113.08 
92.4571 217.405 1467.35 1927.9 4825.82 
8142.12 2143.33 5495.22 9295.99 3184.04 
8530.33 7879.73 727.75 4712.61 483.813 
2570.16 18.5648 1011.18 8181.79 7182.8 
3272.76 2277.55 8551.91 2777.87 7224.74 
8750.22 2569.45 1389.46 8299.71 3958.37 
5502.54 8392.17 4175.78 6969.89 320.048 
9001.59 5112 2463.38 4496.8 4407.97 
5647.42 3027.12 2287.68 6375.17 7739.73 
2771.49 8945.33 7758.29 3782.67 7127.1 
4941.08 7055.43 9404.66 3492.97 9833.3 
6629.38 2243.17 2402.74 8018.84 542.866 
6361.11 3521.36 8935.03 536.869 491.239 
9255.08 9538.46 5603.23 1718.44 4035.25 
11.1845 7365.87 7062.36 2298.86 3741.02 
4802.07 5070.36 2686.34 2560.35 8853.03 
9813.44 7501.43 5908.44 9218.08 994.382 
5741.73 5847.44 3237.56 8144.47 3866.27 
3780.42 4505.56 7387.63 2715.44 5042.43 
7878.87 1970.5 4580.88 3482.08 3688.95 
8616.12 3493.27 1054.8 5678.47 5792.13 
4795.82 480.526 862.472 7482.16 3040.88 
9715.5 7295.58 542.286 5623.93 6513.64 
1536.67 1365.64 2361.07 4774.22 9510.12 
6227.34 8554.64 4015.66 3614.95 1270.07 
9058.1 1493.8 3240.57 3638.96 4975.88 
6929.51 2255.07 8469.15 7984.31 7933.54 
4261.26 2780.11 8414.06 5123.74 262.251 
1454.92 4839.22 7557.83 1997.21 463.133 
4071.46 3533.88 1828.78 6432.53 8308.1 
1338.87 2659.85 6862.73 5354.54 6274.8 
8132.79 4412.62 7768.6 1373.34 8051.58 
2744.46 8302.85 306.627 1213.59 6287.15 
8240.16 5474.86 9067.26 6654.21 598.578 
9329.51 8109.13 5437.8 6887.32 106.326 
5900.93 958.765 3640.2 7729.71 7391.3 
1948.29 9068.58 51.1301 8811.01 4423.1 
6325.93 6943.79 8835.72 4094.51 8317.13 
6887.28 6838.97 6619.97 7193.9 8052.57 
2907.1 5434.05 3527.41 1974.34 2088.25 
4125.99 1303.83 197.363 9563.79 8191.15 
303.689 5464.7 9149.92 3943.89 3194.39 
6541.2 5892.18 2262.96 6592.33 4703.17 
6686.06 2918.24 1646.95 5521.76 7012.75 
9964.08 2409.02 3851.71 6584.03 9602.92 
1904.26 9491.13 5036.96 5431.67 1465.45 
7125.2 9557.65 2769.29 7322.57 9121.42 
960.422 7626.26 4586.1 110.323 1570.13 
7780.5 6651.52 7462.31 43.4339 3243.83 
2165.46 6729.49 6162.07 3812.41 2251.23 
3174.8 3776.47 4660.25 7026.51 360.488 
4263.16 8930.77 9851.62 9300.12 4362.42 
1317.06 6425.3 3920.05 4086.34 3747.85 
3041.46 5046.77 1374.09 7627.56 5157.09 
2944.22 5408.04 1808.59 406.513 5451.47 
5052.42 2571.98 2180.95 1214.48 6384.39 
4432.18 4389.28 160.843 9092.43 1415.77 
521.332 3355.58 346.522 372.935 2655.68 
4708.94 1689.99 9080.98 8628.99 5776.34 
2828.82 1670.43 823.087 4202.91 9297.99 
5980.18 7147.13 4706.01 7788.77 7553.65 
157.471 2841.18 125.607 2338.42 4055.65 
6509.99 6770.6 8444.93 6670.84 5863.02 
9860.7 7192.17 9218.59 207.207 7565.1 
1874.25 4916.15 9255.1 955.216 3545.12 
5031.42 3784.03 5215.55 5854.51 7986.95 
4513.52 1834.67 5134.06 9219.54 9623.44 
2687.69 9377.01 2464.59 2813.3 1715.41 
6520.24 9323.29 8486.01 4965.16 5994.11 
4349.01 4825.84 3186.27 3567.58 5033.05 
751.355 5441.83 9949.19 6.43626 6397.05 
3494.3 5037.86 181.068 8709.84 892.345 
8168.02 3223.35 2727.01 3302.06 2442.87 
2350.43 5989.76 1819.86 4815.02 8803.06 
3535.27 1335.25 8126.33 2021.26 6300.4 
4120.43 6370.27 1126.23 7306.7 9937.85 
6159.27 8058.05 5379.67 6108.45 8064.49 
1776.71 9602.75 3102.33 1957.77 8312.57 
3994.67 125.772 1535.91 6721.69 3427.83 
3978.78 9072.11 9417.59 5798.64 3887.12 
8220.63 9333.91 5222.37 6346.95 1355.16 
1522.75 467.36 7725.43 2648.98 7774.06 
7663.27 8808.26 5832.1 3042.92 4916.69 
3896.57 4819.63 4519.42 6998.9 6777.4 
2831.98 993.557 6903.17 4367.88 7715.24 
330.991 8346.66 6787.34 9748.58 4145.29 
674.44 7969.19 3479.18 5896.81 4316.12 
4834.34 7419.56 4783.48 2559.76 68.5258 
2557.52 223.01 8876.78 8389.62 3265.93 
3793.46 2286.17 8085.56 8312.88 9285.07 
4862.95 1144.84 278.612 1766.11 5512.72 
7993.85 2097.1 3859.37 4781.18 1845.66 
8004.66 5455.62 9814.85 1483.82 1352.41 
4130.95 6318.17 8771.97 8914.43 8877.93 
8840.49 1471.94 9100.94 7717.26 9861.56 
2366.85 1510.7 2147.71 452.398 9823.57 
1432.77 5315.35 968.393 1711.38 7081.45 
6481.11 9705.24 9178.55 340.466 4486.39 
1024.19 8345.12 9942.01 839.024 9828.95 
1294.4 4969.98 6147.1 66.3488 3884.4 
5025.01 8906.84 5356.33 4125.93 6624.08 
5217.88 6492.78 8134.78 7365.59 6945.18 
7958.34 8798.36 2260.51 8926.73 509.725 
9341.96 5407.83 214.943 8520.49 5748.29 
4701.34 9544.68 4093.4 4643.33 383.686 
3922.33 5937.73 5353.67 69.4109 6004.08 
9238.06 5094.42 4910.9 4594.38 9220.35 
1534.97 9812.25 5713.12 9669.75 7177.83 
2658.28 7628.07 5976.17 4918.79 6554.78 
6485.9 4260.73 1962.59 6700.84 2781.2 
7710.89 1402.16 2325.87 1804.27 6045.49 
2709.55 5726.6 1983.2 8063.22 5796.01 
7987.28 7301.26 890.413 2898.17 1895.62 
110.747 4433.13 1707.86 5823.86 4102.87 
8885.69 8482.14 1730.92 4861.84 3400.92 
8285.7 1347.72 7661.65 248.281 8048.56 
442.838 7959.17 9450.72 2768.7 9763.44 
5496.19 5478.26 5490.02 7479.4 3541.46 
1286.01 5466.66 842.702 2176.42 8364.83 
2738.32 2287.17 2797.94 4446.19 8111.03 
6900.81 3331.86 6593.16 8631.73 8193.7 
9994.08 6917.42 9541.42 7655.71 7165.7 
7589.97 8098.55 5124.85 7040.67 867.237 
4888.27 2536.85 6345.49 378.271 16.2298 
9886.95 1664.28 5482.89 729.636 3840.71 
3847.7 3467.96 6127.88 6645.64 7914.15 
4238.89 3546.44 1245.99 832.037 2178.15 
9439.69 826.099 9095.57 8981.09 8481.81 
6261.25 6571.04 6580.34 1386.08 3611.7 
7447.58 6274.35 6148.55 3793.06 6652.62 
6164.78 3679.99 8316.9 1647.65 4409.63 
2157.59 5495.35 7877.59 8285.47 2140.98 
5791.72 2524.34 5687.41 7037.7 3356.38 
7865.56 6477.37 4182.48 6961.11 5458.45 
2664.27 3222.35 2029.48 9244.62 4608.43 
5641.18 6692.18 882.758 1789.71 485.222 
7535.38 7954.48 4165.22 5852.26 9602.14 
8574.84 8009.85 5097.47 6452.42 6295.3 
7238.44 2244.12 8819.64 2925.84 9281.82 
2176 791.387 5759.18 6358.48 7752.5 
1217.62 9022.75 974.829 3247.09 8267.35 
5583.25 8888.27 4959.51 6466.01 677.957 
5444.73 4001.37 8632.44 9609.95 9853.64 
8234.56 8184.77 7863.47 3332.01 4637.17 
4158.76 570.44 6881.29 2978.38 3496.28 
6163.1 5154.39 4287.67 1922.26 1512.85 
2040.15 3139.88 535.579 3014.98 6386.97 
8802.93 8598.24 5275.22 3762.42 5064.23 
5953.18 9207.15 9065.61 4585.6 8817.08 
8919.23 2820.15 7001.84 6782.68 6152.16 
1638.99 941.425 6722.6 8520.29 3919.81 
218.863 4683.37 9074.2 4506.53 6605.64 
587.026 6546.68 9745.51 1122.61 9561.66 
6132.47 9925.53 8159.88 1407.68 3687.93 
3224.09 7360.86 2895.07 2289.68 1946.44 
1712.13 1208.89 4766.59 8713.97 7991.57 
918.735 352.943 8933 7641.33 8873.23 
2852.79 7860.2 3556.58 1926.97 2366.71 
162.202 2513.99 8913.39 9907.72 3636.6 
8475.03 6040.17 3562.11 6634.9 7447.85 
7250.05 9858.99 4808.68 145.096 2148.65 
6755.13 1857.23 3357.54 1521.7 571.174 
1349.1 2440.44 924.117 282.078 81.757 
9797.35 3134.87 7941.95 3353.92 5061.83 
308.648 3516.12 7575.83 9222.04 3423.82 
1212.41 7697.06 9463.99 4774.52 4331.93 
6911.82 2024.55 4190.91 1720.48 2169.65 
6339.56 8475.61 4026.87 9697.1 9997.32 
4598.05 1046.18 2437.74 5522.16 1328.26 
2519.5 5319.49 4463.13 461.434 8673.41 
9524.96 770.081 2189.51 7100.77 9992.12 
5613.33 8313.18 7689.16 5077.3 3087.68 
2021.07 1989.1 5112.23 6211.98 3709.58 
7281.88 2551.52 2185.18 1308.73 2248.61 
2182.48 5906.78 3294.79 4620.22 1428.93 
4623.05 7139.71 6748.42 9086.18 7601.15 
5421.81 8611.13 8371.23 7611.32 5711.88 
8363.33 3224.63 4025.04 6052.47 8301.93 
7112.73 8073.55 291.01 2224.94 4285.51 
4000.59 9506.82 6837.03 6185.77 815.536 
9085.64 8368.25 6722.32 2380.42 2988.45 
8151.24 7003.47 128.147 4899.64 6089.64 
7729.29 321.439 4700.75 6100.51 7932.76 
412.611 4463.82 1157.37 4437.65 516.277 
9459.3 1550.36 8589.82 9750.31 3775.3 
2875.32 3750.89 3282.1 9712.35 9936.66 
4097.64 8797.98 8304.89 819.939 1178.38 
1293.32 8971.18 8181.85 1421.47 3870.81 
4271.47 9150.77 4192.25 8972.22 5251.26 
2124.99 9384.83 9715.08 3282.36 3822.47 
231.338 2741.65 5372.83 8821.16 2491.95 
9148.13 1696.46 6242.83 2430.22 1408.8 
6179.47 6527.86 206.756 4484.35 7347.8 
1385.14 5777.67 6318.96 9566.99 7199.14 
189.751 3838.44 6349.89 4382 2810.64 
1601.13 6506.99 2195.46 1316.19 9789.35 
6017.92 1547.53 2530.98 1390.73 368.675 
5022.93 538.847 2065.14 1265.74 2969.06 
3473.93 7445.22 9496.92 3680.69 1929.55 
6844.7 5065.82 7707.22 3163.64 4632.79 
4906.35 3353.39 8471.24 1256.22 7735.39 
1281.86 2857.35 4242.36 3477.32 4173.54 
4031.69 9495.25 5721.07 6562.68 885.963 
6089.75 1585.59 1424.81 8154.88 2851.33 
4393.87 1628.8 296.531 3890.78 5309.49 
2226.08 735.46 375.293 9933.3 3899.1 
5008.09 4839.63 7252.5 3479.31 6095.85 
4987.87 4761.17 8953.2 9230.23 8238.49 
3126.72 3261.91 7733.72 8847.8 9824.58 
8619.68 4937.53 1410.15 44.476 3092.4 
4261.48 4438.35 4721.19 4558.01 8329.13 
30.6638 6784.09 9064.59 405.957 6717.37 
2963.67 5414.04 1556.98 216.152 8893.35 
