900 5
3909.97 859.647 8336.76 2159.08 4973.99 
1424.36 1748.76 1456.85 3293.95 9970.11 
3486.54 4021.65 9996.9 6332.55 9568.33 
4074.97 9156.4 2673.91 8809.76 3825.79 
4869.72 3106.61 9364.29 5532.42 723.292 
4129.23 5700.08 614.126 9237.18 1543.5 
3059.66 3147.14 2403.15 1396.4 5306.21 
7377.14 2820.75 7054.97 8833.99 6114.7 
7025.07 2320.51 136.336 7021.95 8653.07 
9704.67 1096.9 7809.45 2378.56 9906.66 
1635.22 7248.27 3013.25 999.491 2780.67 
3736.54 5128.73 8480.75 4350.67 4365.89 
24.2417 7410.32 7513.02 2427.39 8806.72 
2819.22 9804.54 1627.46 9874.19 8638.51 
7742.16 6899.24 959.01 7878.5 3921.17 
9612.08 7583.14 5018.07 7421.51 9961.7 
4924.72 9056.73 7209.95 7937.96 56.2067 
9990.62 1674.49 5184.93 8471.36 6025.16 
9550.82 8495.6 3435.46 7063.83 922.979 
2242.17 9883.05 727.498 3869.63 9757.22 
9366.01 1611.77 6656.44 325.004 9490.26 
577.599 9937.08 7073.39 5595.67 7358.58 
7035.07 520.371 6415.29 4245.01 8458.34 
6471.5 4235.62 132.808 1656.41 2706.96 
6157.96 1207.22 1202.55 9593.43 8271.05 
2125.53 1835.58 8154.08 2853.03 5705.21 
7911.28 2219.02 7316.97 4567.71 2544.03 
6807.22 5145.3 2481.09 3880.59 740.96 
9839.67 915.647 1261.33 6254.94 5160.66 
9719.67 2726.42 9396.27 9852.47 4382.84 
2103.22 6010.42 5590.06 3305.77 5603.83 
3861.09 5431.3 7439.41 2015.15 8284.32 
3144.6 9926.43 503.328 461.56 4494.11 
3047.35 7268.78 9639.42 5528.45 1149.35 
380.361 5368.1 2065 1641.69 1623.02 
7225.66 1361.34 4349.44 6621.91 1213.8 
8732.28 8725.13 7224.22 4322.32 2030.88 
2828.04 8183.41 7462.18 267.438 198.537 
5746.48 3412.04 124.946 6249.81 3873.6 
4619.06 9297.16 1142.36 4258.46 4825.59 
2291.72 4638.82 193.671 4356.72 6280.52 
1816.69 1582.36 7641.86 6166.14 8204.27 
8855.66 4898.4 6929.39 6079.86 9220.72 
8960.27 8907.9 7404.11 6422.43 9175.34 
7602.65 2168.89 2587.37 7727.6 8418.7 
6460.97 2346.64 7715.85 7603.33 6605.1 
2541.42 9895.05 1243.91 2735.09 4251.75 
7524.42 4551.78 5834.12 5166.26 717.904 
4038.37 4021.9 5616.31 967.743 101.751 
4837.01 9928.01 9009.66 2241.11 6350.42 
8184.98 9843.76 8519.31 772.328 7571.34 
6937.99 7233.3 9917.98 4653.82 4836.61 
6523.07 7195.25 4731.64 7766.98 9930.34 
8983.4 5291.38 4482.11 4817.5 457.63 
5200.01 8855.87 4479.53 816.299 9823.61 
4581.29 5653.31 9751.6 3590.92 7894.42 
6102.01 1775.89 7738.17 4621.3 2548.21 
5309.49 1559.27 9781.51 5227.46 6213.1 
4618.1 1750.51 3408.33 9349.75 9517.48 
3338.65 8333.12 4808.85 7820.75 3150.6 
5266.48 3020.74 2006.45 9746.01 3837.04 
1830.05 4327.28 9490.36 1581.64 7918.21 
7384.76 7683.64 9694.09 5122.91 2304.92 
2242.29 432.389 3864.2 2023.79 5659.85 
77.277 6641.89 7410.36 3485.6 5991.62 
6927.82 6824.25 4324.72 1736.66 4644.98 
7475.33 7003.14 7665.73 9481.78 6749.13 
1502.76 1311.81 1076.4 993.096 2893.45 
8994.61 8377.86 577.075 8688.68 3500.76 
2882 930.957 3933.14 6746.19 2954.74 
9592.99 6823.47 9596.63 7003.33 309.057 
5588.23 3931.14 7133.31 9912.95 5667.79 
1778.27 7388.26 2670.91 9444 6870.03 
9420.04 946.743 8181.84 496.422 1939.84 
1075.28 9491.03 317.68 1652.35 8179.69 
3818.44 4534.35 9110.65 7751.58 1280.53 
2065.38 7344.55 8104 1661.99 4347.87 
8413.06 7250.22 8279 5546.35 7163.15 
3946.78 7324.62 4551.4 6617.69 6768.61 
1421.41 6037.71 7715.35 9603.25 6534.13 
9655.19 678.514 6025.14 9972.87 2330.87 
4204.82 3791.29 6865.22 3315.45 1542.85 
8145.74 5380.83 8887.4 6249.72 7042.81 
3235.25 4662.76 4293.01 1514.24 209.093 
1456.15 5461.01 7533.71 6007.55 2078.68 
4302.3 7428.96 8116.39 2017.64 7032.2 
4650.5 1672.81 7710.71 675.628 1645.66 
41.5605 4880.44 5436.95 6906.78 8195.89 
6979.79 5052.5 3576.7 5867.18 1302.21 
619.499 9102.43 5964.97 4912.51 616.65 
6174.07 6368.66 6077.66 3707.76 2376.19 
8156.34 8010.06 9805.15 6272.71 27.6848 
6837.33 923.201 1700.49 4548.03 1598.83 
3346.15 4589.59 6479.27 8783.1 1496.35 
4675.15 5762.87 6548.85 8251.85 1630.04 
7851.06 8871.35 732.449 3816.02 3783.85 
1349.1 9990.08 152.493 7426.76 3697.82 
2528.69 5583.09 1707.87 2333.82 1855.78 
1735.56 9171.16 2778.99 3436.05 3719.17 
4377.81 6782.2 8308.76 857.07 5565.28 
9805.11 5532.22 1328.14 6353.95 3784.06 
2958.17 4204.99 2655.4 3690.62 8021 
6439.24 5039.72 8011.07 6591.74 2466.47 
1708.87 9120.42 8049.55 3416.75 1454.23 
9905.34 5152.3 625.37 2684.31 8588.35 
4344.54 7062.12 5370.54 2653.29 7919.19 
935.805 2458.38 3451.4 2263.94 8812.33 
7235.45 5222.12 3017.3 9890.85 8912.74 
1038.28 6330.08 3952.44 9049.35 2921.79 
6418.91 758.205 2042.2 4468.44 4174.95 
3496.43 4373.76 9327.26 4121.8 7058.07 
7915.59 8466.34 4120.17 3286.12 1119.61 
2039.35 4221.92 3577.99 5490.74 6485.87 
2390.3 2726.18 1707.97 5407.59 2617.01 
620.69 6445.87 8947.09 4573.13 5495.2 
1868.86 992.024 6253.41 3911.06 5460.47 
428.344 7407.49 9834.23 9755.6 1529.27 
6892.29 7671.18 9995.61 1012.44 957.278 
1115.2 3051.79 5179.2 4693.19 8542.53 
1665.05 7083.48 1268.69 3373.02 2491.06 
3885.7 3993.71 8936.93 2832.77 8566.84 
4432.12 4701.64 9558.87 685.508 8612.7 
5019.32 1113.85 6020.17 4853.53 869.435 
7549.45 1745.8 8540.61 7545.04 2758.24 
9497.89 8660.24 5810.03 4677.08 3353.41 
4352.54 6342.13 436.878 5621.23 9715.15 
2927.93 9506.93 3708.84 1864.85 2339.69 
2275.66 6296.96 7041.32 1834.51 6982.47 
5654.01 6853.83 8096.32 1674.16 1707.34 
8965.76 9223.61 3453.15 7506.35 6768.63 
6211.39 7004.23 5428.86 2021.4 1681.29 
8782.27 6373.94 8023.41 9219.15 1995.15 
7738.54 2147.06 1502.07 1447.36 4011.91 
3841.76 3723.03 308.857 883.062 5557.54 
7291.33 6537.07 2411.35 5387.63 8211.23 
4118.7 4353.38 7434.83 7571.84 1859.71 
4203.44 3783.21 8863.94 9632.3 5804.61 
545.211 8414.55 2178.53 8568.62 7633.68 
4173.69 6307.15 9780.74 5675.75 7754.52 
3792.63 9517.51 1477.53 4101.49 400.554 
7035.07 1392.8 6937.62 9446.42 6780.44 
5148.84 3565.1 1133.8 2583.65 1136.93 
2993.51 6787.09 4920.14 1857.43 6419.37 
724.734 2402.64 4833.9 2903.27 971.253 
2467.56 7076.95 7278.4 2248.29 2752.69 
5032.9 6040.92 2270.18 6510.43 142.392 
2670.73 3545.48 1535.19 9608.36 2991.88 
8315.63 4757.18 6556.99 9449.43 7340.83 
7693.91 2442.92 4127.9 2614.04 4300.35 
547.25 3338.77 6703 5381.15 6242.04 
7674.25 7848.71 3318.97 4952.64 96.9832 
6071.66 9985.54 6137.9 8341.84 6495.95 
6280.29 1012.56 41.4188 7815.49 620.901 
3033.3 6131.1 5378.08 9590.29 5580.51 
2718.89 7284.18 8023.43 6846.78 9898.22 
2323.76 7394.03 3236.97 9026.76 2775.17 
9479.01 6700.99 623.868 2797.97 1653.61 
720.851 8869.63 1639.13 6858.75 7211.46 
8135.08 3139.03 8224.02 8176.5 954.498 
8844.92 1209.79 7085.6 4222.98 800.061 
2666.09 6941.87 8084.25 689.497 3788.63 
7982.45 3013.26 1182.65 1219.4 2040 
3957.82 698.398 8740.98 4581.69 3496.36 
394.574 5302.54 2365.98 2033.7 2161.27 
9577.43 168.77 5300.3 7801.43 8345.27 
6254.8 6646.33 9555.06 3340.38 869.295 
355.106 6006.47 7811.16 8439.35 6695.96 
1599.78 6421.78 9709.22 2782.43 7641.19 
1749.2 6740.25 8339.59 490.168 1321.92 
1835.93 884.741 6624.45 4201.91 2918.44 
8785.73 3779.32 3087.21 4086.01 1580.74 
1432.47 340.792 8227.07 987.516 3681.17 
9096.37 1342.62 9687.64 6907.51 9781.97 
6383.59 8507.29 6203.74 6092.79 1289.7 
3844.91 7841.99 8029.94 2184.48 8332.16 
9351.86 4020.42 9216.9 5976.29 8222.32 
2135.33 4762 2001.63 5222.54 8848.01 
3582.37 6655.01 9188.8 1809.43 7642.53 
2869.96 905.775 8985.15 2557.58 7813.29 
8767.11 8941.17 6320.56 4970.83 5033.94 
7610.25 8815.74 2875.92 5640.18 1000.21 
1208.06 4992.02 5020.62 424.942 968.291 
3242.93 2560.27 5730.29 5244.56 7782.81 
4578.28 8826.93 4437.81 3767.07 636.344 
2080.32 6637.03 1542.12 1065.46 9194.61 
9355.41 9832.56 8135.76 5675.94 4803.38 
3169.68 3286.18 3619.11 6045.6 8926.35 
4619.31 7253.65 3918.35 9639.94 7678.6 
4886.64 2882.85 238.849 616.918 8127.42 
8021.66 5195.2 6954.34 2459.46 8962.27 
7590.68 4539.78 5599.28 9132.8 5605.23 
4793.88 8488.19 5437.78 2929.62 4164.11 
241.144 6099.3 7450.29 3860.25 2144.88 
6376.63 8479.56 9398.53 294.968 8119.49 
7077.11 5181.61 1002.32 7315.96 5798.53 
9129.74 5337.6 993.717 6084.06 7797.06 
9955.99 3674.72 2336.82 5555.26 2807.5 
7942.06 349.117 1295.67 3379.82 3278.73 
5459.79 3620.96 9378.03 2910.07 7481.21 
1522.89 9286.7 5960.76 921.404 9581.67 
4080.23 7998.51 4763.26 5082.56 5314.46 
561.775 4212.28 652.045 1555.49 296.322 
8449.11 1511.47 3971.04 785.911 7066.72 
6778.55 8727.97 7415.84 8074.22 2107.77 
694.556 3533.99 5728.74 72.569 6444.06 
3209.93 1595.46 5730.74 9170.7 2516.86 
5312.39 3250.91 515.36 75.6327 8333.47 
5829.82 637.408 2545.73 6481.86 2192.9 
2842.05 4930.95 3704.36 6813.09 5716.86 
771.071 3591.62 4444.81 8186.91 1665.83 
6552.58 8881.47 5199.82 2281.3 8954.04 
1643.87 5491.24 549.477 7374.61 4661.92 
3066.34 2686.98 7912.83 3581.7 2762.61 
6246.28 9411.52 3400.02 8792 5893.36 
5592.92 1634.04 824.293 9297.28 8447.13 
6541.15 68.3353 2038.74 985.949 8255.25 
3704.57 7538.53 7136.7 8904.39 9819.83 
6090.71 548.241 5311.05 6640.19 7922.85 
9972.97 9706.53 609.807 7885.78 3288.21 
3372.42 4132.04 2699.71 6772.44 2924.02 
8593.07 2365.33 4558.06 9417.37 1662.6 
3005.18 5958.51 1730.94 5043.92 6944.45 
9986.18 8748.49 4482.97 7122.86 7652.86 
4302.79 3213.56 8201.1 9613.84 9853.75 
6123.93 9586.79 9560.26 6733.74 7472.55 
2848.46 106.14 1604.57 5548.17 6878.57 
4528.59 4141.23 9243.91 9086.65 3558.58 
906.493 2091.81 9517.09 2637.43 7135.73 
6461.53 2623.59 5884.2 944.477 9746.45 
3537.05 5247.26 2959.99 1738.13 4861.09 
2813.72 7862.06 4447.86 2373.97 4595.79 
1920.39 5222.43 4701.93 3524.96 770.588 
1580.48 8053.55 4911.82 824.378 7140.19 
8470.4 1730.87 9232.01 7987.47 4368.3 
6367.72 4448.98 6991.89 2251.9 5393.46 
6738.32 5788.95 640.707 9698.32 7527.08 
5501.79 2512.02 5389.13 9949.65 4885.99 
9984.92 1870.03 108.404 4686.82 5394.99 
878.992 6267.31 3448.52 5790.81 7091.69 
588.698 4261.2 8822.56 9820.7 2248.66 
3190.84 6188.41 6697.64 182.712 8440.31 
2091.08 6921.04 4229.25 2731.79 6619.34 
1756.31 8233.58 9131.36 7145.44 8183.22 
4017.33 7130.33 53.2261 4125.74 1817.14 
5448.21 5004.73 8084.45 8896.74 795.523 
5176.12 9485.43 5056.72 3998.66 9306.12 
7305.38 7189.5 5494.51 4003 7372.21 
3934.81 6094.08 4293.23 8164.05 8825.87 
912.549 9920.36 7059.44 43.8905 7065.78 
5242.64 4061.22 4196.1 5295.86 8186.96 
6013.24 744.059 3191.67 4097.68 9640.8 
3987.19 9273.8 9126.21 9043.91 3272.44 
8432.32 6349.27 461.924 3926.81 352.254 
7834.13 7861.62 6446.33 2127.35 6025.65 
5272.19 3039.9 5946 2331.61 3083.79 
3011.76 7574.25 7145.01 7207.86 2870.09 
5331.95 3221.08 3614.15 8523.62 7318.76 
3254.93 2510.8 6592.54 2381.13 1554.7 
9864.98 813.428 7903.97 326.888 4740.24 
8256.22 8161.02 2601.84 4702.54 288.354 
8627.5 9974.73 3328.25 4573.47 2306.32 
6412.04 7585.23 9880.57 3557.03 4793.08 
2750.64 8888.99 8014.16 6364.79 7412.59 
5332.9 9619.72 9923.4 1925.42 2000.83 
1478.08 1790.39 2814.26 9382.05 2117.28 
7554.5 7638.26 278.283 156.323 2340.78 
566.637 8783.82 2315.5 3894.89 3357.27 
4621.82 306.912 942.491 4502.37 3863.95 
5735.57 7253.01 2752.92 3749.71 3617.78 
165.493 9082.61 3237.48 88.8719 1008.02 
5238.31 1566.95 2798.41 8052.57 948.981 
4915.68 5607.05 8587.24 5193.97 5763.38 
928.002 5760.6 4547.18 3243.5 9655.49 
7904.45 7865.31 9962.4 8846.94 2367.66 
3826.33 4582.49 9620.67 6579.25 8332.2 
3238.43 6744.74 7414.79 6475.92 6833.61 
8422.81 1714.22 8400.56 1221.2 9766.79 
9349.54 6136.88 5373.83 7936.76 1330.83 
1137.19 8864.76 7091.43 5684.36 2108.24 
6746.9 3588.8 9973.56 6709.29 2435.73 
2341.21 535.606 7018.22 1961.86 7114.85 
5350.4 5200.29 3859.57 2765.18 1676.2 
693.169 1187.97 3390.41 9093.73 2409.17 
3157.19 8443.25 8546.05 8531.01 6380 
9876.88 9668.2 5244.75 6968.29 5352.54 
7352.99 3715.18 8941.34 7326.53 424.451 
1377.05 9667.74 960.057 8395.27 1629.58 
8074.91 3745.66 6829.88 1934.47 6510.84 
8506.07 2627.64 7698.81 1896.47 1721.35 
107.966 5053.65 164.585 8654.01 3584.65 
6544.58 8530.87 3252.83 1789.31 5499.15 
8605.37 9142.31 9214.32 7546.7 6468.82 
9638.77 8923.75 6136.55 598.813 7319.01 
7766.13 8673.72 1064.65 4595.99 608.171 
7575.5 3102.04 3235.81 5274.29 4998.51 
4957.15 5382.26 52.1439 5121.74 4036.26 
3636.79 1666.31 2567.11 6889.62 3455.62 
8066.26 5494.98 2597.91 7280.56 3041.66 
9066.73 6919.32 1965.4 5203.26 7518.13 
9284.41 2969.37 6191.84 349.043 7565.36 
6800.01 7924.54 667.379 35.8002 3198.81 
5665.89 4992.95 8581.07 5718.03 114.677 
2617.31 9354.82 1780.98 5184.42 6244.43 
5236.6 3250.67 1739.39 7834.51 531.214 
4781.04 6901.23 7450.53 6746.44 2104.47 
4968.65 6030.83 5073.84 1160.47 6379.87 
2639.18 7960.48 4304.4 3306.56 7996.28 
7503.21 8972.45 2989.22 6084.27 4690.46 
3103.9 8701.58 4045.26 4884.88 3885.99 
289.674 121.47 7136.65 2029.06 7955.98 
7667.87 6810.1 4857.2 5118.38 3556.53 
6961.67 87.019 9587.36 2035.49 1247.49 
5967.22 4674.68 9207.98 271.595 7981.24 
7204.25 7774.8 6953.67 193.452 3859.05 
1644.11 3297.35 2560.61 5689.37 8182.23 
6446.6 5979.05 8303.7 3583.24 8008.1 
6259.67 1251.08 4818.19 1116.85 6369.47 
8374.72 8078.52 6456.49 7962.06 113.992 
7703.98 3929.26 4788.67 6911.94 4200.86 
2769.89 4116.17 1975.65 9723.55 4309.62 
5834.7 1367.64 7606.97 8395.31 7057.01 
5789.19 4841.9 3036.04 4092.88 8425.13 
1044.13 352.53 9676.22 5862.32 1469.38 
6045.67 4237.03 9547.89 2502.14 2199.07 
9661.88 206.105 6128.34 4450.53 7118.05 
329.177 7220.42 1234.2 2304.82 6943.95 
5543.83 8139.52 8311.59 3150.78 6534.82 
5368.59 8939.98 1376.7 8404.63 3032.84 
9801.83 9448.77 3385.37 9478.03 5311.07 
4854.74 5523.69 9548.1 4402.62 8025.83 
1747.16 4064.49 8231.93 7875.5 8515.02 
5349.96 8204.67 5735.42 6584.17 509.477 
2679.36 2127.98 8649 990.939 5278.76 
5183.8 6359.53 4218.72 6560.5 4764.15 
7251.55 6362.31 4212.9 636.903 5840.33 
9523.97 5491.65 1364 9072.05 9894.27 
9389.82 819.196 3958.74 7621.74 8694.69 
2473.74 2971.68 6899.35 8209.16 9555.85 
7408.82 888.507 1683.81 6057.8 1879.45 
6962.57 1241.59 8238.98 1181.27 7802.08 
3003.11 8432.82 4164.38 7216.01 9069.73 
4.69035 6739.96 4561.35 1368.69 5812 
4455.6 758.492 6631.19 8414.34 8380.23 
5325.87 888.063 1351.9 2225.2 9097.23 
907.731 9634.02 9985.73 2591.54 5691.81 
1865.16 9554.11 6933.39 104.123 735.359 
4735.46 3107.23 9168.18 8899.84 323.22 
8237.89 8904.53 7063.18 2799.23 273.201 
2875.16 7254.83 1031.69 9506.35 5669.15 
9411.92 4832.21 6557.22 763.805 7057.4 
5654.43 1671.54 6691.4 5640.14 4263.08 
2383.19 7505.31 3817.17 9316.59 7609.43 
4552.53 4052.03 716.643 3720.69 2951.86 
1039.86 1958.56 1856.37 8103.04 4757.79 
2129.57 978.187 2012.6 3161.27 484.524 
7681.76 2573.17 5316.73 4238.96 3336.98 
2374.11 9893.38 5008.52 9065.52 5533.51 
9271.59 1448.7 3038.8 3088.74 765.268 
648.208 7641.27 4817.3 1364.85 1361.94 
7769.16 2404.72 3320.5 9625.53 507.741 
8078.29 1755.09 1485.93 90.8759 4916.35 
1970.45 7772.63 7489.53 7287.18 2011.57 
826.493 9661.3 1904.93 5835.01 8726.8 
7438.44 5106.59 175.478 477.219 8195.33 
940.747 1125.43 5836.58 5758.05 2490.28 
7198.52 3527.19 4894.99 519.003 3152.71 
5402.74 8597.29 4907.79 6888.66 8688.17 
9824.15 8859.12 6460.78 7313.66 6146.28 
8472.35 8140.15 5807.56 377.271 3975.15 
4534.34 7815.71 9081.73 4709.82 8292.93 
7277.04 5650.57 9418.36 3113.6 1408.6 
1908.62 312.104 4935.79 6803.61 831.108 
8088.5 2206.33 9428.4 2996.27 9095 
8116.55 2820.4 7954.1 4577.32 134.047 
4100.36 3049.66 8274.2 9907.92 3426.93 
2249.33 4442.25 1242.62 1331.04 9152.07 
9535.55 8608.09 4802.63 8953.89 1721.67 
6211.23 862.498 2033.78 1147 7666.11 
2864.88 9235.5 9872.45 2293.27 2231.75 
8967.43 409.805 5052.16 6921.51 4987.13 
5186.2 1021.85 8036.79 3460.39 929.76 
1463.7 5709.72 5372.01 2706.32 7040.76 
4524.07 2241.86 5648.83 9326.7 1195.73 
7370.5 5537.91 2058.23 9404.28 6684.91 
9724.34 2269.14 5920.39 9596.77 4562.41 
8152.14 8564.18 4972.22 3204.28 5485.67 
9959.34 8390.49 6507.52 7996.11 1850.86 
7437.28 9459.81 7560.58 2809.28 2166.11 
4601.32 7333.34 4407.97 250.136 6660.02 
5603.7 7620.64 2197.92 7661.93 7024.9 
8882.82 7386.26 9294.04 4803.2 6983.01 
3856.44 2955.32 5547.18 8828.66 6159.61 
1032.83 8787.98 4550.08 7540.35 6784.08 
6400.94 4977.61 6243.87 3961.5 7786.89 
8409.98 8562.82 5120.21 2817.93 8812.96 
1780.22 8421.63 6433.58 3978.14 6083.55 
3458.46 2860.94 3469.79 2752.49 7664.14 
452.789 6608.93 619.45 5999.97 5437.56 
6779.06 7032.79 4225.53 1329.12 4573.12 
1009.59 7730.06 9550.74 7253.46 1691.55 
7337.6 5663.42 254.352 2457.8 8481.35 
9067.31 4238.02 6902.97 5500.87 8216.16 
2986.5 8959.33 1077.09 6456.29 1711.81 
8741.23 6909.08 8320.73 9360.68 2909.03 
3758.28 6139.72 9941.82 7983.81 7468.85 
4514.93 8993.4 5198.89 4065.65 6246.84 
6890.44 1403.24 1910.24 7144.79 3861.04 
391.577 6212.08 8099.06 7294.55 1712.94 
6315.2 281.031 672.259 7392.29 6737.32 
2384.06 6133.5 3646.39 704.779 5494.16 
6555.42 4463.06 1633.87 6497.23 2446.85 
9102.71 1012.14 1440.23 4301.59 5077.79 
7687.06 1192.01 6481.02 9597.31 8336.8 
342.042 9988.88 4548.87 8441.1 7283.41 
6261.81 4756.29 7564.44 6934.07 2148.56 
4301.75 9318.13 8282.06 7948.14 22.8933 
3776.21 4503.54 4485.95 5410.08 1000.75 
6932.8 4512.77 2012.89 8373.02 8814.36 
7090.68 6060.07 6.3557 3571.69 5657.36 
8343.16 3913.73 5646.22 2892 2354.81 
2929.62 9153.81 7111.1 494.046 6087.86 
9259.66 4795.8 5405.98 7541.7 2743.92 
5428.87 1317.89 7247.46 9914.82 6727.96 
8248.22 6847.6 1240.72 261.094 5220.61 
55.0677 7351.77 1280.66 61.4234 923.445 
6938.02 8404.58 4837.17 2584.23 1296.57 
7191.99 5513.85 450.363 4303.07 6007.9 
6538.23 3562.71 803.675 1944.19 1104.39 
3547.6 7373.06 2422.28 795.042 7287.86 
9150.25 9043.26 4135.44 390.953 9304.35 
9356.05 446.02 6656.11 636.699 507.444 
7579.56 7574.72 8912.02 2416.71 158.935 
208.572 9608.7 5672.79 658.935 3911.76 
1680.66 7197.16 7474.47 2484.34 9141.34 
8578.86 6031.94 6514.38 1001.13 6826.98 
3802.23 151.361 5870.22 7937.67 542.313 
5174.56 7293.71 988.333 1830.65 7930.4 
1495.78 9410.21 5505.11 407.782 1826.91 
5664.04 616.355 1435.59 1336.81 1275.29 
5347.35 3017.48 8472.45 2821.8 5501.82 
7613.78 1400.65 1533.74 4128.15 2401.78 
8360.71 7930.37 2553.14 4230.92 5868.02 
3095.45 9405.48 3161.71 4083.79 1236.11 
1092.1 5579.56 646.301 6597.21 5987.35 
2473.21 2261.24 6603.7 3908.8 3598.05 
7878.99 9256.15 6615.53 6351.42 2077.93 
2117.33 3965.18 3478.58 3651.07 8093.33 
5880.36 2011.76 6023.68 8433.5 6242.68 
1891.69 1528.93 5648.14 5053.4 5612.72 
6884.25 6145.5 1192.27 7530.55 2742.7 
7179.61 3.74138 5003.94 3783.29 3912.54 
8601.99 1662.27 3168.67 5217.5 8013.69 
5246.6 7334.83 1978.86 8725.18 985.878 
72.1662 4605.52 2997.64 6095.85 3039 
9240.32 7987.54 4567.94 4888.45 3040.92 
180.641 1772.68 9186.43 1372.91 9303.24 
1929.11 8552.52 9306.98 6933.04 2335.8 
3219.5 5535.01 3998.06 6388.17 752.493 
2011.74 1634.75 8087.32 3990.59 359.915 
9073.2 4062.76 4965.44 2070.82 158.589 
8004.44 1311.13 8146.13 2572.36 6199.58 
1187.03 2753 7972.26 373.443 4125.91 
7275.48 2302.55 2678.41 6582.44 9235.59 
5014.21 9801.94 4770.59 9012.27 6190.09 
5523.08 1023.99 7824.84 3610.39 5014.58 
8184.76 2683.57 9077.34 3150.18 4754.39 
9235.93 1154.6 6065.52 7382.04 3726.97 
2265.09 8569.07 6479.97 237.335 8942.51 
605.862 7512.82 1245.04 3284.27 4095.24 
480.62 8298.48 3897.17 5251.21 7310.73 
87.2429 774.273 8334.72 7912.09 4384.66 
3349.28 6096.83 7068.23 2426.61 9247.01 
1822.6 1662.52 401.596 7888.13 9044.55 
4128.56 153.197 7613.6 608.515 390.532 
6556.1 1214.38 7903.35 7801.14 4498.65 
1998.58 8281.76 2797.11 5895.74 3532.95 
107.828 5982.99 4307.23 8442.55 3895.06 
8691.89 1791.82 9991.88 5760.1 4218.42 
9238.88 7582.7 5880.94 9640.47 5470.81 
4925.47 3769.02 5624.01 2539.06 4377.53 
6014.54 9095.15 5591.91 3917.87 6896.28 
90.5404 5916.45 5178.02 2887.65 1812.17 
8710.98 2995.48 7795.16 3018.19 1438.01 
1690.19 1710.05 3229.83 1682.06 7470.15 
7448.25 920.92 5052.83 3329.17 561.373 
523.622 8254.64 4330.39 6147.63 793.684 
8707.92 2162.15 9888.84 4299.81 6080.02 
6785.1 4390.35 1996.45 1963.11 7278 
3808.62 674.065 273.466 1603.76 3692.25 
1711.48 3293.95 5402.3 4941.31 4976.01 
2872.43 2389.54 5896.93 7925.26 5718.71 
6458.31 8448.89 3973.34 788.678 4596.5 
4767.02 9496.6 6758.64 4655.85 3796.39 
2838.65 1440.93 8186.74 4835.09 3404.04 
5464.73 8643.71 4078.1 5738.19 247.449 
7770.35 7449.67 3541.4 3172.64 2390.96 
8517.41 6045.07 4780.5 4414.33 3970.32 
499.201 872.618 2419.19 4472.54 1661.3 
7015.68 9239.57 1157.88 3774.31 3895.4 
4954.27 6612.96 5336.33 3140.99 1448.03 
8740.36 8605.72 91.7246 2818.44 4343.9 
339.174 588.777 1793.55 3880.57 3761.41 
4184.52 2397.97 9806.48 8965.02 6812.3 
3776.78 9464.22 7684.92 6195.97 3936.75 
9346.21 3211.64 3176.3 504.072 6985.95 
7071.69 5458.34 3598.89 2408 8599.33 
5046.92 1148.34 7205.03 5138.64 3966.79 
1548.91 5477.82 4555.56 3342.46 9358.39 
8316.98 7526.98 1756.35 8123.44 6491.98 
8568.65 1900.21 5956.19 6253.55 8096.18 
9892.94 5599.75 1307.8 3069.21 6103.82 
8293.75 140.889 1562.14 1892.62 2548.89 
161.453 6939.54 3697.23 7366.48 2078.17 
7664.02 8915.4 7555.99 2219.57 2257.84 
6914.36 536.527 9784.82 8670.71 8659.97 
6276.79 7239.34 560.164 2232.96 3492.88 
8656.35 2125.88 9092.62 9964.15 5195.09 
5196.43 8257.88 5335.98 6758.57 150.486 
7884.87 6920.02 7090.03 1582.09 4286.49 
9168.2 9246.11 3201.87 6724.17 1465.66 
5459.71 3638.51 2002.18 5244.52 2309.21 
662.138 1521.29 9548.55 1222.3 3754.25 
3041.41 9878.65 5880.13 2134.02 9842.78 
1075.21 7330.44 8100.64 6411.19 4088.99 
8251.13 4296.05 1008.99 5341.14 5878.13 
5295.48 4509.32 5124.22 8497.35 1233.47 
6589.88 3957.04 4871.98 8592.07 9201.56 
7181.19 9254.2 722.83 6729.72 476.49 
4477.08 9771.13 355.121 357.19 1905.14 
197.883 1432.4 9235.58 8298.53 7843.59 
3324.55 6549.64 2139.61 4333.55 1890.76 
8017.75 9629.03 6400.08 3141.96 8126.36 
7633.55 9731.84 2083.39 2505.51 8323.89 
1284.93 9686.7 7578.07 2007.76 6416.41 
8054.56 6484.84 6187.52 8409.68 6842.03 
8092.66 8607.57 8274.42 7328.22 6906.08 
6117.99 652.756 3455.7 8257.61 4986.3 
5346.46 6275.34 4615.32 1746.52 9417.29 
2741.66 9380.06 9149.11 4825.05 1885.56 
7472.98 6109.98 1572.24 5051.04 8117.74 
7988.65 3105.59 4602.56 4176.15 1515.26 
1444.57 2268.8 122.806 9718.99 9597.02 
7028.88 5836.97 249.756 484.562 4094.56 
5236.06 5831.02 369.881 9851.38 7577.54 
9787.18 2593.02 6957.58 8936.27 7418.07 
8843.14 6409.24 3528.03 415.365 1460.27 
1645.75 8404.01 4565.85 6248.31 2580.15 
6081.11 7692.87 4848.94 6203.92 7411.85 
4445.94 3232.78 3248.8 4695.7 3717.34 
7343.36 9931.76 9548.36 7713.24 9783.12 
7125.88 7500.4 2376.12 4083.45 6436.66 
9794.19 2926.57 2845.88 3322.2 3341.94 
4306.15 4967.95 1745.93 8872 1216.24 
4326.08 4953.09 8909.11 9175.03 1156.99 
6320.94 3620.95 4389.77 9569.74 8316.66 
8107.11 6913.09 8248.4 7655.46 4626.31 
8031.5 4781.32 2126.69 407.6 8864.77 
8563.35 201.771 1791.33 1409.21 3523.97 
5133.27 5715.35 8491.92 6879.2 4587.34 
9708.16 1205.27 9540.43 8617.26 380.276 
697.399 4938.18 4001.23 5087.17 4507.91 
2317.87 3194.26 1420.98 566.249 849.705 
6047.29 8597.75 5631.03 8173.98 9005.35 
4495.78 6737.31 9207.12 6287.11 8146.52 
2731.07 1420.36 3861.85 1222.98 8299.55 
8449.19 931.118 9504.82 7989.6 9548.37 
9885.1 8687 4486.54 3886.31 3774.15 
8994.45 6204.18 6968.42 415.408 6770.43 
7818.12 6462.7 5368.16 3449.13 4636.66 
4373.49 7944.91 1373.95 3580.59 4232 
9520.46 6311.66 5652.35 3382.3 7534.63 
3951.89 1831.48 8465.75 3456.7 9821.08 
8014.11 3341.78 8508.06 2500.63 7228.09 
2282.19 1495.06 3432.25 9250.61 1910.47 
202.663 7068.71 8373.16 5570.82 517.825 
3009.8 9944.31 8462.73 4383.75 3524.88 
2694.72 3904.2 9836.53 8347.07 7286.5 
7371.15 2298.94 9117.98 5836.88 5755.64 
8939.04 3850.97 9097.42 7447.08 6351.6 
6325.49 9729.28 7846.66 9757.74 8979.87 
9757.12 9960.4 6048.56 8130.27 5531.2 
6566.39 1140.05 5475.5 5029.1 5523.8 
9000.37 7723.82 9428 8836.89 6070.87 
6714.49 6208.02 8369.82 5832.45 2044.89 
4125.44 4771.47 5895.86 3222.84 2218.53 
2247.44 9548.32 1947.79 94.079 9306.04 
927.643 9851.2 9266.43 6976.21 7981.45 
4797.61 3542.58 9121.51 273.093 8571.68 
4645.29 9273.47 6295.48 4073.28 8110.34 
2366.34 787.746 4318.34 736.135 6620.19 
6363.23 4861.57 1391.65 2259.07 8084.41 
3610.18 4506.51 7632.72 5557.97 4600.59 
6938.74 6485.62 4451.77 6205.15 3461.81 
2433.21 1002.75 7004.38 1554.7 1275.84 
5576.04 6199.99 549.293 1871.51 273.253 
8659.63 4237.84 1061 2977.96 4973.98 
7681.19 9341.19 9835.55 9072.84 1600.24 
7919.95 2683 6106.75 5552.65 8240.98 
707.319 2491.37 4726.58 5159.09 8696.53 
8188.38 7592.3 9699.28 5192.75 9147 
975.106 768.774 5346.98 1524.4 2640.28 
5620.23 184.013 6878.13 6681.23 3161.97 
1852.09 4362.41 2503.14 1687.62 3435.23 
4103.38 9607.57 6118.23 210.11 5160.2 
4359.19 917.429 7651.57 9085.77 6076.52 
6348.08 7274.14 3668.81 6047.34 2466.87 
2815.79 7022.45 3235.64 8162.77 8546.85 
5875.92 3782.99 8730.86 2754.03 464.202 
1892.82 4606.12 4826.61 4395.96 6293.75 
8261.84 8499.33 5901.3 4380.05 8709.44 
1061.48 8739.24 9626.87 8713.06 7825 
5703.38 5061.12 5099.11 9372.18 1108.45 
7565.98 2187.96 8130.9 801.604 350.715 
6677.73 6677.53 4133.7 5408.58 9431.56 
4597.9 7301.39 4037.67 9424.51 1697.33 
331.4 7686.33 196.648 6232.7 2066.37 
8906.09 7294.19 805.595 8532.95 6007.23 
8630.59 4236.31 1068.33 3729.69 3608.47 
2176.78 1295.65 5796.43 307.666 2097.26 
6147.15 6985.4 8774.78 280.833 2393.96 
8206.33 4878.74 9695.35 2243.98 4303.23 
1392.66 2575.38 1989.55 1589.31 8808.08 
4055.92 495.384 6102.25 4861.52 9028.33 
2109.46 3492.09 3264.62 3177.8 7221.78 
6873.09 5354.58 8517.43 2669.51 5662.25 
614.671 8816.66 2647.63 9389.46 9097.49 
5041.58 7595.77 3976.21 4736.91 9839.75 
8279.45 6129.58 2415.11 268.979 7718.89 
1223.17 4324.9 8214.27 7325.43 9186.41 
7242.59 9434.89 2678.49 507.188 2612.67 
9900.27 7380.28 7967.24 8417.68 49.7741 
3629.47 9032.35 8866.43 6277.1 8421.79 
7963.9 1318.66 6017.54 1940.1 6055.58 
5857.27 219.526 2185.14 8272.38 488.505 
9904.02 9495.55 4813.4 8118.28 6820.96 
3999.8 5360.85 6255.83 6678.29 5868.03 
8868.49 6578.54 3248.3 6835.72 4996.2 
3298.07 465.177 4028.53 2164.49 6742.27 
2450.3 128.374 8060.94 8467.84 2068.47 
4116.5 4325.09 2288 6301.63 2597.45 
2776.5 6205.64 2092.99 7589.91 4323.9 
8913.94 1589.69 9684.75 5169.76 8267.98 
5552.77 4038.23 4846.5 8801.06 873.938 
9842.7 2099.12 1339.11 3871.21 4263.61 
8081.39 6321.52 4391.98 6142.31 4789.34 
6460.45 258.789 9114.43 8748.45 6560.42 
1711.87 1524.94 2766.05 3804.85 9114.85 
7089.95 2718.78 704.52 6774.68 7888.53 
8972.5 2327.43 1926.75 3818.98 1128.48 
2800.69 3661.66 3227.6 4139.8 7532.88 
7491.2 2221.17 3854.38 1883.17 8363.48 
8643.71 8343.62 8622.27 7758.13 7092.05 
5182.68 9469.99 8616.99 7948.73 3274.83 
7731.82 5038.66 5993.6 8436.34 1813.32 
3882.12 7408.82 4140.75 5808.87 1227.79 
5269.23 8609.56 4889.45 8496.82 2749.34 
2422.31 5988.01 4970.52 6276.69 7871.18 
3333.98 4920.39 6214.78 1956.24 2678.5 
3306.82 7138.92 2148.47 1923.79 5087.63 
5423.3 9655.61 126.269 1416.89 8091.93 
1939.59 5299.01 5500.74 6080.34 1107.86 
6728.53 1349.55 9717.42 1617.97 9846.38 
2466.75 4040.28 5834.37 7437.27 316.952 
3705.53 771.233 5237.34 9920.31 2727.47 
7915.84 3227.11 9866.39 64.2935 5150.9 
4954 5487.59 4806.49 5080.26 6904.48 
2898.41 7019.86 2203.47 8399.15 3100.18 
3311.34 5127.66 4449.74 3028.74 6745.63 
4296.1 5495.49 785.889 130.452 2932.74 
1102.84 3835.98 3703.98 6340.18 3756.27 
6431.45 4256 6983.38 6297.81 4320.29 
2134.26 1251.79 9807.89 6940.75 6332.06 
6712.35 9839.15 3351.9 8915.83 8238.28 
6452.08 2227.15 3365.92 901.8 5255.89 
111.53 5197.9 751.37 897.42 5328.35 
3684.11 2000.26 9164.33 7388.09 8340.44 
2920.58 3819.52 2596.43 9903.96 117.315 
6916.72 2038.2 1369.11 6724.59 8978.94 
7701.17 3436.93 8818.08 1053.04 2352.74 
7056.34 7505.12 4579.89 422.244 8406.92 
9835.78 533.775 3604.8 587.134 1431.19 
8933.16 4271.25 3431.46 8097.47 1659.32 
1771.88 1018.04 5478.83 4368.31 921.981 
5596.15 1285.01 2960.18 6965.26 8009.6 
1939.11 4666.4 1446.51 757.168 5719.45 
3799.25 7813.51 3224.55 8379.13 8235.75 
1631.46 8214.9 8769.53 5236.27 8802.03 
200.705 4169.4 3073.26 3632.16 2266.86 
4732.58 5404.04 3284.89 211.395 9772.35 
4206.88 5807.54 1057.34 7167.06 2772.78 
9066.94 9106.16 7439.19 513.433 9863.33 
3158.62 4312.68 7676.82 6383.18 2691.8 
5912.56 8014.64 906.676 4682.07 3250.88 
9708.71 4882.77 7420.29 2781.95 8514.93 
9687.15 7514.53 3918.96 2972.02 7725.92 
3691.29 7178.9 3533.45 4748.63 4345.94 
6306.24 3815.56 3452.08 3745.41 4328.99 
3315.4 6904.03 8641.67 992.203 3287.19 
1333.45 6904.76 1301.81 2240.12 1586.81 
4552.69 1948.81 6469.58 1972.96 4730.76 
4984.5 1660.09 2245.27 8903.46 4632.12 
9971.2 2594.73 1811 3504.63 7343.36 
6156.94 9810.87 1158.9 9609.02 3556.26 
5487.89 2924.4 460.269 4129.54 3916.61 
3747.46 5462.99 821.35 5049.26 7703.11 
2408.16 9601.96 9651.92 8877.74 1574.9 
4382.67 3862.23 3235 6627.94 2765.67 
7867.11 6599.12 5360.4 9678.11 103.732 
2703.74 5835.03 9914.6 3862.65 5444.04 
3470.84 9350.54 8368.44 3931.1 3480.07 
2285.03 7678.56 8943.06 3106.38 2727.81 
6646.15 5514.54 2329.75 6298.06 4392.27 
3904.65 680.711 8254.49 7139.64 7308.65 
1020.14 5006.74 3907.75 6380.54 4684.84 
4011.48 9084.29 519.853 3926.06 2946.92 
5963.89 7396.9 2297.44 4332.32 1327.99 
5777.51 6617.35 9006.55 4720.55 9723.73 
1734.34 1366.69 5238.25 4064.08 7664.75 
9630.52 7968.73 8345.46 7885 5108.36 
5654.09 8905.14 115.083 9561.84 5285.67 
4799.92 3573.31 4369.94 5319.77 7499.38 
7316.85 1283.65 4896.26 9614.3 5615.97 
6224.25 5391.79 2233.3 5230.78 112.326 
1957.01 6965.12 1479.02 7195.26 1029.19 
9143.76 6825.77 8997.92 7489.21 4710.75 
4106.26 3143.28 3615.87 4221.35 2705.11 
8901.54 9021.27 6278.42 3271.46 4341.02 
3777.78 588.299 5624.67 8674.04 202.579 
1240.62 4898.27 5594.37 3473.91 129.036 
5706.7 5430.92 7094.16 7185.71 2626.17 
8123.34 6329.46 9451.93 7121.25 3818.65 
4162.67 1227.49 6961.93 7778.54 5448.84 
9667.04 6680.07 4470.09 5945.44 9951.53 
8811.11 9723.23 539.81 4435.77 8397.25 
742.389 5676.38 3295.51 6336.76 9150.3 
3424.54 2043.44 4581.2 518.683 9229.15 
7207.37 8642.03 5558.59 6659.29 5763.26 
9377.24 821.938 6990.75 6339.15 8600.48 
2439.57 6006.17 5280.53 6909.66 1951.6 
5232.04 5720.76 1674.81 5771.85 156.504 
72.0444 6514.24 5832.89 3367.55 2850.98 
4983.17 6792.1 4894.42 9564.37 7310.78 
4123.56 6771.73 5952.79 9682.15 3431 
1716.03 9059.37 4252.94 8706.78 5398.51 
2853.4 1146.33 1404.66 8133.93 8056 
3356.26 3365.95 3776.73 5031.07 9137.8 
3933.24 5103.12 5652.02 9766.13 8470.67 
8503.01 4749.28 5262.75 3397.41 4313.63 
2573.51 7520.97 1085.34 8526.3 7203.1 
4516.34 242.309 6262.45 8769.28 8949.09 
1660.94 1622.66 95.403 3065.61 9756.59 
8151.4 6421.87 3122.52 1928.12 1452.93 
2260.31 5861.35 6556.04 7912.33 5627.46 
5026.7 6415.32 376.725 289.429 9812.73 
4690.36 2862.94 7333.68 5775.7 1389.22 
4536.76 292.027 1631.53 799.199 9061.31 
580.599 2460.14 683.95 676.002 5525.75 
440.524 8827.4 1947.6 3563.05 755.499 
3400.53 5823.36 6616.85 9956.57 3735.67 
2244.3 4983.25 150.978 2621.02 5272.68 
9963.71 7311.38 8135.62 7297.37 3087.07 
9524.84 1834.12 3379.09 1156.35 2633.32 
2440.38 1736.95 5093.46 3124.33 2412.95 
619.192 3564.86 1240.34 2566.79 7127.91 
1995.84 5967.32 2951.25 8612.69 5923.88 
6686.92 856.973 907.113 6837.9 3478 
6179.79 6801.59 789.362 4315.4 4098.95 
3876.43 3840.22 5933.07 7255.52 4996.57 
8566.38 9695.9 6733.52 3659.83 2820.22 
9146.48 4279.02 6385.08 386.801 6845.82 
3512.96 2382.64 2813.12 6464.21 995.312 
8737 3151.11 1852.28 9644.11 9989.01 
5330.28 5823.89 6790.59 6119.64 139.268 
889.517 9996.07 3979.49 6822.58 7251.58 
8976.06 5388.95 6947.46 5709.57 9048.78 
9767.68 4856.03 3327.78 6152.74 5242.83 
173.583 9665.71 7625.47 2986.7 6129.9 
8620.78 1723.69 9281.01 473.05 1367.78 
9270.01 5803.33 7191.67 6060.57 1922.96 
7330.94 6950.09 1919.01 1310.41 3772.66 
9170.58 286.45 9161.61 6118.03 5996.02 
8210.37 5885.69 852.032 1538.14 2038.42 
6094.86 1711.72 1704.11 3720.32 4698.43 
7834.01 2341.08 6422.11 7115 2814.13 
7789.89 6384.99 8617.46 4981.54 2445.55 
540.402 2312.46 9395.64 2459.41 3622.87 
3168.28 1629.98 3909.32 2329.87 7748.01 
9905.33 540.225 3633.68 757.35 2078.36 
5672.1 6852.21 3790.09 7376.21 572.516 
8488.51 5210.2 2913.6 4910.61 2325.18 
5727.73 2700.48 8710.17 4345.18 7682.02 
1155.7 4885.58 9994.48 551.319 7344.99 
3617.33 3719.6 8974.97 7526.65 6049.46 
6722.96 7431.97 6589.69 356.628 8189.32 
8668.05 6028.73 5041.52 2458.12 3404.93 
5614.03 946.62 8615.12 8527.63 5857.23 
940.29 4255.35 8557.71 9650.46 8600.53 
6239.71 806.143 3486.09 6234.18 1357.46 
831.07 9851.51 5077.06 9806.04 7378.14 
1126.51 6528.98 4810.1 7716.19 6885.61 
2999.4 6384.23 2914.33 8040.92 8842.36 
6319.25 3654.93 9788.98 4934.36 2182.55 
5646.19 5874.65 6437.9 4203.88 5525.09 
5038.41 443.57 6331.24 8524.51 6677.75 
7688.7 9355.58 6529.24 2765.74 9161.6 
3907.37 3892.24 5690.57 8717.46 1608.42 
2576.16 1716.85 7992.65 5490.48 9757.76 
6834.99 1809.72 3412.68 6623.95 6744.08 
5595.23 2270.12 2618.71 2033.11 6474 
8143.8 7071.52 6917.57 4475.02 5596.01 
3595.3 2163.7 4951.57 124.523 4929.44 
4113.15 4031.89 8821.68 9803.72 2749.34 
430.083 2379.86 4466.19 8422.74 7870.35 
4223.93 5257.71 9680.06 7636.61 1881.65 
6424.12 3231.82 4151.77 9042.83 5264.93 
625.75 7186.62 2336.43 7543.32 1661.62 
7932.44 1138.6 3825.32 2883.99 1263.12 
8754.76 6997.15 5295.01 7576.42 6800.85 
8044.35 8006.51 9180.71 2510.52 6429.23 
7051.04 6734.45 1686.92 6731.09 4371.05 
3568.57 3155.19 7602.87 7720.34 2198.01 
2867.78 8346.09 9384.63 5204.21 5889.39 
1046.24 3136.63 7027.99 4871.56 6020.62 
8291.11 3626.3 3017.75 3586.1 1202.71 
9818.6 1630.44 9209.21 8999.29 4140.96 
5638.42 6050.31 875.398 7325.34 2781.38 
5246.45 893.894 5936.57 2849.29 8614.23 
8134.58 5717.07 6960.3 7519.2 921.26 
2849.67 8565.43 4057.89 9877.66 3436.98 
78.4933 8168.75 7063.28 3096.24 1754.83 
8265.99 2914.82 3385.27 7475.19 1914.09 
7526.23 3113.59 7964.4 8401.63 438.919 
745.767 3648.06 1332.81 6682.34 6497.35 
9947.04 4816.91 2214.41 6907.33 2336.09 
3135.67 9757 901.509 7193.56 9634.63 
4338.49 7272.05 7803.36 1401.75 368.274 
9558.2 9667.74 3283.1 2943.45 7142.9 
5197.19 469.661 256.48 3161.58 8871.29 
695.4 3907.35 2519.33 2028.21 589.67 
9016.68 1975.24 5406.58 1231.07 8882.57 
7742.67 4366.73 8639.54 8644.18 1560.27 
8274.16 2982.65 8832.32 6077.51 4384.4 
9200.59 5635.69 4052.11 2483.67 8579.13 
1195 7680.87 9048.8 1451.48 842.427 
7920.07 2146.88 4749.77 439.38 4175.09 
5339.44 9456.06 6150.33 746.004 687.112 
5032.88 8488.67 5053.85 3672.41 7132.84 
6614.12 1946.56 115.469 5446.42 8024.07 
4499.87 4647 3659.74 8551.98 7130.68 
2238.85 9746.98 4811.52 1287.63 1198.45 
5653.95 9207.7 3345.33 403.706 9647.08 
7520.42 5743.15 9103.13 3670.74 6489.15 
9790.24 8703.62 4977.81 4844.07 2376.01 
2110.63 1458.17 4322.57 2226.1 6904.59 
2346.62 6725.97 1551.58 6006.36 5277.93 
8682.26 8245.21 5024.89 3493.76 9532.84 
6223.34 9147.71 8740.53 9568.67 9551.42 
8387.6 7089.07 5294.55 7490.71 759.795 
1783.69 7280.93 9463.42 6761.5 2124.98 
1839.41 8872.13 3583.15 6161.98 1098.21 
487.73 8508.6 7824.18 2039.31 4514.94 
3102.09 721.549 2760.13 8126.98 4215.31 
2292.96 4350.3 3363.01 1033.48 3918.95 
2914.41 9421.07 1008.01 8208.97 6911.76 
1767.8 9992.66 4192.68 1231.2 6754.14 
6317.66 3070.62 5626.25 9900.81 9232.6 
6724.46 388.525 7741.19 4548.62 2427.83 
2256.11 7650.71 3149.38 5016.24 5777.68 
7364.7 7309.21 127.962 727.689 8342.68 
4046.91 3642.1 7763.74 5054.92 1851.05 
4675.49 6822.72 1843.69 8868.17 8053.93 
8597.83 5185.81 1124.52 4224.06 5086.6 
357.106 948.506 5475.13 8098.29 5497.13 
7902.96 354.382 3147.83 1052.33 5370.63 
8925.5 8417.02 2679.82 9053.46 9144.71 
1022.48 3100.36 2786.8 8786.22 8155.28 
4637.85 3461.7 4977.99 6481.54 2329.85 
3031.9 5079.35 7515.65 4156.42 9303.41 
2602.24 4513.53 251.902 8077.37 2611.8 
5749.03 5980.31 2966.18 8896.86 7032.64 
8336.81 7822.34 5449.65 1016.61 6875.79 
4594.34 2039.09 9976.15 7381.14 825.297 
8131.42 2018.98 4286.99 3109.39 8500.52 
6616.84 6141.29 3579.86 4132.47 297.694 
2883.25 6734.71 4811.22 3135.15 4812.06 
7423.02 8884.19 792.357 389.187 7781.03 
7825 8726 5603.35 3274.63 9742.6 
2479.13 7868.97 1781.68 2455.26 5250.1 
2606.97 586.663 7269.07 6893.97 3696.05 
5769.57 3510.79 9837.34 9349.43 7643.26 
135.02 2232.66 4377.96 4946.24 5367.82 
9190.02 2369.25 4251.99 9982.38 2758.43 
2032.99 7807.36 1484.41 7636.35 1081.97 
1227 115.455 8950.94 3008.68 2570.72 
4201.02 5615.65 3157.38 1470.07 2509.6 
6853.43 7239.65 6020.39 6690.76 6589.06 
3663.63 6825.78 8821.73 8041.59 1772.01 
4189.53 7231.6 4141.25 8441.51 7213.96 
6899.68 474.493 5021.3 8384.1 8110.84 
6103.27 9611.09 8226.29 5054.19 2619.75 
