1900 5
2989.31 8232.81 429.469 2446.8 5418.92 
9721.02 617.167 7669.67 1068.34 1922.37 
7857.76 8422.75 2064.87 6772.37 7496.41 
290.999 1371.36 166.146 1353.52 3277.33 
6387.85 2277.14 8881.09 8282.61 2152.31 
6084.7 3665.33 9790.63 5928.04 1753.55 
3918.85 8917.34 9986.36 4348.32 1364.13 
5405.27 4069.32 1981.3 3074.92 5137.66 
3903.67 932.657 3560.4 5968.54 7705.03 
1056.79 6259.54 9076.39 1222.94 7613.06 
2353.7 7610.79 9890.2 1234.77 5893.39 
2042.49 7319.47 9558.72 1833.1 3247.49 
1312.25 5751.95 2164.82 1298.6 100.252 
3528.95 6703.86 4169.58 5510.25 9778.78 
9307.24 9413.92 711.417 2867.62 5382.44 
8416.45 3924.41 1641.96 7492.82 5147.35 
9255.02 9846.53 2758.12 9145.2 1081.28 
8651.51 1187.67 8400.75 8210.21 3020.77 
1648.23 9522.46 8772.73 3813.04 821.039 
8872.98 7342 7524.9 3042.54 2852.23 
7303.66 2349.76 2266.13 8015.08 5217.38 
7648.57 6431.51 9141.79 9290.53 3924.31 
4289.12 8545.53 3770.82 7047.24 7690.71 
4852.1 5698.73 8878.38 3252.84 3908.92 
1899.14 4901.06 3431.37 671.844 8714.11 
4252.4 9544.82 6056.08 1777.29 2587.34 
8908.31 9080.95 4937.1 1174.42 7096 
154.461 8822.99 3527.49 9296.25 8113.5 
7451.81 3585.35 6659.02 1222.61 632.575 
4349.71 6074.71 6331.3 3228.08 9327.55 
240.209 5127.21 4228.59 3671.57 5799.05 
2942.68 7923.98 5343.86 8998.77 9701.27 
7931.2 7907.06 8782.19 2868.28 9081.49 
5878.18 3022.74 7904.46 9405.68 2318.98 
6017.95 6857.47 5904.33 2676.95 8080.08 
6536.91 7026.66 4154.77 2868.19 254.722 
3482.3 3108.4 5381.93 7710.89 6779.98 
1180.97 653.555 4703.94 6524.83 9652.32 
4405.19 4456.01 7559.36 3187.36 7324.3 
6640.83 9065.55 347.024 4545.28 8471.21 
2666 563.21 5328.65 8570.33 3240.16 
3408.71 5107.22 266.807 7563.48 7975.41 
521.529 1045.77 1083.8 5903.46 8756.66 
7863.77 7084.43 9410.21 2567.69 3609.25 
9062.51 6972.88 8065.26 6621.86 160.228 
5389.54 3262.68 9225.77 5736.56 7807.96 
7696.96 8402.57 8371.17 3025.6 6972.88 
1611.31 6434.31 2080.08 1878.12 3997.78 
55.4785 2399.65 5043.55 1139.28 8303.11 
3800.19 9003.05 5387.52 3210.38 1570.73 
8996.77 2272.88 8543.61 7062.01 8894.74 
8703.84 2451.54 2157.4 7929.59 8188.1 
9965.36 5626.54 6590.65 8336.51 8652.14 
3563.51 9947.82 5086.43 5643.59 1825.92 
9084.21 5699.07 4225.56 4127.74 6838.35 
2528.65 7927.93 5841.38 7916.18 1138.29 
7412.11 6912.93 3411.17 5955.7 3974.93 
2305.9 4659.52 6426.46 4463.3 2589.09 
4614.55 4428.64 8215.63 1205.18 2765.13 
6867.75 4768.69 2712.93 1954.16 412.263 
4538.85 1038.36 6111.33 8764.41 5166.1 
2949.66 1293.04 3094.01 8791.04 9209.22 
4232.3 6203.13 6122.14 7643.47 2158.81 
97.0466 9949.37 6818.33 6523.51 4412.65 
9407.42 1138.04 8841.29 7623.03 2343.22 
1606.4 4490.76 7111.9 4319.33 6444.93 
7524.16 8858.18 7483.28 3635.48 7622.57 
2649.36 6585.15 8915.62 5743.37 5376.17 
8124.82 9975.67 1579.29 4246.94 7619.13 
3738.1 4343.99 7568.48 556.415 867.48 
1981.11 9963.84 2005.52 822.383 7586.85 
4348.73 2428.79 2077.6 1460.62 6748.12 
8522.52 8984.78 5606.28 6005.79 2620.25 
3228.84 8655.15 9205.39 2144.43 4398.51 
4581.55 269.238 4374.16 6160.84 4516.18 
1993.27 9898.94 8860.17 9561.75 455.341 
9727.64 1542.85 419.161 1733.15 2365.23 
8006.01 6081.88 4794.02 83.5936 7542.5 
1542.12 8606.12 6527.27 7148.4 4611.89 
9147.52 377.216 3267.02 8352.89 2521.65 
7665.53 2934.43 2790.89 2039.68 9095.27 
7307.07 4032.95 8994.19 6167.22 3594.69 
9449.53 5894.84 5137.53 9868.7 7627.99 
7502.76 7874.69 3709.85 2296.76 7958.28 
1252.34 3838.88 6564.38 7779.6 987.26 
1176.26 6927.1 1364.48 4443.28 5279.98 
3886.13 2108.79 8214.41 6677.02 4148.47 
7309.66 3984.07 8181.42 6303.83 151.264 
1776.09 5753.35 6046.11 6913.63 5622.03 
3674.08 4416.37 3496.7 7383.93 6713.14 
1454.97 8636.27 551.999 8019.36 6415.86 
1539.26 9195.61 3342.94 2903.74 3638.87 
8622.93 6789.86 5747.67 6837.32 3466.86 
9896.13 4146.96 7450.93 8077.54 450.776 
7602.19 9853.63 6204.13 3648.28 6767.24 
1826.14 7322.36 1183.6 5322.85 4706.28 
7896.73 6777.82 3342.53 8448.73 4797.16 
9758.39 9987.99 3992.75 3101.32 2891.71 
7631.62 1724.22 9681.57 3379.27 8561.54 
3148.42 3275.39 2708.48 599.327 1352.91 
3159.26 8201.52 1206.53 9363.39 1849.78 
7973.77 1189.51 9172.14 9157.37 6512.36 
3878.4 7054.08 3290.16 7220.93 5502.8 
8087.32 6979.3 5490.78 2080.05 80.6029 
8382.49 9711.67 1804.83 8064.05 3090.93 
366.352 1212.45 6366.32 3074.83 1811.77 
7719.23 6234.09 13.2742 8925.76 5597.46 
1863.06 6899.51 6786.98 1035.18 6056.85 
3299.32 4913.58 3110.92 6589.48 2134.5 
8613.72 4676.78 9113.8 4104.48 6756.83 
9194.4 2486.95 6468.48 999.213 550.984 
9559.41 1365.56 1763.43 5925.71 4440.4 
3575.2 3644.92 674.475 3588.48 2570.66 
6271.94 5451.53 9470.17 3058.9 6486.71 
5527 6358.22 1400.28 8637.92 2947.68 
3534.77 7251.63 7624.45 2648.56 1356.09 
4381.26 1842.94 3843.05 849.724 2842.15 
4394.03 409.114 4207.72 6157.46 6334.82 
8648.12 9732.67 9979.74 9322.59 3321.13 
2550.38 5594.52 8772.66 2020.53 8653.41 
5259.36 7547.53 5011.61 6659.64 6185.44 
7959.29 194.392 3437.05 5583.73 2842.95 
4793.14 9964.99 4685.89 8636.19 814.695 
7528.04 3030.2 1223.81 1735.75 9187.66 
7558.63 383.849 8920.31 7538.36 9706.44 
2241.42 88.7219 5300.94 1014.07 2109.25 
3954.34 6273.43 9656.79 8965.95 2933.04 
5842.21 6925.23 3127.44 9279.26 2508.94 
5970.38 4072.38 2473.91 656.257 2708.56 
3288.6 8184.3 5738.76 4512.41 9920.05 
4926.41 2071.02 303.882 3846.7 9609.38 
10.3079 6088.13 9698.1 5311.25 7102.2 
1807.34 9265.59 3375.61 1464.11 8231.52 
6308.65 7306.31 5156.73 9436.09 6585.55 
7665.67 5406.45 657.92 139.555 6062.71 
3366.48 3428.16 4247 9105.24 7940.56 
4167.03 4031.63 11.5702 4470.91 7878.33 
9620.95 4481.22 3966.44 9319.03 9792.47 
1068.62 1126.35 9058.04 4444.22 2590.46 
7289.54 752.857 9896.77 2446.26 188.925 
6482.31 111.908 5595.38 7140.23 251.462 
1658.07 506.685 3679.62 5905.07 9611.92 
1620.16 72.0789 3643.53 1631.74 4542.99 
1521.84 1252.67 9024.21 5488.28 571.682 
8816.66 6556.9 1698.03 7874.68 1001.11 
4288.49 5164.21 1753.96 4185.24 7610.47 
1942.89 667.531 7722.37 7538.27 7807.76 
7973.84 9196.34 8314.44 1653.44 5101.39 
7926.35 3273.6 5173.47 1569.86 4905.34 
9716.46 3091.7 6158 8740.65 8579.98 
6729.69 7557.29 5136.86 8427.72 5431.95 
6137.97 2716.19 596.144 7891.93 6901.43 
8206.61 9834.82 7568.96 5928.97 7373.07 
5376.7 3902.79 6569.39 3691.13 5556.22 
1670.76 1617.46 8829.83 6844.23 3187.31 
3735.15 6560.67 6279.01 9893.15 5301.3 
4858.97 6622.82 2858.57 9995.83 5050.52 
8290.52 6133.78 7766.71 8886.67 4025.69 
4668.13 7093.26 3860.49 2237.07 3022.21 
1233.54 7613.78 6925 7802.92 1304.89 
2481.21 9473.68 2922.34 1311.01 6317.89 
6109.66 5046.16 2878.54 2388.65 4939.29 
8179.84 7247.62 1562.09 1038.39 7243.43 
6612.61 9328.91 3377.19 4379.3 8215.56 
7402.88 9047.43 5308.81 1263.35 1284.48 
8331.02 2496.89 8898.26 5256 299.798 
203.13 7737.2 9773.48 3125.47 9048.22 
6091.36 9235.13 4094.36 8969.9 1623.76 
9033.65 7149.72 8871.38 595.728 8188.11 
6114.8 7208.34 7517.01 9491.99 1587.63 
5732.55 6894.85 635.04 1041.34 8158.21 
1919.52 9372.36 655.079 817.768 4628.34 
954.877 1020.9 2365.53 728.342 4146.37 
1413.73 6819.7 3381.49 5508.09 5789.58 
5005.25 4541.73 2939.29 3876.61 5137.45 
1127.38 9991.41 2345.78 8644.39 9483.38 
3933.4 4376.92 6378.21 4568.44 5418.26 
4536.4 6487.97 4790.61 5191.48 7305.74 
9418.95 6146.36 8326.63 1784.46 6874.7 
2472.99 3198.19 3694.38 5854.48 8706.28 
9483.97 859.706 3247.99 2423.23 4736.32 
8385.44 3550.61 4727.71 731.2 2194.98 
4211.07 4664.6 6571.9 589.269 9233.05 
1990.15 5125.67 5721 6780.76 317.136 
3026.72 6199.69 6463.49 1353.34 7984.15 
3338.18 3826.33 1182.32 7032.56 9680.8 
9888.6 6516.51 540.493 3136.57 8939.75 
5276.81 1522 2490.34 4.50386 2253.2 
4685.32 4215.58 6917.8 1257.21 4804.84 
6150.83 3247.36 9930.52 1871.81 28.1058 
247.635 4898.53 6227.8 6711.13 6251.87 
4211.93 49.2912 78.183 5394.26 7081.85 
9758.99 5282.84 3598.35 299.464 8419.42 
2538.07 5576.28 9941.41 5028.42 5580.78 
2194.59 9713.74 9796.35 9112.39 970.935 
4601.18 5263.21 4218.3 4531.68 7135.02 
4246.4 4779.32 2033.53 474.184 1490.43 
8285.41 4686.12 1539.72 8363.59 80.3575 
8621.57 8122.56 5363.2 2219.9 8422.02 
3782.6 4757.98 3998.28 3724 9786.4 
9579.06 5918.59 9500.12 9375.4 5030.97 
471.037 3976.56 294.157 4689.33 8508.25 
7429.18 8935.74 3287.55 9462.71 9409.92 
4777.98 7748.1 4096.02 6317.7 6111.67 
4176.38 4939.25 4234.21 9539.58 7159.16 
2656.22 3322.17 1917.12 6654.5 7046.17 
1703.5 6233.54 2964.74 1203.6 5608.93 
7995.71 1674.64 9585.49 8289.87 6363.97 
8093.72 5719.02 5299.69 1381.25 5181.72 
4709.6 6159.22 2929.8 8805.62 2476.9 
9041.47 2981.99 7416.16 3275.66 2521.55 
4575.3 5931.88 5843.72 6492.42 2586.36 
2889.87 8195.92 8819.91 5854.61 9399.52 
4428.82 3850.3 1074.14 4014.29 2140.15 
7438.11 2107.99 7859.17 2737.79 3489.24 
3040.87 7447.39 9648.46 5970.67 6253 
2125.34 5012.12 9234.98 9541.5 8287.79 
1756.52 4116.78 4219.65 7600.24 609.179 
6806.01 490.091 8805.1 5625.9 6344.7 
8204.6 54.7004 194.987 9278.74 4068.99 
2335.14 6716.83 6176.98 194.296 9454.62 
9666.21 3235.17 6901.99 9314.65 9205.84 
3154.97 1439.98 4217.95 2389.94 981.459 
2505.72 4146.46 5098.24 6725.37 1746.68 
5707.42 3531.36 2236.77 4512.5 9157.26 
8581.47 2717.07 9211.96 8776.46 1995.79 
3280.93 1111.58 8712.62 9457.91 1305.88 
8167.22 9124.11 4541.05 5069.2 8438.74 
3746.87 8224.17 9878.72 7964.82 614.089 
860.161 470.523 4760.55 5958.4 7195.89 
6507.23 1665.8 727.233 8744 6178.29 
9884.5 7325.45 8895.37 9096.44 6101.89 
891.144 2377.36 7213.48 9603.77 1835.26 
8519.35 7770.97 959.346 3060.38 2840.16 
9398.09 6807.26 1064.31 9276.79 4772.06 
1678.4 136.935 5242.59 6438.94 6095.33 
2438.46 2946.15 7761.13 3165.69 1690.13 
3939.41 3050.17 9015.58 2834.76 2146.6 
5117.46 3725.91 4523.96 2330.92 3329.66 
6359.22 850.254 1100.61 7318.56 3910.64 
3940.77 6716.64 717.881 5005.07 5993.41 
5489.95 6683.47 6130.34 732.516 3122.4 
2225.66 3170.98 6068.55 9986.79 6336.67 
7758.68 3926.19 9386.84 6774.24 6760.95 
1533.42 1891.68 486.835 6057.39 4222.6 
3816.49 2416.59 5072.85 4917.1 9735.15 
8983.49 8857.87 6451.77 9701.37 3862.93 
2445.16 5191.3 546.379 8575.51 5923.82 
3668.77 801.152 9094.79 9737.32 787.93 
5431.45 7495.98 4714.12 4818.27 4270.2 
1475.05 6351.69 6161.88 1961.88 2409.06 
384.464 5778.37 4825.65 5457.32 695.457 
4560.79 4440.79 9553.33 1012.54 4142.15 
3416.24 3457.7 9333.45 3962.61 2033.19 
5257.25 7631.39 2834.34 4352.03 7368.69 
3622.27 9783.48 4864.65 8336.39 4601.73 
9134.85 9811.44 953.409 5296.72 1773.3 
3362.47 5681.18 7551.67 8188.12 1138.48 
8247.13 2748.89 5579.28 7800.44 3761.43 
9721.43 1216.66 7219.13 9054.86 5179.27 
9252.32 4312.1 2810.64 2086.65 8664.13 
179.317 5708.92 8447.6 5043.97 4045.29 
3049.31 4178.8 3856.71 4002.72 9475.52 
5630.01 7365.19 5156.69 3181.67 5553.3 
6295.17 1428.78 8302.19 1874.43 9229.22 
2063.6 1595.84 445.857 9282.73 650.688 
5625.13 8535.04 4962.79 8435.77 621.672 
3626.91 8615.09 6330.59 2074.49 3659.04 
375.871 5123.8 7837.84 4232.58 9126.52 
7313.35 9862.6 6491.69 2470.02 3044.25 
2044.98 8765.19 4473.02 347.15 639.598 
3702.22 2410.75 2235.44 4148.08 1693.47 
2886.13 9773.21 228.495 7848.92 8208.96 
850.167 1475.81 6824.03 7180.76 3550.29 
483.055 7556.63 8674.09 8320.9 1789.2 
7800.59 5634.23 1651.78 4292.27 8104.25 
4696.02 6337.25 6869.42 9169.04 6684.4 
7509.01 2871.25 9095.15 9744.45 7019.33 
788.607 2630.56 6792.52 1017.1 479.459 
5001.47 1867.27 1955.27 1825.48 9048.03 
5505.56 2308.54 6604.65 4179.63 629.421 
8393.84 1980.21 6263.65 45.6032 6272.48 
4367.88 4741.62 2609.71 1237.28 3910.65 
9294.11 8746.29 6781.9 8389.24 8490.73 
3801.22 9177.85 1121.27 593.726 194.933 
1600.73 5595.19 2062.2 3555.99 7420.68 
1110.22 9061.55 9729.22 7714.86 3241.17 
358.622 6108.69 5221.38 6622.27 6154.29 
1493.84 990.136 895.9 4103.55 2227.42 
4806.55 3397.64 973.691 1588.44 1786.87 
9464.42 5389.66 964.699 585.67 5983.38 
1159.63 2186.4 1578.56 3221.84 5742.39 
8999.24 4332.05 4803.93 8728.44 2046.9 
8045.1 9087.06 8155.59 3266.46 5709.32 
4309.86 4760.3 6699.45 5205.76 8863.85 
8926.87 12.2968 2261.48 9900.56 1600.74 
4048.35 9364.96 6990.39 5013.05 9950.63 
2973.76 6172.68 2137.01 4552.32 9394.51 
7879.4 3551.54 3726.55 2683.31 2279.97 
5773.45 728.394 1367.01 3929.02 3994.85 
7076.33 8238.88 8755.15 3775.76 3444.62 
7618.99 2702.62 3456.92 9880.47 2603.16 
5057.66 3928.8 1968.1 2048.03 8941.85 
1918.71 5021.79 5114.51 4055.73 9574.12 
4509.01 1935.11 3125.64 8235.56 4618.43 
5405.61 4008.99 5346.82 6772.62 7938 
9341.68 3848.93 6176.86 8096.81 7624.69 
9621.49 5715.79 327.294 3078.39 5596.24 
2930.45 8136.05 9525.04 4898.55 184.063 
8466.87 6817.27 5205.86 3581.36 872.979 
4779.96 8090.36 2808.09 7905.6 6325.9 
7426.52 3311.19 334.871 2773.33 83.7879 
8272.87 2114.99 3932.72 4449.72 211.785 
1557.39 4071.19 5927.57 1884.69 7149.58 
1523.79 4815.14 5285.61 1048.81 9713.7 
5469.68 9515.68 6530.95 675.517 3097.02 
7403.93 5455.47 1187.37 212.003 3361.05 
7513.27 7638.53 6672.24 7848.14 411.837 
6756.03 6121 2526.83 688.726 570.7 
2738.61 2246.12 4641.89 8666.18 4130.81 
1791.46 189.958 8945.95 7077.07 1238.77 
8659.63 2546.73 754.436 5190.56 3222.25 
3851.46 2594.47 8677.72 5038.82 2806.47 
2038.75 2552.08 444.981 8710.99 400.2 
856.818 5467 6521.2 3383.64 6155.73 
7091.9 6122.25 8401.85 1733.77 4788.42 
2532.64 3525.23 4978.38 1478.57 602.282 
6217.15 138.183 3149.01 6971.58 5328.74 
6371.26 823.025 7923.21 5048.96 5861.85 
729.666 7087.71 8413.93 1174.65 5798.69 
8814.13 2031.46 1265.67 5335.31 5415.11 
7421.39 2427.19 1537.35 5823.22 4160.96 
6325.76 8355.86 7686.18 1304.12 9834.43 
8288.47 7521.27 9972.62 1437.46 4492.84 
5301.34 7808.72 5315.87 3224.54 2857.66 
1177.7 3954.2 9945.38 9591.62 5128.85 
5744.04 8405.73 7160.31 7009.71 3741.02 
2575.41 4431.09 6168.21 4112.75 254.297 
329.147 438.5 8610.16 8015.33 1742.62 
8444.58 6303.78 9263.9 8417.18 7741.24 
3756.72 3718.5 5549.94 9072.59 6943.04 
8407.61 250.267 897.226 8352.96 9841.89 
6026.08 4096.99 8247.61 3186.37 1106.69 
1988.61 5761.78 5537.78 8156.82 9874.53 
5792.08 8485.97 313.014 4402.22 6501.28 
2055.64 2846.78 2805.05 1319.52 1263.94 
546.271 5076.24 4982.44 6096.22 4148.81 
1925.46 4503.81 4399.08 2822.69 2856.75 
4240.95 8848.77 6953.75 2488.54 2035.12 
8060.44 4477.15 7796.9 3598.2 2633.96 
7671.42 9390.28 1119.91 7984.43 3792.48 
7621.19 40.055 6639.26 426.221 1359.57 
7903.2 972.492 6435.81 2885.62 7068.71 
584.607 4811.09 1572.5 4983.68 7633.78 
4429.25 9224.63 6482.53 1382.98 1713.16 
8517.65 9443.41 6190.31 6314.54 3041.6 
8824.27 3985.94 2431.85 9944.18 1970.36 
6224.33 7565.35 2010.41 2863.57 7991.57 
3369.99 766.753 8964.07 9805.8 3652.37 
6032.76 390.391 8463.46 7605.25 5374.07 
6097.22 2034.48 4598.69 2579.73 3417.46 
6311.85 1097.37 2860.86 2502.14 7411.91 
5902.45 1326.39 1397.83 8334.31 1270.55 
3368.19 4558.62 8835.91 5378.6 7422.2 
6827.46 8748.59 8188.95 5791.51 8554.37 
1841.31 1824.25 8944.76 304.752 9429.5 
4318.82 6401.97 1463.97 8917.51 8981.71 
4881.43 5229.34 79.0571 7742.29 7731.48 
7490.96 3644.72 9057.88 8888.79 1979.01 
328.415 2256.97 6537.64 9164.32 7635.57 
3959.82 5991.77 6384.13 2148.75 1783.26 
4938.49 3990.06 3607.51 3883.23 4294.81 
3037 8202.05 696.768 4500.97 7119.55 
9678.47 9382.4 2348.87 9757.53 7124.67 
80.3382 7248.48 769.373 9138.22 6137.26 
2748.39 9466.63 8394.22 9286.02 8630.94 
6029.77 3245.83 4622.69 2413.89 5394.58 
6405.95 7352.38 9384.63 13.4429 1235.59 
3679.43 3050.44 9437.64 4376.2 7551.41 
6557.17 4054.65 6933.78 8906.04 3812.17 
4058.43 8986.38 1060.63 4827.81 8124.58 
7197.89 7576.19 7591.19 5592.09 6862.2 
6222.11 1621.84 108.011 844.784 4035.73 
5502.59 7250.73 1388.09 4887.2 7264.18 
2623.68 8566.63 314.598 2061.31 2942.81 
7866 8618.48 6997.47 4799.77 7524.5 
809.621 8858.21 6510.87 1870.25 3685.99 
4635.43 9068.14 1262.17 2226.61 4660.21 
8124.37 8448.72 6282.06 8232.38 9293.51 
317.772 3734.95 6544.22 1705.86 8622.16 
3808.38 4329.54 7188.78 4122.98 6390.85 
131.573 1988.97 5009.31 7129.04 6788.74 
2533.8 7938.66 5646.92 9044.66 9808.92 
9332.92 3680.08 8877.04 595.073 5906.69 
3537.24 8719.45 4355.39 9819.29 6951.81 
3648.88 137.049 686.752 193.09 1842.91 
9308.91 4001.47 6172.45 6497.67 8124.45 
2563.28 6629.24 113.398 7572.59 3758.27 
6902.13 106.373 1696.91 2549.04 9151.04 
1505.81 1881.94 2831.1 382.833 2477.01 
8737.79 3920.07 1196.44 3093.16 3739.34 
8148.26 6742.05 3876.39 8835.01 6935.14 
5719.3 8143.9 936.592 1891.74 4641.56 
9061.04 4455.02 1270.78 9174.44 2027.6 
5029.05 6076.56 2133.97 6725.96 8625.6 
1284.99 8231.78 507.519 4116.09 8614.61 
2984.53 2853.86 2534.66 4180.97 5947.03 
6274 2329.21 2689.06 150.38 1164.21 
9624.2 5869.68 9308.11 560.771 7761.42 
3949.65 9621.81 2216.43 5220.44 8796.23 
4244.03 249.469 4872.77 6378 6975.43 
3498.35 7663 5207.19 4005.87 1779.07 
3821.78 6990.4 4632.94 6356.44 1171.36 
579.946 2630.43 3500.57 3269 2780.81 
4664.78 2893.18 8650.49 3972.87 3453.95 
6411.9 7922.53 3075.75 8628.33 3142.94 
1871.97 2872.34 3392.41 6744.74 9250.34 
367.83 243.076 6913.32 5575.02 4248.95 
8692.39 9396.8 1239.33 3325.31 5753.23 
2410.69 3905.26 8383.66 5911.26 7174.26 
1164.45 576.025 67.4281 9814.94 4548.9 
3521.38 6226.82 2471.41 6597.13 4855.13 
5614.35 8469.1 7727.46 9006.77 5213.82 
6977.79 9374.6 5456.9 3891.09 4949.6 
9705.85 2583.47 4346.39 945.16 5908.78 
99.5991 3355.85 9814.04 8483.25 9267.11 
6988.28 9647.7 9843.14 7055.71 9462.62 
4392.02 577.078 5689.42 6863.43 7174.21 
544.528 2477.77 5643.29 8271.99 1484.52 
857.099 5249.77 859.099 6314 9140.86 
5808.7 6019.83 1724.31 155.074 6964.99 
7633.09 254.673 320.819 7447.11 8737.93 
9587.93 4435.38 8385.61 9431.05 1491.08 
7848.21 3823.05 2068.15 3537.61 686.467 
9242.36 4082.14 3164.23 4885.64 2354.12 
4648.75 5742.74 7603.88 5507.85 2056.72 
6744.72 1316.54 8076.54 8469.03 1471.61 
5041.51 6102.1 1726.28 5362.33 3549.2 
464.192 4950.25 7984.58 8849.8 4381.28 
9475.66 6697.99 8204.34 1543.79 235.59 
8890.8 786.137 4317.73 2055.02 5671.77 
6671.85 6703.77 1414.49 4275.71 2211.61 
3471.21 1020.42 3528.14 1547.74 9489.45 
4999.75 6589.25 5591.54 6726.03 1951.57 
9140.73 7190.22 6901.81 7125.3 6040.01 
1283.08 6600.94 2737.99 9487.41 8144.73 
2973.58 8378.2 8930.86 7291.31 433.201 
4602.62 3963.14 7136.97 6017.12 8238.85 
9348.58 9488.33 9259.27 2876.7 1036.05 
8748.7 7876.45 7625.3 4340.22 4602.47 
9576.87 3480.93 1792.68 6478.66 606.213 
7832.68 7761.74 7207.15 570.653 7249.14 
5351.86 3544.23 5627.32 4282.7 835.52 
6060.52 8885.33 4798.66 3197.47 4902.42 
3037.49 2546.03 4390.73 2296.74 5422.74 
5426.78 1045.42 3299.17 3052.06 5385.64 
7901.64 2628.91 8866.57 9694.31 9107.58 
9472.78 7526.98 6869.3 6679.91 8097.63 
4118.42 2031.76 1641.85 9745.74 6314.46 
2477.37 5806.24 5199.77 7276.02 9003.71 
102.176 313.499 1549.73 4492.91 2610.24 
6972.47 9919.69 3655.66 271.624 2971.74 
9041.3 8173.26 5600.65 7907.85 7867.56 
4708.21 7380.61 5394.52 1577.5 4060.51 
3492.14 5695.92 6092.27 5133.99 5441.64 
2406.71 7611.35 1247.86 7606.48 4887.36 
251.56 7708.65 5200.86 1801.29 2201.55 
7811.1 8773.76 2121.22 1466.74 9045.39 
5092.96 508.021 7218.63 693.597 8415.87 
5086.17 5401.81 5796.46 480.681 6979.31 
9856.98 3972.82 2675.21 5949.22 9106.81 
8116.84 8355.93 6718.15 9364.71 5962.39 
1605.49 9616.27 3671.03 6806.35 1417.54 
5872.58 4617.44 191.286 7993.8 6084.18 
9236.67 3086.74 6592.2 6455.29 3780.34 
5008.05 1541.44 9182.15 804.498 2022.13 
6161.44 661.456 5994.95 8836.65 6610.68 
5101.74 6953.47 4966.6 1819.87 6318.16 
928.973 3425.36 5934.41 4600 231.698 
7351.95 472.562 4849.13 7543.24 8466.36 
933.293 6779.89 1553.09 7525.49 3235.16 
5333.43 2533.52 4776.61 4515.56 3338.02 
6798.73 676.982 3999.48 2793.66 9513.63 
610.14 7895.41 6467.08 5576.74 9715.28 
2785.23 6505.71 3140.62 8719.64 1105.7 
3372.32 6071.58 1578.26 8221.45 3614.8 
44.6012 9154.75 394.679 1597.69 6680.22 
3629.84 6931.11 9213.74 8406.45 1446.65 
2551.74 5205.17 2123.64 6551.22 7998.83 
1637.25 7161.36 5894.22 8104.33 2738.08 
5609.48 889.546 9243.79 8750.1 9609.19 
349.469 2122.41 5680.75 1927.73 343.843 
9295.55 1972.33 9498.59 9690.23 3570.02 
6178.79 3320.06 501.111 5392.51 1726.49 
1947.77 7944.26 6931.66 4071.4 4495.46 
4930.48 5708.65 1656.81 824.685 3812.96 
4394.89 6434.17 4702.51 3638.66 5184.25 
4311.68 3988.13 7306.66 9992.43 5915.86 
7650.5 9287.97 7888.19 7149.07 8978.18 
1458.18 3327.85 2298.22 1959.29 8720.36 
4024.71 3907.06 6664.6 956.357 7978.46 
1160.05 5886.84 3687.09 2816.85 6711.52 
7500.06 7211.74 3145.67 2202.55 850.385 
8329.92 6514.23 4838.52 5636.57 6506.65 
754.356 3287.06 5794.6 8642.54 436.114 
4772.76 100.707 3763.96 7070.98 2060 
2484.3 1095.68 5967.06 9148.91 2052.03 
3945.51 308.937 7938.87 7632.6 3125.79 
4650.37 5132.64 337.514 7796.04 7335.19 
1187.9 6125.95 3849.4 6026.41 1762.5 
356.033 6780.77 5049.56 6150.63 5423.3 
5485.67 923.372 5524 9249.63 7994.35 
7584 1733.92 9090.03 3551.05 882.811 
1142.04 7496.56 1191.75 9080.91 5129.14 
4317.54 3731.27 261.76 4655.05 1527.3 
7596.95 5842.95 7653.25 1446.34 1869.35 
9415.75 1802.37 8650.12 4465.29 7953 
4073.4 9950.96 8876.37 9597.4 9200.58 
6870.71 7181.39 934.485 5960.72 732.419 
1817.3 7102.76 8228.97 3009.04 6183.66 
3358.1 7326.58 9914.93 3619.86 1981.62 
1442.21 1216.79 7824.57 9095.46 2663.12 
9693.91 8511.19 4465.49 8344.02 2976.46 
2418.48 2417.4 2927.41 1294.83 2014.78 
2127.98 8165.53 9196.17 3062.46 4126.23 
9928.59 4879.76 1228.98 8157.54 7888.8 
7412.64 1515.62 5215.36 7327.55 5135.48 
7196.98 8769.75 6352.27 5021.53 7865.19 
9015.39 4715.43 6376.36 3480.87 3059.43 
9352.83 5899.34 5476.82 2280.22 7194.17 
7491.6 4408.2 5359.69 6687.75 7470.66 
9485.93 6616.32 2350.4 714.887 4773.85 
239.18 8127.52 6289.47 5454.54 5455.05 
1424.93 2651.5 4224.79 7777.2 7673.03 
2089.96 6792.57 2388.44 8466.32 273.426 
5447.87 7819.13 6172.77 924.672 99.3334 
3366.93 8416.28 4507.53 8726.62 5104.01 
1978.17 8212.53 1720.32 4328.57 8927.41 
6494.17 4567.75 7054.92 2783.63 22.2721 
2509.95 4208.56 2673.78 6734.74 1985.74 
346.792 8824.7 8778.32 2735.23 7291 
9051.75 8183.1 5110.12 5224.5 9107.77 
5209.45 8591.42 7524.03 9716.98 7318.02 
2628.02 1695.13 5530.53 4348.34 6023.7 
4457.93 842.496 591.428 1512.83 3626.12 
613.7 4022.78 7834.68 3287.48 757.503 
9820.43 3634.27 9582.2 8598.73 6369.5 
6873.19 7650.46 4552.58 1983.29 2874.94 
3660.33 7192.73 1466.35 1184.35 6909.7 
8784.37 3812.37 8604.83 4314.89 8160.71 
4628.51 8772.82 9003.21 5219.94 285.63 
2629.31 5833.64 4308.41 463.982 9121.11 
5065.91 284.394 2755.37 4648.1 8883.12 
9124.87 1521.27 6533.57 3677.43 3504.55 
9408.51 7337.76 697.272 874.836 8522.11 
7606.97 9659.21 2334.46 6211.78 3974.08 
495.157 840.272 2746.88 9498.37 6060.21 
3032.51 2127.66 1893.83 7340.92 2591.65 
1014.93 2406.82 2876.04 3770.29 7054.92 
1759.15 2895.14 8576.18 8292.71 6572.57 
2080.72 7701.2 3910.32 2777.99 8576.04 
2432.41 384.945 8235.23 4766.87 6596.72 
2209.29 5262.03 7437 4956.17 4760.38 
3497.19 7988.68 6888.04 5391.02 5329.58 
9479.68 6405.94 7736.4 2355.71 176.22 
4791.3 4114.85 3071.36 3367.47 2407.55 
9643.93 5448.19 108.74 3554.23 8226.18 
8684.78 5986.64 8611.13 6919.99 753.493 
5207.83 9129.29 6015.52 2644.81 4085.44 
775.879 6142 2074.1 7663.92 1533 
7403.68 7143.59 7938.95 5140.06 9499.29 
8115.17 9931.36 3614.13 1186.51 3298.81 
6021.68 830.423 8746.99 6130.42 4384.65 
6973.16 4815.19 371.275 5584.27 1735.16 
1124.77 792.085 864.435 7140.29 3436.9 
4949.87 7916.17 9578.9 7023.97 5580.07 
1111.88 4427.64 2723.64 9050.83 9567.7 
2222.91 7165.98 9499.04 5837.04 8352.49 
2797.83 1858.71 9182.91 1544.81 7989.13 
3567.55 8517.97 2804.3 3938.82 4102.22 
4539.47 5063.59 4894.3 5403.9 2203.86 
8331.2 353.758 120.011 7910.08 7377.73 
5700.08 9021.96 1805.35 8423.71 8072.78 
1373.03 646.61 5238.74 872.058 6483.65 
3591.21 3669.89 8342.36 2774.11 5214.7 
6331.47 6341.66 3732.65 9135.78 280.462 
7834.86 3675.22 5344.05 2729.15 9079.12 
7547.91 1060.33 9432.88 7667.92 8970.41 
6810.6 3367.99 7992.36 8615.95 1791.68 
6065.12 9988.98 2438.29 1303.84 861.024 
8921.94 4895.06 4530.91 7264.29 7669.16 
9745.61 3595.74 4010.8 3478.24 2731.5 
4291.26 1313.08 6406.73 9635.32 4042.23 
5485.84 7183.21 5102.56 4918.7 4851.12 
4072.96 1729.28 8219.11 2065.3 345.214 
10.774 8130.42 334.181 2449.07 9434.26 
1195.21 1370.99 4329.3 5726.12 8635.28 
1998.44 5471.71 2231.01 6009.25 8949.95 
4962.51 300.495 263.014 1369.22 9935.81 
4305.25 6855.06 7119.01 9407.81 1773.74 
1970.11 3480.75 3503.03 189.205 5546.05 
3848.24 199.979 3676.45 4182.42 2649.05 
3110.69 5377.63 4020.04 7439.99 1103.73 
2655.31 9438.44 6575.44 4886.32 5447.67 
5525.37 9848.83 5748.16 5788.38 1218.04 
5683.96 93.6098 8073.1 2802.95 9501.42 
9846.84 4773.06 2982.15 3349.85 4962.27 
8528.2 7198.09 5162.25 2204.64 1380.5 
7811.29 5315.33 6758.12 1831.31 2755.3 
7861.85 4486.62 2193.72 4437.27 9372.94 
7641.39 9962.64 9221.75 3389.53 5751 
439.772 9073.49 5844.61 8512.87 1876.42 
5346.01 8359.7 6649.48 8328.17 1709.53 
1611.73 6856.35 8907.62 6773.98 9060.99 
288.1 4585.25 4376.3 7046.22 6416.57 
7131.6 4908.06 903.171 9325.33 9345.33 
276.092 6966.7 9307.94 9497.84 356.211 
5058.93 9937.62 9429.7 903.519 8450.47 
1306.1 6249.53 6810.15 7955.58 4577.68 
8519.68 9567.32 1434.01 7427.28 6341.28 
494.981 7715.38 926.511 4871.28 4761.58 
7343.08 2002.86 9669.64 8246.25 1328.17 
9014.95 8522.34 8294.87 8322.88 8020.17 
8651.08 3381.79 7957.76 8080.76 4285.3 
6408.22 9386.87 534.819 3218.35 7342.43 
5112.5 1738 6909.73 6546.51 9165.28 
3250.99 7041.49 6880.65 4177.5 1912.75 
1642.21 1520.56 3915.62 1311.84 9766.81 
5243.79 326.768 8289.13 3538.64 8649.64 
6309.28 2189.7 2031.41 4267.03 270.45 
6316.72 675.226 9657.31 6851.54 3893.57 
6999.73 1964.02 5631.57 3909.44 8510.52 
4796.84 7160.43 5552 1677.47 1337.91 
7464.75 3319.68 2858.47 1380.35 4631.52 
2625.26 6624.13 4958.28 914.37 162.757 
3607.91 7223.65 2352.46 5639.32 1490.66 
2622.91 1956.02 2165.89 2280.21 8807.56 
6059.46 9279.94 771.556 1691.01 3189.36 
9282.08 6487.85 349.774 4834.06 8165.32 
1687.68 2298.79 1484.99 4546.15 3679.13 
6116.5 7171.41 303.249 1074.77 8085.78 
466.006 4682.68 5309.41 2818.47 321.986 
6800.07 5441.38 2278.01 8965.96 7721.59 
1085.55 5025.4 7001.51 1857.11 6716.41 
190.857 1139.17 3204.25 540.63 5973.23 
1369.55 2228.31 8272.01 2854.54 6774.46 
1951.13 8971.04 3945.86 2254.38 45.7942 
2031.62 2720.38 4728.47 7341.03 5538.85 
5050.46 4141.09 980.215 7328.47 3107.03 
8701.8 8414.02 8132.42 5703.3 271.106 
4848.82 5894.16 1410.27 8053.06 6434.79 
7383.5 9422.62 8663.1 5655.5 2277.14 
5437.55 7606.62 1248.16 9383.4 9861 
1293.96 1415.01 2581.37 6022.43 8756.04 
8120.22 1072.88 2897.11 9100.44 8401.34 
6004.14 7802.22 6815.34 4136.54 3505.51 
7086.45 8985.36 9399.66 8496.72 7038.41 
5834.43 5880.21 6461.01 4497.51 1535.68 
8738.15 9935.06 9142.31 9986.31 9318.45 
9003.29 1280.25 733.44 1584.65 7302.69 
9489.48 9704.87 8375.56 2386.57 8805.29 
6776.89 8390.71 6607.5 3592.22 2527.24 
112.984 678.651 1512.58 9512.65 9175.38 
8550.99 5347.06 5055.56 5011.98 9844.57 
6591.25 3750.11 9779.62 5733.54 3736.4 
9098.05 4736.82 5016.66 9831.49 6321.46 
2319.33 9320.95 6026.31 694.874 1707.51 
4831.58 7471.76 98.1996 1439.06 1063.96 
2625.44 1552.05 1742.61 4138.02 1064.68 
917.972 2688.99 6411.74 5973.54 7700.96 
6256.29 2564.77 1451.06 6035.89 8298.3 
5187.46 5133.92 3035.1 204.104 4965.39 
9356.57 2523.43 4286.32 5382.86 3218.31 
5993.83 214.43 690.052 6092.03 1653.49 
1754.02 8717.46 3205.54 3496.63 2855.46 
4270.22 4414.6 5544.45 681.936 388.121 
3245.4 6938.23 2952.89 4696.46 2974.1 
1251.17 9883.92 8108.02 4286.28 88.0045 
3073.39 3642.82 2611.44 7359.72 9025.69 
5829.74 3353.53 9240.12 6519.79 9445.56 
893.594 8273.81 8163.01 4099.13 1770.42 
1018.45 8369.35 6185.03 6562.9 9051.29 
6573.15 9808.3 5989.5 9526.03 4504.74 
8963.6 777.19 4388.64 7071.6 5063.47 
4476.65 144.974 8706.29 7088.08 7504.69 
7731.96 2917.81 858.2 6972.06 9437.6 
303.74 7865.65 7711.39 8466.75 1964.77 
9481.82 9485.2 334.107 5666.83 6048.09 
9385.39 2239.95 5856.37 5374.87 1765.97 
361.095 4338.45 2543.16 4749.74 1410.04 
7606.63 9226.38 1555.01 6312.9 6314.45 
9059.7 4044.84 9232.26 9917.9 1016.89 
8669.84 221.621 8882.54 6381.22 8688.37 
847.295 5863.02 8173.55 1181.4 1529.83 
4221.62 566.779 3769.78 77.9729 5941.65 
5535.75 439.068 280.091 8078.91 5188.81 
1690.13 5685.52 4415.17 3245.14 1998.4 
729.605 2304.82 6043.25 9961.86 2222.7 
7060.13 8631.69 2444.32 5942.66 5012.89 
1132.67 6789.95 875.888 9306.22 7971.35 
2405.71 3527.82 8538.13 6175.5 3605.79 
4479.77 1711.23 4044.86 4759.86 9790.14 
9233.67 6449.99 5475.64 3648.82 9695.12 
7474.05 4378.43 1999.92 3517.28 4340.27 
4222.62 577.393 2971.94 6666.94 6520.05 
7984.83 7799.61 3309.99 8860.72 7105.81 
1281.32 1266.41 633.613 9819.46 7441.91 
4239.41 4299.21 9153.14 8284.27 9059.07 
8943.26 7517.92 5509.05 4418.89 1166.72 
5204.15 1892.92 5545.15 7204.08 5410.19 
9885.42 1426.68 5987.59 2857.34 8093.62 
2507.62 842.156 5893.21 5817.6 9702.87 
2999 7098.93 969.27 3632.62 6918.37 
8411.18 7872.02 1217.56 7564.3 6156.28 
276.62 6507.54 3674.18 5785.67 926.415 
4840.9 989.803 2819.33 386.032 8193.88 
8229.53 271.436 9620.56 4217.1 3128.78 
7714.17 6724.72 3970.94 3607.36 2542.3 
3673.79 6606.37 9641.23 4643.06 238.966 
6559.58 3054.23 8110.99 7777.14 618.508 
4267.25 8053.76 7126.05 7941.43 3839.41 
8052.47 2782.31 4829.22 871.784 3168.34 
3023.08 9101.31 3439.78 2643.63 3318.39 
6568.56 357.775 43.0881 539.476 3965.14 
2585.39 4213.27 571.484 2226.6 8856.33 
810.45 8786.19 1910.54 8921.44 6563.31 
2529.05 3188.67 4617.06 9655.1 1130.08 
8456.47 7707.55 3912.39 3285.67 8579.34 
7080.73 6308.75 7680.63 520.487 8952.38 
999.003 7089.04 9310.15 1042.09 7628.52 
3275.27 3627.48 1841.77 3846.76 5854.09 
698.087 4657.21 4640.25 2608.63 3578.63 
1203.55 5137.68 6767.3 5820.61 4792.76 
7897.39 4277.07 2500.3 1809.76 7562.74 
1079.62 8890.49 3871.47 8760.25 9410.97 
2823.84 9759.25 6500 2133.98 801.324 
4128.5 5409.25 4428.81 5970.27 9256 
282.875 6668.36 3913.19 4923.13 9276.99 
7491.82 6126.68 4414.65 4259.11 1947.27 
9207.41 2156.48 6224.34 1707.69 3966.24 
3787.06 2787.31 2856.71 7658.53 1547.54 
2267.66 482.353 1306.77 8767.66 2616.33 
2108.09 2896.15 8025.58 6536.9 8866.42 
7281.56 6819.77 5534.77 1194.74 1742.88 
4811.74 8686.56 7869.56 9226.39 2945.66 
9816.83 8433.78 5102.14 6041.15 141.454 
9068.37 9828.21 2928.76 1925.06 7486.72 
4476.3 4192.72 7969.08 5783.07 2960.37 
585.388 7891.16 5856.51 8610.96 4428.04 
4722.92 5892.51 1247.79 257.668 7087.25 
2990.68 5069.41 5773.8 860.223 4295.78 
8719.46 677.04 2729.54 3821.58 6718.19 
2871 2889.93 6546.39 5799.76 4814.99 
4033.09 276.036 9007.71 2002.15 6059.1 
1968.06 2587.54 3950.24 7824.57 1198.49 
8378.28 2547.47 7091 9626.07 2805.14 
4178.24 2616.73 7874.55 9952.04 3476.96 
2170.31 8671.48 4154 4899.85 2493.03 
872.172 7770.85 5382.96 7418.56 3570.59 
197.937 1451.63 3846.62 9205.65 3453.79 
9905.72 1173.69 6041.33 3855.95 8998.26 
7239.82 2234.21 1545.72 4330.8 1860.27 
4350.86 8509.04 4477 2225.39 8461.06 
7953.96 4395.7 7132.52 2107.94 9295.56 
9625.55 2980.11 7066.39 5008.5 398.649 
636.957 5206.44 1850.28 4483.58 4412.06 
5304.07 4389.29 5585.75 1345.38 8245.24 
4584 8585.2 479.431 6129.72 2915.98 
2339.7 480.56 1425 6816.7 2705.95 
9886.06 4770.64 7101.66 7018.56 6878.57 
6397.2 6644.1 9858.68 3463.57 1652.58 
257.312 4100.52 6859.01 2107.59 8584.1 
1271.06 7411.66 2973.37 6856.81 8757.04 
1218.59 1440.79 7342.23 1698.02 7570.51 
258.192 4037.72 8051.07 1683.2 854.402 
757.006 1569.24 5625.04 7858.66 8587.8 
2503.59 4255.84 5231.88 2362.26 7719.41 
6884.46 2619.57 1819.91 3743.46 4727.16 
404.001 5014.52 2138.81 3377.38 1871.31 
895.836 4595.97 3312.11 8238.06 6293.99 
882.601 8496.25 331.699 8933.67 179.434 
1186.1 9690.68 1748.68 6811.14 7549.32 
336.463 9314.73 1805.15 5568.35 1676.97 
9524.56 2452.79 4296.54 1344.45 6196.24 
9023.7 1748.45 1210.74 1162.5 5125.83 
3082.06 2058.33 9721.8 6394.16 296.376 
6015.77 7276.77 8792.63 6347.47 6210.42 
8972.06 7533.58 5901.08 720.723 4344.7 
3450.38 1057.19 3659.41 5255.53 6625.53 
5336.39 4780.07 9078.32 9632.93 6124.52 
5274.55 8656.62 7872.97 6485.29 9819.11 
2998.78 9567.35 1877.43 2720.56 5961.49 
2173.8 8736.34 3238.24 966.415 5083.79 
9448.66 9938.48 2617.35 5349.72 659.185 
6962.05 8800.11 1716.37 621.449 4055.62 
8341.9 5957.84 8835.69 7420.21 5590.75 
4960.19 2694.74 4247.35 2833.15 9180.03 
4066.45 5831.94 8747.36 5943.87 8552.5 
4708.83 8117.68 7288.82 7947.08 9084.09 
2372.6 7395.72 9022.55 4989.95 2745.42 
9681.74 1951.99 1545.51 1398.09 2573.44 
5601.13 9739.99 8531.27 4436.8 7160.18 
4122.01 9397 9854.92 8369.36 2230.13 
9034.93 2435.79 8062.07 7782.27 8379.66 
6614.55 2491.08 6497.32 3903.35 438.142 
5581.39 6275.95 7833.86 4603.93 1265.89 
579.267 4285.65 3217.88 2124.78 5683.74 
5791.31 7725.91 5423.71 4322.57 2162.7 
2583.88 8444.57 1559.68 2438.78 6813.91 
3789.81 1473.69 9249.7 1851.85 9255.96 
7629.34 8466.4 1747.03 4126.64 2369.74 
2185.17 9708.03 8645.69 19.0133 4311.94 
9911.58 598.28 8597.59 3129.44 2723.06 
4281.31 8920.75 448.952 9705.02 3243.3 
2611.65 2288.88 1687.85 4171.32 4727.66 
8501.77 7961.13 6201.36 7751.45 9812.98 
5457.3 5380.77 8279.37 7204.33 9507.41 
649.091 9389.5 9215.42 9294.78 9408.51 
3527.35 9206.35 6.77322 2124.92 2335.77 
2729.83 6406.23 1256.51 3178.78 6111.23 
4499.81 5790.43 8400.11 6187.66 9961.75 
3127.76 4689.41 7922.87 9329.12 2440.84 
7735.83 4786.4 7821.61 6015.18 1990.71 
7329 6664.28 1380.19 6544.41 5959.04 
788.682 71.7433 5165.38 795.456 2196.66 
7501.15 3525.29 8602.89 8757.65 6704.07 
4714.1 3257.44 2494.49 3114.2 9445.1 
2456.23 6241.96 4134.5 379.075 5571.06 
6575.34 8114.91 357.439 4396.93 4130.07 
2348.15 1725.92 794.334 3728.34 8270.33 
6753.38 4517.02 8342.07 1918.74 5312.48 
538.719 9419.88 8837.76 9141.61 8177.52 
5541.82 3855.69 1434.94 8036.31 6969.89 
880.031 492.514 3211.83 5014.53 871.589 
8782.88 1589.85 8986.5 9140.32 5986.78 
3116.55 1488.45 7712.7 3910.89 5216.79 
5983.01 664.249 9733.81 4325.07 2582.98 
5046.27 4863.79 2002.85 3884.02 4005.38 
180.352 9425.84 7861.07 1615.3 7462.13 
4830.94 2495.33 7954.64 8042.76 7509.86 
8826.23 6825.63 9099.71 7812.71 5965.93 
5086.47 929.251 7454.38 2799.15 4840.14 
2671.16 8782.16 5504.39 2404.96 3107.22 
8087.37 7451.23 7971 90.2043 1335.23 
1976.37 270.557 761.056 9837.43 1885.85 
8223.19 4668.35 4381.18 6177.81 2711.1 
1891.02 5004.03 9536.72 990.71 2816.72 
5502.63 6077.18 3745.98 2957 8876.33 
8586.12 5628.16 7658.48 4090.49 8033.12 
765.675 2177.84 5484.33 8736.68 2268.04 
6819.56 713.028 2538.6 7580.62 550.444 
4424.46 5803.78 5218.79 8805.64 1981.58 
7929.89 696.642 6985.61 7466.6 1687.35 
9802.33 2969.21 7764.53 3548.29 5926.21 
6640.84 2134.39 1554.36 4299.3 6224.88 
9587.47 5064.98 8402.72 5071.78 3801.64 
670.744 1891.33 4514.67 3209.35 9471.94 
5065.11 7633.8 5275.71 283.891 6439.42 
7257.29 8213.78 7136.06 4242.88 5680.36 
8823.41 4045.2 8649.57 6587.93 7593.49 
4575.77 3228.76 9727.88 6130.13 7528.06 
5952.74 5717.58 2593.02 4355.44 789.35 
6394.66 5026.19 2680.68 909.314 8235.53 
2152.6 5974.43 5869.31 7428.31 6258.32 
2308.72 4685.59 4472.08 9444.78 8928.47 
152.426 8268.18 2973.65 8802 4856.09 
567.127 3377.75 8084.84 294.993 9507.88 
5612.89 6247.74 5225.45 8205.91 603.161 
6014.8 4600.55 5629.35 8695.47 5509.86 
3864.86 848.06 1484.27 9734.17 8276.37 
7742.59 2042.88 2961.94 2214.66 1487.64 
1890.39 2367.08 9755.82 4864.05 1169.06 
4611.89 5431.17 4546.82 2696.72 5726.17 
4054.68 8309.6 1973.89 9280.13 6515.49 
2577.05 5294.91 1116.02 8206.39 3990.37 
6625.89 2071.24 4838.43 8110.16 1805.39 
3114.78 5852.73 3848.27 6076.73 8067.39 
5335.91 7967.12 434.456 5091.71 2831.15 
1603.52 9703.6 8262.32 6150.34 2400.29 
3988.47 205.002 709.878 5962.36 9485.13 
7225.37 8539.41 4780.02 8341.39 6745.78 
8770.39 4967.26 8817.02 3608.8 3077.4 
622.398 6723.58 8930.13 4470.67 2800.29 
6997.51 9806.58 767.392 7431.96 4898.27 
3598.54 9035.48 4601.85 1860.85 5185.81 
7002.14 5849.32 5390.81 7712.02 1811.67 
4875.92 4937.37 351.059 9655.94 3278.74 
7096.84 8426.31 8246 5913.85 2035.1 
1323.38 6536.25 8758.68 253.502 1006.9 
1558.95 7251.01 813.457 2326.34 4682.96 
5711.73 5924.88 3718.42 313.554 7785.73 
8904.23 7315.69 3635.04 4295.02 5027.7 
5446.71 9170.94 9965.06 5797.77 8826.87 
3243.79 2894.59 7253.16 1489.77 8808.44 
9288.26 2813.16 5344.67 8046.92 3066.66 
6351.57 9605.87 317.651 7165.02 1932.19 
5000.61 2876.73 7857.08 8719.03 3190.28 
5642.79 7623.24 505.962 9277.83 1918.25 
5533.66 4724.52 1089.17 5498.7 522.275 
9916.03 8742.49 3416.87 7169.18 232.247 
2225.29 6457.42 3045.4 7569.96 4504.33 
6112.06 3921.51 4110.18 6429.71 1086.51 
6042.37 1430.3 3963.25 3899.43 149.319 
7153.53 9542.23 7772.56 7659.49 8820.04 
9690.81 3193.13 3544.55 779.959 8691.84 
4066.82 695.976 7434.31 7483.69 7865.16 
7666.56 9708.98 4322.56 711.946 7278.93 
8826.89 6824.01 1200.42 2937.05 3253.7 
2286.93 8979.42 4684.01 6250.18 2878.84 
4833.33 3403.69 2421.05 2605.87 1063.17 
1241.07 2296.66 4256.3 4785.62 3076.62 
2948.12 8852.45 3772.6 382.416 6336.12 
1637.74 8048.98 6045.09 5960.3 8760.92 
3324 4787.18 5584.91 4524.42 7724.23 
8838.61 6811.35 6703.64 3522.6 3061.51 
9582.48 8355.93 6465.2 2003.51 961.784 
7528.37 3244.58 3258.45 1784.65 8030.21 
6335.07 4732.77 6882.64 107.645 5115.19 
3218.74 1745.38 3164.15 9263.83 7705.68 
1925.05 2587.81 2492.84 7509.96 7112.23 
217.057 6348.56 3923.56 6920.69 9871.17 
6985.07 6503.16 8227.08 3450.26 8506.67 
9188.87 978.61 1751.23 2447.29 2763.26 
9781.44 8782.36 7496.04 6664.05 8890 
2611.21 9882.79 635.369 5775.36 9146.61 
8341.05 7700.42 1734.4 833.88 5210.36 
8846.63 1050.94 1558.91 2770.17 7971.63 
1430.06 9755.24 4474.77 9657.14 3205.48 
2981.42 8845.99 4184.09 4732.65 1293.26 
6947.36 4514.07 75.6063 4443.38 1178.1 
8965.61 7054.59 1060.88 9600.98 2829.94 
207.473 7942.01 530.342 1941.88 8775.89 
5740.71 788.489 9826.83 7299.62 3558.66 
7798.44 8729.68 3313.89 2273.2 8386.8 
6519.37 5254.61 7232.77 703.452 9987.26 
8526.04 7650.81 4501.31 8601.64 2094.17 
5679.41 7567.24 9148.77 6740.29 7168.2 
1978.69 6947.77 5110.2 2509.04 8889.64 
3886.07 8249.74 9678.13 3712.89 5549.34 
3236.78 1511.31 4279 6550.67 3784.51 
2665.79 3070.03 9039.12 9898.56 3773.48 
9026.37 8424.58 1424.27 3527.66 7026.21 
3518.45 9207.07 4593.43 2667.2 5947.35 
1761.61 4645.89 2895.1 6871.81 7154.93 
1784.72 757.864 5404.65 1462.84 4470.75 
953.98 4699.62 5982.06 5232.98 1250.27 
9766.57 7898.77 4320.29 8805.68 7797.32 
8093.77 7832.02 6221.88 9518.04 1359.66 
3248.08 3036.47 566.718 7841.51 5703.67 
6514.06 9603.12 349.546 9409.16 6474.91 
7504.47 1193.87 7232.78 2909.11 2656.71 
1703.51 3863.09 7356.33 7685.57 9096.08 
8606.59 7452.13 6994.83 2926.87 6257.79 
4792.13 1020.63 4089.79 1013.99 538.654 
5449.46 4262.07 3575.13 6016.18 2103.56 
9278.8 2530.22 1706.66 9628.34 1939.37 
8181.57 7132.8 3133.24 5414.33 41.8948 
5789.95 7117.84 3904.99 3146.25 4803.4 
3001.04 1752.83 2255.51 9995.87 4679.7 
8513.29 4787.99 5700.33 2603.07 5801.98 
6238.99 8052.53 64.03 9814.11 4068.69 
2167.59 9092.89 6598.91 3874.25 8721.21 
8538.28 2055.81 5854 1671.5 7470.14 
5895.89 7461.45 4587.97 9800.88 607.682 
9391.36 2801.91 2360.51 1646.85 2797.76 
7040.22 160.129 7585.75 2740.53 2763.2 
3387.71 8979.52 815.708 3451.74 8793.61 
4884.39 5619.33 7886.48 1483.29 9493.58 
6607.68 21.5498 1549.37 2461.66 1693.05 
9019.51 8357.55 9154.5 3607.46 8158.42 
9762.18 2998.81 960.307 2122.67 4645.66 
3758.07 9162.89 4805.79 1343.8 1903.41 
7568.99 4731.52 882.905 8384.7 8183.26 
9676.52 3269.07 3802.57 7562.98 4752.36 
3296.13 4170.65 4773.91 4845.5 6632.31 
6466.96 3865 4989.85 5621.44 7472.46 
3148.25 5383.6 471.247 4108.56 7506.27 
5116.91 7866.63 6669.15 9922.7 9210.43 
8572.55 7491.67 3941.93 9455.46 5876.35 
2125.17 9131.96 9145.42 5927.74 6694.92 
3897.77 9223.87 865.554 8671.68 4069.36 
7497.87 5138.62 7934.36 2487.7 760.043 
5406.8 5635.95 6143.64 5878.05 9744.5 
3649.9 994.936 7611.11 319.025 917.615 
6821.53 8891.58 8409.28 763.443 8347.02 
4285.61 2888.61 7478.96 3431.02 8816.35 
4173.86 7328.78 8040.21 5039.42 6000.44 
2109.55 2537.26 1139.04 43.895 5024.96 
1899.09 5450.69 660.891 8042.73 1328.72 
405.376 1692.61 2323.66 8016.49 2011.63 
3241.27 4838 903.193 1650.54 5601.45 
9250.21 5936.15 8490.06 6729.15 9367.17 
7306.4 902.99 6695.93 5346.59 5942.4 
2696.36 7456.15 8479.67 3835.4 7500.04 
3504.61 5734.49 2950.72 4165.5 3777.2 
4279.44 4570.88 5469.81 6603.1 2587.35 
7481.44 9844.37 7425.35 8384.63 1494.89 
3026.78 7634.83 7431.04 1516.83 4363.95 
6798.19 8823.22 5266.94 3494.11 4169.8 
1209.33 6190.46 1625.93 9689 25.8455 
9125.97 3193.6 5760.33 2076.67 7359.1 
9537.53 6356.11 1929.96 5007.32 2959.19 
4517.31 2488.75 2803.54 1942.65 873.364 
4298.43 4969.43 8508.19 1729.45 6486.26 
2872.13 8527.64 5309.47 8139.07 2021.73 
9479.26 9348.4 8212.19 1105.17 9037.39 
8238.04 231.124 2230.96 3998.36 2307.79 
9590.06 3535.87 8663.9 1520.01 8543.2 
1623.07 6037.32 1031.93 4426.6 7979.97 
1905.29 8725.03 2949.39 413.462 454.467 
9435.65 3285.59 8982.11 4745.1 1424.64 
1003.83 4224.34 773.028 9216.02 5329.52 
9810.41 7454.04 5560.64 2041.36 1452.38 
7868.43 1631.41 4988.26 6532.32 3151.41 
3531.43 8155.38 9188.73 4563.36 2581.97 
7168.68 6468.65 1306.99 118.051 6882.11 
1761.45 9553.7 167.685 743.545 4298.78 
1592.33 1747.37 8523.12 2365.36 963.374 
3852.62 2175.75 8417.42 9413.27 4217.11 
9869.8 7281.68 5848.52 4858.04 3813.98 
8999.93 8389.48 1969.35 8188.64 2952.82 
4551.32 5357.31 9421.47 5858.3 5475.36 
6303.57 7619.76 5029.04 6471.25 8363.3 
9327.82 8063.58 110.655 7850.92 428.919 
1074.03 1703.53 2604.67 9491.45 1116.78 
6821.78 9361.23 8398.46 2670.29 4219.26 
2212.42 1670.2 2608.72 4181.77 9858.84 
5561.54 8733.09 5216.13 4982.99 4591.38 
691.467 1286.54 2211.12 5720.5 7757.79 
574.403 5048.3 5821.35 685.058 2899.21 
6250.27 1759.09 4602.73 8854.95 1250.52 
5719.51 5676.71 611.734 4117.95 8347 
4830.99 6330.37 17.1804 7439.71 512.13 
9876.02 3001.23 9245.22 5092.13 7984.22 
3836.58 5783.6 9270.76 6047.7 1504.08 
7028.54 6622.1 6552.39 2849.87 7307.16 
9451.59 9100.15 9066.25 4054.31 7955.08 
316.75 9773.82 3631.77 928.484 3891.75 
1978.75 5759.48 222.113 1995.93 3199.17 
734.243 1871.94 6200.4 9979.46 6964.07 
4184.6 3816.03 2747.65 3455.34 9863.73 
4251.73 483.859 6485.82 804.1 3333.73 
3792.96 255.677 2433.86 2859.2 4309.99 
388.92 3175.95 4083.79 4020.69 4104.43 
7975.55 5999.44 9863.9 8197.66 7995.38 
3063.05 8931.9 9867.31 9263.45 8911.35 
6831.36 3448.03 2727.36 9579.01 6903.37 
2591.08 3830.72 7387.23 9076.9 4634.82 
720.944 2869.84 4890.5 3154.81 5729.04 
9200.49 3543.73 8904.98 3284.26 7564.42 
3009.4 1259.79 3563.84 2873.29 9457.45 
1559.21 5936.34 8389.34 1426.5 5199.77 
7300.67 8257.87 8647.8 28.0165 7836.86 
5551.16 2619.09 1667.57 2938.37 1695.97 
6302.39 3659.31 4565.82 1192.87 6814.12 
294.84 393.341 357.828 9199.82 3677.6 
7922.24 2209.21 4937.4 1486.07 5082.49 
4394.83 3045.28 1018.81 2784.16 4471.78 
6218.59 84.8097 2729.63 4866.37 112.826 
566.474 417.511 2731.92 2234.04 3355.88 
4427.89 8536.43 7015.19 8993.71 9729.3 
3829.3 9288.55 122.621 4187.12 8488.36 
3800.23 2109.35 697.546 8737.62 3595.42 
5780.04 3132.44 6640.7 6798.85 5916.6 
1112.46 3017.42 6001.41 3842.09 7883.79 
6114.23 4408.57 8301.3 8846.15 6642.61 
1657.16 3274.03 5179.02 8672.36 2267.72 
4908.3 2501.64 1556.26 5030.92 6688.76 
44.5959 8831.15 8798.11 742.142 7568.75 
2393.51 6522.18 701.176 9034.21 3321.01 
6617.77 146.659 6338.43 2619.16 3988.75 
4222.2 8733.39 8397.32 2523.48 7579.53 
5039.91 4180.64 853.54 218.915 2852.98 
3121.26 5127.21 5354.62 4677.52 158.118 
2043.36 4722.11 8989.26 841.451 5464.25 
6558 3234.96 1986.42 7259.18 2269.16 
5307.42 3876.93 2415.82 1645.83 6496.09 
6404.57 5868.03 5229.47 4801.88 8391.51 
2808.98 9841.79 2572.14 3662.52 60.6873 
5425.12 6783.78 5187.9 779.719 1461.28 
5346.02 2823.08 6183.4 4335.27 3664.53 
1647.64 893.25 6899.49 3634.05 8152.43 
9168.65 8941.48 2029.34 1584.46 587.292 
8525.44 7989.03 6455.32 3754.89 2790.89 
4846.82 6563.87 2632.66 7418.95 226.374 
2693.35 2844.06 7010.16 7881.25 3623.78 
8471.44 3227.25 6446.85 4654.82 7562.52 
111.364 6302.46 8455.77 7010.86 9936.51 
6608.18 6179.49 8877.97 8637.52 7763.95 
9465.26 7162.94 5752.96 5920.56 917.809 
8543.85 767.365 7481.68 1176.49 8186.32 
7708.05 3869.84 1030.36 4718.19 1751.07 
4654.13 3189.62 4978.32 1100.97 7844.44 
2540.82 1212.33 4146.88 996.575 8223.19 
4083.37 7604.75 4402.67 2961.32 6242.26 
2166.6 2426.56 3405.18 7919.56 8347.12 
4322.99 6463.39 9114.49 1804.65 7639.88 
7300.79 9512.7 1509.71 8331.15 4230.88 
3260.78 2985.27 7420.49 8239.1 4086.24 
5264.92 779.909 5298.57 9411.79 1776.48 
3521.74 3495.15 9381.24 7924.41 6456.47 
5623.48 90.9952 8883.02 9028.65 8010.56 
7230.13 3351.62 4473.93 6344.6 5156.27 
2113.8 3645.38 4668.95 3623.51 1976.51 
8899.83 6884.29 4961.78 6320.31 5123.37 
9048.02 1585.2 5903.28 4346.57 996.983 
7679.76 7868.31 4492.13 7060.98 5792.71 
948.579 2684.44 5883.7 9831.6 1713.08 
3894.24 7061.72 5064.7 8368.17 3406.3 
220.95 481.956 7051.68 4889.9 4105.46 
9028.19 3789.71 989.731 3989.96 110.001 
6113.1 3037.96 1695.21 2016.36 7384.52 
2692.19 9696.12 5252.82 7184.32 6757.09 
1045.51 8132.9 9441.53 6929.21 7964.48 
1154.59 823.439 5026.19 6219.29 9191.61 
8432.49 6440.24 9673.57 5484.16 1330.13 
3779.01 4512.33 5119.84 4768.75 8502.29 
5229.84 881.829 1540.23 6925.05 2898.19 
8924.75 9617.24 2594.3 4177.55 6801.54 
9351.39 5223.06 4934.42 8792.91 2152.26 
2898.89 9947.5 2975.7 7925.07 6166.78 
2167.3 6357.55 2607 1840.85 1841.69 
3937.13 5619.86 6354.02 9056.97 388.59 
4856.29 4286.8 1270.42 6396.52 1211.83 
4168.61 5321.26 829.054 6762.91 9498.81 
7630.59 6114.28 4721.86 2565 4907.17 
6874.12 5463.89 4854.66 9849.82 3388.94 
1021.42 2017.1 9746.49 3628.42 3857.95 
1588.16 7565.56 9477.81 7942.18 6622.51 
9866.4 2798.46 909.298 1136.8 9194.98 
2121.13 5305.41 4516.22 2950.18 2068.3 
4015.01 580.761 8182.59 8736.87 3145.76 
3089.74 5610.98 8609.64 7944.4 5460.78 
1998.57 8965.82 7477.88 1745.04 2594.23 
1335.81 3333.2 159.766 813.606 1275.37 
6782.28 679.989 4073.83 7691.58 1816.79 
3268.79 9812.71 7122.2 7785.01 2762.88 
9190.51 1800.01 3343.64 7373.08 536.865 
6489.4 462.806 6147.84 5099.02 8407.21 
1608.61 7097.6 7373.01 9086.49 8842.64 
9967.24 422.289 2175.83 126.987 1235.9 
3451.2 6909.27 1915.88 7525.02 4600.83 
3732.68 793.794 4413.52 854.863 8578.8 
7176.4 45.3549 378.792 520.019 7418.43 
915.657 7009.42 7881.24 7063.5 2108.42 
6288.43 8672.11 9206.02 3661.42 7758.59 
8048.64 3628.65 8180.88 224.454 3755.63 
9416.77 3675.65 664.882 1332.64 1200.65 
5265.71 5065.31 1994.45 9679.23 5920.18 
573.233 6855.61 5965.53 952.025 7375.63 
3383.95 1867.68 4385.03 1265.17 8931.18 
6493.45 7553.6 7603.28 5699.46 1215.01 
5361.84 3748.08 4843.66 3542.7 3972.54 
8599.29 2959.45 7648.19 9264.17 4292.09 
8848.84 4529.86 9357.41 843.27 4209.08 
5277.56 1416.5 1064.67 1243.08 2368.53 
8440.3 4627.03 4236.21 2825.31 5892.2 
3167.38 9318.76 3445.79 770.635 5018.2 
4660.8 6132.48 8766.29 9504.45 9675.18 
2738.81 8103.72 2634.62 386.974 7367.88 
6926.71 9235.81 1897.72 6284.1 79.0661 
6106.8 1561.65 1495.57 7171.47 2804.73 
3864.1 5611.75 7431.75 8100.31 8437.07 
3323.94 1267.67 7755.81 6769.72 2038.3 
2774 1430.5 8170.78 1540.27 934.936 
7845.94 4279.08 9038.66 480.544 4666.05 
6406.52 7407.25 3901.85 8304.24 3691.34 
3980.91 4411.03 5252.98 5476.48 1582.48 
8057.71 9340.58 7194.24 5489.44 7440.87 
5631.29 8813.38 8708.53 3387.08 5583.09 
746.815 6161.08 7013.59 8917.59 7701.35 
7948.52 6763.52 1980.41 6987.16 7244.06 
6646.46 3393.67 4651.3 548.294 1697.89 
8342.64 4529.21 6108.92 3595.6 5.67156 
7691.4 1653.29 9346.25 4885.62 7142.74 
6787.1 516.892 5956.1 5495.61 3903.97 
1539.17 6242.43 65.0419 8552.75 5160.01 
7766.4 6501.26 1923.51 9746.81 3488.41 
9167.57 6393.26 6882.07 3818.86 6941.55 
8579.97 2161.48 1470.74 4688.87 5757.08 
1476.41 2380.25 7410.37 822.644 7265.88 
4553.09 7609.74 7782.77 509.178 3105.34 
1686.73 2048.35 9347.77 1751.77 601.086 
4507.76 9518.17 7102.35 6431.27 9264.96 
590.735 5598.82 5658.2 7472.81 9417.68 
2599.73 6052.76 1579.14 4070.47 741.608 
7336.21 5546.88 3121.86 4746.57 6369.53 
387.724 9299.66 3979.25 8170.49 9808.84 
7084.59 9857.22 1857.17 6432.35 1608.97 
2458.26 940.088 1127.12 9560.6 7371.35 
392.065 151.321 2970.16 6050.26 7624.13 
2387.82 8649.99 3676.87 3966.95 2720.45 
4418.48 1303.15 8267.33 7540.34 6049.72 
4636.84 7928.06 5349.36 8616.1 6098.54 
5158.19 5700.67 5955.74 7015.36 2133 
7564.72 9473.61 3073.09 8691.84 9034.2 
444.429 9083.91 9185.52 3414.59 5134.15 
6809.63 5802.4 3784.13 486.485 9769.36 
6504.58 4904.96 1072.49 4771.89 2445.28 
7122.21 9408.73 373.33 2471.55 8024.81 
6471.87 7629.74 3725.47 2427.6 4645.08 
5858.47 9992.31 4118.67 8931.56 8684.14 
3152.86 9375.99 7768.03 2338.36 2790.56 
2902.16 9147.99 8592.97 6686.29 9634.48 
8362.31 3190.85 4539.42 9434.79 7962.74 
6984.71 6556.98 7371.45 7358.04 9028.54 
5396.25 3829.89 6658.26 9121.72 6257.49 
1303.32 4980.17 6249.79 5422 3911.72 
4933.91 8574.85 3287.7 2701.92 913.197 
6078.26 5604.08 61.1742 4671.21 2290.35 
9695.65 3033.5 5481.2 4235.06 2468.28 
3443.92 1219.75 9025.27 815.354 8577.79 
8053.79 6211.6 2407.66 4712.03 5333.31 
8665.15 6015.35 313.462 4914.92 1437.33 
4225.18 9848.83 12.1619 7512.88 2550.73 
925.359 3591.13 8154.8 986.533 8262.34 
445.137 682.169 1295.83 5926.33 4917.23 
3764.11 9370.25 6136.98 2789.36 185.587 
4714.75 843.127 6397.19 7122.42 5555.16 
1730.48 5787.55 1570.49 2043.94 702.455 
3007.81 6269.13 551.266 3019.98 3781.99 
3101.99 3945.33 7373.12 1256.78 4931.87 
5635.44 1701.92 5614.04 6931.27 7628.25 
531.249 695.358 6998.48 6668.23 3484.72 
7184.07 1382.97 4327.84 3581.24 8505.38 
9883 5311.72 4292.92 1453.47 7355.67 
4995.37 4461.28 3624.77 5546.64 7481.26 
7406.76 8648.63 1426.57 4779.86 9905.41 
6358.44 415.289 1607.31 1972.46 7346.56 
9235.56 2503.71 8041.91 6234.03 9171.94 
1526.61 3418.08 554.887 5854.46 6999.33 
9060.27 5737.44 2311.03 3353.17 7190.9 
9666.7 8348.54 1652.17 3291.45 3895.17 
9133.42 698.201 2543.78 559.979 5478.07 
2449.18 6918.42 5893.35 4056.49 8890.88 
3239.89 3292.04 1394.57 1281.79 9526.07 
566.49 2808.4 2944.14 1121.38 8662.86 
9943.46 181.631 4400.28 2254.48 3534.8 
1591.17 1921.16 1883.33 3243.33 5212.62 
5778.5 2376.74 5910.82 8322.28 2936.72 
1388.87 771.442 9855.14 7282.22 4827.94 
8746 522.1 8119.98 140.552 1803.89 
7646.03 707.042 4612.3 590.152 1828.42 
3275.14 533.6 2010.05 7675.42 2788.08 
5544.85 9266.58 4709.25 7428.18 2509.9 
9921.86 3206.66 4886.64 5832.67 1528.92 
7823.36 7221.53 2300.37 7678.48 4503.74 
7128.3 6424.46 5025.84 5248.26 6565.02 
6829.73 2894.28 7272.06 1442.01 3484.43 
9100.48 4717.15 4018.03 1110.51 2392.55 
6806.11 6655.36 1659.12 1515.34 4083.53 
4169.02 1437.18 7290.19 9055.66 7269.85 
8819.11 6879.01 4491.37 1119.46 4557.47 
8995.11 8247.76 981.922 4020.93 3496.01 
7546.94 850.64 6390.28 4818.98 2292.65 
9874.71 3919.44 7009.8 3892.72 5029.96 
9402.35 698.815 1685.3 1061.45 2214.15 
5768.83 5230.48 3651.34 3059 4286.12 
921.171 1878.1 1165.12 5412.54 2997.56 
5722.59 4407.63 1245.31 6704.51 8428.55 
4741.32 4251.44 9279.19 1131.59 9070.42 
1571.83 1006.28 2989.84 8581.62 4899 
8019.8 7983.96 5597.82 9705.1 9045.41 
7811.97 5473.91 4275.87 1463.29 8532.92 
8562 2384.46 411 9727.11 7797 
3408.56 5449.68 2204.61 4653.87 2154.18 
633.144 9395.19 6405.62 9912.34 526.762 
5476.01 1484.15 1533.04 8465.86 65.7523 
6432.04 6485.64 8049.71 2029.85 6190.72 
7095.1 9841.82 1664.62 1370.96 1305.09 
197.516 9932.95 3689.55 608.517 9660.05 
1486.54 4017.08 5109.72 3691.14 8670.95 
7263.9 4324.29 8066.13 3669.49 4236.61 
8592.89 9145.51 5720.75 125.918 7611.35 
5786.51 6557.96 4096.97 3836.2 8587.81 
287.673 931.287 8429.61 1952.29 2302.25 
9734.7 2149.81 2235.18 3424.23 2758.32 
1895.22 4910.77 6775.4 7004.93 8601.91 
5446.34 4268.81 2926.19 3512.45 7938.31 
7162.79 2105.33 7083.8 2883.53 2231.25 
4695.13 8670.04 8789.21 8792.1 2506.22 
7377 9079.77 3437.51 5806.59 1032.05 
5739.75 5541.27 3181.85 7974.94 8965.5 
5940.17 9870.16 3876.25 2715.56 6875.07 
2478.15 8161.9 1143.87 5404.34 1674.34 
9082.17 2567.12 3779.66 6165.95 5450.65 
6010.91 861.068 4120.67 4800.1 9653.17 
6626.89 2177.09 8732.93 64.3769 7983.68 
9764.97 5804.13 3524.93 2946.81 3779.05 
2490.41 8886.98 3649.19 6366.67 1602.52 
524.243 8844.82 9764.42 1668.11 4249.14 
1438.74 750.264 6816.26 5218.41 6916.22 
2266.89 1229.3 7777.29 6387.55 6029.4 
7430.44 3014.42 8206.49 6163.35 3078.8 
6190.15 5928.3 8882.93 9715.08 8875.11 
2661.97 2205.47 7762.08 6311.16 8572.14 
9364.6 6835.4 7416.94 9129.01 8503.51 
1666.07 567.734 9253.77 8482.32 5786.14 
6169.97 749.192 7015.44 3947.24 7136.75 
3044.83 1377.66 151.153 1251.3 7541.01 
3229.95 7441.45 3469.3 2112.87 7156.51 
2344.39 4774.83 9361.98 106.453 1085.97 
7934.1 9471.06 7921.37 5351.02 8600.05 
6424.86 7017.09 9167.78 5678.62 5499.39 
4953.91 1848.57 6248.59 1969.33 5795.81 
3385.31 5014.16 7173.47 3536.47 6265.46 
4714.46 6766.42 3706.89 8183.76 8879.29 
863.377 528.137 3654.11 225.337 634.591 
4740.08 8159.44 105.63 2661.44 3510.44 
8705.68 9086.3 527.513 7873.44 4764.9 
6026.91 2827.33 6613.47 2275.48 4796.67 
2409.26 5660.79 9810.82 9582.74 9197.26 
6076.26 4297.18 5963.66 9783.15 2480.93 
4842.94 646.513 3009.06 8497.04 871.85 
3643.65 3237.11 9031.29 3749.28 5898.54 
2541.71 2454.95 4984.82 3069.22 328.374 
9749.72 9096.13 3155.71 6363.17 1371.59 
7952.37 8772.43 7032.38 7763.18 8355.15 
6229.62 3839.43 2652.32 2193.27 3622.56 
5133.24 7036.21 4269.08 8142.31 5533.23 
5140.93 1785.95 8770.34 4172.19 5535.23 
4668.86 6713.9 7990.18 9653.69 9783.12 
8318.55 9403.39 8879.24 1474.24 5766.54 
250.811 9426.61 4538.96 7283.19 7189.78 
2894.09 3512.8 1029.19 5546.41 5706.07 
4651.75 679.635 2742.26 8920.82 8821.94 
8275.5 4061.73 607.872 7045.82 8233.93 
6143.1 1714.67 4947.81 4133.26 1368.34 
4730.92 2451.8 771.707 3610.14 3926.04 
6538.25 3860.95 3352.64 1077.19 1144.13 
542.395 3971.28 4656.93 1571.58 9517.69 
362.984 6223.33 197.306 3105.25 5144.14 
9019.25 1380.73 9205.87 9627.12 8426.55 
7439.78 5770.21 141.196 2387.57 9903.47 
1509.53 7118.49 2355.25 2281.24 728.614 
6281.29 8819.49 4589.56 9633.92 9896.68 
5733.69 176.303 3867.94 390.603 1747.88 
3385.61 753.587 7971.21 3582.92 3858.83 
3115.33 2602.15 5239.56 2321.19 2229.26 
3666.09 9760.96 7999.46 3807.29 2148.52 
7902.92 5316.82 9267.01 258.151 7598.06 
9995.62 6539.44 6417.53 4585.17 6173.35 
6314.19 318.848 6349.65 182.11 709.452 
8097.53 3567.72 1463.04 6068.73 7150.64 
5321.87 9184.06 9752.79 561.416 1505.23 
1982.03 4227.51 1266.18 9981.49 8034.79 
3414.7 7884.39 3351.59 2681.7 8142.54 
949.633 2677.3 4681.97 7367.16 7262.48 
855.298 3681.33 7581.33 7204.95 3863.44 
8290.78 5302.47 7431.16 9753.82 1371.18 
4581.78 5075.67 555.227 4334.56 5637.09 
2060.46 6316.59 9864.59 3326.64 6298.06 
7899.37 6741.35 4182.44 1250.95 9423.04 
2324.96 2200.58 2100.33 7006.93 9567.74 
9362.81 7862.23 3249.05 6944.12 5067.16 
7112.49 5234.88 369.609 4543.63 4988.68 
1740.79 9125.42 64.3311 2296.02 3459.96 
5701.42 4356.48 9776.54 5566 7683.12 
6074.59 3465.35 4424.45 257.006 4716.29 
3847.48 2581.97 6916.87 5947.81 9588.9 
6484.59 5310.6 7451.11 9733.64 2254.7 
2518.25 6846.11 7489.58 2887.86 1389.73 
2478.23 4628.65 515.13 2542.57 6924.67 
3975.09 8243.98 1281.13 3751.61 3809.96 
8964.25 9826.2 7275.31 3388.68 83.1904 
1991.59 7236.16 2665.16 8908.46 3183.95 
2254.04 5393.03 8494.55 9705.15 5126.66 
749.229 2223.39 1972.75 8238.8 5111.25 
3362.48 717.022 9739.9 3877.61 3259.59 
6664.55 7852.7 1503.56 7945.68 1604.3 
5313.52 6909.91 1430.48 2588.81 298.58 
1513.67 4580.4 7534.74 4178.83 3488.84 
718.673 6432.88 8881.87 9213.22 6138.01 
4008.51 9962.45 8361.4 5981.27 8201.24 
3472.63 9343.75 8918.26 3212.52 3221.35 
2177.83 9877.07 1074.03 3681.39 7822.74 
2678.33 8994.91 4732.64 4108.81 1583.7 
5031.22 5622.49 6164.1 2565.94 9801.32 
9652.94 3284.61 6234.18 8534.8 2497.82 
2372.17 2543.29 2460.25 733.554 8524.56 
661.474 4206.19 7868.29 9579.74 7418.71 
1089.62 1757.55 7295.77 2163.65 5438.94 
5118.49 4841.98 4433.83 9851.13 8950.8 
6017.53 4882.33 4573.27 2181.62 7448.27 
4374.57 1834.54 732.862 608.732 369.32 
3230.68 2980.9 2912.61 5690.93 3714.46 
1437.15 6352.4 7920.65 9305.44 5932.12 
5339.34 395.048 7689.67 2635.09 2558.7 
3128.59 7753.58 7400.69 7562.42 7604.69 
6351.47 3579.94 2487 924.719 5761.55 
9935.26 5299.29 7596.09 668.107 5908.02 
7965.41 3898.79 8888.92 878.008 9589.72 
2603.37 2315.16 5942.11 523.994 1620.59 
1874.21 5863.33 2015.64 9563.88 8498.42 
4574.34 2692.46 6251.98 1975.01 254.866 
3856.65 8326.47 3834.8 6343.65 9251.19 
9596.35 6278.89 4550.46 7192.43 6947 
458.469 5157.83 845.769 9347.39 6035.83 
435.47 1950.74 8351 6377.58 2474.74 
9971.58 8251.79 8338.07 1987.2 7815.65 
6836.47 6561.54 508.098 3088.44 8536.54 
762.964 6945.09 6863 4597.77 3288.72 
6114.17 4194.1 9567.61 664.619 1386.52 
6514.59 1123.09 6544.34 7360.36 470.466 
2580.16 7795.83 2421.21 931.138 4173.39 
4895.95 902.704 2425.16 3234 2889.91 
240.798 70.4501 9451.44 748.896 3158.89 
7987.97 1511.86 103.955 4850.95 6109.63 
3392.67 965.104 303.713 2960.27 1629.72 
1690.23 9474.86 2752.81 8234.57 6835.2 
3223.28 814.715 4631.02 5644.49 1745.85 
8804.41 540.413 2648.56 1229.56 3774.41 
5538.46 1470.35 3844.86 4989.89 2219.25 
7003.74 2977.84 3731.11 7107.7 7828.79 
9840.74 500.356 8793.89 144.432 3460.62 
423.598 1834.66 2935.46 3176.41 69.2161 
9770.67 6399.69 883.931 4401.67 2044.15 
2629.78 3206.07 2584.57 5278.34 4435.62 
6358.98 816.788 5905.98 203.82 5806.68 
8125.23 7207.56 8784.52 1856.32 4315.25 
6613.29 1697.04 4815.6 5407.17 1841.47 
8276.23 5830.76 3676.13 1211.67 9007.17 
3745.35 982.324 5406.84 4629.28 5384 
7450.99 7259.06 8590.06 35.5449 2537.39 
3025.67 6394.52 3354.18 8931.64 6598.34 
9160.85 7056.85 3805.89 7945.35 8913.17 
8121.14 4558.62 610.199 2936.72 9965.79 
2451.67 1212.93 5796.54 6127.81 2424.6 
4803.69 9873.16 3406.93 210.514 4502.42 
8790.92 7661.51 1761.47 7380.97 7697.05 
4298.86 406.62 4091.56 7653.03 9338.26 
689.882 6813.87 6395.1 4495.77 4759.21 
5308.26 2616.89 9317.83 5918.46 5553.61 
9283.6 8370.13 6766.55 5080.12 4497.92 
9191.15 9883.81 4371.06 2598.06 94.3113 
8873.48 1388.97 7755.82 634.929 8769.94 
5452.86 4933.79 9176.56 9544.41 2586.8 
8514.81 234.279 9400.67 4909.89 4730.05 
4159.86 218.136 7346.94 3477.68 6136.6 
2900.54 2761.27 4506.71 9667.08 7841.39 
9004.63 8858.22 7725.19 3375.67 1456.26 
7819.5 2249.13 2845.23 5575.3 2884.06 
1615.16 1028.14 7817.84 791.7 572.538 
404.632 9306.51 806.817 9805.31 4216.38 
5536.87 3965.15 4434.52 2883.79 7442.83 
571.099 5784.33 204.083 5077.81 5451.4 
8045.47 4082.42 4309.6 5770.65 7458.09 
5765.86 3590.13 9707.22 8611.1 9165.43 
2591.26 226.237 193.556 409.086 1017.94 
766.094 813.718 324.428 1572.91 619.007 
4540.81 7109.78 4584.16 8975.33 9993.57 
2026.97 9546.43 5777.88 2231.06 4624.22 
1229.26 276.514 8706.64 5538.86 6047.16 
6164.71 1304.71 9637.29 5871.91 9915.81 
8802.7 8463.17 142.029 8996.26 8872.25 
1159.97 9762.35 9685.97 1484.39 1335.25 
304.959 6025.21 8445.02 4889.12 5000.52 
8438.58 6916.09 4546.93 4216.44 9147.15 
9171.15 5445.71 9423.67 7877.77 984.555 
5470.81 4042.47 2289.27 5108.08 9914.37 
2205.06 3910.76 8377.52 2347.09 2907.01 
7249.76 3507.05 2669.34 6935.71 4991.45 
4004.59 7240.67 1016.64 2449.59 2129.77 
6017.16 888.154 9045.86 564.072 5104.6 
8193 9735.23 550.287 7616.64 7612.98 
1534.84 3087.43 1655.43 3824.11 8195.51 
1569.79 6029.17 2106.26 9947.31 8376.26 
5013.27 7197.05 1883.29 7682.61 4132.74 
6874.74 1687.18 1373.39 7891.38 4136.77 
3503.15 3908.52 5024.93 2549 4472.59 
129.505 741.976 4207.8 679.793 8358.62 
1820.76 2214.64 1446.04 3476.2 6038.75 
9641.55 5045.98 2067.9 1747.79 4993.27 
444.138 6761.06 2190.3 2327.43 4443.65 
6323.04 9202.18 6130.83 7696.42 7093.54 
267.581 1199.56 1002.04 5292.51 3748.56 
5474.63 5422.01 4490.54 9682.43 6101.8 
2849.14 1503.18 8316.44 4295.17 4979.37 
4355.17 3936.7 25.3361 6423.07 5684.49 
5018.61 6867.2 2445.53 7208.91 9194.64 
6889.18 3531.93 8396.79 3019.99 1228.34 
5490.32 3287.57 2427.9 6492.36 8580.08 
6176.46 1966.97 4002.07 666.974 1649.38 
103.857 3516.11 3152.56 8420.3 7811.28 
8131.93 2775.45 1747.97 8157.27 9198.51 
7432.46 3175.86 6065.7 9877.99 384.749 
5260.32 6767.16 3916.68 3657.1 9787.15 
5145.01 9147.41 3074.7 7572.91 5639.75 
1654.76 3749.35 7606.72 5656.83 4416.32 
9256.1 5760.68 7932.43 2408.64 4180.96 
5743.7 540.557 6956.41 7491.67 8697.82 
6154.91 4924.11 1873.66 2220.59 4802.09 
2258.41 7480.91 1569.23 6175.09 1137.99 
1356.36 1320.08 285.388 4431.06 8892.99 
5925.14 6085.81 2642.32 3531.84 1742.62 
7058.64 2787.93 7503.31 4991.06 5196.57 
1684.26 734.739 5737.13 8640.67 8226.41 
4434.94 4795.56 3150.5 6308.6 7016.15 
7952.59 8567.01 4497.05 9521.82 4742.08 
5635.04 878.158 6062.17 5920.43 5309.21 
4955.14 1845.55 1395.01 7597.46 5377.4 
3137.64 4656.09 8165.32 640.926 9647.15 
3361.88 2325.18 381.87 9099.01 965.832 
8608.28 3533.93 5761.39 1758.76 9842.53 
2777.53 9711.35 8409.52 7274.58 9233.15 
3151.58 2909.6 111.289 9213.75 8830.03 
5420.5 4168.87 675.563 6815.52 1766.32 
6052.96 9953.15 6422.41 4218.27 594.06 
6069.54 7580.15 2919.24 6451.41 6679.14 
3885.07 5059.67 213.052 9646.46 6818.43 
55.561 2423.97 6529.76 8465.08 9698.55 
5762.89 1616.65 2608.13 5874.18 830.376 
1438.14 1294.66 4999.25 2113.71 8110.18 
6765.57 8166.67 8063.31 3187.96 2384.92 
8657.37 9257.5 9965.06 1576.6 5708.89 
6644.19 5461.67 768.539 6857.24 5108.12 
7586.97 6912.8 7532.09 4116.71 5377.86 
7230.63 9879.6 6994.51 9838.76 5753.76 
7824.88 1276.89 7048.42 2824.11 3390.6 
5158.58 9589.68 1557.25 3221.88 2777.62 
3942.16 1879.24 2035.1 3907.21 3455.83 
7743.98 551.379 8917.51 8512.52 7408.62 
4025.61 6099.47 4321.4 1557.68 216.165 
9699.26 8788.31 95.7436 6693.75 8627.05 
5849.5 4518.62 9903.94 2897.9 7342.73 
3294.52 8056.49 6932.39 4851.77 1278.35 
9710.01 8793.93 3157.59 1745.09 2701.12 
6613.42 9489.08 3252.5 5530.91 8001.58 
661.104 9556.52 4101.04 4982.5 1114.19 
4317.21 4681.75 9902.5 4412.95 1375.49 
8529.54 262.433 5894.11 8433.46 3160.34 
3236.82 1727.97 1216.81 169.199 6579.73 
2495.16 9879.21 5373.65 5652.75 1624.29 
8074.77 2266.15 1113.35 1327.26 7797.06 
9114.93 1988.36 7353.56 3215.96 6970.87 
8467.75 7533.16 1652.6 8370.23 1946.09 
3028.09 6899.75 2208.53 8922.19 5333.19 
5368.86 2159 7061.16 6585.67 2328.2 
3640.88 9080.83 2207.39 9014.52 4733.56 
3831.68 7089.28 6999.71 4945.02 8416.54 
4796.75 4059.94 404.879 2150.3 7275.89 
7375.74 618.029 4809.04 9028.34 8988.26 
6755.13 2056.41 5887.99 8963.66 978.586 
1221.16 4332.5 3137.58 8282.32 918.159 
5465.78 1923.18 9998.99 7673.17 937.687 
4732.53 1504.83 8026.96 1732.22 6449.86 
6443.48 6528.97 509.776 6848.36 8679.27 
7785.67 4224.09 9297.3 2594.69 3252.42 
8285.54 9349.82 5308.83 4173.51 8313.46 
6287.41 5394.67 2645.95 9425 3676.98 
3564.11 4890.76 5600.16 3563.08 2563.91 
6537.84 8295.61 4068.75 4564.79 27.8073 
518.584 1008.26 6556.78 1028.36 7856.62 
5236.03 8814.03 2080.69 4533.31 1408.7 
5333.11 2818.83 758.505 641.917 6992.34 
9071.97 6929.33 2387 1717.9 6354.31 
6063.97 5282.01 1245.05 1664.12 8845.09 
3808.97 8201.96 7140.68 7877.71 2766.73 
7168.48 8396.29 3774.99 3725.24 9424.66 
1631.6 8961.27 8238.67 3712.29 3494.56 
9647.37 9045.4 6313.39 405.857 9687.31 
3305.72 9477.82 6616.62 5692.71 1195.71 
2970.92 1756.67 6477.72 4215.97 3420.78 
5322.79 8024.93 1622.73 2463.45 5902.63 
4389.46 9631.93 4298.91 8164.46 3357.16 
3723.55 9796.05 2318.41 1962.2 3508.32 
5812.98 1609.55 2553.7 2126.35 2015.41 
2241 5432.07 1493.21 8857.62 1124.76 
2688.92 1828.52 2881.43 9166.64 6044.49 
6302.22 4489.41 4069.41 7924.94 6952.85 
9972.04 2314.39 6584.77 4270.93 478.828 
9941.93 7994.47 274.861 2260.32 9956.67 
3783.18 8073.3 1566.2 6336.88 199.635 
3581.61 8577.88 5631.7 5074.82 7435.48 
6756.47 7763.74 9264.01 9637.9 6930.36 
5308.48 5940.1 1419.75 9377.89 3865.03 
8372.6 9349.91 6179.42 4957.35 3620.82 
6658.24 4899.26 1615.27 6933.11 7159.59 
1571.93 716.272 5232.87 3138.13 7053.16 
5432.5 6719.74 5631.02 1064.19 1794.54 
3066.49 7820.66 9558.28 2330.48 7458.54 
6488.63 7638.95 3398.62 7908.38 7016.82 
7263.64 6280.97 6366.71 3443.04 1238.31 
9987.53 101.271 6137.57 1602.79 7034.38 
3297.14 3174.71 7750.65 8530.01 6312.84 
4803.79 3962.49 3032.56 434.789 5026.68 
4827.1 3501.28 2847.32 4385.36 5831.75 
305.842 873.977 3470.69 3704.46 8782.36 
487.496 968.088 5063.31 6854.21 4411.13 
6301.62 6841.73 4512.4 2439.17 8444.51 
1546.76 5736.31 1619.21 9297.41 4266.3 
7932.05 4101.18 8228.79 964.588 4535.97 
3255.46 5791.69 8037.25 6102.78 177.034 
3868.98 6408.62 1051.01 7339.67 113.068 
9833.37 7827.17 1081.16 4896.66 4681.36 
5492.29 1198.26 1523.07 4.67261 3637.43 
9967.58 1551.44 9373.74 1586.77 848.829 
3640.03 9518.82 4950.01 1868.8 483.39 
9485.98 5124.27 6275.08 7523.21 1227.03 
6452.11 1392.18 7635.66 7503.12 8731.85 
7748.73 7336.47 6559 8829.88 2233.12 
1240.34 4322.15 3431.38 2763.41 4326.82 
7068.82 2730.97 5878.26 6442.54 4317.75 
6727.09 82.5538 3836.55 1677.08 1951.36 
4319.94 1163.05 7075.62 594.997 8686.26 
8302.66 7047.11 78.4189 5938.3 4550.21 
8810.27 3687.01 1886.67 5369.25 2516.87 
4119.79 6609.58 6839.02 7551.17 9372.99 
1165.82 4619.97 2103.95 7044.08 1062.5 
6421.7 3771.15 1145.05 258.227 5448.23 
3096.41 4578.17 6611.28 172.021 5173.16 
5297.52 8474.68 2220.25 5375.94 4412.96 
6770.47 4186.19 8099.96 8657.14 9555.44 
616.817 2776.91 6165 7455.84 328.067 
5537.98 8621.66 4948.04 7641.93 5665.73 
6010.54 4063.61 9436.88 7155.6 4321.84 
4885.09 251.993 8900 1496.36 424.014 
4073.15 6793.88 8898.69 6293.4 2169.8 
3311.63 3063.85 6355.99 1411.58 1720.97 
5911.41 2028.4 4497.88 2076.4 9484.23 
4825.94 7614.38 8105.88 9773.99 5256.29 
3771.59 5784.51 9319.9 3208.45 2940.09 
3641.72 8093.54 3192.08 2541.7 9589.9 
3616.1 6614.85 6383.76 2514.77 2908.23 
8553.56 5826.41 5972.08 4909.54 7237.99 
7693.05 820.938 9266.39 2190.91 2897.34 
8750.6 7016.85 511.697 6856.46 6790.82 
5767.99 628.033 2575.31 5087.87 3836.48 
5515.4 8729.59 1930 8707.48 1271.28 
1519.88 2323.56 7886.13 7903.64 4838.33 
794.341 6457.19 664.721 6766.42 1366.72 
7902.71 4459.45 2187.66 7169.08 6650.36 
5084.99 5919.67 3667.19 5596.69 2776.11 
457.997 1364.66 3404.15 3033.31 6452.53 
7240.62 8548.71 5182.11 9170.63 7256.18 
6453.38 690.492 9579.74 4339.49 8594.14 
4418.05 5133.83 5051.31 5082.77 1900.24 
6418.03 2985.47 6359.69 8605.68 154.527 
3010.03 3690.66 6074.19 6677.23 9287.35 
8850.3 7135.22 651.988 2254.43 168.517 
7104.52 9495.06 8717.23 2286.61 8665.67 
5973.39 8739.99 9356.16 5553.11 3079.47 
7950.28 9971.16 8213.3 3001.57 5053.92 
113.522 9419.6 8039.39 6473.21 8025.27 
8193.91 9483.25 1715.91 4268.09 6160.46 
1003.23 3118.38 3295.66 1655.22 5372.81 
3464.18 8759.74 4867.85 2181.39 1046.33 
3533.5 8154.78 9786.32 2889.64 3707.87 
2865.77 839.9 3679.02 1079.06 3841.47 
8732.94 1192.58 3261.05 6772.31 7665.79 
1286.3 4966.2 7149.02 3002.21 9234.29 
3309.46 4005.44 2352.65 6605.12 5660.66 
7725.46 69.2839 4420.39 2593.29 2250.67 
5466.72 6126.79 405.434 5253.03 9016.42 
4113.3 8118.8 9856.33 7792.32 9197.86 
3697.78 6525.24 390.424 6958.83 3297.53 
8056.22 8245.14 8263.73 5205.22 1247.33 
7498 8514.68 5252.77 9850.65 5119.78 
913.419 7576.09 5189.07 5333.81 169.358 
7439.74 800.515 6296.14 7845.18 6053.54 
5312.55 1958.46 4172.33 5168.86 9750.78 
3370.17 8866.64 6276 3760.6 5825.46 
9573.53 1816.8 4070.58 7837.24 7022.02 
5317.91 5335.22 5536.68 570.662 5185.85 
656.445 1484.08 2761.92 5845.51 6817.89 
2931.28 3285.24 7618.41 9227.43 1130.4 
3671.93 4539.96 3088.86 7844.26 9708.82 
2839.62 1214.42 8575.44 9115.63 4975.02 
4400.88 8689.14 6791.82 8471.46 6526.36 
3813.82 3789.35 1861.57 9350.49 4360.01 
7047.42 6.92251 5844.1 9809.35 5852.44 
2661.97 2740.62 9137.67 280.358 1968.02 
268.05 3952.29 6507.98 3356.91 1796.54 
6216.79 6196.53 3010.96 4792.21 5312.14 
7985.98 9193.09 4001.26 4777.77 7664.54 
527.607 8591.59 1453.88 2389.18 7942.07 
5813.89 9436.6 7948.99 1657.97 9245.94 
3801.41 4319.94 1986.53 2939.06 4600.3 
3954.56 3207.11 8552.59 462.524 6564.02 
349.109 6679.31 2760.53 3360.07 1471.5 
8072.67 1346.03 664.583 2073.92 6123.8 
8329.12 2601.52 4715.37 9783 4990.7 
2657.43 5596.87 4427.29 606.398 7254.84 
3673.21 4407.81 1574.76 5659.74 7346.87 
6175.06 9614.3 553.966 4727.63 76.8061 
7117.99 5076.74 6756.12 9878.52 8436.8 
8227.62 7951.17 9782.83 8892.2 25.0717 
5906.61 7221.31 2626.59 621.972 7004.29 
7617.3 3279.4 2601.14 2044.57 3885.8 
9855.98 5717.77 8293.6 1430.72 1377.5 
5640.46 7605.78 991.777 6194.42 2333.4 
1068.58 3312.39 7410.13 7824.7 3190.89 
5846.92 6052.3 1142.05 5629.74 4944.49 
1167.12 1536.33 2165.78 3793.72 2158.31 
9170.07 1410.99 5437.7 1771.2 3455.56 
9323.5 1627.16 9173.33 7617.08 3057.89 
550.809 3257.52 663.653 1542.59 9451.94 
2997.05 2611.17 2764.32 407.166 435.851 
5955.21 6254.09 6488.15 7097.26 1883.81 
1432.63 8264.38 3420.14 3598.41 2058.08 
5578.45 2768.47 3469.07 1016.13 4539.67 
6924.63 339.614 6166.83 6097.94 7956.7 
9224.72 6648.75 1214.2 9888.37 8191.34 
666.13 2885.4 802.489 3430.45 3292.57 
1238.34 9385.66 9546.66 7726.49 6482.9 
1430.45 9159.12 4747.26 4850.59 2757.52 
6805.34 429.017 5525.99 274.396 1445.15 
65.6359 7199.03 1784.76 6232.46 3296.95 
9741.46 5457.16 9945.71 955.647 5345.52 
8137.03 1621.78 8230.92 8939.52 5052.22 
1523.47 177.84 4437.87 1070.11 7904.33 
920.749 2500.55 7063.44 5668.01 7351.14 
9820.96 2473.34 7780.16 5346.93 2747.73 
9225.31 5412.56 9946.76 1010.05 1645.01 
3243.7 751.498 7102.18 3189.39 1707.15 
2447.68 1326.4 3328.92 678.576 265.895 
8381.15 2202.04 443.735 2819 3272.15 
8348.07 3739.74 5772.7 5411.49 9407.76 
3123.83 5232.44 1881.08 903.966 579.349 
4628.81 129.256 5991.92 4575.55 1139.31 
7636.93 7819.25 1890.81 4739.09 1008.62 
3597.95 7186.76 2335.01 6926.87 7865.34 
2600.91 5308 67.3672 3044.64 8127 
3339.52 1392.7 1866.73 9112.22 6804.19 
1274.47 2236.03 2036.61 3155.54 3139.99 
2615.96 7784.36 3269.25 8607.87 2359.89 
4408.56 6244.79 179.125 6299.37 983.856 
1187.74 9897.32 8170.62 3522.76 6824.18 
6035.94 6123.67 2132.16 6103.31 9168.31 
259.145 9442.83 560.989 2125.87 8555.03 
7365.18 3400.34 791.043 9401.79 6555.89 
3931.04 2017.73 4340.22 7200.29 625.588 
6700.12 1608.83 6870.37 6879.24 7908.2 
7854.23 8066.98 7805.5 6024.83 1589.72 
4629.66 2060.76 7713.39 6761.82 8164.07 
6881.68 7020.97 7606.88 7442.67 9146.84 
6161.89 4807.83 2547.16 6952.93 4209.6 
9103.05 883.954 6227.33 3443.26 8084.24 
6852.92 143.355 9693.07 3723.28 7022.6 
7601.25 1577.49 5089.56 5406.74 7602.32 
6679.29 36.3787 9663.08 4392.66 6798.2 
7827.13 1274.32 3819.15 5433.99 8716.99 
2965.97 1595.86 3524.81 5513.14 8548.79 
7734.41 4616.17 9432.75 3961.73 8059.42 
7516.98 814.633 8202.78 7210.03 4537.91 
5225.36 4811.27 6115.4 314.902 217.99 
3717.71 6994.19 254.368 3380.77 1386.83 
7052.57 1207.88 2661.15 871.702 6641.87 
1378.12 3837.67 8237.73 4902.93 9350.81 
6786.51 2637.32 3966.96 6219.24 6599.05 
2026.37 3736.2 7413.68 229.129 946.212 
1951.57 5454.49 5757.48 8066.98 5769.39 
5975.47 1784.67 2763.56 6229.84 5165.43 
4150.38 3282.39 6373.31 6811.53 4154.09 
3015.16 8189.66 7991.77 1252.87 3092.57 
7342.56 8039.38 5729.89 1309.51 4258.6 
2328.92 3335.87 7994.79 9742.6 3565 
8941.01 1694.16 9019.49 4698.47 9761.13 
4788.86 673.926 1545.78 7552.42 6903.77 
6711.22 1702.78 186.14 3084.51 8514.32 
4340.23 6099.67 6703.95 2331.98 7352.54 
9796.52 9674.54 5391.9 5526.39 984.032 
9650.5 7855.31 4319.9 7645.28 7597.9 
7884.91 6586.27 9292.05 6904.38 1284.72 
9053.17 1693.22 1958.65 598.937 9245.63 
8862.41 7310.15 948.398 9048.55 394.646 
9462.71 3388.77 6494.32 6166.65 5720.75 
3846.84 5963.15 5395.28 9238.74 1489.53 
6379.31 8889.22 9344.84 699.199 6534.48 
6942.72 8584.11 3120.73 6234.76 5488.46 
4405.45 5287.91 7181.68 6364.09 5886.85 
6427.3 5226.49 3196.98 7375.7 4275.02 
3591.63 6838.39 7663.79 85.9272 3005.02 
3384.52 3932.77 8968.18 8779.8 3171.49 
457.689 5159.1 2060.69 9802.53 5858.3 
8595.17 6745.23 4442.38 1715.88 2979.97 
9930.85 6121.33 8267.88 7112.51 2485.41 
4154.71 3539.79 7711.9 7351.7 915.472 
1986.9 943.307 7753.86 9650.69 1029.23 
758.868 3035.2 4962 9727.04 1814.98 
8133.49 184.716 6974.08 194.166 9987.25 
2832.36 8789.34 6732.46 7274.74 505.206 
9712.43 7205.57 6626.54 7980.3 4318.07 
9111.95 2135 7857.86 6823.83 9486.69 
8773.34 8810.73 429.982 6527.18 8461.4 
1459.22 7286.05 1496.59 6421.22 7013.08 
3311.57 4554.69 7197.79 285.635 4748.86 
7185.02 3117.99 3538.18 3917.47 392.721 
4043.39 3629.89 7598.29 669.908 1610.17 
1916.35 9781.86 3745.17 9774.21 6605.67 
3231.84 8547.53 5416.38 3661.82 5074.7 
3877.77 5121.04 2360.73 5374.35 1542.24 
9373.81 8685.92 6096.93 6571.58 8971.56 
845.774 3756.59 2089.54 4383.95 7674.06 
2482.26 8427.34 1303.93 80.5364 9097.25 
2914.1 1996.89 8879.09 6659.27 1771.08 
5484.74 9891.11 318.597 901.097 3552.92 
5393.29 4778.86 8673.96 7754.02 153.199 
216.181 7127.82 8839.12 6313.11 3699.38 
7810.67 7158.89 7455.98 9900.2 1542.82 
5130.02 2382.44 9970.17 6433.95 2462.98 
9067.4 9348.05 4459.87 7946.47 6007.3 
6230.95 3431.18 5898.39 6549.54 4332.28 
9451.3 1942.82 9111.15 8125.24 9696.85 
9264.34 8341.42 6824.65 8103.45 4654.52 
524.012 5914.1 1813.39 7979.99 5814.28 
3356.21 3109.99 8196.73 3326.36 9543.94 
659.689 2393.74 8891.96 5119.55 340.19 
4899.24 1350.48 3771.37 797.611 7900.03 
8103.66 248.895 9842.85 7214.78 8374.13 
9539.68 6479.11 6715.54 6364.31 4582.54 
1370.04 6888.32 496.625 3183.43 4868.29 
6310.91 6539.64 7978.28 4507.62 9866 
7522.2 5167.31 2259.73 6414.14 286.844 
2599.92 1313.37 1637.33 6371.29 2110.98 
9537.36 4474.93 2359.88 9380.19 1689.7 
733.992 8919.85 8168.81 7449.53 5284.15 
2751.34 8819.57 2172.45 3247.96 2002.98 
7040.74 9558.87 8542.62 5019 4066.47 
8408.61 2541.18 9233.78 668.318 8955.33 
9520.62 3268.24 268.682 1157.93 9639.53 
2379.66 695.274 4114.44 4739.54 75.4486 
5804.14 5473.53 8995.3 3972.93 2923.04 
4279.43 6724.27 1742.6 6451.88 9972.23 
3745.58 3492.61 9531.08 2288.18 8511.61 
3597.54 696.771 1052.78 2831.3 1365.09 
8.09195 2351.9 4633.33 276.774 3509.84 
4272.84 2656.44 4205.11 8387.28 7395.97 
4280.56 4191.4 2869.49 3275.85 8164.33 
5792.53 7555.28 4888.58 7535.13 4007.15 
4860.8 1280.69 7499.75 4391.87 3568.87 
6011.35 7989.4 4265.64 7064.13 820.687 
5630.73 7072.22 3172.59 264.036 7349 
6682.43 4536.87 5.41514 887.524 2924.13 
7401.39 5168.08 7115.53 270.86 8443.93 
5279.84 6063.39 5999.19 168.41 3598.5 
6.32244 5029.21 4879.19 7506.08 9421.07 
8448.05 3517.41 7410.46 2713.68 581.524 
8231.15 8344.4 7653.75 1403.72 8608.44 
5002.73 8086.15 3145.29 5008.14 8973.67 
6069.42 2409.51 4141.74 3184.94 2680.37 
2585.66 8464.78 8743.76 8584.85 8633.19 
2342.25 8591.17 3662.38 7221.43 6097.23 
3083.44 5669.47 9614.64 493.885 8383.15 
196.149 8725.03 6727.53 7849.9 128.739 
5335.95 2852.6 8214.89 8481.25 7860.74 
7188.55 4550.66 270.239 1330.27 7735.6 
2950.61 3915.93 6200.36 1694.36 2500.76 
4833.53 4036.6 1091.92 8495.92 1258.02 
7189.15 1579.34 6927.49 6803.77 2073.22 
5310.62 6999.92 798.241 2038.14 4849.8 
926.98 7374.09 7702.4 9141.87 5855.33 
5563.13 6330.4 405.965 5833.37 7660.68 
8141.56 8783.98 1576.59 4341.9 478.321 
4077.35 9175.44 4514.93 5169.27 7671.34 
5772.95 2358.4 9250.68 2700.42 9162.17 
1323.88 8011.05 6162.08 2122.12 49.1701 
1011.86 3049.1 7423.26 8714.26 2190.96 
3278.57 4277.38 8521.36 3684.54 110.731 
6182.02 1826.08 8894.71 7758.61 6167.98 
9373.03 1835.95 5343.4 3887.94 7005.22 
3014.72 9660.89 9363.62 2265.38 2361.3 
8525.77 3589.26 372.328 4687.83 5711.39 
421.498 5699.7 8760.49 7844.76 4413.94 
951.434 1123.32 8691.32 9472.8 4807.85 
8802.05 5654.8 6633.93 7696.75 3413.4 
2801.9 7069.76 5249.34 8145.3 957.685 
2254.54 1160 618.557 1618.14 3425.38 
2979.85 143.896 7014.65 3352.18 4831.73 
2726.02 3773.68 531.408 1486.49 1618.43 
4945.35 2437.93 2741.74 3636.66 1910.71 
7549.6 2438.69 7565.51 4183.51 135.421 
978.887 6985.41 7205.18 6228.23 5130.69 
8162.87 8482.77 6290.69 8781.43 100.896 
9716.08 1761.26 244.791 6730.71 5113.45 
5076.52 9456.73 8887.13 5607.93 943.204 
505.536 553.262 3381.13 3247.28 4189.92 
5291.84 796.856 6628.61 2857.33 4980.37 
6764.03 3836.22 1965.76 3969.2 64.4303 
7096.45 2132.05 8547.2 3387.13 913.457 
8648.1 3103.19 2674.72 8892.89 9833.9 
7788.17 3969.39 9290.61 6675.28 9577.32 
233.793 7180.81 130.566 3614.92 428.072 
4320.48 8906.76 1224.93 949.078 1764.08 
6205.3 7713.11 5600.29 8171.05 1682.29 
5664.72 5267.49 3814.34 4211.91 8654.61 
4727.79 2859.99 1757.78 7402.51 1752.86 
1591.66 5190.66 5722.26 882.252 1865.92 
5299.56 1116.04 9046.73 5430.12 4730.97 
9474.8 9750.61 3637.72 699.715 699.67 
5401.79 6905.01 8412.78 1002.07 5076.05 
95.0503 6666.8 343.519 3909.39 878.689 
8998.13 8637.18 3738.68 755.9 6039.68 
5491.54 2347.56 1230.32 1213.78 3229.82 
3096.25 6513.34 4345.86 2142.96 1943.45 
9076.83 1617.75 1694.04 2714.53 2317.46 
2393.71 8116.32 9222.47 806.471 9118.39 
4298.51 901.522 5785.17 4642.02 4810.91 
6663.86 3640.14 3448.07 402.522 4396.04 
9487.75 5894.06 6743.6 718.058 7107.84 
