1500 5
8807.54 1323.09 6967.02 8693.02 341.964 
5253.95 1531.29 6774.05 5570.61 5559.64 
6584.11 2599.48 6377.14 7493.06 5739.24 
2657.73 4744.33 4147.85 7690.29 4065.72 
5657.32 7844.7 7648.03 6773.57 329.923 
3007.13 1367.03 2402.7 1229.11 9973.15 
4785.8 36.6355 1296.22 1752.81 8729.66 
1638.18 7006.76 260.933 8412.24 2577.36 
5820.58 4996.33 5176.84 2197.7 2489.38 
916.064 4855.43 7233.71 5063.92 2545.7 
1299.41 721.224 390.383 8947.44 7494.79 
720.306 1954.56 8861.82 3123 3183.67 
8834.95 7908.81 3220.3 131.152 9661.62 
1949.94 1769.34 6668.36 2210.87 181.554 
9245.72 8031.45 5177.89 4422.54 229.135 
7667.26 5338.6 5084.57 4900.96 402.501 
7630.27 6200.37 1123.73 8020.65 5147.8 
8618.52 8740.96 7102.35 7480.32 1863.95 
286.002 6315.26 9772.76 3506.3 6446.41 
9434.35 5456.24 8215.75 6102.7 7667.12 
8397.3 5348.4 5698.55 3575.17 9770.93 
5927.69 1242.41 5109.52 1012.24 6143.37 
5512.02 8642.51 2343.73 6635.74 6663.15 
7491.52 5254.25 5404.09 4593.86 2734.55 
7268.04 4879.86 9049.81 7040.78 8386.17 
5496.2 6475.12 3842.39 3711.93 2577.79 
1509.5 2109.21 7926.19 7208.05 5684.38 
7697.11 3135.72 6926.79 2806.61 4147.96 
3070.15 8318.62 2790.45 5413.88 4954.35 
9453.6 2905.39 208.577 4857.67 7499.25 
2943.13 2125.69 2379.09 1992.92 9166.47 
765.243 7489.12 5641.57 4607.64 1201.04 
8219.36 6117.13 3310.25 6145.54 3325.16 
8994.63 3842.63 6460.88 5921.4 6649.23 
608.818 8991.55 4967.84 3399.27 4405.41 
9922.19 2852.85 7310.79 130.747 7710.52 
4810.02 3073.88 9836.21 7189.12 5066.8 
9002.66 7954.36 2555.91 4644.21 2561.98 
3756.94 2863.56 8679.11 7067.19 9009.1 
2004.26 6061.8 2851.71 8465.14 1983.18 
9500.94 9073.96 974.716 4468.77 2473.21 
5380.13 4390.94 5326.05 2690.9 4521.68 
3036.55 7500.93 7595.56 2872.74 4690.03 
2662.34 1875.39 2644.37 5218.25 6519.6 
5206.35 8975.19 9383.16 3885.45 6042.36 
8392.25 5889.71 2104.15 1243.94 4354.83 
4087.33 744.866 3428.77 5062.05 5213.63 
5901.97 442.154 9604.57 1228.01 3133.06 
4126.23 4264.56 633.968 1721.78 7137.3 
5324 4384.12 9012.68 7968.37 9602.37 
5532.27 3174.71 8577.54 4915.41 7060.16 
4619.89 3307.64 2949.85 6724.03 4551.58 
7304.68 811.346 5296.45 733.433 5873.39 
510.061 6635.41 6315.55 114.613 7863.41 
9448.6 4240.85 2127.95 82.5552 5962.63 
9265.25 5406.55 346.728 8277.92 3374.9 
9949.09 3810.17 6549.61 8526.62 8725.58 
3609.75 3146.49 2033.2 6559.6 9870.52 
6584.78 3864.27 681.85 1881.21 4597.7 
6555.24 2391.27 1233.09 2870.77 2505.89 
9096.51 2319.36 6746.73 1224.44 2401.92 
2709.34 489.678 7808.47 3056.07 8767.6 
1183.36 3005.15 2577.75 7732.97 1531.75 
1303.31 1342.7 4678.24 3336.51 7902.31 
4548.74 9921.3 1766.56 5230.59 1802.49 
6364.26 1785.82 4193.77 7597.35 4656.59 
6699.65 6693.84 6975.95 3446.37 7918.29 
9377.87 6155.71 8407.96 7186.32 9211.78 
7175.54 8369.67 2216.92 9753.29 6102.62 
3748.66 1056.58 7445.33 8426.9 4393.09 
5347.62 2975.62 4314.37 7114.18 8206.21 
6116.87 3478.42 9992.03 310.615 1075.76 
4648.6 7010.27 7769.6 1624.53 456.621 
5687.87 1002.38 6612.33 4095.82 8188.7 
5824.1 1271.34 6558.35 8041.02 1024.61 
2660.96 1789.66 2081.19 106.264 216.548 
6474.29 5453.88 3192.17 788.646 2568.04 
1398.37 6905.51 6046.47 1390.38 7216.13 
7122.23 6038.99 4226.38 4891.81 7663.52 
4683 579.666 8665.9 1295.32 4675.48 
6854.58 7119.42 5946.83 3412.92 5160.42 
6971.44 6073.87 6950.08 9052.63 6180.14 
7166.63 5526.91 1634 358.784 6315.55 
4202.04 1757.15 3221.05 248.493 3147.54 
437.158 7370.72 9186.52 4663.54 2262.51 
6850.03 9346.54 2842.18 5515.91 641.833 
7517.66 2370.48 7761.25 3464.47 5783.4 
2921.65 435.895 1857.25 9871.73 9488.53 
8037.39 7038.34 5015.42 9671.39 7397.12 
1330.95 3873.41 9154.28 4552 4121.91 
2301.8 4989.16 1492.61 1488.3 9652.7 
3755.12 8338.33 8999.21 6597.31 3854.22 
9641.05 4114.95 6224.7 7402.28 7579.43 
2008.08 323.911 8015.32 3865.33 195.622 
7503.83 1902.7 7233.96 2519.23 1574.07 
4631.07 3850.19 5447.49 3785.33 8402.19 
9569.39 6087.12 3391.33 1061.99 7575.43 
3044.01 4817.11 5913.74 2043.21 1414.4 
9767.96 1684.23 5529.35 5992.65 9086.51 
3108.76 8000.73 9410.42 1124.06 1866.04 
9606.05 8627.89 3768.75 6839.99 1147.11 
5342.82 1471.04 4997.3 790.288 5256.37 
3399.47 359.664 1343.47 6790.8 1421.65 
8918.9 9834.81 6238.76 4832.63 1878 
7653.16 4600.57 3562.23 3182.49 593.208 
2648.73 6291.25 8593.94 2059.14 7415.31 
459.965 1665.17 6043.19 4228.71 8505.16 
7190.3 9571.53 9976.2 2187.58 361.8 
5232.55 5587.05 721.464 6576.02 2377.83 
2143.11 5494.91 2212.62 8381.87 327.518 
4090.62 6035.01 4928.09 7652.85 9217.5 
5521.3 301.562 5508.73 4115.22 2360.7 
2924.03 4575.19 4025.87 8967.21 8803.9 
2531.01 6157.5 8375.41 2507.19 8345.07 
8737.21 7739.73 3932.1 9458.67 4315.74 
6309.93 1601.77 9810.65 8522.55 9983.64 
138.148 2613.16 6018.64 5066.24 265.988 
5236.13 587.524 567.55 744.844 4702.74 
2928.25 3668.87 9277.93 6954.11 2636.07 
8081.81 9485.12 8793.56 6457.2 1992.29 
7138.62 5194.4 9732.02 1070.71 4653.05 
4047.75 7380.64 6254.82 3858.38 5903.18 
6238.45 3996.52 8516.33 2257.07 9062.76 
8782.32 7493.2 9650.29 9349.87 8238.04 
4353.02 2278.1 1906.9 3630.93 9232.22 
4542.97 1712.72 8717.32 3336.51 8169.93 
709.591 475.117 3364.31 441.597 1545.82 
8017.36 4489.34 8926.46 4272.17 8347.72 
4829.62 510.598 2344.22 3345.93 2767.67 
1406.97 2128.24 260.852 1057.24 1478.09 
8498.89 5410.26 3756.19 405.772 9041.19 
2988.39 4948.74 753.893 1705.69 8285.25 
8923.82 2415.28 8760.37 2288.11 2856.88 
306.175 305.452 7346.22 9232.64 4577.62 
5693.92 4062.24 5088.21 8038.14 7408.18 
7855.89 9445.12 9536.41 8116.74 502.34 
1014.48 6615.61 5912.6 4770.67 7021.38 
4953.77 7759.06 1970.11 5707.66 9464.75 
255.339 4631.46 1880.02 9015.71 6919.57 
4736.89 9321.88 7225.02 2083.1 8554.5 
1802.62 7777.02 2616.73 6890.84 5815.15 
24.8863 4746.71 5260.24 9561.3 2863.43 
5762.58 575.766 9479.04 1675.17 5346.44 
6500.41 6628.93 3105.48 8470.51 2336.57 
2570.22 8725.85 6968.04 4450.24 7741.54 
3887.59 9187.13 7063.41 1112.6 1270.21 
5617.89 2915.22 9047.23 8234.62 9806.06 
4862.36 8259.51 4552.75 122.583 7820.79 
7416.18 5885.17 8396.55 6895.2 7560.33 
3742.98 3395.59 4189.25 6848.46 1866.09 
6525.82 9418.68 591.927 3493.84 3868.9 
8333.47 7381.43 3056.01 5396.86 8494.03 
4326.22 1014.74 1409.24 3373.43 9249.36 
1215.28 8235.79 7508.85 5768.04 8358.37 
5329.62 3184.2 4243.52 3726.16 79.3878 
1803.84 7469.14 3474.98 5993.08 4317.58 
5341.07 2518.89 3736.24 5933 6012.73 
7605.14 4266.45 3394.14 661.138 9663.32 
1888.16 4987.36 678.036 3297.4 8360.79 
9927.4 4512.68 6596.56 7436.23 280.702 
4954.91 2765.83 3464.9 9198.43 6491.99 
3544.29 1002.25 3961.1 7019.27 6995.33 
8278.68 2360.33 9514.22 2014.91 8293.33 
5526.94 9620.06 2559.77 8921.08 281.177 
2223.06 809.221 5268.54 2901.1 4106.62 
3629.31 2828.48 8619.3 225.85 264.687 
8900 5180.76 3030.52 2364.89 4379.17 
9522.5 5909.18 5381.43 3483.59 2928.43 
2376.74 1762.26 5288.76 1890.95 3777.17 
3582.07 7417.89 3397.21 6141.84 6338.95 
3678.38 8364.9 7148.17 8946.92 1265.99 
1254.77 2576.21 4094.47 9874.07 2802.06 
4359.15 8774.05 7982.82 7389.67 1138.92 
2361.98 6912.15 7048.1 7743.4 395.726 
9976.53 120.13 2157.98 5265.28 2011.08 
5935.15 8847.35 9428.96 9332.36 4989.17 
5767.9 3010.72 3354.06 2916.05 1957.62 
4620.05 4170.82 4533.83 8714.51 4044.87 
7335.89 3073.65 2818.9 5318.7 463.299 
3957.83 7680.68 7375.45 1005.91 5424.06 
7771.18 982.421 5544.19 9929.16 6247.7 
7555.27 5864.3 5095.03 6984.22 5196.64 
84.1858 2752.1 8207.36 3438.24 5668.15 
164.965 8058.29 9838.96 4698.8 6772.78 
3883.82 2034.68 9846.43 6702.72 7353.37 
309.714 660.529 5034.03 7685.17 1666.44 
458.079 5456.33 2648.86 6002.27 5385.47 
8896.55 3557.53 1249.75 3991.57 541.732 
6446.39 4075.75 3293.83 4653.73 7514 
8961.98 4818.69 5572.27 8800.93 9517.49 
2345.04 2684.73 1552.15 2191.45 9387.45 
8905.52 2501.17 47.9578 3939.54 186.318 
1714.39 4397.62 5642.65 4363.25 399.873 
1028.1 3259.79 3957.4 2277.86 7251.36 
4499.13 8724.24 1327.09 7792.96 3377.95 
8841.09 6754.93 8196.65 4413.35 5555.83 
7714.12 6758.39 8240.56 9266.27 8949.84 
7627.99 8171.77 1451 7675.95 2111.3 
1637.31 9390.34 6508.91 7279.96 3753.57 
6908.79 8308.07 7013.36 866.172 585.904 
4264.7 5365.31 9310.15 5591.8 3158.25 
2688.08 4432.88 9913.18 884.713 8846.22 
5469 8598.83 5604.6 3709.54 7865.09 
4554.42 1337.51 6036.84 6005.42 9013.46 
8148.14 7642.73 8403.78 4657.04 4922.68 
2157.34 1565.81 3230.72 9170.7 2431.98 
3816.63 3435.39 7797.28 3126.76 9027.19 
955.519 5814.84 3460.04 868.681 6699.56 
2306.25 6337.68 5298.37 7910.85 47.1983 
3163.44 2465.25 1384.71 9200.28 8470.67 
398.146 7348.41 6113.39 8801.92 2005.42 
1036.04 959.242 3571.23 4266.77 129.924 
6003.21 8083.4 3565.31 3800.48 1210.14 
2592.48 4755.99 7024.98 6052.52 5624.68 
3724.52 8358.77 1962.34 9022.89 6269.6 
2009.53 2186.32 8734.86 3394.24 1386.58 
7205.51 3792.39 8734.99 3318.88 2594.29 
740.394 4354.93 3553.54 4311.62 8621.69 
3683.46 314.817 6705.07 7248.77 4115.29 
7915.21 9841.25 8871.29 4940.18 5893.75 
4495.94 8664.7 4252.51 6458.28 7687.57 
522.099 8467.81 9873.89 9256.96 1862.04 
1260.45 6462.45 5654.43 9995.44 9781.33 
8248.72 735.817 4136.24 1802.24 5047.44 
2757.92 5485.7 5362.26 9463 2734.45 
9477.55 7378.19 2575.69 8348.82 2318.35 
8469.44 2844.75 983.031 2721.93 9303.03 
8670.6 3244.03 7770.83 8544.47 2500.97 
9632.86 9804.93 8963.43 5287.27 9800.35 
8744.74 3535.97 536.153 2880.97 5338.21 
5583.6 5638.89 823.896 945.837 5101.87 
3558.35 423.371 2480.04 6134.03 8772.19 
4798.39 4603.46 1616.92 5781.43 7325.39 
919.935 4452.01 569.41 8690.76 2996.47 
3070.38 8323.61 2801.38 2033.79 3610.86 
2601.72 778.521 7146.84 3137.87 3659.49 
2485.03 8721.46 9298.38 3308.93 9667.3 
4400.23 6867.28 90.6554 6880.28 3001.29 
8862.85 1678.65 7604.75 479.753 7460.08 
4930.13 1399.69 1912.07 5499.54 90.4305 
4908.54 8569.92 8414.04 7709.93 603.698 
2024.88 311.627 1382.22 9171.72 3449.5 
5041.71 1656.73 2170.94 4340.07 4965.66 
1838.23 8740.31 1832.92 1928.88 5620.57 
4834.21 791.714 7299.22 2438.95 1271.47 
4759.29 7369.07 2671.15 6671.36 2868.59 
2761.58 1579.89 1438.5 1175.6 9289.82 
2042.2 3200.49 9601.44 3424.42 2372.19 
3050.92 8466.12 4028.92 5221.87 2806.18 
8994.57 7060.09 1546.47 827.475 8988.98 
7167.04 5661.69 9780.69 4466.25 8100.63 
1052.14 9225.53 5469.69 3723.3 5896.88 
8338.29 6484.88 7476.76 9776.79 7660.48 
6766.56 1818.97 860.952 6367.99 5243.38 
3233.14 9418.91 3709.49 7262.05 4640.76 
6515.67 6256.61 1700.84 8062.15 7084.09 
689.796 5229.17 2745.76 470.471 9695.42 
846.374 1522.61 8920.93 6316.07 5245.91 
4817.79 4654.33 1730.77 2294.54 4431.1 
9391.25 9061.1 6250.07 252.189 5429.07 
1493.43 3485.33 4847.96 5202.92 747.363 
9488.72 1718.58 7003.97 1189.54 9780.72 
4088.04 1879.33 5009.88 6833.8 2349.81 
4705.28 7680.17 3872.42 3626.19 3996.22 
9118.32 8443.98 8650.56 849.077 738.499 
3081.64 240.313 9799.6 9331.71 492.501 
5228.65 825.126 3977.83 76.5945 6028.05 
4725.19 9565.31 7746.63 1729.15 754.836 
7527.33 5817.19 2634.17 2537.19 2650.97 
4983.98 7242.47 331.13 8856.39 868.643 
4327.35 7974.7 9312.62 2977.89 8823.78 
51.1053 6059.53 9064.09 9850.7 5391.23 
9556.59 5079.34 6216.35 3534.4 5155.93 
2244.38 8259.59 4721.23 9991.01 9988.74 
5476.06 7518.33 5805.91 8110.23 55.5065 
8456.89 3094.19 7297.98 8788.02 1950.57 
8166.62 3115.35 9925.27 7479.23 6093.24 
8749.03 7530.33 2152.76 7813.11 7381.02 
7543.98 7369.68 2460.34 3760.32 904.068 
7616.27 6004.7 9163.66 2337.48 5995.69 
9152.38 7813.54 3514.01 4958.28 5923.76 
3569.51 3415.15 9017.95 867.473 2203.15 
968.506 9034.09 5318.5 893.761 6513.3 
1411.72 9642.79 4043.62 3564.48 7455.88 
1424.62 1108.45 4825.55 3884.95 4868.77 
5729.62 1501.2 873.452 4893.26 3838.68 
6869.15 4045.63 1652.21 383.137 9003.9 
7575.97 3952.65 2419.04 6593.9 4820.12 
4622.18 7562.41 3854.2 9940.68 8456.17 
367.486 1352.39 8098.95 4411.1 4916.87 
5554.81 5835.72 6025.32 380.345 9720.67 
894.07 6109.96 1221.86 1767.52 1003.2 
5060.54 8636.67 5048.83 6712.75 9019.81 
4052.72 4288.7 2972.44 6471.75 882.586 
7792.56 1093.92 8445 1646.75 1034.58 
6901.15 2014.23 2386.97 5000.08 6425.33 
7303.84 554.876 2261.04 3329.14 935.22 
1981.69 4223.21 7045.18 3203.56 5990.73 
8048.38 8264.1 4627.38 3097.19 4976.83 
3647.17 7149.91 9265.53 6619.61 3621.64 
148.102 4412.16 4715.56 8593.1 6058.9 
5750.14 5494.23 8073.13 8137.1 494.291 
4498.45 5440.92 1049.17 6759.49 8770.06 
1984.39 8741.18 2993.26 9029.57 1944.72 
8983.99 7077.93 208.8 3611.35 175.112 
5185.63 7258.52 7325.02 4451.15 3878.12 
946.649 4599.25 8290.27 5662.21 3192.33 
4349.16 1412.33 8686.56 2422.27 9549.43 
9180.85 6920.72 4990.34 230.002 3680.19 
3760.39 2214.39 2421.36 6753.65 1243.94 
4366.07 5737.62 8321.87 4574.87 9348.97 
8496.99 9760.51 6607.48 5821.99 4211.64 
485.575 6768.64 8810.89 8775.85 2430.83 
2003.2 3124.99 3843.16 689.748 5547.26 
3392.58 9870.6 2467.96 8382.92 100.585 
6148.16 2143.29 2314.97 8569.51 8896.94 
3558.91 2935.57 4634.53 1880.77 7510.44 
3983.49 377.74 7270.93 590.944 6199.73 
1482.55 1076.52 2968.35 293.427 9852.37 
5399.18 2296.63 2977.34 9242.34 2986.38 
8524.6 2634.9 2856.96 992.543 1017.81 
2957.55 7140.7 3161.1 5272.52 5710.19 
2058.01 8831.43 8645.76 6692.55 712.187 
6156.19 676.016 1089.93 3427.1 1266.96 
7289.66 4909.66 2343.48 257.995 5203.09 
2195.83 5657.18 7499.72 5173.16 4899.51 
486.08 3697.74 7534.41 3343.04 4690.29 
8552.21 6300.59 1830.97 1713.29 1573.09 
7541.16 3771.31 404.507 6186.91 463.837 
1116.69 2343.08 1139.85 2206.62 5770.18 
2406.81 9496.28 679.824 4750.29 9754.27 
5882.91 6946.12 5411.44 3382.61 2119.27 
310.925 3868.69 5817.01 7845.34 7211.73 
507.278 6397.53 3512.3 2338.25 8110.83 
5085.4 9879.41 1882.12 5489.9 6066.3 
2345.96 6606.6 8409.37 3485.81 8813.22 
4179.54 5892.62 8309.48 4859.36 642.895 
8063.74 742.257 7589.01 3475.15 4124.87 
9708.28 3786.08 7993.56 5525.27 1631.4 
5205.28 6032.55 8028.93 8717.58 8370.79 
6139.74 3802.96 8250.18 8021.86 9292.86 
4316.46 367.798 5899.44 2725.82 3853.61 
4712.64 6905.36 9746.23 3022.11 1764.7 
389.105 1085.83 2506.96 7978.12 4560.98 
6631.83 7686.38 8347.06 4625.38 3211.64 
9978.46 9830.66 9244.19 8007.37 8548.22 
7614.96 4147.1 2351.17 5865.13 2168.94 
1644.02 181.576 2536.74 7543.46 2907.4 
6390.34 2256.09 9812.75 6136.55 5278.19 
1577.44 6525.66 6364.02 4084.4 4503.76 
924.98 716.216 2190.12 9272.04 5341.59 
5401.76 9250.48 5172.23 4645.93 7257.84 
3720.44 2260.88 1404.92 6071.61 8126.01 
3573.85 7715.62 8307.58 6110.59 5259.06 
1214.96 2500.92 7515.15 1027.7 8637.47 
2793.32 2605.14 5163.11 9157.34 6689.54 
9666.87 82.3027 7405.75 1856.98 9354.34 
2747.33 7258.74 8604.81 7919.56 1904.65 
5862.63 1639.98 4165.52 7267.54 7711.59 
2291.51 841.378 5427.19 599.078 6951.97 
686.235 1814.04 9452.89 8201.38 2841.73 
8090.34 994.688 5446.87 3253.43 152.01 
2136.39 2920.28 234.313 9542.14 4777.26 
9588.66 2289.46 2035.98 8193.45 208.998 
3940.63 4056.05 1848.98 8106.15 1323.58 
9560.57 397.646 2164.96 4987.74 996.724 
9116.92 5673.97 2810.76 8569.79 3875.34 
5652.5 6660.12 4870.03 1099.35 9913.55 
5022.04 3235.74 2833.81 5256.35 2777.87 
7611.07 4844.99 5067.32 9647.05 3038.42 
5276.32 3587.66 7094.47 7125.3 1693.79 
8418.05 6685.85 2091.44 582.987 1673.57 
3088.16 9699.91 7347.54 5898.92 8269.69 
1222.86 1551.4 4929.79 6092.89 2650.75 
4843.32 1114.91 5886.49 7677.13 6371.26 
8664.36 5288.18 1216.23 3731.66 4935.21 
4254.65 9007.98 8522.87 1349.1 6133.26 
216.645 9767.15 2819.09 2308.08 350.118 
4492.66 5396.24 50.0123 1840.18 1295.15 
8319.7 3063.05 2846.55 3249.47 9155.94 
5497.3 8092.79 270.828 1383.77 5769.9 
6642.09 48.1137 1058.06 7858.32 3779.77 
5993.28 2112.95 2787.74 4516.13 3462.05 
8921 4732.78 3229.18 1740.07 7040.86 
3579.29 6232.73 2437.09 3629.31 8072.91 
3732.24 1948.99 1135.94 6578.79 5198.46 
291.862 2076.07 3291.23 562.69 3459.85 
9061.13 7204.78 3507.96 119.177 5063.08 
7287.73 6112.46 7176.02 75.4528 628.571 
638.052 8996.45 5361.35 3867.23 736.506 
2402.19 7446.52 6969.24 4839.28 1075.81 
5042.13 8571.51 3024.8 6178.08 5150.28 
8223.27 6469.94 7226.35 1514.48 7032.63 
686.182 575.593 4237.39 4194.14 694.771 
9300.47 1481.86 6807.23 6476.47 1557.31 
7435.8 7114.52 553.743 2797.13 981.737 
1290.25 5199.32 8428.26 8259.49 38.5812 
9504.07 3301.6 8610.09 2528.86 9479.68 
3760.36 752.108 5949.6 986.697 2266.59 
2982.22 1672.88 2842.18 7219.61 5867.02 
3536.95 6520.06 7348.88 344.162 2996.51 
8906.18 7779.96 111.021 9459.93 577.07 
1092.76 750.16 5776.39 9521.02 9009.65 
5814.97 9025.07 2311.23 4425.05 1553.92 
1790.9 8185.41 2306.03 7740.5 9172.11 
4572.61 722.705 844.968 7414.8 7942.31 
6711.99 951.732 4462.35 4060.85 1295.89 
7458.87 2967.01 9075.85 7569.89 2426.92 
9652.92 8662.65 3177.08 5429.3 8183.65 
2186.71 1244.25 7208.7 4497.95 5669.3 
8762.62 6288.85 3854.69 1068.63 4029.33 
3026.78 5641.24 4752.04 3871.75 3056.02 
2694.34 583.72 4007.75 7156.69 4644.56 
5303.65 4615.54 7611.58 4379.48 2185.41 
38.4857 4032.39 848.039 3215.57 9461.68 
9031.69 5402.28 705.916 6240.37 9900.23 
6375.22 5002.98 6189.06 229.89 6071.6 
218.383 3256.67 1712.83 4970.42 7128.42 
4768.85 7664.76 7712.14 8776.6 4821.43 
2356.69 4080.23 9436.97 9968.27 8459.71 
1622.36 6.73586 2492.08 2470.4 3222.31 
1953.75 1502.07 8624.59 2659.67 7742.44 
8524.81 9034.88 2745.4 4713.85 9264.77 
8817.01 4932.24 2521.43 529.819 9902.66 
9649.85 5298.67 7567.4 7361.97 4075.26 
2388.82 9718.66 8155.49 1825.77 9686.91 
6615.19 3448.13 9693.65 9107.27 5918.54 
2915.93 1061.01 7420.61 1540.51 3720.67 
5163.03 65.2987 2755.54 7908.43 4779.15 
2020.29 6725.42 9711.39 4541.72 7255.24 
9614.03 4191.55 2553.9 7181.42 1553.51 
6629.15 9570.24 1272.15 4784.63 1395.99 
959.042 1399.8 4844.12 652.671 507.059 
762.64 3568.61 1568.07 8183.25 5109.11 
5288.74 3346.26 5174.41 8044.28 1254.68 
9953.57 64.5595 7980.1 9664.94 4606.28 
5235.33 9278.96 8797.83 7789.23 6460.36 
351.323 4418.37 6030.58 1623.47 9202.99 
7426.57 2582.51 602.778 2270.67 3235.18 
1109.84 3033.31 6803.79 2677.9 1216.54 
1912.89 7966.65 4562.8 7087.3 6010.91 
5817.48 7040.85 6075.47 3797.57 6705.77 
681.734 9032.9 5984.71 9479.57 6822.11 
2445.06 9830.89 1240.46 8475.63 1454.34 
443.435 5902.18 4036.86 1046.21 8172.85 
7272.04 2156.05 1206.15 4075.82 4833.95 
2422.69 5988.7 2800.58 6985.49 3075.99 
8811.49 2802.95 116.819 4886.95 6600.52 
6822.59 5568.68 5633.4 2807.29 5048.23 
2455.5 5252.35 4879.1 3695.95 3727.96 
6333.45 4139.39 9630.15 370.287 5185.6 
7802.98 7642.33 7341.65 9009.13 1718.13 
2175.59 1431.8 7706.83 4976.17 8417.28 
782.801 3787.65 1220.22 899.62 8674.59 
7820.74 7722.21 4243.26 3454.13 529.485 
9291.49 5909.62 5781.83 4170.57 9605.58 
9509.79 504 3744.95 9139.92 874.287 
8930.55 6942.88 8516.62 6272.19 5952 
234.727 8447.78 7383.79 7941.56 3423.93 
5801.06 8724.36 7211.58 7021.28 9623.98 
5886.16 4842 7346.18 129.402 8296.12 
7875.66 9420.89 4205.73 3657.47 3591.44 
3811.29 3167.25 4095.44 7556.24 2307.15 
4969.73 6486.77 9250.04 3486.33 2758.94 
5202.02 3721.05 1206.7 2585.79 1662.6 
4630.64 8386.85 386.94 1842.2 5408.11 
10.9029 7728.37 250.089 7357.08 7857.77 
8546.21 5232.72 7278.64 2751.93 8890.2 
870.064 6563.21 2057.43 4965.5 4119.43 
4364.58 9935.23 606.187 3614.6 3421.54 
3365.13 8816.62 7142.6 4571.83 1402.39 
8805.2 9202.47 9789.24 9192.13 1044.66 
5197.33 9203.04 8773.02 5447.42 6560.1 
6630.77 3993.62 1792.81 3909.39 6745.54 
682.987 4779.46 3308.74 2740.42 9744.96 
7428.17 7105 9680.18 8034.36 719.583 
3101.71 1399.47 9536.2 244.288 5971.3 
938.575 9049.48 5173.75 727.798 8241.6 
6218.41 5925.13 7444.62 4991.41 1372.53 
4004.7 1622.17 5366.15 5797.51 5531.56 
2111.67 6480.5 311.001 5420.41 9220.91 
55.9469 2848.57 6325.89 9736.13 882.907 
7045.48 2837.81 2282.38 6581.66 3082.1 
8253.68 7520.24 2131.57 3427.41 8248.03 
373.153 9645.82 4173.15 7817.77 4637.21 
5545.68 1822.46 6259.38 911.812 7619.97 
1790.92 3023.49 4100.45 2101.92 8443.9 
3321.35 2157.87 1292.45 9647.24 1893.98 
2175.35 6692.7 4731.79 4457.73 3274.35 
7813.9 2711.39 794.566 9945.47 6138.8 
9042.6 318.601 5784.6 3215.73 8136.38 
421.793 8761.41 9958.84 6681.17 9673.22 
7578.79 8472.09 2696.69 1679.23 573.999 
1140.57 5000.58 2731.87 2433.02 4647.81 
4625.85 4608.37 1340.49 9357.64 9066.1 
4614.84 7171.52 1777.48 5409.41 7116.97 
7916.27 4451.99 7435.57 3700.86 7667.72 
5571.93 4122.65 6429.11 5530.75 803.803 
6102.31 3109.52 9275.9 8799 4788.75 
9849.9 9939.57 9789.33 2581.75 2372.57 
4437.12 7207.6 6980.94 5777.61 6565.22 
6047.03 392.436 3736.73 7824.51 5801.84 
853.682 5740.76 253.816 8289.25 9441.62 
7921.54 3861.17 3564.25 4350.63 9391.91 
4368.06 452.922 2501.42 3643.93 9251.92 
7290.17 3493.81 9191.47 7079.49 6075.56 
1564.03 1516.59 3283.14 8544.97 7294.2 
9848.36 4591.99 7686.64 3585.08 2416.48 
3488.46 4438.76 8157.24 3742.28 2727.99 
7598.85 1663.8 6589.16 1163.08 6014.43 
5981.05 5531.14 6467.35 8482.48 9175.07 
5719.25 5772.63 2668.87 4910.71 2852.1 
8744.43 6474.74 4368.69 2027.55 5019.7 
1662.88 1875.9 9611.68 9349.52 5460.98 
2028.15 2837.96 9899.73 185.371 6580.24 
2627.71 7784.22 8244.04 9216.87 8947.3 
4258.45 5197.91 4478.42 725.785 3680.36 
3653.47 6445.04 9453 6322.34 1355.73 
2305.08 5066.75 7830.47 6673.78 7094.31 
2850.15 8336.65 8970.21 2461.82 7686.15 
4431.17 4489.96 524.099 4330.88 4675.34 
7104.34 6958.59 2459.53 5348.37 6175.44 
1406.82 9606.82 1373.33 5885.23 332.589 
5053.7 9538.7 6777.63 4506.68 5861.03 
8133.36 6811.76 927.761 5963.81 3485.52 
8022.07 8813.97 1822.16 6992.26 1275.77 
9508.31 1423.4 5765.73 32.3909 5754.29 
441.053 7136.73 2712.86 2900.59 2485.08 
8888.31 4307.4 2091.89 261.625 192.619 
2424.48 5315.32 9731.32 9202.1 9822 
5592.33 7335.45 6633.75 6520.09 3299.24 
119.249 4542.14 2113.19 1941.41 1534.38 
3388.96 1449.7 2957.79 9154.7 1482.09 
8712.07 9595.75 8618.82 1424.92 2496.32 
1103.89 313.214 6803.73 3195.78 574.839 
6996.34 5620.26 5890.16 6727.65 4822.34 
5712.15 2319.97 2157.77 2345.87 8840.06 
5457.02 2465.12 3382.19 7570.21 4406.53 
4916.57 959.158 5856.23 7874.35 113.839 
7338.31 6586.41 9709.59 5957.12 8011.33 
2205.9 7061.01 8324.55 9009.62 256.771 
8899.39 6005.95 5877.03 4789.53 2733.58 
699.352 501.659 5053.55 2857.12 2847.53 
3893.59 8314.14 5312.65 7275.78 5884.33 
9719.18 2192.33 6843.49 5575.39 66.6713 
6957.33 2913.69 6653.08 6666.9 8870.81 
4664.4 8872.8 5931.8 2988.93 7882.4 
6188.57 1888.3 3888.33 2065.58 6677.83 
6621.91 2764.94 7179.49 1675.45 5622.06 
27.0004 5569.04 3936.18 5339.65 2844.81 
9820.52 5058.82 5037.14 6663.99 634.195 
5103.81 3621.3 3547.88 1756.88 288.19 
2418.68 6421.28 9160.99 8350.48 9410.2 
7043.37 4539.04 1298.48 931.689 6604.62 
7976.31 7553.6 9369.56 5155.78 9229.05 
4991.6 5182.78 4798.07 8927.78 522.417 
7642.88 8748.28 5581.24 2680 5412.25 
6215.43 7783.82 9033.55 9763.32 9540.69 
9321.74 2181.98 5961.95 8482.72 532.439 
5372.14 5526.07 5071.48 6670.62 6457.76 
1676.08 4646.92 4011.35 1045.62 9802.7 
3240.38 6037.21 4985.46 8038.46 4964.98 
5507.88 5681.32 3713.24 1089.1 8361.33 
9125.49 7304.53 6145.13 8159.03 7067.83 
5685.8 7480.75 9249.8 1647.74 5963.45 
9782.24 7019.88 1489.51 4853.7 3690.49 
7947.27 6529.78 8337.41 1958.61 7575.4 
8140.09 5198.99 3612.59 3125.53 3237.43 
8577.57 8633.4 8918.75 2290.79 9722.5 
7280.06 1416.26 7027.01 3425.17 9575.29 
4094.82 9110.97 7056.03 3344.61 758.694 
3019.46 3126.83 7778.58 4508.97 7980.53 
1469.05 2456.23 4510.3 9806.45 4414.83 
2085.68 7946.52 9613.82 5698.27 1072.03 
2851.23 4275.83 9705.44 1769.97 6566.62 
9427.92 9050.03 7982.88 6454.91 2475.18 
7558.16 549.711 1586.13 4614.17 3894.32 
2344.83 7633.63 7021.15 123.384 2142.58 
5001.67 1592.43 4598.81 9511.97 1398.87 
9013.65 1597.63 9345.39 8627.45 7295.9 
417.407 1478.67 1571.71 122.826 3248.64 
8138.33 9550.74 2298.65 6121.19 6005.63 
4773.83 3679.33 6555.35 6359.96 8293.5 
449.647 8704.78 5927.11 7470.8 8828.17 
8069.69 2472.45 420.581 2668.49 1984.4 
1819.45 1682.12 3582.03 1164.82 309.558 
877.914 1582.23 1788.23 2449.62 1705.06 
5036.87 587.933 1255.78 7335.52 6709.13 
7261.42 2109.32 388.441 3816.75 8469.28 
8681.94 4266.39 7174.05 4609.03 1737.17 
6002.2 2678.71 4209.62 6422.78 5347.2 
6194.03 8242.23 7029.32 9776.06 9407.05 
7338.88 653.955 989.267 9127.11 3103.58 
2694.32 4163.96 3691.51 3950.11 1499.46 
400.619 1211.51 3608.78 789.06 5028.25 
2078.05 9471 9294.65 9252.09 4080.01 
1031.8 5254.27 6758.72 5241.43 1677.03 
2105.91 1435.44 9919.26 9135.23 1211.48 
9326.3 6474.09 1865.43 315.547 5601.18 
4969.01 3009.87 9765.14 8660.52 6959.98 
1264.58 9061.14 8171.49 4873.36 9850.2 
3199.72 6951.41 9321.19 2494.35 6203.49 
3401.18 3526.16 1457.74 159.889 8767.58 
3134.78 2265.8 203.006 3054.02 1401.01 
1414.49 2380.3 7875.1 3279.92 2695.85 
3476.26 8248.93 5705.72 3241.39 6909.44 
2665.68 4505.97 5970.56 837.154 9379.33 
5820.75 4036.88 6330.73 5141.92 6531.23 
2534.2 8543.1 57.3683 3991.94 8702.99 
8824.95 7126.72 968.768 9027.96 180.73 
2369.78 442.426 2561.03 244.857 3722.35 
5256.89 3721.12 1971.26 962.593 6962.51 
8880.7 3628.28 1468.46 4851.25 4465.43 
847.777 671.985 8502.31 7178.51 5813.9 
5033.52 9712.71 4356.99 5090.89 3704.63 
3059.96 3915.83 831.338 4028.73 2943.77 
1012.07 6398.5 3386.19 3573.1 6643.36 
7108.54 8829.99 364.464 9079.8 9792.58 
7326.97 7960.49 3420.84 8795.43 2811.72 
7886.28 9643.21 3483.71 6388.57 6821.7 
9297.61 1422.07 6534.39 3654.58 6512.96 
239.001 6714.54 428.773 1070.34 743.253 
3372.54 2082.41 7141.76 6758.73 5655.51 
3785.1 3867.25 4485.48 4149.56 2947.04 
4278.05 1476.52 907.509 7698.89 271.933 
3719.23 5585.15 9915.14 7202.94 1973.7 
6736.82 6500.53 3395.77 3271.19 155.091 
9908.74 3510.19 6869.63 337.492 4580.53 
7612.88 3710.03 6662.94 4754.62 468.748 
2318.43 8539.73 4336 6803.91 2689.27 
7283.04 1081.94 4165.79 8190.55 8780.83 
4437.73 1909.76 4365.96 4352.85 9112.7 
6339.66 1089.66 5613.21 9735.43 4360.85 
5768.3 9644.15 7871.04 2637.92 9981.64 
2451.55 250.783 3691.65 9114.49 5005.41 
4160.4 1432.9 3545.12 8496.4 8236.81 
6234.39 5779.43 9318.75 400.164 3969.96 
8099.56 4837.89 5879.72 2465.51 9190.74 
4992.41 8805.16 280.378 605.598 8540.57 
4641.22 6373.9 8184.7 2512.24 9011.81 
8166.32 4963.8 9262.6 1857.96 4078.27 
4267.99 6018.36 5511.17 7813.1 4514.75 
3747.97 4047.47 294.161 3066.71 4447.64 
4264.12 1166.25 9285.53 143.83 3631.76 
8476.25 5136.24 2436.9 8756.63 5741.83 
977.46 3397.83 2115.72 9162.16 5910.08 
1127.51 7328.47 873.86 390.094 9186.43 
4952.13 4658.08 5204.78 463.285 2471.17 
9719.53 4211.25 6518.64 13.67 7277.96 
966.262 4277.79 8444.21 251.772 4421.62 
2075.95 8728.02 9557.86 4512.86 7484.63 
5299.67 5490.32 882.449 7415.39 4652.46 
6792.53 8542.9 1980.92 7666.39 8933 
1167.33 2618.5 3591.06 6372.11 3081.79 
6062.23 6091.62 7293.04 2580.85 6105.29 
4570.98 3547.12 383.06 3015.18 3798.89 
4804.68 5091.13 2526.89 4362.52 9603.99 
11.508 9662.2 5094.29 893.957 7077.57 
9746.75 7686.49 5620.46 1727.65 5352.86 
4553.44 2894.98 7971.36 8144.5 9267.08 
1053.13 4206.71 5358.68 8346.17 6787.57 
1463.95 2917.13 334.665 1847.01 5932.31 
4133.55 6651.69 1023.43 6660.45 1014.2 
627.397 6671.96 676.379 5721.69 7565.91 
7753.95 5468.42 5252.38 3374.39 7196.07 
605.221 7927.83 91.0314 8576.58 6072.31 
9358.12 9629.71 279.003 4716.78 7975.86 
7066.57 6180.73 892.973 7401.23 8027.75 
6825.28 1534.77 4679.42 7848.71 8195.22 
5693.62 8476.11 4867.16 6370 4197.78 
2433.05 4123.93 9666.2 7685.43 7498.32 
6862.25 8290.65 5426.13 6953.28 6867.21 
1498.42 6311.38 6496.9 1777.42 1028.15 
4472.74 8843.99 7208.88 5365.72 6245.21 
5236.61 2190.98 7779.98 9916.03 39.6782 
5975.18 5609.64 8515.79 842.321 1979.63 
2713.54 3275.37 6103.56 2379.72 960.787 
3601.87 9241.97 9251.44 9028 6195.23 
6118.64 526.401 2506.6 2615.52 2303.82 
3534.74 7088.27 1147.8 743.604 2453.97 
7393.01 5980.21 4644.95 5172.97 5896.23 
4684.63 1148.14 1505.86 3200.4 1990.46 
3485.48 5913.94 5265.83 9589.05 8293.67 
6226.62 3190.9 7535.62 5478.04 2218.88 
3730.84 1596.66 2745.28 6237.43 4212.19 
5049.1 9772.17 1300.44 6196.9 515.762 
3754.41 3589.9 6495.98 8399.36 8762.87 
2392.19 3083.97 9911.01 3898.05 6284.37 
1901.45 7383.53 2198.3 7167.29 6972.56 
491.948 3393.89 163.437 8027.57 8871.93 
2382.31 1758.39 468.578 5127.59 7995.82 
4680.77 176.678 7767.98 5981.2 6373.58 
8283.74 9735.61 9963.48 4779.7 8134.95 
8726.33 7171.89 1218.91 8637.33 1069.92 
7503.28 538.763 8453.45 9701.58 7706.05 
5425.99 193.51 1099.92 5589.43 8221.08 
9971.85 7971.74 9979.47 440.415 3099.32 
7975.28 5121.18 3275.99 5743.24 1102.37 
9649.58 4026.97 837.962 9613.04 8806.67 
8972.92 8339.35 5978.54 191.806 6976.66 
7048.46 7695.09 7515.42 5501.9 7396.65 
5221.46 927.869 7590.16 6321.38 6517.3 
5811.22 6293.21 4489.02 5790.67 6733.63 
7588.33 3765.93 1854.79 864.311 9509.18 
2957.16 513.869 3536.13 3795.12 126.889 
2342.78 2768.02 8466.24 8321.32 2959.82 
5442.89 5369.77 654.894 2958.29 871.651 
8051.54 8179.75 1799.52 5641.69 4501.11 
8316.82 1452.89 794.304 2805.82 7243.56 
7527.93 394.136 1009.48 9382.72 1258.45 
518.641 2339.87 1772.32 4054.77 6134.99 
1899.21 6397.55 8903.01 365.43 4718.85 
1862.81 5808.32 88.6064 2517.71 8766.61 
960.257 569.234 6946.34 2759.78 6210.92 
1447.43 1076.58 7663.81 2241.73 3882.39 
4907.36 9769.67 4276.53 5916.84 9152.37 
5534.98 6435.48 1492.22 7307.29 490.23 
7627.21 9206.5 6887.78 6530.2 9571.93 
1606.61 8393.01 5380.23 1695.22 910.704 
4146.82 2655.47 1479.94 1093.14 5415.25 
7690.86 2540.57 6491.83 5354.65 4782.31 
374.204 261.991 4551.96 4650.73 6178.83 
3704.31 185.693 2614.29 5196.53 7492.98 
3104.52 2823.73 6699.46 9992.3 9353.93 
6271.37 1598.89 7746.92 1651.58 3294.11 
8657.63 5798.4 5949.59 137.549 6891.54 
1364.82 7828.41 9432.11 7856.65 3183.04 
4214.4 8230.85 3445.03 8766.35 2881.57 
9623.86 2470.65 3067.26 2238.14 7667.18 
560.228 5342.66 490.894 7259.69 5334.94 
9844.82 3531.05 6933.84 7591.73 5182.63 
227.931 6249.34 981.016 6177.52 6386.89 
7872.55 7542.34 4215.28 7304.65 5398.97 
7398.32 1519.03 3629.8 843.334 285.362 
6511.37 467.178 2756.01 9578.63 2705.32 
423.175 138.842 8047.98 914.069 7398.53 
3382.9 758.874 929.567 316.723 8350.6 
6112.2 544.654 4599.93 7093.22 6722.17 
986.799 4965.75 4264.49 5202.08 2270.38 
9663.46 2600.38 3789.41 3293.24 3443.72 
4074.77 9804.61 3910.89 6830.78 9383.23 
6616.21 7253.96 9522.07 4664.17 8168.03 
6920.59 8047.07 8926.9 7850.15 8363.8 
7277.49 3962.34 8908.45 1877.4 1055.53 
5630.6 2864.2 6021.29 9895.1 8066.27 
8291.67 9558.54 666.639 2081.07 2851.76 
4110.35 6155.84 2656.36 8021.25 2986.61 
2039.57 4637.44 240.547 1561.62 9301.61 
8408.58 8482.21 7348.67 7335.46 6332.34 
5712.45 4612.93 294.66 4620.88 6490.33 
1350.2 251.467 9354.53 7371.48 146.546 
7420.78 5663.14 9705.08 8087.42 7744.21 
2556.83 2197.76 3900.03 5213.19 218.988 
6886.63 7252.76 4856.43 7127.18 8814.38 
4158.02 5535.74 7296.56 1506.67 2871.18 
3628.89 7219.12 7484.11 3923.55 1839.98 
3974.43 5273.75 2091.45 3328.93 2645.21 
2237.99 749.699 8308.35 1943.06 8837.12 
6052.54 4499.89 1034.86 9952.57 9713.07 
1253.85 6839.19 6965.81 6110.28 3966.35 
5780.17 268.281 9502.09 3076.72 1774.95 
2373.26 6705.61 8994.07 9857.37 629.14 
834.031 3831.78 5902.89 2925.48 7160.71 
8548.1 5163.47 7910.41 6856.43 7106.53 
6747.52 2908.95 1606.4 7782.38 2861.51 
1319.45 9036.22 9700.69 8285.27 5146.48 
3667.03 4065.42 5414.77 3169.1 7142.14 
7189.72 5542.35 3847.73 6183.77 5399.71 
4476.87 7017.8 9231.49 379.738 9943.28 
6392.18 8927.84 5106.73 4302.58 5784.25 
2213.24 1050.08 8693.21 3819.64 8832.46 
1554.69 5139.09 7868.67 1255.37 3424.34 
3015.13 4922.39 7489.76 8429.9 8091.49 
4631.88 5619.6 3633.83 8479.61 1803.35 
9033.54 2956.46 8821.15 8265.01 3336.2 
8764.41 4657.18 2264.02 3871.12 8959.76 
8048.27 6084.36 9.82128 6741.46 9904 
8842.28 8296.15 5043.08 6710.93 9551.52 
8467.42 9726.06 4473.9 5957.16 8155.94 
2565.38 589.025 3775.52 6199.21 9068.64 
5578.87 5232.73 2025.08 4400 3497.72 
5361.28 3164.39 8154.9 7625.3 7035.51 
7114.64 5673.56 3119.85 7124.46 2415 
3023.84 5966.72 711.134 8066.92 2677.63 
262.639 6534.32 2403.67 4736.54 2491.46 
559.592 7301.92 3080.49 4335.11 3501.1 
2149.11 9913.98 8733.83 4174.19 4313.96 
2231.53 9535.47 7478.35 386.412 7160.76 
4513.84 7501.05 2834.3 7633.69 4625.49 
5249.3 657.514 592.191 5960.43 8724.43 
3269.82 6223.07 5258.73 5673.49 959.593 
7750.19 6233.08 8261.51 830.662 568.174 
1762.6 2979.77 482.135 496.411 7153.96 
4796.09 2727.94 6689.41 2274.42 3114.36 
3850.15 6788.26 615.388 6684.45 4421.94 
5240.88 1933.73 5079.45 5833.07 7894.16 
3803.86 9102.89 4117.22 9062.59 4776.36 
5076.81 6812.77 1009.42 3338.3 7643.43 
1577.6 5100.9 623.183 2059.73 5597.31 
7777.14 6855.83 8325.25 4466.53 9130.25 
1439.59 8316.69 5918.49 2054.98 5001.12 
340.411 7295.86 6934.85 5419.86 3128.91 
4829 9223.72 2231.78 8946.22 8286.3 
7008.14 4023.01 5099.06 8017.57 7361.32 
2742.47 9595.16 2462.2 3365.65 1654.88 
8059.5 1142.78 8510.71 6384.74 5609.31 
7640.94 7824.33 3925.98 3559.41 9879.31 
8927.1 3899.83 7175.15 5861.93 9319.69 
304.049 690.918 8543.39 2535.83 9637.14 
6829.68 9543.97 3660.14 1928.72 7561.52 
1021.43 4671.19 7156.67 3483.63 8036.84 
8811.55 1543.12 9179.62 7322.24 7927.86 
4788.91 4963.16 5752.17 8714.88 8522.57 
5631.47 7641.96 2422.38 2806.61 3503.88 
1742.05 3110.66 4194.8 285.429 5646.49 
3831.92 7115.11 5190.44 7492.06 9043.83 
2751.95 8513.49 3715 9908.62 1997.1 
1751.83 8720.15 3540.22 931.427 6042.37 
1468.06 5720.34 1005.51 7220.24 4435.2 
9528.09 2851.69 2077.15 1950.45 5658.3 
5581.03 3692.51 8768.95 9775.83 3977.93 
4415.42 3607.74 1093.03 9605.87 1099.77 
136.835 2357.8 9613.26 3851.83 2266.4 
1610.35 5603.66 986.529 5150.57 6535.09 
7028.9 6618.63 2255.41 8034.41 3838.85 
6690.61 7562.48 6690.54 8767.76 9512.94 
2348.82 4348.78 3205.43 1117.76 4124.59 
7183.36 5533.18 7732.33 8276.39 5139.03 
8832.1 8413.22 7496.83 8445.35 2265.04 
9763.22 55.6847 7868.7 749.736 5206.26 
4403.77 7778.64 1824.87 6659.18 5813.03 
5663.72 3349.77 3375.5 2354.25 2117.52 
2888.42 4703.07 6466.29 6093.85 5820.82 
590.87 3277.19 1353.98 8323.2 1553.56 
6493.01 7155.29 9966.79 3989.82 5600.62 
2231.81 3753.03 5656.31 100.489 4502.76 
862.544 4504.26 2281.38 2687.42 1163.42 
8094.41 8351.14 4513.19 1469.9 705.37 
6630.7 4358.32 5408.44 3096.98 452.151 
1229.24 3687.85 3729.34 2583.22 2011.03 
5282.91 9076.24 9166.32 5249.68 3066.04 
4766.92 7481.48 6819.07 423.209 7581.97 
1321.81 1285.75 2086.21 3603.2 3973.17 
3249.63 1697.59 2324.29 7762.82 3167.49 
3029.66 4393.5 7525.81 8438.1 7490.48 
7977.96 9667.34 1178.31 1707.29 2250.54 
3189.35 6990.19 1326.76 2355.65 2239.85 
4392.8 7122.57 9721.34 1211.85 7545.78 
7303.29 2533.66 8831.53 9389.5 6136.86 
2804.68 2639.11 7834.45 5128.97 401.913 
1001.92 8158.64 4795.41 8527.73 6596.72 
2285.88 6505.68 6264.04 3464.19 8212.96 
8514.58 6653.54 5203.14 9841.34 9009.18 
7442.99 4234.12 6131.74 7164.31 5445.97 
3677.5 4467.58 7979.64 2509.01 3857.07 
4116.48 5313.69 6496.18 1950.91 442.649 
6898.1 2952.84 8601.29 1693.49 1480.55 
5197.98 3979.37 7986.23 1462 7443.56 
6199.17 9976.58 4097.08 1402.3 9817.91 
3106.25 8845.29 4052.02 9237.99 6009.58 
9497.99 2915.46 477.15 7477.61 5424.47 
4334.22 1594.07 738.149 830.385 3544.98 
1180.8 7728.48 6497.82 9782.08 9421.97 
7978.37 4980.05 3401.33 5964.58 6442.05 
844.872 2163.73 6418.62 4941.95 3566.03 
6236.51 8048.2 2411.3 288.508 7286.17 
8420.88 9786.5 201.62 8898.03 7264.09 
5626.09 3232.24 8858.16 6364.24 4062.62 
2403.13 7545.04 1791.09 8900.95 7327.11 
1213.04 6879.3 2307.14 4614.37 2843.86 
8749.19 5459.24 5007.6 5167.79 401.177 
8573.63 1404.29 8449.38 984.912 1692.8 
5735.54 9405.8 1479.28 5937.16 8303.81 
8743.37 1563.23 1536.03 7601.51 7927.48 
5598.65 4.62743 5472.5 7389.74 8905.58 
2799.59 8602.78 5784.86 5106.73 3217.13 
8628.72 3855.91 8676.37 3636.3 9023.7 
9077.55 2209.92 427.969 7526.92 3194.83 
2120.76 3262.44 2600.61 3600.04 9199.59 
904.402 2343.39 762.809 2440.43 9944.91 
8690.29 8039.09 9949.53 4162.77 5428.81 
8855.09 6962.36 4031.58 4639.94 2069.07 
7248.71 3268.64 5924.98 5925.07 6904.95 
4948.66 5002.6 9114.86 5376.63 2529.5 
2309.67 7497.4 5791.94 4910.28 1097.42 
4991.51 5814.68 3440.81 5754.32 8255.12 
3385.7 4444.59 6294.19 3335.22 8607.36 
1722.98 2190.29 5569.7 5754.56 6830.23 
7638.78 3003.25 98.8554 3563.74 8928.32 
7003.8 8512.4 3930.9 6118.65 3889.02 
6460.4 8428.32 1386.39 2252.32 3338.58 
2483.81 7243.83 9153.27 5924.62 2998.14 
7408.37 9310.32 7442.72 3702.54 2645.52 
6050.07 5425.52 4835.82 1619.76 1180.06 
1666.03 9258.54 4183.31 1764.89 2822.26 
3111.61 8768.69 1334.65 7042.51 4887.32 
5223.66 3502.9 3315.62 6610.06 5755.22 
6654.21 9093.87 2999.04 5807.46 5018.48 
5997.17 3215.8 4328.79 3439.88 6918.34 
6974.31 9489.95 2343.84 1810.11 1109.69 
3523.9 3476.14 368.205 7707.21 5241.03 
3190.47 818.807 4009.7 4525.11 7861.32 
8897.02 9748.78 1364.2 2212.63 6358.82 
7119.43 8866.84 5452.67 118.448 4674.28 
471.136 6115.62 7890.08 4799.92 9555.5 
4808.4 1774.21 9045.44 7152.25 3584.33 
155.105 676.131 7060.47 523.311 8383.34 
2301.48 3713.78 9202.15 6311.18 8238.89 
7063.45 5208.18 7987.65 8427.66 7420.81 
4346.45 5547.07 6287.63 9799.12 5665.52 
961.887 270.244 1781.12 8851.97 5070.17 
1336.61 3660.35 6844.38 382.026 812.584 
428.689 537.131 1488.72 7489.16 1060.44 
9872.06 9790.64 4774.22 9074.19 6101.8 
3013.09 6137.63 1309.96 1000.72 4565.27 
8730.77 5347.17 112.323 5018.38 5146.28 
5777.84 5980.27 5416.52 7558.96 4832.22 
486.673 8895.57 8492.57 7331.05 9277.6 
9305.16 7759.74 9814.73 793.857 5248.88 
875.154 665.899 5039.5 5649.37 9740.09 
1141.28 8662.46 5877.7 2451.24 9663.19 
442.957 1182 5010.34 555.281 6200.38 
156.606 6333.12 2180.63 5573.13 3892.07 
7012.85 6059.8 2787.62 5505.4 3390.84 
2065.2 4810.54 1150.57 1879.92 5604.4 
6399.45 2755.07 6270.3 1438.93 8404.44 
6010.37 2580.21 7066.89 1888.06 5031.46 
6730.06 2331.02 6213.45 1740.38 2886.3 
2413.81 1896.99 9219.42 4594.44 7470.12 
3111.47 1607.27 3529.91 5899.09 7112.68 
6920.75 7964.3 1923.2 8071.31 9844.21 
7527.61 4470.74 2599.27 3797.89 5909.68 
1003.69 9808.26 8489.89 8070.58 1696.31 
3521.33 4800.63 4027.32 9734.78 6541.01 
6913.62 2148.58 8438 6133.02 6743.02 
5908.1 9244.49 8350.29 9438.01 5143.57 
5462.95 6358.74 3107.85 7386.16 4430.04 
2952.04 4913.75 8900.78 5551.31 8711.64 
4810.44 6555.01 8519.88 3300.31 4625.57 
216.172 6821.64 9426.2 4243.49 6556.41 
5967.19 1157.1 8704.99 4405.17 7290.12 
5447.99 313.259 6534.59 3798.27 9751.27 
1678.14 9261.22 6109.99 4785.99 6647.36 
540.01 7738.03 1561.1 9440.79 3289.33 
272.717 4251.21 9844.33 8792.6 7551.53 
4469.89 9008.77 4373.15 3896.07 3252.25 
929.545 9863.26 4409.34 9634.53 4268.42 
1699.44 5082.5 4581.68 8234.04 8880.77 
4332.93 9912.18 8141.98 442.901 4698.15 
4789.33 982.911 2436.16 6350.42 423.685 
5725.49 6623.14 4674.9 5569.81 5415.72 
2226.41 39.6806 4424.48 6599.56 3935.75 
7676.73 7529.11 3799 2086.05 7163.62 
8067.41 3785.5 2246.11 2649.07 2019.52 
1126.87 6982 1931.68 9268.84 7424.9 
6629.82 4058.15 8407.81 9065.99 408.555 
8831.5 4791.47 7031.69 3506.38 361.257 
2447.4 5732.79 400.937 6871.88 2332.34 
4336.69 4548.59 9861.45 8135.68 6634.64 
7025.05 6203.08 420.124 9271.16 8852.15 
2439.64 398.012 5834.14 4371.32 9666.85 
3259.02 1001.12 3724.99 1666.82 67.0972 
4133.54 498.297 4858.56 1165.22 4004.68 
5219.82 3612.62 9737.47 5620.76 484.482 
2069.79 9957.45 5033.07 1931.22 8093.11 
1667.7 8956.27 4296.18 2087.82 8227.42 
3148.31 4527.46 8625.43 8982.45 8898.78 
8292.26 2241.45 9899.9 2017.24 3908.27 
9967 6150.78 4406.57 4825.54 7316 
8411.24 45.3461 928.606 8148.69 5666.1 
1413.09 218.463 5623.53 6446.16 2149.68 
3716.63 8113.85 1105.93 8012.8 201.655 
9333.35 1161.1 4729.11 7958.76 143.527 
3627.87 6251 2384.98 3527.76 8268.24 
6293.25 3494.74 4419 699.796 8320.29 
1734.99 9111.04 8365.63 2663.59 7259.71 
4031.72 4076.68 7478.18 9655.25 522.821 
9627.86 3371.86 8636.67 733.772 1384.64 
8838.33 67.1024 2545.74 3567.43 8025.86 
2689.26 7195.3 4276.85 5074.24 723.043 
2545.07 1367.47 4217.78 6964.07 2067.27 
2538.05 8699.06 1178.29 903.668 1362.64 
8438 4935.38 5439.32 5916.16 4590.62 
5962.14 5544 7962.47 4598.8 6277.78 
9347.11 3437.11 6344.88 1892.83 7004.53 
4370.72 4582.09 4199.82 8647.57 9656.33 
4922.86 1192.62 1023.79 9140.64 8156.69 
3091.05 1678.68 6855.73 4269.34 2582.35 
8218.37 2707.33 7517.73 3657.67 8623.49 
2108.33 9619.81 4167.48 70.7864 4218.59 
445.237 9417.9 7655.7 6790.12 1310.71 
4660.21 1160.82 5892.8 8860.03 9808.39 
5549.12 3782.87 1000.99 6572.9 2923.5 
9157.68 9663.96 4602.18 6013.4 3933.28 
7184.53 4231.75 6640.61 4702.25 7889.42 
5264.08 6810.58 7509.22 9431.56 6881.37 
1727.79 9876.79 6299.25 9383.49 6666.89 
7609.96 4043.69 7827.71 3502.74 2903.7 
7636.08 9051.86 6686.57 8637.07 5624.75 
9610.08 7794.73 5288.69 4212.24 3808.11 
9221.97 1396.76 8039.86 5862.56 6099 
5929.27 1126.62 2909.57 3438.47 558.163 
9790.93 5166.26 434.941 6090.16 4549.74 
7101.83 3700.1 8593.42 4929.53 7202.85 
1497.11 2565.59 6254.69 8183.68 1202.64 
1879.42 7793.74 8997.37 7168.11 2005.97 
2805.46 6390.06 3402.72 845.304 2252.6 
9501.72 6774.57 3379.22 2411.27 213.022 
3937.38 2202.19 5379.28 4372.32 8292.35 
9929.02 1474.14 1992.44 8522.42 6403.67 
9195.28 19.5153 8969.26 5449.96 8203.2 
171.886 7329.38 5996.92 9169.26 4497.47 
8002.89 1974.7 887.513 1405.59 2820.01 
3140.11 907.297 9594.58 6519.33 3318.57 
9807.6 456.702 5520.76 5186.86 4829.03 
3813.09 5115.87 6303.17 5805.53 3638.27 
2706.82 5000.8 3657.79 1676.07 450.742 
1860.97 1847.95 7780.12 7857.89 1017.19 
2277.58 5860.76 2991.89 3165.09 7266.35 
5811.9 6305.2 8173.64 5406.46 2824.52 
1492.2 5214.04 3281.22 7012.96 400.886 
8110.25 826.036 5516.75 4413.4 6631.57 
9155.03 7120.22 1632.35 2812.8 8796.28 
2083.09 4673.77 644.219 9863.21 2531.64 
1661.41 2140.77 8392.4 4653.3 5305.86 
5658.73 465.186 1611.05 3832.35 5871.65 
4435.57 5324.55 1085.67 7716.79 2337.49 
1486.55 5827.02 3163.53 7003.3 240.397 
9795.09 6158.31 7360.62 1427.43 8971.11 
6156.88 3510.52 3644.86 6801.1 3373.72 
6176.5 8462.51 5514.49 4568.87 3115.8 
820.339 227.582 3580.99 2431.39 4059.94 
9452.63 6866.95 9384.48 538.28 4583.72 
1721.96 2024.83 410.718 4885.48 9028.14 
651.115 4680.56 5186.43 8011.73 6107.99 
4157.52 4168.6 9618.51 7802.38 969.681 
2992.22 3978.86 9432.19 8506.71 8547.73 
2547.97 9327.05 8775.31 6128.96 1758.42 
2835.23 5581.57 8625.37 2219.7 6119.85 
3209.07 3941.66 8144.68 3619.79 8827.14 
7172.8 4270.91 3507.69 2359.22 2282.62 
9615.68 6516.74 6451.22 9234.18 4319.1 
7420.9 2226.38 8297.95 6853.07 733.074 
6845.67 9401.05 60.1077 5620.96 5529.99 
1818.53 8456.19 1111.55 443.88 675.876 
7231.4 3652.95 4617.53 5376.07 7272.74 
3444.66 2548.85 1543.63 6952.35 4908.07 
3826.25 6568.01 1424.79 277.452 5802.17 
5743.89 7698.35 8028.55 4041.82 4551.4 
8761.62 887.474 3952.43 8821.73 6508.44 
9482.42 640.24 4964.61 593.953 1084.12 
5640.49 7825.35 4737.07 258.007 3201.4 
2009.8 3702.67 5750.25 3553.43 654.994 
658.302 7379.69 7223 2083.09 7657.14 
3025.16 7826.97 5355.47 1053.69 1868.78 
9906.88 9815.31 2756.25 3859.29 8637.02 
9264.69 3341.7 9277.26 4229.29 3935.65 
361.365 9869.78 1760.99 5098.44 127.77 
4962.39 7108.24 3830.43 712.622 661.658 
4485.43 1370.92 8041.35 1708.42 3454.01 
5698.47 4733.57 1280.97 1053.92 5787.26 
3149.75 960.783 5602.55 5906 4820.08 
4239.56 5170.68 8161.78 3516.8 9399.97 
2097.42 3878.17 9269.73 3858.4 8976.61 
9397.5 8820.79 6084.83 3227.92 9533.41 
6746.49 7713.35 904.321 4787.82 9421.76 
4358.33 486.267 4155.32 5639.3 1540.19 
9942.58 8789.05 2500.97 5545.11 4695.04 
7321.05 9784.67 9865.72 5482.81 3301.45 
9265.67 7580.23 7179.62 8535.38 1438.61 
6156.21 7932.86 259.389 2241.02 1160.76 
9792.8 8987.51 8874.11 697.107 3775.31 
8295.86 5055.44 4261.57 2451.16 694.727 
5801.76 2393.72 9483.78 8302.74 7938.83 
4178.81 5623.77 7723.48 4044.51 1106.56 
1024.91 3310.16 8686.79 8204.53 1845.52 
125.387 4360.72 9778.39 384.776 6601.75 
939.132 177.562 5589.24 9813.24 874.668 
9364.54 8109.08 5930.11 3626.1 560.219 
6624.84 9427.86 2953.93 6108.6 7730.58 
892.744 287.388 3354.33 8616.22 4331.9 
4460.9 9641.13 7642.05 3147.67 7845.65 
9487.58 3273.06 2206.36 9265.94 3657.83 
8808.1 205.059 3835.4 4397.32 18.2839 
4710.06 3761.85 8127.36 640.156 7387.95 
8687.58 7264.99 6815.79 1641.5 3373.58 
4546.36 2534.25 3660.96 7900.7 1150.45 
7992.86 2361.58 791.568 5634.9 5509.25 
8637.22 5122.45 8782.31 843.56 4388.38 
2440.12 9651.66 4593.44 6275.52 4048.97 
4611.72 985.564 7810.82 2739.07 1625.72 
5198.75 1426.64 8890.71 2014.53 3068.14 
2264.27 6560.89 5602.38 5925.23 4461.57 
6752.83 3918.08 6823.14 7544.4 9552.97 
2332.37 6181.6 4675.41 1114.66 7025.17 
9063.79 3554.79 6676.81 3657.22 9830.3 
725.766 8268.94 815.851 8536.58 1008 
2441.57 3735.32 2434.63 1332.27 5749.85 
5502.77 3596.54 2310.72 1105.14 9521.77 
6772.29 7857.97 3439.83 3595.42 5402.36 
2992.79 5927.79 1583.95 7668.2 7042.45 
8609.11 6731.98 597.222 5285.91 389.174 
427.508 6011.67 8658.11 1243.36 4548.24 
9666.11 3684.93 8283.56 2100.73 5017.2 
4033.39 7603.5 8613.73 6344.11 8708.64 
8135.49 3116.38 6566.59 1575.3 6711.8 
1968.93 4568.09 2639.57 3552.88 2236.28 
9682.03 2161.97 8968.25 279.23 7447.88 
9357.43 706.738 3459.53 8015.52 1950.1 
8007.77 7681.62 5635.03 6291.31 9782.34 
652.206 324.687 7385.82 9265.94 6668.8 
6094.44 7401.41 9785.18 2661.02 8976.72 
6496.96 4629.95 3544.79 9136.53 8182.83 
5781.07 8818.54 344.791 4749.3 9097.77 
7792.67 4106.71 9804.51 1252.19 2122.22 
1754.59 9259.96 9803.83 7389.62 5551.26 
9586.16 8041.82 5875.94 6971.96 7307.75 
2544.73 3066.39 4709.14 2329.89 5727.41 
3685.84 8826.85 357.346 7230.63 7963.37 
8540.18 3011.68 6781.89 8884.97 7760.98 
5879.64 6677.63 1867.68 5684.14 7929.81 
3989.9 7438.73 7189.76 3793.71 4828.33 
2741 3379.85 2870.13 8616.94 351.798 
177.863 1161.65 3418.19 4887 3491.54 
9145.6 8572.84 2318.37 9502.94 5803.46 
281.722 8043.1 8815.14 7063.61 6928.06 
6576.1 2943.24 3605.67 8443.78 8627.38 
1535.46 2433.66 6066.09 8725.22 6227.37 
894.398 1466.2 9607.23 3764.53 83.1252 
9959.02 3942.39 1244.78 3377.19 8829.4 
4736.31 2522.77 7402.22 7054.69 2025.7 
3205.66 7336.41 68.7836 2020.78 4400 
6996.84 8596.88 7343.24 602.493 7040.65 
5970.6 2137.96 9474.32 2036.67 863.161 
5701.67 2931.07 2329.36 5308.88 6695.6 
2412.49 5267.89 637.98 3657.26 8645.08 
9467.38 8393.58 1167.84 6869.58 5448.25 
3193.53 75.2239 2784.64 3262.32 2096 
7184.64 259.142 692.872 4527.87 861.635 
7733.52 498.455 2999.59 7207.82 2535.13 
3862.75 2909.48 5466.2 6192.11 8218.36 
2161.78 8604.6 3486.23 2799.76 2261.85 
2131.3 2267.12 655.407 3299.13 9136.7 
6103.65 6492.67 9211.93 8888.29 9754.98 
1307.91 6072.92 14.1061 2000.79 600.77 
875.742 9734.31 1099.22 3875.33 6942.12 
3634.35 7738.09 9851.59 9100.55 3930.19 
8069.94 1262.32 2534.77 1556.15 4062.08 
4796.62 3687.45 6329.2 5452.02 6986.58 
5465.89 1555.66 3479.23 4677.8 443.936 
3234.19 5985.71 6516.85 3248.3 7986.5 
7117.62 4124.04 7720.79 8216.85 7999.38 
4662.89 1851.18 5737.45 4514.46 951.717 
9667.63 2584.38 2214.03 2202.39 4140.54 
6276.11 6999 7827.98 2605.29 2451.01 
4814.55 8071.18 4006.67 8293.78 2748.96 
4450.61 1527.95 8734.67 967.446 4776.25 
6721.14 8085.07 8900.29 4441.91 6301.9 
6899.65 9104.8 8153.09 2637.08 3619.25 
9104.81 2304.7 6203.63 1318.82 4507.08 
344.151 7594.93 1506.07 8172.14 200.206 
3957.08 2986.67 8271.38 7963.75 1280.43 
1020.32 2414.34 2808.38 9754.99 3381.79 
7584.63 6476.11 1466.84 6484.91 918.009 
7768.74 3384.55 22.7925 5921.82 6021.63 
3642.04 5026.6 8326.32 9845.67 6345.43 
2833.39 189.805 3940.34 4339.46 8361.94 
4140.55 8296.54 1348.59 2411.91 6260.27 
2629.02 3432.23 8674.61 5437.4 3187.2 
2056.38 3022.01 9663.32 3523.22 9506.93 
581.308 1291.95 2891.45 604.101 7213.77 
8913.08 4246.14 2240.35 7239.39 4091.79 
8585.78 72.7614 4281.6 2526.1 4412.22 
2643.52 6666.65 2708.74 3992.11 9078.56 
8969.01 6621.13 2510.78 7643.61 2058.51 
5697.99 9699.99 5080.52 5361.29 3223.2 
4587.43 5942.59 4515.15 7478.89 6546.69 
1728.9 6391.95 792.818 3969.26 3631.32 
4884.61 2555.02 3704.09 9166.21 5081.12 
8116.31 1809.72 1747.76 825.03 5801.83 
826.307 9794.04 2422.94 3337.09 7437.64 
4481.45 9035.08 7137.61 9561.97 4396.34 
360.798 4149.39 338.92 4875.95 1628.26 
6885.61 6604.85 8020.21 7678.43 574.092 
1651.52 2563.03 3129.11 5355.6 1729.22 
8210.24 3471.89 3538.94 9958 4296.92 
9340.76 784.288 4090.95 1763.68 4121.38 
1528.57 6245.13 3156.44 8666.18 5807.09 
7552.78 9026.98 9956.47 7891.7 3902.91 
1584.71 4777.3 507.747 9604.92 2455.71 
1081.84 1256.42 5018.74 4210.95 6612.02 
6747.96 2421.17 83.8968 286.881 2379.15 
4380.82 9627.64 3163.44 8471.76 1391.31 
7284.82 0.311216 7636.44 441.239 8666.49 
3443.51 7994.02 7693.45 3399.97 5885.7 
1596.35 4984.69 662.983 2104.1 4589.59 
3118.7 3185.94 5846.02 8137.44 7396.89 
2458.03 4885.38 9818.06 2541.92 5172.26 
2197.2 6922.74 4799.89 5360.64 5394.48 
6191.2 2645.44 5394.79 3827.63 3086.68 
4061.27 7271.15 1080.68 1754.71 671.1 
6966.38 3351.05 5655.79 7629.37 5455.15 
245.365 748.047 8641.08 6091.38 8885.48 
6037.96 8549.41 3770.85 5856 1091.31 
8943.11 8053.2 8014.05 3742.99 3413.82 
3408.52 9934.19 6059.26 8803.31 3761.8 
9145.94 2864.56 1032.93 226.606 4619.27 
1704.03 7192.99 7970.32 7359.82 4822.34 
3425.45 7605.18 5570.39 2066.52 3696.55 
4455.85 8104.48 2245.94 8226.7 3960.46 
3337.25 7169.8 2013.64 1351.29 912.767 
5427.46 4759.8 846.939 1486.7 3563.1 
4608.74 632.628 6427.66 5641.67 859.234 
1046.91 7345.71 8052.22 9017.23 4705.51 
2874.55 2442.67 2310.68 8444.93 4509.19 
6007.23 2900.77 2613.66 8253.17 1127.46 
6574.12 1590.4 8297.25 8587.76 2941.69 
9210.02 4015.2 7701.49 56.942 5501.9 
1264.57 4665.68 6134.53 7692.23 307.342 
6993.77 8739.14 7653.05 5045.97 7756.36 
2358.54 7920.52 199.016 4669.22 6365.44 
4708.21 676.426 9266.21 7321.87 8929.59 
393.647 3895.97 519.976 8690.9 2483.71 
3461.66 7900.9 6498.91 1163.14 7957.85 
2000.8 2427.71 2623.51 8135.33 119.923 
2930.85 5129.08 8859.07 583.887 175.034 
6615.41 2942.43 8095.56 6814.43 7611.65 
4460.98 1522.62 8288.07 3727.17 8844.49 
7217.65 4120.82 2740.44 7737.62 2811.7 
5224.15 1199.27 712.586 1723.04 2362.4 
8670.43 3723.83 4790.11 1293.93 1859.14 
4910.04 4224.78 6988.22 3769.09 4808.67 
7163.25 384.481 7751.1 5258.79 7198.91 
5362.73 9719.77 8721.53 3650.78 3446.92 
7566 868.411 7567.74 306.422 8606.03 
379.423 5530.57 9805.3 1092.01 7253.6 
2167.69 9762.44 977.42 6957.8 1056.35 
2836.56 1867.82 5281.13 9824.78 5636.91 
89.7846 6988.02 6021.39 7840.88 2246.8 
3220.28 3203.59 1966.55 1941.79 6854.37 
5413.48 9507.79 7722.78 2981.2 9814.21 
6328.8 3360.62 5344.77 6134.08 4452.63 
2598.35 8301.77 4215.05 3575.77 5259.56 
5271.4 6412.34 7127.38 552.52 6237.11 
2764.27 642.305 3225.11 8785.65 8483.19 
5471.91 2005.92 1686.76 7438.46 3947.71 
8541.13 2851.92 3455.48 6263.9 5833.12 
3269.68 2592.68 9193.74 8614.45 8726.77 
3646.36 1212.79 7028.52 7861.41 4788.56 
2288.06 3132.8 1200.88 9415.44 3685.32 
7437.99 2179.69 4327.63 663.081 965.325 
2810.8 6134.99 2971.24 4497.56 3573.44 
6918.95 3038.68 6425.36 374.416 9302.58 
2258.46 3644.1 1895.24 1452.19 2258.53 
621.995 5098.55 3471.32 7650.52 2959.95 
8259.88 9938.58 6092.75 9460.76 9354 
9778.07 6898.73 1533.67 4105.68 7561.81 
2498.99 6916.47 3696.78 5470.23 1414.01 
7270.22 2389.17 4452.69 3695.56 2763.58 
3755.25 5954.02 6407.68 5650.49 7406.21 
8666.21 6272.49 2504.75 2137.51 3922.99 
5464.69 397.368 3861.55 1557.42 9858.13 
3215.53 1335.47 6756.84 4749.19 5441.15 
4318.63 7248.19 2357.6 8015.41 2718.4 
3771.62 5285.61 5107.57 8224.31 8981.17 
7871.15 1979.54 4935.18 4278.81 7630.04 
2341.37 2945.01 3902.51 4846.12 5082.52 
7825.49 310.793 5479.88 1687.03 1868.21 
5337.99 4902.55 3203.69 2094.81 9651.75 
8644.83 6413.44 6899.92 1002.42 4428.83 
9618.32 4774.04 9714.44 4725.87 2998.33 
8695.6 2597 4977.87 3630.76 6875.82 
2607.89 5972.13 9820.82 6510.4 818.236 
4903.32 4335.88 1129.03 383.188 6022.9 
2997.24 5721.18 925.438 6200.93 7815.99 
577.169 4845.75 4229.41 7477.09 5848.17 
8658.24 7095.39 622.194 8372.67 1821.24 
3620.53 7068.25 4418.25 8598.4 698.997 
1294.05 1206.27 6671.13 1114.85 7716.67 
7489.37 6018.18 2052.53 8618.4 6401.37 
8075.43 1615.62 2122.53 9000.87 7816.55 
9938.52 9578.04 2662.28 4167.91 7055.11 
8510.45 2826.14 4150.48 9132.65 1198.8 
5971.72 2753.16 8267.05 389.954 1351.54 
8966.05 1684 2557.81 5637.16 2798.86 
274.468 3126.51 8817.03 2327 1744.89 
5218.38 402.416 3360.51 7340.91 9403.29 
1177.05 7279.41 8981.31 3839.33 1447.31 
6036.4 2349.76 4273.45 186.864 1482.39 
5472.25 6158.59 4235.55 3739.28 6548.54 
5587.08 2705.31 8232.54 8144.9 8342.47 
1031.38 8419.37 1468.96 9848.42 746.349 
3213.85 5066.79 1148.76 6574.37 2407.68 
552.034 7751.41 9687.09 9533.34 1590.72 
1134.39 5569.73 3940.49 5407.84 5756.59 
5422.88 880.066 1915.16 9658.43 4619.34 
8463.7 5245.49 7324.65 6696.23 3390.38 
5667.1 7727.61 1809.72 7136.07 7576.02 
2556.07 349.904 2642.78 3704.84 6924.27 
5050.47 4256.87 4675.67 4737.54 3790.2 
6266.39 5871.93 9359.92 206.862 1279.75 
5116.5 5629.74 2159.81 7031.66 5288.15 
6779.16 5495.34 533.629 4103.79 2191.56 
3924 9770.9 9919.17 5733.73 6906.95 
7495.17 8289.8 7256.85 137.94 1994.62 
4181.11 5188.4 6251.49 8856.77 9925.95 
41.6728 5123.15 5797.86 9401.6 5330.01 
7077.61 4518.08 959.733 9237.42 1549.72 
6247.88 6016.56 7045.06 6781.51 120.343 
9236.62 705.501 9891.24 9155.77 6439.23 
6798.18 6650.93 4729.01 4055.01 6788.87 
6723.63 8236.12 1977.25 2975.11 7092.88 
1903.18 3016.78 2216.01 7701.04 2418.36 
7546.02 4778.63 6936.44 8505.75 4016.04 
8486.15 4753.62 32.5865 5531.2 1535.11 
152.929 4767.8 2240.61 44.155 3923.55 
8679.84 6842.33 574.46 3408.84 897.33 
7363.33 132.457 9133.45 9340.58 3107.57 
6226.31 1243.75 6124.35 8442.32 8944.79 
8542.71 5988.32 3723.41 5479.13 4494.05 
7739.44 3965.27 9247.67 7772.03 9496.47 
782.764 7924.96 4264.25 3023.38 7969.12 
8187.8 1703.2 4811.43 8762.26 5112.04 
5708.76 6125.57 5244.5 4842.2 5466.13 
8352.07 1068.49 6709.87 4476.4 9510.81 
5654.65 3019.1 5499.12 9378.05 8498.23 
9993.17 7117.48 2463.48 9240.82 4889.49 
1959.93 23.5666 2814.44 6224.18 3046.94 
783.537 4411.96 4750.15 5594.97 3174.2 
9862.19 1303.71 9299.76 5106.67 6145.9 
4765.88 3458.72 7214.4 1475.73 7935.12 
6725.19 7130.38 954.199 2224.29 6508.41 
9452.43 2217.44 3625.88 1915.89 1458.25 
8515.37 3875.83 1481.81 1329.79 99.9916 
4528.76 2113.33 4511.95 9278.9 7708.3 
7686.15 9141.07 9012.01 6985.9 4247.73 
5157.9 1751.76 7706.45 2372.28 3227.49 
5641.55 9097.47 357.853 6595.75 1321.74 
6866.27 6048.16 3539.19 492.128 7964.06 
4997.43 9007.5 1839.87 6479.24 337.277 
1939.86 1007.98 2450.61 6451.81 286.869 
158.888 4137.95 9427.94 9170.9 1123.83 
3675.65 4328.77 2875.59 1382.09 6701.05 
6103.08 7023.64 5798.5 6460.93 3619.37 
7120.24 3327.18 9667.53 659.41 3819.31 
7631.57 5656.84 2826.79 9471.44 2136.07 
3164.07 1411.28 3144.05 5614.68 7863.09 
3430.92 5773.56 2001.02 2858.85 4944.44 
3124.85 6534.5 9273.22 6000.43 7916.59 
5974.25 2103.49 4940.21 1772.73 8564.42 
8559.58 8892.97 1891.58 8227.09 9552.38 
5710.89 5858.64 5209.21 8537.68 5330.06 
7345.28 1701.73 6741.34 489.312 7316.41 
4604.42 3920.23 3089.96 6605.44 6779.08 
8034.4 9730.28 3313.57 7307.6 5730.7 
1230.14 3281.83 7834.19 6170.35 5054.56 
6398.6 4729.9 3947.52 8290.18 2956.98 
3499.88 4001.05 8815.62 8709.09 2538.72 
4145.67 6054.35 4240.45 886.992 6543.66 
1556.84 5491.41 463.88 4646.8 2096.83 
7242.96 2681.19 1827.1 556.512 9988.79 
7557.8 1786.65 3270.6 5391.97 7957 
8325.16 1790.55 2686.88 2272.66 80.7118 
5643.86 5772.54 4081.76 4459.46 4481.62 
6620.48 8605.13 535.952 860.911 9492.12 
7079.61 2417.75 4983.51 7543.49 7064.55 
7080.35 4786.44 9745.74 8907.44 5342.95 
9734.51 6465.23 7129.6 3005.09 1857.18 
5086.58 1330.24 3647.73 7773.46 3602.9 
3728.44 3417.31 9375.44 7810.21 7876.77 
3857.04 4430.67 6481.88 4393 5291.58 
5973.99 1472.59 7709.33 957.484 9016.09 
4773.87 8037.83 3802.51 4519.59 6945.25 
9145.46 4254.08 3410.46 6275.04 7259.18 
5267.64 1361.61 8589.41 8915.38 9135.07 
2192.29 2643.8 2552.36 1567.72 453.993 
429.115 5424.76 4884.66 6911 9817.76 
176.222 2884.97 1290.33 7885.55 3842.45 
306.402 2659.41 1880.26 4108.91 7179 
8825.52 3254.35 1433.07 2235.96 9529.39 
8692.25 7503.61 890.985 7281.64 6418.96 
26.0386 9473.93 9062.77 2578.4 1041.63 
9516.76 3007.52 6466.4 4401.4 9918.51 
6284.14 4577.63 2803.46 7574.47 2463.16 
6645.91 7880.87 5122.57 8526.17 1989.76 
2301.56 7351.67 5244.11 3734.63 9587.64 
4773.49 2426.85 7091.23 5664.48 9708.5 
3510.17 5690.52 9182.41 2572.93 8268.92 
224.029 2089.67 1276.41 6690.42 6491.07 
1194.91 2974.54 1068.68 3998.37 548.996 
3531.85 644.268 8429.87 8654.42 9170.44 
419.614 955.961 6522.1 5663.73 4690.59 
6109.72 437.205 7117.44 3200.93 6101.68 
6825.92 6711.1 1792.18 6008.31 9284.03 
61.081 6232.34 1373.68 1337.5 2922.75 
7864.76 2532.41 5897.29 8933.44 6530.78 
6446.29 2465.27 7175.05 4876.14 1119.68 
6345.47 5295.75 2075.64 2867.55 959.466 
6766.22 8977.27 1396.67 3883.65 2178.18 
7498.35 709.549 8889.29 9290.54 6717.86 
8173.3 9351.62 2950.19 9546.98 689.095 
5872.93 7411.72 3221.5 1770.21 6345.14 
9752.28 8216.5 8810.41 6927.31 3092.62 
9930.09 3272.76 8388.38 2005.71 6140.31 
9347.84 8771.93 5117.57 744.497 2655.56 
7295.75 8242.85 3365.11 6185.02 7533.37 
82.9564 4358.3 6884.97 3033.14 3905.26 
7574.06 8906.08 1316.96 795.548 676.269 
7662.1 547.81 8892.77 6472.49 7475.12 
1985.38 6402.57 747.861 373.735 8408.28 
6888.17 9721.58 7180.19 2005.73 466.059 
9835.75 9301.48 8708.91 3200.85 5486.48 
6242.26 3283.81 9844.78 3127.21 6316.95 
3750.03 701.262 5223.01 5066.99 1496.81 
5899.28 2729.07 2044.62 4792.03 9201.56 
9519.74 6777.4 5604.11 267.58 7151.14 
4012.37 7155.75 6872.7 1192.54 9161.48 
7338.76 1028.28 8462.94 6047.65 4229.13 
3949.41 2289.9 7512.94 3794.18 5417.11 
3829.87 7544.2 6118.37 9052.88 2611.17 
7615.18 4952.13 5340.24 9659.8 9744.16 
4541.79 9179.52 6521.55 145.882 9447.1 
3672.67 4158.25 6602.84 545.357 5350.8 
5764.31 7884.12 6379.08 4227.23 3931.75 
608.191 8176.64 6221.65 8121.13 1970.8 
1638.75 1950.98 9515 7757.12 1003.84 
2126.16 5372.29 5955.97 7466.4 5032.08 
5700.12 2008.17 4211.58 2221.65 2154.05 
3658.67 5894.33 6312.31 261.492 6439.68 
1663.08 6025.8 4323.78 8042.16 253.012 
8255.54 8650.35 8429.65 4477.17 6771.46 
400.438 6115.92 8722.44 9915.44 3873.02 
9726.28 2041.59 9245.31 5682.24 9507.99 
4277.37 1382.34 1516.14 8488.96 3604 
3670.2 2147.61 9498.32 9982.51 2409.1 
5937.99 1645.57 8434.9 261.757 9687.74 
8687.91 8517.29 8338.07 7117.55 2994.45 
5109.52 7517.98 9110.37 3831.94 7433.41 
2983.38 3558.21 9475 2228.67 9240.45 
8982.97 6506.05 622.774 499.094 4994.99 
4226.77 4169.29 7142.59 3725.07 4151.78 
9551.69 9663.06 5797.35 7986.57 9924.82 
5485.07 6674.46 8442.1 3823.13 3791.99 
1436.53 8932.64 1309.96 546.884 2764.57 
8743.37 3530.26 6322.78 8218.35 5758.93 
5563.21 7201.3 2264.96 6185.99 7700.39 
7259.95 412.74 1869.67 4402.52 4137.81 
6021.45 3954.2 3800.86 1818.78 1940.76 
3725.67 7303.86 8615.22 2167.75 1126.97 
2407.19 3604.28 59.5945 3717.15 4151.17 
2824.17 2460.5 7681.43 9146.95 678.833 
3440.34 4710.14 7880.13 5705.3 896.115 
5580.5 2965.23 1308.86 7450.17 7367.76 
5446.67 3471.59 1321.94 9247.53 5290.38 
3262.7 2973.18 2594.22 1877.9 5140.93 
3721.19 4285.1 8745.21 3780.78 8002.25 
2896.36 6604.95 462.736 577.768 5751.88 
1141.57 4018.11 462.006 9021.7 9723.41 
1358.12 4602.18 2688.63 2666.98 2052.33 
56.3727 8113.65 5523.92 1378.32 7361.16 
814.287 4641.01 334.326 3408.51 6518.91 
5475.26 7129.7 803.993 4220.45 910.462 
8806.24 7116.81 7515.41 9268.98 7694.58 
3267.27 410.529 1712.67 3729.28 9432.23 
1436.07 5087.4 4034.39 4124.7 7754.38 
6086.72 4181.07 5868.01 1610.63 5559.39 
3229.15 2424.91 200.383 3563.48 5833.42 
6719.3 9038.73 2963.1 7523.29 3259.17 
3873.56 6329.52 375.962 1388.95 5598.48 
8070.54 4656.23 6009.01 9783.21 8385.5 
5441.21 1219.26 3472.89 9475.6 5343.96 
1227.25 5562.31 9525.03 7095.25 7172.93 
5084.4 324.384 9597.84 5284.78 3887.86 
5431.25 2004.06 2926.58 8394.34 9527.35 
6185.74 2267.89 5856.85 6561.71 3656.84 
1455.31 4632.23 8313.07 7464.32 4415.43 
6698.55 2905.52 5634.69 171.422 2381.1 
978.638 1398.67 7943.41 503.654 8493.92 
5116.32 5588.06 8818.3 4714.15 872.823 
2706.15 145.38 2876.89 5632.72 8539.72 
2404.22 1818.45 807.593 8261.08 8380.16 
4464.43 9716.39 3012.37 2777.48 7180.69 
7427.8 9476.03 86.1903 3062.48 9647.45 
2467.29 4041.11 1046.11 410.687 4544.77 
9540.02 5527.01 132.806 8358.31 241.145 
1005.63 1064.44 386.525 3882.52 6697.16 
8926.25 6286.74 8515.61 9733.84 4547.8 
6895.75 4198.26 4264.18 9908.12 6975.74 
1444.85 7335.91 6451.75 1531.04 398.365 
6099.19 3998.33 4439.48 7145.3 4409.02 
8984.25 6685.3 9936.03 9117.05 5043.6 
177.161 122.663 6108.04 563.686 4005.18 
2805.19 9489.94 291.902 1320.78 9223.76 
4839.7 8216.54 3422 9103.88 8124.64 
397.722 548.712 5460.53 6849.48 2079.75 
5858.9 2948.65 6078.09 298.359 93.9289 
487.089 9282.6 6779.23 423.104 8399.64 
1822.81 600.265 8522.3 7930.85 1163.95 
2527.46 736.021 653.869 2819.37 2056.8 
9877.63 7659.07 273.321 3299.61 6762.93 
