900 5
4998.13 7060.34 3067.91 9266.06 9923.85 
1715.84 9217.2 3289 8986.48 2598.54 
7400.63 7593.85 1215.5 847.395 2722.77 
765.478 427.378 8564.17 2750.7 805.834 
9492.55 5357.3 8896.56 8317.69 3373.39 
992.859 6692.81 8963.53 5675.11 923.18 
8765.25 673.221 7983.52 1833.14 9939.28 
7907.36 3548.98 9156.46 1196.34 2535.45 
1754.98 8596.97 129.282 2970.49 9444.36 
2852.05 3735.96 9871.74 1416.2 6486.67 
677.555 908.738 1843.94 9574.11 9226.43 
5217.34 566.955 5919.23 4180.85 6242.07 
6842.4 2946.08 6915.29 4825.91 4779.23 
6854.55 2733.25 8328.21 6011 3929.59 
863.64 7765.98 2526.54 992.922 736.449 
1970.88 3844.97 4472.41 1842.6 5261.17 
959.062 2520.16 6169.91 2803.01 2094.25 
5396.32 8020.35 2661.21 1315.53 2201.18 
8903.27 8157.94 5147.26 5818.55 2983.83 
9926.49 2673.08 5717.08 8254.68 8684.07 
9646.67 9118.32 6450.03 2173.19 111.226 
7186.48 4144.07 3956.2 1658.88 5986.67 
9217.37 2617.94 8506.83 5387.26 5420.95 
601.064 783.57 3441.28 3262.27 2099.1 
5642.46 2165.53 257.023 789.703 7984.07 
3240.85 716.175 657.133 8957.94 8970.86 
9341.21 8604.59 8089.16 5791.22 777.766 
8200.39 2977.69 4921.84 2156.57 4636.57 
908.495 1373.92 7254.51 9415.32 6761.18 
2675.44 16.3718 7544.75 6116.72 3278.64 
9643.86 1759.16 5444.17 9900.88 2548.86 
3428.23 3141.72 3265.04 4085.36 2099.64 
2235.88 3426.55 704.21 325.023 9217.77 
1481.98 8525.41 2195.44 6403.81 681.962 
6832.01 7312.31 2055.88 4086.5 6727.62 
8817.06 6761.95 6743.99 6361.8 2878.65 
22.6149 6005.64 4637.81 5466.79 5906.5 
7186.67 8895.01 9048.22 451.695 2980.36 
1147.83 2687.57 6406.91 1852.04 3012.6 
5624.66 3334.02 1537.99 7820.1 9737.84 
2219.95 4652.1 7050.13 4275.83 8738.61 
3777.73 3092.88 5500.53 521.701 9454.68 
8379.18 544.316 5460.3 3016.98 6011.1 
1366.78 203.634 4906.1 414.981 655.329 
7886.46 1562.82 3342.9 4293.35 3414.86 
6355.5 9918.01 6748.88 7893.49 7738.1 
6486.7 113.427 2390.18 3536.81 4389.26 
1128.77 7314.54 7482.14 6629.3 7836.24 
6936.8 5008.47 8380.56 2397.09 8025.45 
4391.64 3763.87 8229.08 9297.74 4178.85 
8884.41 7184.18 5741.66 2227.3 1477.51 
9156.52 8582.8 1395.5 5905.39 6476.27 
9133.6 2392.07 6589.7 1523.76 5928.88 
978.94 2652.53 3243.41 8461.08 9281.83 
1079.63 5397.87 4290.28 9460.19 7794.95 
2315.71 3851.81 1558.8 544.779 3149.54 
5737.65 9429.19 333.7 1479.3 1656.47 
1811.21 635.804 239.247 3206.71 6541.19 
6715.52 2340.29 8933.26 3305.2 3864.05 
4862.13 4284.14 6516.58 8105.54 2745.2 
5798.39 9185.17 8143.07 88.6603 8645.34 
5938 2404.37 2497.14 7496.8 2949.15 
5646.67 3234.44 2378.32 5980.37 4713.73 
4034.79 7791.58 5349.54 4274.04 998.277 
1890.71 989.54 3338.57 823.961 4294.74 
7202.62 5686.09 8578.88 3719.18 3791.61 
1324.06 9517.58 2976.76 9467.13 9606.24 
1622.09 5405.11 2010.59 4119.23 2901.9 
4959.75 9765.9 6136.34 7338.07 5746.26 
850.055 1372.85 3537.83 6199.59 5646.89 
4536.1 8090.31 6636.43 7874.67 8914.27 
931.149 5077.27 4600.34 9510.02 8796.46 
8391.95 834.068 8314.02 1368.7 301.178 
7920.24 2990.79 5706.29 9930.83 7110.02 
8608.19 4890.56 6875.9 4744.51 2228.61 
2622.14 5594.57 3601.46 6159.97 1794.15 
9248.35 696.052 9884.45 5884.76 8570.72 
8798.7 6815.91 3647.98 3399.03 6325.92 
2444.42 1790.96 7159.99 758.42 3159.67 
7461.16 8678.66 6150.46 3167.44 8609.47 
3260.46 1775.61 3500.01 136.339 6520.13 
5728.63 2758.48 2114.68 9330.09 8918.45 
3908.82 8578.42 9614.5 3793.26 4463.17 
8185.21 2591.95 1279.06 1833.17 5990.97 
7604.98 4277.59 7781.94 4764.95 5036.01 
941.586 2226.1 3714.65 7092.04 5393.54 
2324.1 352.48 7169.15 5824.11 488.819 
3689.26 1552.72 3247.3 5803.94 882.789 
2165.73 9712.76 9461.21 1780.21 3506.01 
3924.36 9965.42 6097.95 5203.42 1798.57 
2088.91 2808.38 6076.16 9870.84 7573.33 
1112.15 812.414 9799.43 4826.8 7904.46 
5192.95 7150.9 8256.94 2362.09 2974.99 
8745.76 6051.35 4527.71 1993.04 1855.27 
5410.5 4158.77 1568.02 4871.7 5938.98 
5074.03 8796.06 5904.38 1171.96 3999.46 
7702.95 3260.87 6807.84 3779.1 3131.7 
4381.16 4891.25 3944.12 4180.57 9718.05 
1848.55 9373.53 6868.94 105.474 1735.6 
9843.93 8851.23 7786.94 4371.63 844.25 
9642.22 9782.13 5003.02 1210.22 4653.81 
941.979 6284.25 3449.85 6846.36 7456.22 
7449.31 4549.29 717.072 4257.13 8328.39 
3848.77 8638.29 3219.62 7792.89 2818.85 
2937.66 9641.44 2192.36 9806.59 9746.92 
3927.95 9650.51 8598.13 1714.88 4022.12 
9442.38 1357.08 3804.23 4445.38 2567.31 
8458.04 5387.36 8851.56 1907.87 2233.7 
6307.76 9357.17 6783 7024.83 3614.29 
5111.37 873.586 2252.56 8330.99 8666.48 
5071.41 1268.63 8307.9 7263.77 1075.2 
8054.8 1191.7 725.693 6652.92 2906.58 
4747.81 6095.28 4263.67 8552.04 540.648 
6830.97 7010.06 5928.01 5682.51 8917.92 
8161.71 1990.25 8275.08 4944.69 9015.08 
1889.35 56.0401 9888.67 4141.9 8387.03 
8555.13 9213.31 9655.66 6863.01 6477.06 
730.843 4917.8 7668.77 1456.54 1570.7 
575.333 6204.35 7665.98 4839 4756.37 
8206.63 1669.96 1766.41 4134.62 7352.47 
684.316 2296.32 9342.72 8959.39 7241.01 
8357.79 848.722 7297.05 8246.44 4990.63 
5684.06 6801.55 4203.92 5339.7 3664.54 
680.969 6070.54 8582.34 8349.73 7527.08 
153.023 8925.07 3731.41 7819.01 3764.05 
8487.77 6025.62 5434.01 254.165 160.227 
2786.46 938.481 2456.54 2129.16 9897.88 
9697.55 486.931 746.58 6994.58 8733.37 
5737.21 2678.62 5534.9 9941.13 8018.32 
9199.44 622.082 4088.84 7781.76 8971.82 
1615.9 7934.78 7896.87 5347.31 5753.77 
1660.9 3835.06 1779.38 7094.91 4089.23 
1939.6 9881.36 5027.71 4396.15 2010.51 
4925.57 4093.68 2497.44 5672.15 1088.24 
1230.79 1409.34 3766.87 6765.68 1350.45 
1785.17 5965.1 1972.53 5874.01 3746.84 
944.333 7489.91 1681.61 8841.2 2837.2 
7435.38 502.082 6672.27 9214.76 7596.99 
761.479 1154.34 7478.33 5789.19 5550.49 
9488.84 714.739 9644.17 1986.26 6386.89 
732.398 3217.05 7796.22 4499.26 9982.73 
9146.67 6284.43 5947.82 1119.19 2158.43 
9694.66 2063.52 9648.34 1376.25 904.706 
2485.53 8811.63 1406.79 9157.8 8026.37 
9003.77 9919.28 9180.71 6482.09 5708.45 
4731.19 5970.91 6423.19 4375.34 7957.17 
2810.06 5107.74 1174.2 606.263 9607 
1156.92 9752.94 5891.42 7104.73 872.112 
8049.85 6799.38 2935.63 7698.18 8175.63 
3840.34 183.691 6987.25 5247.13 9341.49 
5013.6 4250.88 9260.75 4194.3 732.957 
4969.18 8925.49 6703.87 1392.35 3300.81 
4661.02 4202.41 8408.55 5835.23 4808.67 
8015.54 6992.14 4561.59 3906.94 4096.86 
5433.7 1956.78 896.218 8369.34 9654.95 
9071.85 2209.66 9838.64 6059.08 7456.79 
9180.12 1072.67 1707.66 8440.85 5266.97 
2440.61 3410.01 4192.44 9144.48 4802.36 
7493.25 3805.49 9004.77 5901.79 9640.72 
3813.43 3917.31 6632.84 8375.02 7824.25 
729.681 3808.7 9781.03 1625.9 2178.02 
9435.97 697.731 4387.69 9274.6 6756.81 
1844.46 8454.7 7829.48 3552.11 6895.53 
3096.43 5992.73 305.524 7288.86 5137.2 
5107.89 4782.1 8942.69 4112.64 683.868 
8583.38 7926.07 4601.18 5216.21 6301.07 
2425.41 5945.89 109.754 2206.43 7571.79 
2287.78 1642.38 8269.52 6675.46 916.96 
5026.31 8519.92 9371.66 2855.77 2072.02 
6267.17 5952.2 8064.75 6572.69 3241.04 
3201.93 1680.56 8023.14 2144.6 5793.21 
8707.01 727.965 3719.26 3308.17 5944.17 
20.3075 5733.58 1890.05 130.062 7940.01 
9461.83 2417.84 9582.39 7731.34 9093.31 
499.335 2757.63 7613.21 9870.99 5613.41 
9685.23 6138.14 1565.59 7749.97 2710.82 
4806.63 951.878 4391.38 2829.76 3096.48 
184.569 1536.75 3824.44 3903.83 4844.92 
9768.61 3924.13 578.489 1658.64 4054.2 
8518.5 1120.46 6472.04 8100.88 8851.8 
5565.32 8600.21 1609.41 3178.52 8471.19 
7222.82 2863.73 4609.31 8788.4 613.683 
7320.13 3595.02 1565.56 1711.49 6424.78 
4662.04 1896.06 7961.53 8486.48 5799.89 
2806.43 8255.07 9724.02 3384.92 9913.71 
3778.2 1903.41 1034.16 250.219 4.26604 
9885.95 5815.54 8604.48 1495.35 8994.06 
7075.65 8718.17 1857.78 1684.95 7506.55 
2471.46 9005.08 1101.56 4037.02 716.554 
7526.33 8699.06 2612.62 5487.84 7185.52 
8412.51 8294.27 5440.58 8136.51 1679.18 
5354.27 1914.7 3582.58 6388.43 2164.91 
3586.85 6274.36 7980.46 2191.31 7769.71 
6974.5 9266.96 6487.86 8832.28 951.889 
3994.4 1303.73 9956.97 5095.95 5340.75 
673.503 2622.27 4039.8 3286.12 8110.11 
1225.3 1698.61 6404.36 6665.88 9835.12 
8083.54 2020.13 1749.8 1666.1 8408.56 
3914.72 5252.95 4682.91 1895.16 7444.26 
2452.6 8869.66 6711.2 8940.46 7701.93 
7663.09 2934.84 9005.66 7620.04 8030.8 
4346.4 8293.54 653.048 8386.19 1579.65 
8763.16 9611.49 3278.26 5167.5 6277.35 
3113.37 3251.03 8297.48 4863.17 4917.13 
6706.03 8777.88 170.067 1388.92 673.024 
7614.33 3841.52 9542.68 4325.51 2781.97 
7244.6 1988.59 5716.81 6250.24 9608.63 
3747.59 596.615 7902.16 4400.64 8982.81 
9481.81 3163.78 8594.28 2760.05 8331.28 
4871.62 5873.41 1582.29 3169.09 736.565 
6499.43 9875.11 9514.45 6669.49 1264.01 
187.455 4283.8 5105.54 9730.14 8609.32 
7887.5 6974.72 597.89 3604.3 3224.94 
206.504 7351.89 3821.55 8108.66 1752.51 
2804.34 7590.45 4916.29 1398.61 350.482 
3247.56 6270.23 6223.9 4829.85 9439.32 
6960.46 1329.26 9314.41 6474.89 7998.75 
578.412 6662.35 2282.54 5683.95 6392.47 
891.839 3571.43 3367.17 1489.73 7175.73 
6592.11 1696.23 4527.61 413.647 9804.89 
6280.12 3217.99 7395.33 1196.39 4616.6 
7745.81 4443.95 886.817 3969.69 9273.8 
326.118 930.135 603.042 9640.53 7405.03 
8601.79 218.927 4067.36 884.315 5902.88 
459.812 1776.15 9474.31 3826.98 3265.88 
6650.03 419.079 4962.12 1177.61 832.726 
4766.99 7457.73 4050.72 2162.3 8654.12 
8667.32 9908.12 3098.05 9554.14 3877.79 
2371.84 9880.25 4807.92 2974.88 9520.77 
2212.93 1576.65 9739.7 6280.29 2460.97 
5642.55 6740.1 4237.12 5116.85 567.072 
7503 1766.86 986.15 2465.1 2944.47 
1818.88 7232.1 402.184 5869.59 9394.4 
9056.31 4536.9 9302.5 2154.34 4091.02 
3180.27 4526.18 3971.25 7988.19 7501.06 
3492.01 201.108 9077.71 3231.69 6481.4 
1538.66 8874.24 3221.49 5775.78 3991.07 
3788.56 3278.77 5757.93 4774.71 5743.87 
8702.4 6593.58 2975.95 9104.58 2463.16 
2370.33 8160.87 7000.06 1672.81 315.195 
1091.06 4853.08 4841.37 5062.31 2841.26 
2342.41 8554.31 3042.36 1420.1 1785.98 
9523.76 2958.76 660.205 2745.23 8734.55 
4651.28 6533.79 2013.3 409.186 1308.48 
7757.17 9111.58 7902.07 733.102 8216.15 
365.212 3103.44 6377 7365.27 4776.25 
6692.19 8456.32 9629.33 1533.55 3518.62 
2470.57 3875.96 2072.91 5512.93 5296.07 
3858.9 5036.68 8254.83 4519.1 7781.91 
6989.36 9170.38 4315.68 9002.66 9579.56 
5624.17 6759.81 8691.13 3526.22 7492.91 
6907.26 3891.43 596.328 3284.24 1256.68 
5372.58 9976.43 9713.01 5001.89 1509.97 
3231.61 7472.46 5385.93 5304.52 2985.37 
681.978 9163.41 8022.05 8936.81 3682.5 
5803.94 5926.15 2852.86 119.61 4928.79 
2432.4 5743.78 1688.58 1123.52 9270 
9181.49 8030.77 3161.41 9777.82 1315 
4418.09 5150.37 1291.41 4131.08 152.246 
2801.38 7362.69 7624.7 8187.31 2667.19 
610.058 8869.29 1830.59 8632.11 7806.08 
5513.09 4436.03 3732.21 8365.95 4555.64 
8661 798.334 299.403 349.556 1921.85 
9569.4 9531.04 9952.62 2730.79 9308.84 
1267.6 7148.89 4459.2 2559.02 1279.95 
4611.45 5360.4 8642.64 2236.13 3547.69 
1309.82 2846.19 2416.96 3140.41 1478.28 
223.021 8653.49 5914.31 3955.23 7019.42 
469.94 2616.21 7817.76 769.343 2965.76 
9739.61 338.725 2496.79 9692.22 3069.52 
1805.61 959.804 218.387 6264.81 3518.82 
1498.34 876.241 8879.22 140.965 3112.37 
2426.9 1450.78 5958.56 4843.86 4591.19 
7436.84 5066.88 3244.67 3351.14 9022.11 
264.073 3821.08 1638.3 8081.83 4590.42 
4604.06 7821.42 4929.15 7100.85 7513.62 
7998.67 8906.47 8473.43 8217.05 5171.26 
1992.23 9715.39 6047.51 871.435 9856.36 
9159.88 3298.33 1307.12 5118.42 8142.19 
5898.31 2555.25 3209.05 9142.98 5906.39 
2231.14 9407.05 9727.47 3869.44 7488.87 
4317.88 8473.5 5310.27 9247.03 5574.34 
2823.88 7245.68 4480.79 1297.29 5462.71 
9652.05 3289.52 5178.09 5699.54 4160.95 
5034.43 4859.4 7459.28 6341.56 9977.83 
5601.45 2239.86 2533.06 8810.5 1382.82 
8439.45 1041.62 789.856 8166.91 4911.06 
8278.72 2484.77 3384.55 3588.98 1731.78 
8958.88 6412.86 8977.46 3439.66 7710.14 
4440.16 3091.69 999.641 9618.25 8791.24 
5160.59 4652.66 3650.62 2619.86 994.207 
3628.43 8221.31 3234.06 6161.49 7031.79 
4616.88 4600.93 8073.42 5406.74 2767.82 
2984.46 3685.45 5252.59 6369.01 7274.42 
6984.36 5327.87 3687.26 5961.81 8767.53 
1397.39 401.943 1859.21 2397.03 20.1733 
650.426 7557.62 4672.84 4301.05 177.463 
5667.05 7929.48 8398.77 8901.11 4090.95 
5430.55 3517.98 8691.88 3503.95 8924.71 
1459.67 6488.41 2610.14 6712.26 2857.39 
9884.57 3696.61 8185.27 3571.82 9658.41 
6952.78 4969.2 60.3393 8811.99 7366.23 
80.5126 9462.42 4923.84 4753.35 3763.44 
5101.3 420.379 1692.9 3500.06 9321.49 
5783.85 8930.61 2839.45 4475.71 2434.54 
1764.14 5935.39 8922.94 4374.29 2647.63 
1780.32 4258.84 6344.24 9965.59 7830.66 
6002.64 6918.35 2799.84 6062.98 5730.32 
166.062 6143.49 5192.72 5089.9 896.821 
8956.16 191.186 1317.2 649.051 3691.24 
638.671 6432.91 2621.83 3478.12 908.603 
5056.37 5242.26 6843.99 3979.29 9616.55 
9491.62 5759.61 3875.37 5835.85 5725.18 
1706.01 1838.46 2643.51 4505.86 7901.44 
8373.83 4671.92 4044.91 3566.53 9761.82 
4941.73 2522.68 9953.01 6258.93 3171.73 
3644.23 6897.6 9604.64 6266.06 375.701 
513.225 1322.41 5617.96 7357.22 5301.71 
5234.49 6848.82 1061.3 9109.87 2684.65 
6786.48 815.863 4523.12 9429.99 5321.72 
2424.54 7803.8 9993.64 6469.45 1370.32 
9755.44 1411.16 3893 9708.43 7670.09 
7064.73 3352.65 4567.68 6669.36 9618.71 
4943.38 7182.58 941.108 561.324 4539.78 
6242.81 5795.82 1388.59 7304.11 4905.67 
4073.24 4090.57 5721.53 8596.36 3520.54 
1043.24 1020.88 1324.33 1036.86 7490.32 
2694.65 792.282 8901.49 6587.65 500.696 
6571.56 3652.36 3853.34 1139.22 321.705 
3472.04 6082.6 7504.29 4413.14 6643.93 
2044.05 655.941 2439.73 3432.64 7960.05 
7345.4 7505.88 2050.61 3066.91 6102.22 
5571.15 4110.15 7123.09 6895.47 5147 
4613.4 9590.12 5939.29 3514.87 6177.75 
6439.98 86.4144 9830.11 293.308 1225.64 
151.799 3765.34 7308.24 7656.09 8178.49 
3952.15 9700.14 8834.43 6391.87 3132.76 
6794.47 3737.25 638.622 8845.07 6804.16 
6740.84 4416.2 914.294 3863.92 1311.66 
6061.3 8477.32 901.757 2000.57 1992.17 
7079.5 8440.55 2078.58 6909.6 8733.86 
3304.22 7061.4 2499.19 612.441 4717.47 
677.658 4564.59 4417.59 9512.09 956.442 
7550.35 6306.54 4693.69 8188.97 5151.59 
1497.84 4929.79 9567.79 2412.13 8793.71 
879.435 8473.43 7271.01 1781.19 473.985 
9263.18 8860.7 8914.54 1341.74 5770.28 
7648.38 4645.97 2831.66 147.55 5258.41 
7549.12 825.208 9822.99 1966.69 337.279 
779.418 9517.04 6643.82 5473.11 7705.99 
1795.39 6970.95 2635.76 1363.17 9383.09 
1429.45 2242.6 7856.5 8700.46 4023.8 
8330.49 7963.62 2884.47 7245.01 9305.37 
8654.75 4893.37 3951.31 1486.39 5040.92 
9209.72 9035.51 5866.13 9032.7 1002.18 
6203.41 9812.11 519.203 2847.21 5285.21 
8225.19 4642.6 2256.14 860.937 6005.77 
1639.21 2290.39 8248.37 9495.71 990.835 
2272.15 7826.18 8954.46 5156.62 5071.17 
8259.8 3811.35 9964.54 2211.1 5297.74 
5005.45 1420.81 4333.23 871.556 453.485 
5335.42 7074.96 265.582 5854.62 9922.17 
5550.79 4079.8 4564.75 7806.93 4940.73 
570.497 9446.14 7231.12 8818.87 8941.84 
8221.96 1091 6768.01 7176.4 6247.62 
1839.16 5436.19 58.9547 1803.69 7647.29 
5356.7 6809.13 9068.09 9689.93 7680.69 
9521.58 5025.33 4755.64 9787.16 879.937 
4677.79 5337.93 4959.73 9242.53 3144.85 
9900.47 9813.03 2590.98 7131.57 8631.88 
1532.8 5353.52 9722.88 8300.81 2529.9 
5970.48 139.954 7966.08 6029.43 1943.64 
5613.35 1386.11 8752.78 4681.43 1076.03 
6433.45 4202.99 6101.36 1189.07 3990.13 
6981.3 5866.86 9328.07 1941.01 5109.37 
2472.9 1841.46 4922.39 5063.88 8973.04 
3554.25 6596.68 4326.54 3277.11 4897.47 
6856.43 9247.59 5037.42 4822.5 5277.01 
6981.06 435.833 6663.12 5733.83 5117.26 
7739.15 2167.26 9320.25 3840.49 3356.33 
3310.37 821.771 9223.19 2638.41 2762.78 
4332.54 5111.31 4604.25 9254.93 175.169 
3577.27 2809.17 6771.85 7903.8 6086.28 
1669.3 4760.22 5333.85 6706.72 9582.71 
610.845 3687.76 18.5303 7273.97 9421.59 
5135.79 5013.1 1588.83 4456.03 8853.59 
4945.16 7766.39 9675.36 4168.33 404.787 
2438.12 8500.87 5516.1 7042.37 7755.79 
5691.27 619.62 564.941 2463.1 8523.42 
6651.22 4132.39 3283.62 1985.06 839.09 
2866.32 2595.9 4526.85 2884.85 9869.87 
3948.43 8020.64 4882.95 5537.26 2476.65 
3736.52 482.4 243.022 3411.86 4650.73 
647.809 5849.99 3151.59 6163.91 2892.34 
907.361 1855.16 3511.96 1472.3 4318.25 
2035.36 8123.52 8450.65 5318.98 108.566 
9289.74 8185.3 2704.47 3816.57 1070.13 
2574.32 7765 9090.77 7457.27 3302.24 
1567.41 1193.78 3784.64 1810.43 4605.64 
8435.37 2458.24 455.609 1586.94 8622.14 
3347.95 2494.3 477.286 6859.91 3966.6 
4795.54 8895.28 2090.11 3246.17 4214.24 
2198.67 2535.89 2399.53 4903.15 6352.46 
3469.66 7477.47 4117.44 2560.42 4934.73 
7419.68 4127.83 6128.5 1204.3 5938.25 
734.124 9639.67 8396.49 1189.73 1226.59 
7018.62 4537.68 3720.89 7495.9 1397.58 
7687.49 2291.43 292.836 9777.6 5537.59 
4507.08 1976.26 8073.48 6906.61 6879.4 
4425.92 376.257 4356.85 8543.36 2936.68 
9291.58 5963.03 7064.5 5420.06 7167.33 
3002.74 6154.19 6806.98 1399.21 7343.92 
8033.57 8417.83 1881.59 1754.44 5913.72 
3279.17 9441.93 8205.14 3572 9219.52 
3742.72 8079.08 1195.76 1816.18 4985.68 
8075.16 6242.11 5361.93 2432 4785.45 
8298.61 1723.56 748.463 5363.1 7143.63 
7915.79 8365.84 3297.8 4722.75 9765.05 
641.707 2756.3 8182.86 2523.3 4510.74 
4096.56 5802.46 3952.66 2301.69 9374.47 
3172.16 6044.41 7453.54 4367.92 7860.59 
2439.2 2443.07 4102.68 7801.13 4875.07 
8888.13 6099.73 6598.63 9636.59 1462.81 
3742.24 7552.37 9828.64 7040.04 2275.1 
9593.68 7681.75 5031.4 7776.52 205.03 
9542.15 1873.07 6007.5 3494.79 4174.76 
5381.95 6666.95 219.146 2835.47 1034.86 
8079.74 5274.66 3477.92 2182.4 3075.78 
8352.99 1070.51 9175.5 4951.6 707.089 
638.291 8693.85 8259.46 466.918 5733.88 
534.541 60.5782 3415.61 5565.94 7837.1 
3620.64 5108.07 9710.17 9628.13 8602.87 
3884.91 5010.06 5269.8 4104.06 7845.53 
6304.66 2183.78 3120.18 9782.58 4366.17 
6195.95 8135.55 5436.68 5371.44 3087.14 
6143.77 6009.73 1780.97 4403.21 6476.65 
7514.85 4937.75 6537.22 930.437 503.682 
4374.31 4551.08 5611.76 4084.46 4179.19 
4214.61 7969.38 9189.26 9484.41 2073.42 
7034.77 5789.05 4257.19 154.929 5571.61 
8623.37 6350.88 3707.14 4060.03 1722.3 
6794.28 203.789 7732.03 8575.25 4607 
4208.66 6090.08 9544.76 745.865 7020.52 
48.4225 5120.17 1571.58 5660.18 9204.64 
5750.77 9874.79 7174 4940.01 9359.18 
9247.41 1974.77 5148.21 3504.59 2129.69 
719.795 2127.94 8480.58 4426.94 6187.97 
202.86 1221.2 6391.76 7934.89 9796.45 
998.746 2143.53 5886.52 543.486 2889.4 
2907.02 591.909 8009.57 4478.6 6252.09 
7214.19 229.351 6126.86 4388.17 5169.36 
5486.02 3635.57 7144.13 634.205 7140.15 
9273.82 1354 9268.09 7754.38 5780.94 
5456.05 7957.24 7002.14 1847.79 5892.11 
6798.58 2846.54 8035.65 2685.08 3390.02 
925.024 5592.1 3981.93 8934.59 70.6759 
234.003 6148.77 300.027 6360.86 536.92 
5469.39 1846.86 4172.48 2613.5 2481.07 
1312.62 1887.31 3835.07 580.697 9641.69 
9616 6036.74 7598.91 6618.13 7884.53 
3491.01 3416.68 731.052 1526.64 6101.76 
4121.07 2451.66 1693.84 8103 1386.24 
1764.52 8337.01 7535 2064.54 4697.85 
8071.92 7533.93 6544.71 2244.39 147.416 
9025.78 3557.01 2034.72 2860.83 4137.71 
1676.39 2476.81 174.436 9275.3 9094.94 
8058.97 2766.29 2511.61 8790.02 4292.93 
8613.37 2911.08 6744.58 307.191 1014.06 
8130.82 2071.71 9351.07 5665.81 4136.25 
4048.91 3737.71 1670.17 593.601 5982.1 
1817.58 9619.38 9539.12 3852.3 2480.19 
3676.81 5528.69 4957 3851.25 4803.97 
4051.93 1910.2 7570.27 6563.53 700.202 
1863.17 5176.88 3611.28 8607.76 5484.08 
4625.34 6738.56 7555.78 3976.4 2404.35 
1692.02 8025.3 6142.07 3362.18 8618.91 
2124.16 5179.76 8238.27 1663.26 9032.07 
718.441 5340.07 4560.74 5675.45 9191.32 
9364.72 9727.37 1101.5 6934.96 6290.89 
1801.7 8798.14 1467.76 5412.98 7405.88 
6951.83 38.3034 4144.43 4507.6 4014.7 
6548.78 6199.62 2039.99 2690.83 9561.8 
658.876 4814.99 4741.55 8897.14 6478.25 
3773.59 9615.58 1818.3 8334.33 5291.01 
1009.6 7699.03 5018.37 2111.1 4633.98 
1309.24 3912.8 3432.1 2777 9325.77 
837.963 9728.84 9364.08 4982.39 4236.42 
3378.76 1531.16 436.022 5418.75 4221.99 
9997.82 6077.63 9036.98 4739.35 4974.75 
5515.21 8512.94 4590.32 7333.51 6847.26 
9881.33 8343.12 4546.28 4899.69 454.197 
9180.25 6208.93 4366.99 2612.34 8985.94 
3692.75 3450.3 8714.76 3056.81 8432.69 
2951.16 6435.58 9963.85 3387.18 1854.31 
4185.82 3384.99 7931.93 3222.78 8124.33 
2906.67 8738 6637.26 7496.99 6071.49 
3484.5 7378.31 4414.59 8030.78 2277.98 
4868.79 7211.02 8486.91 9235.78 9823.36 
7472.83 2928.52 3273.64 6187.57 5985.33 
1706.32 9138.73 2420.89 1670.15 2525.9 
4275.2 5855.96 5910.88 2207.11 9078.75 
4035.2 5113.78 7816.73 672.447 2610.76 
3888.2 4156.95 9989.07 8302.79 2187.71 
2267.03 3171.56 9398.73 753.924 2407.33 
9222.07 8226.75 5335.85 2495.69 4414.31 
1321.16 4202.01 3553.02 3742.05 5872.15 
6078.92 8017.25 1728.1 1989.79 224.345 
806.833 6024.99 5338.13 8623.56 6697.44 
7948.89 2511.74 854.374 7937.94 814.52 
3042.09 204.948 3986.08 2440.8 958.872 
6393.42 1662.85 9185.63 1729.25 4158.55 
3599.92 3050.41 8360.55 7152.94 6792.46 
4232.69 3231.85 4809.69 5960.79 5221.64 
5034.03 6767.63 1246.62 372.145 5391.17 
7944.06 8321.03 7902.91 8798.43 6258.95 
8717.43 1840.5 6463.9 2703.5 4281.3 
7422.77 9096.91 5944.15 6608.38 826.142 
102.683 208.284 3876.55 8463.24 7361.23 
668.988 2695.91 593.061 5478.68 8656.71 
5814.7 512.691 5424.32 7061.32 884.836 
815.47 5005.36 9205.87 8718.38 3803.78 
5464.81 7435.8 5644.28 1928.69 139.278 
9925.58 9351.46 9236.19 5869.72 5959.83 
62.3161 5972.4 6168.11 3938.86 4435.62 
3529.32 4607.85 7131.54 4122.38 86.5105 
5788.23 9937.08 599.201 1212.53 6998.39 
1484.04 2028 2003.73 689.89 746.362 
5807.51 6154.69 8182.16 1451.77 8083.38 
8321.44 1377.33 7434.83 7557.61 7247.05 
3394.64 7619.93 3219.44 9562.75 1558.77 
7655.06 3092.05 6166.63 4786.58 7214.43 
6253.14 574.789 7151.5 6852.34 1787.32 
4149.87 8336.38 3815.32 6153.6 9026.26 
4561.68 1961.09 5180.94 2743.82 3412.86 
3264.31 1065.24 4790.19 699.118 8622.85 
2037.22 4093.75 6242.76 5256.66 3656.48 
7801.53 2911.7 6748.53 3968.14 7698.28 
3962.95 221.26 8273.07 1114.43 7073.6 
60.3684 5264.3 5409.96 3875.68 1417.88 
4436.2 8437.36 3378.97 9617.15 1181.16 
6791.83 2881.44 2246.4 1582.01 3580.56 
869.234 3619.23 7674.31 7111.99 8875.89 
1330.78 4913.51 1787.58 8079.31 8881.65 
9485.86 2042.24 9102.91 7758.91 3156.67 
6176.49 7819.28 8420.98 1586.42 1694.94 
9838.86 6022.63 132.288 3217.82 5639.76 
1313.45 9.63146 8521.19 3559.85 1591.64 
2101.73 4429.09 5210.87 9776.04 1541.06 
4086.74 1106.8 6454.57 5874.32 9186.11 
5336.2 5360.16 1228.33 4439.09 3119.05 
4385.01 615.556 938.308 2805.97 2201.98 
2633.25 2644.81 8224.61 2765.54 5862.62 
3864.35 4078.99 5872.26 2385.53 7638.84 
7463.89 4487.26 2067.92 2674.75 4263.28 
3608.98 6761.49 5370.08 63.5307 2635.79 
4556.17 5399.73 7995.95 5784.51 9838.81 
1114.99 169.496 454.354 2053.29 2975.46 
2656.33 4686.54 5620.27 880.926 7452.08 
1482.88 4745.27 1531.06 7355.13 7130.8 
9169.9 4819.01 1618.04 1237.8 7493.75 
5881.32 4846.78 4255.23 1251.38 4910.31 
6891.02 5807.55 310.021 4886.96 1592.04 
148.819 6001.94 1761.54 603.173 8055.24 
4737 3259.51 2741.76 357.252 4140.43 
193.83 1840.13 8885.71 1724.89 9195.26 
6016.49 894.769 4014.25 7634.53 2132.57 
1507.99 3515.84 6979.35 5763.21 4767.22 
1889.64 2654.22 574.756 2199.66 7541.17 
2166.8 2348.48 3543.1 3928.34 2951.65 
1598.32 8665.34 6211.16 4340.08 9022.59 
351.576 4533.91 862.701 9237.29 6258.8 
57.9432 5253.76 7153.57 4072.19 2888.27 
9286.13 5580.18 6404.11 6265.47 1343.37 
1171.31 8155.11 3997.59 1746.07 354.751 
1538.74 3912.87 2703.23 5081.84 7841.2 
5654.88 6680.16 6506.52 1866.03 1020.22 
5529.1 2217.6 5554.13 6391.8 1454.87 
1812.91 6449.74 6708.63 8966.48 521.918 
9596.91 8252.59 6102.1 6001 4518.04 
7445.47 7172.31 2673.13 1443.04 8918.38 
3027.88 2981.78 2831.23 5731.11 8063.62 
672.414 1385.98 4743.76 7178.94 3252.01 
5763.98 2708.02 5469.61 1318.1 9099.82 
6924.48 3131.01 5549.54 3633.09 2097.46 
6071.46 3229.98 350.041 2173.54 9230.98 
4868.08 9619.01 6403.27 7541.21 1062.03 
5321.63 569.078 4043.82 8152.86 6300.19 
2107.42 8825.27 7686.17 6851.19 6004.2 
938.16 2615.15 8712.21 6407.77 3933.25 
7812.02 3332.23 7064.25 3361.54 6965.33 
9161.72 9433.01 195.291 9511.76 1606.53 
9426.27 4379.83 1225.52 5829.53 1921.02 
2287.56 1151.14 2490.1 6331.37 9304 
8790.29 8438.79 8129.26 6476.45 5289.96 
4133.44 7414.61 7905.12 2845.64 3822.36 
1838.35 657.638 7154.59 8902.6 4019.18 
4119.9 8064.31 3452.17 4315.19 7576.05 
5058.7 3741.45 1955.86 6284.22 9570.97 
3876.88 8571.78 722.101 6366.98 4903.13 
26.0881 5157.26 3341.91 8155.35 1633.69 
8631.88 2288.77 9048.29 6536.97 5134.41 
2870.64 8375.32 5792.05 25.2092 7277.91 
9811.23 4145.11 5342.19 3263.39 8460.3 
2918.23 8322.09 2201.73 4874.08 4606.29 
1772.68 8750.97 3178.05 2494.79 5117.93 
8081.18 2520.87 275.174 1423.08 676.206 
1908.86 54.9367 2964.98 957.14 6591.91 
8099.39 3827.78 4967.21 3891.42 3852.99 
2245.1 3702.63 7998.09 7587.3 6966.02 
6458.38 505.507 5288.09 8660.1 5379.59 
9894.38 432.771 4130.54 3072.41 2927.56 
9248.47 1153.58 5448.43 9523.65 2576.66 
6124.64 1432.49 2631.6 9089.61 2389.63 
9223.51 7188.98 6217.41 4190.7 1080.39 
70.3774 6435.81 4783.02 8068.47 4023.09 
1749.02 4526.83 4528.59 7037.11 3186.92 
9908.19 6931.47 3619.69 4038.71 3.86926 
6547.25 3287.17 1157.45 1995.66 2810.8 
3734.11 8120.29 4243.29 6365.71 7209.89 
6632.92 5589.2 4398.86 2850.31 9779.9 
5479.25 2920.69 6215.69 262.252 989.146 
238.76 2011.28 5515.98 4767.35 9048.39 
8702.89 4675.52 5979.84 2322.57 8714.23 
5983.71 8869.81 2001.38 7141.16 865.453 
4812.18 875.256 8985.75 9055.46 7240.96 
6195.62 5688.37 2830.14 594.463 8538.68 
2610.02 6073.71 1459.36 8825.71 6335.96 
2448.5 9064.47 8347.24 7964.48 3831.81 
7395.61 6667.36 8507.33 3375.44 8989.92 
7221.55 9359.15 7859.72 9222.93 6500.29 
8725.17 4035.09 7375.55 7710.9 3090.53 
4616.5 3906.5 8778.9 7446.64 4500.97 
7317.57 56.6442 574.66 8776.93 8882.36 
6910.62 1225.41 7946.81 5257.84 9189.89 
1778.6 2653.43 5857.23 285.92 6028.87 
4847.14 7507.47 5388 2706.84 6730.38 
1888.28 1431.99 765.447 9263.83 9142.89 
3855.98 3880.31 3049.37 2634.87 1326.93 
7550.34 9952.44 1383.57 8125 8729.35 
265.912 5035.6 9954.76 8212.73 293.429 
9144.64 9991.33 2946.86 5001.85 277.233 
8975.73 9848.99 7784.7 4363.71 2555.81 
4515.06 6251.99 3987.8 5280.51 5515.8 
3130.67 9136.49 9396.1 6180.04 1771.34 
723.016 3730.37 1723.76 2106.59 1855.35 
453.091 2372.5 6890.96 407.837 585.209 
7184.38 9552.48 576.521 131.229 4554.31 
853.754 9106.96 4403.29 8638.45 3470.65 
6959.1 3153.5 9722.64 946.884 8434 
5238.42 4077.55 7570.48 4634.5 257.581 
9341.81 5357.52 3987.95 1065.56 7464.11 
5843.3 1518.65 9836.61 2734.24 1926.48 
421.801 9918.63 1478.94 998.322 49.8373 
6033.26 1852.08 9156.79 436.531 490.514 
2627.43 7395.63 3644.01 2350.05 8342.52 
2078 7588.46 2420.05 9648.47 2222.95 
2677.63 8990.27 7580.47 6665.58 55.8101 
5044.56 2508.87 1574.46 4881.15 5243.11 
3500.94 5302.95 5161.72 4979.88 6301.28 
5211.55 1013.13 8153.35 4368.33 1449.66 
8643.87 6995.76 8845.29 2287.86 9345.8 
7187.79 4365.86 6934.25 9607.84 4014.32 
9157.2 2285.45 3004.57 6737.65 8951.04 
3060.38 1782.19 1459.89 4634.84 6663.35 
6702.99 8135.78 1966.28 1864.69 3115.65 
8267.56 7076.25 4128.77 6420.89 1444.56 
5578.43 5064.74 8440.32 4423.7 7352.6 
7786.1 1611.47 1718.45 4720.33 1219.29 
5732.76 3877.51 3504.75 8737.33 615.141 
2455.77 1797.7 2397.33 3915.65 6432.53 
9060.68 618.63 4568.3 1026.94 2483.32 
7683.94 9294.5 9559.57 1812.7 5715.38 
1004.11 7391.13 780.105 9444.43 1814.81 
8132.71 7230.51 3426.28 9851.15 1950.82 
4645.57 5583.9 5828.33 8150.31 4321.21 
6443.47 606.062 6118.91 8840.81 4521.71 
2551.43 7901.47 5140.34 7119.72 8928.41 
7623.67 4803.65 8222.9 7183.22 6616.34 
3938.26 8187.33 4007.45 4718.36 7631.74 
5822.26 2851.05 4862.23 9248.54 2702.19 
6813.05 3894.09 8286.09 2641.36 2044.39 
2607.29 9084.84 2650.45 8726.19 7925.62 
7172.16 1277.6 5827.08 2312.49 8397.32 
4755.47 9936.16 3200.95 2978.35 7119.36 
9817.3 6916.61 5306.67 3824.73 1634.95 
2938.39 9646.99 4486.01 7800.61 8895.51 
7188.2 4613.65 2789.59 5474.27 7255.01 
4833.97 8081.55 6339.83 7484.42 6807.73 
4265.44 4656.57 8085.33 92.4957 6969.05 
6482.64 4847.97 6905.19 9683.59 7826.31 
4024.53 9500.87 4742.91 9331.2 3325.59 
6377.86 2269.57 2972.56 863.849 70.1611 
1868.06 8052.05 4683.81 4657.65 3526.3 
1938.8 9491.62 1607.84 8278.63 6976.02 
8415.57 2544.05 1632.57 6500.89 2636.55 
8601.63 2983.51 7484.51 5506.8 2667.09 
5310.81 9531.33 2167.94 53.697 8862.51 
5493.53 6431.56 1132.06 8466.09 7295.41 
1202.22 334.132 5347.44 5886.03 4991.78 
8873.74 7824.83 4483.38 481.556 6103.44 
1459.39 8897.13 8647.49 3091.96 5398 
1284.02 1693.57 8381.51 8768.53 7200.37 
1048.58 4079.33 6731.69 3216.52 4133.02 
5594.19 8710.05 564.562 6726.25 7176.12 
7859.97 7928.47 7510.25 3207.39 3814.49 
2502.01 2081.11 1639.3 6985.39 2562.66 
7742.74 8444.78 1459.77 6390.22 1536.72 
6857.77 7674.24 3230.29 5239.26 6442.76 
430.644 6287.83 522.07 7162.33 9504.35 
4655.09 2756.5 8214.38 5219.66 9482.75 
5390.49 3079.61 7411.2 2900.72 6286.99 
1225.67 5402.74 8368.1 2864.97 2388.11 
930.743 607.7 832.873 2390.51 6997.92 
2369.59 9248.28 4672.15 5599.88 4487.52 
1114.89 6030.53 775.338 1636.96 3192.84 
279.675 6292.05 5949.34 8494.06 1511.69 
5432.08 3884.53 4591.3 2843.26 6785.25 
878.276 4068.94 2187.97 9246.37 6933.91 
4576.08 177.099 7541.61 5408.95 2567.61 
4539.51 7778.55 1815.88 9211.66 3378.41 
6303.4 326.533 9408.94 7078.73 1963.49 
2601.77 7358.41 8255.55 8551.11 5852.45 
9767.24 3983.17 9736.98 4358.53 6826.43 
6522.22 5236.8 895.348 8710.19 4483.16 
7829.26 3286.25 4660.26 5370.85 8695.21 
7227.87 9910.36 6473.74 9043.75 9122 
9852.15 5347.12 9448.54 9261.08 2425.84 
1412.01 1862.83 9784.25 9667.56 413.917 
5636.68 9434.79 4397.08 5373.64 3793.29 
1223.49 1895.85 9030.1 2118.84 606.017 
3513.24 9948.1 3892.27 8173.49 5318.93 
2587.46 5401.35 5229.27 9061.2 4445.08 
4351.26 8913.34 9792.2 3799.78 8174.4 
2218.02 5211.79 37.206 2002.25 4879.33 
451.122 7638.93 4314.1 4848.2 3012.56 
8107.4 6071.7 4908.4 7137.48 8190.54 
5514.42 650.697 8138.62 9406.69 8824.19 
3457.53 1994.13 4225.52 8686.81 1055.32 
8670.6 3038.05 9968.65 8462.78 6837.83 
8143.04 680.78 2049.6 8180.24 2683.03 
6928.94 8631.36 321.941 1243.02 3479.55 
3334.5 9350.42 9551.25 8242.9 6487.88 
7741.77 3757.3 7138.58 5880.38 3163.98 
5962.75 9337.91 5158.11 188.257 8024.7 
6213.43 8858.85 1062.74 6182.07 7321.61 
7900.57 4325.08 8002.39 9950.17 2505.31 
685.406 6879.09 1136.65 1007.35 8122.11 
4616.21 4341.85 7472.51 4167.44 2584.73 
3960.38 1909.2 6342.03 1098.94 7789.57 
9506.01 7061.69 7127.47 4664.1 7249.95 
5152.16 877.51 6108.78 6214.89 7059.58 
3430.38 4115.44 1384.64 1432.76 4065.59 
3889.95 2118.16 944.664 5026.61 3125.51 
9066.77 9642.81 7467.36 6539.27 3810.23 
52.0678 499.632 5719.43 6394.1 1598.57 
3508.99 5900.09 8660.26 636.439 564.17 
5910.19 5788.59 1441.68 2018.96 2003.47 
8501.26 5449.34 6118.91 9885.9 6882.1 
184.491 3775.83 9000.26 1129.15 8802.44 
2125.76 195.912 8445.23 9593.12 6735.18 
2255.45 9645.18 7234.82 7974.88 6039.27 
8833.39 1483.85 1939.34 7493.63 2120.29 
2503.51 3403.81 7908.88 3945.19 5422.77 
9912.35 2446.43 872.098 6031.25 2332.31 
7754.2 6215.74 6108.14 6754.45 7344.9 
4910.56 8880.21 7540.81 3355.77 8473.3 
4275.97 5611.22 8118.47 1510.77 3586.08 
4157.72 344.143 5069.93 6097.05 7837.78 
7190.22 8600.56 1241.57 5099.08 2545.73 
6664.34 5011.42 4992.16 7536.44 1042.65 
7324.46 5290.62 7258.39 3432.58 2045.05 
4603.27 8343.14 925.238 2144.06 1698.9 
9398.54 6420.03 7310.12 7516.99 7930.81 
896.185 1674.7 8274.95 5966.12 7771.75 
6112.71 3156.32 6372.29 7354.28 8255.4 
8918.02 4018.6 3266.81 3910.16 1555.02 
4309.46 1234.61 6845.64 1567.83 4667.19 
8890.69 6171.1 3010.32 9815.93 8315.16 
4709.22 9214.46 4735.18 2019.32 6731.43 
2665.97 2915.5 8406.13 940.902 8881.62 
6177.86 7053.61 2037.92 2550.14 4407.87 
293.309 1468.15 8426.47 3560.12 5378.31 
9981.5 7869.57 6612.92 6827.12 9437.41 
1280.09 5717.8 5608.49 4290.41 5533.71 
3923.64 8999.63 4748.15 8658.82 1018.93 
1479.57 1324.78 3934.43 9885.7 2265.68 
2816.04 6063.54 9319.29 4853.96 8613.68 
3727.14 5147.27 81.8101 2153.6 8707.39 
5460.12 2135.08 6576.94 2073.02 8962.2 
6014.33 3353.11 4679.98 1622.81 7643.52 
213.678 5546.45 6643.14 4961.83 4205.26 
7662.07 6441.4 5530.03 1596.48 6327.08 
7795.71 4412.52 2390.6 7114.98 9266.48 
1004.27 842.106 4413.73 1086.08 2995.7 
3121.1 6546.2 5130.78 9698.05 8619.22 
4092.96 5712.36 1972.31 8772.95 7335.17 
9615.84 8986.62 2881.61 6258.96 3948.44 
7086.86 3921.01 389.819 2616.88 5517.49 
6716.9 412.573 9930.01 9107.5 7527.55 
9196.48 111.756 8369.66 3610.19 1197.84 
1365.35 6731.3 7744.03 6496.13 6429.32 
6363.24 589.076 2141.67 8335.55 9362.02 
9476.84 7951.37 8348.63 2358.43 4210.31 
2297.05 9445.3 8131.32 2686.87 2062.16 
3648.79 9403.77 2474.73 3578.78 8511.25 
2.27129 2775.24 8623.01 8371.93 6385.44 
9820.84 9737.28 3116.71 7564.86 6233.39 
9546.04 3928.08 6822.47 1687.69 2263.61 
6184.47 1164.52 214.967 4533.08 3522.95 
4425.28 6830.13 2968.23 2556.58 9517 
5030.39 6205.37 8920.75 7505.12 9784.15 
7431.99 7507.39 2559.38 6054.98 5879.31 
8944.81 5875.81 5616.57 2061.51 3440.65 
1849.95 1607.53 7368.73 8672.41 3295.22 
9632.35 4856.87 4459.74 9847.32 9389.95 
7982.69 4272.58 6220.07 950.899 6829.16 
5737.05 5981.29 3034.51 4657.78 3486.39 
2818.64 2089.75 993.768 5378.02 8144.73 
6873.08 4322.82 4020.52 2489.63 6384.33 
7461.18 4339.58 7991.86 4829.9 3011.97 
1287.07 4462.23 7868.84 5746.81 4309.53 
7258.77 3729.48 8582.1 3478.82 4680.38 
5411.24 9215.87 661.653 8445.75 3873.64 
4148.05 1264.38 5963.4 5141.81 6642.4 
4108.11 2014.87 965.199 8128.64 4504.5 
7349.53 5589.8 8844.08 5341.38 419.677 
1856.03 6628.45 4881.9 9724.87 2375.24 
9191.43 6983.63 6104.72 7773.52 462.436 
785.089 3184.74 9678.31 1446.74 1630.47 
3551.94 5594.79 2894.85 9515.33 736.585 
9537.25 3623.43 2751.46 502.429 1752.05 
7255.96 7851.96 7341.85 6100.02 3193.32 
7761.52 7956.06 9821.76 2643.41 7680.91 
2196.99 1834.82 4664.53 8301.71 9608.34 
5126.96 9086.8 2793.06 4805.25 533.525 
4423.53 8357.19 6128.31 7318.38 7872.5 
6864.9 6855.61 1495.92 9616.36 7358.04 
3247.96 6872.3 5209.98 589.791 2972.31 
8403.3 8351.31 928.346 8225.05 994.706 
8609.26 422.015 2829.53 3273.77 8723.72 
2437.85 8400.73 7810.51 5230.91 3205.97 
8344.03 9654.44 1563.14 4472.33 6972.81 
9435.65 1337.21 3828.4 931.544 953.547 
1186.43 4179.51 7825.85 6396.41 4769.3 
798.136 4799.69 3120.6 1726.48 3024.72 
4115.3 335.725 3446.74 6944.83 3609.49 
2170.44 9382.68 2010.21 9980.95 4613.57 
5216.18 8324.97 4267.99 6779.32 2797.28 
1240.78 6214.95 4134.49 5069.19 7146.49 
5088.03 6255.61 1325.98 2913.86 2652.01 
6095.28 3712 7451.7 9215.88 5438.48 
476.405 3331.16 5774.21 3923.14 275.972 
9383.7 6093.58 9658.65 1393.89 6074.52 
4272.2 6610.07 4399.47 8540.2 3389.37 
7196.74 9780.98 9604.32 1331.21 4850.15 
6750.79 6419.25 1105.75 8076.77 9333.11 
3757.76 4172.04 3045.09 1209.44 3387.9 
8483.57 1685.84 6719.06 4257.76 5608.98 
6995.03 3641.45 1702.55 6653.66 5035.34 
7777.07 925.846 1645.39 2176.52 9466.04 
5034.76 9373.26 9247 4639.06 704.461 
4097.14 1389.84 7123.71 5202.89 9466.61 
6456.8 8960.64 3638.63 9501.89 170.062 
7026.53 7985.45 1855.91 3745.57 2243.19 
7464.89 740.581 5884.64 9167.44 7394.24 
919.962 6944.5 8320.09 2565.35 9121.02 
7786.11 7600.11 8494.26 7033.1 2239.16 
9198.72 1130.22 3628.99 6322.41 6333.11 
3095.58 2779.2 5293.73 6734.21 2281.07 
5463.79 3760.72 266.498 7319.7 7506.29 
2509.69 4784.57 8246.87 8394.33 3952 
5641.1 9314.29 896.476 3961.17 1879.63 
17.4743 1747.27 9479.74 8511.74 8780.37 
1718.88 7710.45 9910.6 5347.87 4032.84 
6243.69 8443.45 6812.04 1537.4 5177.65 
9093.11 7001.2 8938.38 9359.61 4320.88 
6444.65 1869.28 9105.45 4691.51 263.592 
3057.43 332.591 9577.88 3953.91 4293.76 
1457.49 3971.38 6041.04 937.218 2483.1 
4821.39 2656.1 193.533 4731.97 8003.97 
4226.38 975.642 6447.41 1038.4 2513.04 
1625.04 131.487 9514.24 563.399 9491.09 
3835.11 7008.05 1360.35 2940.54 1699.54 
1623.95 5997.98 2032.13 1201.81 9951.88 
6325.9 2659.31 3923.25 2366.91 3596.53 
6406.36 7188.31 6252.62 6599.89 1920.26 
4256.58 826.248 2895.9 703.965 1864.64 
5408.95 2329.01 1996.13 4923.17 2892.4 
1487.21 8758.28 9900.46 2847.56 1698.8 
1599.98 4471.51 7696.78 3632.11 5673.32 
7648.65 9958.01 8332.63 1571.88 2324.91 
1929.14 7978.24 9513.21 8181.76 4578.11 
1433.46 2438.32 5404.36 4329.36 3142.28 
7269 9738.3 5471.29 9265.13 4661.46 
8363.69 752.321 3419.72 8264.13 3599.88 
5118.52 9864.11 8071.39 2815.28 3496.2 
3744.69 463.907 3454.2 2077.3 2035.79 
5779.1 4006.44 14.0048 5292.3 2188.18 
4592.11 6725.75 4626.49 9996.47 1055.09 
7768.78 7265.45 793.377 3240.05 6530.57 
