400 5
1363.14 9810.7 6747.84 8759.79 8876.75 
1023.41 5603.68 3069.1 7358.69 3357.26 
6254.4 4596.86 1624.42 9283.26 4432.03 
5915.31 7651.54 8434.56 8558.29 8087.25 
6702.34 6076.86 6107.25 4623.24 7636.61 
7047.85 2093.12 6948.99 7741.02 4126.25 
3124.61 9104.16 3936.93 9872.44 7863.94 
2813.66 895.842 3467.6 5882.76 8254.53 
6824.87 2137.15 2851.37 8449.29 1420.39 
7283.4 4364.58 9071.92 5717.94 2922.85 
7159.16 2420.27 8999.71 3266.39 7043.51 
6636.31 314.22 9136.63 3585.28 8055.24 
3262.86 6709.89 7159.39 7199.79 6582.31 
5023.31 13.4385 7478.15 8490.91 5896.2 
5732.67 5315.76 8033.35 8584.04 3765.04 
9453.73 5867.41 8129.61 8525.64 1585.34 
1052.45 5684.78 4005.61 52.1437 8951.17 
1049.1 6688.45 9265.39 185.712 273.716 
7320.61 3448.57 6983.6 4479.98 648.349 
3565.9 9503.29 661.788 1044.03 7994.19 
6557.99 6776.7 3309.94 4591.32 5360.72 
7074.97 4045.03 1228.11 5204.57 2570.66 
2813.45 6257.02 8255.44 6819.06 6309.16 
7206.58 7868.16 2997.6 6471.95 8053.87 
3271.31 3792.55 1502.43 254.896 8272.53 
2150.78 3820.79 7775.8 2812.57 4864.83 
5769.97 9370.55 1641.51 9079.91 3961.85 
7002.23 6154.87 8006.89 8230.34 1359.42 
577.528 1043.78 7616.44 8832.96 7862.84 
3925.58 6039.53 5730.98 6923.17 2511.47 
3784.84 194.466 6304.01 5287.26 449.361 
4576.52 7438.04 4270.15 2352.31 250.59 
9134.98 8122.28 9621.14 776.472 7202.18 
3582.98 7778.7 3357.03 1589.85 6009.02 
4716.45 2167.38 7052.8 2332.86 1000.33 
4915.62 6258.44 7039.86 646.589 3181.6 
9551.33 4431.42 3376.06 5855.32 9718.69 
3825.42 431.826 7156.71 8095.58 2784.13 
7407.31 7230.54 906.397 7028.43 8007.01 
8108.57 611.397 5785.69 1465.58 2201.25 
1794.7 6182.03 4368.63 8847.5 8514.89 
5368.96 3763.11 4773.32 2408.8 4409.7 
7954.92 1960.11 8841.12 1330.96 7815.43 
8559.8 5156.38 8247.26 5716.49 3251.95 
1031.37 3123.78 482.469 1937.77 152.197 
8489.48 46.3257 763.594 4275.16 1511.91 
2964.84 6069.86 7693.94 7333.47 4917.35 
6208.81 2702.42 8680.46 982.115 5111.22 
3090.14 8937.03 7071.33 1931.24 267.973 
4886.74 491.023 5424.36 3133.98 6207.52 
8676.3 4165.36 9331.3 9158.77 6103.13 
9483.5 7648.24 6149.45 247.072 1923.38 
7661.36 3211.92 7993.24 5355.28 545.373 
2910.57 1564.08 3247.79 1591.01 2546.19 
8359.01 4681.15 1483.2 5430.32 6612.39 
1751.18 317.043 7103.42 7175.53 3451.03 
3310.92 5851.82 7616.38 2642.2 5010.57 
3719.49 2125.68 2658.79 9868.95 2372.75 
4582.17 7530.29 5584.66 2575.4 2885.55 
6130.04 5485.97 4449.63 9377.83 7076.98 
6995.82 7736.82 1758.11 8479.02 3167.12 
8370.51 230.183 3484.16 5473.91 7405.72 
6935.19 8784.82 3257.52 4551.55 1427.01 
8268.09 8271.05 3552.68 926.87 8139.97 
5925.43 5509.04 5670.25 1510.08 8084.44 
8555.8 7640.12 3570.39 3005.41 7017.93 
647.356 1.20982 4754.73 2405.47 8480.23 
7921.84 775.958 8710.42 1405.99 6249.87 
6116.12 8341.18 5034.67 9373.63 2892.71 
6461.68 7641.71 1163.74 14.3465 8568.58 
9303.72 5939.78 4077.61 4973.94 7449.86 
2162.03 3529.72 5089.96 5732.42 6535.13 
2107.87 6379.78 6536.34 6862.59 8785.25 
5016.56 4784.42 9561.21 3726.96 6190.41 
5811.05 9843.07 4531.57 845.712 9216.69 
7424.28 7307.39 6858.38 8588.02 7321.74 
5426.94 7891.72 3261.5 9504.55 2865.65 
711.339 1666.56 6395.37 5801.3 7398.99 
2930.49 7909.16 3778.75 9466.83 4771.74 
2563.98 4483.37 9556.16 2125.17 8210.32 
5746.55 7936.22 8053.38 278.101 8781.93 
7270.05 7702.38 6089.31 4128.41 6290.39 
3411.03 9555.36 4182.09 6672.53 9059.89 
7047.74 7383.87 726.437 3443.1 3185.15 
8125.43 6373.59 1094.29 1904.16 5840.4 
5866.03 4468.14 323.747 5422.17 6593.31 
8534.07 1168.7 4529.51 6587.43 1446.8 
3311.43 3857.46 9149.19 9400.74 7985.87 
5439.56 2811.75 7541.21 9621.65 9484.29 
6601.08 6669.38 6868.14 7327.52 112.461 
53.2707 5452.93 6486.05 1147.56 7357.09 
2326.43 7013.6 1825.21 2650.17 2435.75 
8418.51 1184.23 3604.45 2948.01 7771.66 
5051.25 6259.44 1629.1 4200.42 5660.16 
9614.97 9639.98 8471.92 7156.16 9261.62 
7956.18 3757.23 5930.98 4824.31 1084.73 
6043.44 4877.58 6537.66 2529.47 6025.14 
3894.73 4855.9 3038.72 5719.94 7506.07 
5474.47 4138.43 8690.3 9078.92 7086.44 
6461.94 4130.15 3345.86 8091.04 8330.58 
9006.02 7705.99 7970.54 7477.92 4862.13 
7232.14 5434.09 8619.36 3163.11 258.375 
9704.09 9206.55 5135.95 6241.74 1736 
1161.07 136.449 6591.9 4199.79 5856.39 
4097.95 9674.26 9994.82 2788.24 8753.16 
7081.24 9250.17 2883.3 427.084 7341.19 
1213.86 9433.11 5047.16 9184.4 6911.01 
9909.29 6416.53 2345.08 8528.63 9579.63 
2603.45 8232.71 8786.16 7739.4 4474.43 
522.143 8900.48 4610.88 7114.04 3100.25 
467.245 1211.98 2774.49 462.047 4000.21 
1527.63 7543.29 3250.37 4410.93 7970.37 
591.542 5624.79 7403.46 5638.7 4809.17 
4314.45 5547.97 1225.68 6659.53 4076.59 
805.291 9262.98 2309.28 9591.45 7002.37 
6783.71 113.577 5902.83 1394.57 7227.62 
9003.08 1861.81 8439.6 1777.56 2323.86 
2439.79 3305.19 9867.15 5690.16 7716.12 
7837.5 6281.7 3340.89 5240.95 1920.39 
8150.06 9555.4 7468.36 9375.74 6214.91 
1544.93 181.012 5477.88 3854.22 9772.46 
2480.23 637.906 9886.04 8383.06 2032.47 
7113.64 7386.12 3894.28 5553.22 9163.68 
6218.14 7993.01 2468.85 6085.27 3683.16 
184.951 3922.76 9964.86 3525.84 9163.7 
1885.23 1675.88 8719.08 9353.59 1051.6 
4933.98 898.506 1232.61 411.835 4752.72 
1005.06 2892.06 5390.63 891.082 1275.1 
7423.1 8004.72 8661.22 1317.37 3557.92 
7824.88 7535.51 1550.92 293.713 3620.77 
5234.07 478.664 7543.53 5198.91 4004.5 
6707.21 7084.14 5680.39 5426.28 6437.71 
6731.99 360.237 7336.22 7964.6 772.072 
2088.92 8969.66 3664.14 7479.55 9860.75 
4939.24 4902.63 7865.45 3600.44 6220 
1423.36 1425.31 3755.5 2974.28 1719.02 
7376.27 8208.35 2197.69 4919.78 3407.25 
6202.19 1626.97 491.372 1882.56 7053.25 
6929.09 8614.55 7413.49 4265.29 6579.14 
8185.56 6354.21 5548.78 1849.68 3833.75 
5409.51 6788.92 8736.38 3274.94 389.343 
4956.37 4698.3 1814.65 8711.87 7672.58 
3533.67 6088.12 5880.91 5731.36 1007.87 
9288.15 1933.53 2634.85 9779.53 3816.09 
9688.1 6708.59 2430.63 7101.57 973.866 
9009.76 5287.11 7328.08 4558.53 7136.79 
1161.81 9968.04 3925.69 9898.19 3242.97 
4315.03 4854.54 7941.27 6129.68 3566.39 
5613.83 9663.36 9654.5 1494.72 5394.7 
662.361 782.857 7328.23 3297.21 562.367 
1144.31 2985.29 7270.96 3574.93 86.8378 
8244.83 2584.68 5373.95 5572.89 7143.21 
2510.72 6734.7 7111.23 6436.4 6632.87 
354.184 751.416 1487.39 8295.45 6881.1 
5053.78 3909.26 6544.44 4708.27 5403.98 
1939.12 5370.63 6186.84 9267.35 8667.84 
6749.21 411.641 1653.11 4020.15 3986.58 
1739.94 2264.96 6571.26 7113.89 7837.85 
3714.45 9624.61 4572.53 825.665 6061 
1205.38 1179.85 6812.41 2692.78 9475.3 
3693.49 7746.56 3384.55 237.91 2454.81 
8788.53 2177.03 7825.44 4975.36 1444.36 
6493.26 1724.55 1856 8146.36 5744.7 
5842.58 9886.31 8009.66 2413.82 7000.18 
5847.5 6128.27 6624.77 420.01 6953.93 
2685.75 1625.4 8133.78 9498.16 4318.17 
7609.07 3191.64 2064.71 993.598 3429.55 
4519.52 9782.13 5606.58 2344.94 4757.47 
7050.94 8838.2 6482.02 8906.94 6984.54 
2226.7 4749.5 6870.83 236.341 7163.32 
3871 6083.84 3291.57 495.751 6503.85 
245.485 3181.5 8129.24 8379.27 2679.65 
2447.4 5988.32 5871.29 4512.11 6981.92 
9300.83 9031.63 6764.03 4907.39 1376.56 
1521.48 1958.31 214.737 8003.5 865.231 
7199.28 230.175 5614.73 4070.09 466.516 
2778.03 7941.09 6550.35 6069.6 8436.84 
3054.18 6315.09 1618.32 1183.41 4694.34 
4297.97 3630.8 682.638 169.24 8142.91 
7664.55 9470.07 7174.53 4428.56 4377.45 
8551.09 5950.04 6335.75 8765.83 3953.52 
7200.99 5965.09 4183.7 2815.7 35.1626 
4650.21 5593.73 7976.25 1200.55 1663.32 
6413.07 4254.73 7978.41 8031.4 5438.14 
2672.73 2329.35 9068.94 3355.36 2498.59 
7211.84 1019.9 1968.65 4386.35 5448.46 
6346.09 2937.42 1398.49 2681.83 1703.23 
5352.02 9882.81 7668.32 9535.71 2698.5 
7703.48 4185.91 8292.23 5679.71 5386.46 
9955.55 2092.77 9641.19 7933.94 124.146 
5079.31 606.645 2453.5 4148.23 3962.01 
4952.09 1360.05 4981.91 6920.73 5746.4 
430.357 3266.81 8683.83 1828.85 5948.64 
387.039 7180.87 5831.43 8055.36 6716.56 
8529.93 5758.82 902.459 6822.15 1438.52 
6288.92 6777.68 3531.29 5930.1 4711.6 
3655.43 1009.39 5318.24 6108.93 5157.62 
9280.25 1061 6517.67 4262.14 7981.73 
2264.06 4692.5 1248.52 947.866 6521.35 
7197.16 1334.91 3702.2 3028.58 9390.26 
418.746 1558.49 5149.07 1321.2 8380.64 
6587.59 7610.12 5158.29 118.859 3540.2 
9869.89 3774.29 4549.59 5188.12 9883.22 
9707.21 4468.35 944.208 6224.87 8730.49 
8925.94 8488.93 3422.97 174.449 9436.79 
9944.32 7371.61 771.682 3646.51 400.168 
161.929 4065.25 1958.66 5311 5386.46 
339.276 1898.57 2996.56 5497.57 2017.43 
6536.77 5367.44 5791.72 1086.34 555.542 
5674.93 793.537 5023.89 6619.14 7018.41 
3754.36 5545.06 5507.32 7177.34 5719.51 
4944.09 7121.65 3091.1 5715.77 768.135 
3491.27 5877.7 4833.39 5449.93 1188.68 
219.825 5789.2 3087.25 3216.39 1286.76 
5104.68 9753.16 6654.2 896.384 839.479 
7209.74 6571.31 1633.02 2233.62 3190.43 
8651.42 5987.98 8735.49 4158.72 3165.3 
4454.98 9102.81 286.934 7546.09 4818.57 
1055.07 1037.34 696.257 5888.46 6487.27 
1884.94 6108.28 2276.45 4972.19 9324.67 
3563.21 76.8564 9077.81 217.397 973.241 
9917.29 7427.14 7544.55 1550.29 9660.76 
734.966 201.691 5648.73 9470.46 4360.41 
8814.03 3925.43 3463.21 9100.96 1471.5 
8281.78 156.017 2508.84 8978.03 6044.47 
8996.1 862.957 2152.74 1272.54 5835.15 
1477.39 4835.75 5912.01 555.18 5053.15 
6885.25 472.451 2480.28 4429.78 2022.74 
2141.02 5164.75 2224.43 7789.74 4635.19 
6584.84 6603.76 8560.62 48.0299 5704.71 
32.0948 8329.81 5860.72 2540.93 7307.82 
1905.18 1537.02 8170.78 4057.92 2809.56 
4005.91 5535.31 7645.31 9917.92 6090.48 
2698.45 6803.15 6562.94 5178.72 1232.92 
8585.67 7319.74 6397.66 810.087 5109.47 
1032.84 7394.93 1713.21 9593.45 7442.96 
7417.92 9625.55 5772.75 3278.62 2166.46 
3080.55 5183.8 3703.48 1251.32 9241.72 
6513.04 5257.23 4777.01 4158.33 5175.13 
867.474 6856.78 1978.27 7430.41 2035.48 
3211.18 6016.07 9355.22 9608.84 6826.15 
4464.67 641.665 4221.06 6177.88 235.101 
1664 3595.78 9860.65 7436.75 6874.41 
2027.09 517.287 2058.19 5730.57 1768.6 
1299.89 2243.59 7025.83 6076.9 6401.92 
2200.95 6944.37 3258.69 4179.21 4374.77 
5294.17 7390.4 390.82 4649.37 6999.22 
7216.97 9114.05 7640.89 1438.02 5291.92 
7875.99 3102.03 8887.7 7736.62 538.761 
5762.09 9763.71 1056.05 7820.28 5494.27 
2824.65 9120.17 7737.86 9850.49 5197.06 
4139.77 2051.42 2141.41 7398.46 6230.63 
6516.18 2692.61 3621.01 6907 7341.98 
620.219 4123.96 6456.01 8261.11 5561.98 
1747.91 6137.08 8664.01 635.59 3873.68 
9202.77 6397.68 3637.38 258.802 4217.94 
9131.65 3083.45 3338.1 6869.5 2933.92 
8535.15 1009.25 4985.34 676.552 8407.71 
1215.96 7192.73 1100.3 4836.97 4099.72 
8442.28 5457.19 8223.68 4898.27 3718.28 
3785.64 6646.18 9855.36 2449.63 7281.77 
3729.03 1652.39 3679.43 7366.41 1911.19 
7897.37 6498.05 4994.64 1235.45 3367.53 
7928.57 9770.61 4376.78 2913.89 447.143 
2784.47 4129.85 7639.88 3884.77 8966.82 
1739.58 2327.03 4424 9963.26 7225.3 
8142.28 3748.88 3871.46 7997.62 6198.52 
1153.22 1726.63 7850.9 4832.65 9093.04 
9762.09 2730 5591.07 4756.72 3965.46 
8958.6 2685.27 3736.05 3335.36 5599.16 
4183.19 6119.83 9729.01 1823.05 4.58734 
8695.82 3562.63 2331.62 3119.8 3525.87 
9556.92 1262.05 7274.75 3428.36 9259.67 
3473.25 4581.58 986.282 1324.14 9414.23 
79.3039 1086.22 2144.22 5670.37 5842.94 
6109.68 4628.95 8528.21 9845.73 7964.31 
4127.35 4028.9 4084.13 3856.34 5851.95 
4088.72 2552.14 9414.58 6420.34 5671.94 
2940.44 5977.24 6933.99 215.173 9405.6 
6193.65 3688.43 3987.17 7179.93 5012.57 
3401.38 7259.23 6098.78 5545.6 2929.59 
1941.7 1655.26 7558.54 469.891 1500.97 
5522.84 4597.24 5529.87 9606.97 8453.58 
1381.8 3695.67 1005.71 796.367 115.992 
6677.65 3736.8 6093.23 3611.62 3951.98 
5498.81 9805.27 7640.4 9485.98 6985.18 
2652.95 2887.34 4244.4 8751.74 8432.94 
7173.99 693.421 88.1805 4732.51 1163.31 
1589.15 255.33 5760.55 7119.01 9862.3 
4214.12 8500.81 3557.96 5219.83 9297.18 
3673.95 1897.46 3033.97 9767.18 5509.08 
6985.94 5265.97 5314.33 4626.33 4751.94 
2299.5 7279.28 7639.28 6543.9 6031 
6072.2 3717.86 6724.42 6160.38 8450.37 
7887.73 7749.53 8705.7 3648.26 4868.52 
8567.99 7862.38 3369.32 2125.92 3082.19 
2666.48 5799.87 4979.65 5700.45 5567.03 
488.709 2686.37 832.986 5803.04 7312.7 
5584.92 8102.54 4591.96 3224.18 4646.42 
622.945 9296.38 8364.28 7347.36 5456.75 
6814.64 5235.08 3206.26 5520.33 8883.34 
8074.78 4088.29 6745.7 1444.08 6214.22 
9827.89 4110.56 2014.07 4807.52 9811.01 
7581.1 5296.23 2497.37 8414.09 1099.25 
9810.07 3998.99 9201.79 4402.02 7223.17 
3848.2 5024.96 6519.54 2212.46 2372.31 
1976.27 9027.1 7607.39 5182.54 4547.41 
6490.71 3257.3 8635.71 3236.4 4701.39 
4849.91 3064.27 8811.95 6863.98 7871.79 
8622.95 4445.07 3168 1120.3 2859.14 
4267.26 930.347 6858.13 3469.03 5332.36 
4081.29 7317.23 357.306 600.812 9529.7 
2729.61 2577.09 8556.78 336.982 7759.62 
3104.18 6827.69 1016.91 1739.87 64.0691 
5718.3 6589.78 3128.34 4530.23 3453.75 
1000.11 3153.16 7898.81 4168.11 4273.46 
757.935 8435.37 5203.8 7616.06 1904.39 
536.15 1697.33 9221.62 893.456 2298.15 
8751.3 3623.07 4875.23 7308.07 3960.05 
2634.84 412.233 787.726 3651.75 2152.11 
851.795 9370.04 8741.89 3980.13 3900.26 
2195.62 4980.25 7053.42 94.4173 9148.36 
1326.86 852.352 7583.72 6530.66 8468.42 
9488.11 7066.81 165.735 8709.71 7960.27 
2463.88 7461 1583.32 7339.11 4769.05 
5543.37 9973.95 5181.28 6331.1 3625.69 
7333.39 7182.9 2995.71 6075.26 1163.01 
6895.97 8270.88 6143.26 3949.37 8365.3 
5291.6 5276.23 9217.65 2875.3 1806.88 
7686.05 2363.39 8873.69 7851.79 1073.09 
6833.95 315.649 8534.08 8417.27 7654.76 
3303.11 3960.62 7628.7 8484.4 291.708 
1254.37 5817.77 7474.6 4250.08 1893.01 
8637.62 1146.04 163.875 4780.86 5095.41 
8529.17 72.4429 371.63 7746.81 2947.74 
2178.51 5432.84 5311.14 1052.19 3284.61 
6384.22 7886.13 3600.26 4918.29 6303.39 
1255 8221.4 263.993 8883.7 6705.78 
555.701 138.056 2523.53 8030.3 4388.14 
4416.54 6667.9 5534.18 4580.42 1448.74 
629.572 3109.57 1521.19 1001.2 856.364 
4468.93 3179.71 6289.2 9780.07 4231.9 
9573.81 6164.27 2118.02 3174.05 1082.54 
8421.4 4429.05 9303.94 8685.4 3312.74 
6009.7 9241.1 3450.79 8533.24 7271.38 
7838.93 2949.76 3939.27 3373.09 7530.18 
5388.01 4002.67 639.739 6909.2 5003.87 
1496.1 1378.11 8183.58 7785.31 1158.16 
2415.46 7359.1 7322.43 4533.48 533.131 
8404.97 2954.87 4962.18 7708.89 1640.25 
8274.92 3718.58 881.325 1725.7 2251.8 
8152.71 9564.63 5201.56 2091.96 2937.71 
2731.73 7479.97 6940.38 3371.46 4389.16 
1944.23 4867.57 5767.27 127.791 2652.85 
6925.43 2543.25 11.9358 4247.84 7076.74 
545.066 2652.79 31.5847 5507.25 361.672 
1671.83 3782.15 4080.25 2553.16 5507.85 
6332.05 705.847 5072.47 1533.6 2797.81 
8010.18 4265.32 277.767 4950.54 7636.79 
4666.92 6894.77 2504.34 434.172 7022.56 
5157.19 7359.6 9565.81 5169.13 1607.42 
6642.53 5714.19 4260.22 6674.12 1221.42 
4621.89 8345.95 5003.58 8702.14 899.085 
511.415 5034.18 1604.93 5583.89 6567.77 
4402.74 3594.05 833.081 4680.51 8544.59 
8469.87 9347.43 5439.34 974.186 9781.6 
2461.89 6131.38 7141.19 2027.68 1300.49 
8748.61 8670.22 7014.68 3008.81 5344.32 
8236.1 7630.7 3690.25 3239.66 6332.82 
4589.33 3751.08 1366.98 6194.27 9334.96 
7934.75 596.99 2929 8767.84 5277.5 
1473.57 7237.69 4624.91 6912.91 8211.87 
4406.5 9374.8 4343.23 1547.67 1402.47 
5643.72 296.26 72.6647 2658.38 3305.07 
5416.98 894.464 935.746 9107.23 4134.13 
7268.57 3696.54 7885.21 8635.55 9890.81 
7220.16 6570.28 487.783 149.136 5338.1 
5765.28 1622.71 2575.77 390.181 8535.62 
787.626 4796.68 7910.4 5130.86 6344.35 
9312.87 774.557 6640.61 9385.54 3432.93 
9945.68 4802.5 4327.4 881.408 3909.71 
8461.53 8149.97 7606.26 6346.72 6785.5 
7497.05 3566.86 3355.77 7984.83 3715.99 
8693.87 3750.1 5338.7 1269.63 4140.28 
3874.31 2057.25 8936.96 1784.69 7188.11 
5281.29 1097.55 7962.67 1921.89 483.065 
1395.58 1867.55 5285.56 5722.98 2748.96 
9195.28 4184.49 898.916 6801.51 531.192 
7684.42 4298.55 4098.05 1040.17 2283.36 
7814.04 9734.04 6033.46 3152.72 1003.65 
173.717 7027.03 3060.9 9110.68 8811.72 
248.994 4391.95 9909.27 8211.66 6313.84 
392.318 9607.24 8181.4 5677.88 5330.21 
930.338 4873.14 9514.7 1829.25 1674.64 
45.8753 9513.67 5973.18 4143.92 553.825 
8256.54 1957.95 287.85 4289.98 5110.67 
1291.5 4463.7 2137.68 4352.4 3574.36 
949.39 4601.4 7966.31 858.643 2813.04 
4280.14 1250.96 2420.27 2461.52 6928.84 
7750.47 3391.85 1801.97 7265.16 5221.11 
