1900 5
3989.3 3390.03 5509.45 7729.48 1460.64 
1318.71 8719.57 4855.41 5627.15 7628.36 
1491.47 7464.65 6801.63 738.919 1134.99 
4736.74 6061.71 9153.14 1121.45 8032.86 
6759.34 8594.97 8166.08 4555.58 1812.69 
5239.08 5789.21 2330.35 9165.07 2815.23 
3654.5 3154.36 6205.26 9163.95 883.819 
7665.9 482.646 9603.39 2521.29 6109.79 
7231.74 4012.75 3574.42 4033.35 4751.67 
4709.42 8770.09 813.365 3862.54 9891.54 
8846.22 621.862 8486.49 7012.28 5177.45 
299.166 2251.34 966.642 2629.52 1416.4 
3781.87 6284.02 4570.75 9987.13 5447.95 
5454.57 7653.01 5930.59 5057.95 174.277 
2040.37 2289.67 4187.03 5614.79 6323.02 
8938.7 324.193 5093.09 9752.07 4186.74 
4984.61 8598.27 4808.6 3471.09 5610.54 
9986.04 3770.25 7861.88 952.668 6399.77 
9278.28 4734.54 2683.78 3849.02 4721.65 
8131.72 9303.59 2374.64 4062.3 4361.53 
2548.91 6102.67 6651.19 6735.94 1717.45 
2974.2 5674.63 2041.64 8067.29 5426.68 
6228.38 3051.88 4024.94 1036.96 6522.97 
9635.48 1022.98 293.208 7497.34 1975.65 
6692.98 6775.61 6710.19 9376.76 624.612 
1431.82 7508.46 9928.21 3806.45 1570.75 
4289.72 6355.36 7673.42 940.891 3091.29 
9390.87 3915.09 8765.92 1432.49 1982.35 
4192.58 7660.87 5034.24 8217.52 8697.82 
1557.19 7852.98 9720.81 1850.4 5350.3 
1696.44 8543.38 2125.9 8406.63 7920.12 
2750.51 9838.44 5428.56 2678.7 3644.88 
6999.31 6968.41 0.226279 4672.71 7909.3 
3091.52 4063.56 1824.37 1857.42 5496.05 
3806.73 6050 3156.9 8840.96 4267.5 
1854.71 398.134 2120.46 1575.5 2248.53 
7470.77 3271.94 791.89 9596.66 1678.55 
8712.01 2347.16 1516.98 4140.56 5025.85 
5161.86 1139.85 1994.25 5162.08 5812.56 
9903.55 8253.6 9876.13 1727.91 111.003 
5372.16 5534.64 6161 8529.06 4375.58 
428.491 383.751 4773.72 2548.96 1959.25 
7022.25 19.7072 5231.19 7814.14 9616.37 
6909.74 6526.13 1963.51 8426.71 666.667 
6989.36 3588.55 1806.52 8983.61 8750.64 
7619.08 8887.15 7004.22 7495.19 615.04 
7115.22 2867.34 6149.68 3276.21 1396.38 
525.241 3704.7 1780.13 5298.96 6253.66 
3739.38 2321.19 6273.36 8970.57 135.304 
5889.72 5880.29 6661.43 7853.23 4306.99 
7328.1 4842.57 7895.54 9134.62 3826.17 
6646.16 6753.68 2713.3 3650.36 4248.86 
3328.34 765.567 7116.2 9478.01 4041.78 
8512.58 3.23786 7746.48 292.696 5302.19 
4000.12 4032.08 7623.38 273.463 3002.63 
7758.68 6163.18 8882.92 4420.1 4016.39 
3189.89 1748.18 8858.96 1085.41 882.777 
2685.12 7731.57 7636.46 5398.42 1381.91 
1885.3 8726.75 2147.48 9001.5 8204.75 
6189.26 7514.06 8207.99 3935.72 7806.75 
3510.17 7935.83 1838.82 1133.53 8209.3 
4841.44 8892.21 4372.46 3724.34 3312.29 
8388.85 6914.23 5060.47 7247.8 7999.64 
5943.25 9932.91 5731.19 3579.69 5331.31 
7113.1 5464.99 4058.05 9260.58 4466.47 
2262.78 5449.82 1980.52 470.756 9385.54 
9787.27 3980.92 7321.35 1626.07 5114.45 
5530.63 6467.51 4006.65 9903.09 191.843 
7318.94 8291.92 7106.07 2379.39 5539.71 
5105.7 8322.64 5472.6 836.869 1902.32 
803.897 7949.97 7367.31 4861.95 7210.54 
1833.77 7124.73 2660.34 3814.28 7595.49 
2045.86 3601.54 1576.39 9367.21 5227.61 
6690.84 4897.83 1695.11 697.473 4800.9 
1886.95 8016.41 3092.81 8993.02 395.791 
8632.51 4098.7 8718.43 4105.1 4935.57 
620.736 4908.99 2885.53 7988.05 9770.94 
96.0482 9821.82 6895.65 2756.39 3636.08 
4491.12 4802.25 7237.62 6067.51 4169.44 
2465.22 2758.34 9067.27 4160.32 3455.81 
3868.15 6047.27 1472.21 6960.96 5040.28 
1868 5593.45 9138.99 586.418 9698.55 
4074.54 1207.15 4607.52 6960.07 9195.2 
4378.45 7056.12 9017 1274.08 9812.51 
2653.07 5765.2 4614.74 9890.69 1832.7 
8784.19 2355.89 4591.04 7851.44 6516.21 
8046.85 1719.58 2563.47 9519.06 8680.54 
7603.75 1387.05 4273.97 6742.72 1973.46 
3972.5 817.247 3180.62 8580.02 7777.32 
2375.8 2958.45 4833.42 1392.78 4232.53 
4645.91 4045.85 9997.74 9260.65 3936.52 
1830.42 8044.82 6292.41 6421.46 5896.25 
2808.6 4468.3 7615.82 5372.07 3987.34 
6296.34 2975.8 5374.39 570.292 9718.52 
7347.85 4542.79 535.753 528.455 3122.8 
8313.07 2904.26 6081.25 3146.48 4297.04 
313.768 7792.39 8342.88 311.489 7053.03 
2279.39 2141.91 5097.83 8571.79 8563.37 
994.059 1380.38 3031.65 8609.88 6752.44 
7019 4906.2 9728.25 2393.37 5476.49 
9446.75 9741.23 19.2681 9982.5 269.667 
3142.07 8295.56 3173.92 9223.32 1442.02 
7470.96 9537.09 9234.41 5813.83 9848.58 
6287.42 8093.22 1990.47 1385.23 6664.99 
553.825 2379.29 8045.37 3585.48 989.153 
4797.79 604.462 5895.36 4526.02 2997.84 
1371.83 3972.76 2739.05 1391.1 3955.25 
3008.71 4533.17 2250.79 6182.64 3756.47 
3692.81 3653.58 3293.54 2927.2 9467.41 
3142.1 9214.62 7560.61 5132.56 599.832 
4225.58 5686.39 2979.12 2270.94 9271.87 
3968.28 7068.73 9876.33 9863.63 1594.74 
2874.15 1235.44 5567.5 5613.2 2626.54 
9522.74 8621.91 7159.71 1773.52 4804.53 
916.159 5466.33 8458.11 4209.7 8393.53 
7925.51 7351.79 7608.13 5486.1 2484.34 
8207.96 9711.69 8170.73 1187.07 1982.61 
7442.58 5155.34 9051.34 7318.89 5018.95 
646.056 193.025 6254.4 6213.55 5806.22 
8880.94 5736.28 4428.12 6040.63 7509.8 
9232.65 6956.79 2976.11 7690.75 1166.47 
1369.62 5616.24 8518.26 8977.75 1102.32 
1002.59 7185.69 813.991 9173.31 8372.76 
2796.6 6615.88 3528.08 1847.91 3934.75 
8547.04 2493.97 4127.78 4801.42 8707.52 
9934 3682.34 4443.79 4362.1 9722.98 
1953.57 3594.73 6679.75 4929.68 1285.46 
7846.23 6299.3 6901.69 6364.47 5277.03 
8004.01 7367.06 2462.71 8818.01 6540.36 
835.452 1614.58 3156.22 4363.53 3462.5 
7090.97 2910.55 5956.47 1218.73 7711.97 
4663.98 1152.71 1394.3 9107.77 5514.81 
1117.26 1061.32 9109.53 7797.01 5991 
394.974 5643.22 2290.28 7296.67 2007.68 
7567.31 5300.66 9374.74 30.0065 4118.65 
5915.08 865.458 5733.24 9071.3 5228.99 
9195.74 6162.25 8139.55 5152.19 7380.98 
5851.5 9816.17 8533.69 7245.8 8923.92 
4048.47 8363.06 9985.23 3157.99 6160.06 
5976.21 3552.97 1803.27 8266.49 849.615 
3810.95 5833.79 6150.28 3185.67 5863.8 
268.915 9100.75 6729.26 6002.15 8172.03 
1958.23 5197.87 4334.26 97.762 350.044 
1715.22 5949.27 166.194 248.888 3195.05 
9090.11 4297.36 1558.1 9075.33 7455.35 
7718.16 5051.52 1008.3 9521.43 3318 
1857.92 3332.36 9151.79 8008.2 6518.03 
5015.57 8277.11 5618.76 1744.81 4279.25 
3790.78 3703.04 9477.12 8125.04 3800.8 
9827.16 9840.26 9750.07 9993.36 89.1288 
2945.1 9083.45 4386.49 4503.2 8158.76 
1841.83 2221.34 3210.26 2850.13 1742.75 
6528.26 4708.05 5075.11 5680.03 2716.23 
1593.13 695.588 993.32 7211.89 2440.4 
5272.57 1002.65 6143.44 4749.67 9127.69 
9944.24 4576.81 8967.93 9694.29 4570.15 
9057.06 2639.37 3653.58 3443.53 7142.57 
1812.32 5285.36 9363.92 5022.58 8135.49 
1106.65 1550.83 2843.52 6181.77 7230.86 
5559.75 7774.89 7926.45 6553.07 4986.77 
366.83 1825.61 5989.42 6510.27 6575.28 
5117.09 6454.48 1152.07 4085.01 6148.75 
5722.22 3142.05 8788.13 9375.8 6585.58 
5930.68 1188.11 1870.93 5294.58 6210.69 
6.40107 6401.24 7761.52 2849.92 2582.99 
4992.37 8409.67 357.864 2918.8 4962.72 
5344.63 3285.63 6788.33 1334.03 9795.9 
3363.59 6451.12 6250.37 4515.67 536.111 
2399.1 237.876 3678.16 1187.21 9613.68 
263.724 7117.9 801.772 2134.65 2412.46 
7012.46 2141.05 8813.7 4773.97 4990.97 
1396.67 9766.34 3400.62 1754.54 2685.12 
8363.34 7099.17 5970.76 5151.66 8433.2 
5766.64 8515.25 4884.31 2016.99 3030.9 
5420.42 4416.09 3268.78 9098.58 5603.3 
2882.44 9362.3 2721.19 3684.21 1496.93 
5133.65 696.66 3637.99 3947.34 5470.63 
8628.96 5344.01 5236.95 2029.57 7098.55 
7922.07 392.891 4197.7 3892.81 5544.55 
2630.88 9659.45 4059.78 7515.19 1676.42 
7090.68 2935.59 6092.51 359.444 2034.15 
1695.79 3241.89 1396.43 4416.98 6926.1 
2893.36 9550.63 7622.76 6531.35 3497.95 
3093.37 5160.29 8841.96 8330.32 7189.86 
5940.49 6252.37 7582.75 138.175 145.167 
3127.28 2769.06 9804.62 7187.06 284.231 
1481.01 4277.73 3219.82 7573.52 4637.17 
5253.97 9269.32 7879.06 6650.4 3686.28 
4805.14 9543.76 3236.89 2427.88 6075.1 
6734.84 5521.25 1235.37 5576.79 3851.55 
8425.23 1517.26 103.909 6007.96 1655.44 
249.077 9135.24 4424.49 53.6747 6322.29 
4708.73 1534.69 599.996 7928.54 9108.21 
5237.17 3182.49 8377.51 3116.21 9832.89 
2063.77 7921.35 9376.64 5300.66 349.208 
5451.72 2035.49 5870.46 6687.09 7612.27 
9722.01 5112.3 9129.53 9825.92 1120.24 
784.952 74.9793 255.47 5209.45 128.654 
6577.76 9918.17 1663.34 7177.75 7846.7 
771.537 2414.9 1029.18 9149.05 5531.11 
862.052 1212.8 3452.44 238.673 6513.46 
3801.64 5690.39 8548.95 9672.1 2377.46 
6161.21 9394.1 7489.76 5290.72 9220 
8610 6075.68 9294.98 8865.47 1285.11 
9423.63 5443.21 1203.26 1086.96 2620.95 
9049.96 1858.49 5035.85 79.1176 1007.52 
566.941 941.169 2220.32 4019.38 1179.84 
8733.79 7821.02 6870.23 7282.72 7493.11 
9247.69 3443.91 6887.19 6737.43 8734.64 
6107.17 5347.42 4810.3 5402.13 4212.87 
6095.4 4825.74 9656.08 7298.66 5912.7 
2277.01 6348.6 7771.19 7312.86 6427.72 
8778.72 7879.8 7368.89 999.023 1899.16 
8548.73 9732.81 9720.18 5418.95 7015.52 
7213.28 4666.62 459.412 4100.45 1404.03 
9194.05 207.595 6751.45 4004.33 5609.72 
964.302 99.7153 435.447 620.367 7398.38 
6348.15 2897.38 3746.97 4119.32 210.22 
174.671 2898.02 8090.02 7543.56 3897.04 
9989.18 6092.28 3629.84 9709.35 1511.21 
645.335 6922.61 6177.83 1104.75 1023.04 
7581.86 298.779 1230.63 4333.3 4303.11 
6840.35 5297.6 4402.82 7275.8 5917.97 
1801.19 3623.93 8815.34 5548.15 7743.25 
9025.56 5722.82 641.253 7115.57 3266.37 
4538.3 7104.73 9358.65 8168.13 6814.06 
869.842 8813.47 3736.66 7047.67 9918.21 
4759.69 4629.52 216.977 5990.32 8962.82 
4520.09 2830.66 4260.4 8922.91 106.447 
178.348 724.078 3730.38 8993.69 6272.23 
1473.61 8019.24 1995.04 2114.86 5134.79 
5261.4 6653.16 2239.5 4620.04 4821.27 
9053.56 5489.88 3634.72 2790.2 2537.53 
3552.92 7549.89 7167.05 3769.9 3540.2 
6129.85 8289.98 6370.86 390.237 7212.88 
6477.31 568.585 7936.95 207.67 9562.28 
4209.17 1681.28 7581.5 6204.2 3796.14 
2716.26 1465.59 449.283 4955.76 6085.63 
5270.56 4009.31 1575.49 8905.28 6799.51 
4113.02 2458.18 4349.39 1280.06 6228.08 
7889.59 7409.91 4518.05 4260.44 7800.15 
1730.91 737.73 8368.73 9667.86 945.399 
7930.99 3877.01 2626.68 5512.47 81.1958 
6422.82 8228.74 1546.79 6872.1 3184.48 
7632.41 2142.64 7193.79 9207.9 1047.9 
3993.28 3320.9 3506.09 8342.67 4600.96 
9734.17 6232.25 2010.86 4252.2 492.665 
9811.01 5983.11 1230.39 8179.72 5650.96 
2175.79 6110.7 9527.96 4802.47 1623.15 
9609.16 1225.28 9851.89 1155.93 8097.38 
3036.35 8788.34 240.003 230.128 7996.22 
1287.91 4223.41 1317.11 4794 2566.07 
5918.07 4528.15 8798.31 7928.93 8780.35 
9290.98 7739.92 4763.44 521.356 5919.62 
414.382 2697.15 2030.31 9942.35 7499.62 
3653.46 9551.49 8724.9 3505.33 707.405 
6822.26 6541.69 9495.75 7062.26 6771.81 
7491.95 8350.17 995.211 8809.06 3144.15 
3561.28 4727.12 7672.3 2359.58 2656.03 
6452.63 1650.54 395.928 1216.06 2171.89 
6315.55 1630.44 4869.04 8345.86 1572.77 
2368.65 1999.3 1124.25 1093.53 5504.64 
1831.65 7915.79 2046.31 1327.38 4978.04 
8818.12 8819.34 3328.19 9813.33 7628.38 
6472.34 3374.6 2355.48 4144.62 5734.17 
5011.51 597.231 7384.71 5407.44 1813.29 
9556.6 1722.97 3443.73 4425.63 68.8125 
5016.51 6794.28 2068.12 6140.75 7887.81 
7572.75 7972.41 5803.59 9619.06 9299.79 
781.605 8437.17 8119.11 4109.79 8250.48 
5747.47 582.112 1625.06 8102.95 4726.73 
7359.23 3114.44 5323.96 4743.93 8521.88 
7137.25 4300.51 244.831 580.965 8726.15 
313.644 5597.47 5520.41 2381.76 1738.21 
3408.21 9954.51 9710.61 9211.79 9573.55 
9010.39 9993.4 8010.7 7129.48 4103.17 
6261.17 2876.93 4685.29 7886.23 979.869 
9412.01 5245.45 4094.31 4735.96 9989.37 
2616.17 1873.19 4289.87 2861 2454.15 
3016 3174.65 8051.62 8536.41 5556.41 
9789.83 1944.6 5510.9 9500.43 1156.37 
5084.44 8510.8 1149.76 3095.13 5640.26 
5252.93 9356.3 8517.19 9938.21 7242.51 
9497.06 9350.21 2487.94 3591.36 4086.15 
2477.29 6207.53 5959.34 6767.16 9068.53 
8413.49 9783.16 2243.16 6465.1 8319.55 
7799.57 6254.91 264.133 3310.46 5755.32 
1420.51 8394.9 4266.11 2570.26 1490.01 
9906.37 7823.19 846.286 8423.54 7761.39 
8088.79 7920.59 7111.58 576.717 1511.93 
1197.72 3054.01 7719.46 7157.05 9821.17 
6787.98 5570.53 9604.32 9031.14 2035.61 
7923.85 6830.69 8290.52 8187.98 141.134 
4045.83 9608.49 8536.03 8311.93 2178.74 
26.0187 8218.28 1.91273 872.304 6641.81 
7763.3 8961.1 4562.38 4874.87 9537.82 
6074.31 6072.58 2591.81 3793.75 3229.62 
2412.97 581.714 8800.15 2017.27 9612.85 
835.739 9941.12 6443.53 9126.26 8129.09 
6584.67 3172.07 7737.56 5120.68 1483.99 
9916.3 5146.7 9702.27 9918.21 6019 
6344.06 7681.5 4980.08 906.425 2556.35 
4517.88 6980.74 8628.93 7109.69 774.473 
1858.54 9522.66 1356.19 658.666 1539.91 
969.025 1494.41 1481.01 7412.56 620.647 
9610.09 3997.21 3792.72 7347.64 9117.89 
5276.7 7263.92 4264.57 4978.95 7182.11 
283.551 1323 4863.59 5263.64 2229.42 
7419.94 9781.52 9210.16 6048.85 6891.19 
9984.63 7907.39 6413.84 1340.8 8566.06 
7953.74 2309.83 60.4436 9434.75 9722.38 
681.09 9044.82 3719.57 4473.81 6392.44 
2837.44 9750.51 3656.34 7102.01 4729.45 
838.437 7385.56 6052.44 5702.03 2649.18 
8281.87 3121.95 2430.68 7492.01 9170.8 
9321.88 7476.62 7078.17 5735.7 8817.42 
5644.21 3689.42 1127.23 5704.66 3124.16 
849.601 6385.75 2168.96 4569.18 859.536 
8561.4 7406.62 610.028 2217.73 4508.61 
5339.47 3056.17 1894.16 1391.9 8758.19 
4543.34 9673.76 1880.12 6974.02 7165.75 
1050.91 6295.88 4642.36 8129.08 2031.56 
3459.76 3773.28 5720.98 4587 9477.94 
8845.14 5436.6 5863.67 1014.08 5.75505 
6723.2 9575.49 7412.37 7333.23 1793.2 
1920.97 2672.68 4849.37 3815.13 4064.58 
3607.55 8358.47 3738.33 5487.67 5332.47 
904.066 6538.58 1628.34 5546.42 4667.65 
3659.9 9006.19 8440.93 9380.88 3593.16 
7918.84 8226 9029.76 3782.49 9240.09 
9035.52 505.676 8815.56 6447.87 7838.91 
608.748 8368.84 511.573 5458.12 2183.96 
4576.16 9065.66 542.405 8314.49 4553.32 
5874.88 9218.55 1091.88 7503.21 4764.96 
5759.53 1163.09 3771.13 4200.44 543.957 
7364.29 2119.26 8769.96 6394.03 5901.75 
8010.04 5429.53 6407.43 6825.58 1877.39 
4246.32 7434.33 246.218 4757.89 2892.43 
2430.17 9334.05 1958.07 2972.58 7648.52 
6511.39 8847.45 6867.05 7603.27 6350.65 
1631.99 3362.78 7513.74 5403.12 7563.21 
8057.69 2767.39 9682.48 6827.64 9161.43 
5584.21 4837.66 4590.94 1991.63 1663.22 
6468.33 6237.95 9097.55 6714.55 995.824 
1989.96 9144.72 329.855 3948.04 2117.28 
7978.37 459.412 964.72 4845.41 8062.68 
7315.37 6477.4 1425.44 4829.09 1880.5 
8988.66 2886.77 4647.89 8671.12 9714.41 
3809.3 4255.32 4552.05 8400.24 6246.95 
6215.27 4868.55 2484.88 5312.8 1583.09 
3480.7 7302.77 727.794 3810.56 1250.79 
2845.08 1788.91 1710.2 3809.8 6634.32 
9772.88 1125.15 3111.7 1198.31 5954.24 
4992.19 186.953 8841 9640.08 8858.07 
8555.39 3449.36 3113.37 3107.42 1849.58 
9360.32 9322.69 6718.13 1845.18 4635.48 
8301.22 5325.88 1938.23 9029.02 9136.44 
3189.02 1874.08 925.33 4899.22 5683.87 
7559.65 4672.08 6809.02 671.326 5870.39 
2763.24 5663.52 6057.35 1604.23 5303.58 
4915.4 159.6 8752.94 8028.78 3267.02 
602.503 7389.08 2589.7 7320.64 9234.26 
7225.18 5621.84 4560.12 9163.4 4650.84 
3696.54 2352.4 6524.92 4621.87 7251.62 
2208.77 2181.5 1923.69 9017.8 2852.83 
7794.08 1781.02 8516.35 3851.41 3385.25 
3819.91 8766.82 3544.85 2572.83 6795.58 
6811.87 3175.34 4184.64 9401.57 495.958 
3418.88 6626.72 6117.8 7979 5790.11 
768.62 1675.53 8142.52 7293.54 6297.4 
5394.12 9502.31 8478.91 7317.81 8520.09 
1331.72 5111.87 301.093 9848.06 8963.29 
3686.34 3667.96 7730.09 7231.19 6240.79 
4525.65 4043.04 9416.13 8710.28 3444.59 
9912.09 2129.15 71.2947 6029.87 108.134 
5861.41 6798.49 1783.66 4003.9 4092.01 
8081.06 9398.03 3594.3 6559.95 6715.82 
2114.37 7891.67 1827.67 2415.47 7739.72 
790.945 6101.81 1407.66 8521.03 3332.97 
7648.45 3046.66 7376.01 7064.56 1756.93 
820.584 6976.63 3886.08 891.879 3006.48 
3994.21 6753.29 9804.97 5777.87 757.172 
3896.96 3858.92 155.181 7491.27 418.856 
6871 9605.64 8310.53 8698.67 2021.09 
6050.23 9489.62 8122.89 7457.88 8010.63 
1455.85 5106.31 1057.27 8831.86 2170.86 
2814.2 9652.45 9147.49 6700.28 544.311 
2153.96 694.471 7297.6 1958.91 6472.34 
8054.77 5855.88 331.246 8209.95 3347.13 
750.102 5080.93 2952.75 9060.63 3779.58 
4973.84 5110.84 3269.18 3096.71 2568.7 
1279.8 4552.56 7675.01 2337.07 3384.41 
9845.87 5151.28 3036.84 8993.34 1851.54 
3581.15 1147.28 2546.01 878.73 3106.2 
9018.35 8933.5 8962.07 9349.6 7143.43 
2309.18 99.6815 2224.34 5261.93 9160.31 
6003.93 235.749 4271.13 9273.11 3332.46 
6839.83 552.891 7885.02 4514.83 2889.96 
1269.41 4360.68 8041.24 4306.26 3354.01 
9892.78 7887.41 4501.29 2438.77 8766.14 
7607.49 1457.1 7699.62 6569.54 806.679 
4843.03 8878.73 906.361 7067.37 4140.64 
66.6538 3071.28 4376.39 4337.78 2344.38 
7708.85 1177.6 2897.27 5593.85 5692.43 
5787.23 6863.27 53.0934 3828.45 1169.51 
3407.1 3721.21 9056.91 7908.4 6159.98 
7823.03 5515.87 7617.08 5522.64 2085.4 
8423.76 365.652 964.105 9330.12 7433.03 
5104.74 9396.77 504.293 9481.13 3734.54 
2848.67 7189.96 4912.14 5745.94 2783.8 
604.547 1533.15 9647.07 657.641 5361.61 
816.555 4064.74 9082.82 9873.47 1973.12 
5242.78 7696.49 7488.99 2859.85 3219.11 
9574.39 1283.59 3584.76 538.477 613.689 
1017.77 5643.22 10.4444 1522.06 5124.33 
3744.98 4370.73 2314.28 8657.12 116.651 
5098.08 9261.67 1649.81 4745.13 9919.31 
7011.41 5561.68 3984.04 6094.22 5435.13 
5957.16 1336.98 3131.6 3446.14 4196.83 
6350.71 3020.51 5480.42 9935.46 3558.99 
6094.1 953.212 9202.21 6104.55 2475.27 
4326.53 9849.53 6846 6640.81 8506.64 
6962.65 1738.87 7768.29 8612.46 6483.99 
7687.58 5623.85 2045.65 1671.6 1718.05 
7480.79 7628.76 3055.04 612.369 1074.88 
7251.87 6963.08 4095.39 2732.27 6898.52 
7654.38 8826.37 7851.73 6856.57 4930.9 
326.986 1183.08 4780.42 7172.99 7823.88 
3287.04 4135.62 9562.75 1055.31 2748.06 
6046.72 8742.89 8371.91 8092.38 414.469 
89.9519 5573.15 8043.23 3144.99 6185.52 
9118.11 396.839 3148.58 3213.48 3129.1 
47.0798 867.845 1955.46 7898.81 7724.41 
6886.36 8225.8 8907.49 1666.76 5398.77 
6731.36 4953.79 9534.39 6294.09 6009.1 
2282.43 2340.8 4751.97 654.331 433.162 
5166.44 744.283 6006.31 3209.65 3889.27 
2191.81 2327.74 4286.11 5340.39 5541.23 
7415.22 5387.47 6409.07 9370.67 3286.26 
4133.47 6257.01 1512.04 3040.94 7923.77 
6910.81 9772.3 2877.55 6445.19 6066.38 
8886.65 8727.62 8407.17 3638.6 9381.95 
8840.34 8805.04 126.216 4846.63 2014.67 
4015.49 7038.44 4342.41 8301.6 2378.81 
9883.63 5716.8 7766.28 6292.69 5087.46 
1052.52 426.138 1344.46 2564.57 3467.08 
9268.23 9475.38 3239.36 2145.76 5920.55 
9305.74 1032.39 4648.15 7712.9 4670.98 
4030.08 6553.22 3476 4156.3 1399.83 
5490.67 8171.79 8438.27 9833.08 6473.37 
817.063 9716.7 2190.16 8583.34 6009.37 
7277.61 9635.86 6435.51 8622.07 2200.41 
9902.59 7890.28 1675.77 3141.93 36.019 
7596.32 2447.66 1068.41 2244.45 160.535 
5739.39 6274.53 6713.75 9215.39 430.815 
8113.58 4706.04 8602.6 6551.83 4539.11 
5075.96 7368.89 4255.79 7266.11 5952.22 
265.139 4543.71 5588.06 6700.65 3165.76 
7788.47 6603.22 1056.02 9464.25 9745.15 
1092.04 7060.55 2192.79 2160.45 9305 
2353.32 7899.84 5579.52 9067.07 7115.21 
6010.34 7180.64 1821.24 4612.92 3732.45 
6360.35 9688.88 1101.33 616.116 6954.97 
7053.54 881.255 1498.66 2641.59 7581.9 
4664.42 430.044 4185.1 5720.45 9894.29 
3930.23 6812.49 6954.83 6123.02 8972.93 
6259.81 8476.34 6872.75 1839.32 7543.4 
3987.95 7849.65 4724.02 5809.18 2462.56 
8456.47 2169.51 2151.42 9557.79 2785.63 
9106.39 6611.32 3666.88 605.039 9252.91 
1248.77 5269.46 9682.95 5433.87 989.891 
9577.22 9364.1 7802.38 6532.03 5487.11 
6775.29 2791.83 3963.43 3648.03 4631.14 
1506.82 7635.97 2480.78 6230.83 3445.14 
4943.33 4687.28 5614.65 7094.75 4245.06 
8400.28 6201.13 856.362 2067.15 6806.17 
109.251 3315.92 2075.61 9792.2 8749.79 
3065.5 9369.41 8113.87 867.862 5901.42 
3600.96 7643.15 8693.25 7564.39 1291.16 
3324.37 9071.21 8927.13 5805.15 5302.03 
2372.25 748.466 9989.31 7986.91 7843.22 
4234.36 6387.17 4044.33 5090.72 8454.32 
850.48 5199.97 1770.22 2926.09 4992.15 
519.991 5991.6 4361.54 8633.86 6859.46 
262.941 2234.81 4502.59 8956.19 9799.2 
5793.76 2280.54 8870.39 4720.87 8085.69 
4172.4 7093.13 8834.15 4161.7 5080.01 
6677.36 8396.05 1467.17 721.67 3486.75 
9921.49 1572.15 8686.72 1691.69 4498.24 
3678.86 2211.68 489.821 8040.4 845.527 
7349.28 8303.34 3080.33 1851.86 7259.51 
2879.52 7645.61 9540.05 1749.89 2366.47 
7625.72 5922.29 9459.59 6459.85 83.9742 
4539.59 3137.19 8480.03 6006.76 3858.86 
1966.76 5928.23 5431.01 653.468 7619.92 
9929.26 4332.32 9831.6 419.061 2372.7 
677.109 7768.34 676.023 3757.44 9620.2 
7935.53 6636.96 7265.79 7475.56 8386.85 
9632.26 5101.26 4309.13 9091.84 1561.09 
4393.1 3631.41 4698.29 2873.11 9638.17 
8557.15 4839.88 5566.38 3988.15 5493.34 
3186.28 3917.39 9825.67 3017.86 4336.45 
2198.35 3694.97 2104.77 2874.38 7452.41 
1724.95 809.889 4089.36 8990.74 8285.45 
2476.19 8622.98 3386.69 6785.32 7714.8 
4947.78 1178.4 1346.19 9646.07 4051.51 
984.343 8203.2 8891.39 6550.72 2191.33 
4384.72 9737 6108.71 4210.37 2754.85 
445.143 6408.72 6449.82 2549.91 9283.1 
3902.22 4274.86 92.9693 7991.57 3265.58 
8378.42 467.744 1888.54 1765.09 7253.06 
9603.34 6712.87 8431.46 949.517 6358.92 
2482.96 1933.86 4562.1 1374.33 8484.58 
6753.43 5759.05 8221.57 2862.13 9969.42 
976.399 3307.27 6378.12 7426.22 5857.18 
5661.2 1328.42 132.023 5754.17 9319.99 
3397.6 4132.57 9787.73 5286.14 5897.66 
7040.78 4889.47 2610.51 5472.22 5838.99 
8969.43 7955.19 7772.85 3531.51 9329.52 
6257.41 284.926 5088.55 4478.96 3147.05 
5057.95 5455.36 6454.33 1436.06 2881.56 
2311.49 7097.26 4209.98 2443.51 2851.42 
3529.95 5841.12 6983.99 3317.66 1127.24 
2881.63 358.424 6016.71 5492.13 5830.65 
1855.68 4461.54 3785.82 9628.52 7993.06 
3115.32 5885.92 8277.98 8203.87 364.862 
1425.02 3261.81 5820.22 7879.34 4697.87 
8701.78 190.818 1795.11 2911.74 2634.33 
4646.53 6441.69 8475.45 1630.5 9759.36 
9602.69 4512.12 117.765 5619.38 4.23873 
5948.41 7475.06 4465.78 9734.23 7103.57 
2458.82 2849.53 2989.47 736.787 1053.39 
3354.33 2161.81 4315.2 9174.55 41.1335 
9013.07 7876.32 231.952 808.163 788.049 
2866.28 5454.69 7229.74 1341.71 7085.19 
6989.08 944.386 1597.29 7106.85 6563.77 
1601.53 3055.25 4038.82 6067.31 2789.46 
1142.37 8526.13 5638.99 4131.84 9262.92 
6692.38 7486.17 1424.71 1007.57 6660.71 
1465.84 20.618 4537.01 1697.79 828.781 
5325.06 4564.08 6283.47 2554.79 5905.79 
3368.64 9543.87 6850.18 4965.93 6650.7 
3413.93 6567.46 9705.95 7452.75 2634.75 
2495.39 8595.11 1160.87 8134.39 2726.93 
423.769 4826.75 213.087 1848.48 5834.32 
6873.8 3314.32 5854.94 1410.79 5012.11 
6683.72 6735.86 9576.19 2967.17 9290.64 
5481.96 6335.81 8834.5 2332.12 1301.72 
5485.19 5746.05 7869.18 5191.12 3198.78 
503.913 7686.51 1793.88 1664.78 5820.89 
4520.81 2088.55 647.623 4733.9 3937.03 
6481.94 1607.68 7251.35 2336.87 3018.47 
2263.44 9020.59 9754.33 1839.62 1987.74 
9044.95 7321.58 8323.56 7879.44 9653.71 
9625.28 3364.61 5399.74 7494.44 8555.73 
8598.53 7998.36 6242.23 392.389 9663.13 
2063.1 4913.2 1751.67 2710.72 9647.1 
5688.69 9192.66 1254.77 2940.02 1529.51 
4273.24 5203.47 550.085 4027.55 7043.08 
2537.83 3072.48 4364.65 861.368 951.905 
4018.33 486.631 4316.51 9418.08 7981.07 
2872.23 8016.59 5979.41 9114.45 8408.98 
5642.53 1177.53 3322.16 7394.2 3888.25 
2969.25 3082.87 3080.9 4224.01 6022.9 
4610.41 8497.25 1226.35 5160.5 2524.78 
8269.43 7698.33 5597.27 2634.06 8559.69 
6549.17 6652.39 9046.32 865.667 6070.45 
7027.38 3737.89 4087.03 3006.77 2852.33 
2495.99 8649.3 4029.86 5818.15 6043.48 
7918.11 8787.4 9126.36 998.993 3011.39 
5149.24 5609.41 1508.63 6375.58 769.885 
4033.41 4644.99 8468.21 9630.67 7279.05 
7027.89 6179.83 3931.43 6074.2 7045.5 
1.86516 3101.56 783.37 4088.89 6108.33 
3635.7 6584.88 4757.62 7665.56 2403.01 
801.087 5583.65 1190.39 9927.44 6582.65 
4201.78 5076.66 2192.03 5710.41 1452.23 
2961.92 9743.82 6097.22 1430.11 9374.48 
3376.26 8458 5554.29 7307.69 4532.18 
2599.77 7309.55 7633.74 3383.14 1398.43 
3742.06 7018.84 7983.3 8499.68 4684.38 
386.292 9300.76 268.012 1576.68 9228.19 
6850.66 5778.46 4304.84 9042.69 1488.85 
5757.07 2004.59 1232.65 1854.28 3434.71 
607.112 5230.54 1892.69 6161.4 2538.21 
6424.88 8761.17 9847.76 4058.6 2144.29 
1246.17 7800.65 9163.12 9229.47 6300.31 
3847.48 9615.76 5601.06 4115.49 1192.42 
4829.24 966.135 6970.88 9134.08 8.81022 
8459.74 4891.13 2013.4 9692.39 6745.41 
5448.11 299.483 1975.93 7340.81 6460.88 
4514.13 3765.66 5222.03 4361.87 7824.26 
7366.32 5608.04 5624.9 6529.43 4837.49 
1925.2 376.89 4453.23 7526.26 4492.38 
5645.66 2355.48 5458.52 2616.52 1489.54 
5467.33 1076.24 6380.67 7480.73 768.612 
3126.06 2928.83 1068.1 5101.99 269.621 
7528.98 9616.13 4035.29 2750.99 3977.98 
1859.53 117.298 9586.02 7484.43 6646.72 
4423.5 9409.63 7023.61 8876.73 6935.87 
1515.98 4522.37 9291.35 6974.5 7138.9 
780.871 2441.81 8215.14 7161.54 9922.55 
8983.75 287.589 2851.36 51.829 5389.58 
3120.98 7580.81 5005.69 7156.27 331.785 
8983.67 9015.8 449.083 8569.68 6500.21 
7095.81 2993.16 5909.82 4119.4 1869.88 
2845.68 5635.38 6392.25 2137.01 2609.87 
3531.13 2917.88 5051.68 1746.25 79.4034 
4974.21 729.987 366.993 7825.57 781.816 
5756.57 946.541 8362.62 762.246 8102.81 
8694.41 9745.92 7118.59 9143.49 8315.58 
3618.79 6239.28 1308.73 9528.61 358.666 
3178.61 2374.27 5994.05 9570.86 4511.28 
8603.92 3101.98 7429.16 3655.58 4848.23 
7508.56 8629.79 5578.22 7875.55 6455.35 
6360.03 3632.11 7401.89 4722.64 4394.36 
5504.68 3417.03 4140.26 2623.26 2560.51 
2455.83 6242.05 8799.79 3764.55 5770.65 
9158.46 6943.16 8144.92 5152.49 6514.01 
2656.18 3756.39 9615.98 85.3203 7411.97 
4464.2 7593.88 6041.74 42.3982 5469.42 
2497.07 6402.43 9101.53 9898.96 1125.06 
3495.86 5403.62 4542.09 7636.12 8026.88 
7102.6 91.932 4268.91 5902.37 3856.49 
39.535 5060.8 799.634 8184.45 213.275 
7313.64 840.616 3969.66 6929.61 925.936 
1381.61 1393.79 8519.82 7423.35 1436.19 
3989.22 9920.42 7838.62 3090.73 9819.35 
8963.67 6586.59 5222.96 3505.75 4222.7 
3249.82 608.323 4314.63 7518.72 6510.69 
8171.12 7558.26 1571.48 8970.75 5742.69 
1784.75 6284.37 6583.31 5754.41 3213.97 
7509.25 7136.02 4607.76 6029.05 4559.35 
6043.95 18.2457 4479.75 3882.55 3108.97 
4299.09 2846.21 9695.56 9522.04 6351.95 
3918.24 2771.84 6960.27 8232.87 290.545 
3470.95 6403.97 7848.8 5042.42 5374.7 
3591.48 6827.18 1659.06 174.771 2581.57 
4873.03 7684.02 9717.59 9480.79 3713.05 
4276.93 5524.71 3731.29 8756.67 9407.26 
6840.26 3055.74 2253.45 6535.81 2577.77 
8605.4 454.034 5349.61 5565.66 8686.91 
5640.15 9036.61 5090.86 3488.94 4079.02 
465.549 7080.42 906.176 2124.61 7255.19 
3487.75 6997.64 4939.19 3205.32 6478.41 
8652.23 7482.25 2003.11 2383.51 6238.91 
1410.35 9223.77 9294.65 3663.81 5759.56 
1872.4 2269.19 6213.59 7222.01 7834.86 
4900.48 2862.14 6871.45 9991.34 6351.08 
950.448 456.876 3431.48 1856.62 2581.49 
686.649 5344.37 9579.13 5625.84 8549.69 
6057.52 4278.05 6031.93 8060.63 6661.56 
2270.81 9470.99 5885.31 1565.45 3134.78 
1644.85 3437.85 5403.97 7858.44 659.838 
3238.81 2758.91 3521.98 110.242 2750.24 
9873.06 1060.69 3207.11 3304.52 2917.31 
5788.6 3991.17 8261.69 5367.71 9617.01 
6811.36 1425.22 3895.04 2843.27 9485.85 
556.581 5114.09 8956.82 6441.89 6679.54 
2091.58 8086.74 117.365 7495.55 5945.17 
777.203 734.342 8704.08 4299.18 844.585 
1454.3 4172.23 1905.28 4661.41 7476.75 
4822.59 449.994 1467.91 3084.26 5817.71 
1084.9 9895.62 7242.92 4979.94 2738.88 
6728.75 5536.52 7852.97 5685.56 1978.39 
4532.48 7777.13 65.117 4649.85 5272.67 
6010.28 5427.05 6007.01 4714.34 9726.24 
6851.59 6168.64 3898.45 8756.87 830.034 
1375.18 3579.44 1280.03 2843.09 6663.7 
7097.73 3927.99 6559.31 4340.64 8907.93 
9298.19 1069.38 4444.44 7151.14 6754.93 
6422.83 1683.61 4532.05 6487.95 6333.46 
9804.72 2498.22 1760.49 5811.71 7212.56 
1486.71 2663.28 3381.19 5385.16 1420.14 
4211.22 6760.35 4999.58 5491.25 9603.44 
1663.26 2588.97 3531.42 8222.57 6929.61 
2439.33 7520.74 7998.98 6883.77 4671.86 
4753.9 3306.59 6355.47 9285.95 9794.54 
2688.91 9090.65 2292.74 4449.4 4902.34 
9505.3 5936.11 7565.63 2886.47 1321.26 
8985.76 7097.69 8081.61 3985.32 2588.93 
7685.03 5648.58 5177.89 1216.43 3871.14 
2107.48 3655.76 1391.86 106.448 539.52 
6063.72 4860.35 3846.11 2419.17 4146.28 
3640.64 5108.08 3236.92 5933.38 9557.48 
8139.26 5438.67 5493.57 5704.87 8325.14 
6814.83 4690.62 5422.82 4896.42 8675.94 
8011.74 2581.43 4324.51 3189.62 3797.86 
8195.65 5297.1 7453.62 9587.51 5403.55 
7993.14 5651.22 263.88 1839.24 8070.39 
4410.16 5479.87 3178.45 7647.08 1413.24 
2735.91 5786.33 6851.9 8229.48 1491.19 
5177.03 5044.29 6181.81 599.828 9940.71 
4857.73 8611.57 2522.12 9182.25 1801.17 
6319.98 7377.88 7098.27 3773.59 6965.37 
2501.81 1766.72 2616.57 2765.69 3605.95 
686.944 7175.85 9085.83 3865.39 4822.92 
499.047 6601.3 609.23 7350.95 4830.76 
2100.42 2527.96 9875.05 8282.23 3127.79 
9815.74 3139.94 1739.34 2337.85 2322.17 
3540.52 8657.83 9700.05 638.776 2431.4 
6665.41 3140.58 4198.12 9281.98 5906.27 
7804.07 9968.93 3082.1 6889.88 3834.3 
7905.02 7388.93 435.586 8514.25 4739.86 
5266.35 614.648 7267.82 5141.38 8896.87 
395.593 4957.11 2036.8 2134.94 7294.95 
4358.97 5675.45 5952.76 4059.01 6314.23 
8384.16 724.402 9454.81 2582.26 6.36648 
5361.06 386.317 9975.29 8443.16 7276.2 
3809.58 6348.16 4665.11 4245.16 4862.39 
9404.97 9511.51 5477.04 6672.78 4652.88 
4373.9 7068.37 9609.99 6410.7 9203.31 
6904.92 769.653 4878.75 2857.67 4828.66 
1192.96 1241.82 5553.06 647.755 3824.08 
5559.43 6008.82 4210.4 5534.71 4451.96 
1486.58 9344.28 800.108 6151.7 3589.43 
5662.5 5556.65 3100.93 1139.52 2229.42 
7753.81 5513.42 9297.79 7363.78 1924.1 
8501.08 4268.69 2693.75 3379.81 7126.36 
7522.41 4572.77 8368.18 3075.46 5220.52 
2192.25 8634.89 1229.32 6402.65 4169.58 
5681.29 7889.23 3513.84 6481.39 4040.91 
7103.28 2143.88 9597.56 204.186 3283.4 
1826.96 7957.99 8796.82 1124.73 5321.75 
720.897 9625.81 9590.44 3414.65 3005.6 
6716.78 937.042 7578.37 5084.94 4012.5 
2798.88 7277.19 2647.37 4028.2 3679.82 
6816.95 9709.49 1569.03 330.779 6190.86 
5609.94 7434.06 8334.74 5207.49 7638.24 
1618.12 7034.45 5596.22 414.922 8159.18 
917.952 1135.82 7784.98 508.374 4550.47 
790.565 7225.15 5487.51 8368.94 2310.08 
9500.01 1167.8 9587.26 2147.37 5196 
3267.07 8964.32 4905.47 4836.1 9295.1 
1096.32 446.025 6729.14 9431.06 5653.52 
4367.36 1049.16 2687.95 9963.58 1464.08 
847.116 881.511 2599.9 8632.1 1389.88 
7150.37 9422.66 8615.04 2637.86 7791.58 
925.098 2137.85 8959.38 512.346 4285.22 
4155.36 3779.41 3249.52 9060.83 8615.51 
2544.6 157.131 9061.54 9273.74 9588.19 
4715.03 3641.08 637.333 7402.98 3604.64 
2101.42 8250.1 4486.15 4701.32 6882.18 
5876.04 1851.67 6304.82 4491.06 4489.53 
4096.39 5416.15 6627.39 3055.75 5928.5 
912.593 7211.11 9707.91 4162.11 6271.92 
8323.41 6706.72 6429.05 7384.92 5980.44 
6017.22 2099.94 9621.52 6654.56 9502.92 
3226.14 8755.97 7753 7712.29 3457.28 
4635.17 3588.31 5308.95 939.969 8079.37 
9798.49 5036.35 3495.5 6425.86 8092.1 
9424 7338.45 5303.19 9131.9 1500.55 
1575.1 7455.29 8207.27 8004.15 4840.19 
4187.69 4021.36 6940.13 3809.19 675.901 
6443.04 7035.33 9431.88 4196.03 4747.61 
2889.14 8831.19 8335.92 8198.09 9771.16 
6415.26 7996.56 4807.5 9910.77 4422.4 
2899.58 9334.75 1760.83 8202.78 8466.63 
3261.38 9777.88 5921.9 1468.63 7782.01 
762.079 5656.32 1803.36 7702.21 9465.51 
2479.26 4145.24 6500.82 1911.12 8341.26 
1248.41 4800.25 7172.44 9584.32 2998.32 
6943.58 5999.57 994.862 1751.07 5910.32 
5417.26 4650.65 5245.05 7178.09 2853.41 
3711.67 439.454 2631.27 9633.57 1908.08 
413.269 395.635 7564.4 2216.63 8097.85 
7029.89 4695.88 2243.07 3530.69 6607 
584.315 4779.1 1407.23 7756.75 4363.41 
4405.56 4700.32 362.959 5400.42 6451.39 
6273.28 817.662 1102.03 1518.32 7995.75 
3955.44 5229.98 8435.21 6586.71 4863.54 
343.275 6999.98 5259.18 7907.68 9216.61 
3357.01 4937.55 3912.47 5600.07 8468.24 
519.454 6184.39 3247.32 1926.69 3941.13 
7610.73 6332.25 8641.45 7973.69 1732.65 
5092.82 4246.95 2550.31 6194.85 5765.26 
546.047 150.27 995.232 8981.25 6736.98 
5858.77 9324.53 3736.94 1117.93 7232.19 
2953.53 4474.94 2169.72 6866.01 74.9953 
637.941 7385.46 6259.38 3885.26 9312.15 
200.495 1495.98 5644.38 8841.95 9469.66 
7377.02 3934.75 3716.59 9927.33 129.584 
9481.86 473.363 279.854 477.072 9454.62 
7016.84 6335.84 8779.13 753.763 7453.77 
6011.3 3707.3 1928.7 8181.02 573.285 
2003.69 8818.96 7958.74 8263.08 2704.21 
7270.88 8463.57 4200.18 2915.23 7305.5 
3669.83 292.24 1240.24 7386.42 219.556 
1369.82 6868.26 692.918 1649.67 7345.33 
147.519 8666.51 3681.16 8926.65 9420.27 
1134.92 4937.93 3127.55 3063.61 3118.94 
3700.84 5067.31 1937.88 1659.56 3330.36 
4642.09 8930.44 1793.92 8842.27 1845.66 
9099.42 2512.08 2137.9 339.637 9898.5 
2357.45 1709.46 6766.75 3050.37 3359.13 
4112.06 3197.89 2025.62 7793.22 2124.52 
1445.88 8928.14 7062.45 4573.43 1991.74 
181.372 8274.27 7059.04 2119.25 9933.83 
389.391 6761.34 8864.25 2183.31 5603.59 
709.894 1282.71 8115.67 2847.79 1622.35 
8014.15 5205.24 3331.81 4780.88 8255.61 
6690.94 8892.94 1453.48 8716.56 6686.15 
3578 162.424 5614.27 640.438 4735.85 
7606.01 821.81 3010.11 4665.04 2941.06 
2943.92 5054.43 9702.4 1808.16 7237.74 
5305.97 2518.05 8520.45 3421.62 5365.84 
142.782 1435.76 571.065 3474.59 6216.64 
8826.67 165.509 5109.56 280.139 8882.07 
1795.69 3858.14 9044.49 7409.96 4498.58 
3780.33 5015.95 5320.39 6790.44 9680.99 
8261.45 9734.36 4735.4 7963.83 1542.5 
1973.12 3269.79 4060.55 493.555 6691.41 
9426.39 636.337 8127.17 9997.46 4110.93 
4343.79 8824.11 4276.44 9453.35 9104.25 
3158.49 1249.02 2962.38 2202.97 8658.98 
7460.96 5983.3 3674.92 2781.33 2773.72 
3355.89 1042.76 2508.06 8091.29 9006.6 
4050.56 64.3995 2276.37 8111.11 557.954 
8967.78 7537.48 1194.29 7094.93 7534.92 
5305.22 1438.7 6359.02 9581.65 892.029 
5463.26 2740.12 2141.05 8425.63 4943.09 
800.018 5886.57 926.369 4474.94 8667.9 
3700.09 7830.83 9710.67 6208.15 5922.11 
8717.25 258.686 5986.51 993.596 8369.79 
6544.46 9961.37 5907.26 7738.75 7056.28 
3442.16 3043.95 8494.98 9801.18 2625.59 
9387.01 5264.42 5365.71 1528.05 3690.04 
308.784 2328.06 9576.61 1235.15 6803 
8244.5 4935.24 4633.82 7955.15 1143.37 
555.908 6672.38 1402.05 6542.42 7665.97 
9771.85 3086.86 7627.33 5679.09 825.6 
4683.6 9121.25 3869.55 3178.56 8922.42 
6495.14 2565.56 4186.83 1860.84 4093.6 
7876.87 2169.62 6421.66 7453.47 3404.77 
3224.65 5697.95 8340.01 7858.46 3653.08 
9483.38 8414.37 325.439 885.42 4956.77 
7991.41 657.25 8043.63 5618.72 6336.34 
8869.23 302.3 5457.58 2738.77 3480.86 
4379.98 9233.91 6046.42 8566.81 1094.73 
140 6443.67 3264.35 6561.66 3897.12 
6669.13 9786.31 9595.07 5009.12 7644.76 
3248.13 4492.49 6059.11 3573.57 5377.91 
1015.86 1564.96 6035.16 9059.5 7183.68 
2371.48 7928.71 7485.98 7829.06 667.466 
966.828 2209.03 9901.38 7013.24 775.824 
996.093 7153.24 7219.49 4260.45 3714.89 
1116.59 929.557 3501.18 711.636 5938.68 
1145.92 3959.76 431.154 7205.03 7533.33 
5809.06 8220.9 9098.3 1844.21 7280.38 
6281.96 4215.69 5209.08 3767.93 2044.73 
5876.54 4734.76 4253.76 5777.9 1747.99 
5029.59 6774 8901.23 2249.06 1034.43 
2616.1 3365.65 1963.98 6117.29 4077.28 
7902.66 7263.21 8037.05 8333.82 4468.23 
5570.36 4142.86 2689.11 4668.64 5987.07 
9969.49 950.588 202.745 5178.55 4718.52 
2247.48 1055.07 9453.28 6501.24 6832.97 
1201.24 1530.81 3606.95 102.457 3779.87 
4641.38 2718.56 7145.52 6605.36 8835.84 
1222.78 4508.01 6099.04 9259.83 2841.81 
567.248 4830.18 6984.67 3256.36 9498.82 
2971.73 3225.83 449.391 3174.47 8404.38 
5167.91 5421.95 9459.45 4621.17 1923.18 
6292.41 5822.41 3453.99 9899.36 5924.87 
7233.87 4540.72 8643.43 4379.37 1146.06 
7479.26 5602.15 5654.07 3578.28 4861.97 
8495.88 4145.52 9692.14 5480.54 7401.88 
9190.95 8452.26 627.692 9640.34 1626.72 
9032.07 4808.23 7048.67 8491.5 9429.4 
8971.85 4783.89 5251.79 2425.83 4683.23 
1176.65 9659.7 9223.95 9820.07 4039.05 
369.997 7299.31 9641.2 6024.07 877.57 
4503.15 4519.93 5023.09 4195.27 0.450682 
2424.96 3386.21 8452.71 3052.65 3026.53 
79.4183 2084.7 7834.76 7128.09 576.181 
7264.14 6099.93 5360.07 2515.92 8525.76 
43.2802 3692.57 8185.44 9267.23 3512.62 
2224.47 9637.23 811.916 1865.65 5661.28 
1689.49 6368.8 181.192 6712.58 564.053 
181.643 9137.54 3950.26 8634.36 2190.17 
6976.79 8713.78 4274.87 4811.53 5841.85 
4851.05 2075.66 1941.76 211.101 4591.58 
467.508 254.381 8284.15 8652.95 9521.61 
1796.75 877.401 9158.82 2608.67 2743.05 
4820.08 4298.15 9111.85 5001.27 1010.71 
9675.9 5182.91 148.234 3626.14 3817.25 
2338.4 602.911 2531.01 6613.27 5414.44 
8372.86 1464.3 7490.1 314.612 1675.4 
2081.66 782.12 1929.78 365.792 9435.07 
1451.38 2162.54 312.453 610.18 4771.21 
3055.5 5430.26 9069.36 2167.33 431.514 
80.0588 1843.21 5614.43 228.293 5469.35 
9431.68 2566.69 6072.27 1962.68 9179.96 
1486.69 335.527 644.249 8976.79 650.138 
2319.65 1058.44 1432.26 4249.44 1424.23 
867.311 5700.81 3586.77 1179.76 6310.99 
8357.98 4235.27 1741.24 7427.32 6402.6 
2172.75 7507.38 8245.81 7787.18 7735.68 
3715.15 7218.84 302.354 9787.42 9181.52 
9482.32 1274.09 9517.05 126.55 250.865 
167.171 2446.2 1309.3 1599.43 6695.64 
2733.53 2466.74 2396.43 6320.3 3646.5 
8707.43 4678.27 7881.77 448.646 2105.58 
4284.36 2621.4 9612.96 2530.15 408.556 
7348.62 6245.3 7627.4 7650.97 6032.7 
6808.9 7133.27 7306.79 6325.94 7259.82 
7557.66 6493.11 9706.03 8866.96 8092.54 
6401.65 1600.48 559.261 8798.08 7920.78 
4205.77 7505.49 2599.03 2087.52 7954.14 
4704.61 6371.88 575.516 4317.55 8902.03 
984.072 1666.15 5147.32 8611.47 9317.12 
1180 5420.36 6450.38 8486.8 1746.28 
3710.19 6044.44 8239.39 3416.19 4911.39 
6331.91 9817.84 6511.87 6891.17 8615.91 
4432.63 1096.92 6121.38 7031.67 3184.44 
4075.5 1736.26 9556.31 4651.02 6053.81 
8458.33 5635.09 7719.96 3605.62 4246.55 
7037.07 4785.63 9666.9 3487.43 3272.41 
1413.17 7197.62 9316.85 9652.55 613.798 
4228.22 5984.44 431.623 740.064 2875.6 
9047.53 5172.69 3972.51 5168.89 2204.34 
7156.95 9244.4 3940.6 6713.25 3895.4 
9994.41 5171.56 9530.49 7714.36 8777.18 
3777.02 4751.41 3562.79 3443.91 8238.85 
6835.2 4857.07 5436.45 6152.03 4509.61 
6050.25 380.226 494.038 6481.87 1120.29 
3369.63 5529.38 6292.98 7342.15 698.261 
8497.33 4499.08 9942.66 2437.91 1212.31 
3838.04 2432.31 6383.87 3368.52 146.65 
5161.03 7145.54 4898.06 8723.82 589.425 
3136.89 5559 5446.5 8573.34 1711.01 
9956.11 4623.57 2091.24 450.13 1105.43 
3211.53 3819.76 6634.81 9504.51 1161.89 
7333.07 8001.83 5660.98 7275.71 439.721 
6873.29 1113.74 2872.03 3257.14 4482.26 
3018.68 8418.17 1627.77 7916.74 7141.98 
2217.2 1053.62 2700.97 7663.7 9626.96 
4411.98 7619.79 4250.52 6503.22 8069.92 
5355.95 9714.75 1889.67 1990.74 9219.25 
3051.56 9323.81 7221.06 8712.54 6599.51 
7660.78 5585.81 7713.25 532.79 8842.95 
2195.49 3551.47 7261.1 3823.26 1468.2 
4403.06 6040.46 2521.81 7104.03 3704.14 
2148.76 1515.99 1323.92 6399.28 8019.21 
9393.84 1755.21 7733.95 1283.49 3745.94 
6953.18 4335.05 3069.74 4174.22 3047.57 
9669.25 1834.97 8633.38 7382.48 2367.76 
7476.31 9577.97 5919.23 4737.39 3401.22 
7387.43 9140.46 9441.68 9909.25 6244.47 
3145.81 2057.99 7760.46 4469.72 8457.26 
5779.66 3863.54 212.452 3513.59 5147.03 
3958.4 466.745 9482.08 7028.14 4640.96 
2529.64 6697.37 6475.94 1163 4079.84 
8843.7 8639.3 3657.79 4762.92 3376.68 
7059 2150.33 2517.12 6500.67 2059.56 
8761.59 9646.47 4117.55 6522.03 4116.18 
2574.79 2301.67 7979.72 2787.25 5815.25 
3126.74 6745.64 6282 2608.8 3773.76 
922.943 5138.44 471.115 7398.88 6301.44 
4550.95 6242.56 4940.72 8208.74 1005.46 
8317.4 5267.73 3155.79 834.503 1768.38 
5215.35 9596.09 1414.83 9332.9 6118.1 
5531.01 1907.67 8419.77 3510.71 4694.92 
4235.01 6637.45 1440.54 516.992 9246.26 
5214.31 1439.93 4384.68 5685.42 8838.81 
686.103 236.354 5081.36 5626.83 8445.09 
6086.82 3944.21 3712.8 9242.61 4778.72 
5481.18 4457.94 4374.79 6896.01 3790.82 
492.874 2427 5698.49 8912.65 5937.72 
393.396 3147.64 2575.15 1833.94 3664.63 
1821.39 7048.25 5104.56 6206.07 2733.65 
3943.36 6892.18 2970 9024.71 2518.99 
1415.08 5111.51 6463.2 5127.88 4354.1 
1241.9 609.043 8812.05 5616.69 7505.05 
2602.85 6109.56 9932.05 8301.34 5022.19 
5869.75 8694.74 8169.83 8444.91 528.662 
1834.44 266.281 7576.91 6939 6472.36 
310.539 882.344 3364.52 3280.54 9907.06 
5883.5 4695.62 5018.55 2346.69 9823.5 
9372.66 3588.59 432.526 8184.69 9205.27 
7937.58 787.52 5314.82 7869.62 9088.86 
336.99 3739.35 7783.59 8506.82 2184.24 
8312.25 341.238 2450.52 5889.14 7280.24 
8922.88 6199.68 8162.58 2287.38 9480.22 
8069.63 8170.88 4175.82 3088.16 517.552 
3999.3 2460.8 4106.14 4431.83 645.475 
3311.39 2369.39 1433 8626.21 238.993 
521.843 8963.2 3978.35 8305.43 7470 
6162.59 6617.66 7811.24 8613.11 2506.78 
5091.46 7535.98 8706.46 3254.03 9823.36 
8186.66 1323.64 7994.22 2362.47 4411.8 
8511.77 6361.77 6872.61 2617.9 793.583 
7518.08 5929.29 3162.98 8951.08 4555.48 
3401.97 9472.92 3518.67 7380.31 7778.33 
988.651 3542.89 4395.98 8799.89 2155.99 
6902.76 3891.33 9691.96 5609.2 7145.36 
9515.3 3795.85 8469 7509.51 6158.31 
2880.79 6021.27 2520.07 9753.39 8639.16 
3313.65 7271.46 4568.43 6476.63 6222.52 
9123.92 9878.59 5695.42 2642.57 7258.89 
3473.73 3631.22 801.762 7869.71 2431.09 
2957.75 4772.45 6322.43 2649.69 381.638 
3467.77 2164.98 4177.49 1936.76 9674.49 
335.785 4817.54 5695.74 2855.85 4570.92 
4334.88 6169.5 1842.36 8903.31 2646.11 
8064.87 8027.21 2524.69 3760.27 669.761 
9783.58 7234 4300.98 585.323 5103.7 
6732.07 3543.07 9876.15 3054.48 6192.76 
257.771 6522.25 8357.74 4435.26 8459.01 
8032.21 4771.04 3276.53 3727.93 7626.9 
7847.45 8062.81 3796.38 9689.81 6966.1 
6442.49 7754.66 4993.3 8967.18 1514.91 
5663.06 8750.74 8748.92 9964.04 9336.07 
3852.6 6696.09 2879.12 3728.73 9750.57 
9071.88 3986.5 6272.81 7429.61 8421.76 
4731.8 5461.8 3192.79 8008.33 9189.73 
819.668 5855.77 7252.52 4616.05 5545.55 
4218.61 1058.53 3300.2 9211.9 25.6905 
4815.11 4874.94 8776.43 3564.01 4838.97 
8112.48 7416.61 1535.04 991.583 1145.33 
1285.6 63.447 5131.83 7558.4 7493.05 
3553.58 2290.19 2954.84 6746.37 298.501 
2144.55 7566.04 6154.27 9397.07 2182.07 
1699.8 3615.66 3240.6 5000 2827.54 
3266.29 9815.11 7702.49 2042.7 3379.1 
2541.43 155.167 795.697 4076.48 1146.75 
1941.03 5362.07 1210.2 7072.86 2920.46 
8703.25 626.422 5210.65 1658.07 7372.79 
5509.15 3802.61 4938.81 1663.39 3199.66 
7120.88 3363.2 6815.32 361.457 8363.19 
9642.86 3627.74 8178.28 7345.33 5670.45 
1557.37 9886.77 5825.61 2353.07 3963.23 
6972.36 4294.09 9325.3 8182.56 1366.93 
2245.74 6885.79 1993.36 7456.39 8543.86 
9366.14 2965.51 2346.46 4304.94 4628.91 
5546.12 1425.8 7992.11 2361.42 1787.26 
6355.28 2004.27 5415 4533.55 9349.6 
1085.43 6090.92 9236.35 6911.04 8443.98 
3199.56 3883.39 2738.06 2524.84 2065.93 
4104.99 4770.58 8951.72 6098.35 2226.95 
7495.56 5464.47 5192.46 9842.02 9769.41 
9821.37 5388.12 1195.19 7813.46 7749.54 
2982.45 4168.73 9753.81 8397.45 8702.28 
9103.4 9482.88 4793.18 8339.73 6393.9 
3237.14 1539.27 277.27 5975.2 4064.11 
2343.2 80.1701 8834.69 1294.9 6178.52 
1061.63 8790.46 1642.97 6254.09 8632.46 
1412.37 6075.45 4020.56 2607.56 3888.89 
1770.09 5590.01 8057.62 1523.89 3987.44 
6759.88 627.269 3470.3 1553.04 8967 
9864.2 4790.18 506.257 141.451 765.357 
4570.37 2484.65 845.527 3405.05 3779.55 
7024.04 4466.67 2569.99 8667.02 720.744 
1202.43 79.3664 6796.19 5223 2686.93 
685.065 6993.09 8276.94 8742.68 8516.98 
2264.36 5502.54 9144.25 5734.66 7055.58 
8111.23 5598.84 1845.74 8617.49 5740.29 
2611.1 3187.84 8224.94 3456.63 6592.88 
2004.47 480.652 1059.54 4574.46 9147.67 
1780.28 5776.9 9227.03 8576.47 999.879 
1913.94 9261.54 7992.97 190.862 8004.2 
6509.93 2455.22 3506.73 5654.15 8189.88 
562.297 3765.36 3788.7 2408.04 2382.83 
9528.99 5019.14 5570.67 7753.91 8475.76 
2163.54 9758.38 8956.41 3223.07 4332.83 
8104.06 5003.36 109.709 7331.08 3579.81 
1109.59 9245.03 2841.33 9102.55 9435.89 
845.521 5612.46 1891.09 4352.25 1266.6 
80.9508 4914.55 5031.96 3869.65 7322.59 
7414.8 3398.62 2341.71 2985.45 1152.52 
817.455 5148.99 910.88 9773.87 8372.06 
5243.71 7877.92 3375.4 5353.42 5208.98 
6955.21 6463.01 4453.99 9796.55 5565.54 
3889.86 642.051 1177.99 5780.95 4994.3 
2444.59 5861.9 9908.85 7476.55 9731.55 
7231.43 4891.33 3130.16 9573.13 7876.78 
4282.67 390.571 3025.75 5193.55 164.423 
1397.79 437.243 8042.34 4773.19 5790.66 
3251.31 1728.39 2253.65 7705.3 1524.92 
7819.19 1595.14 2166.97 8997.18 7376.09 
7161.27 1441.75 3237.98 7070.11 8918.31 
2969.51 4301.52 3809.62 6099.67 3874.64 
1686.38 382.323 4265.21 4712.13 5575.87 
4429.63 6109.92 6013.12 2471.95 883.096 
1803.76 5723.26 2611.48 4057.41 3428.54 
4136.4 1876.59 5023.68 6303.37 873.75 
2399.75 3464.63 2315.5 5637.73 534.721 
1233.79 8607.24 4836.24 5043.41 4706.89 
8710.87 6729.79 5089.22 2976.06 1441.91 
665.074 7405.69 7551.83 6678.19 9877.65 
8434.92 8481.95 5600.89 1046.39 2539.35 
9029.43 5182.79 4415.93 4053.09 1486.15 
5289.68 6452.84 4950.77 7605.18 2090.55 
5485.5 8838.98 697.775 321.717 3882.37 
5404.67 9032.59 612.15 493.867 2008.64 
2054.06 1158.94 9414.33 9605.89 7837.13 
9291.96 8040.8 6319.07 4892.83 9087.19 
8858.41 3922.24 4269.96 3274.33 7975.33 
5756.11 8564.01 4428.15 706.868 6169.18 
6518.7 6192.36 5008.14 7216.47 6514.08 
8890.51 2621.13 5546.66 9502.66 3114.99 
7555.29 1556.7 4273.93 6969.61 1162.57 
2111.05 6261.55 9203.37 8430.12 1154.37 
8290.54 7288.51 5076.61 2560.48 562.823 
3051.93 8316.59 9126.83 7480.08 9023.46 
5295.99 3998.76 5215.81 304.108 1215.22 
1729.87 9194.62 3836.34 7276.53 8697.26 
6951.34 4831.81 253.943 1225.25 1801.4 
1416.51 3336.3 8062.95 619.862 1766.4 
9217.32 8910.4 9054.92 4293.92 1470.86 
9617.74 7345.85 9787.46 8744.55 4825.91 
8810.9 4040.52 8824.67 4026.69 4344.63 
39.8685 5756.56 3539.23 3876.21 3033.07 
2236.48 827.53 7864.88 2490.42 2052.78 
9666.28 3906.93 5389.09 7729.21 4526.79 
7155.49 6946.52 3437.18 6210.39 1240.42 
4908.04 5828.11 8586.27 4695.48 4572.64 
3412.16 3506.36 8613.17 2236.81 7533.05 
2957.79 2276.68 3289.59 6497.02 6152.89 
6322.66 8733.5 6980.42 4187.52 1223.9 
9033.21 3853.78 5130.83 4422.27 1582.98 
9657.62 1577.75 8529.49 3094.78 7788.13 
9769.92 8002.82 3616.22 8356.17 2698.28 
8188.87 1768.31 6204.64 6802.02 4005.13 
3737.67 9759.81 6281.81 7027.26 6256.81 
2434.68 3349.9 4990.29 9415.11 7537.43 
6214.18 8448.3 1391.2 1345 2870.55 
2974.17 1002.6 4448.3 1503.65 4097.38 
2236.42 1273.55 2100.18 5852.64 9629.72 
4798.46 4041.49 1398.02 1003.08 843.496 
5403.14 4740.75 603.285 1684.93 1767.99 
6860.09 4119.62 5117.89 1850.36 3534.71 
2655.3 8064.55 1982.99 4046.5 9409.54 
4853.54 7020.67 412.126 9301.84 8524.32 
4509.51 1538.24 9797.87 6609.69 7390.88 
9427.57 1408.14 1432.36 825.566 2411.22 
2275.85 6228.71 7151.96 2879.14 7913.64 
8919.95 9739.23 2033.25 4037.82 1589.58 
5567.95 6693.13 9654.12 7550.94 739.608 
9063.65 2404.47 7760.28 9475.78 1706.3 
6284.58 3985.27 3244.54 6082.43 594.942 
635.402 5509.98 2003.08 2067.76 6335.55 
4414.3 4343.61 2564.24 1566.24 7222.75 
477.866 486.173 6961.96 2511.11 4524 
8551.54 8079.07 1217.11 8205.65 5629.99 
1956.71 7269.28 8034.46 9716.99 6745.04 
9740.76 6001.55 730.289 2985.28 2083.97 
1325.23 3620.68 7593.95 3328.31 5688.44 
3929.48 7742.6 32.0327 6493.72 9308.85 
7254.78 6971.58 9795.02 4216.73 9482.7 
4319 2768.25 7561.74 5536.1 973.881 
3191.72 7492.82 8243.16 1226.16 7209.79 
4988.18 966.903 3211.33 5718.47 3952.18 
5295.3 7043.7 7572.86 2889.23 371.996 
3261.28 6818.7 8114.6 3293.31 3312.4 
7423.43 548.078 283.969 7218.43 4764.8 
9766.66 1537.41 7533.06 7328.39 7073.52 
8506.94 520.092 4566.32 6750.08 1746.26 
1776.09 1738.25 2713.16 4987.42 7456.72 
6665.34 282.7 4500.41 4238.18 3171.93 
4872.4 7499.46 9990.63 2986.99 792.757 
3303.01 410.4 1340.83 3586.98 7628.83 
6105.64 3353.63 9166.25 3638.68 682.004 
6239.75 2145.6 1202.1 806.048 8895.68 
2948.35 2582.14 633.911 5661.51 7569.56 
8090.63 2326.83 7852.26 2591.02 6565.01 
1024.17 7463.43 4064.45 1014.78 450.396 
4857.21 4317.79 860.796 6198.04 7904.78 
8489.63 2303.67 1258.39 7655.86 5942.34 
1940.4 3895.59 8087.94 3142.49 4701.63 
6983.6 6090.84 7283.77 7617.52 1752.34 
4853.32 5708.13 4079.17 2705.56 8299.15 
644.16 3729.73 5762.56 4708.61 4744.51 
6212.96 9565.82 9062.31 7073.75 5763.85 
6967.07 5563.36 8067.52 8225.46 3219.2 
4009.84 165.841 7114.79 2097.77 3308.33 
1816.4 9081.37 9399.18 9100.18 6698.87 
1151.5 3953.48 2406.98 5230.66 6659.04 
706.118 5874.82 388.76 6468.68 583.42 
5133.27 2681.62 149.226 4195.57 9755.37 
5913.08 1162.62 5318.72 3980.57 9388.08 
8537.92 7990.42 9553.92 5652.7 88.1676 
2862.24 7469.1 9169.54 2261.4 6569.26 
5868.39 3412.9 522.725 8275.37 8643.56 
7181.77 8981.49 4518.37 7570.53 5450.15 
5101.79 2703.79 8131.78 5251.01 6899.35 
7887.13 1164.07 8061.97 3205.84 5144.65 
7450.04 1743.74 3135.05 7003.95 7396.44 
3223.21 9866.18 4865.52 2392.74 2127.57 
1434.77 8261.13 5540.46 1957.49 6536.48 
4184.01 9139.26 5517.96 8702.37 6709.78 
968.097 3804.14 9413.56 9099.87 9055.16 
6312.9 6986.99 219.213 4374.86 192.808 
5363.86 1824.88 1936.55 8498.91 8828.83 
9332.99 1722.1 8695 4198.5 4114.84 
822.545 5633.27 2375.95 6363.01 7590.77 
8912.44 546.997 6730.01 4430.38 9249.37 
3439.77 5398.48 3053.5 2853.32 4498.33 
2108.64 9166.22 1485.3 2327.85 3541.06 
1678.11 7691.71 5365.95 3614.66 6190.6 
4194.76 2947.64 7912.71 2889.74 7146.14 
2027.53 3712.28 2779.4 4403.48 75.2708 
370.145 3315.9 622.267 7100.16 7746.28 
9871.64 539.915 3144.74 2925.12 3393.24 
7643.07 5033.76 2559.44 9128.37 7361.61 
6100.51 806.467 5053.3 1466.44 4421.13 
1243.89 5661.19 7368.77 9156.6 8550.93 
4514.89 1184.11 2263.19 7294.29 5587.6 
2338.46 7664.44 8903.5 2960.73 4764.58 
6649.77 2832.35 5304.49 9794.51 5757.47 
8697.73 7437.57 791.209 1257.15 6565.93 
8152.82 7357.66 7372.39 3206.11 8824.09 
1793.51 4450 4485.27 9162.28 3606.58 
3036.18 3677.15 4790.69 5299.37 971.426 
378.274 7637.83 8635.86 9281.78 598.548 
3400.42 5931.53 3430.9 8704.91 5726.03 
9188.37 7402.62 3163.58 9979.58 8659.78 
9729.5 8132.38 6017.42 7101.88 1338.47 
4841.49 8895.39 5788.46 9326.76 8057.65 
9395.04 2362.92 1734.78 4185.72 7662.3 
2706.21 4563.99 5300.11 1342.06 3845.75 
5898.66 4742.48 9777.28 9329.56 3447.37 
5503.29 8517.91 849.98 8666.87 8497.47 
9509.76 8396.36 6629.83 5527.16 5498.22 
7968.29 368.632 4393.6 3756.74 9695.39 
2451.23 3151.76 2058.3 4186.01 7337.48 
9720.6 6892.22 1901.45 5020.7 8234.28 
5747.2 919.341 2976.74 5524.47 248.884 
6424.11 1027.74 8766.79 7274.09 9694.61 
7264.25 6783.83 8090.95 3894.06 2310.97 
3589.16 1862.33 2679.6 7982.76 5619.07 
2374.97 433.965 8770.84 4433.27 4619.98 
6108.3 4153.86 1512.18 8009.75 9174.55 
9746.46 3756.94 93.875 2723.18 9281.4 
342.759 9147.29 309.127 9109.55 6421.36 
3.72272 6373.78 3205.17 8094.68 267.823 
5516.13 1683.82 2130.16 8195.73 9666.58 
7749.23 570.684 100.526 6520.05 5003.96 
4720.5 2628.33 9157.81 6232.68 638.067 
8332.35 5979.12 4395 8426.22 8702.3 
3676.39 8768.98 7849.57 3985.51 7878.52 
4270.91 3989.24 4252.28 7476.07 2083.9 
4520.11 2992.18 3767.72 6650.26 1187.9 
3434.28 4399.48 1758.58 3534.8 919.515 
6762.54 8255.31 3547.85 5920.34 4487.97 
4185.92 4252.67 467.079 8580.92 2678.88 
9169.38 2257.29 1447.84 7018.93 6242.8 
9326.36 1289.82 232.023 3578.63 8765.89 
2315.92 8098.73 1758.06 6083.64 4748.98 
2945.95 9517.92 9148.46 4704.53 3052.71 
67.9596 1467.05 1307.99 3615.81 7387.39 
5795.97 7801.73 1640.04 6263.05 6382.63 
4318.92 5432.41 8639.92 5766.76 2451.32 
4882.7 5093.1 3741.14 5114.73 8671.73 
2507.01 7430.65 6770.44 4265.06 3514.27 
1519.41 7211.02 3032.17 667.853 1915.53 
6084.87 735.813 3382.58 7392.87 4351.62 
769.956 3188.82 2153.33 2410 9451.87 
8535.96 6728.91 4884.26 7175.86 2495.65 
7335.58 2058.54 7588.75 1076.69 7173.27 
6260.46 3583.7 4603.9 3030.89 7848.77 
8118.17 4550.3 5059.77 1150.32 5218.15 
6975.3 7235.2 5953.96 357.866 4628.05 
305.568 1127.82 7816.87 2458.9 3537.82 
7268.72 994.839 266.714 2152.96 8170.7 
2762.37 9488.53 229.224 351.1 565.209 
7402.49 6611.56 4148.91 2006.38 9642.45 
1997.66 124.528 4192.73 7057.43 1274.85 
9410.88 4032.71 8510.04 5364.83 4390.58 
3138.08 5670.4 5518.4 954.928 8129.29 
9056.22 8223.64 9124.13 9322.93 376.584 
7294.81 2085.28 9865.12 7524.04 2436.38 
430.308 4926.51 9047.94 4579.22 6932.89 
8690.38 6576.88 7057.42 2883.09 3634.3 
8332.27 2293.95 7667.01 6842.3 7658.78 
2057.57 9980.37 3329.16 7575.97 935.285 
1458.44 6632.18 9158.93 582.556 5955.09 
9535.51 7877.37 8040.38 9400.61 5401.39 
476.742 9830.92 327.888 9524.69 4410.12 
7260.78 8215.04 986.988 4318.18 1098.12 
4621.29 2650.43 3392.07 2288.28 9492.73 
1050.84 4345.85 9473.09 4380 1921.81 
408.356 5838.44 8553.99 9567.29 6420.99 
4509.07 9102.78 4298.35 2549.43 8503.38 
9699.74 3026.17 8334.28 27.6081 2550.84 
2744.39 7288.39 765.865 3731.37 1606.55 
1863.98 8352.66 4256.99 5256.06 640.922 
3749.7 6306.9 4986.77 3222.77 686.878 
6908.58 3631.13 6525.32 5462.56 3198.4 
2946.29 9971.62 2301.17 7244.64 2521.03 
804.525 6944.36 5547.2 9138.81 6971.97 
8098.04 1883.17 4260.34 8863.9 5614.55 
5866.89 727.869 3967.19 123.862 5983.93 
4608.11 3873.56 2290.8 9594.89 7096.34 
2977.68 6503.45 727.453 9503 1965.99 
3925.85 2449.28 1937.6 6227.02 9693.92 
4458.63 7031.54 6638.26 5.81173 6170.33 
3610.21 8103.85 8053.5 7870.55 6967.73 
3668.03 3737.42 7695.6 7635.22 3861.29 
3679.51 2243.32 7734.85 5970.32 1838.19 
4831.17 8948 8341.64 5558.63 8450.98 
307.614 9484.48 900.238 2245.21 5711.48 
594.136 6703.84 2743.01 7232.4 6709.65 
8913.34 842.588 4813.48 6966.83 8713.14 
1781.2 634.842 2450.55 9476.8 8270.07 
6311.83 3156.3 513.367 4046.67 9126.62 
2351.55 8877.84 8074.6 693.176 4436.45 
6525.56 1000.79 3920.91 7425.8 3246 
9632.39 8019.93 9949.84 2375.38 5252.31 
6659.48 1288.7 6094.9 1472.94 8255.53 
4808.02 3254.14 8890.37 7258.57 2730.93 
7160.42 3570.38 5887.23 7673.79 7617.05 
5013.83 25.3219 6494.87 3088.41 718.497 
931.303 9613.96 1719.29 4852.22 7039.74 
4965.29 4484.59 5059.66 4915.11 6859.97 
311.955 1574.57 8148.67 6406.85 3047.51 
6404.18 1214.86 6301.65 5294.54 8473.42 
9032.58 2454.94 2043.79 4919.79 128.706 
9660.83 9933.62 154.028 6155.69 3022 
872.525 7086.99 2635.95 2591.81 1939.19 
9675.7 7557.1 6423.78 4735.34 2472.19 
3283.73 5047.29 4046.76 1432.39 1454.13 
7094.27 7836.58 2668.99 3395.91 3131.09 
1142.4 2428.47 5586.03 3186.18 7348.26 
5714.74 2847 7281.86 5868.77 9002.69 
303.845 6741.29 6089.66 2939.8 9333.1 
8028.85 2615.48 6890.19 4452.61 7350.81 
9362.38 7736.34 2398.09 3409.13 9168.73 
3852.22 503.38 7005.29 6521.21 3899.29 
136.37 7663.61 6327.75 5722.4 849.773 
3676 1437.12 3696.77 957.838 7305.89 
2699.44 1261.68 4047.16 8789.1 4201.48 
3380.25 6817.93 6816.96 270.418 1270.52 
4167.75 9632.8 9006.86 6565.85 3041.91 
8175.57 418.052 3545.29 5180.85 6939.26 
7444.57 5317.22 4602.85 3772.31 1039.6 
5452.63 7448.31 2476.73 9149.4 8406.15 
9782.61 1848.82 9667.83 3829.76 637.901 
3869.29 7210.01 7455.83 686.232 7480.43 
8726.34 4853.99 7113.21 7733.18 1419.81 
155.099 5908.74 1837.87 3700.39 1089.57 
8777.13 1144.94 6406.79 3379.97 4917.26 
7446.39 8832.59 2365.55 9923.12 7981.98 
771.678 9705.72 9830.8 439.491 3535.46 
468.68 4308.78 745.453 7924.51 4995.02 
8225.88 6650.83 9849 5339.07 4384 
1268.8 5494.17 292.722 3106.66 9194.56 
1382.3 1883.78 339.485 7789.09 5263.74 
5256.74 5235.46 4096.32 7622.29 5158.57 
2078.28 8393.97 4864.27 1909.06 8833.46 
8399.73 2377.74 3142.22 9145.18 302.23 
8137.24 7371.05 6953.06 7986.22 2710.1 
1337.04 9255.02 8204.28 1629.77 2361.67 
7398.82 3012.06 4245.44 7738.3 801.132 
9509.19 2995.03 6036.6 3605.49 617.299 
1195.15 5683.77 9011.27 6059.42 7592.83 
7844.71 4459.13 9970.58 986.912 3604.3 
272.789 9124.15 975.33 7225.85 7110.35 
3685.43 8562.9 6365.36 1889.69 192.646 
8727.02 9288.51 3204.71 2972.45 7026.8 
4005.84 2481.62 21.8081 42.4193 6087.11 
639.107 1237.57 1770.87 9650.37 7296.99 
9363.71 7495.06 1756.1 9334.26 8481.97 
5360.4 9607.05 7606.11 6335.73 6832.89 
4716.44 21.1454 5395.76 1081.79 1910.84 
5588.41 9808.81 1199.33 8793.12 2781.24 
8226.13 2798.94 5262.86 8247.94 2841.36 
1349.96 8887.05 4078.93 3120.83 8537.4 
1375.9 2484.52 6032.45 3132 1818.77 
4514.4 8492.39 1425.8 2120.49 4828.11 
8258.69 6836.94 4849.25 3654.43 7918.72 
6760.09 9242.84 7727.51 7959.42 8035.94 
508.74 6185.54 834.868 5771.6 4433.46 
3676.23 7121.57 3320.48 7755.15 242.381 
1857.87 9131.05 2726.9 7890.31 2263.03 
4545.67 2404.7 755.406 5971.47 4525.19 
5583.51 4230.14 1362.11 432.747 7884.57 
9280.83 7192.84 7127.4 7008.33 5152.24 
5163.32 7517.07 1337.76 5998.19 3288.66 
5771.22 9674.42 410.206 9091.7 7429.56 
652.587 949.552 6560.59 3379.49 8839.87 
8823.62 7925.15 1244.55 9579.03 3896.6 
5769.74 5162.52 8126.74 7131.85 5595.27 
6011.29 6412.67 2788.09 3138.67 3420.98 
7940.33 8301.99 938.031 9278.09 4300.17 
4226.69 5049.29 3974.57 4636.89 4140.97 
1404.11 5289.48 5090.52 7964.7 8668.97 
3930.37 6788.3 6594.11 5174.92 6367.31 
490.693 944.647 1529.82 8617.43 8076.5 
7125.08 4628.71 4489.15 9913.17 7767.38 
7910.13 7853.48 6069.35 8848.16 7131.56 
369.501 3074.83 2180.83 4344.07 7711.72 
6321.79 5748.18 3001.19 1412.3 3712.86 
1670.14 5342.67 501.148 8264.25 517.578 
6868.46 8754.94 1462.23 8398.28 7372.35 
9538.73 5523.34 2001.04 4027.86 5436.5 
9768.42 1937.97 3289.97 5837.75 786.108 
421.505 6207.25 3860.94 2602.33 551.307 
1572.64 8924.12 6299.49 4573.83 336.409 
12.3311 6243.97 5679.08 513.479 4508.2 
6196.66 7381.94 3263.12 7658.89 5780.2 
635.455 7197.59 1303.52 2636.5 1225.43 
6740.02 2404.9 3163.4 29.9735 8242.65 
3949.51 451.478 4449.89 7810.44 3053.81 
5001.19 9383.09 1977.92 1300.66 3956.9 
2314.33 1312.99 200.851 7993.41 1826.47 
4709.05 4190.05 9208.41 7972.17 1848.92 
4988.59 8607.62 9046.51 6292.12 1244.1 
271.928 3032.12 3649 3435.33 3062.1 
1891.63 7384.84 3513.57 6341.52 5195.26 
6567.38 1342.7 4578.33 8545.3 2643.36 
8535.23 859.609 3956.35 8736.08 8853.02 
5782.82 3445.11 3043.05 4991.22 1417.26 
4891.97 9979.81 24.8688 3938.46 6271.91 
1268.97 4210.39 9304.03 4917.97 7645.72 
2366.11 6809.61 5030.54 5879.68 3151.11 
225.785 2447.05 4493.81 4804.12 992.332 
7137.17 3339.33 1851.94 1093.5 2075.4 
704.939 6876.32 5520.51 3747.99 1867.52 
6937.78 8639.96 1847.31 6962.65 2578.4 
8119.22 8231.62 6788.79 7423.23 3149.57 
4434.49 9789.34 9959.18 9465.03 5669.01 
3110.28 9690.82 8116.05 7604.08 4494.92 
9108.39 4741.23 7834.25 960.31 5834.74 
9909.65 1665.25 2711.04 5430.15 5413.24 
4578.57 2367.91 4053.18 6425.88 9330.56 
6631.58 4545.09 7562.16 3420.35 1968.3 
711.717 7854.84 1757.62 670.882 7319.85 
7426.63 3781.16 7010.65 5542.67 1385.23 
1505.55 4651.04 6126.46 9339.8 5611.35 
1961.18 9249.44 7276.6 4672.22 4679.57 
2689.82 9250.79 7047.49 6742.99 5676.65 
6378.03 3374.55 221.721 3940.17 6794.9 
2190.02 4651.89 4649.72 3947.65 5322.77 
1969.56 1374.26 9103.93 8980.21 6916.93 
489.137 485.746 1567.95 6615.6 9825.55 
7179.3 8576.77 9074.98 4455.88 3248.98 
3754.53 7145.7 2499.75 802.003 3888.67 
8176.4 7180.03 7263.23 8398.12 1120.18 
4058.11 588.127 5772.07 8707.83 4535.77 
1094.83 677.371 5910.03 198.736 9657.58 
2826.95 687.873 143.31 4394.9 7303.47 
9968.86 1574.18 5880.23 9043.82 6030.06 
9129.2 2798.34 3175.74 1628.93 3600.34 
7064.41 9805.33 780.355 4327.62 8203.44 
1900.54 8385.73 8791.57 7672.61 7093.54 
3327.32 8767.44 7770.91 9237.36 8966.17 
7428.47 2064.28 9654.05 7571.78 6459.18 
6957.5 7540.63 8033.36 2837.71 6584.43 
4063.4 1966.89 9382.77 7239.13 3595.83 
2983.09 4303.53 3401.14 3763.45 8631.15 
1604.57 5663.99 7016.85 396.114 3336.58 
4110.37 3723.44 2104 1881.27 2960.78 
1070.16 9309.74 5025.06 724.19 6881.5 
1484.22 7681.69 4422.11 9517.58 519.378 
1006.53 3580.96 2486.27 389.283 820.079 
6082.1 3372.38 5123.61 9483.24 7135.83 
3754.73 1087.79 2799.8 771.571 1483.91 
6136.38 4881.95 5207.34 8240.39 6763.21 
8168.12 9310.55 6072.93 3193.16 34.7191 
2954.42 4677.38 7716.41 7376.54 4194.95 
8235.79 8383.07 7775.91 722.039 8772.35 
8595.99 6804.14 2144.71 3719.58 6287.36 
9280.53 7474.31 7375.15 2080.31 8245.88 
8859.06 8216.7 3127.81 4066.38 6457.06 
9891.02 2234.48 5767.59 5963.94 5427.64 
5802.31 8918.36 105.005 3518.7 6294.88 
4299.95 1754.47 4677.92 2075.84 2476.51 
3450.26 671.814 9280.65 5594.96 4391.39 
5567.99 4875.48 1865.68 2943.12 6955.8 
111.548 1802.16 5172.48 3239.36 5868.54 
1629.52 3130.36 8103.02 7397.12 9094.3 
3530.65 3199.41 8012.64 3635.65 6718.12 
4307.5 7935.6 8472.59 8985.43 11.4306 
949.082 2435.67 683.245 229.711 8030.63 
5074.64 5797.7 2906.1 6940.32 8740.83 
9861.89 7051.87 542.973 5034.35 291.21 
6411.52 6663.87 3421.57 4514.52 4060.97 
2515.86 8045.17 7260.39 528.486 1680.81 
3978.49 4835.99 9616.41 2451.06 3821.4 
9627.84 3400.14 6257.07 311.068 3629.85 
4287.68 5385.7 9427.55 7193.78 2326.01 
8168.36 7055.65 9377.87 8711.33 2089.99 
9669.08 5122.84 8753.86 3090.64 9637.36 
2814.82 5606.5 7682.51 75.1862 6134.98 
9363.32 4053.67 970.957 8979.71 6504.73 
4792.36 8607.54 9904.87 1049.41 8918.6 
3534.7 5337.09 4304.29 2962.24 2530.86 
6630.3 1130.58 9586.51 6008.15 9841.92 
1676.48 5677.22 4964.74 430.323 8767.86 
4602.08 3245.14 4374.34 2284.58 3320.33 
509.307 1647.88 7374 1480.26 627.576 
3878.71 6272.62 9235.11 3783.56 7322.03 
8153.7 7318.27 2659.11 2457.97 280.486 
5189.97 9088.27 1411.07 4776.46 5096.4 
1252.97 6452.94 773.602 6217.71 6883.26 
9541.46 819.769 128.383 3915.78 3104.35 
3448.71 4425.09 4752.23 822.689 5905.35 
5379.8 4701.4 2177.96 4614.9 8484.96 
9499.99 2768.58 5803.21 2159.08 5226.55 
6083.7 7349.05 4314.8 7494.77 2125.49 
9411.2 8747.74 8578.43 184.785 4965.42 
5461.67 9726.24 5785.19 5590.06 3642.01 
8889.54 9038.76 8067.1 3641.75 9861.45 
3972.43 9021.55 4562.84 6150.39 3636.43 
3047.78 5650.36 6405.01 8850.99 7809.45 
1631.55 4934.67 5158.48 5946.35 2429.42 
7283.97 5357.53 1177.14 5862.39 5542.31 
6142.56 1324.04 5268.54 1927.74 6914.1 
8910.55 817.262 5952.85 6977.63 4459.01 
5814.29 950.044 3480.55 377.105 7100.43 
7116.98 3424.89 2750.78 3521.98 2275.86 
560.213 5153.52 7210.54 5718.7 1099.85 
9639.96 3002.65 6457.38 817.079 8865.04 
1999.68 6959.64 189.065 7268.22 8887.38 
7103.17 6178.76 9704.65 3056 3156.37 
4163.64 8870.28 4106.41 7644.18 9247.39 
1206.83 4761.15 2672.26 3957.61 8283.12 
4948.12 4517.83 3436.63 2158.64 236.504 
4536.48 1798.58 3239.16 993.847 2615.66 
2104.18 2993.53 9575.3 2293.24 261.734 
8462.67 9396.41 6440.49 8167.29 2452.39 
9596.86 2330.91 1322.65 3703.26 9975.1 
570.019 4910.09 4736.23 3242.27 8867.7 
3019.34 8190.39 3385.51 6455.97 349.011 
3622.01 992.429 2147.59 6861.17 1986.28 
4763.24 8965.35 4979.8 4338.52 1258.57 
5241.54 2801.17 654.965 1682.01 968.449 
3107.35 1278.85 3299.36 4430 4982.11 
3274.45 5000.02 9892.2 8010.68 8242.29 
8759.89 1030 6432.67 2145.38 7485.96 
6781.68 5767.39 8478.39 8929.27 2628.55 
464.649 3692.49 1593.88 5444.45 8031.02 
2852.46 685.973 832.175 3507.42 2367.98 
1800.62 6614.77 3646.84 5099.99 1044.76 
8628.95 8374.43 6044.78 8521.14 6385.09 
4287.06 7281 7415.09 719.708 9426.38 
4901.03 7501.39 5193.76 3379.41 6430.64 
7822.31 3844.06 123.116 9416.19 9288.51 
8154.13 2268.63 9974.48 8986.31 5776.05 
2342.45 786.916 2390.8 5989.29 5886.9 
3435.56 4618.22 4261.32 9480.34 3139.34 
646.398 3767.38 420.329 8061.49 4487.09 
9846.71 2962.5 1988.46 5040.46 6341.91 
8419.1 2862.75 185.95 8542.21 2278.92 
9474.46 6696.33 4547.55 9448.92 5682.62 
323.58 1791.35 6469.54 2714.39 7780.64 
2356.42 6149.95 2398.85 6617.74 5630.27 
5538.19 7264.14 9397.65 5958.52 5325.61 
3884.72 5805.22 8288.12 5873.18 845.655 
4630.01 4292.25 3708.4 4815.96 2834.45 
5987.32 4290.4 9530.78 534.853 3739.31 
5213.38 858.434 5530.66 1682.9 3572.82 
3311.29 4039.32 9722.77 5710.14 657.049 
5353.02 1248.31 7921.19 4750.65 7206.83 
3246.79 8635.37 3012.03 1534.89 4508.53 
3857.69 6164.9 8800.78 7566.09 980.844 
1635.21 3553.39 5271.25 1165.97 4088.25 
9010.55 6379.35 4946.68 4541.2 8062.25 
8519.5 7852.49 2101.56 8242.25 3562.61 
2758.61 3595.25 4810.92 679.781 8345.9 
2017.73 3926.57 6981.25 5029.76 5461.46 
1489.76 8887.45 1626.34 290.526 6453.52 
2607.18 1925.74 6.89494 7878.43 3091.71 
4095.14 6888.96 9471.06 9041.82 1430.14 
7533.3 7561.3 9282.63 9634.85 5803.53 
2845.22 2393.44 9398.78 7656.13 3073.23 
7744.66 9673.87 6999.79 4725.9 4703.61 
2461.23 6215.66 3591.04 4087.57 6506.19 
44.5451 6694.75 8431.92 51.4401 4573.16 
1523.62 4146.58 1462.11 994.662 3188.39 
2892.25 8527.96 749.671 2174.86 8162.8 
6553.2 5020.08 556.223 5951.97 2676.2 
3629.45 3696.62 2350.05 629.224 8422.52 
7053.66 3090.46 4638.16 644.687 7178.02 
1144.33 689.232 3872.76 9576.25 740.672 
8445.92 1099.86 4887.25 9908.02 2094.52 
8075.64 2800.26 622.459 8825.31 4975.12 
8785.25 5378.5 9995.2 9341.48 1330.45 
2671.38 2970.91 5027.06 5021.43 3600.13 
3449.56 2075.08 6690.59 8087.72 2719.76 
3868.6 9232.05 3408.99 7741.36 8808.29 
4149.67 6187.26 9908.15 9036.92 6095.26 
2002.65 7112.54 8895.52 2625.11 5937.83 
3870.62 1410.34 1316.31 3865.81 751.805 
2646.76 6537.19 3722.71 7673.82 1558.61 
7322.85 1123.36 3633.68 4013.42 9211.08 
6353.44 7882.02 8443.12 9762.44 5623.36 
7251.39 3912.09 1810.6 7159.52 2948.99 
7905.86 9162.17 61.5101 6801.36 1787.26 
5999.34 671.969 3197.6 7315.65 4537.78 
3949.4 9962.41 1074.95 7672.12 7636.21 
2633.56 4994.95 8759.58 6267.24 9008.37 
7970.65 2620.67 6890.38 6413.75 2383.09 
2513.72 3665.12 6295.17 4324.31 824.626 
9244.16 2230.15 9986.79 9305.67 9031.52 
1774.03 5305 9703.49 4971.63 2620.63 
4241.25 8921.03 2583.03 5316.2 6593.14 
219.225 7949.76 1588.07 8978.8 4216.98 
596.424 6949.43 6837.65 7486.8 3363.16 
9220.74 0.497723 7028.29 5515.89 4324.81 
7852.91 4760.04 6554.96 7839.69 4065.69 
5586.46 9613.72 9370.69 5289.93 4585.33 
1991.3 9531.18 3506.35 4574.33 4847.36 
99.4687 4793.56 2797.1 1687.54 3772.34 
7014.08 2283.96 721.757 3851.71 9770.76 
4084.92 3072.42 9771.26 1113.19 8588.32 
4096.05 8966.1 3348.34 650.998 6805.77 
7414.02 6237.46 6419.48 6784.69 1527.37 
1004.79 8776 1058.53 4511.14 3350.31 
5905.89 4610.61 8143.87 8702.99 6298.15 
1916.19 5717.04 8582.11 2637.95 9568.75 
8352.85 6722.87 2641.16 8124.09 7836.06 
1229.46 2220.13 6802.14 4577.79 2871.13 
3607.9 1991.8 9108.59 27.3541 8776.5 
635.944 1032.15 7552.48 1694.48 5543.29 
902.77 7600.37 153.882 9046.63 6303.34 
6452.03 962.809 2020.37 5034.12 3600.76 
1589.1 3386.96 323.609 4230.26 1511.04 
8159.67 5459.72 3731.16 4961.79 37.4942 
6602.29 8569.69 2029.3 5710.86 8597.04 
805.776 6346.8 9629.19 8358.25 8041.28 
5172.46 9261.02 5641.63 5326.34 8307.64 
1944.95 1778.35 9270.45 3965.32 6812.48 
2871.19 5554.42 199.417 3194.8 9784.68 
1710.45 1354.45 5244.38 5441.62 6316.24 
5281.88 2043.89 4885.91 7311.17 7754.75 
3482.93 8116.95 4101.53 3112.1 6475.19 
2142.8 8284.55 5736.19 7784.43 3610.88 
4043.81 9729.39 5389.23 3314.25 3694.69 
2201.69 6185.44 9249.11 2401.1 9380.24 
9033.78 4111.56 734.667 4278.14 9553.17 
7050.9 9560.02 1597.05 1936.79 6871.17 
9351.8 5419.72 4988.1 3453.31 8531.82 
1463.27 5596.11 6816.36 7199.46 3380.53 
427.218 1243.26 3109.9 5816.45 4557.51 
6804.59 8018.13 742.929 6053.69 419.221 
123.149 5087.45 4530.78 857.816 9365.59 
4083.94 7908.72 8925.59 5680.98 9845.51 
5796.75 5032.76 5265.22 784.837 8486.08 
3797.02 2248.11 4082.18 613.364 9447.57 
7462.71 1040.58 690.816 572.59 6857.03 
5248.32 7377.18 4875.14 5991.25 3430.85 
5294.37 6114.4 8518.31 9825.14 6972.22 
7883.88 3909.06 4880.92 6809.46 9590.05 
4726.42 2606.19 4622.8 9991.64 3391.03 
3108.86 3788.64 5639.14 7191.04 4402.01 
5086.69 4653.73 5442.59 5777.51 5226.32 
2299.6 1025.82 2603.48 7174.75 7017.07 
6034.34 2469.09 3131.46 4552.63 2294.22 
103.658 2436.49 6203.29 4984.58 9245.95 
5793.32 9711 1852.12 416.1 9702.62 
5243.15 3524.96 3491.24 882.275 715.982 
7893.25 5968.97 5369.71 3335.82 1746.46 
596.009 5635.42 2772.28 3199.49 2810.15 
9789.35 9233.83 5279.25 2920.79 3786.44 
7573.47 3024.45 6222.93 3776.74 8009.03 
5468.86 9570.05 7720.01 7320.98 9986.16 
7422.61 2564.12 3511.1 913.838 3446.4 
4227.08 8807.09 9415.36 9596.79 2142.9 
1161.81 192.784 7778.32 3934.09 3392.28 
588.458 3723.42 2626.09 5867.7 6644.22 
6412.52 3441.15 9668.67 2635.44 7217.89 
7677.68 8104.3 6787.93 5397.67 5425.26 
6774.07 2820.26 7989.38 285.148 3734.1 
1435.76 4512.23 2541.18 851.108 4109 
4684.07 2012.92 4301.79 2462.38 5947.01 
7694.06 3050.84 9670.43 320.133 8918.54 
6314.63 6732.66 2359.68 5983.28 9368.09 
9577.57 3660.94 7472.37 6365.48 9058.61 
2897.62 3139.52 1878.86 886.983 3424.67 
5612.96 2322.74 7936.9 8154.14 3173.85 
2045.89 2838.19 5186.77 6347.68 5300.57 
1133.76 4041.72 8351.41 804.17 4361.85 
7269.93 7118.8 1094.49 9629.61 3102.06 
462.569 9207.16 6763 7934.94 5572.61 
5821.59 832.539 8712.14 7700.45 1719.52 
2136.79 3313.39 4042.27 73.6761 1467.51 
7216.12 2119.56 4305.7 2402.87 8467.24 
9606.28 3536.63 2508.94 7957.67 4340.8 
6870.8 5227.58 1459.58 7965.29 4857.17 
4561.64 8427.86 4064.31 1324.62 6362.78 
9636.92 7146.21 7195.32 8349.04 4846.65 
8914.84 485.817 8160.04 2957.09 559.493 
9627.55 173.193 2679.06 3933.24 2576.06 
1146.28 3539.5 6112.69 3655.22 1497.15 
453.47 526.003 6724.73 1913.05 8491.29 
1581.88 6474.69 6919.13 5646.19 7799.31 
3281.9 5283.1 4945.51 477.201 3632.12 
9792.15 9392.04 4117.94 7952.17 2349.12 
4677.43 7579.71 2522.31 7356.49 1512.93 
5098.37 8502.77 5052.43 1211.05 2157.98 
6549.58 1664.52 2683.98 3274.29 3577.56 
1175.25 4856.17 52.2351 8094.39 502.343 
7851.54 1376.27 5785.44 2797.03 1853.47 
9417.56 2589.17 1245.5 3535.48 541.325 
3594.61 8212.92 8121.03 6116.93 5569.39 
9633.96 1215.28 4072.14 4686.38 2426.33 
6230.12 1235.93 4090.84 8914.1 4510.22 
7668.41 89.3329 9366.39 7720.64 8183.72 
9868.73 5572.17 9559.99 5654.16 8369.2 
1413.44 5071.7 958.353 2658.94 8607.18 
1499.68 6253.56 6820.08 9620.71 2370.47 
2389.45 9254.66 3585.75 6461.59 3941.02 
6012.08 2691.69 5176.95 102.902 1605.77 
9687.17 7771.31 1695.1 9053.55 5491.94 
9878.83 8922.26 1064.09 9438.8 4576.4 
9433.29 852.228 9648.11 391.629 3511.17 
8255.27 1891.31 9764.73 5075.34 1512 
2135.18 7464.79 766.644 5720.92 3926.37 
4707.66 1732.98 6618.06 9884.61 1835.88 
8223.83 9571.77 9607.19 9918.94 8625.3 
5099.11 9797.75 7547.55 6163.2 9236.53 
2123.93 5596.48 88.7441 1772.02 5988.11 
3599.91 27.2807 7879.41 3364.62 5102.62 
9391.42 5499.8 2567.4 158.041 1220.7 
6493.76 4865.7 2953.69 3111.81 4750.3 
4789.57 1335.63 4322.05 4396.75 1254.55 
2947.33 9495.86 1052.28 494.861 5659.04 
288.8 2618.8 1255.51 377.544 4390.82 
7243.61 3977.46 4418.1 5123.01 7342.08 
9520.72 4514.41 2841.86 2088.1 4672.45 
4062.57 8581.86 9538.15 7016.26 1693.66 
4288.43 1805.81 3029.29 8610.48 6202.55 
4283.84 1557.79 5698.4 5336.12 2052.66 
1357.42 5624.92 4671.45 2612.93 6002.47 
9062.27 9856.54 9979.93 3480.36 4979.53 
7321.99 3001.06 9493.93 163.839 5089.16 
4166.37 4226.41 3671.01 3704.5 1242.65 
5364.67 7992.93 3048.45 8393.95 6603.39 
9251.01 2677.77 8161.19 4949.38 8013.9 
213.824 6306.81 3638.81 4885.28 8919.73 
9641.27 3947.53 8776.25 9621.18 7427.89 
3755.77 6943.16 428.932 3249.68 7107 
5518.09 7416.05 1333.39 9189.1 1120.53 
2576.04 4553.75 9113.46 5624.49 2947.68 
5716.83 4875.48 5625.46 3878 9824.87 
3639.34 4091.82 6131.66 7278.14 8977.1 
5051.37 6919.4 2924.62 3827.61 6540.57 
352.488 7583.38 3483.71 781.42 833.044 
590.689 6299.51 8249.09 1924.08 5488.59 
9369.62 4500.12 42.3214 8483.06 124.59 
2990 4199.88 5000.07 8615.46 8077.88 
4824.92 2254.78 2169.69 956.56 9532.92 
1146.77 6007.93 6452.31 4071.39 9835.54 
2992.85 4423.88 7418.9 6476.56 5205.3 
8251.95 7067.25 1504.79 6501.02 8991.33 
6993.38 5870.63 3491.43 7035.71 4353.68 
3616.02 25.6913 8553.56 8616.09 8641.15 
6631.42 3440.99 895.911 8801.11 4397.55 
428.817 9947.88 405.47 6881.12 4019.26 
240.996 9873.98 8443.13 7659.9 6350.52 
3648.42 5911.83 3417.76 5153.21 2412.84 
2409.07 2146.57 8283.47 5900.5 9182.28 
2637.13 9516.52 9207.97 1190.67 8132.59 
7849.1 7822.09 1573.57 8745.02 6623.19 
5971.12 9173.83 6571.05 6376.59 6054.94 
590.295 6617.59 5928.9 9033.43 4277.47 
2279.4 2681.83 189.286 5697.16 7835.04 
2602.12 8106.23 9981.61 885.573 4006.72 
9163.87 3522.7 3523.22 8371.83 4713.37 
1655.79 6220.92 2535.45 3229.36 4965.91 
9158.63 9200.49 4139.73 5729.67 5577.06 
194.649 6319.96 2194.64 6123.55 5353.38 
6472.11 8402.95 8035.21 6661.4 4100.09 
5870.22 9263.52 2206.31 5851.82 149.074 
6213.02 5015.67 3671.77 9736.24 3387.48 
8385.15 1392.02 9608.4 920.575 4621.38 
4574.3 79.19 3821.85 8714.03 5808.86 
9398.91 8908.68 2128.81 1593.53 5032.21 
7482.18 8065.64 3435.14 5517.37 4727.02 
7535.23 1387.58 3990.52 9741.53 7239.4 
4139.6 5954.54 2255.05 7811.37 5690.76 
5642.54 6196.5 7082.77 5250.92 7117.07 
1704.14 9825.22 7196.27 5525.99 8539.23 
3005.11 4924.88 7447.88 5133.91 6518.42 
2480.07 2616.08 4584.05 5915.21 8133.45 
9311.07 3450.42 9521.03 3301.58 3191.93 
6760.41 7441.17 9146.47 9015.46 5252.53 
4837.21 4657.98 1449.01 1919.97 9908.9 
8566.09 3624.1 9734.1 5762.34 9150.09 
8273.31 8767.44 4074.96 5721.18 3901.34 
593.358 8201.25 6517.42 5177.4 4116.45 
4650.86 4488.46 7566.86 4171.88 7790.03 
758.782 932.27 5231.19 9905.25 9947.73 
483.701 4742.45 4605.7 1932.71 6662.41 
4514.59 498.785 286.499 4248.67 6261.12 
9436.59 2521.97 5028.55 3511.53 8243.15 
8929.89 4104.89 6444.39 5447.29 9282.29 
560.813 98.136 3770.73 8127.68 4270.01 
1560.74 8886.46 5202.28 6791.93 8791.69 
5150 7275.64 3534.12 9755.7 9208.35 
196.519 4270.27 9707.13 483.018 8518.94 
5968.24 9919.61 1040.89 996.768 3431.12 
9284.04 9926.66 7536 5728.41 5373.93 
6818.27 6289.22 5472.07 588.986 4416.88 
9742.08 2149.73 3303.33 4944.34 8941.66 
2095 94.3232 6217.28 5629.13 9850.02 
5425.61 5825.65 4120.27 5132.73 6308.66 
2639.2 1100.95 6228.25 3680.09 2097.72 
9659.37 2964.11 2024.36 7195.35 8692.52 
7398.29 4013.61 4981.73 2870.34 4602.6 
9398.61 2612.4 6752.33 2701.92 7556.75 
5693.97 4796.92 7651.07 1911.24 426.034 
7501.07 7336.85 6251.68 1621.33 2469.57 
2560.33 4260.52 3570.52 8788.58 7940.61 
5668.24 8447.93 904.708 7692.6 5643.27 
9597.23 5090.87 9656.88 4578.94 7961.21 
4259.46 3977.53 573.601 1011.77 6679.45 
8130.35 6705.74 1476.36 5781.4 8616.98 
1902.39 3282.46 5953.81 8154.07 4903.79 
8423.38 714.384 9164.31 1993.88 9502.96 
7104.91 7662.12 7950.88 8009.62 5354.7 
3594.13 7606.83 445.555 3250.99 2185.75 
8406.77 7510.45 6163.29 8980.37 8522.21 
2842.72 7110.7 5227.94 4319.08 2892.09 
3844.9 6221.48 6174.55 9798.71 4375.53 
1078.32 8222.07 5089.92 242.619 215.939 
4592.86 7347.53 7878.06 2543.72 5357.13 
3232.74 6137.85 2963.94 3678.3 9388.84 
5149.7 2085.05 6899.28 1312.97 1065.4 
5421.47 4155.69 8176.11 649.393 8474.77 
1068.18 4494.29 4696.23 7242.73 4292.98 
9071.76 8321.05 2515.04 4161.66 8563.67 
2730.98 8754.52 5911.18 609.024 1298.23 
1268.29 3841.77 7436.08 4232.24 7520.07 
6824.91 9381.93 9605.12 3724.17 694.882 
670.508 9145.64 4850.57 8846.61 9795.03 
3325.32 9914.79 4289.31 8021.55 7157.5 
8582.29 7093.29 5478.53 1097.31 1254.93 
4042.18 3828.3 9.43827 9953.36 4437.32 
1307.67 1221.64 8279.09 8743.75 5453.88 
5799.14 5568.63 4835.8 5404.24 9292.8 
5530.68 6074.75 8438.42 381.231 4921.35 
8233.44 3706.55 4836.12 2522.72 1728.09 
1993.61 1105 8821.38 7472.14 2202.31 
76.2977 1514.31 6030.61 85.736 1467.65 
467.91 1393.4 2689.29 8747 137.129 
8143.17 4546.12 5705.76 2978.95 9950.36 
4998.55 8509.63 6025.1 3436.95 8890.86 
946.427 1670.37 2597.4 5782.55 4193.1 
4325.48 7776.16 5298.09 3146.85 5248.28 
7500.41 3223.14 6762.58 3531 3308.88 
8230.24 3998.91 4702.28 919.516 2745.89 
4839.41 9062.69 7292.01 545.156 2041.62 
7242.35 5543.7 551.236 3267.43 8980.66 
9442.1 4213.86 651.009 2039.47 9996.41 
4844.1 6364.96 7772.55 142.181 9511.8 
3020.81 7642.59 2734.93 9783.4 1173.57 
6043.81 8013.62 5172.47 746.071 8933.13 
7918.36 5585.48 7995.8 5210.35 6130.64 
37.4109 2452.69 1674.32 588.647 5720.13 
654.961 30.7258 9933.99 1305.97 2070.2 
9930.38 6150.07 8435.16 7702.91 6292.26 
7946.94 723.709 3934.83 681.855 507.087 
5108.39 6725.66 8520.7 280.85 7471.73 
7453.82 8199.21 3057.2 5449.61 3409.55 
9187.83 5487.02 5862.24 862.138 6075.66 
1582.35 1517.1 6106.39 1516.32 2823.07 
8176.59 1446.68 8973.14 6611.73 9149.59 
5265.38 4558.66 9873.3 9200.21 5240.51 
380.374 4308.59 1966.16 8901.08 4589.44 
9437.89 6354.88 2788.63 2495.07 1804.47 
6198.18 1682.89 7291.49 2060.4 2545.02 
3367.13 3642.74 4062.12 9473.52 5159.06 
6885.19 7650.1 6605.74 5858.32 4261.81 
5755.31 1123.68 8820.47 5628.6 323.875 
4060.97 6008.97 4632.46 6027.12 4910.03 
9221.9 5465 1264.9 2010.51 7960.07 
3069.37 8208.69 9642.96 360.837 269.065 
2187.96 3727.97 3911.81 6250.08 3201.48 
9070.86 3135.26 851.559 5676.58 8993.57 
5113.37 1431.88 117.237 3933.83 7060.48 
441.113 7994.79 3069.44 5073.57 4021.9 
7979.47 4295.45 9486.9 9244.37 6305.97 
7446.95 2313.72 4514.63 7089.89 2674.55 
4783.7 9277.85 6402.52 8695.5 5527.92 
9604 7766.35 8663.17 455.546 3442.91 
7656.73 5568.92 4874.79 7773.97 9502.74 
1935.25 8215.08 7497.52 5004.69 3288.64 
1519.4 2984.14 7584.09 1006.28 2228.49 
3890.04 8453.24 4542.21 8404.67 5543.11 
7216.76 3188.36 4820.95 3619.27 1883.84 
348.848 3223.26 9650.19 9012.02 3678.8 
3093.09 6668.74 9247.72 7967.88 4442.68 
8750.45 9903.14 2657.75 6247.95 4907.81 
5946.38 7767.35 7891.95 3530.46 8773.63 
120.427 7420.5 7226.85 4662.64 5825.16 
2769.95 1879.38 9013.51 7590.9 5498.65 
897.336 7939.74 8721.91 547.512 6951.75 
2400.7 3640.6 3620.47 1648.4 1608.47 
8063.15 398.831 1511.59 720.882 6646.78 
6419.4 6667.27 4414.11 4311.33 197.708 
3187.73 4431.76 7618.21 414.569 9094.39 
3443.34 3184.52 973.758 2456.84 775.395 
6472.41 3354.17 8715.14 5194.31 3901.69 
5666.87 7595 7542.29 9287.34 9243.4 
9150.75 7350.47 9642.23 662.324 8071.35 
6289 7081.72 4738.6 703.092 1393.03 
4936.31 3890.82 5824.79 2554.5 4305.39 
