400 5
3805.41 7980.44 694.649 977.016 8702.04 
7210.37 2959.31 2178.35 4630.92 5307.19 
5942.02 4007.56 3201.08 7375.44 7140.49 
6294.26 362.049 3995.17 7301 9583.23 
3564.88 7894.37 8998.08 2761.78 9454.64 
5281.81 1775.14 3167.57 5795.57 7426.43 
3121.27 9600.98 5406.85 3815.92 577.974 
4108.88 1026.28 3537.28 6287.23 5657.2 
8844.47 2229.23 9664.76 2045.54 9604.67 
6805.24 8339.8 9966.71 800.394 5640.79 
9549.93 4365.28 3535.14 8547.99 7127.05 
2989.76 3829.78 8902.19 6157.33 9625.35 
6328.6 9278.6 9226.31 1735.43 3094.51 
9804.28 5844.31 4120.79 3341.54 2131.52 
9777.99 2186 4360.75 9442.74 4231.54 
3965.4 6247.96 2571.32 3932.1 7048.36 
8212.11 3482.01 1413.62 1747.23 2029.98 
8540.67 4737 5859.76 7442.84 894.311 
5485.09 3771.43 172.899 4711.38 5506.86 
3267.41 4515.64 1351.15 7388.2 7857.19 
3482.67 7166.18 43.1681 7843.42 6608.9 
4274.71 1808.81 2856.85 6846.03 5740.9 
9905.2 5058.13 9222.91 1318.8 6805.36 
1252.87 9859.47 1542.34 7112.63 7302.3 
2436.66 2597.71 1073.7 2609.56 7309.09 
6580.56 5876.97 1824.71 7931.72 3265.15 
9681.9 1414.38 431.313 9725.07 9257.8 
7040.21 3999.76 1066.59 9897.06 845.776 
6807.49 9802.25 5903.9 6030.38 1121.03 
2709.25 7283.25 980.484 4251.6 4395.87 
8282.78 6688.25 6993.57 9356.48 9297.81 
4302.64 5937.03 5174.76 6127.36 3868.73 
8439.91 5809.24 5283.11 8871.22 5534.29 
4540.89 5911.42 9534.05 5607.48 5808.46 
379.811 2414.95 5610.69 6283.72 8445.33 
6731.72 8992.97 5728.56 7712.2 3244.55 
124.414 5994.97 9932.8 7117.99 5351.43 
9230.59 1420.61 1288.45 4405.33 7547.97 
5157.18 2845.22 3357.19 440.264 1716.42 
8891.49 4981.15 7627.84 8425.52 588.611 
3436.28 8805.33 3003.56 9046.97 5089.03 
1448.87 5778.67 4081.98 7177.44 3490.85 
7326.53 7301.85 9485.82 7259.31 4419.82 
4837.23 6489.88 5840.44 6125.68 895.192 
3388.39 1282.84 3740.41 6745.58 1723.1 
5456.83 5637.05 6704.26 3084.65 4062.55 
7292.87 6520.93 2867.87 296.41 5567.88 
7956.9 1745.28 1346.53 2038.86 8922.72 
4837.39 9365.39 6224.56 4323.19 6624.69 
644.363 9160.43 3114.55 6484.8 5286.09 
4009.74 9873.19 6568.93 7750.15 6618.75 
8292.03 3206.97 2255.78 4996.27 6291.62 
6318.33 2289.12 2812.53 9186.2 2585.53 
8380.42 7143.09 4330.81 9726.95 9181.95 
3253.52 4564.32 8547.33 9478.08 8887.51 
5172 122.422 8047.92 8286.55 6607.22 
3333.99 2296.27 6480.39 9902.92 46.4074 
3099.12 8194.93 3253.37 5354.9 3191.19 
9544.99 1673.22 5480.31 2357.51 859.406 
8065.84 737.91 8002.49 2396.63 464.841 
7184.43 5650.15 5029.16 5731.73 5128.21 
3916.65 903.714 5250.63 1964.55 9190.26 
1857.83 5298.54 1486.51 8338.22 5201.44 
1532.92 1437.33 3396.36 4786.3 6792.23 
6587.54 4331.27 8465.45 2067.83 6688.79 
9324.86 133.651 7426.7 7327.33 2530.28 
7891.54 4511.74 8180.43 2920.68 243.459 
3308.63 6837.33 1147.17 8559.26 8801.88 
337.416 417.076 4100.4 1823.93 8755.3 
9301.85 3356.85 192.61 2698.19 8143.15 
6984.84 9285.73 2474.41 5450.27 1353.54 
9163.19 4775.12 1487.2 6589.87 2102.43 
4017.48 4481.39 6614.17 2197.9 7402.07 
6857.63 5506.52 4239.38 8004.81 4065.77 
3041.25 8342.22 4482.84 7141.65 166.135 
3238.12 6443.48 3522.99 3430.73 9141.67 
1666.12 415.556 8427.38 4140.53 5865.83 
9780.93 3303.7 640.93 1268.1 9893.58 
2743.36 5285.58 4374.95 9357.53 7483.48 
1777.01 6215.15 2989.99 6016.39 4219.94 
7055.75 9057.64 2562.14 1538.58 6199.27 
2728.28 4776.7 2642.73 6251.26 8207.43 
1784.39 7917.39 8622.99 211.75 2057.9 
4488.8 9992.68 5361.6 5129.73 1260.76 
5255.16 7873.1 6546.35 9630.11 7230.61 
4029.81 1407.1 3445.75 7019.8 7423.49 
7665.68 4075.54 6481.11 227.808 5614.11 
2680.36 2956.08 390.799 5323.1 9207.35 
8598.23 7107.48 7124.72 7221.21 7319.23 
9182.61 1709.99 7311.89 4544.2 6839.73 
8572.65 9799.36 4712.81 5118.98 9429.46 
1943.4 9148.79 836.539 5389.15 6168.58 
8260.03 3054.81 244.097 4741.12 3282.62 
5858.21 7421.48 6238.71 6249.01 2744.56 
5446.04 4847.23 9852.04 2570.74 2068.41 
7171.25 1753.34 3778.41 4483.13 6297.54 
618.119 3055.76 6096.88 5330.93 8174.75 
5526.32 7274.33 7323.52 6362.85 2663.46 
3492.08 4622.86 5718.28 3736.18 9363.98 
9000.9 9594.39 6785.45 5239.59 5843.39 
9530 685.613 690.594 9382.03 3256.35 
2759.01 6553.26 5009.69 6537.42 1036.38 
1307.21 7155.54 4092.14 7404.09 2486.44 
2266.87 2930.39 9760.77 9590.39 9293.24 
2424.22 3082.46 3916.09 8142.5 6818.64 
3280.05 7143.38 6413.01 65.481 2382.95 
2256.38 9595.49 3068.56 2946.97 8977.49 
6324.92 5705.98 5530.74 1334.59 2243.38 
6567.12 2641.8 9398.92 659.238 45.8684 
1885.35 2926.11 2976.25 1646.1 2516.48 
2269.48 4070.32 5598.93 6185.56 2212.8 
2417.55 9465.61 9356.18 8830.57 9531.1 
1739.11 1086.93 9126.56 4807.68 4033.9 
8104.04 1132.58 9739.89 3634.77 2467.17 
1983.25 201.868 5108.97 1382.16 861.106 
5154.83 3267.5 3787.21 8131.09 4913.61 
6303.69 400.545 8983.93 1902.61 6586.11 
1196.71 4320.16 6051.71 552.873 3150.71 
5582.78 2291.99 4237.64 4709.33 7099.66 
8271.54 2813.35 8232.24 8011.42 6448.12 
699.387 9994.67 6649.99 5808.35 1376.81 
7511.1 963.169 4644.31 1298.29 9094.26 
9557.91 7601.98 9494.8 8541.83 9504.58 
6080.89 9738.54 3824.73 2132.58 291.393 
6975.44 7715.36 2583.38 1213.06 2424.68 
9683.04 9484.61 5238.03 7915.26 7496 
1686.14 8614.65 7490.65 8336.13 4422.98 
8867.46 5847.21 5386.15 3511.75 7145.5 
4480.39 3069.65 4747.46 3975.18 1611.46 
4252.03 56.0513 1349.98 8076.76 2188.63 
1641.37 5052.18 9904 4224.75 6265.24 
2328.66 3907.77 5749.83 7566.69 1823.01 
3245.81 9252.83 437.644 736.451 7588.94 
4860.63 9603.91 3436.13 246.762 3115.65 
581.611 4727.15 6185.3 5329.07 8702.33 
7796.76 9581.1 8758.38 9146.74 7657.84 
946.995 788.088 2710 850.975 5012.84 
8975.24 3179.63 8920.61 4725.05 746.307 
743.605 7970.86 9999.14 1181.25 8707.31 
7588.06 6041.88 8311.21 1024.18 6288.64 
1426.84 1605.79 1015.77 7612.14 6934.86 
9718.1 5408.88 6515.94 8476.47 4555.6 
4173.76 9423.46 5343.68 6883.76 274.42 
356.504 5858.98 3454.05 9277.11 584.012 
4200.36 20.6999 8554.87 4199.48 1201.95 
7262.17 1787.53 7243.83 5573.36 2811.7 
3532.45 7000.2 4417.49 4548.22 4612.32 
1352.33 4266.31 21.1826 7868.27 2742.76 
4576.78 2042.01 2166.2 9920.46 8925.77 
2440.62 276.951 4784.74 5894.67 9554.06 
5368.75 95.0181 9574.76 3923.61 4294.5 
776.695 1185.76 6082.02 8020.52 6759.12 
8893.73 1552.95 3759.3 3311.2 6101.17 
8371.62 4663.53 367.457 8392.81 2531.78 
3110.21 2969.57 4573.79 5276.41 2890.01 
3499.54 7717.03 3166.96 8284.28 3611.69 
2721.01 3653.01 3706.71 2295.76 7576.62 
8001.21 3072.45 8762.38 4083.22 1092.95 
5521.48 2976.92 2645.9 9280.78 6288.12 
8747.07 7652.39 951.63 9114.52 6045.17 
3483.41 2224.72 9014.74 8057.2 7501.13 
1904.74 1556.72 5218.15 5071.7 9841 
8829.84 7792.71 3494 2536.53 88.4514 
1070.6 537.724 3160.9 9832.98 4620.94 
4253.85 5354.44 7597.86 6899.76 4635.2 
3885.97 5646.81 2287.57 4837.6 4761.31 
8332.75 8321.01 6986.04 7347.47 6378.19 
4487.15 9252.21 7934.91 9705.3 4323.89 
7775.9 8535.12 2116.59 1269.88 1071.64 
2205.04 2340.48 1609.36 5365.94 2173.44 
6230.3 9619.8 7527.88 3828.15 6519.54 
2163.07 7714.12 2166.33 4450.64 2551.7 
6927.64 2783.37 872.694 3913.66 130.821 
7250.88 8400.81 9383.03 5185.77 8106.09 
3706.91 2961.65 6641.2 5823.49 4231.54 
7712.84 8028.54 6572.02 9322.2 3394.46 
8745.46 5552.49 3014.24 6273.33 9380.64 
9533.78 8436.4 7094.75 1700.08 2887.02 
9646.45 8627.72 5670.39 519.128 2541.36 
5801.21 7770.01 942.157 5184.22 2955.76 
9048.25 8891.13 5917.42 5689.43 4714.61 
148.936 3402.25 2743.12 6720.95 2724.44 
6137.59 5466.4 8276.93 9151.83 1739.71 
7657.56 8685.58 176.093 4752.29 385.651 
3063.11 4398.72 9013.38 8733.5 4917.85 
1554.72 4534.7 2687.84 2496.88 9718.92 
5643.6 1545.11 8610.03 1561.01 7234.54 
3324.62 1709.94 636.779 6067.75 8430.9 
3361.22 2205.32 3897.28 1638.13 1357.12 
5636.99 9295.69 42.692 5813.08 4047.96 
428.343 8876.2 8446.68 9441.72 7609.68 
3364.51 996.423 2144.36 6052.35 3493.3 
1863.27 1695.94 5038.41 473.287 3256.94 
2272.94 3797.91 4966.88 2909.72 9865.66 
3397.76 6270.94 2070.96 7295.04 7909.07 
3428.08 2932.01 7204.74 3470.78 8745.09 
1252.68 3899.12 7621.27 9699.36 3340.82 
5230.94 3063.85 4337.24 7375.3 9116.2 
7830.55 9238.57 812.118 2868.94 9711.86 
4069.06 5141.88 3509.75 9035.94 8051.6 
3375.4 2433.69 4322.52 5446.35 9728.73 
2231.57 8874.44 2660.72 9436.31 2345.2 
1405.8 688.969 6244.32 9027.07 388.309 
9585.14 4257.99 3452.16 3922.36 1633.28 
2568.34 1752.89 871.832 3380.46 4621.83 
583.674 7449.52 9763.71 4093.43 6485.45 
7815.3 7468.82 8919.14 2137.8 2915.16 
8647.85 4369.37 1789.58 1308.56 3805.66 
4134.78 2714.36 4494.62 379.08 1741.41 
4882.93 9964.22 5999.4 8335.09 3886.56 
7632.68 903.413 5639.45 8504.51 4283.87 
261.271 9088.19 1733.37 24.9685 3181.6 
8218.82 7840.26 650.4 7137.93 9978.06 
3565.56 5785.77 4347.41 5355.14 7094.32 
8153.06 9489.92 9808.68 2647.67 9869 
1550.08 7530.61 9833.2 7549.48 5865.68 
3719.75 5182.14 6769.09 9359.2 3686.64 
1052.95 9620.47 2774.81 2786.32 9645.44 
5956.4 1005.12 7485.69 6606.8 8143.05 
7463.73 172.346 3928.8 1811.12 5527.49 
1023.11 9964.19 5017.39 831.772 2611.85 
4886.37 2381.85 142.435 4719.56 9931.33 
6008.12 8439.3 5113.45 2777.19 7798.49 
8800.09 3830.14 7418.94 1574.88 6616.46 
7064.37 7531.29 7621.58 4550.04 4138.07 
5764.61 2013.76 4310.42 9693.41 3824.88 
9837.9 716.503 3789.05 4855.27 1548.28 
6400.9 9741.65 3930.12 6543.34 4461.19 
3861.43 2551.44 2900.47 8974.88 5328.63 
698.945 7774.96 9158.77 8117.89 9349.84 
5775.22 5182.24 6881.11 3396.78 9732.28 
1019.16 9161.39 1746.02 5329.58 8854.78 
5570.91 5167.46 9571.29 9359.96 22.7228 
1119.54 5760.84 9764.37 5049.67 2304.16 
4225.54 8911.1 4855.6 7126.01 7885.96 
184.212 7824.96 5660.9 9342.99 5942.83 
5010.73 5118.18 1125.05 1891.82 8514.96 
857.321 2910.98 7676.33 2603.35 8240.56 
6531.1 8174.25 3408.01 6102.36 7534.2 
3430.73 7221.91 3295.02 3195.08 2271.56 
5599.19 7420.62 1182.64 454.769 4546.62 
9068.6 638.981 2371.56 4729.49 9981.97 
8314.39 9740.22 5100.13 9439.45 1632.02 
3615.08 296.75 4543 1291.39 2900.1 
2783.54 7822.48 1074.33 6191.55 3924.83 
8608.53 9622.27 1146.72 1903.53 2817.34 
3418.28 7502.72 237.946 4600.91 7957.49 
4784.57 3669.5 8596.47 7156.13 8398.98 
8578.42 5470.5 8139.18 3678.53 4909.93 
9771.2 7293.61 5206.68 4314.18 8585 
8106.77 7097.72 6407.46 9181.1 3289.25 
332.277 7789.61 2911.5 1479 9693.14 
5728.84 4897.27 7195.85 5966.79 9498.19 
5153.32 751.339 3167.67 3749.77 7907.46 
1566.63 2328.17 3377.95 9705.82 6006.7 
8287.87 9477 3300.3 3494.53 3791.16 
1885.28 1601.29 888.862 8292.74 782.372 
4178.11 8625.02 8571.98 7089.61 103.999 
8265.11 2818.44 5001.27 5460.94 8785.23 
4499.44 614.242 9536.57 7667.11 4364.01 
7444.02 9233.74 6692.18 821.949 8939.54 
2698.87 9109.82 8416.52 5999.17 2604.34 
2207.67 7884.44 4205.63 3096.53 6177.17 
4988 7274.64 4802.17 3559.97 4364.23 
4906.17 1825.06 7182.67 9907.44 7286 
5967.89 4406.87 7900.24 5504.44 2073.96 
2264.24 2948.45 1307.68 8956.42 3770.4 
247.206 1655.27 2880.2 8663.73 7654.44 
5484.54 871.375 5538.87 9690.17 3967.9 
1716.02 4678.15 1242.52 6518.19 8238.12 
5606.75 1424.34 63.1582 2789.41 1331.76 
7349.16 8757.3 5738.63 5249.38 4261.73 
7812.59 7513.62 7210.18 9120.27 6470.02 
980.555 9367.48 8125.3 3860.76 8031.19 
5779.72 9345.3 8902.56 1318.57 9035.45 
2870.45 3034.59 3713.58 4112.97 9552.78 
1951.68 9719.73 977.106 2014.84 2509.12 
2308.87 9364 1266.41 8047.5 4613.36 
5528.13 5860.07 2126.97 2738.29 4980.33 
8596.99 3718.85 4347.79 6722.27 7579.61 
2378.96 2501.97 6924.89 1281.51 3820.54 
5960.32 4151.96 6855.14 9673.9 8264.93 
6407.9 1625.57 7984.64 7385.01 3640.41 
493.747 9693.88 3004.39 1760.15 7741.36 
7617.76 7288.29 3601.42 9744.72 26.5642 
8581.75 8341.69 3745.41 2929.53 5063.94 
1325 5308.49 7565.91 8249.89 6590 
1386.44 4210.19 741.948 8241.57 3884.08 
9006.88 4649.46 5509.65 6991.51 2034.45 
9150.06 7485.25 1728.31 2154.43 9245.41 
9469.67 9772.19 6533.68 3071.08 9516.89 
6560.24 1652.81 7858.57 305.637 4582.34 
2922.49 1630.64 9890.83 488.385 9880.53 
6480.81 1874.82 4090.7 7222.76 116.378 
7974.78 6229.63 4765.84 3484.41 3221.12 
6800.29 2634.45 706.352 8528.6 4788.88 
9951.76 7998.25 4561.05 6485.42 1069.31 
4077.92 3045.64 2722.12 1936.47 3351.28 
7304.46 4858.96 4981.92 7195.27 5347.35 
4862.43 3676.07 7222.17 8953.13 898.814 
7338.55 6927.88 7128.44 2104.37 412.274 
349.538 8904.65 3046.72 1055.89 7433.23 
7835.6 1007.63 5431.47 2396.63 7493.05 
6500.78 6474.55 538.678 9222.9 8411.03 
3889.96 6527.34 3269.97 8871.88 3722.6 
8617.32 3734.29 7398.66 5839.48 2687.4 
8297.48 3178.01 9615.28 5425.9 5282.38 
27.5386 5775.44 4187.01 3074.26 6831.33 
1620.23 909.838 7838.96 7051.7 3306.47 
5332 3552.46 9781.02 5870.67 2775.34 
8192.03 9760.63 9302.69 1461.98 8632.49 
3025.27 79.2891 2366.76 423.914 5918.76 
5054.16 8721.39 9096.77 4669.43 4147.28 
4379.13 4696.96 9922.72 8566.14 7771.22 
6754.03 186.358 8681.06 4592.97 7238.06 
1987.51 9924.97 790.499 1768.51 5795.62 
3565.84 9960.54 5556.24 2868.51 1422.51 
4188.71 5893.78 1501.8 6555.48 6317.69 
7420.56 1609.62 5039.07 6517.32 6279.05 
9186.35 896.432 975.995 9109.04 9462.58 
8747.22 5863.06 9648.94 7428.26 456.011 
6886.98 9415.77 380.962 7677.47 1184.27 
6176.59 1243.3 1144.79 1732.81 4111.81 
2567.3 5921.52 5.57791 4069.1 2476.98 
6323.27 1489.65 4086.6 1362.32 8006.96 
365.635 548.653 8903.4 1341.63 9657.7 
8365.96 88.8306 5520.74 8014.88 7517.09 
5976.75 4901.83 6932.85 6357.71 2579.29 
8117.11 2534.28 3822.59 9261.91 4267.09 
7934.41 1829.19 188.59 7939.98 5898.29 
2665.57 4263.24 7387.93 6752.18 5625.56 
5394.88 7117.81 6174.22 4298.26 8459.44 
5831.9 2664.2 8548.27 1352.62 679.055 
6065.35 7329.37 5580.89 2998.18 3687.06 
8160.18 1115.27 6221.34 1982.75 377.161 
488.406 9917.16 2206.35 676.996 7857.12 
8104.64 3342.57 2120.34 5492.56 94.7275 
7745.91 887.418 7212.54 3920.11 5185.68 
5671.96 9752 7849.87 4220.22 1104.6 
8528.93 285.551 8433.97 4109.8 3283.73 
2121.01 2269.96 4399 8342.35 4252.71 
4776.16 8830.75 4169.85 6982.51 9507.75 
2026.95 5087.13 2850.3 4147.3 579.67 
2945.03 1893.19 1467.09 157.549 5813.29 
6652.76 5829.51 5565.28 4502.62 49.7173 
6669.88 3031.53 335.268 5103.83 7141.33 
3619 7224.84 9411.29 8017.99 5567.17 
3663.99 2794.14 4397.91 7833.83 9776.65 
3905.64 9860.79 4863.76 6755.94 4008.07 
5443.43 9700.96 5901.26 6910.52 9858.51 
1714.53 3563.27 5688.01 7279.81 8065.89 
5737.73 3949.68 1097.41 6072.99 9053.51 
8238.74 9691.99 6278.33 7650.02 7709.97 
1845.48 1313.98 504.086 6243.39 9147.82 
280.716 149.007 9008.59 5144.48 6904.94 
3016.65 587.892 6605.89 8917.9 7498.41 
6464.38 632.42 1061.66 2152.37 7912.23 
9127.55 7890.1 1861.89 224.942 3963.07 
915.38 8463.68 3655.05 7193.71 6113.68 
1364.99 9039.19 7427.66 1869.08 5282.56 
6575.47 2149.8 5431.57 5584.04 7294.27 
2336.49 8600.69 7882.17 8942.38 7518.57 
5380.56 5406.75 8150.99 6442.22 7559.12 
6063.21 5569.76 5449.2 7925.1 5794.7 
9412.27 8840.48 4258.37 3067.3 6034.17 
372.029 4432.29 5073.34 7799.69 6301.37 
355.888 4375.14 8451.17 5787.46 9959.18 
5745.43 8123.95 8559.85 3627.58 7066.31 
6078.4 9008.14 2473.04 4229.38 5450.34 
32.1441 292.568 1020.09 5481.34 8217.67 
6814.79 4893.6 7058.12 1073.14 7960.9 
3092.28 1445.17 2393.17 8165.62 9244.86 
8694.55 8521.51 3619.99 7145.7 4308.95 
3579.15 2891.11 2432.88 2138.99 6518.69 
9499.2 8217.39 5526.81 1972.22 2446.75 
977.139 2004.37 2739.32 1997.23 7485.71 
956.968 8812.01 2379.29 8015.09 9885.15 
340.169 1107.35 1330.3 2733.34 9272.97 
575.146 1427.88 7794.46 4195.13 8573.58 
2103.39 7774.28 1464.68 4536.27 9913.27 
7983.37 4035.45 8130.64 3510.16 6007.67 
577.376 4487.3 8012.04 3316.7 6484.53 
5497.73 4273.66 5296.52 7877.02 2288.74 
5181.66 8217.19 3396.09 6511.96 950.513 
2669.05 7087.11 2378.39 463.492 1282.22 
951.952 2566.89 9056.51 2416.63 7103.16 
8969.76 399.979 1138.6 7100.38 3910.14 
7146.27 7677.76 8397.44 5158.29 994.44 
4881.95 656.005 5268.1 178.46 8533.02 
7556.84 5360.12 6750.19 952.918 1872.07 
7700.71 3621.96 8959.18 79.0781 4085.46 
241.384 1031.03 6652.34 9297.89 3447.66 
3755.48 8267.64 3847.64 4894.08 5368 
7757.78 2040.33 3045.75 6155.2 7198.62 
4040.19 1037.14 7854.63 9308.29 1215.6 
6387.63 6865.12 6575.72 3137.81 7818.04 
8447.79 838.498 1439.98 7406.94 917.576 
5525.44 7648.33 1948.61 2177.77 6946.2 
5396.26 5933.25 5213.82 9243.9 827.314 
581.81 7001.66 2867.65 3627.56 3156.85 
