1400 5
2270.92 6520.1 1327.56 987.498 5791.48 
4089.72 1110.05 6675.41 1601.12 7351.52 
1450.82 7314.96 311.442 9611.65 2221.49 
450.15 4931.88 4751.83 5430.44 6532.43 
4102.37 9858.91 7463.17 8929.65 5733.19 
8490.73 696.746 5981.24 7392.03 4819.88 
2956.74 9662.95 1339.97 4284.29 650.433 
7131.45 8374.02 1760.48 3806.85 9975.13 
9112.01 5257.68 7290.08 9423.45 4869.31 
9511.57 9873.6 9801.19 4263.38 5304.02 
6333.6 8365.75 5162.91 3796.75 7295.39 
896.082 2287.46 7992.13 6877.32 9679.49 
2812 9834.06 9342.43 4151.97 4118.33 
9992.86 1283.4 2492.34 1753.32 5090.25 
2467.45 865.313 347.912 9757.53 288.745 
5217.22 9269.08 162.327 5018.39 3532.44 
5466.35 1351.97 1898.18 629.247 5148.72 
9193.56 1525.33 7436.18 7185.68 8402.65 
7115.65 9997.67 8236.69 6458.06 4149.62 
2355.01 6450.9 5433.02 4847.34 8204.23 
523.26 7314.79 9069.54 871.173 7072.31 
9358.29 6088.39 6341.38 9520.61 1106.76 
9873.82 4986.95 2458.73 1771.98 5616.19 
7607.45 965.525 7141.52 5043.61 8151.2 
5544.15 2159.24 8148.86 3780.83 8617.31 
2298.46 6135.83 5068.19 7731.49 983.16 
3272.4 8254.75 8297.95 2341.93 9125.92 
5370.25 1700.2 5214.29 1711.61 1220.79 
6321.05 1585.41 6207.74 8779.78 3357.39 
1823.91 6387.21 4322.91 8965.44 1430.8 
2474.1 4509.57 3590.05 622.938 8290.4 
2207.34 2921.4 4426.22 7275.53 652.871 
5409.38 547.916 8907.62 3707.31 2889.84 
8033.52 9077.56 4590.04 3247.8 789.152 
5810.83 9568.85 2374.56 2018.55 8348.62 
5731.95 3842.46 4735.81 54.8393 2807.88 
6166.62 2528.94 7317.45 9756.67 3151.87 
5607.84 1963.99 6073.27 34.0361 9239.52 
6726.15 5443.41 9787.43 5633.75 9150.73 
2677.26 3667.25 8228.27 7267.29 6915.05 
9017.42 3078.11 6483.89 1391.97 5096.65 
4832.49 7123.91 8939.12 9568.3 7178.75 
1746.98 5734.9 9707.69 9064.43 5491.55 
2859.54 4672.25 7455.54 8932.82 4706.29 
6695.04 5658.94 149.685 6482.45 1292.67 
9300.41 9159.71 4959.93 7528.67 6426.99 
1874.96 6546.07 9505.09 8358.85 7938.04 
4601.73 3191.32 5061.93 3540.83 2759.6 
2240.67 5287.81 8494.51 1948.33 4352.23 
3986.05 4807.88 9024.48 1441.57 3740.68 
3730.75 8136.61 9399.62 3880.44 4619.04 
692.278 3180.83 3778.74 5652.2 709.482 
205.708 7527.16 7255.56 9710.8 5885.99 
5193.58 4312.52 9077.31 255.493 7853.35 
1836.9 2496.16 3141.14 331.39 4444.49 
7493.37 4317.44 9252.37 6517.83 5759 
2993.03 248.571 3895.59 2392.63 4129.01 
8514.64 3084.91 7309.84 2293.36 8737.11 
8019.32 2499.07 6264.26 5274.86 2209.85 
2150.24 468.423 6522.37 1227.53 723.916 
4375.7 3064.43 3220.08 7516.84 3395.82 
7664.57 5010.2 7713.25 6916.92 1528.01 
3472.24 9909.95 1776.58 7367.83 2302.57 
5905.59 5882.45 5387.48 3215.42 8175.81 
4124.58 1234.73 674.859 388.821 6509.59 
2884.71 2539.06 6978.01 9407.08 3766.59 
7701.93 3782.76 6831.02 921.988 1299.59 
226.817 8586.56 6309.78 7940.07 5503.46 
7837.79 1412.29 5413.4 9614.38 8780.12 
7715.97 5519.96 4662.56 3103.43 8735.38 
2838.35 7228.01 9970.1 3513.21 7616.83 
6479.67 6397.92 155.87 3457.67 5804.98 
3922.46 1159.58 9587.75 753.457 2081.57 
887.313 980.274 668.109 7197.09 8920.34 
6171.57 5034.87 332.62 1584.95 4649.23 
9112.75 9300.92 169.173 3775.29 2404.34 
8904.55 6613.64 9632.34 8874.63 126.84 
7249.16 5354.29 6524.76 7405.03 8811.96 
2329.73 1327.47 9971.54 1917.46 2080.92 
2053.09 2804.77 3061.2 2721.2 1.84879 
1981.53 8892.78 5036.72 2314.15 477.714 
9685.95 1426.87 9778.64 9855.13 5202.16 
2182.95 8759.66 1815.79 1815.28 7634.27 
1942.63 9064.44 2988.55 8467.39 6469.45 
1800.49 797.108 7796.91 1772.01 2714.57 
9877.84 3825.11 5519.34 2939.02 6546.31 
5521.19 4920.55 5439.07 557.89 7234.69 
5916.79 243.828 8661.57 5695.4 98.9375 
3863.71 7878.36 8858.59 5679.5 9693.64 
6492.85 7622.13 8758.06 9481.4 6089.51 
5227.49 1281.87 6886.62 3024.39 3053.88 
9601.18 2902.21 6878.99 5120.51 5841.23 
3425.29 641.675 761.759 8864.36 1199.57 
7996.45 4781.13 1443.39 6658 476.515 
1542.33 521.694 8354.87 400.909 6201.2 
8048.5 6893.76 3823.31 6806.54 6375.14 
9912.82 2034.01 7657.01 6799.42 5058.4 
710.873 6400.59 7960.6 7589.86 1521.08 
3801.82 1015.13 2162.76 4563.58 9879.49 
3362.32 2560.01 4660.6 4805.71 9218.01 
5137.12 6348.05 9739.7 3491.97 6748.95 
5940.88 1540.45 3642.7 9764.19 8346.99 
17.8208 9677 380.98 7674.83 6476.4 
5439.38 8385.7 2876.98 3399.96 5975.55 
4398.06 7201.78 6990.68 6560.81 1765.34 
6870.16 9923.14 4325.35 1530.74 4728.83 
3543.34 6667.86 1076.86 3283.02 159.811 
7825.82 9223.9 1700.26 1468.5 8988.08 
47.232 1486.32 8665.06 428.212 9161.15 
5141.45 5867.59 7546.83 8018.43 9267.55 
3522.37 2416.47 6469.31 513.03 8977.28 
8234.65 7383.19 8900.4 2559.99 8913.93 
3629.22 6103.33 5581.76 4706.08 9386.35 
5741.58 2531.88 8610.24 7441.84 4000.38 
7598.3 7489.07 5486.7 6263.35 7917.28 
4647.83 1404.78 3784.85 2194.64 9423.21 
3052.39 5717.01 1839.66 9521.7 6230.04 
816.926 7756.34 3613.21 9717.33 316.308 
2527.12 3346.53 6419.63 8108.88 8052.61 
5805.96 3850.44 584.477 4416.18 1292.26 
4584.86 2014.47 8781.33 71.5363 8277.81 
6698.59 4719.36 9682.59 483.427 6914.01 
9105.78 3535.81 2631 945.422 3057.5 
8861.04 1762.35 813.82 2474.23 1479.66 
1130.13 5001.35 4826.19 7549.76 3110.21 
2878.79 3355.71 6960.65 3463.26 7771.89 
8252.91 8048.12 9786.36 7034.22 8119.66 
8064.16 3732.79 2839 7746.73 4216.22 
9753.01 6852.5 7752.03 2383.99 7797.92 
809.514 1245.01 9560.27 1623.33 3719.24 
1039.91 2753.46 8720.59 5866.1 303.204 
1830.78 8744.89 3658.91 8791.43 2208.13 
1430.79 7044.32 256.237 1217.13 4078.52 
8375.89 9281.29 7811.31 1214.88 7028.01 
2027.52 967.875 3880.49 9779.55 3351.87 
1678.39 589.048 4596.88 1238.64 2212.38 
8316.13 2278.55 4965.84 7036.7 8144.65 
5269.05 8867.48 6889.52 8927.96 7658.89 
9097.65 358.726 4703.19 9353.89 1575.86 
8781.72 7729.76 857.129 6593.01 8944.65 
7885.14 8620.53 9912.52 1765.6 8400.07 
3264.37 3443.99 8989.11 7861.25 4682.63 
1201.48 6177.36 6961.18 6167.32 3214.04 
5105.81 1436.35 2081.51 1995.3 364.286 
9740.4 1092.94 723.013 4443.57 446.808 
2298.87 3225.27 8176.57 3156 9818.29 
7121.2 1041.12 8438.8 7033.7 2806.72 
6838.85 298.059 6250.71 5827.95 8159.31 
933.324 7029.42 4336.66 7894.5 3196.72 
7550.7 3000.29 4633.07 9632.21 4995.59 
4997.36 9372.59 6088.53 5720.37 3816.15 
6535.34 8019.24 7041.42 4711.89 1175.22 
6859.69 1833.08 2216.34 5298.48 8866.78 
5023.06 2137.31 9164.84 1273.75 7965.25 
7324.14 2207.08 4994.66 1660.78 101.562 
8191.38 9211.48 3101.85 2824.44 8843.67 
8097.44 7821.79 8216.25 4185.96 3542.14 
2032.38 721.277 1561.37 9073.8 5433.17 
2736.59 5933.47 7266.25 4952.92 1231.93 
6133.01 9975.98 3369.24 5297.84 1249.72 
1334.48 2621.96 3456.8 6329.14 4282.74 
3558.36 4520.5 3494.2 6660.21 7344.94 
2337.85 4757.64 5166.71 554.083 8943.59 
8708.86 2586.46 9664.87 270.205 1660.24 
5098.02 3006.79 7593.71 2364.26 7959.72 
8825.64 8497.27 7935.68 2194.86 3795.09 
9185.41 3529.34 6417.05 2642.19 9858.47 
699.767 6200.55 4378.96 4193.97 2860.75 
1723.88 6531.82 7618.38 6890.59 7085.9 
6561.96 5599.43 9672.36 6226.81 5869.63 
1332.58 1324.82 8876.43 8926.29 3689.08 
6836.13 7751.92 2186.33 4771.79 9946.78 
5981.42 3957.18 3476.1 2398.45 6599.37 
3334.56 3098.22 2799.9 7713.52 7292.19 
5660.65 9437.4 3823.99 3279.02 6327.97 
909.876 9840.98 1927.38 582.221 6067.77 
7797.02 1914.8 7392.59 6673.43 841.08 
1081.65 3509.54 8593 3267.99 8281.33 
8539.76 9249.41 2238.49 2015.84 1647.85 
8837.86 5350.4 4746.07 1637.75 3063.9 
2038.24 7298.4 2501.28 5862.23 577.394 
8829.25 6772.1 418.354 756.617 7354.32 
6486.13 8553.64 9269.13 3878.7 5227.05 
110.192 4960.36 8736.58 8703.19 8228.34 
7017.89 7242.93 7477.74 9256.38 9258.77 
9125.58 8094.23 4609.15 3871.63 9731.97 
7673.05 5909.87 7030.35 174.316 1772.08 
7607.74 9003.57 8544.18 8026.1 9760.18 
5898.48 4512.21 8313.8 5167.6 8390.91 
3540.83 5277.79 3351.25 2277.4 3980.96 
1579.58 9295.29 1223.87 9057.32 8551.66 
482.623 8182.88 6645.86 5091.78 2054.49 
6377.82 2764.81 7964.36 3408.15 2939.13 
9736.43 1015.88 1942.68 8280.6 9041.98 
1702.85 4179.06 3554.17 16.6331 9346.66 
1945.06 3557.47 4624.43 5296.32 5834.86 
8605.39 6875.9 5130.14 9829.26 5933.2 
3681.77 311.866 4116.06 327.621 5403.64 
6170.55 6705.44 8168.45 4134.89 113.577 
1107.56 3871.31 1129.46 3050.24 2151.89 
171.417 4753.09 6330.95 3725.59 4769.72 
5677.59 5670.65 8327.19 302.008 966.948 
4162.03 8907.4 7842.84 9292.17 8736.64 
3776.02 2973.93 9048.51 7892.08 3301.55 
4452.13 4062.61 6.97109 2620.57 8197.5 
120.548 3728.13 2068.8 1250 6778.38 
4220.68 1421.42 1531.45 551.619 5147.01 
6301.17 6229.21 817.64 4628.34 6531.22 
1784.59 8790.38 5438.6 9627.43 8082.53 
4175.22 3403.44 1056.44 3223.71 1295.5 
4357.99 7675.84 5358.11 4364.96 296.393 
3555.6 4485.5 4024.52 5624.4 5735.51 
802.883 9845.08 7156.93 2334.33 396.687 
2303.92 8635.5 6625.9 3121.56 3263.83 
3157.1 4906.15 2054.19 8595.71 4533.56 
136.704 2770.91 7937 1193.14 5994.62 
9232.5 5551.13 3670.45 4590.6 9916.08 
3966.84 8146.2 4401.57 7991.37 3770.59 
137.065 8794.25 3615.65 7294 1128.57 
4012.34 9597.92 9764.07 638.224 2719.46 
3027.88 3795.33 7625.61 5082.07 2391.02 
2159.16 5218.78 5161.93 96.144 6411.92 
1156.53 9328.65 1963.03 4826.98 3919.23 
1879.1 8793.83 2065.42 6280.67 6785.18 
5836 6417.74 5579.41 9451.66 3711.72 
6707.98 3463.98 3309.62 6472.03 4102.2 
6029.08 9499.92 7897.53 3654.68 4581.97 
288.529 5813.84 9800.75 5450.46 5909.98 
6212.66 6606.99 5238.61 8175.69 1433.96 
9157.84 54.7715 227.768 1223.24 6335.45 
7012.95 7059.24 2753.17 2592.34 6510.88 
6464.89 9300.32 9974.86 9774.5 5772.34 
4077.05 5803.57 5272.24 1974.56 9458.25 
9854.21 2263.09 5272.07 9654.95 7713.54 
1182.03 5867.58 4320.52 6420.64 4043.26 
5754.47 5578.46 4098.03 5982.24 6801.7 
433.455 2995.17 3860.93 3186.62 5587.52 
371.789 9651.51 4887.82 346.632 9426 
660.147 4423.68 5229.55 5932.39 6398.24 
4687.78 5786.58 8661.33 9959.84 5441.51 
6374.85 1141.86 1309.08 695.353 7562.5 
5352.33 6449.83 3140.94 9450.36 2432.05 
9942.65 9883.81 5427.22 3803.56 3070.42 
1014.72 4175.35 2721.91 5902.55 4521.98 
2147.89 6562.7 8945.66 7377.44 2495.06 
5343.88 2065.2 8281.65 4005.19 2025.02 
3723.14 380.022 3166.88 5032.22 1075.38 
729.363 384.533 7525.2 3870.31 9834.89 
9957.25 3812.94 9718.69 5384.46 7616.49 
2789.09 6399.18 1791.82 5511 2301.71 
6313.8 7658.89 8864.41 5259.44 5036.3 
1359.46 603.297 7101.5 9641.1 4608.48 
9126.52 3364.22 4988.5 2293.39 8396.44 
6063.88 3022.75 8780.97 3589.07 6893.06 
8615.85 3546.3 705.979 8334.52 8930.76 
8322.47 1123.59 5329.93 114.276 6634.59 
7631.64 6428.08 4293.46 6496.04 1687.5 
9329.77 7855.49 2290.79 6431.25 7496.58 
6899.27 5557.76 860.787 1887.76 7851.15 
9257.23 7951.64 873.884 8038.19 1540.69 
7766.94 6654.02 5086.99 8472.92 4988.52 
4017.74 6795.38 6112.12 9347.67 6909.65 
2746.69 6979.29 3337.71 7040.16 3475.31 
5025.21 6369.91 1330.79 7316 2801.14 
8827.37 4215.26 8358.9 9688.16 6103.02 
6210.04 8945.37 4054.65 7083.92 6983.54 
5595.34 4850.85 3637.54 682.314 3323.75 
8626.06 4700.05 119.109 4738.15 4047.7 
7028.76 7484.85 1026.98 366.455 4524.99 
4502.29 5391.66 894.878 5833.08 2707.64 
3696.02 4660.44 6922.9 2054.91 4348.58 
3025.9 8264.95 3293.93 7080.55 5348.85 
277.448 2675.87 199.679 3914.98 3358.18 
3523.43 2541.02 8058.24 3642.54 7279.18 
2105.92 671.284 4764.01 3132.9 1037.74 
9288.99 7635.19 6429.4 183.853 3468.26 
9137.04 3879.87 8128.7 6059.92 5934.78 
2477.26 9085.83 4199.71 5771.19 6166.36 
9548.56 6048.63 8842.23 9748.24 9963.62 
2200.4 3271.65 2504.62 258.615 6914.19 
9783.8 2364.54 7585.48 4547.79 5497.44 
8623.21 3836.77 3132.61 5052.6 4020.62 
6600.88 4189.62 7900.49 4729.56 249.529 
3835.26 7206.82 9335.36 8034.97 2977.99 
5501.7 7583.52 9026.62 4343.91 7331.74 
8990.22 6544.31 603.38 1494.83 6802.92 
7517.57 1278.61 9167.46 5103.03 5826.4 
4664.88 3726.23 9663.17 7797.49 8778.83 
3683.77 4398.35 2968.43 1584.25 9127.91 
3217.96 5419.51 6334.71 2553.3 3454.47 
9312.69 8055 1037.97 8339.29 2398.9 
8369.71 7329.5 8943.2 8973.09 8824.33 
5746.11 6490.65 102.926 4913.55 1593.66 
5929.33 9578.43 5319.89 5592.48 7375.9 
4098.7 9276.26 1774.24 7067.14 860.489 
902.129 285.081 6280 7236.84 2838.38 
9734.46 6549.51 893.367 772.414 4888.79 
3292.26 9142.12 2218.27 2235.45 8115.2 
1042.59 7981.56 4605.83 1145.51 2895.09 
6199.49 7074.84 2473.51 1519.36 2667.31 
9849.41 5618.07 1943.55 1623.63 2685.18 
2804.04 2525.76 2970.27 9084.04 9762.6 
5808.65 8818.48 6312.09 6702.02 9590.9 
1200.86 9994.28 8733 3419.14 2229.71 
6848.18 4461.72 211.255 1453.99 5607.23 
3106.35 7653.48 2682.06 5579.85 9172.84 
5349.37 5429.25 4790.89 7292.92 7052.88 
7476.07 96.9397 9578.64 446.322 9180.98 
9341.22 6254.97 7999.44 5653.29 2956.97 
7590.32 6854.16 2951.23 6323.31 273.276 
5180.95 3171.48 4735 5392.2 4625.47 
342.214 8498.55 2278.93 3024.27 4078.38 
1451.75 8373.64 9507.63 6242.64 5666.54 
6560.49 3718.7 5763.48 6139.12 4165.02 
4944.44 5480.32 419.977 2943.87 1133.6 
3376.95 534.175 7987.75 6328.18 6857.49 
8261.03 1509.11 28.9478 2996.01 6901.31 
4654.42 3338.22 5399.84 6933.35 6362.5 
9478.22 8385.1 4736.12 8985.84 4627.73 
402.645 5546.32 8346.43 6166.13 1685.42 
2511.44 1110.55 7165.74 2931.41 4054.42 
8299.33 6308.36 4588.59 6287.07 2636.53 
1446.06 4548.08 4145.63 1475.01 7544.1 
1046.93 6129.43 882.304 6446.76 3062.76 
7244.8 5924.97 1447.85 1980.9 4910.79 
6075.58 2383.55 457.092 4421.99 8549.68 
2142.51 6933.43 9660.23 9308.24 9864.84 
3714.63 7607.56 6173.19 8303.22 3894.61 
8809.71 9749.28 8442.7 2955.33 1224.28 
5986.78 4002.26 7353.7 6869.08 449.005 
416.447 4113.86 6373.98 1864.29 6094.77 
1284.75 7939.87 8478.32 1741.84 2361.85 
7027.97 3884.35 9295.28 6688.18 3192.58 
9160.1 402.794 800.121 5333.28 8706.01 
4694.73 4142.97 8455.28 3137.42 7098.3 
9679.55 9124.19 1100.55 7033.24 5993.26 
1549.55 7449.69 107.103 7923.53 9313.98 
6201.87 9208.28 7253.84 4680.17 950.108 
9615.68 1708.13 4834.46 8910.94 8396.31 
8027.04 8071.03 8799.1 8827.16 3404.29 
7505.1 3521.88 7547.26 5960.36 6659.29 
4645.55 5639.9 5783.47 5746.09 2673.12 
1776.71 7295.64 122.795 1883.81 5219.15 
9436.78 8085.68 4427.42 6690.6 2765.83 
5377.52 6306.26 4473.96 211.966 5217.19 
2870.25 8239 3288.2 1669.34 7066.15 
6692.49 9174.44 588.006 4239.73 5134.79 
7247.3 8885.28 774.67 3030.75 4631.35 
3447.79 4807.46 1926.98 3570.59 6691.27 
7146.13 3007.35 4776.93 1573.53 9697.94 
7542.76 6951.05 6004.19 2016.71 7163.02 
1221.36 4886.96 5402.01 4509.56 6556.3 
2468.14 1202.03 5730.72 3056.14 5441.76 
865.493 303.425 4327.02 1640.16 3334.17 
8958.37 5087.96 8141.63 885.335 8658.55 
4832.88 8031.47 1665.88 9609.81 9605 
1363.8 7152.56 6556.04 7367.99 9169.26 
3719.04 8589.35 4056.2 9121.05 3098.89 
612.484 1589.17 4300.92 6343.21 4645.31 
9742.68 7208.7 4948.74 4069.68 8848.86 
8282.91 3028.03 3936.8 6424.53 3913.37 
2595.33 1257.39 1944.82 4261.21 867.182 
1549.8 5625.01 8019.74 8105.84 2992.99 
7188.98 1824.86 1582.32 1245.17 945.892 
4681.22 1857.65 2535.06 8982.14 8200.86 
7180.37 8724.8 5409.54 2129.09 2794.46 
4258.39 411.988 5822.49 8195.19 6836.51 
9735.86 790.5 8093.9 1680.66 5051.71 
8961.09 3230.46 676.703 6980.81 1336.28 
3669.69 4169.77 3161.14 5252.01 5414.94 
4107.03 9933.23 7272.59 6642.09 8915.35 
5473.43 3822.45 7640.13 882.954 5951.54 
434.566 5141.34 6363.53 6257.05 3336.51 
3200.02 5992.89 4127.01 1293.91 7673.55 
9178.72 254.981 903.988 9855.42 7235.79 
2240.27 3525.1 1405.54 5401.4 8777.11 
6820.48 9508.43 8710.32 4093.06 6150.5 
7625.65 9566.49 9972.95 5265.76 449.423 
5924.47 5700.33 5590.76 2287.98 1957.37 
8927.27 5488.01 7950.26 3054.27 6781.92 
5623.79 2232.97 7036.9 6527.78 2088.37 
4272.67 8768.04 5613.47 5678.22 4169.43 
4390.56 2498.68 3677.84 3100.87 6591.74 
9828.35 726.504 6158.21 9801.28 5992.27 
6607.63 5725.73 1692.58 2198.38 8013.71 
3649.95 1125.63 3501.7 1600.19 4179.9 
283.605 7223.98 6412.87 7320.5 3751.74 
8501.24 1593.16 2519.77 4114.69 7271.37 
6689.2 8505.25 9770.06 367.022 1606.1 
6361.78 195.352 2332.61 2519.96 9996.63 
8324.87 9127.59 5722.35 17.4354 1325.95 
3736.05 3667.38 2451.58 7237.75 5267.57 
6631.48 7521.36 2491.53 3044.33 4841.84 
6243.27 1545.55 6435 8763.04 5660.24 
3706.36 5452.21 4165.48 3476.4 5819.23 
5771.58 9838.18 6014.59 8104.18 2358.12 
6011.2 6429.04 1485.7 1733.53 6446.48 
2811.65 5469.58 113.839 5263.24 2707.31 
5381.41 1894.7 228.655 7872.94 4939.03 
5070.5 4116.19 6484.58 1505.49 2879.21 
2144.81 5211.85 8331.42 6310.29 8688.25 
4150.64 2081.85 8526.41 165.207 186.014 
884.513 6176.41 6615.05 2370.21 7909.94 
3061.51 5181.86 3379.51 3175.35 445.084 
6086.82 8556.76 2339.78 6315.48 6429.68 
7278.82 1385.96 545.849 3763.38 2891.45 
3425.06 5908.19 8103.29 1756.46 2218.46 
6791.53 5907.1 4300.31 5317.92 6072.3 
4486.32 6202.43 2248.7 1101.36 8572.64 
158.622 4162.87 3754.49 3538.13 7338.22 
4199.57 9624.95 5894.96 6539.36 5940.41 
2324.62 3818.16 7326.37 2870.47 7581.54 
217.795 6295.52 3489.71 8321.09 8051.98 
5708.17 5112.6 3959.06 8.4633 430.497 
31.3496 4494.78 6632.93 2280.05 5596.14 
5205.55 2438.67 9759.01 8960.04 5976.79 
7097.21 3159.6 5601.73 2992.15 9698.96 
1542.12 5316.77 3517.1 8868.48 8187.24 
1098.62 9086.28 4482.75 4588.33 7407.35 
2534.71 296.488 2519.93 6493.77 304.951 
2950.43 6525.12 4799.73 9583.35 8805.17 
395.86 4788.89 1243.82 154.852 3748.91 
7220.61 7252.06 6908.51 2822.32 244.196 
6607.45 4364.44 5560.97 124.529 3232.91 
3748.19 1223.15 2319.17 8230.93 5811.48 
9726.52 765.627 6107.97 2246.43 7259.4 
6412.92 5196.86 3784.51 1212.64 4780.19 
2589.66 1608.49 9569.08 3833.48 1763.35 
3317.97 1054.08 9015.41 226.466 3876.4 
9259.61 6833.92 8240.84 4820.55 6958.44 
1473.73 8568.74 8181.59 3792.89 6799.66 
3993.05 3519.39 7565.29 101.002 5765.82 
4824.67 6513.92 962.66 8609.18 7726.55 
5742.85 1198.82 9335.05 5311.91 5032.3 
1098.38 8629.89 6086.37 113.77 8856.35 
9962.77 9373.38 5690.25 8203.59 4193.91 
2648.68 9677.32 2762.64 830.254 3470.2 
9562.3 4823.31 6989.59 7127.57 4924.31 
2755.39 1952.22 1438.21 3718.05 561.379 
9164.76 9460.91 1760.2 8499.8 4772.8 
6792.5 9598.17 3402.67 2878.86 9711.94 
2259.01 2841.61 9085.3 7949.26 1045.19 
3279.2 597.928 722.497 6041.83 1428.18 
4192.69 5604.11 6251.49 1182.27 2731.66 
1175.78 3937.66 4683.88 2613.99 7655.72 
5245.26 1778.74 7116.6 7005.46 278.519 
1889.39 3797.94 9876.69 5292.06 6676.8 
9588.62 7551.08 9518.41 8673.91 5500.32 
563.588 1953.09 6098.25 1286.08 7994.92 
7526.43 5478.78 3599.02 3777.91 6661.05 
6330.68 4953.69 598.692 1014.55 7567.68 
8254.41 6259.81 9346.42 5370.99 3265.25 
9624.94 7260.38 7063.2 9501.61 2552.43 
3739.98 9090.22 103.492 3258.38 7764.11 
5603.82 3821.96 9717.19 1702.05 5108.05 
7712.1 9228.48 586.809 1311.1 3006.37 
7247.86 7641.78 7960.06 7846.55 8656.33 
5527.72 6100.94 4916.12 4874.12 1471.92 
8181.38 4499.04 8732.3 5244.56 4000.63 
1284.72 8984.53 3090.83 1388.21 2242.89 
854.922 6992.02 6064.85 572.097 8694.07 
1172.89 8284.19 7922.54 1759.69 9595.29 
928.893 9007.55 7237.06 8888.95 6854.08 
5893.37 4416.65 2955 809.476 9290.77 
4426.92 8990.85 3789.79 3159.2 4235.39 
7790.42 4443.92 3219.91 881.239 5832.13 
5462.8 1736.16 2824.14 1527.64 2308.26 
1518.19 2700.52 592.434 9440.73 4460.22 
187.71 369.609 3467.75 7424.77 9258.56 
321.815 3318.12 3675.19 3276.82 4127.6 
2965.95 7703.74 3118.43 6755.73 862.923 
7353.82 4546.14 5306.84 573.713 5427.38 
1138.96 6036.51 7163.54 3963.09 7564.15 
9471.8 5481.29 264.656 64.2152 4922 
4724.87 251.925 5291.61 8192.62 7676.69 
4550.15 8514.44 994.796 8225.35 1791.24 
5122.39 1191.28 9494.98 8240.83 7947.01 
357.884 5594.63 2493.13 5664.73 6168.34 
7920.51 6803.68 2204.84 5084.04 766.758 
9768.99 4555.82 6248.04 33.6279 4620.03 
1170.03 4758.5 4871.96 6461.64 2951.11 
2548.63 1011.78 1465.53 3543.43 9237.12 
3256.77 8665.82 428.382 2751.73 6906.63 
8375.39 3109.62 2501.25 868.509 8774.34 
8669.59 8789.02 5578.01 874.412 3873.04 
6344.77 643.384 8428.86 2592.8 677.012 
3048.88 3762.82 5435.51 7920.84 224.448 
8386.62 469.454 1236.23 9852.15 4012.88 
473.333 3108.9 2678.69 901.715 5860.63 
9585.32 9277.11 8970.25 2086.55 145.599 
7744.58 756.128 8934.62 3322.57 1630.54 
2807.65 9667.34 2273.92 1236.49 2260.11 
2950.94 4285.37 6022.94 8386.45 2206.19 
6247.39 6773.05 2675.65 7483.61 6625.19 
6688.53 7956.95 9734.09 9367.22 8858.66 
5594.71 8952.53 8135.75 4564.94 1039.07 
8281.35 2309.5 1795.19 7215.96 5632.07 
3425.73 23.5862 5299.39 5699.66 1260.08 
7559.5 8650.59 5545.45 3582.42 7037.03 
7751.64 9829.81 3810.06 427.269 7313.41 
435.234 7115.8 5270.34 169.308 6483 
4128.98 5764.02 5435.52 2264.71 328.942 
6474.58 546.048 2638.44 8269.77 7762 
8270.51 1695.49 7785.59 3569.88 7395.15 
9045.67 1129.37 6045.73 4591.1 4711.79 
3082.74 2342.72 4541.59 6892.8 2769.99 
1854.98 7328.03 9885.79 7125.32 7497.34 
6368.78 1254.28 3261.34 1804.28 3518.99 
3590.28 8278.86 4065.04 6228.73 6548.62 
1827.03 4499.22 8244.11 9612.62 8069.11 
5639.24 8658.27 9198.48 1684.95 3249.36 
3910.25 4767.69 5592.08 8451.84 1660.47 
8362.07 306.805 8988.5 8247.85 7432.12 
6485.83 4616.61 8686.4 9747.17 6420.89 
2205.38 3337.44 4699.73 6270.42 9566.17 
1248.33 8097.45 4065.38 9492.44 7710.05 
2134.47 5131.67 6368.3 1332.92 6816.62 
9617.66 5243.18 1584.29 5209.72 3695 
3244.76 3571.78 4001.81 2233.24 1819.61 
1433.91 8719.07 6436.22 120.292 8466.23 
2857.1 2325.67 1803.66 7556.83 8596.08 
1369.81 8805.17 6693.51 5435.18 8297.59 
4403.55 7569.65 3429.24 771.832 8902.57 
245.84 389.473 4145.73 1830.13 5599.19 
7840.74 5074.88 9170.97 1842.53 7308.13 
990.565 3276.44 6027.18 7426.79 3396.73 
4493.4 283.869 5722.39 6297.05 7840.7 
4318.46 7666.86 6645.85 1011.96 3102.03 
4943.43 5415.51 671.66 8372.67 6187.34 
9574.23 8618.51 6576.81 3719.95 448.616 
2175.99 1560.67 5523.5 1346.94 3403.19 
2831.61 2337.51 6679.63 8858.79 9764.29 
76.3381 3352.17 48.1471 5798.73 9649.22 
7888.85 117.178 7316.07 4534.68 1129.14 
418.076 9478.11 6544.65 1089.74 7850.76 
2731.97 663.953 6469.25 9308.78 4383.9 
6917.86 1484.75 5944.57 2441.34 2831.69 
9347.76 5272.95 5169.2 6027.37 4131.72 
4933.48 6103.71 7483.89 4981.62 1902.43 
7133.09 2870.46 2019.61 4449.14 7405.14 
3148.74 4867.22 6883.23 9693.39 5956.95 
4733.97 2425.34 6620.91 1203.19 1734.1 
1004.79 8121.05 3218.85 6949.36 562.38 
6050.54 6297.11 5835.33 1219.73 2324.46 
9967.05 6153.21 8428.18 7450.92 1134.81 
330.588 4583.99 4005.27 2350.19 9033.13 
1410.39 5498.94 3900.33 8293.62 5192.31 
9857.28 3027.56 7617.65 6478.17 4230.76 
9351.75 7482.96 2351.8 2570.59 4432.31 
2914.18 8621.13 729.398 8749.5 9840.86 
3053.86 8716.53 5994.05 1482.02 6167.43 
7128.86 1812.61 751.41 1134.12 4162.81 
9784.54 2544.51 9661.75 3684.86 838.107 
4854.04 3542.12 3865.67 2471.68 20.2802 
8096.43 1823.42 7503.24 448.21 4394.01 
1935.54 3362.39 3015.12 2664.93 2111.87 
2855.97 5718.8 828.389 8850.02 7200.82 
6995.82 5978.87 9013.43 7747.23 7112.98 
3176.22 7531.76 9657.49 2837.95 1216.6 
495.58 7692 4758.72 4361.25 163.657 
4779 2457.67 1987.07 2282.23 2905.87 
6381.08 4217.76 6268.26 9396.2 6882.7 
8380.13 2252.15 2601.48 9208.52 1102.15 
9802.3 6204.33 7081.02 8815.71 3951.54 
4193.98 1991.92 1483.28 3851.46 4829.87 
2699.88 4347.04 2521.85 7458.6 8708.29 
2685.51 2237.59 1165.94 4672.58 4519.82 
4071.81 1053.64 8737.58 340.055 449.827 
5620.26 8720.19 2701.98 8221.74 7928.69 
3804.13 8024.02 4133 885.134 6839.72 
8084.55 5079.12 8831.64 9567.83 8930.58 
3661.49 2267.7 3277.59 6183.35 9726.3 
1985.87 8868.85 1963.87 3151.8 3541.42 
6483.69 7223.61 4595.06 5221.26 7563.67 
5044.89 841.501 6283.84 7746.87 9063.24 
4212.51 1550.98 7087.25 8345.52 2436.12 
3926.95 6430.05 7515.23 2758.57 5997.86 
6445.79 6420.06 8265.56 9723.39 2603.39 
7991.85 1709.23 1472.23 9955.72 4861.04 
5013.65 6439.4 2084.63 9608.71 1660.63 
9648.3 4653.57 2502.14 5932.12 2400.42 
1565.36 144.616 3951.4 8652.61 8490.13 
6387.52 2579.53 4920.17 3902.74 5338.1 
918.014 348.511 1758.15 9183.58 71.8791 
4361.54 7175.41 1781.11 5833.77 7131.11 
6642.15 847.396 3570.49 8726.78 456.084 
5231.13 8375.06 5109.66 7733.26 4307.16 
7510.08 9298.62 4451.78 1461.47 7951.21 
2941.9 7848.99 530.727 7862.06 1751.71 
5868.83 8780.08 2100.22 7626.98 7963.64 
2172.1 1988.5 5139.03 3953.21 7822.27 
2270.12 595.344 8669.67 5840.61 9322.12 
9125.75 1071.72 7697.17 4235.39 8804.98 
2004.32 1745.45 8103.59 6456.1 3206.92 
6054.78 9397.99 1055.9 6585.51 7260.04 
2807.61 2454.32 6040.1 4907.83 81.2813 
4003.72 7079.92 2069.78 9142.75 1033.12 
9892.05 1412.85 1628.46 8561.7 7253.47 
950.57 7687.43 8325.19 8647.74 1922.81 
7130.15 652.037 3668.26 5233.72 7108.13 
6875.18 1288.48 6506.11 7931.08 7873.99 
3766.13 738.671 328.291 9806.23 5646.5 
409.572 3809.94 2726.41 2479.36 2952.67 
3759.52 2371.39 4365.52 5387.99 933.074 
1618.97 6338.56 8620.51 9944.16 4986.28 
543.294 7074.29 5638.32 4211.55 2308 
2746.43 1086.72 3596.48 9252.54 9017.8 
1470.45 3018.66 9756.47 1798.74 2824.87 
5402.95 2208.32 6634.81 8129.36 4687.67 
9587.47 1888.87 7059.06 3952.98 7276.86 
7992.14 5571.95 3615.4 6612.63 5516.09 
8601.68 7155.92 2590.36 4239.98 1367.46 
4898.36 6986.41 2454.18 8494.85 6238.93 
1471.97 9965.3 9257.59 1228.42 1764.03 
2082.44 6631.38 3972.34 8717.25 4760.72 
8660.02 8304.7 6649.59 5719.06 2257.66 
3926.43 3711.19 7829.61 7541.82 323.796 
3345.68 6143.48 7479.72 5936.04 383.444 
8847.18 834.392 7369.85 1301.34 9329.24 
3608.77 2773.31 9294.52 2866.34 4001.73 
1058.53 4948.78 633.092 5030.87 3666.01 
5393.81 3690.88 1970.7 2043.38 9409.94 
4228.36 5969.81 3121.11 2057.95 3511.61 
3444.9 5403.63 9655.1 924.605 1339.66 
38.5241 9771.78 2174.05 7408.38 1073.11 
1503.27 1017.13 3846.41 797.771 3883.47 
7848.14 1856.3 8832.25 8481.24 6887.18 
2498.25 3875.03 578.033 4468.94 5918.41 
9987.97 8697.3 1888.2 3109.06 755.232 
5399.82 6553.97 6158.86 5054.9 7478.57 
7498.52 5093.42 7250.34 9672.56 2501.78 
8323.44 1175.82 3518.91 2169.84 1973.59 
7402.38 17.9639 3829.89 6234.62 8499.2 
717.047 8732.86 2374.21 1295.08 3201.79 
8292.63 1283.04 1899.07 180.812 4392.1 
2654.3 5580.63 946.048 8813.16 635.511 
8424.62 6311.66 5728.93 5674.94 5984.21 
8230.71 3998.36 7160.03 1749.61 6168.2 
9133.62 9151.99 6186.16 2963.49 5386.59 
4685.35 3680.53 4119.44 7059.56 4975.61 
7321.23 5352.17 6258.65 9220.3 5532.98 
650.731 1874.59 1113.59 1596.78 687.734 
1749.1 21.3798 6999.4 7478.04 5696.32 
2983.59 5708.73 9694.68 143.603 7458.34 
5862.86 9277.22 6610.32 2049.01 2240.69 
1996.9 6734.35 5921.22 6116.34 3793.9 
896.819 3437.55 9146.06 7155.47 2657.83 
4679.03 7806.2 4532.42 5792.62 9402.98 
5220.15 7541.72 9424.36 2219.53 5019.74 
5120.66 5203.12 728.461 4815.32 5346.73 
8186.81 678.165 4623.93 4797.11 2727.17 
6864.62 6794.01 9461.53 2785.82 2910.32 
3255.4 3682.64 6347.87 2401.45 838.093 
9005.7 7080.48 8644.29 3538.1 2873.08 
8047.25 8758.25 414.783 7471.59 977.767 
5434.53 2592.23 6180.89 6162.99 7407.55 
1527.6 4349.78 8085.72 6151.53 9146.88 
812.875 3016.13 5940.87 274.384 5801.95 
8851.2 3529.79 9484.59 5199.05 5931.24 
322.665 4204.73 3011.7 8966.96 7742.84 
5884.77 7014.19 6501.07 6299.56 4485.77 
7478.84 1734.07 7078 3659.71 7897.05 
4485.54 5187.31 2246.81 2571.24 1338.82 
1393.68 3384.12 4354.95 7334.55 3658.5 
156.879 6185.73 7188.29 9641.47 1384.76 
3119.51 9964.13 5589.5 6131.2 8931.07 
3332.32 2015.96 5945.25 9833.39 8315.52 
431.002 7312.21 49.5657 7509.01 971.906 
7946.62 1994.53 6159.22 193.412 4565.77 
7498.04 1587.09 7949.89 1852.97 8921.64 
1608.37 2009.85 5107.35 8796.66 1651.3 
6492.11 1916.16 1615.42 2081.59 8047.36 
546.473 5413.91 63.3031 6491.72 5247.28 
8378.82 6922.72 2559.48 8428.39 4431.71 
3531.38 6374.99 6426.24 9690.6 6568.4 
991.998 7188.62 8155.49 8941.89 9041.59 
7077.11 550.245 1051.42 2184.45 9346.91 
2702.72 8676.56 1263.05 4318.14 758.136 
9310.41 4864.61 6172.05 9373.71 1356.32 
1419.31 7752.51 8279.04 3978.79 6180.88 
2710.74 7510.17 2555.85 9136.98 7200.75 
9124.25 128.961 4389.35 7279.72 9070.85 
3430.92 4356.82 9621.09 4482.35 6541.26 
8967.99 7185.07 5217.8 231.016 1503.19 
5975.94 9541.42 6367.8 2147.97 8915.11 
7724.12 3567.28 6667.61 6003.14 7546.07 
2848.47 8713.88 5056.22 5404.33 7850.84 
2256.95 4528.56 7979.8 6646.3 1808.26 
7050.64 77.2119 6165.08 6671.71 4559.56 
2706.33 5639.68 1744.61 7924.13 5870.7 
3247.8 3900.05 5412.1 9615.6 6048.02 
4327.2 7339.7 9615.31 994.791 3342.82 
7161.36 3843.27 2056.68 2217.56 9247.59 
9907.52 4474.51 3776.13 7887.31 1120.8 
5584.4 4937.92 1198.01 1749.46 1609.62 
5757.57 4455.79 7249.3 7502.18 2379.9 
3119.98 749.958 6279.95 8532.08 365.538 
2327.96 2859.27 7705.23 1943.25 3854.06 
1048.04 9104.61 7697.32 3104.72 1322.15 
6944.9 3012.22 5796.66 721.011 899.509 
6917.46 6305.41 5837.43 8115.46 8054.87 
7447.05 3873.01 2510.64 4696.34 1375.17 
4890.53 7816.32 2125.13 1170.47 6348.39 
2490.67 3498.43 9207.66 195.887 5441.68 
3061.7 1243.92 4546.27 759.004 4348.64 
5868.42 7703.9 7360.86 1665.06 8424.91 
8260.37 8582.52 4730.3 4097.78 6697.96 
2785.15 1544.82 570.962 5295.79 6241.16 
1946.14 186.305 4057.47 4071.27 1356.78 
405.839 6561.94 4855.21 9613.5 6757.82 
296.874 2675.18 8001.75 4843.15 3434.18 
2350.37 711.549 1138.06 9711.23 2376.61 
9562.98 7971.58 959.11 4293.26 2069.34 
7657.07 7078.41 3614.17 8228.04 2374.18 
9855.33 174.156 2560.49 3912.78 4245.42 
3917.26 4318.62 807.344 8772.47 3932.1 
7565.17 9069.35 6607.27 5566.9 3912.48 
41.4363 7917.27 4624.02 1179.5 7628.48 
7000.64 742.459 5600.04 7959.75 5035.72 
7669.38 5616.8 2114.12 1283.53 3844.82 
4488.3 1138.84 4018.98 7048.79 5051.62 
8264.4 966.033 9370.24 9071.75 9738.51 
3302.32 6636.9 8807.84 9909.59 2203.78 
2720.29 9951.03 121.029 7344.32 1130.51 
7749.51 4344.94 1872.97 3349.53 2304.67 
6908.69 1018.89 7921.47 9022.8 2302.43 
1766.27 3511.09 3441.27 5785.25 559.856 
8492.89 4049.64 1525.89 7863.11 3121.36 
1264.38 1165.41 9758.26 72.1976 1074.99 
1962.02 2792.49 1025.99 2083.05 136.794 
2156.5 9832.56 4481.73 4029.47 3182.07 
6786.4 938.146 4200.96 4707.85 9960.95 
6503.39 6474.12 3472.02 9944.66 2259.35 
4031.88 8437.53 6308.99 5557.77 6300.63 
9430.35 6822.15 7466.04 9188.6 6894.34 
8541.03 1150.61 9686.83 9567.02 3233.66 
9823.63 1723.51 3066.2 4305.34 5752.98 
6248.27 1091.72 6691.13 449.218 5799.57 
6652.06 6952.61 2273.67 124.065 6897.25 
4533.03 4155.94 5334.76 842.002 9713.71 
1635.37 272.339 6535.84 9101.41 9460.94 
3430.16 7642.42 611.529 3116.98 7209.42 
3845.19 2940.59 8932.93 6911.39 7245.94 
4685.9 3159.65 8337.66 1377.01 3608.86 
4137.22 8029.07 561.454 6410.89 8153.13 
7458.7 943.901 2309.06 2793.44 1785.9 
2022.75 4428.81 2058.24 8558.59 3530.21 
1519.16 1988.73 1172.61 2130.69 5105.72 
8382.03 5975.88 8046.31 7314.95 2887.26 
5292.23 2000.82 6046.91 3629.88 3377.83 
9655.77 7767.09 1406.88 217.206 4177.97 
9560.01 7675.91 5121.87 1869.06 469.333 
6907.77 3891.81 4898.15 8966.01 2450.38 
8428.35 485.158 4439.11 9600.96 2615.85 
9544.83 7982.98 8591.73 7591.12 5297.91 
1478.97 2883.34 7298.73 7525.88 6513.22 
676.546 7181.63 4280.3 2083.43 7398.84 
8458.26 1643.43 5074.73 3580.11 3512.48 
5544.06 487.865 7404.29 442.19 9453.88 
9854.66 8870.54 9939.03 4293.76 8471.49 
2554.87 3838.57 6454.45 1146.58 1429.68 
1752.34 2625.56 4313.02 9051.07 151.419 
826.223 9727.62 7333.05 5106.52 1811.03 
4731.87 3564.77 3454.46 9806.6 7144.88 
6966.94 5350.64 7632.74 4371.21 5792.83 
7086.6 4225.85 4663.36 7025.62 8519.61 
3134.83 9580.48 2358.16 9589.28 727.05 
3787.84 1341.61 3352.61 8100.86 392.666 
3504.03 8927.08 120.27 837.059 4033.59 
1931.3 5568.93 7598.36 5385.76 5375.51 
4743.22 2352.68 726.138 2375.95 6723.88 
6518.97 9462.55 949.721 1182.31 6488.15 
9469.33 4317.14 6068.62 1827.48 3906.41 
6795.67 5615.32 5248.02 148.255 3716.17 
5640.68 3652.28 2643.24 5760.95 4489.34 
6676.82 7692.25 58.2535 4275.16 3078 
5433.77 9018.38 5430.67 6159.9 1394.31 
2154.54 2678.86 856.84 3104.26 3861.17 
7344.99 2573.58 8178.31 3413.59 4401.06 
2084.7 209.234 16.36 7332.72 357.49 
3732.53 2973.39 4009.77 6375.76 8734.34 
8499.11 3052.57 6426.58 8557.36 7327.73 
9504.57 3991.11 6346.1 4935.23 151 
7740.41 7089.77 2829.86 8597.25 194.014 
6691.02 5942.22 2767.59 4869.32 9355.8 
7168.65 6954.02 9565.04 7185.01 4286.72 
9922.53 917.516 7260.11 3932.28 7293.28 
5994.43 2431.37 345.83 2420.99 988.719 
7673.56 1925.54 4979.83 4019.64 6860.77 
5130.83 1760.03 3950.53 7960.69 357.256 
4144.54 4651.7 6299.47 6912.13 9521.01 
5655.26 4080.76 6475.01 5220.28 1265.75 
761.718 5142.79 2183.26 8021.82 9075.06 
9476.54 4016.24 1506.42 9822.37 6437.23 
2495.14 7495.92 8362.77 7474.97 1515.54 
5223.53 2605.78 3275.57 9174.05 566.456 
3632.82 3318.57 5218.15 9932.29 230.688 
4739.15 5587.53 4311.45 1214.14 807.793 
5577.2 1975.86 5950.58 7760.46 9997.69 
5025.63 7236.98 4013.91 6532.04 7059.34 
451.115 9027.18 4555.24 8813.88 6502.14 
6070.77 4037.39 9107.92 9346.34 3211.43 
9674.38 2979.15 6530 4892.51 2911.42 
6760.69 9631.66 8498.96 1072.12 845.787 
9306.75 6649.32 2821.65 5257.31 4409.76 
2819.32 282.919 1646.72 6833.23 6814.96 
8706.06 7284.34 5842.13 3261.28 6098.21 
2344.25 9332.05 135.585 1452.15 8678.38 
3347.01 1126.51 1657.5 9877.02 6019.03 
4568.93 6637.69 5650.67 3067.87 7709.81 
6496.46 2374.6 4359.11 9318.1 7631.91 
8768.87 2137.41 7914.83 415.572 8970.63 
4729.77 9121.63 6254.96 571.885 2382.9 
2353.15 2916.13 1714.93 2488.73 4368.29 
393.292 5835.74 5494.8 2050.8 5712.74 
1513.81 6619.72 2350.42 7164.48 9687.59 
60.2078 3660.92 2062.17 4419.32 2979.01 
9694.08 3188.16 5116.41 7608.88 3603.74 
4087.03 2338.64 2725.35 341.966 2910.53 
5108.25 2695.11 5826.66 6823.18 5183.84 
194.932 7216.47 1019.57 5689.73 9267.27 
6732.31 7203.55 5886.97 9082.73 4368.01 
5574.55 9142.94 8028.93 7636.71 3562.24 
1007.92 7330.77 6750.4 6124.33 4939.64 
354.12 211.343 7278.28 3079.47 553.309 
188.792 8187.72 3248.42 6015.45 5010.89 
8432.27 6210.39 2227.34 9451.84 1900.1 
1494.59 6184.14 9103.65 7381.57 5266.85 
3471.64 2956.1 4409.77 1500.56 592.795 
7972.01 2508.48 7923.57 4722.39 8632.81 
2863.19 5076.51 8844.15 141.459 8155.98 
9397.46 330.251 6343.69 2645.86 6345.7 
1354.56 1078.11 2556.07 3581.9 529.933 
4456.18 5076.49 6714.07 3559.81 2458.04 
1980.9 7031.45 5414.14 6390.67 8532.01 
6006.94 4362.66 1040.47 3930.49 9085.05 
9673.28 6793.68 4161.54 8517.41 6935.14 
2317.51 7914.85 7265.39 8661.2 560.699 
3611.08 15.7347 1638.81 6167.15 3597.63 
2168.75 623.309 8674.12 8882.81 4183.12 
1132.15 863.698 1214.55 6546.29 7254.37 
9746.56 2553.21 1617.01 787.014 6483.7 
702.043 460.273 3277.37 4863.59 8977.68 
212.49 7181.09 6892.52 7477.88 5842.27 
7453.22 1088.94 5858.01 9092.03 7256.09 
9455.64 1260.76 7879.4 8129.75 143.555 
2062.5 9261.9 1007.25 3277.06 5808.17 
8261.62 3023.6 8361.38 9878.63 3810.62 
4845.07 580.656 4270.89 8122.43 5444.24 
3248.55 8334.92 2625.32 141.055 5812.79 
8467.59 7594.27 6901.73 4325.58 6686.28 
4157.81 3781.21 7947.04 2037.2 1910.94 
8090.6 4099.7 1172.82 9097.85 7376.76 
6980.99 7359.45 400.342 5342.36 7238.06 
4210.96 187.406 7818.72 8481.85 8309.84 
3262.94 1730.38 6644.74 5888.26 1871.44 
2457.51 4355.84 9465.71 9359.25 8681.42 
6151.98 3517.04 2462.62 4099 5554.24 
4373.55 2189.58 9653.94 5546.37 1287.41 
7030.68 2527.35 8646.86 7431.02 7869.7 
5884.91 1641.96 8057.11 3703.61 123.788 
6366.93 6966.55 1854.17 3011.66 2854.8 
3725.61 5469.17 7210.64 3191.3 4828.4 
5892.05 9343.28 8345.44 8354.66 3442.26 
3899.66 2728.2 5631.84 3553.58 8274.57 
6919.25 584.241 801.903 5566.09 8015.26 
8671.61 1450.98 9657.22 6728.7 5154.59 
9781.01 3095.61 2121.13 1635.16 6107.27 
4975.93 5360.77 1576.42 2186.55 8552.07 
6404.82 8078.59 7895.33 4750.25 6433.24 
1337.58 8649.91 9161.44 6969.42 2203.47 
7435.99 3888.65 2787.71 8237.9 9454.74 
802.954 6909.48 905.71 460.156 3638.16 
6060.3 241.146 6733.77 8181.43 1876.31 
2841.02 3157.34 7237.08 4417.44 5343.89 
5789.13 822.245 3422.46 3684.45 5572.49 
9855.7 5022.02 4222.38 9017.12 1991.42 
6425.85 6453.1 5880.07 9213.56 4690.97 
5334.8 16.5001 1600.44 6240.51 476.656 
5238.6 2300.8 717.802 1972.36 482.209 
2594.11 4813.38 3639.55 9831.19 9230.83 
8983.44 5620.3 53.0549 2405.88 9304.75 
5625.55 2261.57 4326.75 9847.93 1278.67 
6318.17 6273.76 7731.77 2198.23 5487.3 
2422.72 7533.03 5503.8 4023.16 3773.52 
5980.46 9261.77 6074.32 6698.26 1234.11 
6556.53 9292.37 6047.5 196.059 9123.54 
5278.31 9179.5 4743.82 5331.36 1585.36 
4048.55 956.89 3846.93 8375.3 804.798 
5125.6 4693.46 7078.56 2857.34 6891.69 
2565.84 5280.07 4424.7 8069.65 9303.23 
8198.23 4050.09 8564.98 4272.53 748.339 
9799.09 829.039 40.6939 5846.57 1025.1 
9164.23 1124.86 204.576 3908.04 6456.22 
1789.94 7956.59 7413.11 5636.86 6331.87 
8217.91 762.443 1025.32 5296.45 3619.79 
7917.01 7862.3 8899.85 2341.7 5931.93 
8203.07 539.906 9982.02 6768.03 4812.43 
730.345 6567.1 5641.47 771.039 2413.66 
6666.57 9935.27 3538.52 6871.15 3843.29 
9994.75 8661.08 1799.87 7407.84 4297.93 
8131.74 5625.74 5060.38 9157.06 922.17 
8680.16 7074.05 8784.47 7580 9415.75 
4716.38 5783.05 9955.65 4698.38 2551.06 
4768.07 5428.73 9118.17 409.528 6199.77 
1531.81 7076.1 6135.02 5070.33 3947.23 
9978.32 5065.06 2608.3 1778.17 2472.88 
6906.23 9909.91 8098.62 1966.59 9066.95 
9020.79 646.736 6140.98 7805.24 8226.74 
5556.71 2521.6 4009.77 5512.35 7219.98 
6560.83 280.404 2648.69 5678.98 689.932 
8848.46 7210.79 7766.03 4983.47 2281.1 
1713.24 4961.77 7346.16 4321.54 6739.93 
9819.05 1227.76 6649.82 7917.65 3194.35 
5716.75 6938.42 3841.08 1857.72 4743.64 
2067.8 7414.43 7265.24 6077.57 2926.76 
4485.21 2638.39 3207.17 7133.9 8317.37 
3897.1 5982.35 5528.14 1663.11 965.8 
7809.24 3376.36 5927.57 5155.39 7697.9 
2667.48 4974.42 8925.66 9317.3 2892.05 
2119.98 5034.04 9830.48 5961.07 6891.75 
4574.11 8028.87 4306.17 1839.33 4106.42 
7232.93 6324.54 6744.81 440.079 3458.43 
5062.16 4337.18 9440.78 590.283 6000.29 
406.565 8399.53 9376.65 6334.13 3554.9 
7074.53 9001.61 8529.32 6000.17 8318.9 
1421.36 8120.15 3352.92 1251.82 4081.2 
244.657 5825.93 2110.05 4550.82 7665.26 
6216.47 1783.74 3989.79 2961.27 2223.81 
7448.22 8023.43 6560.99 6888.98 8613.71 
2561.27 7295.55 7013.22 1937.9 3629.66 
568.103 9012.43 2631.26 9097.43 5012.58 
950.14 518.769 3132.71 4303.06 1770.59 
7213.91 4547.72 7596.52 9323.96 9098.54 
5261.76 5540.42 882.259 9251.55 8501.68 
3106.07 6699.75 6525.09 9667.07 3588.71 
5138.78 2228.32 884.24 2151.99 4166.21 
4513.9 2720.09 3178.62 7145.16 1817.5 
8191.2 8095.3 2336.27 1323.89 2398.34 
4106.86 8537.8 6946.06 1703.36 7861.74 
6044.58 6965.12 3402.14 6926.84 6216.65 
1903.81 32.8958 2916.38 8428.9 9699.96 
6505.09 3567.67 1928.26 7389.33 5719.66 
6094.47 1903.21 8439.75 9273.09 9048.37 
257.227 7464.27 7143.65 2593.49 8788.16 
9541.99 6700.35 7325.94 6488.03 8403.71 
5187.67 2532.6 5368.81 8589.81 9459.44 
1585.44 493.604 9492.33 4501.82 8922.5 
9192.28 1006.89 2490.16 1120.52 8396.22 
8209.81 7214.99 299.41 6649.54 6488.07 
9347.78 6906.77 3952.32 6491.41 9500.26 
2740.47 6033.39 6200.6 66.3962 2521.4 
4604.29 5254.07 5054 9973.1 3843.86 
4513.42 1558.53 4337.46 4005.73 6060.35 
3259.95 3197.99 7067.24 5750.11 4318.51 
5463.44 3959.9 1533.48 5762.85 609.427 
8021.55 5110.61 7516.19 1973.86 1602.01 
7016.44 4714.33 7635.4 3217.02 4780.73 
156.78 7821.31 34.7741 5210.78 7794.4 
3878.64 9724.19 9352.93 8216.1 3729.91 
5413.26 1476.04 6927.9 2480.49 7226.15 
1246.39 7943.93 1186.03 2779.87 3706.77 
1795.46 801.408 8817.38 9311.65 2775.27 
419.375 6328.07 7489.6 8054.77 9545.09 
2270.31 8211.55 7366.38 2305.08 3422.31 
5160.76 6183.71 3146.49 4513.67 4399.8 
6876.39 9926.93 5875.83 3804.27 2407.41 
3101.96 5050.66 351.321 4288 7830.53 
4058.09 6083.46 8631.94 2875.46 5395.09 
1407.19 3294.83 1723.15 8896.79 1349.58 
1268.22 1167.08 9561.13 8634.6 3472.15 
2983.42 3795.34 9655.87 6129.91 8309.01 
4055.65 3006.28 8235.92 9931.48 6810.56 
643.311 3033.43 1861.2 994.632 7321.43 
9691.73 5052.72 3404.87 8323.65 7928.18 
8799.96 9730.84 1222.99 523.088 8627.61 
2572.57 1791.31 9794.68 2133.69 425.886 
3266.82 5117.11 4221.22 2922.67 1247 
2530.21 6978.32 4253.29 766.118 6909.79 
1063.83 1409.43 9943.22 2925.02 2404.06 
7264.63 2616.73 7456.78 669.482 940.365 
5384.94 9469.44 671.187 6607.93 9992.53 
9298.8 9180.51 1783.82 9093.46 1314.18 
2209.7 2360.27 6431.29 6430.93 5282.94 
7678.29 8961.14 2261.25 1931.56 9727.26 
9171.04 2995.39 1136.67 9114.25 5920.41 
3540.73 6378.86 8537.15 997.496 7048.34 
9477.51 6382.44 6517.77 148.682 2990.35 
6510.28 9447.48 2170.84 8294.1 8540.92 
3485.02 503.782 901.175 9916.31 6934.71 
6184.12 7594.58 5895.83 8445.37 9526.15 
5623.07 7616.39 2521.52 6759.74 6730.62 
8441.93 300.458 3109.47 6979.06 1297.95 
157.795 6456.56 7680.39 6675.56 6605.24 
670.728 3185.82 6052.7 2841.57 1479.9 
4593.61 6326.59 1983.68 5494.78 6242.88 
8918.39 1678.88 3837.44 4814.21 124.231 
3363.57 437.266 7740.62 5885.09 7197.01 
4471.23 4327.01 7497.47 7580.69 1306.05 
8795.42 7738.49 7762.61 6475.8 4414.03 
4367.83 7146.52 7599.86 420.518 9988.09 
9079.76 5014.12 6314.67 1063.43 508.889 
2557.53 9981.82 2187.77 6394.97 4796.02 
2312 9758.54 5233.28 52.6073 5643.61 
2430.27 4523.83 9970.62 9927.74 2104.51 
1276.66 8723.15 9843 9039.27 5198.92 
4257.02 3407.08 2345.43 1856.86 3827.6 
2333.51 936.603 8841.73 8648.17 2000.03 
9350.62 1205.68 1981.84 1538.37 7600.65 
6777.85 3850.37 7359.18 2011.12 3902.98 
3002.77 4441.39 8426.81 2973.37 4369.12 
531.308 4250.03 3092.24 374.293 3289.28 
8291.17 4631.31 6696.36 636.583 6488.17 
523.947 2970.09 7424.77 9365.67 1618.25 
9424.81 8716.27 2823.93 1406.63 254.626 
424.571 8184.48 4105 7783.75 195.58 
8007.97 786.5 4636.97 6434.77 3759.87 
9006.09 6966.08 8009.9 2098.31 7340.37 
1299.16 389.465 1971.67 7995.52 1026.05 
8459.84 8519.47 3996.14 5884.59 7885.13 
5614.39 5309.38 6601.38 8438.32 6716.01 
6856.01 8862.89 4900.47 960.99 6646.62 
5096.05 8968.96 7433.12 9733.03 5403.72 
1192.98 8739.09 2369.78 9202.88 837.391 
9710.15 502.022 1226.86 1681.8 8497.54 
2252.9 141.617 7017 6249.04 6026.21 
4902.11 1863.41 1335.58 1503.47 301.718 
8051.59 8359.49 9164.61 2952.05 9320.47 
5811.22 8048.1 8289.42 3244.32 7781.11 
3693.12 4437.3 6520.19 6062.9 3640.16 
7357.58 5773.03 4142.19 8584.43 7454.83 
2639.71 837.318 7596.45 9656.71 7086.36 
3622.64 4558.8 8949.77 4958.22 6062.28 
9251.49 3009.79 4421.74 8416.08 5961.84 
3742.2 4227.28 4009.92 2031.61 7471.61 
1791.01 5724.73 1908.89 8311.2 1787.61 
5549.05 5668.76 7560.64 9691.24 4253.17 
5015.46 2330.94 5090.49 2611.89 1987.63 
2176.83 6234.53 6546.43 1126.59 1192.73 
2608.69 378.059 4202.52 7030.44 8794.14 
164.34 772.62 3021.41 4174.26 2804.23 
492.999 5965.27 8528.96 2401.89 4276.46 
316.551 7950.94 9945.21 7877.19 7642.17 
4198.37 2892.63 9973.1 9288.86 5504.52 
1960.72 1465.68 1739.03 8507.15 2592.27 
2931.76 1115.82 2970.32 7134.28 8146.26 
1764.45 7298.62 8918.88 4785.86 1472.86 
1723.09 5278.86 7438.14 252.025 7680.75 
1714.58 568.575 5631.68 1659.77 8445.77 
3273.83 5858.14 1338.39 3246.91 5146.99 
6842.9 5207.63 6612.67 8581.93 3714.76 
9204.93 1513.67 4830.58 2175.24 8647.95 
2976.82 3939.69 5946.55 1895.68 8725.55 
7419.41 3618.76 4004.4 4857.53 3870.79 
1685.13 6572.1 4439.36 7316.81 8231.88 
2885.11 590.617 4090.01 4223.5 3837.53 
9237 1066.39 9045.16 5849.65 9648.32 
2759.9 5054.56 1161.97 7590.48 7229.81 
9809.92 567.282 1169.48 5756.46 2462.96 
9895.04 3175.85 6081.72 3899.42 8033.38 
9952.51 5584.54 4605.47 4391.85 2901.33 
2837.33 7276.97 3491.95 6927.33 1500.45 
7329.48 6164.31 2566.84 6374.62 2013.94 
2215.14 9134.53 7068.5 3377.11 6724.99 
4298.29 3187.02 7292.27 5467.78 8943.48 
9755.23 5362.79 2119.31 5836.94 9262.21 
152.67 5789.43 4846.74 4758.14 181.262 
7748.07 7595.46 7458.23 1240.01 4522.78 
8958.68 8569.49 687.073 1525.5 4944.1 
2701.01 3740.64 4078.61 9769.52 7117.75 
803.582 4067.8 304.754 8095.86 9535.57 
9248.23 7851.07 4898.35 1367.52 3687.99 
4160.54 1520.19 9477.42 9007.28 6278.33 
9658.68 6755.34 3873.78 7116.89 7995.34 
8396.56 6075.55 6564.81 9083.63 7601.05 
1508.89 1784.63 1341.67 5587.5 1554.13 
8459.42 6391.08 5621.92 8764.17 4486.92 
5157.48 8012.39 2337.98 55.8098 9379.91 
6025.97 4216.35 900.085 5503.37 3223.62 
7178.41 5162.03 9978.95 1052.17 2278.9 
7974.28 9448.73 8354.45 4539.07 8532.34 
5955.49 6047.97 316.949 7297.15 1635.45 
1871.08 5756.55 8026.53 7493 4520.71 
2513.43 2650.46 2533.08 4851.41 2706.27 
1912.97 877.358 6922.62 2813.06 6380.72 
146.22 9991.47 1542.74 125.155 1043.63 
3821.64 8099.43 492.342 2176.08 2638.49 
9024.68 8131.56 8686.46 9341.63 5428.7 
321.888 1212.69 1185.24 8348.42 8705.69 
5705.95 861.835 1356.13 8239.03 5713.24 
4062.4 151.98 6590.6 985.002 2965.04 
2971.31 1131.22 2956.49 4514.05 1256.38 
4000.12 8335.69 9355.81 4492.46 511.746 
1994.28 3517.13 8643.31 680.721 2858.74 
4071.99 1002.61 4071.44 5257.23 9351.03 
2777.11 963.154 212.846 4133.24 9202.18 
5926.09 8195.64 9354.16 2516.68 9180.64 
2319.18 5487.98 311.843 5275.67 2.01469 
1568.22 9275.79 8337.7 924.013 3768.23 
8849.45 2918.3 7285.36 7492.74 3599.02 
144.09 1564.71 4601.62 4215.52 6821.94 
3952.64 6992.63 7785.09 4165.48 1125.85 
6987.25 91.5539 9321.49 6341.39 2608.23 
8502.11 8660.57 8096.21 8813.95 3936.22 
8098.23 382.158 3211.99 6435.91 1306.17 
6980.23 5285.34 4224.47 4265.57 2778.06 
7823.48 4409.66 4342.77 2425.09 8625.19 
1164.69 6377.73 5617.8 8949.78 543.19 
6743.66 5937.01 634.744 6065.13 2278.39 
3242.97 4567.22 938.937 1339.17 3381.16 
4875.16 9437.4 3763.32 8087.15 5873.29 
5069.49 5067.36 1158.62 9293.96 9332.93 
3936.68 7117.42 3742.58 8279.46 9542.51 
2367.75 9444.15 5920.22 7985.55 8393.91 
6463.41 4729.19 4330.9 7098.16 794.302 
6609.29 341.111 5361.52 7548.22 1680.28 
8742.68 2423.37 1117.66 2505.98 510.499 
6990.96 7575.47 5577.86 8149.58 6869.41 
4910.78 2086.24 3986.81 8653.36 365.682 
3529.31 1021.09 9809.83 9449.53 9006.64 
8203.72 5912.92 3735.82 2534.6 3011.06 
4530.12 9143.89 3352.17 9891.64 6692.1 
5032.46 8634.31 9115.46 6150.12 1140.27 
9625.96 3141.06 8715.74 5203.81 1290.62 
5585.14 114.568 3376.86 9571.95 8767.93 
3742.55 3101.24 9789.01 3552.36 2550.76 
8795.64 1756.06 8463.68 2531.44 4290.66 
1474.73 7061.56 3434.54 4826.9 6953.18 
126.622 9859.36 5587.47 9242.09 6009.46 
6727.74 8868.03 9150.52 5443.47 4071.83 
441.12 1028.59 4186.39 3817.98 600.521 
2954.3 7560.53 3701.76 2743.3 1112.87 
6252.52 1538.92 2868.93 4716.18 4070.36 
7159.59 6190.91 1131.9 594.117 1017.79 
8085.08 720.738 877.13 3672.53 9962.83 
6886.59 400.254 8830.84 6037.09 5843.72 
2902.65 6478.21 6872.31 7089.04 296.172 
7472.83 43.3291 7856.7 1174.58 2786.63 
8969.57 7427.1 4325.55 1838.49 2143.27 
8395.92 8998.08 8334.17 9527.82 9592.2 
9351.97 7612.88 312.919 229.079 1285.39 
275.727 7115.67 1685.65 9106.57 3152.73 
7529.37 2009.2 9630.94 4401.66 9098.25 
9927.11 1874.47 9141.58 7783.8 3049.05 
1928.19 6753.35 476.135 6253.74 8591.84 
2619.4 4649.64 7589.9 953.557 4177.44 
7182.08 305.507 1790.3 7495 534.586 
3075.69 7770.73 7650.25 4761.34 6877.28 
802.97 2290.69 8886.49 433.893 6692.35 
7984.72 360.989 8566.82 7126.28 8144.79 
1615.86 9054.47 4898.12 2092 5308.19 
3489.95 4711.4 9957.83 1079.84 5664.95 
4135.25 8261.92 5970.46 5925.55 5756.91 
6505.04 9001.24 3527.62 4155.28 3762.56 
404.889 4958.25 6053.25 9291.38 5392.14 
2745.58 7276.08 5753.13 1312.39 4402.34 
3897.9 2928.25 3456.79 8796.03 5020.25 
8764.98 2285.96 9731.64 8722.79 3365.79 
5396.58 2858.02 1627.7 1367.02 8783.58 
7384.61 7872.06 7784.8 912.211 2027.33 
1547.34 1317.1 6985.58 7600.59 608.459 
2377.7 346.161 7884.54 8130.83 1658.55 
2286.86 2028.72 4586.8 5743.64 824.731 
9607.05 4508.6 3110.69 9338.67 3231.37 
6476.48 4735.23 6089.4 8104.18 6102.25 
4872.96 5488.77 3974.3 2657.74 6400.98 
6001.63 4205.08 7718.08 2987.19 1805.66 
8326.54 5364.89 2151.82 6211.06 3495.71 
3810.37 8497.92 5524.43 8397.18 4241.54 
6349.16 8004.21 8750.14 9459.85 7342.87 
1981.5 5936.32 2078.08 8070.9 4040.48 
8180.34 2943.84 9529.25 2154.62 5601.58 
5930.22 8156.25 9806.66 3648.29 1143.42 
1612.31 1974.81 6508.31 3764.13 8185.87 
4.00475 7574.5 6683.77 5528.43 5971.67 
925.293 1877.58 3975.86 9675.43 1337.41 
1318.71 1656.92 7273.73 3396.79 9727.81 
1314.19 1577.11 2671.64 843.428 3731.73 
8273.21 6773.65 1887.97 8079.86 421.918 
3031.39 9692.17 2396.73 9539.7 3456.28 
582.584 9543.71 1030.77 7266.35 5072.12 
7002.44 8191.65 6949.7 978.277 7867.06 
8287.11 2296.98 9523.98 5560.82 5693.77 
9251.78 6875.01 7270.88 1923.4 7718.43 
1002.6 196.594 4492.07 2890.57 8276.45 
4913.98 5921.95 7968.61 7310.71 5461.64 
1424.87 7893.3 5005.32 2455.64 5159.63 
77.4284 9458.08 3351.26 7027.13 436.337 
1218.31 5314.22 2733.32 742.275 875.015 
8427.1 9994.05 7750.02 5697.96 1917.43 
5468.44 6700.56 2114.03 9960.5 9591.13 
390.463 4874.47 5513.06 8359.07 2185.17 
974.682 9783.94 78.4468 5980.01 2239.56 
5238.08 6057.43 1697.63 8589.35 3084.54 
2133.96 9807.66 8398.76 4867.28 549.915 
9273.77 3294.36 543.95 7023.78 8992.33 
2461.38 2492.2 5692.87 4575.41 2452.69 
5283.98 4965.87 7327.16 797.029 3324.92 
9512.32 1771.71 3108.84 9590.77 7751.72 
5348.41 4828.83 3809.13 7046.04 3418.16 
6893.68 9180 3225.8 5292.42 4047.27 
3775.72 4566.18 7341.63 4319.67 1589.94 
6333.94 6781.05 4082.14 2026.79 1356.44 
6534.82 7310.77 6322.31 3861.96 8107.8 
9647.23 3374.27 9879.51 2756.06 2965.02 
7631.21 8104.47 7793.85 1440.33 5150.49 
1212 8334.01 4330.47 4437.8 3626.41 
8377.74 8213.52 8192.58 5719.35 2533.17 
9782.52 2053.27 9314.22 3864.64 4080.06 
670.64 399.445 1390.82 6992.95 4261.41 
9498.62 6640.17 7635.67 9378.12 9396.22 
600.673 7009.32 7500.68 8394.53 8449.65 
2651.15 9606.52 6783.64 6981.62 4044.31 
410.03 5359.34 2257.81 8602.61 1078.67 
4790.97 8385.12 3131.94 4105.17 2249.74 
7212.01 4775.81 2649.19 8602.83 1768.75 
6910.59 8101.43 8408.91 4546.25 7479.54 
7805.12 5146.92 4488.84 5305.78 3541.43 
2938.47 7956.93 3147.94 9722.11 4938.54 
7192.24 132.123 297.861 9450.05 8734.74 
1376.53 4241.01 7119.84 4508.48 8346.18 
9369.58 1720.47 3121.98 2018.76 323.28 
4890.73 8929.35 8424.71 3299.62 3475.58 
5904.24 1104.73 8622.51 393.062 6410.51 
2163.92 3331.53 4367.43 5311.86 3053.63 
9305.96 2504.08 3185.75 9603.82 1954.12 
1920.47 980.342 6195.13 9040.31 5488.82 
4541.29 8409.88 7209.29 7663.27 428.618 
7532.57 2553.98 9357.97 5957.27 5853.61 
2833.53 1861.49 6958.33 1456.02 2254.55 
3368.83 3619.94 5586.09 7736.26 8931.8 
8639.71 7042.2 1435.87 1825.45 6646.01 
3389.98 3745.92 7626.35 9585.11 2786.21 
3115.15 4126.38 1196.08 324.427 1789.64 
1624.69 7857 4343.62 982.645 3814.25 
197.207 3816.18 5675.74 7155.54 5272.2 
7930.29 524.355 8892.14 3516.36 8260.61 
7823.93 2156.05 5302.79 9259.79 3981.5 
1948.79 2649.76 7727.42 9575.14 2234.85 
513.616 2690.27 6361.23 1709.69 3014.7 
8150.87 3334.39 871.68 2494.47 4317.03 
4685.93 2691.68 8133.21 361.649 9847.22 
3405.39 8291.94 371.56 2297.52 1808.28 
8632.17 121.428 3964.33 3934.95 9381.22 
7945.83 5883.73 2030.96 5673.23 5458.85 
4265.81 6186.85 8149.13 627.032 7896.54 
1163.81 8777.9 1230.91 2035.49 1272.36 
5547.94 6721.42 3964.04 3681.14 7083.06 
3811.24 7086.53 5374.98 4182.8 9384.05 
7183.26 2814.96 9505.48 1147.57 6749.91 
8886.68 9093.4 2633.62 917.625 4766.62 
8092.48 5183.44 953.452 6241.59 5810.47 
8849.99 7405.39 4588.36 80.8868 9440.88 
5860.72 5628.83 6162.28 9824.75 9309.96 
3245.33 3635.98 6396.48 8620.31 7818.78 
5780.51 5803.56 633.724 5285.97 6951.13 
7383.63 4172.64 6044.52 17.236 5090.26 
811.124 8109.71 273.683 1764.58 4351.28 
6084.15 614.552 1756.66 672.494 695.439 
1197.52 6533.21 6324.27 7359.8 6357.95 
5634.22 605.116 9993.93 2030.68 9225.43 
7812.69 7811.19 5028.97 8446.42 3097.14 
1980.09 5830.03 7269.78 8024.61 5847.26 
2360.02 8835.73 3956.96 2633.71 600.294 
8308.24 8717.86 1214.85 64.8829 9390.35 
1910.28 1262.41 5923.55 8234.55 8622.21 
2281.48 3868.75 9227.33 2275.38 5899.43 
8452.74 88.0586 3710.6 3481.7 8534.47 
6807.74 5461.78 4364.48 4077.5 3486.38 
211.731 6437.53 2322.1 4168.69 9071.23 
2922.39 2476.91 7789.07 4137.24 2541.8 
7179.41 6047.52 3804.2 3102.94 4282.06 
2426.4 5384.42 8150.81 1653.71 7659.8 
4050.22 106.43 7747.86 7760.82 3588.12 
6282.32 4568.54 9049.91 646.783 8646.05 
2536.27 858.514 5083.55 4858.36 5027.2 
4154.77 7780.75 7504.12 1943.82 1917.97 
45.8999 9123.24 7965.49 3850.1 2226.16 
2247.53 6276.5 7610.58 398.322 7930.21 
5270.36 4448.54 8036.64 3018.2 2209.34 
1624.75 9300.52 6777.88 674.639 9947.3 
5423.91 3210.91 805.795 507.45 8069.27 
5833 4662.22 5850.01 3337.1 6606.04 
7767.98 3383 5729.26 5733.46 7233.11 
7955.42 7980.99 3509.59 5565.98 8379.31 
1439.78 836.321 2827.84 9476.42 3854.52 
5037.18 1101.15 3155.02 1815.05 1775.79 
3102.3 7238.96 4986.7 3908.1 7746.41 
3055.95 9741.1 2408.61 8905.96 3078.18 
9014.65 6673.93 6461.18 4743.9 2407.37 
3694.27 2699.3 388.347 7203.86 8265.28 
8767.66 8643.64 9101.6 1595.48 8120.04 
2956.11 6632.66 9221.19 6111.13 8447.7 
996.966 9213.43 5686.64 5983.66 3121.51 
3433.04 9039.62 2862.59 5841.65 7945.56 
5940.77 4856.28 4619.48 2401.93 9600.18 
7026.85 6096.2 2299.47 7415.2 3300.05 
564.731 6182.84 1943.67 9666.33 7778.32 
63.6994 2622.42 4410.96 9284.89 8733.55 
2858.64 281.843 7946.96 8545.29 6265.51 
1068.45 1978.3 5305.11 3931.04 7819.95 
3250.65 9871.81 2676.22 7870.13 2273.72 
2276.38 4896.97 8369.92 4575.85 2312.15 
1669.95 5140.58 8494.99 3613.63 4806.89 
6273.29 3677.33 7429.32 684.23 2962.2 
6162.85 3542.87 3244.05 4109.79 2088.14 
9509.55 5178.24 4066.45 4814.64 9109.28 
1886.38 8065.29 8981.07 4562.6 5935.41 
1254.78 6838.98 832.357 9624.7 1414.81 
3144.5 1294.64 6555.39 1639.47 4908.27 
1362.26 7912.76 8585.59 8791.58 8596.99 
1547.78 4954.41 2139.85 4791.82 9064.2 
4227.99 4301.36 4242.43 8294.44 9116 
3351.7 180.801 7181.27 2332.75 4743.4 
3116.67 3587.53 1582.36 3949.02 3212.21 
2997.17 7093.53 4506.85 9552.55 8733 
9415.11 914.801 6645.75 8000.69 9706.38 
5242.72 9548.46 4660.77 7382.57 4340.27 
3724.96 1610.54 8641.63 7967.39 9904.98 
7757.61 1319.07 85.7656 4938.87 3651.82 
4829.16 8055.53 7239.35 6411.52 2004.54 
451.539 9408.69 9098.06 4958.39 8961.23 
7831.04 4373.49 9876.03 4476.77 2374.16 
9582.39 9719.49 1922.61 4243.15 7102.05 
6262.88 7968.11 8712.59 4904.49 5935.49 
8617.56 2662.08 7254.56 8703.32 7600.95 
906.358 3532.47 5656.46 8145.7 9943.99 
7661 8597.24 9352.67 6759.04 3555.61 
8313.88 4590.07 7929.1 8189.89 9066.84 
303.241 7772.27 8786.32 2225.85 2015.4 
5888.35 8488.72 9983.51 4600.92 3393.2 
5918.98 3218.46 6055.27 3173.52 1921.77 
3656.2 4079.88 5454.24 9312.66 2225.56 
5398.22 6973.64 822.788 4750.87 3732.66 
4378.4 3064.73 8322.73 2307.49 1254.61 
7389.55 2610.73 9026.87 6175.85 4836.57 
1042.26 2064.18 3325.28 1025.75 6665.1 
6718.48 6944.73 9883.57 2773.73 118.232 
1805.32 6429.94 4198.11 7259.56 5742.58 
6423.67 2657.76 2716.21 7246.46 7408.63 
6448.87 1624.84 473.346 4771.58 3932.33 
1727.95 2161.11 6543.06 754.81 8336.96 
1379.61 1797.07 401.126 4704.89 2822.82 
7066.23 1423.35 9767.55 6949.78 4197.09 
9885.78 8755.1 627.007 4083.87 6014.64 
6369.59 507.523 8672.41 9085.79 7753.98 
6081.02 5534.65 9378.82 6554.37 306.21 
3311.13 8282.32 2467.32 9854.19 9037.13 
804.27 1233.79 834.181 1205.4 5938.68 
3657 8271.62 7362.03 3424.53 5221.39 
1559.1 3310.3 3976.47 2186.11 7394.17 
9991.11 8555.7 7901.69 8663.5 7641.47 
5655.65 4744.51 3176.1 5034.46 1298.86 
3482.31 8345.6 9581.18 5949.64 8199.77 
8618.29 6753.91 9433.55 9452.47 7959.3 
5372.22 3109.46 6230.91 2734.23 6533.99 
1452.28 4293.33 9844.28 5428.75 6479.44 
7238.43 5419.84 5035.12 5140.11 4083.33 
2676.58 795.746 8827.84 5852.68 5830.21 
126.678 9335 4175.79 9707.86 5284.62 
2375.54 8326.13 2038.51 1809.07 7778.59 
9997.81 7181.29 888.026 6228.7 9915.52 
7422.01 7680.98 4208.84 7266.28 3109.72 
688.264 4504.7 8529.56 5723.39 9644.8 
2612.87 8399.97 440.534 1440.69 4252.64 
6270.74 1567.37 3587.62 446.508 1275.21 
8872.24 2822.04 9601.34 910.726 4631.12 
7379.91 908.52 1812.39 8267.94 7137.22 
1727.89 5689.94 4818.19 5936.73 2956.2 
7927.91 6625 7460.9 6457.45 2348.37 
7105.68 9070.32 748.319 7546.22 510.995 
5000.96 3816.94 2078.36 8588.57 4263.45 
3353.58 7460.79 7085.49 2954.9 8371.52 
1716.59 334.797 9280.04 3528.99 8602.74 
6417.25 5256.88 4292.66 1235.42 1193.59 
7248.86 9163.33 7818.59 4709.74 5620.76 
166.942 1815.4 4691.06 915.261 9361.62 
5202.06 5916.22 3178.55 7280.42 4504.77 
7442 633.981 1965.55 4527.47 3588.88 
337.052 6244.07 3923.68 9617.09 9773.05 
2526.4 6034.32 5029.92 6819.06 7269.74 
6223.51 4067.9 6433.05 4042.08 8777.63 
2053.8 4209.03 593.021 6744.86 5124.29 
9954.64 1946.9 1040.49 3133.17 9227.32 
5545.26 575.152 9861.3 7510.81 5102.62 
3450.17 7847.87 1346.67 7373.85 7464.94 
1119.71 9900.25 3499.24 6149.62 6719.29 
768.969 2373.12 787.17 7202.02 6415.2 
9564.8 9255.82 624.212 157.808 6000.66 
5748.5 112.434 7947.56 6788.99 3245.61 
7174.87 2334.23 3820.76 7036.15 9845.05 
8923.38 486.305 7692.9 270.04 7860.15 
5157.82 1389.75 7760.39 8657.06 7539.38 
4479.66 9426.03 9912.49 5266.83 6628.04 
6327.68 4831.61 5883.84 6951.89 4989.42 
1884.48 2700.37 5101.86 9832.04 9489.36 
8347.46 7006.88 1823.58 2168.21 4043.02 
1668.61 1091.57 4529.33 9361.5 1361.61 
2389.46 4519.31 2751.36 149.832 3176.35 
290.719 4629.49 2602.36 203.195 9896.32 
