700 5
4176.75 684.88 7167.82 5003.83 8896.33 
999.089 5864.27 475.356 727.078 3228.07 
1045.14 5034.05 1187.55 5622.51 5145.97 
9719.65 3112.55 1233.78 932.083 4349.33 
3759.76 7560.55 9170.27 4450.75 8739.47 
2699.72 3336.83 5911.95 4209.87 211.614 
286.652 8386.62 896.494 7454.47 3390.43 
9792.82 8453.56 9254.7 268.164 9180.64 
2482.75 1313.31 4214.68 3670.3 6935.81 
9360.65 3389.94 48.3453 594.41 4322.02 
4397.67 4354.17 1882.55 3567.93 8804.92 
622.006 6267.65 2141.73 6533.95 477.5 
2353.35 6820.61 8864.12 3249.84 4275.06 
2254.53 3042.65 2728.61 1509.21 3310.81 
1909.24 3991.96 4624.12 6123.91 7662.26 
1559.91 5484.55 1052.18 1608.26 6078.96 
5374.2 6005.93 433.114 7256.76 9573.86 
9238.04 7878.76 5841.49 1379.75 4412.7 
6318.99 3733.1 1233.29 5183.09 6982.94 
5508.35 7437.62 25.5677 8236.96 8946.83 
3336.38 146.183 2938.77 7960.5 6270.1 
601.017 9520.41 1754.63 1653.2 1128.65 
7833.58 7027.4 7134.58 8266.7 4284.14 
6708.42 7504.72 2162.89 2549.89 8884.47 
6575.59 8868.88 2617.55 7808.88 4051.95 
9600.49 3317.21 1489.55 9626.05 1554.16 
436.355 2962.42 1700.34 3375.13 922.895 
7970.44 3976.14 443.287 9725.07 5629.34 
1571.94 7558.63 2656.73 8706.52 5825.32 
6940.88 5414.92 3330.02 9103.77 7964.81 
2214.47 5679.34 6833.67 4832.02 3488.2 
885.597 4432.49 6805.41 2375.14 4058.53 
8359.57 2811.5 7020.94 59.8974 6186.62 
7943.84 8030.34 162.751 8387.13 7755.39 
5792.1 9959.07 5314 8448.83 8665.57 
1139.31 5389.69 4080.47 4469.32 4493.44 
2045.26 6683.79 172.759 8878.93 1515.8 
3660.96 9764.52 5948.29 466.354 2139.65 
6.7984 8825.93 4951.15 7027.74 8885.82 
1137.75 4971.57 6916.14 1300.51 3358.68 
4671.51 7092.6 3317.73 9985.52 5541.41 
1983.27 1124.81 931.084 6063.74 5594.13 
5424.52 8109 2277.91 5597.28 6987.91 
3793.7 9258.24 6752.42 9741.99 9724.59 
8892.07 9748.79 8550.5 3843.2 6776.51 
7436.31 4980.95 1748.07 4352.44 6281.46 
5106.74 9023.95 3374.04 8424.47 9009.45 
8915.45 407.727 134.243 9846.54 6471.47 
5728.37 5271.04 4580.46 8006.28 868.305 
1568.35 1799.97 126.528 8320.77 1541.94 
9851.12 7212.82 1290.71 8401.61 1056 
8067.23 5837.9 6036.95 9815.29 190.32 
2318.39 4922.02 9214.27 5692.43 3346.47 
8223.71 4607.87 3754.2 8357.95 4454.39 
225.65 4086.31 9725.43 4806.11 2092.57 
593.717 6374.46 3892.53 720.245 4695.21 
5434.47 571.349 1908.01 6725.18 8972.96 
2964.01 4792.39 4810.84 9000.96 4607.67 
5001.16 1319.33 9529.68 4215.41 7011.76 
2876.14 2439.1 1619.61 6630.33 797.036 
6074 6855.98 4883.34 5799.41 1662.07 
6975.91 6393.13 8036.53 868.427 7113.38 
2731.72 6302.9 7684.73 4639.73 3028.07 
6657.66 7603.74 7820.46 1468.49 6604.68 
2428.11 6469.65 7924.01 1957.77 685.044 
4935.76 4833.91 3124.15 6555.38 1464.22 
3921.18 2629.36 8320.21 8804.52 8428.78 
9982.28 5780.42 4821.89 8018.78 6648.84 
1935.25 750.484 2951.73 9619.97 5390.21 
5979.79 6277.62 2993.93 3800.23 7746.11 
9598.61 6228.34 4215.74 7522.61 8186.12 
4900.78 2458.35 3020.01 8024.93 9013.73 
4484.23 1946.09 1643.07 2804.42 750.598 
71.8323 2786.68 6531.01 4893.72 805.446 
3179.84 6828.97 1555.93 6131.57 6448.92 
6946.14 2111.34 2726.53 9940.07 5911.57 
472.615 9538.67 2139.9 4688.35 7061.26 
325.997 9589.13 9519.61 3346.01 7614.04 
8533.32 7830.24 9560.13 176.38 634.641 
310.713 248.212 3421.32 6841.73 5141.93 
4226.77 21.5503 1970.89 5782.7 6153.12 
8419.81 2728.82 8264.46 1146.32 2668.87 
4176.01 1618.93 2207.52 6315.91 6307.29 
9268.78 6641.91 5896.4 8788.37 9987.92 
3510.42 7321.68 7818.14 3070.54 7498.06 
8452.78 3381.25 7746.27 1874.08 222.959 
2888.18 6100.85 244.51 4859.07 1883.52 
6397.63 3278.86 4612.34 4662.06 4425.18 
7281.21 8838.08 6044.11 9488.74 5153.97 
2351.38 8757.5 1795.87 8247.78 7545.85 
1783.77 1758.19 4867.51 9601.9 4828.72 
2365.55 8054.66 8209.97 111.796 9928.74 
8432.93 2999.98 6029.57 8677.44 7859.05 
7913.09 5075.05 1137.89 2525.42 9737.12 
5563.07 9806.63 8575.18 1607.17 9295.35 
3729.13 3958.55 8052.83 5525 2206.32 
5598.66 7308.77 3964.5 466.153 6910.65 
8793.23 2831.7 4965.29 7003.18 2943.49 
4894.02 5436.1 5943.47 923.569 4113.52 
3802.5 8836.66 9188.57 4940.4 1362.06 
8925.67 503.452 1168.68 7500.83 2110.62 
464.013 1229.95 6069.17 8516.84 6754.95 
8275.49 4115.49 4063.7 2239.98 4581.64 
974.33 1033.19 7413.34 5939.62 8036.37 
356.818 833.624 3472.45 6300.29 1757.19 
7585.97 102.779 593.837 6774.52 5043.17 
1955.9 5700.17 5546.63 3124.58 3200.98 
7657.25 3588.59 4430.93 3726.41 2105.42 
1185.86 2001.88 6220.91 5249.56 4241.85 
802.532 6223.89 5275.04 8215.87 2163.49 
3311.39 8572.69 2997.12 6783.83 4872.97 
4754.31 4369.78 4975.74 5348.15 1144.29 
18.9027 7304.04 6844.46 5565.53 428.603 
45.4285 3222.76 4017.19 4476.36 6949.17 
6122.61 5662.22 8951.04 2343.5 911.756 
3192.88 3146.03 7135.64 8467.92 1361.89 
9299.13 1779.29 9934.58 2296.23 8563.13 
4807.53 7050.54 2932.9 9783.27 2398.67 
4077.18 9802.17 9702.72 921.628 5367.69 
131.303 967.056 8590.45 4148.5 5443.41 
5539.6 271.087 1105.62 4490.62 2614.59 
2017.37 7683.51 5760.62 9153.01 6151.41 
7122.5 8452.13 7930.7 7057.06 748.347 
6493.81 1864.57 7798.89 9426.71 1647.83 
197.546 3503.87 1449.99 9900.26 4425.5 
6817.67 31.5492 5392.56 5408.1 4180.04 
835.956 947.686 4451.13 1941.57 5438.31 
7065.72 3958.94 3121.8 2826.32 3111.94 
9273.21 9948.82 1564.05 7203.9 7005.86 
2312.4 3697.69 8870.44 111.273 3124.38 
518.249 308.819 6628.26 1968.23 209.065 
1053.74 8785.91 240.614 6446.3 4194 
4420.66 7282.25 5141.68 8871.79 9223.83 
579.975 5937.49 3182.75 3701.78 8763.81 
6294.69 2974.97 8712.61 7858.74 178.847 
5718.46 171.124 3876.54 4588.88 282.397 
7000.92 5107.13 591.217 3629.16 7075.36 
800.282 4682.9 5861.25 1040.9 1129.18 
55.2301 5461.56 8411.43 5196.91 4333.33 
7635.24 5776.89 270.805 817.977 9478.66 
9034.61 7112.67 2453.61 7747.21 4971.39 
2632.46 3465.64 5142.52 6509 8054.52 
5424.91 3509.9 3161.63 6016.13 7139.06 
236.973 6816.41 1821.94 6098.22 7857.31 
2951.12 6153.46 3318.85 1362.54 1350.35 
7652.18 8997.78 7127.24 7922.98 9815.76 
6605.88 6957.58 6928.41 9059.49 4704.77 
1899.78 1691.94 8170.41 7042.3 8200.94 
6224.92 2467.2 1710.82 9386.54 8483.33 
8849.88 9623.52 5299.72 671.799 5721.73 
3157.01 3622.92 1875.16 6475.86 4985.46 
3225.51 4128.02 3983.22 352.733 2050.99 
3798.96 6958.61 9008.57 727.349 6018.09 
3713.32 2627.13 7710.03 1883.71 9669.43 
5910.95 8108.63 2136.61 7621.77 7495.16 
619.917 6471.63 7118.66 5919.64 7143.43 
2840.37 9076.65 766.329 4715.53 5552.49 
5751.78 7941.05 9680.51 9735 8293.78 
1731.48 3533.94 5252.38 740.034 4261.29 
1270.45 4453.35 6888.42 8980.48 6337.06 
6557.84 4891.41 4445.67 8694.44 2513.16 
1940.81 9314.36 8984.79 9059.47 5233.98 
6128.2 1899.82 4310.61 6894.53 6615.36 
9863.11 2646.3 4556.38 9543.61 2381.28 
2850.15 1275.07 5915.23 8102.52 2015.11 
176.502 9372.98 6468.46 7064.93 8353.44 
2805.51 3622.75 3244.84 7251.18 2317.17 
5758 9192 1631.52 4742.77 8251.45 
6865.5 870.956 151.256 1176.1 7765.49 
6766.61 1039.19 411.764 1322.98 582.777 
2793.05 4173.13 1857.85 8708.27 2275.64 
3872.96 8884.77 1648.59 341.4 5949.68 
2.01815 3146.91 9572.43 3246.85 398.071 
1889.59 9004.85 9590.07 3521.1 3747.61 
7841.5 386.588 4618.56 7992.75 1562.69 
2384.03 4759.35 2601.87 2795.8 6082.33 
3184.65 5588.84 255.439 5042.5 4297.1 
2531.07 8915.46 3181.85 4179.67 9256.86 
9131.54 4181.69 2403.75 8703.95 7428.54 
2801.82 593.519 6433.38 2391.87 4114.62 
180.968 233.351 4501.21 4799.53 8226.11 
6063.9 7183.56 2985.44 8665.77 9979.36 
9067.77 1850.41 5568.18 9323.21 6892.91 
9865.28 1854.26 5808.35 3047.12 6033.93 
5065.19 2178.64 215.605 7468.94 882.569 
7644.15 270.746 1476.09 4077.51 2662.61 
5590.71 4258.47 2895.97 91.9074 9058.01 
1122.06 6155.81 6241.55 4107.5 4821.56 
6220.89 3175.25 6671.97 1789.06 2498.44 
3564.86 1654.32 4352.7 9373.21 4701.44 
386.619 4438.39 6880.08 602.223 1907.32 
7762.65 8246.37 2178.06 9238.74 2323.86 
4840.68 4829.43 6582.33 7736.64 4921.34 
5640.32 8858.7 1077.13 1881.86 2966.18 
5898.69 8102.75 6141.42 2570.64 9891.81 
8639.86 6135.5 1546.12 2992.54 5508.7 
6247.56 3379.16 9947.09 3127.62 3981.39 
1854.38 890.253 2227.74 4032.45 128.972 
4551.6 8873.12 4958.4 1133.91 6609.75 
9879.74 6774.23 5468.43 956.851 8656.09 
8434.6 6855.54 6758.82 4576.01 9426.18 
6650.61 3215.85 5561.67 8196.73 6208.4 
1070.34 4444.28 9587.56 1017.41 7571.9 
3568.93 2871.8 8462.15 5796.67 6904.24 
8591.12 348.245 5777.35 3549.51 1482.16 
2387.08 3429.23 8256.39 7855.51 4386.08 
6912.46 6290.09 1241.61 3671.26 866.087 
667.771 321.855 4081.94 6229.44 8518.59 
290.32 7299.78 2962.85 9877.88 8317.2 
534.727 3446.79 1188.98 8996.88 9243.46 
8093.22 7587.99 9591.7 3870.55 1137.48 
1073.84 6257.63 4566.71 9330.23 4113.12 
8952.8 6242.67 403.196 194.387 9913.93 
1269.28 862.158 235.764 5351.22 7091.59 
8754.35 5641.54 4391.36 1717.18 5519.41 
2708.54 2251.91 8966.2 3897.51 1248.77 
8209.63 1990.72 8836.75 7801.32 5861.27 
9974.23 8875.16 2118.88 4540.92 8205.37 
6232 3493.7 4448.02 6635.2 3688.09 
4361.93 7904.48 4550.25 4597.69 3255.69 
1641.83 3352.03 8897.23 6033.19 5069.21 
4416.62 8741.72 7321.11 3382.8 2639.22 
8569.88 1592.42 4629.94 7406.62 9393.74 
491.192 7380.83 8268.88 2610.08 1921.74 
6474.23 8842.08 5415.44 922.235 5477.26 
9103.53 5284.16 3381.73 3653.76 9881.86 
6637.42 5295.59 3233.87 5534.64 1328.76 
8303.07 9951.26 70.467 5624.17 3334.04 
2709.69 4194.03 4926.46 7339.63 1600.63 
4320.18 7830.82 8981.46 2589.04 440.878 
903.183 9063.27 9282.96 6318.62 9985.5 
4760.2 5422.14 5269.65 8141.93 9075.9 
5151.49 4779.33 4371.48 8385.36 313.952 
5700.24 6688.42 265.192 5770.71 2312.57 
3599.23 8480.39 6506.61 8525.69 5820 
8107.24 2845.85 3650.8 7088.69 5434.89 
4091.68 7991.87 4498.14 3374.62 4310.47 
4483.63 8134.83 9732.61 9753.28 6276.74 
8808.5 4904.75 1056.06 3179.96 3290.1 
1370.01 8880.2 9978.52 1635.2 4650.89 
2291.07 5234.43 3131.26 8797.68 3760.1 
8951.26 6904.9 6605.95 2602.05 3993.57 
2040.82 6693.73 1985.42 6538.96 68.3397 
6295.89 1022.57 8203.17 6028.49 775.827 
4479.89 4836.97 5680.58 5535.94 8016.93 
8970.68 6905.95 6897.11 8949.18 8541.15 
1547.98 1240.23 3775.57 4679.25 37.8931 
7535.67 3630.49 6942.79 4141.6 6232.55 
936.345 6182.42 2926.26 2921.76 2721.37 
2994.6 9217.66 3743.93 1197.75 5246.13 
4519.76 5677.64 83.0877 200.324 1213.57 
8100.02 9171 8119.52 4997.12 8120.16 
6660.65 6545.1 9360.4 436.203 1224.33 
9398.29 7971.87 4854.82 6341.06 2113.46 
1087.35 7277.41 8295.89 4013.62 199.157 
1017.24 7008.22 9416.82 4761.17 8205.97 
4662.93 9280.93 3883.59 4746.02 9481.25 
5097.16 2846.02 8652.24 3216.66 7843.14 
6772.38 9877.31 4388.22 6132.76 313.499 
5612.56 5531.03 8285.37 467.363 1872.08 
398.818 1554.72 9149.49 8694.7 5568.33 
9348.65 9711.94 2576.54 8765.45 4473.09 
782.491 3428.36 3754 4666.08 8174.38 
3235.23 9763.24 1020.38 1887.45 2979.88 
8863.52 8659.84 2857.18 3251.73 4792.58 
3170.68 8864.28 323.595 1456.03 9331.65 
2195.68 1854.85 886.346 1345.15 549.539 
6454.68 693.778 261.461 9031.22 9459.22 
4734.55 9813.71 2887.57 8488.55 4479.77 
1061.93 1723.77 4243 2082.31 3611.22 
7222.88 945.811 2271.04 80.0466 4197.54 
7063.62 3250.72 3061.81 7387.22 4706.76 
2393.43 9582.89 6561.61 3279.78 928.024 
7111.15 9734.46 1621.8 7372.61 8765.66 
1081.01 2107.14 8579.35 3968.57 595.679 
3059.11 5030.5 2319.45 7302.11 7112.81 
5930.67 4524.97 8058.62 8201.71 4605.02 
2256.14 5265.32 7855.75 5317.95 2652.52 
2562.49 7711.38 2235.4 9124.1 991.144 
3163.42 6235.23 725.587 4785.22 3607.82 
9491.25 5866.23 5714.97 8070.58 9834.8 
6310.65 1129.67 4865.29 8630.09 8431.78 
1978.08 4560.75 2956.73 36.6759 2762.44 
7561.75 2292.82 8027.76 5417.48 7610.76 
680.265 7979.97 5322.13 2915.66 7104.05 
6313.27 6079.08 3339.26 7038.86 864.285 
6947.09 6530.09 6730.52 2662.04 4600.65 
6565.3 8972.68 5730.32 1430.57 7602.76 
4162.08 3408.65 2163.49 7118.81 3445.32 
4925.94 4680.54 5738.14 2953.68 98.0097 
3348.88 3633.95 8077.98 8671.01 6549.61 
5182.01 4984.26 2628.67 8521.28 2023.1 
3492.96 5468.35 8553.19 223.454 8130.38 
3153.82 6788.76 7103.05 8884.14 8219.33 
4705.8 3046.19 1627.96 6869.29 164.985 
5073.28 1795.21 4845.53 811.405 4748.89 
4943.54 4160.29 8382.84 3021.5 2831.28 
4932.43 8203.51 7815.54 7561.1 6724.77 
9838.65 1054.04 2193.1 8391.82 1277.49 
323.467 1545.62 8066.25 7426.52 429.739 
6285.56 2132.3 3475.93 7913.52 9001.58 
3640.92 2986.79 796.775 8486.45 3798.19 
5545.67 3429.97 7958.48 3928.49 6451.47 
789.746 8860.92 4654.97 8605.29 6422 
1379.72 8443.92 7476.04 3572.82 6835.72 
8753.54 3896.29 8381.34 6819.77 1322.79 
8811.08 3105.31 3455.08 2287 1018.82 
2456.65 5927.92 4005.61 3253.43 4414.34 
7803.8 8799.09 7844.31 5762.26 2727.56 
4295.77 6552.01 1588.46 8950.73 5157.28 
8010.46 330.438 3601.19 5486.49 3903.26 
436.89 4240.01 7799.55 8818.23 1059.76 
9122.34 7629.3 4165.07 2577.41 9916.29 
5183.89 5034.06 5844.19 9189.5 8287.48 
258.519 6993.28 7086.56 8102.83 2755.53 
9814.12 2398.58 9307.54 1402.57 1349.3 
4464.8 9413.03 1679.74 8065.99 4899.51 
5583 8502.88 9139.51 3382.53 7321.09 
199.256 2504.85 4950.37 4364.33 5082.25 
4866.65 9548.22 116.293 710.822 8737.71 
8403.78 969.341 5730.97 5490.32 9072.17 
8486.5 5304.42 1470.74 7794.01 6706.99 
2820.04 2258.8 6120.01 4499.77 324.766 
1019.5 82.7499 8827.64 158.996 3465.28 
6148.71 358.252 5970.12 1099.07 4722.58 
1052.36 5965.71 4270.79 1168.65 6676.54 
3008.48 9572.43 7645.88 8739.45 5062.73 
6718.03 7225.92 367.139 8188.77 5019.92 
7074.13 1008.79 7278.72 3194.12 5508.56 
7603.49 4213.62 5591.31 6431.11 4372.62 
9056.59 2579.81 4730.87 5026.7 3678.88 
9453.45 6079.06 9644.59 3724.22 7247.71 
6321.11 6732.7 6820.12 3966.97 5472.13 
1882.84 684.986 2698.03 2249.98 8873.76 
7717.96 9324.11 9882.55 4996.66 2518.22 
5391.1 2600.13 6731.84 982.393 9031.24 
1104.44 38.9665 1611.03 5835.32 5065.66 
5289.9 5288.75 1144.7 4934.48 9012.97 
8392.42 1255.57 5745.66 5212.52 5222.54 
1217.77 7095.36 5907.52 3915.8 9345.34 
4781.26 1633.74 8669.44 4663.8 6630.4 
1187.64 54.8774 9230.53 7919.48 1037.27 
8261.75 9023.92 1076.24 9872.78 4859.22 
6141.9 5162.66 147.956 7286.61 97.123 
9160.93 5679.01 1352.69 4906.57 891.513 
6575.23 6124.34 7986.88 2482.73 40.121 
7332.2 7264 1673.86 6001.62 1927.78 
8304.26 7189.26 1982.66 7534.77 5108.72 
3019.93 5796.5 4132.63 4096.16 5669.26 
8991.85 238.048 831.911 9139.8 7524.65 
929.034 8300.72 3203.64 2281.72 3207.27 
4095.16 8856.95 9331.61 2082.01 1339.67 
9371.73 9414.22 8603.67 1045.57 5415.82 
531.43 9349.83 2605.06 2514.09 6884.59 
7713.78 5534.01 2681.08 1846.39 9630.18 
8350.34 838.225 9868.22 9182.25 9978.03 
7392.86 111.267 8278.73 596.488 2392.99 
1485.98 4691.64 1249.93 817.574 6773.66 
2589.6 189.286 6187.86 1193.25 1234.86 
1603.66 1724.68 584.675 4208.73 4238.76 
7469.26 1922.49 9772.78 150.323 3768.89 
9402.94 8500.66 4607.11 9271.14 7682.9 
4585.12 6663.99 7794.16 2863.84 7260.48 
187.137 4349.82 1952.1 1437.06 5167.4 
8725.76 4026.66 5356.68 4913.6 5219.91 
6591.54 6517.27 6944.59 7176.21 725.973 
1183.33 4645.46 2648.47 956.09 4795.79 
6417.35 359.008 3296.43 1024.44 9630.15 
979.309 5609.57 6294.12 8773.47 8473.4 
3554.58 8960.61 2823.21 5506.69 397.657 
7990.6 4232.43 4424.32 3347.27 9146.04 
9644.23 9938.81 5663.28 6588.8 7115 
6389.26 7772.13 1760.45 9037.72 8728.22 
6556.23 5455.06 9087.23 9852.67 6479.5 
8717.36 831.957 2089.05 5011.47 9605.43 
562.437 8566.05 8566.02 3385.64 4072.72 
8963.68 1376.23 8305.15 3387.98 4723.5 
7451.17 3032.19 4662.29 3114.43 9620.98 
1777.28 9503.69 7393.09 3537.73 8541.4 
6121.3 93.9429 3996.43 5208.5 9946.61 
475.916 3925.85 778.548 2564.97 8937.31 
383.959 3127.4 7503.34 8949.98 6513.05 
1576.05 7913.64 7889.28 9881.2 1301.6 
2612.76 7332.35 4333.79 7275.05 446.766 
3954.76 9052.32 9950.46 1347.83 2590.03 
8491.84 7469.13 2683.97 2488.25 2677.61 
2630.57 2964.17 6603.46 3409.11 5529.14 
5540.76 3793.07 8656.54 3044.09 2743.03 
5169.57 4620.13 656.657 3058.83 4501.31 
1958.26 5671.59 1833.64 6292.04 2946.62 
2280.41 246.783 1998.93 2230.85 1594.62 
4588.96 722.67 9063.74 7272.93 3210.92 
1741.34 9903.5 6175.09 8344.8 3312.6 
1704.21 3885.54 7105.67 360.736 6929.63 
9848.7 5530.3 1549.74 505.342 8589.13 
6051.06 2463.6 4260.71 7884.7 8755.64 
7207.33 165.092 9002.43 9206.25 2395.94 
597.026 3795.19 3118.61 9660.77 1068.11 
6329.54 1402.1 971.592 2504.61 9746.9 
4284.19 4208.83 3632.43 1389.84 4569.56 
562.04 1238.52 99.8499 2111.78 1743.87 
8688.98 8162.84 4207.46 2949.67 6047.52 
2963.09 156.981 6212.62 1965.5 9363.23 
8608.56 2562.53 3158.41 1727.15 2223.28 
4226.52 8056.69 3625.38 5198.11 561.284 
3372.26 9482.3 4770.11 7004.69 872.122 
9339.67 7566.73 2110.65 9439.52 9678.51 
3854.51 8128.49 7841.34 8061.97 1078.15 
3888.84 1025.05 1235.13 101.442 2990.55 
598.343 8710 5553.07 3756.75 437.134 
7776.35 7983.27 8493.82 1401.71 3181.37 
9055.1 4773.97 2663.65 3825.2 1778.64 
3535.78 3164.86 9345.37 5646.42 2604.36 
9023.87 9500.93 732.834 6865.19 7562.89 
1810.98 754.012 8587.94 3046.11 855.454 
1578.47 3644.45 9565.45 7131.54 7401.2 
2.57025 4907.88 5384.46 8496.39 6309.59 
8565.83 7551.48 1083.55 1229.46 1376.66 
2862.19 4765.24 4541.52 2207.54 411.644 
7145.88 1231.39 9912.58 7878.71 8096.58 
7475.45 9689.69 8850.59 6063.37 2735.78 
9706.04 7641.84 6380.23 9271.48 4773.36 
3781.42 9274.05 9681.24 9165.87 7770.43 
5990.82 7731.69 5321.89 7074.36 8961.15 
6698.55 9936.55 3726.37 1240.05 2144.08 
4138.02 8385.93 3375.47 4050.58 6264.62 
1472.03 1526.01 5954.3 322.608 7589.38 
8690.08 28.6357 5231.2 5070.29 9300.12 
4.55031 8851.71 8574.15 9685.79 8017.56 
6344.56 5676.59 5749.23 1666.43 2750.94 
4710.36 8364.98 2687.48 8436.74 9605.03 
4831.56 2574.74 7990.94 8207.03 6625.31 
4255.55 9679.07 8151.32 209.831 1.65555 
5740.68 8899.91 30.2912 971.869 3970.19 
9330.41 976.419 2821.88 7904.54 662.196 
839.424 4249.09 6338.79 6588.66 5915.52 
9089.73 1299 4280.48 1777.19 9735.74 
3885.5 6608.75 2310.46 1876.43 4815.77 
8935.77 6131.98 4494.81 7087.07 6341.81 
4496.47 2827.74 5241.7 4526.76 3799.61 
9211.89 3857.15 4776.03 2033.75 1761.68 
5438.22 2873.17 6010.77 1777 9461.83 
1926.27 866.713 760.815 6206.75 2643.91 
496.538 92.2358 9252.66 2807 1968.66 
4068.41 1742.75 8100.64 8563.23 8829.83 
4442.43 3059.68 1657.55 9684.13 7586.44 
5457.16 8896 1443.58 233.169 929.734 
3205.26 5671.39 3802.91 9216.02 7448.39 
3264.72 1142.27 8315.11 4025.53 7349.02 
958.996 4522.07 7441.26 211.639 7329.07 
9409.92 4280.05 9071.82 7510.54 2843.26 
7901.63 1952.96 5902.94 9559.17 1637.08 
3489.36 5016.31 533.062 4932.94 5249.48 
1462.8 8138.19 920.861 5265.7 7354.19 
8369.25 8530.42 8496.46 6684.34 2555.93 
5845.47 7643.34 7078 3286.71 7854.98 
4407.06 2696.62 2135.01 3478.86 207.143 
4978.27 1380.47 2160.1 881.188 939.624 
3797.18 4370.55 5955.94 4330.24 9303.49 
1205.41 5793.04 7441.66 2126.27 1058.72 
4795.84 495.504 9589.14 3292.29 7179.85 
2145.06 9137.76 4823.17 9223.06 2424.45 
2678.13 3630.1 5121.07 4813.14 7108.96 
5328.21 9791.41 8489.42 7488.31 672.576 
9429.05 1285.47 5043.13 5384.97 5615.71 
4346.59 6590.38 1408.73 1788.24 8716.64 
2467.45 6584.08 9212.15 2056.58 9876.36 
6391.98 4201.63 9014.1 1215.13 3424.68 
1438.53 3893.25 7054.78 6559.6 8706.39 
4163.73 1887.79 8497.78 2653.13 9376.1 
9170.36 2082.16 661.554 4213.46 7467.14 
6277.26 8560.06 4057.5 7685.99 348.277 
2774.12 153.425 6932.35 1986.25 2210 
6808.7 8378.23 6411.63 5822.78 9593.36 
9836.32 7261.31 3486.6 6891.08 3820.9 
2192.97 1054.79 5708.69 690.732 3707.92 
5084.77 9861.09 5790.09 5746.32 4074.53 
3257.21 2023.57 2634.57 7314.7 9709.56 
2982.85 88.807 9862.99 9915.2 2075.06 
2072.97 6723.88 453.276 8484.61 2546.65 
46.6186 8320.9 9807.96 3533.21 5211.97 
3628.84 5726.19 6266.76 9337.52 6416.92 
9974.68 4422.28 6277.99 5764.76 168.583 
352.503 9021.96 2192.15 2987.08 6336.65 
1901.7 5969.93 6425.45 1764.67 5885.11 
8500.51 3837.64 2608.98 8953.79 2322.23 
5155.63 9000.41 643.113 4963.57 2533.61 
5855.08 8592.41 8259.79 2121.83 7929.91 
4676.69 2096.49 2352.17 954.661 7861.25 
2520.75 1307.16 6883.19 4712.91 4294.24 
3219.82 6614.6 264.153 9645.28 8379.27 
6149.27 8145.77 2216.89 8758.25 7099.55 
4539.12 3913.86 6099.94 5182.23 8877.42 
8633.55 1037.3 7469.81 6893.32 3159.12 
5399.71 1570 5255.62 7751.88 2524.66 
3116.85 272.617 3831.82 0.0265986 4985.52 
8126.07 3219.85 1600.11 8390.22 2865.11 
9979.38 4539.47 1010.86 2196.26 3297.7 
8110.41 6735.38 7211.56 4210.33 1917.59 
6088.96 2843.86 2954.89 3558.76 9737.19 
6114.01 8958.47 1307.17 1369.62 6710.33 
3831.82 4486.47 6982.95 7663.65 4486.49 
1968.45 5789.7 7706.34 3568.57 4179.9 
571.433 3547.93 8719.37 1582.3 5744.19 
2017.05 9692.71 2479.55 9228.6 3903.03 
4397.15 5317.55 6746.89 7352.04 8876.31 
6484.06 3466.03 7834.75 7791.23 4835.65 
4545.06 1623.03 9322.12 1527.99 9286.68 
3808.59 3496.45 5076.36 1514.92 7065.01 
9256.25 2086.35 612.927 7975.6 3668.65 
6357.12 9992.65 3361.34 8836.67 9221.23 
7264.36 3233.8 4538.76 4011.24 585.818 
3415.05 495.28 4051.85 1249.79 8286.51 
8887.5 5794.85 9909.54 8209.6 7322.85 
9196.2 2018.17 819.277 4272.54 3533.09 
7884.29 3528.78 5619.44 8497.22 1504.36 
9288.08 4854.32 1496.99 2649.4 3690.97 
718.211 9913.77 6924.77 5256.97 3924.99 
7510.59 8672.03 4420.27 1562.42 9921.81 
2706.76 449.908 5716.65 2616.28 8659.51 
3039.48 1812.46 677.662 3858.76 6085 
4210.75 1743.03 9613.78 9830.18 240.23 
1118.13 9118.25 5094.55 2615.12 1767.63 
8785.52 3333.33 1681.38 5710.28 8590.3 
5606.37 3220.85 7262.31 26.6186 4783.28 
7184.11 2733.37 5233.18 2900.75 5349.65 
3892.67 5940.23 7162.11 4570.33 9798.99 
3247.09 8781.08 1542 2860.86 8611.25 
1782.23 3978.98 7729.48 6876.78 6594.1 
9497.12 5662.28 9927.43 1178.48 1372.54 
8517.72 6784.85 4593.39 5780.02 6811.47 
9376.67 2964.11 9544.84 4609.83 5864.86 
4894.48 8502.51 1805.07 2056.57 3072.83 
1604.04 5303.66 1853.89 3146.04 8164.52 
465.128 4928.27 2143.48 8194.61 1805.03 
8737.58 7691.71 7467.31 8665 8870.2 
8839.85 7182.7 5655.03 3433.23 2962.7 
2466.48 2809.88 5926.81 2011.31 7419.71 
1791.65 6905.79 5922.2 3596.71 8962.36 
8995.03 5200.75 4266.01 848.904 8346.78 
2430.51 1314.03 3275.03 4573.99 9508.64 
5080.06 3311.56 7200.34 2547.35 1976.54 
6070.52 1387.18 9159.24 1725.53 4820.41 
2121.92 4192.02 7630.28 8048.73 6203.33 
5049.98 9840.38 3109.1 972.163 3437.07 
2071.45 9967.19 8637.82 6337.45 816.078 
6984.58 8767.96 2130.11 259.593 3341.94 
1638.74 5339.65 6653.5 8839.07 7887 
8630.04 4909.57 9274.18 7789.27 6635.11 
4094.57 9911.19 827.104 1724.83 7959.9 
7030.43 6774.81 7800.26 139.518 7746.98 
1237.31 2210.96 7714.15 9875.13 8548.42 
8530.23 6859.69 7316.36 660.322 7119.29 
658.288 2299.06 2458.92 7311.79 1138.12 
345.898 5941.82 6047.69 9620.08 3731.07 
2682.78 3714.63 3642.25 3509.88 5439.46 
1602.13 540.299 2214.26 9402.4 679.817 
9961.23 639.692 2890.78 7675.37 514.805 
1439.18 6205.58 7374.5 8755.54 6865.9 
4493.77 9413.83 9164.96 6952.69 6725.61 
303.057 7298.58 2667.41 6350.75 6918.64 
6398.48 9033.53 633.251 40.7104 2543.39 
6072.71 1642.84 3083.69 8286.97 1045.22 
3763.51 8248.19 1684.92 6654.29 5923.54 
2199.72 8093.47 2129.1 9574.22 6848.99 
8995 4067.97 6262.81 8159.95 1020.64 
2988.4 8463 8319.22 5655.81 4813.73 
5237.85 2054.27 3847.24 5871.1 2094.98 
6390.63 1943.79 3737.83 9474.32 230.744 
4783.05 3237.81 8478.93 6467.96 9892.1 
4402.45 8667.68 7985.55 6531.55 8241.88 
4834.52 5526.54 2309.84 1097.32 3686.47 
3330.47 4085.72 2149.45 1649.68 9741.52 
6963.18 6887.52 1795.78 810.409 2758.6 
3890.76 7201.04 4702.39 7628.59 6675.35 
4933.14 2411.62 9913.16 3412.05 8879.58 
9805.24 7814.5 7547.25 7790.77 4346.04 
5789.12 2625.27 9872.58 8098.96 3722.59 
3559.03 1429.41 7808.31 5708.48 3079.09 
7549.82 2671.65 9966.61 9345.59 3482.06 
2725.19 3236.34 683.081 7427.59 864.911 
7358.43 2360.71 3276.53 7271.57 5772.76 
2156.1 7076.79 3587.24 9703.35 4867.54 
7933.28 5492.45 7492.81 7805.84 3591.39 
1215.39 1364.86 5020.8 9023.69 7073.34 
8099.89 6573.49 9744.99 8066.48 5919.07 
3227.02 791.657 9155.41 3910.11 8219.24 
20.3057 1268.51 579.931 3296.84 8540.08 
6352.69 5452.94 5616.85 9939.93 5156.27 
484.369 7873.2 648.707 7977.18 5679.02 
4240.1 9192.57 7043.88 9260.9 8216.24 
4117.2 7360.77 4789.72 3862.17 5427.24 
708.774 7089.19 6218.89 9864.18 999.28 
4438.12 9884.49 2267.79 5018.05 3181.31 
807.858 1370.72 8634.25 6424.71 1310.63 
3790.5 6909.08 9183.83 4439.21 4886.24 
4862.84 8679.31 4078.79 1906.7 7940.19 
2295.02 6023.9 5300.95 7084.74 9886.07 
728.165 7793.51 6975.24 6947.06 7657.68 
7974.52 1385.16 7542.15 242.299 6403.21 
723.449 1050.16 7773.93 9357.7 7474.86 
9084.57 3148.18 4383.93 8268.38 7587.39 
9270.17 3131.2 6266.68 3348.94 5037.9 
4206.85 5643.96 1061.78 9507.8 2728.68 
947.831 235.947 522.177 7923.07 7183.01 
8179.86 5897.58 8568.17 5721.99 6139.87 
4971.36 6445.44 7190.03 2745.28 5803.12 
4664.88 1829.83 8951.31 9048.8 98.1916 
6538.68 8318.96 3229.39 2805.34 1667.88 
8267.29 7012.2 7311.84 9329.07 6519.98 
40.5037 276.888 6755.93 562.68 8199.96 
3938.92 8742.54 4097.52 2507.07 4464.51 
237.375 7478.43 909.941 7427.41 223.694 
6713.06 2092.27 2053.52 5664.35 1141.06 
2151.71 2203.02 9460.01 5381.11 5008.36 
1127.87 3648.38 2020.54 8439.71 2977.44 
8540.52 8480.22 3254.33 5296.44 9042.9 
1454.27 9235.35 7785.42 5551.79 1742.41 
2249.92 5789.16 9220.84 3159.86 3216.55 
9444.53 9872.92 5308.82 1498.04 5537.26 
6449.88 3649.75 7740.28 5909.87 9030.86 
2748.62 7037.75 2679.22 4769.17 5477.44 
5656.66 3309.67 3957.64 8910.99 8606.11 
3000.52 365.241 7841.45 785.925 5917.03 
9583.85 3035.84 1706.17 8804.67 6195.7 
4922.72 8249.19 6068.6 231.526 9747.23 
1605.84 6681.4 3396.97 9346.12 2591.26 
2427.81 2094.72 9629 5107.03 6863.89 
5106.43 763.68 173.546 9064.07 9674.67 
8779.66 2064.57 39.8933 6621.08 2850.5 
5956.92 6204.92 5886.34 7663.09 5009.58 
2082.02 2585.8 3258.75 8150.62 2817.33 
3005.96 9756.47 9498.73 6402.93 9102.57 
2089.97 8830.74 1197.28 1718.95 3937.76 
8061.17 6825.38 4701.44 8234.71 5889.43 
4376.09 7014.35 7954 4415.99 3635.42 
804.485 372.889 9840.34 6690.83 8035.98 
4849.9 8772.85 621.765 8108.65 6923.45 
3439.09 1114.6 6679.9 2937.8 7517.53 
5782.45 5027.77 6348.26 6979.73 6746.72 
285.999 5040.88 3572.07 4987.44 3275.58 
9461.5 9363.53 289.915 7415.49 3779.5 
3925.34 8219.97 4152.39 3765.66 4910.78 
2188.35 8615.56 3683.61 2810.12 6724.2 
607.044 6249.21 7838.8 7286.95 9187.01 
5356.31 3069.38 4214.76 1704.55 49.0976 
961.459 1990.55 5089.98 4533.53 6977.99 
8365.56 3995.02 6341.5 8655.48 1410.49 
120.982 2580.79 9630.46 4273.37 6346.45 
4541.23 6461.73 4962 8224.84 9271.84 
1686.17 8831.88 5521.04 9524.97 6118.81 
4708.03 4881.26 9188.19 8922.79 6585.81 
9237.29 9884.25 8576.36 4327.25 4417.77 
5554.33 2692.8 8412.79 1895.81 1348.25 
9823.28 2016.79 3929.05 9453.73 6290.17 
275.484 3994.94 2751.87 5237.48 2219.76 
2023.7 6923.66 1051.62 7544.74 6448.61 
7170.43 2252.75 1329.86 6358.61 1175.53 
7915.67 5595.88 1059.76 6492.01 9923.14 
5477.53 2046.32 2615.92 3890.3 3942.14 
3964.17 3713.56 5958.93 7893.22 3167.27 
2249.08 8168.7 7162.21 5000.95 3406.17 
9381.96 7024.65 329.805 433.566 4569.38 
6778.41 7604 6822.13 8108.27 3962.59 
7997.66 6023.92 9558.47 9057.42 2515.92 
9481.59 4534.93 4562.24 2097.49 8425.23 
8504.38 6061.66 2138.78 4463.29 3954.86 
5306.05 6712.37 2123.54 2468.24 1713.31 
5529.71 1850.18 8737.96 5859.52 2283.75 
3307.32 2637.91 9887.75 129.436 746.166 
3850.32 8127.09 6770.09 3408.77 7184.49 
9286 2890.34 1719.41 3848.22 4987.83 
144.622 2352.58 1049.47 2283.4 6815.88 
5004.33 7589.45 3528.23 7127.87 57.6682 
5241.54 2657.56 1907.85 3979.49 8517.08 
4191.6 7286.81 1154.98 4079.33 7416.25 
1901.14 7929.65 5543.32 8671.23 1338.4 
2727.8 7957.22 4228.74 4447.21 1805.42 
9216.57 4591.83 4158.01 266.022 6875.23 
973.867 5270.35 4464.66 4502.1 2398.2 
4522.33 9743.64 5055.77 6430.18 3723.11 
3572.83 621.763 1009.9 4727.81 4701.09 
8426.14 6628.95 2630.72 3969.45 5300.17 
3969.13 6697.25 3257.37 8197.87 1144.44 
5062.79 7414.42 5736.27 9220.8 7680.45 
2611.48 194.648 2950.78 7076.14 4696.75 
5348.98 1598.45 4440.36 404.726 8028.63 
8163.47 3977.56 8650.39 9173.37 8705.37 
3351.47 7599.5 5334.3 5982.19 1568.93 
634.451 9951.32 8266.18 3891.82 8149.17 
9410.62 8954.61 5563.58 5146.87 8175.39 
3244.01 7758.35 8370.04 6194.78 4834.47 
3066.76 1543.74 6432.92 7507.13 1948.47 
4461.53 5670.58 5926.02 3111.91 4843.94 
4631.37 6463.38 2443.42 9965.67 2445.55 
4012.35 600.106 2396.85 2278.51 4491.92 
546.006 1689.11 3446.51 6109.58 6835.98 
1621.89 9353.59 4594.31 9991.92 5548.35 
9428.78 3058.67 7092.09 5861.68 565.781 
9040.56 323.197 6236.36 4966.57 3435.1 
