2000 5
1272.18 8425.43 5693.76 2962.1 3126.47 
4763.08 8971.44 5092.58 591.797 8699.45 
2350.42 9827.21 1315.53 4806.7 6184.28 
6983.84 7293.26 2709.45 2186.26 1739.51 
6499.92 1330.26 7676.97 592.994 9902.43 
817.914 3410.39 1787.29 5133.31 4265.64 
2651.44 6405.49 2691.05 8345.2 9367.59 
5817.52 3108.26 8339.01 910.079 3700.06 
7038.45 3260.5 3527.25 8353.98 8067.2 
9711.53 5337.81 5360.44 2420.95 7524.07 
7099.96 8920.88 8854.32 4776.91 9513.87 
8756.73 5594.82 2924.24 544.003 728.109 
7189.88 3195.44 7133.59 9880.93 1540.62 
6501.16 5698.43 4648.88 4840.16 6608.51 
8348.94 1878.59 9869 1876.17 232.558 
7936.19 1587.68 5570.36 3296.61 4008.64 
3094.41 396.551 2929.49 1948.72 5173.46 
2443.35 705.434 768.261 5367.59 1249.44 
1496.37 2557.45 4444.88 8629.97 2438.36 
5985.5 5131.11 8136.79 634.37 9971.27 
4745.28 8983.31 1849.85 4614.27 859.468 
2082.4 2550.44 2447.15 7652.77 5847.06 
6455.79 747.163 6243.61 9385.28 2695.88 
1417.05 1828.61 3401.31 2185.31 7196.2 
4650.75 3681.68 9753.65 9095.63 2311.63 
2192 5081.12 7442.74 328.774 5715.49 
7413.99 5074.06 4698.78 9263.84 9688.33 
5558.25 1346.23 2238.75 8005.4 8999 
8085.81 4461.17 9746.16 4329.4 3846.43 
2442.02 5746.44 5675.04 5843.34 7931.75 
2871.22 494.07 1613.41 2624.85 9589.7 
3925.04 4816.85 4670.8 1367.76 5145.62 
386.27 8781.76 219.665 5085.05 8045.58 
9907.99 643.283 9391.81 2146.73 8648.68 
8390.79 232.521 3109.83 8136.93 4561.92 
6956.26 578.939 308.347 2631.28 6422.28 
8240.1 5502.5 6916.35 9853.51 8127.36 
6506.03 3778.54 2944.19 1176.81 5146.3 
8089.82 1563.08 3928.04 8309.48 6648.14 
1973.6 8217.46 7291.42 1365.4 364.17 
5940.08 9756.19 596.691 9049.91 7893.11 
5158.61 6006.16 8472.05 5466.96 8637.44 
4894.31 3707.04 4139.93 1810.63 3560.54 
2267.27 8316.67 7339.07 5211.46 9493.48 
2485.35 3301.26 1056.55 6413.39 1610.73 
7704.68 8387 9828.19 4996.08 9752.4 
192.341 936.149 9508.57 789.033 9986.06 
7401.66 5947.64 5992.2 5873.69 1414.58 
4629.63 767.978 5121.63 8769.56 2578.61 
8682.16 1036.82 895.261 6021.22 6248.28 
388.724 8506.57 9549.55 1445.27 4919.95 
1160.26 9149.95 3306.93 988.431 4146.02 
3059.31 1180.77 5082.17 2567.86 1969.8 
5068.22 9969.52 7917.45 1060.4 5843.19 
9332.03 5690.03 6611.17 4453.64 4459.58 
9189.79 3135.79 5496.39 85.0296 9157 
1744.66 473.753 7663.56 1294.19 1919.02 
2583.48 2454.45 1068.96 5890.41 3442.88 
5214.98 8949.72 4623.65 297.133 1517.56 
6593.45 5365.35 1487.07 4510.89 6425.75 
7330.26 3842.9 2115.77 3941.42 8296.54 
6575.34 3131.19 1432.31 2071.72 3216.21 
589.294 3816.38 3689.97 8252.85 5110.57 
5608.99 836.317 7565.02 6677.95 6726.73 
1007.88 1892.92 5676.43 5631.53 2190.05 
7193.99 2224.97 7555.4 8681.06 6735.85 
3981.13 6011.3 578.737 6096.9 9952.72 
8875.28 2672.23 3083.89 307.57 4743.95 
6300.1 896.864 8560.33 9990.07 9149.71 
3670.88 5599.05 9986.03 1235.89 2276.98 
6712.74 2243.77 4169.9 2389.16 7875.3 
6359.95 9583.15 100.247 3915.33 8264.19 
6836.1 7896.46 4275.48 7414.84 3993.34 
4228.18 6290.1 6665.57 7312.07 6597.67 
1409.5 3612.16 7494.53 9969.83 3602.22 
6644.23 3640.7 9201.26 6630.24 4876.58 
1478.23 3342.96 7120.35 5648.13 5732.12 
4995.63 2008.06 5315.25 5095.88 5923.38 
3579.43 1931.96 3819.83 7854.9 9346.79 
7813.17 2083.07 5636.87 4478.72 9395.14 
2234.52 5888.22 3007.29 9729.05 5858.03 
6609.5 6373.26 9498.73 5810.75 3003.49 
4375.3 7288.98 6346.45 1495.63 2937.08 
2078.55 6491.26 4945.14 7393.8 1587.12 
868.506 973.209 3519.08 4688.33 8828.11 
2865.85 2501.49 911.169 8502.73 6980.21 
306.297 737.232 2868.41 3313.58 466.269 
8726.44 9923.09 6839.53 8225.16 5733.82 
9843.02 2600.44 3022.78 6189.45 4096.07 
5959.86 8268 587.318 904.981 5661.79 
2174.44 1773.49 6635 5693.51 6461.82 
5463.09 8559.36 8963.31 6374.26 7062.07 
5943.5 6680.56 7799.3 8811.9 9994.14 
8265.57 7538.33 9917.21 5105.09 5763.47 
5651.01 4948.09 8363.92 8673.79 1137.53 
2459.97 4633.63 9405.53 3047.29 5538.61 
5067.3 5221.73 7312.1 1702.28 915.221 
3773.91 7165.37 9474.58 2737.2 3539.61 
6536.64 8680.69 220.154 4335.93 7492.58 
214.28 2601.48 5030.89 131.476 7706.58 
794.346 5782.49 2654.65 9158.26 4456.26 
3792.18 1618.22 9089.89 3197.69 4665.51 
4628.49 8264.99 9887.24 1940.58 9967.26 
802.44 5714.48 7132.61 277.007 8451.68 
672.208 6813.65 7132.35 892.362 1149.56 
4624.91 1106.64 3751.04 9655.8 1238.12 
1457.6 450.128 7020.61 4112.25 9608.39 
1476.85 7904.43 1226.59 566.731 1102.1 
5892.1 5195.22 9367.09 5779.32 7135.8 
9334.33 6581.76 2850.26 6466.92 6858.77 
1301.92 7139.13 3672.4 8434.27 8031.49 
4821.95 3059.16 9138.14 8573 2714.94 
376.236 30.5819 3165.07 7396.84 4142.83 
2773.44 8873.7 2047.25 4000.03 9440.43 
3149.35 9892.13 4635.63 2516.41 5671.44 
1771.41 1850.73 2253.18 4621.67 8317.65 
9111.94 5923.59 5456.77 2784.32 4357.85 
3488.24 7606.28 7417.01 2626.36 6179.26 
131.934 3002.6 6209.84 3297 399.422 
352.655 6070.45 9273.12 2399.9 70.4646 
8713.53 5549.25 9962.6 3349.14 8065.66 
5634.02 5120.56 9916.39 7887.19 9742.23 
8234.02 6999.12 5665.81 3690.77 9783.44 
23.6397 7179.01 7389.7 7440.65 9805.37 
3568.93 7572.58 2807.95 9778.77 869.569 
3207.37 131.41 6940.02 2480.47 2531.31 
7010.48 1193.98 8080.56 6973.06 4543.13 
6146.2 2607.06 9663.69 6062.57 494.236 
9405.9 4296.57 7493.35 5071.69 7987.34 
7276.77 5095.33 5166.33 4666.45 2535.96 
4971.68 8235.39 108.528 7779.63 8014.14 
978.097 986.98 8145.55 7918.11 3467.45 
676.848 4928.58 4661.43 8757.4 1901.62 
9204.56 4903.59 4508.68 8868.23 966.137 
5002.92 8274.12 5262.71 2496.26 3345.79 
3250.03 9773.03 8441.12 8416.35 4439.47 
977.072 3388.02 2674.84 1085.6 1167.63 
688.967 2063.7 2154.61 8834.52 9981.81 
5622.06 9511.37 4910.37 283.475 8268.76 
6811.99 9488.04 3172.33 1320.66 8356.25 
4138.46 6323.58 6630.35 9401.17 8819.84 
9976.14 2651.18 8592.85 8417.25 1067.52 
3032.3 9394.32 4455.53 5707.14 479.903 
5623.16 6396.11 2543.6 7777.77 5230.62 
2525.39 3399.81 4741.97 7435.76 3683.28 
3010.71 4247.74 3171.3 6183.04 5568.4 
1527.54 321.481 1891.96 8157.88 9722.65 
711.785 8134.01 2373.81 9304.64 6551.24 
3441.33 2336.92 5945.54 7896.86 8044.07 
6425.44 3520 4440.16 8969.04 1297.75 
9670.77 1494.42 4697.56 4412.73 8930.18 
8380.84 7423.43 3177.91 1552.12 3606.45 
8746.31 3079.66 3927.93 638.253 1237.53 
3650.57 1350.04 9371.53 6024.38 654.657 
5922.75 9465.7 2991.58 1868.28 7362.55 
1035.63 8293.72 882.53 5475.79 7262.74 
2180.28 5146.54 8757.16 6877.84 9559.27 
7687.33 5258.66 6982.69 865.216 6810.79 
589.122 9611.52 9890.45 4517.06 249.758 
1127.96 8167.62 1599.8 499.473 4191.98 
2254.45 6422.23 3657.67 5246.03 8290.5 
1020.2 6281.66 6584.21 1902.73 1757.43 
3846.93 4083.01 6903.97 2604.08 960.834 
6463.22 291.388 6219.5 3445.89 1156.6 
3030.27 4035.02 768.108 2920.7 8552.07 
1017.87 4048.66 6719.68 2617.66 4548.13 
911.642 4872.12 970.339 4569.31 118.132 
9260.84 5589.51 6399.79 5845.03 7492.24 
8157.22 9691.96 1575.24 5061.18 2296.02 
2536.07 1524.39 2587.41 8755.57 4970.28 
3744.01 1785.82 9005.29 4512.12 4706.52 
7557.35 5529.99 8755.17 4277.01 8147.65 
3303.29 5188.65 3019.75 4273.63 9757.96 
3137.88 3534.45 5347.46 9537.67 9379.48 
2839.68 7694.88 9071.42 4414.92 2756.04 
1367.43 6950.99 4280.43 3954.84 5706.54 
9250.71 7698.85 7492.36 8255.99 2210.95 
2198.87 5813.32 7740.94 954.024 90.3076 
5888.57 4257.31 5278.96 8908.32 8530.94 
5036.9 2046.18 2065.37 384.343 1583.84 
1444.83 3224.03 9278.72 516.237 7638.95 
2034.75 1883.66 4589.92 6315.17 5838.5 
296.449 5565.86 3537.33 7788.81 3821.83 
5748.28 9987.68 9635.15 3489.21 941.686 
9725.46 9377.78 5199 5004.4 8286.08 
3729.92 41.2842 332.248 5795.28 425.627 
1916.09 7240.12 3649.65 1194.79 7756.35 
1288.58 3229.54 9640.02 5878.5 9544.71 
5478.5 6174.95 5110.56 9015.83 3963.75 
8932.4 4764.1 3951.41 8567.53 8253.31 
4893.1 8292.97 7631.07 92.0783 3297.35 
5917.13 3821.99 3338.64 6249.38 9617.28 
3764.27 8165.47 6857.38 7413.92 9360.27 
4613.71 8702.5 2589.79 4253.72 4580.99 
2134.48 9732.22 755.925 7245.04 8748.04 
4719.67 6177.42 3512.12 8671.09 4744.93 
1765.41 3564.17 3037.89 9396.49 3656.25 
6335.24 5313.6 7478.24 9673.88 1562.97 
7095.5 3438.13 9728.44 3952.86 852.033 
9088.69 8566.58 9554.53 1678.46 2820.28 
4135.51 3812.94 2552.48 4891.43 1057.97 
1300.5 9611.11 7235.39 4812.62 8282.18 
1980.31 6578.03 1846.33 5018.2 5974.5 
5502.57 1353.43 1288.09 2980.8 1027.29 
2851.06 76.2845 4465.43 2579.48 4029.15 
5317.46 1668.16 2595.71 4871.98 3346.62 
5415.99 9007.48 7159.56 7968.47 3898.9 
8217.53 9268.97 3509.98 5452.91 4081.57 
1792.14 7433.22 659.586 3638.47 2451.4 
6634.09 9141.04 3804.83 7922.18 2121.83 
4832.12 773.215 2198.11 9297.55 3352.7 
6227.26 4614.99 5020.85 8822.97 9486.96 
8367.47 4238.94 8494.43 5527.01 2207.39 
2393.31 3744.53 1476.34 5903.29 9197.43 
5557.91 7695.44 6630.63 6217.5 1333.89 
9082.03 2851.57 474.918 2886.85 773.727 
2596.74 7718.97 1546.94 4794.85 7016.5 
4899.64 1022.1 1631.47 9920.49 9845.07 
1118.42 8287.95 4083.99 9612.85 3814.94 
6291.39 2006.14 7559.47 7767.73 7909.43 
6756.89 3325.63 5604.85 3387.5 9543.12 
6938.74 2469.52 2394.68 7413.66 5356.37 
3168.4 10.388 3075.32 4715.35 4805.24 
91.7964 9614.99 5827.34 1723.27 9535.46 
5672.39 2841.68 7823.39 9756.39 2454.52 
1638.31 6047.76 4460.65 9197.78 3815.47 
2370.07 5954.65 7141.1 7974.92 9342.16 
6684.21 4913.65 1811.66 9078.88 2327.29 
7168.02 2247.27 2337.68 243.324 6962.61 
7142.92 335.12 6577.58 2970.25 2058.39 
6113.03 8642.64 4900.07 3936.4 8399.01 
7354.59 5574.71 4446.75 1815.22 4772.48 
8262.22 4185.29 727.116 5403.3 2160.2 
69.2552 2087.49 7073.85 1880.91 1166.35 
9401.14 9048.94 3413.62 1738.8 9292.26 
376.216 8881.72 9627.38 6953.8 1851.95 
1685.75 3066.8 494.569 6585.82 7003.2 
8893.58 3940.39 2577.9 3340.31 5755.62 
7350.38 1602.51 9940.91 8077.49 7005.81 
2101.09 8146.75 9093.3 9174.94 27.6459 
259.636 8576.06 9076.59 3673.26 314.839 
8368.83 4049.47 9196.56 7996.2 1003.25 
1048.49 9681.95 4070.06 1543.06 6267.76 
1073.24 436.617 208.14 3651.14 3776.92 
5963.76 1001.5 5379.43 5904.65 9078.99 
2385.23 8005.75 7225.72 1478.51 7180.67 
7253.37 1738.15 5756.71 6329.94 5411.4 
6071.55 4698.75 9460.88 5268.09 2694.94 
464.111 6316.58 2376.88 4534.17 7859.64 
8644.64 5607.41 8296.25 8852.78 9258.55 
2073.16 4816.52 260.035 7452.59 721.154 
9339.03 9837.82 8726.9 6564.74 1316.31 
5907.55 3818.09 3054.46 1664.24 148.011 
8465.86 7735.79 4846.77 7926.72 3003.86 
7541.7 8390.84 9320.44 9918.58 2924.99 
7180.06 8563.2 8532.4 5476.3 7415.96 
7790.93 7549.46 2232.46 8050.97 5002.03 
2953.61 7389.98 4839.84 1680.5 3954.7 
6156.15 7588.05 7772.79 9210.61 9252.29 
7920.8 7676.46 6988.07 2767.55 5603.17 
9991.93 309.235 3993.98 9312.36 227.798 
6918.97 6492.4 8791 5451.35 1968.68 
6206.94 3242.27 9518.14 8439.4 1293.22 
4520.15 1393 8683.2 9359.99 3073.5 
2637.88 5516.12 661.53 410.646 4726.72 
9913.82 8331.44 2403.16 6901.87 1098.97 
8006.33 6893.79 1408.21 2000.29 6206.13 
1636.01 8919.26 2698.51 426.986 4370.6 
4667.2 6633.93 7612.87 4185.32 5073.31 
8906.08 8705.47 6466.31 7589.26 8065.44 
9539.81 227.124 3581.55 201.325 637.77 
8308.27 115.13 8969.21 711.41 7017 
68.1691 8717.74 3910.77 1476.38 718.014 
116.885 3112.38 9637.28 2815.4 3539.37 
4007.86 7482.6 173.28 1620.71 1667.9 
5246.59 526.781 373.349 1712.89 8116.05 
8438.79 1252.69 8343.17 2020.32 1454.01 
8980.94 328.574 1569.14 7950.14 1039.98 
8586.14 8018.3 9757.72 2496.9 9494.68 
475.717 2613.78 2607.05 112.979 5429.18 
6146.42 4120.84 2911.76 6319.69 5741.55 
4579.66 1566.27 6268.33 4953.01 3279.16 
4384.36 3391.78 4531.85 2727.52 5412.1 
5985.86 1708.44 5740.68 7555 9658.57 
6780.66 6141.12 7676.86 6538.37 8638.02 
7171.53 7014.08 1251.79 9778.57 7127.06 
6680.97 5924.97 1247.89 9592.73 2244.65 
6989.44 4172.37 3810.92 3257.76 9125.38 
7090.08 7642.12 2517.14 1621.91 369.622 
7929.25 7607.77 2078.06 3669.91 5162.75 
1736.62 450.554 1303.85 9413.48 6988.92 
9941.87 6584.99 4002.99 1193.64 6363.54 
1130.03 7874.62 2288.49 2377.92 7467.33 
4533.14 9367.36 1639.69 8344.06 2625.1 
765.051 5434.12 267.206 3282.19 7056.03 
636.828 1211.42 4663.78 2714.89 4881.33 
9826.53 4451.51 5331.89 1130.36 3864.97 
2320.79 1072.22 449.937 6323.78 2265.86 
6813.48 7453.81 140.46 9101.97 9831.73 
7607.79 3635.1 9199.07 9247.48 1979.14 
1824.15 12.5165 7413.27 2091.36 3294.71 
4469.28 2728.19 4506.13 9133.07 5443.08 
9387.47 8959.58 9894.58 4719.34 89.9225 
3759.53 7040.12 1162.14 4209.47 3363.88 
3428 1022.93 817.674 3568.46 124.888 
649.383 1176.23 3759.99 9848.45 423.7 
5739.13 1672.59 436.217 3152.38 3763.95 
3730.93 7621.67 6492.13 8237.06 6754.72 
1935.19 7624.51 5714.28 1829.76 2343.83 
5804.2 5589.29 9383.95 6966.34 9798.76 
2747.82 394.321 821.671 3565.5 3962.78 
946.559 4214.88 5139.02 4706.55 4063.31 
5562.71 445.66 5735.9 5998.93 3598.04 
9499.84 9729.86 1219.69 5991.96 7966.9 
7974.41 7927.15 5591.4 3688.67 9756.91 
7935.23 9492.86 5346.18 7319.16 6459.19 
5144.92 66.9679 6853.51 5966.59 3632.46 
816.27 6913.14 7847.34 5955.28 1619.67 
1910.64 1517.98 2065.33 7646.53 7516.91 
5663.38 7146.36 7246.76 6883.07 3138.3 
5213.64 4857.46 1065.44 805.021 8546.12 
822.324 8740.25 8038.97 6168.5 6059.39 
4498.14 1313.4 6126.36 1351.63 7279.98 
9758.83 2167.9 4193.11 7606.15 8123.18 
5812.79 9516.79 9641.16 7878.12 7163.3 
7158.06 3541.48 4309.65 4404.8 424.528 
7447.95 9618.44 5281.98 8513.38 423.447 
3828.09 9335.71 9163.69 1867.04 5504.19 
5223.07 6365.18 6817.59 1349.42 7716.81 
4097.56 1108.23 9884.7 8290.67 8714.38 
8007.87 4103.44 8231.14 7649.02 1981.54 
5394.43 4807.06 5523.02 9704.08 9211.86 
5947.55 7152.01 8830.29 1229.51 5665.38 
9253.73 5057.6 5001.07 8417.41 6924.64 
505.244 3640.46 3289.8 7322.83 4989.88 
1006.59 1420.38 6098.11 891.278 9711.04 
4812.47 8899.15 3814.47 3043.59 6548.14 
5796.01 8438.02 1355.19 1319.01 8142.08 
567.03 7266.55 5294.07 9397.32 8496.07 
959.43 8651.03 3553.65 5960.5 7068.42 
478.273 6465.74 708.87 3768.08 3788.56 
5698.75 4774.67 5208.94 1796.84 5665.94 
4919.96 6609.31 4565.07 8734.43 9652.9 
1113.2 4530.42 8090.9 2468.39 5849.42 
6232.97 3035.42 3115.96 1527.02 2432.72 
1612.01 2486.45 1083.73 5165.66 8446.95 
8152.15 5643.93 4912.68 8861.02 9412 
8701.24 4559.75 4186.65 3910.16 6356.6 
9852.6 8830.12 2965.89 4417.66 7564.53 
2618.77 5530.86 2094.93 709.66 7999.25 
7944.36 6942.63 1034.65 1060.3 8469.65 
3467.36 2672.31 956.085 4551.09 7837.97 
9403.04 2703.22 3481.88 4315.7 1564.23 
2893.87 3016.92 6123.98 7080.52 6927.08 
2480.56 6933.1 5757.18 5446.45 1350.74 
3321.7 8065.22 6881.6 5416.63 8774.88 
4880.83 3360.97 5717.49 5915.47 4421.27 
4187.13 9382.84 7093.58 5143.21 3933.91 
4931.53 4546.23 6637.13 8413.41 8861.93 
8201.36 1307.26 1878.83 4325.32 8387.78 
8805.9 6805.88 5320.86 4563.07 2252.31 
6671.61 7884.76 317.516 3553.19 3301.37 
9092.4 8434.02 6662.34 4809.87 4349.48 
1083.6 8997 3732.3 8177.18 4140.19 
7666.2 3108.69 8686.42 4303.32 1522.08 
7548.33 2504.66 2829.34 9427.16 6829.98 
1217.1 8233.05 3635.84 6537.96 2796.1 
5888.15 3209.55 680.843 6205.67 6762.74 
3982.22 5298.05 5196.74 644.545 107.904 
9546.22 1728.14 9104.9 3278.5 9905.32 
3245.08 944.686 3014 1931.48 5248 
4536.08 9479.82 7752.66 7365.42 8906.96 
4582.62 8582.52 7140 8218.46 5120.46 
9936.09 4106.6 8330.01 616.922 312.246 
5092.74 4599.14 5610.29 289.465 5243.68 
5718.2 9835.69 6971.83 4823.08 3114.17 
6877.13 8068.16 4058.85 9891.13 9999.65 
9306.86 4427.2 9479.45 7059.5 1792.6 
8386.4 1642.1 375.101 5526.38 9860.56 
5495.56 5462.45 3967.14 3825.56 6079.38 
4279.39 8918.3 678.497 9889.68 9207.77 
5922.18 5607.87 9043.44 2893.99 430.932 
2157.59 9771.12 8499.09 6216.44 9662.24 
8498.72 5523.28 4089.42 7978.15 2582.77 
5882.02 6364.53 4224.87 6257.12 1890.89 
4085.42 1752.67 7353.35 8052.56 5578.23 
3432.7 2331.94 4496.51 4111.2 2221.6 
3704.26 33.3646 7829.47 2747.68 2927.36 
8260.4 4905.27 2698.46 6759.48 1121.69 
2360.69 5258.18 6644.98 6450.11 3236.32 
9227.75 2332.11 9600.86 3452.6 8589.23 
1491.73 7538.02 341.88 8845.08 5590.57 
5920.11 2277.76 7922.51 416.608 6388.96 
144.095 4120.87 6422.33 7973.56 6868.55 
9349.68 6233.95 1773.81 2048.13 2993.41 
2895.5 4408.82 8251.59 9540.48 858.908 
1487.9 8768.21 3191.02 1088.74 2220.8 
1780.23 2580.47 9758.82 2122.11 1425.53 
5349.38 8042.22 3703.29 3271.87 8458.83 
92.2413 3415.96 2579.68 6514.57 1389.51 
9448.24 5864.24 7623.46 1222.03 7912.37 
616.852 4117.53 2321.17 8868.45 3657.99 
3180.08 356.329 2426.18 6371.1 1445.07 
4646.98 8151.33 4025.54 4405.78 273.419 
5451.07 9755.16 8315.64 9154.36 3027.01 
6774.45 9246.6 6442.97 9354.13 5761.16 
7832.48 8802.35 1625.38 5455.92 24.362 
9537.75 6072.77 4141.89 1858.9 4941.2 
7799.88 5038.98 5297.53 226.043 1410.06 
6742.6 4873.02 9561.39 768.124 9278.81 
9834.81 6219.19 9033.95 8150.43 5373.54 
2060.94 4924.87 4620.13 8503.91 4278.98 
381.268 6336.37 3081.32 2006.65 1792.28 
3105.68 1544.38 7865.05 7247.57 3403.28 
2806.24 5047.43 8442.26 8103.78 5273.47 
9852.33 4846.36 146.479 9413.7 5614.49 
9425.28 9248.49 1833.66 8459.21 7398.91 
7207.2 520.136 2323.75 1827.31 9024.05 
6602.74 2208.58 5360.4 9684.05 4215.23 
7152.68 2789.72 5759.61 5017.72 37.2686 
9162.89 7823.96 5084.7 7605.13 5927.72 
358.155 7457.44 774.065 504.634 6871.13 
6388.55 9929.92 6119.6 8222.21 8389.12 
3518.49 5429.4 8909.25 5842.24 7256.71 
7933.28 2444.96 9465.29 3293.67 2129 
3680.5 446.332 4918.71 9440.1 5464.05 
4955.98 8602.97 3288 40.6648 6208.09 
9215.72 398.82 3665.52 9989.78 903.453 
536.629 6378.32 833.354 6656.23 4600.51 
9222.47 174.704 29.8884 8131.7 6016.95 
7286.59 6064.97 8461.91 6751.86 9358.63 
590.89 432.344 9804.96 5509.6 9872.45 
5269 465.571 8475.4 8557 506.236 
4683.47 7772.7 905.055 8348.99 7762.47 
1808.51 8885.62 4140.77 2641.86 5541.84 
8741.28 1864.31 5716.54 8771.16 9996.02 
1733.47 6057.74 6060.97 195.361 2809.59 
5419.58 786.251 3241.93 5224.53 6295.86 
3114.36 493.514 6761.43 1589.75 9050.51 
7267.66 6273.22 6823.19 8172.72 4622.2 
4585.64 9981.23 3507.8 8726.41 2623.07 
9049.64 7467.67 4487.39 4766.16 6238.81 
4483.39 6499.63 2296.54 544.337 6694.99 
5106.13 5963.92 7481.24 8348.06 1188.43 
3777.08 1462.41 1681.95 538.49 3052.15 
732.441 7806.15 9325.37 7555.63 5978.85 
3947.55 2141.26 5960.06 7455.35 867.651 
8583.14 6504.97 8335.32 3070.51 1271.12 
4574.11 7553.89 7770.74 6870.65 8098.23 
4465.72 1976.76 4062.13 1946.94 324.802 
5250.57 5724.02 1787.21 6932.51 6262.51 
4839.36 7664.95 4068.65 4164.72 5220.57 
47.4868 8112.27 7361.83 6007.55 5567.61 
8229.48 4590.67 2072.57 6564.78 7661.18 
3343.68 1138.88 5215.05 1114.41 8009.53 
3313.27 5580.13 9986.29 7375.4 7527.07 
311.071 2625.95 3251.07 2098.28 9558.46 
9513.59 6937.64 7223.39 3582.22 1102.34 
2443.95 3629.7 9214.61 9805.78 9637.26 
4782.2 8035.24 4227.91 6854.76 4600.01 
1889.07 198.428 5738.89 7104.13 1312.84 
3748.4 417.376 6892.97 3734.67 7792.78 
4420.02 4045.74 418.706 7671.09 6144.02 
9977.17 7184.66 3081.64 7200.54 766.859 
4183.98 9644.49 4396.56 3398.57 9450.25 
4033.8 8180.77 7485.48 8261.71 5035.51 
2085.47 150.767 5233.94 7824.36 7254.89 
6546.78 1572.75 7672.27 3439.73 5307.42 
5465.03 7859.74 9353.16 5883.73 5530.82 
5497.16 5860.88 2715.46 8578.8 3061.41 
3482.32 2762.76 2705.88 7878.88 6161.33 
2156.12 1912.66 4342.07 9641.6 174.357 
9377.59 1727.05 325.124 4611.51 9551.42 
7580.02 1158.27 1124.15 5252.27 4598 
6431.56 717.279 2457.72 5784.7 6601.01 
7988.54 1281.84 2461.88 703.976 9860.64 
5523.29 4186.29 2623.38 8229.17 2065.15 
8784.71 385.268 3977.81 3126.77 26.849 
4152.17 2504.33 1753.9 4477.29 7115.84 
1305.3 2057.29 8274.11 2429.45 7309.56 
2872.09 8861.01 8026.84 5329.81 4645.69 
4627.84 3318.33 5927.53 7089.72 4022.31 
5788.15 2612.98 8208.6 8411.54 842.135 
273.736 7196.23 1227.4 4251.55 322.974 
1254.25 8403.72 2827.31 3008.16 2881 
9943.15 4313.46 4938.29 8217.25 6742.91 
2247.84 1089.32 5603.9 274.661 6419.14 
249.574 4902.5 9737.47 6177.1 1992.2 
3759.76 1965.24 4605.18 1968.35 376.761 
5447.31 2242.08 7572.99 6674.72 6493.63 
7895.96 7928.97 4897.34 723.252 937.109 
7778.33 666.387 5250.57 2716.61 8883.63 
1993.46 4964.45 9972.96 7597.36 5239.11 
6392.08 7846.93 141.59 6129.53 4024.02 
2133.79 9889.29 5989.26 6738.97 1857.62 
6366.02 2186.26 4099.7 3938.99 8860.98 
593.313 1834.94 6789.93 5490.65 2558.19 
7727.04 3268.97 3224.57 2977.59 5985.58 
2108.19 4971.05 950.006 2081.13 2568.39 
6189.11 8473.21 415.305 6330.7 4602.72 
4439.32 8464.49 4491.99 428.569 5203.44 
6349.6 6794.59 7389.7 449.286 733.566 
6250.67 1042.6 2568.5 3040.58 6533.25 
5126.69 767.61 9802.21 8351.26 3745.2 
5787.77 459.44 8716.25 6737.78 2540.57 
1284.63 2926.88 1013.76 1699.93 9257.58 
5616.48 6139.26 7722.05 108.448 6567.83 
2925.47 6458.05 3362.4 315.158 6907.34 
4095.97 6565.82 7949.94 6664.47 9606.41 
4483.17 1791.14 374 4285.37 142.392 
4119.2 73.122 601.832 2835.44 6810.9 
3142.4 4120.07 9737.78 4156.16 5820 
8995.34 9772.64 1959.25 6717.38 9881.09 
8527.07 9642.85 6339.12 1889.46 9958.01 
3246.45 5985.43 6523.81 1196.37 2649.88 
6130.21 5679.54 4441.03 6504.21 9964.9 
4583.42 623.393 38.0068 5185.25 3458.83 
6848.91 8327.65 7578.9 6586.67 2483.8 
3398.89 5581.99 2256.42 5358.13 2299.35 
2137.5 3885.19 1942.18 8476.62 5774.65 
1900.17 1723.05 1760.06 8423.99 2919.42 
4409.94 4554.17 8598.95 8850.97 1058.36 
8563.84 3434.37 1681.76 8601.84 8619.62 
5140.59 5450.73 6947.25 2719.47 2037.38 
9431.05 6118.36 7619.38 1687.46 1476.48 
9918.72 3824.96 5361.67 1860.89 2301.56 
1136.3 3761.06 4024.61 2896.36 2185.03 
6944.02 7306.3 6739.2 5542.96 6157.25 
7797.57 4106.78 9591.62 9479.32 2708.6 
8211.22 4619.9 8159.34 5158.46 7339.37 
196.704 4589.49 3457.72 7816.08 6276.95 
4934.2 7734.79 101.893 295.853 9595.67 
2403.45 1432.16 3356.72 6428.06 4328.52 
5541.75 3372.07 1634.8 2280.93 8915.03 
7792.06 78.484 3021.79 7383.66 9557.81 
5730.39 5594.86 4177.69 3889.71 753.297 
1517.04 4086.41 5342.79 4974.76 1902.47 
1619.73 9908.96 9637.26 1721.62 204.796 
9232.92 4125.07 1636.95 2589.62 553.117 
5965.47 8131.36 3925.18 7600.27 412.28 
2840.19 5392.31 490.764 5861.98 2775.95 
48.555 1592.35 8370.81 4226.24 5482.06 
9124.11 5743.29 9568.47 4466.88 718.029 
1470.93 6086.61 626.973 1108.17 7808.23 
831.769 341.067 1933.28 2468.72 2930.68 
2486.4 8434.19 1062.03 6411.58 6034.45 
1474.31 9251.78 1426.74 1965.07 5113.74 
4202.7 2013.63 6706.09 2573.49 6239.87 
2188.13 1697.58 1983.14 1756.58 6164.46 
2701.17 3227.5 2251.05 3328.14 4335.67 
59.2609 4159.91 4676.74 1992.54 6628.63 
7607.42 4478.94 5062.81 8669.45 890.509 
1097.24 143.745 142.268 2523.98 2108.82 
5256.01 6726.68 4122.45 1962.07 9300.17 
362.302 4150.2 997.73 2345.44 5906.78 
7162.19 5046.61 9134.28 9413.24 8374.75 
3469.94 9472.5 2534.65 8146.67 1465.03 
9163.28 5754.08 5943.97 4226.07 4423.51 
6834.48 5323.31 4567.26 6976.75 7847.29 
6676.08 2232.74 4573.96 798.506 4194.81 
3874.11 1160.81 8345.01 4871.84 3506.25 
4251.78 2034.01 8552.86 3386.04 1447.24 
6927.6 6855.98 919.721 9462.25 5002.64 
2384.75 8625.51 756.698 8328.72 2851.57 
5180.21 5163.19 8174.88 9747.47 2139.92 
6022.15 6423.53 4372.66 596.092 7222.03 
8567.47 4470.2 8382.84 6912.47 9342.04 
1889.07 1164.23 1376.03 441.919 4550.27 
2823.26 7369.52 1406.24 3742.99 6831.75 
6408.87 6127.74 5457.24 7165.57 4456.44 
8308.81 2345.77 9619.63 6483.67 2093.22 
1759.53 2505.8 8516.75 6132.19 3101.89 
5738.76 4699.64 7572.09 4121.59 1612.1 
6914.11 6010.66 2776.33 8290.14 6452.58 
7326.6 1113.39 3822.08 8732.84 4856.37 
653.808 5141.7 984.093 6111.05 2307.25 
5440.53 4419.84 4653.02 5060.15 903.485 
6746.24 6819.68 3409.29 5262.96 2951.85 
6511.18 1001.71 7651.5 4083.25 5123.29 
9263.59 997.348 1133.94 2039.9 9287.49 
7586.51 9366.5 400.858 1408.57 8099.32 
5257.23 2062.38 3241 6241.32 8173.43 
5548.25 1681.84 2593.25 201.255 6741.99 
3496.74 6947.49 3561.65 6906.02 2210.44 
6513.5 3417.19 3212.14 4164.98 7500.44 
8335.44 3428.55 8497.79 9469.37 5468.46 
7785.26 7055.87 4834.94 8186.12 8464.45 
2934.25 3443.33 526.811 6175.25 9684.66 
8700.24 1723.49 1366.48 1293.48 1924.75 
8108.47 4790.21 8872.24 1670.1 1696.22 
1082.66 8183.6 5113.4 4294.8 2348.56 
2613.83 2630.22 5777.12 1111.6 2099.58 
1245.55 8896.86 9155.45 6080.5 7082.95 
7619.88 9014.75 526.269 8146.69 5189.98 
210.909 6846.91 6913.47 1577.39 8140.39 
8838.22 9685.86 2930.58 7710.44 1355.95 
4626.8 8793.1 9539.55 9740.21 3087.88 
1888.09 2354.01 5718.1 7665.21 3465.61 
7817.68 8910.76 2362.45 6973.11 4991.24 
9445.4 4592.97 4005.97 9971.67 2739.65 
9195.95 182.565 9586.56 6109.41 1759.96 
7726.93 4947.61 1445.8 657.499 2658.04 
2801.74 5284.3 1451.11 2341.27 5024.49 
4538.99 4229.37 7378.5 257.079 1894.56 
844.098 8074.76 805.303 3206.55 5047.86 
5796.54 2651.94 9640.83 9802.51 2623.59 
2380.46 8998.45 2806.16 1967 5107.84 
4566.11 9693.94 55.4395 6011.91 351.418 
2713.48 8813.66 5635.72 4164.59 1154.91 
660.192 8703.58 5384.28 8038.7 8960.66 
7278.84 8882.79 7035.41 8084.14 2089.33 
2083.25 3880.67 4741.26 1724.06 3683.16 
7364.85 4104.52 2681.6 170.992 6071.52 
7789.44 4737.1 5765.44 7844.88 748.998 
6116.86 558.336 9562.65 1752.56 4722.93 
717.548 2412.75 3426.49 6101.83 451.434 
2387.14 3380.64 9334.23 9422.54 1464.77 
1423.54 1505.77 5345.43 6164.8 3229.84 
9028.59 3529.63 7334.36 1710.17 3700.63 
3405.86 9499.61 8437.73 9171.31 7344.47 
9186.73 5288.15 7902.81 8749.36 7040.71 
2625.71 9466.91 9453.47 6052.21 5568.72 
9904.9 8439.34 8949.36 9239.11 7861.87 
414.113 662.636 9367.65 5759.54 6827.44 
2597.46 4788.12 357.052 9931.82 6498.29 
4057.68 3337.67 5997.88 2495.39 2508.96 
3342.33 1682.1 7797.11 1245.12 431.45 
4837.81 3870.84 9898.36 4291.26 9923.04 
5467.07 4196.14 8362.37 4416.41 3435.24 
6224.23 4830.53 4097.88 5591.86 590.054 
925.294 8189.32 5378.17 1282.35 8121.13 
1876.45 5340.02 1458.78 7874.33 7835.42 
3967.74 1216.64 9517.52 1764.83 2461.77 
9948.97 6602.64 6332.61 9847.31 893.875 
6255.63 5314.36 5090.02 4617.99 9730.78 
8525.26 842.202 4561.29 2623.12 6434.06 
5151.34 3548.41 4623.37 529.497 4830.76 
2744.48 2405.94 170.762 4203.26 280.252 
8006.18 8171 1496.9 7523.68 9935.83 
3958.66 7472.63 6538.45 291.252 7319.93 
7432.32 6546.89 2634.27 2522.32 1164.86 
2365.03 1047.56 2007.06 6926.32 3670.68 
8441.12 2077.64 7219.08 3064.47 2607.14 
2049.82 5808.95 5013.08 2220.58 12.1927 
5293.33 226.745 8183.19 6790.23 7750.42 
8119 748.876 5223.03 4657.43 1040.13 
2542.94 2089.73 7587.01 5177.21 4612.05 
8751.87 7542.25 5659.61 758.919 4468.55 
9330.29 9200.04 6546.19 6549.35 2264.5 
9153.33 8599.18 8073.45 4166.4 819.744 
8085.64 9459.73 1046.49 6268.81 6249.94 
8796.91 4387.8 6998.82 4019.93 9045.22 
8038.95 6562.87 1134.94 5625.95 1740.07 
5746.99 4377.8 9282.32 1406.58 5136.72 
3750.85 736.849 4336.75 297.02 7286.2 
6601.24 9450.35 5885.36 4674.68 3616.73 
6705.11 2760.3 3076.45 7751.6 9029.12 
9326.39 6548.49 3416.9 6325.19 568.402 
2462.1 4364.13 7131.27 3597.04 9990.07 
8871.34 9344.02 4367.86 8153.64 750.585 
9504.58 1904.47 1487.43 3841.31 2201.49 
8773.64 442.536 1651.83 4658.98 5117.21 
5268.56 1364.07 7877.52 8345 9115.67 
6906.62 7671.38 5664.14 323.494 3996.56 
6232.54 2785.59 8360.68 3363.8 6382.63 
8350.74 2235.13 5726.64 2718.58 388.753 
6477.22 2223.14 2293.22 7964.65 6064.45 
4494.72 6738.27 6506.98 6146.54 1397.24 
1624.18 1415.08 2761.31 9501.7 9760.09 
1876.96 6408.29 7431.45 7541.1 6731.79 
1427.99 3773.63 9517.38 9788.67 7137.43 
5900 8139.39 9372.56 1626.62 857.947 
9761.31 8103.84 3081.09 2054.52 6068.47 
9145.54 6549.23 2806.73 5652.5 2695.76 
4203.97 7276.68 4110.84 6965.28 6778.36 
3870.91 8842.24 3186.64 1302.34 6383.32 
9918.43 2730.33 156.935 9435.79 2518.98 
7294.37 5335.77 658.348 6666.91 6962.39 
1516.29 6428.2 5066.21 4597.38 8482.72 
1134.66 3742.9 5031.94 3941.39 9395.41 
7727.69 8145.36 6672.07 1838.52 5110.62 
3450.42 5709.43 3952.84 6637.06 7011.77 
336.15 6555.47 9742.1 493.085 5991.25 
2261.06 7787.45 1327 2919.41 4454.34 
8289.39 4435.71 882.521 3355.58 9033.09 
9365.24 4490.25 2775.97 4397.16 8431.64 
2171.36 2124.83 6576.99 8843.44 3963.35 
1687.59 2293.84 9672.79 5640.44 8930.9 
6684.54 5976.59 5486.36 6426.63 6469.67 
1477.59 8687.69 4257.1 2804.59 1607.09 
8711.44 1093.97 6042.79 9593.96 4449.55 
5075.87 8959.18 8939.8 7851.84 3356.32 
7371.42 23.1863 5481.16 3948.39 8866.62 
9444.51 5635.98 1160.45 9117.28 1276.4 
91.3347 5801.81 7252.99 5577.69 2228.42 
3722.64 7055.28 916.094 7979.75 9859.87 
2523.18 6691.17 953.819 8565.97 6285.12 
5403.37 3641.82 5244.28 4343.15 1493.64 
8600.61 1714.56 1516.83 4081.75 5662.95 
383.439 3526.24 1298.91 1543.89 2643.51 
2575.32 1635.22 8445.31 9828.3 7212.91 
673.715 3550.93 4268.18 1589.81 1530.66 
4128.03 4112.99 8221.83 5081.85 2678.95 
4506.93 485.199 6320.77 9751.21 4828.35 
7814.41 8351.81 6542.9 9331.24 2433.54 
2205.84 9714.68 5959.78 3504.75 1258.55 
8603.29 6080.07 2893.78 7048.59 5908.35 
106.674 7722.3 9459.28 4374.85 9312.11 
989.925 8502.88 3425.08 9211.75 3584.71 
6104.03 3718.67 4069.91 2424.78 3469.86 
8898.26 239.179 1821.65 5441.14 9570.42 
4255.19 7646.98 9285.09 214.96 1151.71 
543.628 8818.25 7231.78 3437.41 5866.82 
3140.11 3544.08 3589.11 2599.38 7918.93 
2901.2 3589.31 6421.79 6326.28 2801.04 
6.4794 2430.3 6519.71 4076.39 4855.08 
9989.57 2974.62 5094.26 1811.21 8415.77 
4664.67 6066.4 6062.73 3949.74 6281.36 
7214.44 4493.37 5099.6 4446.2 7930.77 
966.403 7586.32 1474.83 4555.51 185.679 
9393.76 7456.71 3774.99 5815.54 3782.98 
6576.03 5822.01 6213.27 3095.72 9898.4 
1068.34 3085.28 2873.01 6162.59 4896.49 
1288.76 827.243 962.877 7351.49 4776.98 
7244.24 4565.91 9270.35 2343.82 9012.11 
7201.1 3310.23 6598.41 8675.94 7865.74 
6784.09 8069.68 5322.43 559.06 3885.2 
9105.41 7135.09 9707.22 5318.66 230.791 
9605.6 6387 3316.07 2478.59 2549.58 
8212.56 3767.35 3376.82 9175.44 1118.82 
8153.8 6419.66 5684.73 7424.13 8763.49 
4696.83 4625.22 2073.69 1295.22 3301.14 
9939.43 8079.31 1370.81 5261.84 8638.37 
5256.01 4367.23 5773.44 4963.21 9685.9 
6004.24 4568.79 6072.88 9320.31 7047.38 
8622.46 7532.85 814.709 1999.27 6708.27 
1933.53 153.052 3127.91 7618.26 7577.19 
1891.38 2315.07 2202.39 3965.07 3610.29 
5503.53 3904.49 1689.59 6874.34 9166.33 
327.945 2130.33 3533.55 6101.39 7093.53 
3219.43 2105.61 1662.3 9292.31 1425.9 
8709.68 7914.76 8958.74 9524.39 9914.03 
5666.99 1457.9 67.0607 8794.91 9076.16 
7644.25 686.267 1391.21 9846.64 4651.34 
5001.5 5350.15 8555.83 6691.09 2224.47 
7722.14 7019.04 4354.8 1255.68 3120.41 
1448.31 4475.11 5226.02 3110.61 3767.4 
6651.91 1820.28 1682.15 5610.64 1344.65 
1596.15 1277.62 2802.55 1663.22 72.5041 
1878.69 9307.46 758.771 3269.91 9154.08 
5410.11 8271.41 4504.22 3965.92 4962.49 
6728.69 1688.05 1981.51 1083.46 2943.72 
5101.92 2531.77 7418.83 327.917 5642.39 
1186.22 6979.83 7462.67 2868.36 2590.45 
8807.32 4464.52 3868.07 1609.85 6127.73 
3940.57 3488.54 5435.18 4699.34 6758.45 
4589.24 109.439 5029.84 9093.46 4075.36 
9992.33 5822.13 5763.41 1973.82 6905.59 
8707.13 7075.73 9437.37 6125.94 7403.65 
5079.74 7312.16 4383.46 2542.39 180.506 
6973.92 1349.69 4645.02 841.969 2959.54 
772.74 4782.54 6448.08 6207.92 9481.89 
3206.52 797.147 9591.33 8236.36 9890.61 
3666.67 8228.67 5712.72 9430.08 202.473 
2618.29 8137.19 7278.21 2055.64 4263.12 
4681.84 7135.38 1575.26 9065.3 9677.77 
1755.77 6039.2 1027.44 6400.79 6881.17 
3986.98 7173.53 1663.7 435.041 3381.43 
1145.57 3641.56 4178.58 736.878 1877.9 
4069.17 4403.55 106.556 9781.89 3833.61 
309.028 2400.17 1970.78 7587.23 4455.81 
6233.9 2269.06 1591.17 7809.16 1334.35 
1268.92 9564.93 7373.55 2296.36 5965.71 
4254.71 6283.33 3139.22 5918.41 6718.38 
6520.66 7063.98 359.916 699.222 7800.86 
2237.82 4768.39 2204.39 2344.37 4550.27 
6038 2653.4 6950.43 8008.78 240.619 
1406.23 4242.66 2509.68 2997.4 2051.81 
3844.02 4266.32 1616.73 1217.56 6562.68 
7582.43 5472.27 2846 721.639 1390.66 
9564.37 7242.3 8454.64 9924.29 7941.52 
6255.48 2162.09 2709.9 8459.86 4506.46 
7260.16 4497.84 7159.86 4210.58 2506.6 
7400.48 5616.81 6749.27 9910.16 8614.21 
8801.08 3754.16 2880.51 417.787 4971.72 
9443.19 8000.22 443.972 2289.17 8721.86 
1834.63 1853.52 5964.14 289.249 1777.79 
3905.64 6544.72 3939.88 6615.53 5004.57 
8446.34 3875.68 9502.41 5606.18 8086.26 
2009 3006.64 3703.05 8758.26 2916.78 
2317.24 7559.32 6670.95 5197.75 7977.11 
1642.65 4640.92 5977.31 2086.62 6930.08 
4699.16 3921.25 8783.6 663.278 4210.5 
561.371 4568.92 755.209 4501.25 1184.44 
5759.78 2947.57 5060.12 5262.17 8553.75 
3146.36 7271.17 1560.37 6849.41 6029.42 
4477.15 9166.65 3588.72 1148.08 4364.38 
1565.82 2790.74 9005.29 7543.13 4877.36 
5935.35 2242.27 8798.61 4718.94 2905.55 
3009.1 5280.31 7474.47 3764.31 9781.56 
8658.91 9524.09 2729.1 3719 4786.24 
1282.83 6865.36 2057.39 2843.21 3714.75 
8086.81 7320.36 2881.38 1675.52 8468.45 
7245.76 3241.34 1259.17 6251.03 784.455 
6136.53 2186.37 3026.73 4935.12 6905.31 
5932.28 7944.22 2185.6 3406.73 1708.51 
1967.14 2065.62 1232.58 4696.24 5784.62 
6018.82 5979.08 2649.97 8076.22 8822.28 
6364.72 6163.01 6142.62 9246.11 7838.53 
4611.05 6491.85 1079.85 5870.22 2742.86 
1864.3 2006.73 4929.23 4891.03 6941.85 
1834.53 823.296 4886.05 4020.12 4230.03 
6594.56 5987.26 6295.65 7827.14 683.485 
2080.26 3845.95 6662.56 4730.22 1922.15 
5484.82 1094.93 8085.16 1627.43 341.018 
5923.67 6238.49 6832.87 7003.52 2108.69 
9575.73 8867.82 4115.42 4504.95 3758.84 
1057.25 6339.47 4582.13 5943.3 359.578 
8812.16 2537.85 6346.84 5107.8 364.979 
7030.32 7188.05 4210.93 3692.87 1918.26 
6133.08 9177.69 3013.19 4218.22 805.105 
3354.21 141.868 7043.59 187.057 7145.39 
9152.28 9762.79 6013.19 3267.68 4267.72 
9772.03 4324.93 607.17 4354.15 268.213 
966.748 3166.3 2806.06 7313.59 8274.09 
3171.04 4343.89 5462.13 7381.97 8036.76 
7380.39 3515.03 7214.43 393.562 7733.25 
8019.54 3747.77 7875.11 5063.11 3934.83 
5020.48 4215.37 3697.6 1033.66 7483.05 
7965.31 805.672 1807.96 8572.48 5159.82 
2076.17 9539.23 8326.12 4882.24 6852.8 
6600.19 8053.28 1196.67 2062.3 5435.23 
9233.43 9442.69 8950.26 6447.84 9836.25 
6683.49 4467.36 3584.01 4558.58 9530.47 
7518.83 9579.07 3745.83 1216.41 612.708 
1228.86 9181.72 1418.38 3036.82 7754.19 
6578.2 5112.99 7293.4 4904.3 9995.23 
4146.18 1504.47 8048.49 5342.85 3566.78 
3483.7 4576.27 3009.45 2433.95 1024.1 
2845.69 9117.43 5491.46 6429.69 3676 
5021.92 3948.51 3255.05 8767.74 5164.92 
3867.76 9996.6 4346.63 5286.14 3033.4 
2100.8 1864.32 8146.39 9394.2 6768.62 
8141.6 3540.36 8273.09 6190.07 8883.21 
1839.85 9673.77 3459.47 4849.3 2107.7 
4483.56 7694.99 1225.12 9975.02 4124.66 
4901.12 4996.92 8073.17 8156.17 3764.65 
3238.07 2023.91 3761.23 7584.7 7310.05 
6794.64 9685.5 9174.37 4941.01 9079.68 
5942.98 3082.6 2620.02 4216.05 9272.67 
1503.22 6055.9 8946.43 4962.69 905.19 
1054.11 9446.25 8600.18 2279.23 9421.25 
2724.82 7180.35 4418.15 797.978 5336.51 
8182.8 4036.05 7360.42 1944.01 1620.74 
4670.45 8738.65 1306.22 3844.81 3679.64 
385.884 9787.78 6762.24 3005.91 4003.82 
6034.89 4509.13 59.7061 4981.31 9471.81 
964.896 6035.42 8918.04 9565.07 8314.65 
8339.28 2289.88 5494.99 2757.41 3087.86 
831.48 940.192 7123.91 8191.9 2884.2 
8744.65 2862.34 1622.83 50.8555 6707.15 
5302.48 436.74 6494.91 2064.7 3442.65 
498.715 8099.6 7951.77 558.421 3080.88 
7423.57 1523.32 9116.3 6341.6 1088.37 
7430.94 4680.85 3378.25 2925.91 7438.27 
6466.11 3757.39 8378.46 3590.01 1949.27 
1262.64 2334.64 4811.61 2885.48 2385.5 
1518.74 8187.96 2822.24 8013.65 252.64 
6264.89 8512.37 8352.23 4216.64 9070.79 
1433.1 1640.2 594.09 549.386 7981.79 
1682.46 7980.32 2662.63 5060.72 906.216 
100.877 1526.82 4663.6 8479.33 5116.82 
6612.88 9741.98 7451.47 1424.47 2627.44 
9836.97 2943.21 815.378 2659.19 956.846 
1068.02 8924.07 9469.21 9420.25 3140.7 
8539.99 853.337 4780.9 9134.08 1402.72 
2762.67 816.524 9383.05 5425.3 5877.24 
289.246 5526.18 7404.06 4952.85 4005.49 
2520.86 1565.71 3747.45 9972.33 2990.18 
6374.89 9809.28 5933.39 7190.27 2468.45 
6890.24 8258.29 1392.51 6359.43 7678.52 
4533.21 4899.4 8531.86 9314.1 4033.46 
9934.58 2076.76 4849.99 9317.61 7502.06 
727.212 9606.86 3028.22 8131.27 4559.69 
7033.71 652.117 6125.4 781.146 624.432 
9115.58 7156.04 433.698 5048.95 4346.29 
2902.15 1939.17 2604.56 4294.66 8298.61 
283.069 8827.87 3197.99 8814.93 8141.96 
7231.45 8749.5 218.7 2081.42 8067.09 
7720.76 2808.64 7673.93 748.956 939.888 
2233.61 7782.67 1592 8359.01 8563.81 
2216.44 7474.58 5719.83 2650.13 2523.51 
66.1077 5552.29 4462.69 2670.67 9846.95 
2761.28 2953.74 8674.8 5959.27 1768.65 
6816.74 3190.7 518.13 7035.44 5272.13 
8585.22 4756.18 8080.77 6259.14 5505.14 
9020.65 8492.75 3287.79 612.641 6851.75 
1851.58 2829.08 4326.31 7571.41 5479.21 
6849.82 7637.52 1031.48 1312.49 308.175 
878.411 4073.76 3261.91 9553.21 33.0132 
5030.57 6369.94 3223.72 5548.7 3405.36 
8495.85 4133.9 8161.55 6576.6 393.024 
3666.67 5597.23 8885.77 6954.46 6209.87 
5737.5 8806.04 9038.95 63.7907 6377.43 
4518.15 6913.61 4014.94 5549.63 8226.1 
4323.11 6428.04 2299.84 7585.03 5981.23 
2332.86 2615.58 2351.15 5556.58 8164.27 
5756.52 4052.41 2298.16 3918.05 628.985 
2691.18 7584.71 6226.22 1576.94 4539.15 
2436.07 7314.44 3345.17 1475.01 7378.23 
9722.61 5993.15 4291.83 3737.53 1542.77 
2517.91 8060.64 7970.8 4817.75 5645.66 
3952.02 7150.61 8261.23 6303.17 2707.16 
6425.49 2059.67 6759.57 8723.65 5977.72 
7388.55 1414.81 3562.42 3614.75 2991.75 
8101.57 6050.83 306.176 1446.73 7525.84 
7684.41 1169.32 3518.97 1976.22 4906.85 
5061.74 4494.12 2967.47 3032.53 9311.87 
8613.13 6984.54 6462.46 6874.34 3287.7 
9169.62 3299.82 5347.37 5929.18 2023.45 
1325.07 3317.71 3438.26 4887.49 6932.47 
6430.01 2989.05 2983.28 6736.19 4435.77 
509.1 4420.58 5605.09 4028.07 6396.8 
511.918 9089.81 890.902 3479.39 2122.32 
202.757 2092.5 9106.87 6665.22 8966.85 
2394.55 5834.83 2266.65 7741.92 1763.99 
4290.09 9067 5081.7 7728.35 3954.47 
2014.15 4158.35 6943.52 4997.43 894.518 
1379.27 5506.53 5315.1 6984.36 9534.61 
1711.88 7496.28 8624.4 2602.78 975.653 
746.709 2805.54 3068.15 9853.58 9470.75 
2034.98 2248.11 5305.56 4301.63 9990.03 
7069.55 8591.72 9057.01 2151.23 6320.06 
3011.46 4165.38 478.39 9954.98 9162.82 
1372.91 1334.24 4669.33 6688.01 8318.6 
4203.92 8399.88 5814.86 2828.31 1002.64 
6790.51 3575.01 3808.18 9858.67 3428.57 
3278.92 1893.63 5676.68 8584.48 6195.26 
5666.69 5654.02 4786.97 4723.69 7805.25 
1107.01 7735.15 1970.61 1585.4 7690.11 
1133.41 2958.31 9024.35 5802.74 9646.32 
7342.93 6.64476 8046.18 3157.77 2834.95 
9048.83 9948.29 6409.96 2856.99 9806.94 
9838.54 6135.91 1700.55 5515.2 4720.37 
7895.81 1181.88 374.371 2682.77 5905.56 
8179.62 3789.78 3640.7 150.215 5375.18 
1330.79 1283.63 8333.49 355.126 7086.37 
7979.79 7698.06 7093.02 6025.95 855.812 
9927.97 5074.76 804.081 6337.91 7931.75 
610.999 6176.43 4067.64 2311.55 1691.62 
8788.01 207.349 2873.49 9162.38 2890.11 
8779.06 7341.98 6679.89 2419.74 7492.2 
2055.05 3750.53 8775.83 388.527 4105.66 
5862.18 8368.32 1803.69 2955.18 4394.25 
2659.51 2883.13 9469.01 3463.59 9221.04 
7400.74 4074.59 5397.46 1468.36 6386.14 
7089.07 256.36 6593.49 9962.57 9418.74 
9483.6 8741.61 6760.71 6163.48 1161.33 
4252.9 8218.53 4911.86 3028.71 8607.06 
9017.51 8890.89 6975.36 821.19 1846.06 
1369.59 3480.7 4729.19 838.583 6944.28 
3950.21 8239.32 1018.85 9347.67 9707.69 
7404.99 6436.72 9964.05 3998.46 6399.27 
9382.77 3482.04 5140.86 6143.47 9645.52 
6302.19 396.349 7864.03 1214.03 3425.06 
6471.07 231.524 2315.93 3446.41 1052.71 
4161.99 4816 4533.41 8891.17 5654.59 
1477.68 2841.36 3893.89 2496.53 2189.02 
3601.57 9901.52 8625.74 3565.6 3899.96 
5024.99 2948.35 7382 165.84 9091.83 
7027.5 6468.03 9488.17 4891.52 7682.06 
2913.21 1362.58 7913.58 5229.14 4808.99 
8966.29 9391.13 9625 3499.69 8282.28 
5279.57 4977.36 1123.63 9173.46 7473.89 
3312.65 2775.01 7375.39 1938.37 6340.6 
1275.33 6963.36 9288.96 8657.33 7129.21 
8380.77 5684.82 3597.22 7868.92 576.318 
1279.26 782.121 1938.89 9192.84 6011.27 
6747.88 8159.12 5402.38 6372.86 1658.79 
3684.65 1652.41 6636.15 4808.28 825.854 
4110.02 8120.93 3600.86 1485.4 59.2802 
9941.47 2760.73 7022.65 9230.41 1418.04 
4151.83 7611.16 7102.86 7749.05 5480.07 
7679.18 9028.31 6262.19 9618.07 8221.13 
2273.44 6365.94 6380.23 7675.82 2738.78 
8039.01 1360.45 4391.19 4675.15 6168.73 
5217.05 8785.17 4289.64 8817.91 270.549 
4348.92 8759.36 3031.28 1371.55 7989.75 
4449.32 5523.38 5600.9 1552.16 3272.41 
1080.95 9231.33 2300.7 7343.14 8849.39 
521.814 9616.58 5215.31 6902.04 7292.38 
7954.09 4941.04 8652.83 2345.27 9616.18 
4821.54 7562.31 8401.34 9111.18 6380.21 
8671.89 3460.08 5139.55 1703.14 4831.63 
3129.29 6152.46 354.99 8730.18 7704.62 
3627.4 9811.13 6935.94 5928.11 7154.26 
5785.31 6449.92 6770.82 1000.6 3351.94 
4063.18 8954.69 8292.98 2716 1299.94 
7909.15 7537.54 8862.25 6310.47 6648.7 
5242.44 4982.34 108.761 381.973 6685.48 
4940.39 3511.26 2837.93 5295.38 2241.43 
542.532 8922.78 2052.55 7478.47 4850.87 
9206.8 3263.76 1300.77 5977.61 4264.37 
4652.71 40.7733 3219.04 2945.68 2756.77 
4518.98 854.811 294.288 3381.22 7165.28 
6942.99 8623.66 2147.6 7051.75 9005.63 
8833.08 1992.12 2516.87 1670.99 7287.5 
4758.3 2213.53 6210.26 6810.84 9692 
1061.11 6017.63 2955.75 2361.88 1995.22 
7220.11 7014.6 2035.99 439.133 9960.28 
4792.76 4958.11 815.071 5087.05 8339.33 
7980.35 2030.02 6962.97 127.935 9081.77 
5968.58 8961.02 1073.87 8485.45 631.997 
8361.36 3243.73 2845.52 4571.61 54.5577 
2537.5 5632.72 6072.19 5493.25 7994.6 
8067.41 2713.34 5009.18 103.384 3152.48 
4969.44 4896.15 8110.59 5784.51 9983.2 
6449.9 3764.85 2013.2 3412.85 3892.78 
1094.95 9381.43 2853.78 2168.82 7866.86 
3485.78 530.164 1110.58 6331.3 5101.77 
1165.13 8868.81 734.472 7237.32 4362.04 
8729.07 5304.71 7075.38 3738.24 5408.1 
227.842 8707.68 304.225 8338.43 4492.17 
287.404 4788.31 8257.02 2300.6 8201.17 
2149.78 3395.55 7582.58 5003.56 5564.37 
5449.42 8489.34 6094.53 6560 4820.63 
1196.28 7725.13 3689.42 1930.76 4962.44 
8051.46 659.812 267.133 5126.83 4398.05 
5675.23 5354.67 3105.71 5979.45 3693.08 
7597.88 6266.86 8481.4 5854.88 8567.46 
6682.55 8004.67 1962.99 4265.11 3008.21 
7527.36 9714.53 1497.54 3621.87 6274.51 
6318.17 4818.16 3999.62 7.57591 6748.91 
8962.06 8059.04 7408.72 9229.19 3185.85 
1806.76 4904.41 8540.52 4912.47 883.843 
2233.59 2510.33 7150.7 714.969 8365.22 
5718.14 7397.52 6369.86 7681.14 1662.61 
9378.08 5208.48 1377.12 875.601 8830.35 
7651.63 7193.77 3648.49 1651.24 7201.35 
397.388 613.281 5260.37 7806.11 9842.48 
8446.22 9612.87 4746.87 6986.72 4525.32 
5630.71 9220.31 7035.65 2781.39 9935.28 
5400.85 8499.53 7332.77 1770.7 6180.65 
8995.38 1148.76 1389.11 372.481 2024.36 
219.449 8024.11 9218.13 3867.94 9675.34 
6419.46 4265.33 288.607 1679.82 2071.42 
131.066 126.016 1684.28 4877.93 7112.74 
6209.6 508.622 6333.03 3245.23 3290.01 
6268.28 8646.08 1789.53 3601.04 416.757 
7970.18 2596.41 1565.51 9359.3 2968.89 
3589.87 9578.74 992.977 2807.99 3446.67 
668.303 9227.45 7712 956.91 907.246 
9783.42 1087.98 1033.26 1467.68 5965.91 
8146 7677.28 6474.53 4479.01 922.488 
9764.54 747.274 9568.57 1554.05 4348.32 
9985.32 9524.24 6944.72 1550.82 8883.51 
9913.61 5140.69 8462.24 906.566 7948.68 
1908.89 1574.87 7176.11 9620.89 2531.78 
8083.35 9404.29 3619.76 9116.62 871.956 
9585.66 7262.6 8549.23 6060.17 1741.59 
9471.72 5824.7 2488.86 9040.27 7378.75 
6837.18 9025.58 6902.97 3781.88 576.377 
5786.46 3695.47 5717.07 4248.69 4602.04 
3665.73 6157.58 6176.91 841.816 5778.45 
8708.69 8925.17 5182.73 2328.43 8041.77 
6054.68 1914.07 5304.35 4603.9 7974.24 
7045.94 4075.6 3798.92 9534.8 3115.85 
1177.65 6371.96 2141.41 8080.62 153.827 
2717.79 3867.07 3849.3 8434.86 8115.76 
8451.34 2100.57 4273.32 4628.23 2942.38 
51.7579 3336.9 1867.53 5234.49 5665.32 
9909.3 1289.15 7579.39 5213.64 5893.05 
5553.62 2259.56 9968.65 9352.54 1794.34 
3084.49 530.177 8166.3 5225.9 8610.8 
8320.13 7943.69 2477.85 2169.41 6378.53 
593.593 620.729 8479.1 4866.92 5248.96 
1421.46 4918.67 8585.86 3289 153.142 
4251.16 3198.29 1442.29 1830.54 8411.92 
7335.35 7384.16 671.461 7303.98 6736.68 
2465.8 388.457 7266.86 632.084 5614.36 
5877.64 8952.21 3558.04 8355.49 1121.6 
9936.57 8949.08 1742.33 8415.65 3815.98 
6991.29 9837.11 8734.65 5577.13 3126.1 
8887.79 9828.29 6324.38 330.072 1658.81 
4736.29 7665.42 9042.97 5407.75 4969.38 
5779.63 7873.55 5357.84 3046.47 8505.63 
972.183 8924.11 7457.83 4530.22 7279.58 
8579.43 4466.77 6228.65 321.746 2882.41 
44.6102 7313.04 2719.5 8779.26 2890.15 
5845.6 7667.04 2718.43 2169.96 7997.11 
4377.24 6906.25 5662.51 3420.19 2313.98 
631.881 9199.83 187.506 5989.72 2246.28 
8693.14 6961.9 1170.38 6150.95 1492.11 
8449.96 4730.36 5958.88 4678.59 5052.1 
8841.28 4723.2 2365.12 1560.77 3502.44 
5255.27 7406.37 1169.47 7973.7 9576.33 
9166.58 2350.92 6482.56 4829.08 5771.12 
8796.54 5460.96 4970.93 8984.04 1450.66 
7217.21 7677.17 8412.57 8387.58 3828.09 
9904.68 6837.52 8558.45 5863.54 1516.09 
3610.54 4704.81 6239.29 5975.67 6265.58 
9741.74 1230.92 3671.93 911.187 9204.62 
3248.24 77.7524 1555.53 9730.8 4906.83 
7326.65 8527.33 367.776 2297.55 7511.35 
1818.44 9514.76 5188.5 230.994 7902.33 
9016.6 135.654 4739.83 7575.03 5999.19 
6255.93 1185.56 703.982 2495.2 7161.22 
6969.56 2236.92 8392.15 641.471 3148.11 
7596.76 3889.71 3225.86 9152.29 3620.5 
8132.69 6478.91 2147.81 8500.47 8776.47 
9659.16 318.891 8291.21 4847.65 549.885 
6193.52 3864.23 685.538 933.337 1439.24 
6684.73 7189.26 2624.8 7388.71 9684.46 
9786.02 4358.26 1921.36 8178.15 4999.73 
5069.47 5774.89 8889.44 8295.33 4927.16 
2509.92 6428 1406.06 4657.73 4928.45 
182.511 4316.88 5247.34 8473.72 9164.52 
5797.23 4667.23 3028.73 6482.76 5600.57 
4467.97 3167.48 2789.81 7092.77 556.175 
2474.26 6878.78 4914.43 4395.62 5056.91 
9914.16 9465.09 831.79 8803.58 7760.4 
5758.95 1313.48 4188.39 7165.01 5971.22 
9116.84 7347.52 288.075 4364.16 5821.23 
9452.6 161.373 488.441 2481.31 6644.14 
6089.01 6949.28 9811.62 8878.82 4042.04 
367.774 1353.06 920.797 5282.2 5748.68 
5977.71 5196.34 5213.75 6809.5 3999.9 
2974.14 2568.44 5313.39 7162.53 9733.45 
1284.59 6279.35 7080.95 1572.66 643.495 
2902.17 1025.24 804.867 3390.61 3506.55 
7449 9479.61 455.821 7260.6 8358.41 
4497.86 7628.38 9711.47 5418.66 2910.56 
5460.13 1396.35 8106.91 673.869 8205.85 
2106.79 3648.01 774.269 7420.18 810.519 
507.699 8704.76 7089.87 7588.65 277.407 
7733.36 490.8 1302.65 8538.23 3881.41 
4809.2 5987.22 3361 5265.02 3247.8 
1719.39 9762.88 876.164 1430.85 5181.52 
3786.73 6890.98 6577.87 1893.62 7564.85 
4783.7 4000.41 1212.84 5557.97 1420.57 
2023.36 6065.67 125.318 9113.23 3654.31 
402.724 6846.57 4145.11 1705.37 5384.79 
8026.51 6514.57 1371.99 1387.49 1779.58 
4619.79 3106.89 1542.44 5495.95 4537.74 
6723.96 9282.68 1428.7 3301.82 1176.28 
8993.55 8085.52 5176.69 206.37 3643.48 
6597.26 2229.73 9709.15 6722.58 1342.94 
3363.44 7125.31 8189.51 7508.55 8830.68 
3574.28 5535.04 5345.23 4946.27 6922.53 
7124.81 9566.06 29.4058 8667.26 5062 
4567.14 5391.2 4344.66 5995.84 8693.02 
5520.95 4989.37 6778.53 697.622 5195.74 
421.987 7294.88 7425.47 131.119 4017.45 
8768.41 3494.56 1142.74 6957.91 1003.09 
9973.41 532.173 6538.13 5318.63 5478.44 
3460.64 2443.43 5044.49 3490.05 1110.67 
106.468 8057.19 6501.87 4451.13 4053.01 
5194.88 9972.08 9042.38 1973.39 669.684 
4238.1 2395.38 7964.57 1663.55 2526.5 
1982 431.947 6021.05 3124.74 7389.85 
7024.14 3098.13 7922.03 3562.25 8416.77 
3400.45 7022.9 860.178 8444.94 512.93 
1970.85 8551.41 8570.12 8472.72 3002.52 
2623.12 3667.58 2974.59 1665.48 5640.97 
3644.27 5903.59 8036.35 1608.82 7567.14 
562.827 3590.82 7999.09 6583.88 6715.56 
5388.93 3608 9813.69 3310.94 7170.26 
8230.44 6711.39 4193.14 9090.62 5156.31 
4706.06 1061.45 3707.71 3276.17 9534.17 
6710.23 5899.29 3201.74 9684.82 7564.77 
8842.71 3329.07 3468.34 6879.05 4937.89 
1035.47 7441.87 8528.71 9034.56 4025.74 
5244.26 4423.47 7633.74 5057.93 7734.41 
4803.98 3288.36 4445.78 8997.12 2378.97 
9602.09 3703.16 3440.42 3309.78 6979.33 
2974.57 19.9927 2878.61 6176.32 9704.81 
443.362 5019.01 3033.86 3911.71 1898.04 
7971.75 4947.18 9339.92 6500.45 3981.72 
3365.64 1744.69 8405.19 999.36 6802.62 
6139.58 5803.34 90.9641 585.341 4800.44 
2469.93 187.416 8503.6 5910.35 3497.2 
5482.92 8884.92 3517.19 8361.52 5061.22 
3221.98 8804.89 80.2179 6255.84 2716.58 
1978.26 4227.57 7663.75 1318.16 728.004 
1645.46 4683.79 2472.69 50.6314 5683.15 
9275.31 6190.21 1486.48 9366.27 6775.55 
6286.92 1836.19 6962.97 4790.5 7746.54 
460.148 273.404 6631.44 3977.34 8634.93 
1692.65 7199.32 7439.8 1772.86 3455.14 
156.359 3751.12 7682.71 7820.11 5069.28 
8410.72 9465.57 9753.08 883.392 9516.2 
5436.21 158.685 5706.4 6922.69 9524.96 
2481.93 3209.59 1361.13 9444.9 8000.09 
9107.67 9905.05 8273.49 5739.09 3882.37 
6908.41 7431.73 1081.67 4348.19 9204.6 
4536.81 4504.55 2955.7 2219.51 2324.64 
8024.99 630.208 1790.2 7778.04 1513.6 
1306.38 3214.24 1672.28 7012.78 136.912 
1197.23 9494.71 3346.5 2558.36 8939.59 
1346.57 1666.01 8844.62 9620.06 7405.09 
2726.97 6528.45 4836.81 3808.64 876.625 
4041.39 8345.45 5381.17 6997.1 564.936 
7705.81 5022.07 1195.14 9496.01 2800.1 
2708.74 802.375 6014.34 4381.03 7815.15 
6151.25 5578.25 7309.84 9497.75 8136.61 
6249.42 844.301 9802.62 5094.02 464.348 
7207.7 7820.99 6992.8 2044.49 1629.61 
7869.43 6085.88 9975.06 3250.58 3082.97 
539.977 956.378 8105.03 1735.12 452.372 
905.112 4443.86 1254.75 6919.45 8824.89 
9069.9 3070.68 4403.13 6379.72 2568.41 
2539.72 2629.12 3412.71 2342.32 7723.14 
3877.06 9550.02 5544.11 869.842 1594.49 
7173.72 8739.27 7680.38 7148.77 1989.83 
763.326 7688.74 2946.21 8868.36 9423.86 
3398.58 9773.47 3867.71 4653.33 6692.9 
2692.58 3723.21 9763.58 7095.71 102.913 
2331.98 9635.43 2732.03 5744.69 1977.74 
455.157 9621.74 1527.75 5999.27 491.567 
3122.24 3172.98 9230.83 802.6 321.725 
1220.65 1565.93 8010.47 4166.86 434.269 
7434.31 7565.44 207.724 1302 2218.75 
6900.63 3994.59 5941.95 6664.19 1090.28 
6044.87 8996.17 725.699 8776.9 4740.84 
2703.44 9232.06 4362.56 4231.19 5231.31 
4854.13 7353.43 8404.29 4084.95 8156.03 
8726.01 5305.59 9721.95 6736.46 9472.45 
156.205 4170.76 7037.87 363.929 5472.76 
9256.62 7264.56 9467.35 5198.55 3928.73 
557.611 1243.4 2924.88 1283.31 20.2852 
7665.72 3986.75 9252.34 2028.27 8217.94 
4483.64 6882.4 5571.35 2887.91 967.325 
3727.36 1613.9 6272.92 3449.29 8350.37 
5745.35 3605.5 2521.11 2783.21 3969.43 
7993.87 2039.8 1233.97 7461.2 7238.36 
5162.7 8018.81 8481.76 8087.58 9302.12 
8502.04 5753.29 3288.85 7754.37 7781.55 
1506.77 2237.99 4663.93 7078.12 5125.9 
5631.26 805.462 6739.8 1904.16 4254.76 
5090.15 7649.51 7860.26 7611.26 432.7 
1829.67 5605.1 2472.5 3063.63 3066.28 
9710.86 8226.33 1085.07 8192.6 6313.9 
387.171 6694.63 2067.17 3676.02 4448.98 
9848.72 5182.79 6686.97 4512.64 2260.9 
1812.85 143.875 3066.36 8552.66 2048.03 
7321.12 3642.79 9697.54 5181.36 1254.03 
130.226 7011.02 6859.13 2602.73 74.6377 
9925.41 2313.57 8300.97 1010.47 506.161 
4614.85 1397.64 7200.79 6682.02 5073.66 
1649.76 6530.73 256.439 8336.73 1043.35 
2517.34 149.568 1187.22 5583.7 8702.22 
3235.25 2904.8 2345 2932.78 8086.16 
3599.02 3063.01 5097.16 458.139 5665.74 
5171.8 383.537 7979.31 3472.75 1394.01 
8485.47 8087.6 2791.65 5686.25 4769.61 
7865.31 7336 1300.32 8121.75 5672.72 
2343.67 639.069 5822.28 3530.89 6222.77 
4524.49 6766.14 9127.57 6869.49 9698.92 
7213.71 468.495 2761.91 2310.85 926.634 
8427.65 7482.65 1310.17 6406.94 955.381 
2704.18 4892.4 9042.98 5495.82 578.624 
3812.58 3361.11 7914.63 5112.9 1482.84 
3587.33 7456.56 2121.91 9409.61 987.434 
8344.68 3934.08 7753.58 7472.23 803.553 
7452.48 4685.92 1272.05 214.377 6996.77 
2198.68 8642.02 4479.4 3508.85 5048.95 
5434.78 6213.03 9941.34 4477.75 1708.84 
519.951 8290.33 5069.95 8434.58 3403.2 
6552.79 2021.89 859.751 8674.71 1431.48 
1847.19 7019.37 5365.56 9600.76 4491.58 
6169.11 7053.23 9177.5 7441.16 7267.6 
6174.25 9639.84 5909.61 653.637 3148.68 
958.542 6088.42 9361.71 899.869 566.148 
1070.53 1419.82 8856.47 6140.48 9854.4 
2259.66 2693.26 1876.27 3119.41 1367.94 
3307.75 4966.6 8387.31 8673.31 4567.34 
2878.88 4842.4 1620.55 2056.36 2283.55 
8888.16 8230.62 1923.38 4797.75 8884.26 
5072.06 5756.29 4972.66 4433.75 6656.16 
5538.8 5504.28 8075.98 4395.26 1644.74 
7930.36 6654.92 4338 9806.63 9774.33 
5705.94 3114.36 4740.91 4093.24 1787.65 
9308.25 6972.12 6630.06 928.79 9028.48 
8913.61 9816.95 7259.08 836.966 4614.68 
6143.32 5909.02 370.953 1115.96 342.756 
7027.11 6654.77 5847.04 5103.08 1050.01 
7491.78 3033.43 7704.93 1829.76 2840.04 
7479.25 7535.7 5954.41 2220.14 1628.92 
7742.06 1528.38 8601.03 4372.1 2457.17 
7629.49 3285.69 2274.1 4888.56 4122.66 
6888.78 1031.87 31.663 7259.73 2147.83 
374.419 4286.83 8802.59 6221.46 9389.91 
9852.6 3713.21 2423.32 7557.52 5542.97 
5263.36 5036.75 3078.65 1217.75 7256.89 
4707.57 8959.81 8785.27 3308.58 3331.89 
1242.43 938.058 6617.58 3516.53 5826.62 
740.223 405.292 6858.48 771.886 7665.02 
9006.31 1146.31 1951.84 7808.89 7367.76 
1341.73 7661.47 1080.96 3765.05 5218.98 
6623.93 9028.41 255.708 9702.58 246.142 
7512.6 4410.13 9205.95 6297.86 7718.71 
2537.83 7540.29 8656.77 9155.41 1056.8 
4483.37 9895.63 1462.09 1341.84 667.504 
9127.12 348.132 1813.81 1078.93 8157.02 
9181.57 2420.66 5818.48 262.51 6185.71 
1037.44 6886.44 5214.1 1293.15 6589 
5460.24 8805.75 999.115 4666.18 5103.59 
8717.83 7204.01 2643.86 7374.58 6359.4 
3700.66 1857.93 6255.02 5162.75 3199.77 
6922.52 4289.85 3547.9 8736.33 5368.78 
1704.9 7917.88 7789.44 7523.38 8180.39 
3975.13 8560.82 5066.82 9189.23 9853.97 
1655.8 4649.46 8659.7 2654.92 9315.64 
3763.27 1372.72 6519.63 6407.12 8747.3 
2879.01 107.765 605.216 9134.03 5270.51 
3804.98 6056.53 9560.36 7352.88 4792.85 
4929.12 9057.79 2710.71 2718.55 6581.15 
891.089 6693.68 5141.96 5957.91 5882.9 
4995.91 7613.71 532.341 3655.59 268.607 
9847.98 7418.86 1641.33 6367.59 3825.97 
388.617 9246.6 3933.73 993.832 8380.61 
9204.25 4798.82 4437.12 8764.59 2151.68 
9229.97 3693.7 1209.45 1940.66 6412.24 
7790.61 2831.75 3105.91 2932.55 8789.66 
8988.81 7928.46 6403.35 9521.15 1584.04 
6671.95 9369.11 9002.89 8313.29 5736.68 
2828.84 8701.9 4983.26 6762.58 9695.73 
3363.85 5966.8 4494.53 7800.97 4731.38 
6646.22 7030.92 8425.07 7855.67 8971.58 
4837.3 5646.26 1803.32 7943.21 8578.82 
592.958 6932 6507.26 6996.31 6453.13 
8091.3 3668.24 5822.22 7094.18 1981.51 
1558.88 9923.02 683.395 6542.14 6685.58 
379.112 9905.98 2652.36 4873.65 7706.93 
7383.74 1519.84 4737.84 5808.79 9375.52 
3709.4 646.071 5021.76 5512.72 8589.28 
3600.56 6105.68 5521.26 107.806 3101.97 
1974.37 8199.1 6770.21 7796.59 5293.26 
8751.72 9355.47 5216.26 9435.11 5897.59 
1901.82 9814.22 5803.56 4554.19 4687.85 
3510.48 1937.91 6207.69 8248.31 7746.7 
5583.19 1957.7 8392.77 604.939 7470.42 
6982.03 4205.5 3576.08 2503.27 4313.31 
6678.04 4477.64 2512.39 3448.23 2274.21 
7805.66 2199.93 1629.67 3021.9 1635.03 
7527.26 4923.73 1449.23 3330.8 9477.91 
6137.08 6841.27 1415.8 2344.76 5089.57 
9162.5 7927.96 7047.27 7555.25 8532.89 
4517.67 4537.26 2738.38 8093.75 7040.53 
7051.68 4771.77 1518.16 9564.08 8220.01 
3792.37 7369.72 419.924 5422.03 391.604 
2054.95 2949.27 5315.33 3504.18 6280.07 
4793.23 9641.27 3121.33 6209.03 1986.01 
8210.9 5371.51 9913.97 5258.15 2926.75 
8446.84 9775.82 7464.01 1185.2 7869.55 
4504.53 8236.89 2641.3 6022.69 7800.95 
861.296 9815.06 5170.65 1281.22 5237.07 
5562.25 3336.17 8186.35 877.567 6840.35 
4466.4 5670.79 6481.61 7587.73 1879.81 
8467.62 5798.61 7251.32 8381.57 1056.74 
178.054 6828.4 832.542 7642.07 8013.6 
8702.09 2146.58 6250.47 1343.38 8169.27 
4051.41 2204.67 7984.3 9222.05 3485.89 
3221.36 4784.29 6822.06 1407.69 5661.86 
3662.4 5874.09 1332.64 143.99 3461.81 
3212.44 8611.61 9260.42 463.749 6993.16 
317.143 641.803 3821.54 1149.69 8283.87 
1835.13 9851.78 430.431 8085.6 1195.14 
8599.7 2136.99 3399.81 6583.98 1359.03 
6885.7 9805.35 6143.31 3707.75 1213.02 
1805.15 7370.15 7087.12 3137.79 7514.14 
548.906 6350.23 6125.73 9809.32 6813.98 
3118.88 126.449 7455.79 6940.42 1276.13 
5739.64 8775.55 1127.89 6170.07 6861.13 
2323.03 4769.75 8998.12 5722.84 1353.71 
357.128 2608.53 1159.04 6500.44 6316.28 
2372.06 8305.6 3686.42 9459.18 1443.37 
1200.54 8.06743 7793.6 7326.28 9817.39 
4607.57 445.138 9943.84 2063.34 7385.56 
1219.96 7802.97 6161.09 2347.85 3973.03 
3022.2 4670.88 8742.77 2020.31 393.705 
96.4705 2377.43 3002.23 1255.51 8877.88 
9318.51 3627.58 7183.46 3004.91 3086.74 
8626.83 4205.45 3094.81 6420.41 1531.71 
2912.18 1027.96 1976.85 2856 3091.3 
9362.41 4075.96 894.258 5523.48 6423.81 
4867.28 8545.68 1094.68 3610.04 565.974 
1488.38 3706.51 2943.41 4490.61 4962.02 
1821.27 3809.11 8589.6 9004.72 6814.02 
1676.32 7631.53 1019.45 4771.13 4051.93 
2551.16 7683.31 5079.89 4528.01 539.297 
8171.19 3890.4 4615.26 9065.45 9413.88 
1039.05 3932.72 7959.55 2133.73 7542.76 
8525.52 3622.11 1249.25 1468.92 8112.73 
6211.27 3290.19 1921.82 4800.86 2294.89 
8735.84 6477.18 9926.43 9755.29 1248.29 
3978.34 2306.44 8931.6 9058.23 6834.45 
9470.9 7229.41 724.834 4086.14 6294.85 
138.699 5125.19 227.547 8098.25 7258.92 
7770.3 6623.76 881.018 9019.55 8092.67 
8993.74 5230.81 1382.84 915.543 31.6457 
3677.73 9651.38 6508.82 3604.15 9406.65 
7757.11 7582.49 1713.07 6688.7 6640.7 
8547.52 6159.58 3870.1 9272.35 245.703 
164.927 9411.05 5370.9 392.473 7509.28 
2629.8 8162.78 4133.02 3510.82 7182.31 
2225.68 2504.55 2413.1 3608.52 3420.09 
2444.75 7286.26 3071.45 8953.57 890.384 
2478.09 6710.67 8472.87 4191.16 3399.35 
5113.56 2738.66 9558.93 8983.65 2011 
9804.63 9148.58 1422.03 5175.51 9541.05 
8931.32 7805.32 7703.81 3064.33 1316.12 
4886.11 5290.01 3820.67 7299.21 8898.53 
7240.76 9743.96 6184.77 312.192 8697.51 
7075.15 2790.28 5408.17 5548.01 6981.44 
8807.52 661.547 9720.1 8366.43 9645.2 
1731.08 8171.05 8793.77 3153.12 3346.55 
8334.81 2084.42 1151.84 6038.6 5148.75 
2467.96 924.695 438.737 6288.63 8223.91 
9337.27 3529.37 7967.85 5522.02 3841.56 
6665.34 2597.16 6631.84 2073.49 8145.16 
3613.26 880.991 8806.71 3333.35 9247.42 
8451.89 5064.43 7418.45 7245.64 8217.55 
764.983 5580.43 301.954 1916.83 1619.02 
5450.7 4384.79 2543.71 5889.44 673.403 
767.602 5226.69 4202.77 8735.45 748.69 
8044.33 5400.77 3345.84 4676.16 7474.27 
1490.99 8289.42 8355.26 297.682 1622.76 
7602.66 8749.58 6687.19 5021.1 5995.2 
4904.72 5786.08 1575.62 5206.68 7702.91 
3194.64 657.359 2087.68 5738.35 6546.8 
2761.09 6505.95 1773.47 6963.86 5241.39 
2522.16 5008.18 642.142 5868 9684.33 
8116.41 7358.99 7973.74 6471.65 7656.67 
9596.5 4074.29 6406.23 6283.67 9095.39 
2401.42 1188.37 4881.46 3977.04 6395.05 
2584.35 7171.68 7052.41 4672.03 2910.01 
3599.19 7433.12 9415.97 5372.66 4396.96 
4657.33 7894.81 9405.14 5299.48 3762.8 
9089.46 3415.87 1121.78 7063.18 9887.52 
8778.45 6659.66 3961.79 5184.67 2943.31 
3057.17 7586.09 4131.68 7938.63 1563.12 
526.714 522.963 8734.79 7579.12 5195 
1644.79 1178.29 2628.1 1060.74 6550.95 
7025.06 5718.07 4445.75 6430.18 1017.53 
8208.55 5519.62 4433.4 9330.33 2582.79 
4320.9 8108.76 9242.44 8282.69 3293.41 
2185.74 1339.84 879.487 6317.42 9278.47 
2442.6 6844.13 9801.43 1177.38 4423.24 
4996.42 2822.17 5601.53 7624.52 3882.91 
2152.46 4649.56 9600.98 6598.21 1079.73 
618.501 4806.74 6599.35 5051.9 4137.05 
9182.14 9372.8 2245.79 8424.57 7655.47 
5539.21 610.284 8995.32 6418.69 6927.7 
8273.77 8861.29 3771.82 8075.19 38.6587 
8195.05 3071.59 2860.83 3796.56 696.088 
6743.74 5949.03 5345.65 6344.71 2547.22 
6425.38 6963.21 7353.96 3024.72 2015.09 
1490.99 2206.84 1387.88 3736.79 631.39 
9043.35 9275.99 1241.67 8038.65 5694.67 
8169.38 6312.41 4555.94 1941.17 4387.58 
4594.6 136.209 7459.17 7455.43 3932.77 
8155.25 4199.16 9881.8 3500.89 543.849 
2429 9926.27 7507.06 9782.96 2950.97 
9522.15 1273.94 5157.81 910.013 5010.72 
5789.2 9953.37 4286.69 7030.88 7992 
9981.36 5200.24 4304.39 4537.29 7141.41 
8691.97 9131.89 7277.62 6151.12 6587.31 
1210.37 4306.36 786.449 1092.16 7807.24 
1330.3 3521.16 7733.5 8837.36 3304.1 
684.455 8359.49 4578.03 5842.27 9269.51 
9588.76 1631.46 9222.85 3875.43 8662.33 
7214.84 3856.78 3862.55 1519.21 8394.07 
1003.95 211.162 7525.94 8281.57 6362.28 
4113.23 9491.94 668.618 4899.68 584.08 
8475.86 6229.98 4105.24 6209.34 5067.32 
7409.33 6893.8 3426.8 1987.35 2736.05 
2696.29 1576.09 4367.51 1919.13 5451.52 
3029.83 9133.96 9308.3 6892.38 653.158 
7702.35 7896.33 864.319 5228.28 6177.88 
7226.6 9341.51 5669.8 7895.22 4241.18 
6253.88 6371.06 471.142 359.1 2580.39 
5538.46 7768.44 9474.19 8965.26 9755.79 
2210.22 1661.54 1331.86 6577.73 3580.66 
6783.39 9607.55 2714.61 6091.67 6499.91 
3367.77 3794.01 4396.22 4232.09 9022.29 
574.082 1458.67 8363.78 6243.88 9353.89 
2604.94 2497.75 5724.93 3076.08 2856.85 
8305.32 8614.55 625.264 7779.49 7579.79 
381.034 9989.71 9241.33 1712.9 6567.41 
2821.98 8496.28 6174.95 5536.58 4587.94 
2674.84 8904.35 8381.94 7071.07 3136.42 
7404.21 7645.15 4595.09 5767.97 3889.01 
3948.96 8372.92 6386.76 9673.89 1448.98 
9243.61 7979.19 63.5114 9868.87 5758.66 
7643.31 249.889 5748.35 6884.62 1962.78 
2315.74 9706.59 459.049 8490.69 5243.16 
5046.99 1165.52 4147.5 3428.91 8236.58 
7283.92 833.107 5881.71 1878.99 6601.08 
9770.73 5827.95 4973.98 6157.47 5501.83 
6422.96 5401.06 3481 6486.47 5269.92 
9239.66 4129.76 5519.8 4987.99 1014.36 
7482.59 7303.73 720.939 7941.64 5794.41 
5964.1 2988.61 6959.93 111.58 6417.52 
5196.49 7395.5 7250.63 1078.19 9274.49 
3851.69 848.9 5102.43 8825.67 7006.37 
604.24 5248.62 2407.42 4085.24 1735.07 
7677.33 3324.88 5864.83 3197.12 8312.88 
6879.19 679.691 5616.59 7600.13 8621.33 
1410.98 3564.21 1609.92 8370.91 3675.79 
8027.44 3567.38 1071.28 5278.05 4645.57 
345.753 9129.74 5494.47 5448.18 7955.39 
2500.83 6052.42 3203.99 4908.24 137.646 
4939.06 2585.56 3462.53 803.875 5782.68 
1775.39 7683.07 6462.37 7391.98 5283.18 
5083.68 8802.96 8847.4 6693.6 7173.86 
2523.18 4721.02 741.226 3594.45 9999.07 
5386.8 3940.21 9128.79 881.256 9388.39 
7084.17 3382.08 5440.79 288.14 8290.33 
5578.44 5227.2 875.868 9040.97 6031.07 
6658.55 816.34 3714.13 3120.9 8208.32 
8997.31 8204.58 7011.27 7844.69 4898.16 
4185.11 367.847 9619.18 4926.33 3962.3 
9618.24 313.117 7902.5 8747.01 1194.37 
7290.88 5831.16 4576.46 2731.65 6119.3 
2866.77 8310.09 1346.48 3742.64 7351.05 
7377.56 401.164 8167.39 1091.66 3522.06 
6375.69 88.9558 1726.62 3386.94 7933.64 
6624.78 7572.05 8301.49 6243.95 2498.37 
2263.77 5862.17 2811.49 166.263 4609.16 
4005.86 7457.14 440.302 8582.32 188.778 
6559.6 1449.07 8498.87 7906.08 5191.7 
5849.9 5283.62 5592.87 4017.27 6375.28 
9114.93 392.949 6464.24 841.535 3779.89 
4397.87 7466.32 1351.93 2699.34 3710.25 
3850.29 4963.12 9572.42 6661.78 5129.38 
4181.57 667.622 2586.5 4621.87 9249.94 
2775.28 1181.45 698.99 1274.14 9087.53 
5890.69 7124.04 4371.14 1483.54 1141.3 
746.403 598.457 1534.25 7210.64 1439.99 
5314.14 1608.49 8906.31 6666.06 4307.84 
2616.55 516.339 9270.95 2188.95 7178.12 
4400.32 6370.52 7845.74 6986.82 992.371 
7095.66 9762.1 2173.82 7794.65 1036.22 
1261.34 3685.33 8160.25 5632.47 5168.87 
9301.55 6378.88 5767.33 835.78 3589.5 
7207.32 6149.92 5198 6113.62 2815.96 
9505.83 8730.17 3332.3 8776.77 919.102 
510.402 3177.07 7289.62 8356.14 163.867 
8281.99 5451.79 9925.96 455.797 3246.43 
962.162 1717.13 6931.76 9122.42 7349.61 
2100.61 8423.95 3728.47 7867.94 9259.73 
7317.97 5075.25 5409.63 2515.95 1188.85 
8225.59 2021.76 9919.01 1557.88 798.512 
838.099 2068.28 3975.58 8127.72 424.406 
4139.44 6409.7 5876.2 4065.39 6865.49 
9122.62 5027.55 8582.63 6054.36 4149.95 
5932.22 8154.97 2573.89 9660.68 6022.9 
1833.6 6978.63 1098.13 7243.23 9494.58 
2286.98 5468.81 1516.32 2205.97 7026.69 
2314.83 3044.07 9094.97 6290.41 1171.78 
9519.37 429.839 7581.47 5395.55 4495.23 
4446.95 4518.15 9522.79 3029.56 572.497 
3672.72 8961.78 8727.47 6246.61 8622.44 
4750.35 8080.21 5601.06 5848.48 5323.43 
5095.62 8135.45 792.218 6611.94 341.411 
7818.91 8926.77 3385.48 6913.85 5217.17 
4557.26 6433.21 5647.01 2138.72 1828.74 
142.222 6585.66 6346.9 9665.01 9615.22 
6919.4 3337.71 8576.98 5646.85 9584.32 
7199.41 397.181 7664.51 2800.45 6245.66 
2987.92 7896.07 4381.1 3780.14 4508 
4722.51 1599.03 3434.76 8107.99 8512.88 
8651.92 2665.23 4946.08 4298.92 4803.95 
6774.82 4441.14 1389.59 3121.7 4106.13 
1004.8 41.08 7443.84 9581.79 5687.93 
7028.14 6781.18 6085.11 4692.64 9581.63 
2330.75 7680.56 7477.69 6711.85 1460.68 
1985.67 1434.33 3059.71 5420.43 9542.32 
1572.58 4072.34 2207.54 6518.65 8371.25 
7011.49 3293.45 2812.37 8401.08 6415.16 
6918.5 9405.88 6456.24 4362.32 8987.65 
2144.15 1390.45 5768.81 8229.25 6083.09 
5350.43 559.989 3763.63 2828.1 7271.83 
5224.31 4813.77 8706.17 8284.02 234.184 
8248.48 9856.6 4306.52 455.999 6375.24 
2677.75 7467.48 9668.69 5490.13 5868.55 
6083.83 2408.61 5274.41 2540.05 6770.93 
4262.04 4684.19 8161.38 30.8365 2913.43 
4244.45 5381.26 3473.42 8008.08 8209.37 
745.238 3232.38 3023.12 9451.41 1516.38 
3257.31 7699.87 1372.97 7563.83 8155.87 
7748.2 241.564 5623.33 7416.88 5731.69 
1491.86 3500.69 8140.3 6766.27 6040.73 
4911.22 1028.3 724.911 3072.58 1059.14 
3638.34 7317.03 6440.4 7111.76 5325.1 
4649.75 7857 8557.48 7672.87 7308.39 
73.8419 930.159 5008.24 1446.81 8493.98 
3164.09 9195.01 8735.55 8787.42 6611.87 
4467.22 279.266 112.542 2607.51 7045.54 
6153.28 7518.72 8073.84 6878.19 591.29 
9132.97 516.513 7908.32 5573.36 7628.27 
3233.41 223.087 5485.26 1790.86 7895.96 
2793.63 1864.71 8826.12 7801.87 3311.52 
7320.08 965.94 2506.51 6055.61 9753.36 
9118.38 522.819 32.6088 9230.92 3130.33 
7078.15 5384.19 649.033 5151.97 2262.36 
1240.32 4284.93 2778.87 9148.65 9858.28 
407.126 2382.04 81.3531 5892.38 4172.9 
7977.31 8686.01 6037.61 6803.41 6487.87 
9349.12 4123.48 7453.81 1855.62 179.072 
7207.15 973.983 701.892 7239.76 204.891 
3832.22 4317.89 5589.08 4481.25 9469.86 
7851.43 5721.57 3754.77 630.282 4870.2 
3613.04 1037.41 7252.24 3694.39 6929.79 
1425.13 1671.68 5615.79 7462.73 8475.09 
2103.64 6811.84 2598.55 9557.45 8667.46 
2777.62 6764.58 9641.44 3479.51 4004.33 
9846.33 7311.73 8322.22 5435.39 1792.96 
7792.06 3286.8 7514.54 1546.82 3917.08 
2384.72 5159.85 4954.49 9636.96 8854.24 
1884.27 1062.07 525.908 7500.06 8524.81 
9001 9603.7 5336.63 1599.53 9161.13 
4004.07 4377.15 5925.7 3645.49 7856.67 
9930.03 3491.8 5168.38 8252.23 8927.19 
6961.34 6044.28 2213.98 4475.86 7591.09 
6131.06 6860.59 2750.93 1085.53 6497.53 
1605.16 2969.8 7559.6 2131.07 469.838 
6084.39 1132.05 73.5181 1421 2731.58 
9234.65 5425.07 7108.73 5160.33 9070.56 
4965.38 5090.34 2562.34 133.745 3342.55 
1489.52 7095.09 9386.83 3703.49 1570.93 
6977.9 9834.55 8431.52 9728.83 920.069 
4929.03 1333.98 3889.87 2488.62 3465.04 
4359.71 8573.02 4597.09 4433.23 9994.02 
7328.67 3667.86 5419.07 4437.38 8828.18 
4489.62 9402.77 3918.5 7051.96 9536.51 
7261.05 8541.48 6631.58 6647.86 2244.95 
8202.52 3625.75 2079.49 6634.02 3354.57 
2999.56 1563.04 4688.54 6889.43 4051.66 
8153.58 1249.12 2624.66 2750.66 5682.34 
2618.66 79.307 9350.2 8037.73 4516.69 
8178.36 2527.33 3919.44 2096.85 9579.29 
3455.93 9357.91 8120.75 87.498 6005.75 
365.69 8290.01 9631.5 2445.18 4924.02 
2986.06 5444.74 6487.05 7674.6 2334.15 
538.693 5828.17 3583.26 3163.35 8578.82 
9265.6 5782.01 8658.13 8615.79 3819.73 
3174.8 6794.13 6347.06 7094.24 8890.99 
5926.34 550.159 8248.88 4047.07 637.657 
4254.61 4412.76 8927.67 3886.1 6857.94 
3851.67 6872.15 2302.66 338.704 4546.74 
4636.81 877.397 374.888 8220.07 4040.75 
8953.71 7485.66 9822.76 7611.83 6101.42 
3642.47 786.614 2895.54 9989.53 7880.86 
1786.51 5915.85 8431.02 35.3663 9962.93 
9068.67 4289.98 4375.68 7996.33 8176.08 
1233.6 1847.98 5048.21 3536.26 2186.68 
9594.95 8173.07 3064.08 9969.84 6393.12 
7104.83 8923.53 3878.76 6927.57 6535.34 
9980.18 570.028 7321.96 2875.71 559.544 
5202.8 4662.22 6475.4 3633.8 4697.58 
6438.31 2702.46 8987.56 813.97 698.766 
7163.62 2047.57 2546.75 2211.82 5583.83 
4733.43 1806.75 3756.89 7797.51 1776.57 
149.994 4902.33 700.089 4028.75 1829.88 
7235.43 4008.92 2399.91 4557.37 6884.63 
2959.45 9760.17 1546.83 9434.85 3393.95 
6244.41 5873.15 6096.41 5231.95 6687.12 
6795.18 2395.55 8734.69 9341.92 4607.37 
4318.51 4075.34 6414.12 8075.4 1872.83 
8190.69 8225.39 6775.16 8890.78 2254.13 
8605.04 6126.2 6263.05 1004.93 683.556 
3147.66 3964.39 443.712 4694.49 3399.23 
3837.67 938.884 9272.37 9934.08 6170.84 
5959.48 6729.24 8566.39 4694.15 6071.14 
3173.74 9012.66 146.46 9587.86 7088.04 
2019.29 7778.54 5313.41 8794.45 6669.3 
7567.54 7399.48 2795.48 3830.58 8404.41 
3479.04 6978.24 2368.78 3922.75 1672.71 
5768.01 7760.42 2611.6 5040.37 7694.48 
8782.43 999.824 4423.69 7348.8 5693.97 
494.818 522.529 4706.61 641.278 110.374 
1794.63 2660.57 7888.91 7108.05 1455.01 
4558.19 4675.57 8854.48 7353.68 8506.15 
7258.88 832.695 5484.37 9627.66 4755.44 
7157.08 5395.65 2515.84 9768.68 435.999 
210.301 8551.1 1435.82 4634 5899.88 
7129.8 5128.81 6422.41 1836.39 5770.09 
6532.79 3631.03 8430.66 4421.68 739.057 
9885.67 8979.88 5414.63 8740.13 6333.53 
3920.76 5998.99 7166.23 9405.13 5626.63 
1921.66 6562.2 1022.27 4437.5 6330.86 
1458.27 4647.8 4881.94 2894.09 9281.79 
781.81 23.8699 4410.59 7204.22 1860.26 
180.665 3737 5491.29 8611.33 8158.68 
6230.35 8496.98 7138.54 1644.96 7237.1 
3472.05 5565.72 3236.07 638.263 4970.83 
8862.71 2559.92 1533.01 9884.97 6997.42 
7863.88 1343.23 1645.2 2745.8 4237.32 
926.976 3527.61 4261.19 5337.57 731.821 
6121.45 5518.23 4468.82 1612.72 4129.54 
2627.48 7843.07 2626.5 9766.01 9488.03 
9863.6 3238.05 5053.73 3099.65 3876.31 
24.5443 1962.34 6436.23 1557.56 1847.3 
3433.63 9421.44 3190.53 5078.82 2167.22 
7427.84 6005.8 5694.83 1689.01 1343.35 
6426.66 7810.46 6861.58 895.455 9423.18 
991.107 3522.93 7266.23 3617.61 3288.93 
6754.24 3481.19 6526.97 1807.95 6580.85 
403.264 1832.49 8543.19 6839.49 3390.05 
390.473 273.099 2811.47 3581 5351.92 
4978.69 1008.82 1357.71 673.51 2697.83 
2701.06 7100.17 508.278 9562.64 7995.62 
9931.46 553.727 1518.53 7197.67 4171.34 
4807.46 3951.89 7652.53 1334.42 5759.84 
4233.36 1737.68 7592.33 2776.53 8577.17 
982.367 3167.01 8850.27 3793.84 6748.01 
4202.18 8772.53 7756.83 5559.88 9446.04 
454.648 8260.94 6546.19 962.926 7823.56 
4541.79 894.367 8377.28 6060.33 8092.04 
2548.6 867.771 2043.91 201.119 2202.19 
7803.75 4434.48 3939.87 5396.07 7211.02 
2517.02 6378.44 378.007 1367.27 172.256 
7126.01 5569.45 8944.79 4882.83 1129.31 
8390.81 5337.47 9390.25 4936.98 6300.4 
7213.79 9478.78 7194.77 5591.06 5539.09 
5286.79 8139.66 6406.86 7330.7 8340.78 
8609.05 5134.44 2775.25 2548.89 530.488 
9986.26 5065.91 6908.92 364.251 6433.19 
7081.18 7490.27 2002.61 6025.95 2373.07 
3131.93 4416.74 7710.55 2522.16 9353.72 
4010.93 9735.95 8832.48 1205.68 5326.99 
4371.55 6492.47 3466.63 778.394 3823.16 
1807.4 9387.44 8957.6 4582.64 1936.32 
9488.08 4568.89 7002.23 6396.99 4933.14 
3435.4 3478.15 2423.38 5438.01 9504.1 
4796.46 8569.94 3920.83 2506.99 1092.08 
3274.53 6517.92 828.011 2107 7723.61 
6155 6478.55 4216.06 9621.63 7256.95 
8039.22 1429.01 6644.37 6996.8 6011.65 
8580.69 6484.87 580.518 5582.9 2881.84 
5513.65 9018.3 6360 7937.04 4456.3 
5864.08 2733.48 3026.22 9784.91 5240.47 
4118.3 3059.43 1758.38 4946.31 5166.43 
9481.99 1101.29 1644.96 3698.04 722.902 
8901.91 1737.24 2151.91 5546.27 8734.04 
8163.56 4126.94 5218.9 8744.08 9709.84 
8100.74 4257.71 8728.12 4460.73 2194.74 
3184.4 324.792 4928.22 6210.61 109.686 
168.675 328.896 3169.11 1927.05 5275.21 
8335.54 1409.02 6376.5 9980.51 5107.06 
7099.4 8882.4 6844.3 9251.31 4428.65 
5578.33 7414.85 8555.59 797.211 6158.91 
8265.41 8897.95 416.607 6993.51 3358.66 
2611.34 177.885 3683.45 7539.56 6388.5 
3793.14 7708.24 6717.39 6962.26 9635.29 
1992.58 5297.78 1044.3 8369.08 5278.27 
6151.36 5468.46 4160.66 2995.65 4719.75 
8589.31 8573.98 2134.58 7144.88 9371.19 
8293.49 5410.27 8269.12 8710.1 2403.76 
1627.77 1321.43 2581.64 5311.22 8860.99 
8970.14 9104.37 6569.21 5687.52 6066.6 
6204.49 7680.1 1364.37 7248.79 6049.16 
6642.64 3400.13 1517.6 803.286 6395.78 
6237.35 9392.6 4969.73 8371.93 6537.46 
4340.9 6665.41 1947.72 2610.01 5375.49 
4351.48 4237.78 6696.92 6933.12 9549 
5557.89 5903.25 8653.35 2127.09 1590.75 
4719.94 8331.57 9270.85 6084.31 5580.34 
5320 2726.93 8980.47 6837.6 3530.22 
5376.23 3074.94 2922.8 345.95 1446.85 
9460.27 4686.85 8112.27 1407.97 7296.86 
3487.74 5759.44 1534.63 184.643 2692.55 
1083.61 5742.54 8595.79 9736.96 7869.62 
186.527 4456.89 6201.18 9457.38 541.176 
1781.51 4777.36 3268.11 761.965 1614.94 
6798.33 6138.2 4689.88 9721.13 6484.15 
6136.73 9181.38 1170.99 4248.98 589.329 
8467.85 7736.72 6348.77 2.45898 7921.36 
9041.32 1086.07 3663.88 7637.1 823.019 
1533.49 7823.63 5279.9 7734.67 7280.99 
5821.08 9516.18 2058.33 9089.19 278.127 
3673.27 5887.5 6416.33 8363.15 5608.61 
2900.46 4499.87 4789.97 4071.44 8748.85 
5379.3 2539.28 6485.55 1728.06 2541.74 
4406.9 769.363 3627.81 8070.78 8406.46 
4450.83 9604.27 6230.07 9730.73 7338.93 
3511.04 5551.79 6855.09 5569.38 4640.96 
7133.22 9242.65 528.446 3549.53 7605.78 
6137.06 6449.98 2105.63 927.015 521.41 
854.462 6306.32 3060.69 7340.01 8034.38 
5602.42 1746.9 8803.74 9230.23 9817.68 
7210.18 3681.04 9421.94 3440.24 3411.75 
6760.85 6951.29 8963.54 3615.92 2520.64 
3604.49 749.12 1763.28 4132.94 4298.65 
9369.06 269.978 748.613 1474.67 1196.99 
1270.02 2329.13 7503.31 4330.71 9669.15 
5537.67 9933.13 1416.03 4341.39 9163.34 
1233.69 1551.56 2844.37 655.611 4991.8 
6256.12 7416.46 1943.07 5219.64 1032.36 
4463.71 8824.13 1781.48 6226.99 2957.05 
6080.13 5596.03 3227.03 6828.74 7070.7 
4424.03 8098.76 9399.83 1927.32 2429.46 
9068.97 7464.99 2362.57 484.978 1806.36 
1525.9 1718.67 3357.92 4370.27 2374.28 
8349.73 626.368 9790.74 292.778 5846.01 
823.085 4756.49 4670.13 2604.57 983.466 
7627.18 8684.7 6579.5 854.2 5513.42 
3650.18 5278.23 3612.17 3050 7205.55 
6041.63 2118.95 4670.52 8404.2 2603.92 
6476.88 9930.1 4322.59 9834.81 4300.35 
6696.87 8184.52 4926.72 6487.6 8477.29 
772.713 7310.68 3233.77 5442.84 9915.25 
4217.24 3070.01 8599.93 796.714 3924.21 
4113.33 4446.89 9202.43 7725.5 7496.89 
6407.96 3767.11 9615.84 1078.46 2171.29 
2219.74 7555.35 2101.37 6542.34 7390.14 
6401.72 3239.2 5574.64 1328.42 9726.79 
4051.91 2101.14 7037.46 7285.68 7543.98 
6952.69 1502.9 613.972 5552.6 2299.62 
4538.18 9665.94 6746.51 3740.6 7391.42 
4243.38 148.545 1158.51 3859.2 1227.01 
3329.8 6078.95 8782.36 5431.17 2621.27 
6172.48 1832.88 5860.47 1747.1 3161.31 
5587.24 5799.01 5262.44 2624.68 3084.68 
2806.41 9577.37 4587.58 3420.38 5129.96 
6887.2 7958.56 4795.88 3633.69 1699.14 
2187.28 7877.07 1847.69 3345.79 1736.26 
3074.7 6675.59 7815.21 1857.04 2106.75 
436.464 8029.52 3939.63 6296.93 9776.62 
7100.94 1884.15 5575.61 2363.37 4508.84 
8660.29 5169.77 4086.19 3247.86 8590.15 
9216.15 135.039 6548.69 4012.02 3768.73 
8247.83 6199.3 1645.79 95.4975 9545.09 
3382.05 3170.19 6220.66 1197.24 5027.23 
8327.41 1633.71 3056.73 2267.03 7930.64 
2833.33 9367.97 9814.79 8408.94 1731.32 
4323.61 7069.21 6901.09 8409.81 317.053 
5491.22 7625.94 452.091 2039.89 1637.94 
4220.82 287.703 7837.23 5866.61 383.201 
7382.3 9248.66 3553.39 3602.95 445.886 
8580.62 1930.35 2079.59 1637.33 4197.38 
10.2135 4470.66 3565.33 9825 2879.58 
5296.65 4148.6 9948.8 2197.72 2558.39 
265.831 7688.94 184.312 717.922 9728.83 
1822.25 4938.74 16.514 9659.49 805.335 
399.715 7041.77 53.9777 3953.11 644.708 
499.864 2533.71 2575.06 2579.46 4171.05 
6772.43 2589.67 8641.71 337.747 2414.66 
1521.28 5634.39 6563.26 1470.06 7832.11 
9121.64 1735.89 5521.03 9305.96 2453.81 
5249.84 1128.19 7392.55 5266.36 787.66 
8197.89 5666.07 7829.43 8251.87 9619.18 
8474.14 8751.73 2152.88 1049.18 1331.17 
6323.93 7821.62 3920.84 4965.62 8159.36 
6335.5 6486.9 3793.74 2898.74 7956.95 
1625.83 2020.37 9692.84 7146.87 1326.3 
2146.63 2396.69 2454.49 9539.18 7663.05 
3242.15 7737.05 3329.1 1071.57 5988.9 
2948.27 9545.71 4740.61 5101.14 594.88 
6071.78 1425.05 8416.5 9992.62 6390.67 
6575.84 6328.1 2877.56 369.565 9226.84 
834.492 1995.4 1247.19 527.315 9142.27 
2573.5 2673.95 1538.94 5027.99 2213.11 
9201.99 8270.15 9950.17 2531.08 9341.72 
5939.05 5479.34 8887.42 679.651 580.467 
9482.29 6751.44 2005.52 7898.77 6744.04 
8396.19 4474.6 3072.13 1273.73 4844.16 
2298.96 2108.22 6839.56 3546.15 2635.54 
5981.81 6119.65 5309.49 7520.75 1147.62 
7522.6 6722.73 9417.76 7472.75 9253.8 
8759.47 3411.79 4733.12 7646.86 4091.44 
5313.59 7129.14 842.859 7319.11 5027.9 
7586.9 5715.29 9502.5 659.014 6989.02 
4346.64 2957.97 9097.24 1186.19 6504.12 
1732.77 7168 2623.75 7042.25 4688.74 
3771.37 4564.84 1411.44 3189.11 2037.57 
665.229 1948.56 5449.36 5398.35 9595.43 
9540.8 711.928 6724.55 383.647 8031.04 
1752.44 7970.55 3746.31 1254.92 8629.56 
735.312 5601.56 1587.51 9832.56 6787.75 
8091.63 1565.31 3955.73 715.364 8607.56 
8644.47 4486.73 3172.38 55.8983 7675.84 
5209.95 721.127 9624.41 659.3 6119.48 
9219.82 200.087 6831.41 5944.35 583.735 
4862.43 7696.79 8554.28 8608.74 8951.71 
7183.83 9344.05 4553.25 8771.34 9176.59 
1340.98 6862.96 741.879 5296.72 7578.32 
9349.44 3941.17 2065.04 2521.8 3997.07 
9740.88 7731.75 4718.19 9365.27 8391.05 
837.658 8585.08 8591.14 7669.07 4529.41 
9174.88 2531.48 2226.19 7729.14 1140.2 
1177.88 4912.95 484.234 5731.13 3684.28 
9660.82 7072.11 547.219 402.686 2368.81 
8125.54 9752.12 6309.97 190.562 2273.91 
307.025 9931.44 5.6443 5025.22 9296.7 
8396.7 5862.88 7881.76 6987.82 3531.93 
2411.16 6162.68 6063.4 4637.34 3891.81 
7203.6 5815.22 8804.76 7687.84 1546.33 
2489.02 7348.64 8618.44 3036.24 7751.33 
987.226 1161.76 7503.44 7297.2 1352.32 
9777.34 7604.23 1283.75 9782.99 2629.43 
580.433 8179.67 8492.3 8462.19 5167.47 
2024.21 873.33 1330.14 8087.62 5510.67 
5221.94 5291.2 1325.88 4026.69 2979.02 
2872.2 6515.7 327.649 1490.62 9551.94 
8078.98 2477.85 713.686 5582.4 9775.05 
2066.01 5359.73 7379.26 3349.76 5142.7 
8.66896 3930.19 3322.35 8500.97 2392.37 
8489.82 525.169 3265.7 9819.96 8612.78 
8776.37 5041.89 3903.97 102.232 9068.58 
6882.99 2974.44 5584.26 7210.64 4465.06 
5136.18 5289.6 6942.91 5849.87 871.985 
6717.94 7915.88 6231.71 4097.18 1265.63 
1374.39 4105.85 5195.82 4696.74 2606.81 
7588.19 3186.55 3131.98 853.874 3006.49 
1744.74 9630.25 8048.38 5648.71 9732.48 
7116.94 2531.69 2706.9 2701.18 9742.33 
7171.96 7837.37 5031.92 4114.85 3687.22 
5903.9 832.777 1603.09 2135.6 4929.96 
2868.71 3509.99 9035.81 8064.54 8206.73 
1642.61 5652.71 1393.26 4774.58 6506.58 
4399.75 6519.33 6136.81 2448.11 2168.03 
5869.28 9565.06 4699.71 8576.17 2266.22 
4442.03 5748.12 103.576 9473.94 9862.97 
3790.8 5377.83 695.729 5393.89 7513.42 
5625.69 8262.6 1023.39 4661.49 6327.12 
9230.12 6304.09 1979.81 623.362 1078.66 
8486.4 5023.11 7597.99 4623.19 7471.23 
9766.01 492.453 7036.27 4465.71 9068.63 
9302.49 8907.74 4816.73 9406.06 8381.66 
4679.68 3196.85 3759.47 5375.41 8590.74 
1272.88 1001.08 6853.32 2296.28 5662.57 
3180.42 1526.38 1966.64 5160.24 2149.74 
3045.3 3646.62 7172.85 643.272 8269.81 
4644.06 409.268 8762.26 1680.31 4874.98 
7830.87 982.783 3782.7 2647.58 388.831 
2164.34 7327.26 3585.68 5923.82 2702.65 
2176.4 7196.7 3703.73 9029.72 9492.98 
9366.3 2210.12 1019.34 1332.93 7370.36 
3169.08 4378.23 1016.96 341.922 5021.5 
9286.77 4985.99 5430.77 8049.01 6666.3 
305.73 5879.87 7649.08 4088.43 8527.45 
8037.91 6252.77 5854.7 1623.57 2176.58 
8557.35 3799.97 9373.28 2261.07 2829.67 
8866.24 1627.35 5039.79 9885.58 2960.28 
2410.13 3054.65 7338.51 3427.09 3396.57 
2360 2713.84 8382.56 7790.76 762.838 
5048.84 8096.5 6642.71 2697.9 2184.91 
5170.15 735.796 8437.68 1024.83 2359.37 
614.239 9582.18 6159.34 9987.52 1843.23 
8989 8853.74 3470.59 4028.77 8739.3 
6430.87 6438.9 1793.93 3769.37 9865.99 
5190.5 6129.36 2579.81 3573.04 3920.11 
3342.65 8621.88 2016.59 9985.36 1319.76 
4201.49 5155.49 2055.56 2639.16 6180.31 
4414.93 3253.4 5762.48 574.246 3240.89 
7605.71 9563.25 2094.62 1076.28 3592 
833.899 7507.15 30.8881 2627.83 1276.5 
9896.88 7818.33 7405.86 2476.68 1391.36 
1325.96 5819.33 13.2179 3342.54 5804.67 
1332.98 7544.04 960.142 3388.54 183.176 
7140.46 7803.47 3436.57 2902.92 8377.71 
6677.47 508.613 7940.94 8772.08 1584.9 
1532.93 9605.98 9092.05 1563.82 2233.79 
368.535 1460.68 52.1098 7774.4 3937.36 
1443.47 9100.35 9756.69 1456.68 2442.88 
5561.34 2789.67 9986.92 6521.48 6178.21 
170.075 3661.92 3981.66 3606.65 6564.84 
2359.35 284.096 7073.45 300.281 9056.18 
8658.35 1833.21 8662.14 7750.38 3397.03 
895.919 8118.92 4857.71 948.029 5893.3 
8795.07 2391.5 4993.63 8551.74 3848.18 
7436.51 4113.06 6637.84 7423.41 634.525 
2816.03 7593.49 4296.45 6797.69 1200.12 
861.268 9157.04 1484.21 7934.72 9457.32 
540.374 6593.05 1290.52 9202.52 4343.41 
4687.55 98.4179 2462.31 9545.26 1046.45 
8355.61 8340.31 3437.94 3349.23 6892.04 
7286.12 785.725 1005.08 3923.95 8209.14 
1639.6 6739.98 5802.61 5936.05 3537.65 
7002.73 6797.32 2694.68 8486.94 4732.02 
2151.98 9027.32 1325.06 3442.5 8229.82 
5668.47 8130.05 8328.23 8130.78 7675.29 
9374.68 6486.37 6015.59 2812.6 9835.6 
2907.61 98.7084 621.309 3912.69 4022.66 
8830.45 5552.29 762.621 4633.04 1488.33 
4300.27 1635.75 8285.65 6994.95 122.676 
3017.65 9146.93 9149.99 4342.71 2589.41 
7379.79 11.1595 719.447 5708.01 8141.94 
8394.74 5082.67 4628.3 4410.32 7895.27 
4463.88 7317.93 7993.98 5085.19 1230.6 
2016.62 3915.62 6782.89 2779.24 8548.66 
8271.22 7079.51 184.393 6556.85 4074.45 
307.068 9574.5 3221.36 9457.06 3917.2 
5810.77 6836.83 3928.36 6530.22 2544.82 
2070.28 4924.94 7627.49 6698.58 9335.26 
5522.74 1162.44 6653.17 3516.71 6247.63 
7883.77 5533.33 163.229 4666.65 8312.57 
