1600 5
8705.59 1122.19 7527.37 9451.7 58.2624 
2120.55 662.293 1712.48 6843.54 1675.67 
9813.22 3468.7 6708.41 1303.36 3354.74 
7965.96 9065.89 7623.38 1239.19 1309.26 
1878.92 1968.64 6214.36 6978.43 7378.62 
2157.43 6472.76 9254.26 9984.74 9892.77 
5890.41 8690.31 1014.95 3417.76 8141.99 
1073.21 5538.32 8804.29 2785.69 2381.84 
479.941 2598.89 5850.54 7188.35 3902.25 
9205.28 5154.29 2968.12 6828.65 6393.48 
4277.38 8707.56 8362.12 491.721 5685.98 
5740.72 2649.15 2158.72 4994.96 2633.87 
2051.47 885.352 1324.16 3066.42 4303.11 
9466.15 4139.63 9841.43 8270.42 6925.32 
2223.26 8750.36 9524.22 8073.8 5938.7 
3426.45 7279.06 1092.98 6394.57 4107.69 
7486.46 671.935 2815.24 5848.56 1163.66 
8501.21 1589.27 3812.8 659.916 6584.23 
6446.67 2711.39 7469.58 7770.83 5777.81 
1772.68 7236.96 9917.44 1614.09 5507.37 
6842.75 3837.35 4257.72 6366.95 1911.13 
196.4 9793.4 9190.19 1289.38 6187.96 
3297.87 8775.84 6859.89 6113.1 4624.38 
8023.54 4614.3 6213.65 1836.33 5274.21 
2797.86 8283 7985.6 267.421 6053.82 
3763.4 2040.1 3290.76 3680.83 3654.19 
8798.13 523.561 7491.54 3055.83 6890.51 
9402.67 3252.23 6683.9 8592.85 4541.61 
2871.84 1890.69 3317.43 9731.72 8003.8 
7941.81 7755.25 2618.08 4155.44 9591.59 
7892.29 6953.3 7874.57 5877.88 7220.72 
3928.37 9641.28 9260.82 7219.14 3322.09 
2914.99 6017.25 3845.65 406.512 9073.08 
736.141 9809.18 2325.3 7420.04 8402.01 
6866.91 291.857 292.688 184.321 23.5652 
8296.48 8126.13 7778.82 914.544 2281.55 
7370.39 8806.83 9234.85 5244.94 4684.69 
6455.54 9173.32 4325.95 5716.34 6392.43 
7648.04 8631.33 2409.67 1493.67 9037.85 
1482.74 2229.81 8847.01 3808.04 9649.85 
7249 674.928 9941.71 7541.69 859.249 
9965.27 5838.16 8985.38 7744.07 6752.7 
1266.91 5114.44 5559.52 501.74 359.368 
244.198 6957.28 9532.68 4570.15 2673.61 
5925.1 2218.17 1304.93 8334.77 3711.84 
342.758 9817.5 5941.65 9189.77 3625.52 
5591.48 6438.76 4300.45 5533.17 3980.43 
5159.7 5498.43 9818.59 4145.06 3242.48 
6571.28 5411.97 8356.92 2130.78 5913.71 
8716.29 2374.98 2870.98 8248.96 6945.13 
5544.59 4174.04 9163.3 6849.52 2508.79 
2875.13 7192.28 2326.28 8816.78 6382.03 
5951.8 4408.25 2820.77 252.232 9941.42 
6801.2 5411.93 5439.83 6619.78 9556.99 
8682.31 3191.04 4968.95 7039.22 5321.82 
882.644 5755.49 7696.8 3753.62 4004.43 
4641.91 9298.22 8178.47 3805.2 6147.72 
687.247 6680.33 3339.98 3013.52 5497.09 
9722.01 8965.32 9905.34 2542.77 9217.56 
9846.74 9343.97 4629.47 5286.55 5963.73 
4186.44 3968.84 9154.77 9155.39 1008.04 
4476.57 38.0192 6763.53 2173.35 3791.64 
767.946 6815.26 3089.84 8946.42 620.446 
9237.57 9633.67 7300.77 2577.53 2647.17 
2797.85 2299.53 1612.48 2703.17 4842.29 
830.02 2549.89 4186.25 5459.49 7836.43 
149.958 9645.93 1805.26 9304.73 8801.31 
2813.3 3781.28 8839.33 9576.83 5954.63 
2630.95 344.759 2769.88 5720.8 9291.18 
3390.33 4958.35 8924.83 691.082 7535.88 
1571.99 3488.93 9835.41 3184.47 6192.09 
4677.68 4014.49 8741.98 8863.93 9473.98 
6578.4 9013.89 9119.89 8383.66 8318.6 
7921.18 1196.94 2099.86 6760.49 773.749 
8054.49 9391.45 1118.51 824.354 5112.23 
409.668 4214.68 70.5613 9334.5 4905.76 
7606.44 906.464 8394.69 7441.83 4090.93 
4586.77 2119.5 8105.42 3328.73 983.408 
7579.37 9907.12 9997.29 6699.25 8290.76 
8315.87 4620.41 9487.7 415.716 1380.89 
261.431 8470.21 772.323 1379.94 9294.56 
5884.55 1789.61 3509.23 5955.11 1124.09 
8414.99 3561.54 2030.55 6809.66 1003.35 
6121.48 1396.41 3122.85 4226.88 4725.14 
4106.25 1806.24 4632.25 4103.53 8505.48 
2922.99 2419.39 3125.88 2410.67 2835.11 
4506.77 2672.11 1305.3 5279.1 4052.04 
599.843 1163.63 5841.65 4109.07 7118.75 
6965.74 2524.04 680.267 8996.29 9333.7 
1683.62 5117.75 730.094 4806.46 9344.63 
5455.23 8912.72 1150.85 87.4611 3016.23 
9656.33 3010.45 5435.62 2782.2 5421.13 
8270.73 7288.97 8093.23 9576.03 2568.05 
2145.26 175.854 3731.68 7986.91 4284.92 
850.411 4952.63 6808.96 1530.68 3948.9 
6142.65 3214.3 9066.65 6872.74 8020.76 
8411.26 2327.96 6933.46 9562.1 2415.42 
9949.7 9218.42 5425.87 5385.31 2000.6 
846.981 3656.02 9289.57 8940.21 3232.03 
1857.6 1085.46 3407.88 5589.28 9072.37 
7692.81 6439.69 4024.98 4501.75 7970.37 
7973.88 644.383 1184.65 7040.51 7517.12 
9205.41 5451.75 9845.08 6138.86 5013.83 
2260.48 6088.54 4232.23 7686.35 1473.83 
6232.83 8533.33 5129.85 5522.38 7473.53 
8361.88 7379.97 8558.99 1769.75 2969.24 
7631.34 9462.55 9408.93 1656.31 3964.29 
7379.28 9630.19 4608.67 8563.93 6670.68 
2125.78 7769.32 2122.41 1970.84 3908.17 
7136.25 4231.33 9996.71 1368.46 1917.66 
1470.52 7601.29 450.976 6600.37 3123.65 
7924.51 4962.23 503.608 6483.48 6731.98 
3472.85 4114.8 6194.51 2881.76 5771.11 
158.787 261.02 5401.28 4767.46 8824.95 
2071.94 6893.24 6594.26 4194.36 8864.08 
502.408 1330.58 3095.39 499.097 2699.05 
5013.05 1969.62 300.319 5464.03 8569.98 
3423.97 3388.52 3532.2 3927.58 9872 
264.159 7400.42 3986.78 6458.67 282.162 
9757.89 6617.46 543.182 5159.16 1384.9 
9368.13 7231.1 8278.14 5962.37 1425.44 
7142.21 6464.78 2756.02 237.587 6963.88 
5455.07 5250.64 8933.5 5755.39 714.653 
7503.46 9179.36 4103.17 1035.64 3106.92 
3975.15 1299.8 507.322 7961.94 7758.48 
789.484 7719.81 4375.92 1332.67 2878.95 
5760.82 700.782 110.038 4038.95 6663.16 
1535.48 1181.14 3127.92 4291.5 1418.73 
91.7838 9746.57 6669.37 9025.28 5501.94 
7384.02 6528.73 4681.28 1487.18 7564.37 
7788.2 5462.33 8864.17 8295.52 3424.25 
6622.63 9085 1144.05 998.534 417.651 
4023 6759.36 1118.43 4133.04 798.285 
7781.59 5668.52 1979.43 909.493 9960.02 
3398.15 1001.28 9706.57 67.5045 26.5397 
5208.49 7451.53 6555.27 9889.77 8938.7 
4119.62 7677.95 4401.02 2983.78 5973.45 
7825.27 9606.41 5058.43 8969.32 604.926 
5476.08 2992.31 7364.28 6594.52 7125.35 
8162.57 4376.09 2793.85 141.974 5285.58 
2753.85 3540.13 6286.86 2460.41 3607.63 
6313.4 7668.9 1059.14 2868.65 7558.65 
9997.84 6988.27 5236.58 4398.85 9972.04 
1210.02 2224.1 9578.43 6268.45 1193.4 
183.344 1744.52 4185.71 7547.62 8339.04 
1311.04 5710.17 2715.11 4104.89 5852.15 
8000.69 6858.74 9392.27 4287.53 9319.14 
2999.89 600.915 6988.02 4059.03 3469.56 
4546.66 4056.86 457.813 9783.24 8455.7 
429.839 993.24 679.782 8.25685 7261.69 
1873.18 191.601 9006.21 6058.89 7739.23 
7345.23 7369.93 3449.38 60.3152 1474.8 
9301.53 8061 8333.54 8693.79 2348.52 
7652.66 1693.66 2949.44 4640.67 5752.69 
6419 9187.33 9809.54 6876.81 8970.55 
8265.23 7306.65 9963.79 8945.01 7314.91 
7225.46 818.174 7506.51 6231.65 6877.06 
5245.72 3576.86 4246.97 8695.1 3637.18 
5721.77 7996.61 1698.17 4055.29 6690.38 
4046.69 1707.93 8384.04 6996.12 6348.6 
4136.71 3415.1 5535.91 3946.23 291.896 
4506.45 2211.44 7598.55 4470.22 1156.43 
4913.44 1695.67 1974.61 2419.93 7927.33 
8851.67 7665.64 1504.17 3098.62 6360.72 
5141.35 8820.39 4357.32 6839.51 2875.66 
1047.68 886.184 4583.59 9431.72 7882.31 
932.177 3568.41 1297.39 6468.09 7514.64 
1589.29 974.521 9726.08 9187.83 5444.74 
882.496 4101.25 7140.41 2857.1 6521.17 
5067.72 1708.76 4186.8 6571.89 4807.38 
547.504 1713.23 3627.75 4904.82 8552.74 
6503.41 5952.5 9438.92 1086.99 5384.2 
7321.21 2019.17 8952.61 8618.6 8487.26 
6467.23 207.87 9461.78 6193.29 9395.7 
4906.5 7075.79 3496.93 2046.9 9932.89 
18.089 7114.62 1641.63 4204.89 3686.5 
6449.01 4752.39 5399.73 76.7473 9657.21 
3952.45 6580.16 5609.7 3391.36 7667.15 
993.879 712.551 9686.32 9946.49 9331.15 
8173.55 6413.7 9539.02 7635.31 2606.97 
8934.71 2541.8 9682.76 2431.62 4588.7 
9615.64 2449.71 1703.31 1257.25 6654.6 
5389.81 7706.26 1406.97 789.514 7783.01 
1064.17 4741.96 4363.15 6673.86 8133.32 
2030.29 7667.74 8845.87 1716.59 7614.21 
8177 9890.14 4027.89 7716.01 7525.44 
6634.86 6650.7 67.2207 6317.61 9082.32 
4655.92 5933.23 1532.01 6359.23 7190.48 
8186.61 1749.02 4896.73 9593.58 2538.53 
2679.72 657.73 7280.5 7042.87 7331.59 
5413.8 9073.16 4999.32 4259.65 789.729 
2613.51 2436.64 679.853 6641.4 152.629 
8205.29 3276.25 6803.33 8272.51 9593.86 
5885.63 2928.42 5527.07 7417.64 9287.64 
2717.54 5604.23 1036.65 7614.26 5197.8 
3575.18 293.968 5855.53 855.657 7336.84 
3187.1 6269.45 6409.98 8186.42 529.085 
7199.71 799.91 2965.72 7879.57 7441.31 
3118.35 6084.84 717.538 9921.68 4357.33 
311.378 5807.29 7285.75 5838.45 3224.92 
6573.38 8555.99 8829.15 7610.02 6170.23 
4026.93 1185.18 6464.2 9882.46 2040.84 
3801.02 3069.55 8310.29 210.992 1255.95 
8839.38 7410.71 2055.86 1805.08 5290.26 
9497.17 4923.43 1375.08 214.692 4845.09 
5732.41 526.069 652.37 3018.14 6364.52 
3877.29 9591.52 4920.49 2706.42 7201.52 
1090.7 6733.36 8386.71 7554.9 6615.8 
427.527 1355.91 9685.35 8737.82 1566.9 
941.287 7577.18 8977.61 2997.15 9382.26 
4267.85 2494.3 4305.68 5642.92 2709 
9150.77 1375.32 3235.06 9803.14 4393.46 
9599.58 3680.41 3984.96 4520.05 6386.84 
1186.47 5610.75 3120.18 9573.17 3165.64 
9735.98 0.682828 4521.55 9421.32 8738.5 
6088.45 362.586 6315.66 5066.04 3359.74 
5697.91 9333.89 5854.04 3.56813 4976.79 
8563.03 9154.34 6352.11 1798.08 8957.47 
745.558 1397.65 2637.86 4730.52 5917.7 
9024.7 5916.99 1528.43 2144.86 5490.15 
4694.07 1880.82 5490.83 9215.62 1302.12 
4229.31 5304.05 1664.71 544.959 370.073 
5024.44 6242.87 9703.96 878.464 6246.44 
4680.74 9441.5 5400.76 1032.83 1239.56 
4358.21 1778.39 2637.21 6996.07 6508.91 
8554.91 6020.75 2425.88 83.3209 8165.61 
7916.03 4777.39 46.416 3406.84 3992.99 
1348.54 7636.15 9297.04 3013.24 8181.11 
9667.11 8037.69 4423.96 9371.06 8916.15 
670.382 4051.78 8357.63 6071.14 5084.61 
9597.19 429.331 6863.01 2234.39 7425.4 
3371.9 789.275 3446.13 5797.79 872.596 
1611.73 3713.8 5649.99 1658.14 7120.64 
9642.98 3006.68 4756.78 8940 6019.92 
2937.87 8607.1 4057.59 7361.84 7978.14 
2973.73 8032.22 2029.9 1331.34 4103.34 
7114.51 928.519 4532.67 3977.5 3162.91 
1958.06 7349.4 3952.18 5404.19 3147.17 
4824.78 7015.92 6860.97 474.745 8674.06 
3981.6 117.706 1680.73 8738.37 9057.71 
7700.65 1676.23 7664.79 1758.23 9038.06 
5642.91 4731.96 7070.27 7672.81 6063.3 
1173.59 4787.31 6991.82 5706.26 8764.81 
154.706 7664.32 6114.2 4106.89 3068.49 
9261.37 8931.66 84.3974 6122.33 9406.41 
8758.46 103.904 9524.11 439.174 8842.28 
8581.8 8139.83 518.487 6246.58 9898.06 
9556.55 1889.47 4630 6626.8 9562.28 
693.282 7800.39 4349.57 7685.1 3506.63 
3114.37 7839.81 1170.94 9228.57 1946.68 
4239.43 8489.92 878.321 4323.83 4612.23 
284.711 3082.27 4716.13 9808.82 3521.45 
3558.39 8390.61 1661.26 4076.88 4637.17 
1559.3 3633.41 6526.64 6189.3 260.192 
6088.91 6882.58 8060.58 438.463 4567.67 
1567.2 3552.83 2407.46 2738.14 2781.38 
4354.13 6977.57 1271.28 5232.45 1301.38 
5883.51 5517.17 4383.65 599.625 5325.97 
7905.1 4158.01 3716.57 9566.36 8234.89 
8353.74 1125.65 1868.29 4880.36 7314.95 
2128.48 969.248 4197.52 189.042 1407.71 
8765.19 1756.24 4960.54 1172.63 4494.38 
7741.92 5526.76 1471.93 9013.2 759.196 
2773.31 4896.7 6276.36 7156.96 5496.32 
1602.32 5062.05 9654.34 5318.88 4628.4 
7889.21 3672.6 5754.05 9757.5 8552.96 
3068.98 1885.96 9522.21 7266.5 2075 
929.903 6031.67 3831.24 5890.44 7204.29 
8325.62 3632.35 2731.04 9797.55 2645.53 
3490.23 2570.84 7542.23 9766.59 9727.8 
3038.53 1368.89 4789.84 2692.85 6687.78 
9418.23 582.047 360.363 5172.26 339.527 
8913.33 8241.24 2225.48 8435.52 5507.72 
4300.48 9365.42 1539.37 8131.73 5255.85 
8743.67 6457.33 8888.2 1474.69 6254.86 
1533.71 4964.92 8825.7 9075.95 4731.5 
8553.49 2114.46 6100.39 3343.31 4807.32 
2788.15 2761.53 5389.36 3148.52 7933.79 
5728.89 2061.82 6175.01 7954.38 497.324 
1682.72 2254.84 9862.75 3222.09 386.552 
5118.57 1965.74 6843.88 4006.75 3440.43 
3098.72 5540.47 8405.35 1924.41 4616.4 
3136.83 477.879 6730.86 9237.22 3821.19 
1538.16 2025.36 6582.71 6927.52 5173.88 
4516.49 2656.39 7235.7 691.483 610.751 
7733.02 2374.2 2865.59 7595.75 5596.29 
3252.15 2714.31 7562.04 96.0096 6721.06 
1002.45 3194.73 2261.52 9407.8 5119.14 
6877.91 2544.61 5597.02 3608.75 1781.82 
9418.21 5146.91 3807.18 6000.91 2074.41 
8981.06 517.376 4730.8 6216.74 1208.86 
5341.56 3949.75 3583.06 8207.15 1545.48 
9179.36 1459.28 4259.79 6741.38 1555.29 
980.84 7743.82 4750.02 3242.36 7151.61 
9869.16 120.249 9696.22 5466.17 3729 
1478.02 4884.36 8875.91 5285.2 885.248 
950.302 4266.24 1402.62 5681.11 482.967 
2611.48 1022.64 4432.71 6194.54 9229.79 
5978.2 5373.88 689.053 237.973 2115.24 
2244.34 1218.81 9859.06 6994.36 4461.17 
7010.65 6863.51 4581.42 6706.86 2329.65 
8310.42 8184.88 7214.01 7186.31 3470.07 
8099.26 8136.61 7736.31 9501.88 3817.7 
8219.28 2113.35 4840.34 2651.98 8307.89 
4070.12 8630.17 3681.76 4759.17 8868.15 
5797 7003.51 86.9423 5656.04 3997.85 
4548.11 2666.68 861.343 9129.53 9373.53 
3191 7439.93 7558.4 404.992 4626.22 
1028.45 8504.25 2762.81 8764.76 8006.12 
6580.51 6984.02 119.449 1420.83 9636 
8427.34 5490.95 8266.15 2109.08 250.105 
7134.28 7906.08 7253.62 7221.23 3562.1 
1251.45 1769.32 6228.78 2112.8 898.829 
5602.29 5303.79 8338.75 3160.67 5708.79 
2964.95 4189.12 4213.02 5727.76 2953.86 
2219.12 2308.25 9937.88 2338.57 3729.08 
9573.86 765.893 9220.04 7840 2874.97 
9470.14 4974.27 781.033 6723.74 2195.48 
4343.13 7975.19 3964.8 571.894 87.9728 
4863.62 6174.19 5391.77 3202.36 9334.86 
1100.53 6167.31 3523.96 5313.55 1895.06 
6477.82 7532.67 4203.31 6415.69 9871.24 
7932.4 5989.53 637.118 7152.41 3829.52 
3512.09 6622.54 8803.78 4293.12 3346.26 
999.241 8636.26 1321.44 4964.04 9208.15 
1409.41 9827.66 5382.32 6801.17 3030 
4717.17 7901.71 9197.32 8241.13 3215.25 
1092.36 4718.94 747.903 5295.67 1134.61 
619.128 3228.05 7124.14 1256.25 380.449 
953.639 4768.34 7002.99 9757.42 9061.46 
349.228 756.646 7697.71 1670.66 5720.68 
6905.84 3080.07 5548.33 2288.15 9881.25 
8578.33 7005.32 7782.94 7775.63 5246.43 
998.168 8867.99 9965.36 1746.07 4163.65 
1099.95 2365.2 7391.7 8224.09 3621.44 
7772.15 9177.73 8389.78 4775.12 8935.14 
7451.23 5124.35 9691.78 5148.92 6795.01 
5412.45 2054.74 9875.08 960.758 4342.89 
9756.32 9539.09 1348.19 7539.24 7314.7 
6594.62 8537.41 6182.68 6559.96 283.459 
346.313 7659.92 2648.66 7738.02 5883.99 
6270.1 5510.15 5061.71 4659.87 285.255 
3996.83 2111.08 5409.6 3688.6 7259.99 
2204.6 9101.05 9314.73 2079.67 61.7893 
3657.61 1835.97 9600.88 5005.79 9375.21 
6915.56 1600.39 7912.59 3098.23 8160.35 
8196.05 3444.54 5820.25 844.695 1182.54 
1704.23 7114.8 6692.69 6765.94 1774.65 
6977.94 762.755 3885.73 2387.53 4451.35 
1145.7 4592.13 3552.38 460.419 6671.8 
3614.17 4118.02 8507.77 3215.03 9123.82 
7882.96 130.58 724.191 5795.54 3228.81 
8884.54 3991.58 6673.35 4704.78 4836.27 
7855.88 6409.01 1951.05 4548.56 3174.93 
3725.7 1526.48 3937.69 7611.42 3914.01 
8389.04 8757.13 8506.15 1941.41 9217.55 
5177.93 5555.58 3335.55 3685.69 8770.62 
2459.35 1568.63 8901.2 3183.54 7364.17 
2129.99 2068.07 1355.73 8803.33 6772.85 
6192 6659.2 3181.84 8143.05 1207.74 
6356.78 1868.73 2734.22 294.45 9480.15 
6648.23 8683.49 8237.26 5154.37 624.884 
7454.79 332.281 6180.47 790.326 4017.97 
4951.07 3249.68 5586.6 3852.25 6433.22 
2950.75 5982.23 8501.29 4306.48 4785.55 
5274.13 498.463 1444.73 8455.97 8641.51 
2652.47 4812.73 510.223 5386.69 5107.18 
9990.38 2034.91 3790.66 8227.62 7189.27 
4415.54 5682.39 7521.55 595.99 6472.72 
1539.51 5547.06 9722.4 7126.11 9399.3 
6155.6 76.8438 5381.52 4656.88 4383.33 
167.055 9931.01 4881.79 1611.79 8386.96 
3523.28 4264.26 3199.68 4033.51 9650.94 
8306.86 4023.87 1685.83 2097.5 2251.47 
8875.11 6513.04 7933.86 6396.64 7109.03 
4406.56 7936.15 2656.07 4128.95 5062.24 
2055.35 284.534 5139.08 7436.88 4941.42 
9522.41 7603.93 4872.41 4404.18 9215.72 
3259.35 7927.46 3479.96 6459.03 1960.95 
3130.89 4765.87 5984.82 4816.72 6863.36 
8236.28 3691.81 3376.38 6170.13 88.433 
485.394 576.677 8024.58 3141.46 4705.62 
3086.8 5196.81 4990.16 8225.88 2633.67 
9931.57 7748.27 237.59 4803.96 2152.43 
9453.31 8063.31 79.8715 2933.25 4522.32 
2040.82 6064.14 9288.19 8025.64 880.839 
6151.54 6261.9 4572.65 9527.92 2432.02 
4661.08 13.299 3008.69 2685.64 3154.76 
7714.32 5772.44 8351.57 2704.46 3998.3 
985.232 2636.02 1746.55 1222.82 7439.98 
3898.98 676.114 5503.27 3978.85 3609.36 
25.58 6019.68 9673.5 9313.77 4045.29 
554.323 5465.29 307.181 5126.97 4993.2 
2739.2 9788.05 5006.5 5747.89 2473.68 
8161.26 3462.19 8246.12 6512.81 6166.65 
2244.41 7498.04 8802.66 3990.96 8720.87 
6242.62 7889.94 9396.98 1745.88 1868.78 
3006.33 1771.46 7888.45 2679.81 1085.22 
1933.73 3234.13 6550.51 2240.91 8361.1 
1543.69 4980.11 8149.14 6550.19 727.982 
622.799 4711.42 4190.17 8868.92 1224.22 
356.802 1113.31 8722.26 9159.47 5104.27 
7443.11 5402.07 2994.19 6840.08 7147.96 
4862.97 9846.4 8919.42 2751.41 2526.2 
4.61669 4685.14 5760.33 6555.12 6926.05 
4121.42 8098.81 1906.15 2270.54 4648.98 
2634.13 2893.34 9360.4 6824.3 1762.24 
584.607 7181.1 2875.55 9306.87 6340.55 
7979.81 6749.97 1742.61 973.991 3590.02 
8890.56 5836.96 3436.41 7809.96 8588.37 
5962.61 7814.58 3273.5 1722.92 4369.69 
199.535 5844.34 2468.48 2105.68 8114.88 
7117.47 4739.81 1008.2 6477.85 1564.09 
2770.44 7062.46 8745.19 5645.99 6369.31 
5085.73 3625.78 3119.26 6828.33 4599.77 
6709.29 5718.88 436.722 145.681 3528.83 
9025.1 6108.29 1343.39 2298.58 7831.21 
5713.08 2498.11 3675.54 8181.56 4603.79 
1790.4 5299.01 9343.6 2798.6 1776.85 
907.676 5569.04 8839.31 9652.87 1215.01 
5208.61 4738.58 4840.79 8327.87 1566.89 
9440.57 5037.14 7285.77 9877.29 5182.82 
814.584 8902.37 1291.09 2157.98 1200.93 
9122.3 7871.06 3699.04 2797.82 6052.6 
8302.83 4588.22 1351.6 7646.42 7386.82 
3128.45 8554.09 2955.84 1967.74 8206.94 
4170.85 7176.35 2945.5 9011.64 5504.2 
4512.4 8452.19 541.317 1798.15 8329.46 
5724.14 2612.74 7231.81 7015.23 4770.71 
8432.73 6137.52 2641.75 2131.75 8935.34 
8694.36 434.566 3523.54 45.9395 8080.98 
910.349 3174.39 6635.06 3866.19 5142.13 
4841.98 8037.04 2318.46 7787.49 7048.66 
7822.66 2299.87 5500.84 8363.97 4098.02 
3830.28 4088.09 6710.76 1062.07 1103.3 
1481.46 9494.8 7240.82 4123.21 1626.54 
6176.14 2817.55 2061.1 9699.69 2863.49 
142.068 610.02 6037.88 6777.12 4476.21 
1179.99 1619.09 2513.24 3498.45 9406.58 
9561.9 1321.09 1706.43 5062.72 9685.06 
5804.45 8893 3773.14 2515.2 9955.07 
4876.44 3996.66 9449.85 2117.25 8119.87 
1076.37 8293.39 937.402 3137.47 7993.06 
3800.89 3279.54 8603.08 9838.77 56.6467 
3079.27 1018.75 1675.74 5592.51 4517.2 
1082.3 5154.39 5838.29 2788.73 217.094 
5523.33 8593.19 9110.09 9296.47 1108.37 
9065.14 4172.9 5105.03 8514.97 6290.14 
3224.88 9591.34 4583.51 4162.28 2728.79 
2576.55 7963.17 6008.33 1179.61 7801.93 
6064.98 4258.89 8820.67 7740.72 9851.39 
3337.85 8823.02 5005.77 9176.14 1611.73 
5222.86 4699.46 204.904 4332.94 3995.92 
1313.27 3398.06 8168.82 6418.3 1913.01 
4458.94 9643.17 1504.34 9042.46 3805.44 
4233.13 1619 1768.59 241.447 2798.61 
9570.52 6306.43 7057.5 8391.17 4047.13 
6908.87 1729.01 2870.13 1914.62 905.136 
4481.87 7137.48 5604.6 4686.77 1470.4 
9600.51 6000.04 4868.46 7769.31 2418.32 
6781.47 2228.24 2061.48 8285.81 1270.68 
5866.92 2518.93 2889.68 7635.51 2760.37 
5688.29 7206.01 9066.8 2745.77 5597.16 
3113.91 9654.64 7326.17 5984.04 1569.24 
8231.31 465.89 8706.73 3835.89 5152.66 
177.11 3436.39 1152.68 5045.57 1205.68 
3571.01 1827.03 3433.92 5632.49 112.821 
4704.6 1499.38 2631.75 7594.27 9134.89 
5392.12 3282.54 6340.88 4458.9 6028.31 
1938.03 7572.81 5682.93 9264.2 3556.84 
7252.17 7495.5 4022.73 5958.88 1331.37 
9175.39 6135.99 4767.76 328.055 1181.54 
5973.43 3899.06 3008.57 9407.35 9531.55 
3121.39 4111.93 1030.91 5753.13 1706.19 
165.786 1145.24 4988.73 6506.67 5604.14 
1017.02 8444.7 3176.93 6699.95 7708.88 
6733.77 3952.1 5204.36 756.486 9910.97 
6535.73 9931.87 6046.94 1303.47 259.912 
7228.48 7276.91 4158.97 237.032 6684.24 
3690.5 3358.42 796.158 4721.41 9111.55 
2502.35 4887.2 256.772 7491.08 1393.85 
5860.91 8508.09 9838.55 9037.84 5208.02 
7547.41 5771.6 9160.12 2751.76 6528.09 
9071.08 9287.5 6459.94 5118 590.953 
6719.86 2346.47 7867.86 878.813 2583.5 
4552.09 4569.32 5941.92 5348.25 9290.73 
5053.46 7850.59 4177.91 5310.23 5341.65 
5571.77 1171.12 3849.73 5410.3 208.951 
9057.75 2957.69 5980.55 8217.86 5709.46 
2508.62 7288.92 4996.94 8968.57 2406.9 
5587.89 5688.41 4753.37 3455.73 6567.22 
7336.88 8007.82 1136.52 3278.78 3356.05 
427.231 8332.24 1206.62 4605.15 3642.45 
6548.27 176.894 4813.57 397.982 5587.19 
5022.52 9455.73 8544.88 1003.06 7673.57 
4254.32 3511.68 4962.47 9251.26 2480.23 
7369.38 4839.13 8168.64 2122.73 8294.86 
4735.84 9459.61 6302.66 5872.36 2738.37 
9658.71 6299.59 1070.59 865.309 904.719 
4713.04 7413.58 1081.61 9526.61 7811.56 
6668.8 4549.12 7267.28 5213.67 5552.18 
4940.84 9467.99 9063.86 9903.31 8719.23 
1544.08 7272.67 3558.34 9712.71 9395.41 
1853.19 4448.54 8855 8155.85 320.881 
1593.35 7814.54 6620.47 2663.95 8679.84 
7525.19 7376.99 6093.41 8606.8 6903.59 
3904.95 5275.59 1452.69 1172.22 489.242 
7004.87 6113.05 9957.23 6068.71 6016.35 
8676.45 7612.79 3289 2234.78 7325.49 
2684.39 4087.96 1774.01 1539.37 2243.79 
2094.89 3132.72 58.3117 8715.36 5796.67 
8738.16 6240.53 3173.64 4831.55 4847.32 
77.2116 8736.5 122.89 1529.9 9908.71 
612.131 8534.77 6021.75 569.349 4603.47 
2038.08 9245.8 2216.24 5327.08 1480.56 
9541.73 8011.46 5568.52 1315.72 9550.83 
7812.32 3410.61 2683.54 7870.63 2125.95 
8480.21 6608.77 8366.48 1653.83 1440.3 
3213.79 1731.04 176.78 3336.68 3260.95 
85.4775 3948.81 1795.7 6107.23 4518.16 
6399.17 8145.31 3763.94 8615.41 3472.37 
5244.5 8157.13 1483.81 813.006 9472.85 
1034.63 8625.33 2883.44 3718.17 6495.94 
5009.39 2198.36 3104.69 3375.85 3852.19 
4544.99 6589.64 5583.23 4721.77 9926.32 
8844.18 4807.25 3875.1 639.863 914.457 
8393.26 7039.04 9059.76 2157.18 5654.43 
2532.11 7401.68 3811.54 4015.92 8214.69 
3284.37 5050.55 6839.99 6167.81 8768.72 
3335.92 1177.18 967.059 6440.61 4553.03 
4819.25 985.578 1142.66 402.463 5707.35 
1068.96 9246.64 514.578 4944.06 9886.5 
1429.03 3337.3 6925.52 488.78 5494.48 
2579.94 3020.89 2896.15 6391.48 7036.81 
1110.82 9675.85 2087.35 7950.81 5843.64 
856.052 1286.71 7020.82 1823.11 7727.31 
1573.84 6642.36 8712.89 2716.5 7044.82 
4420.22 3785.45 6291.45 4934.8 8729.51 
6177.93 6363.84 2066.8 3103.44 6852.62 
7561.28 5683.38 9873.51 457.414 2074.84 
6910.3 1568.23 1750.68 8997.65 9519.04 
7594.32 9853.71 805.729 4615.12 1676.8 
8533.04 6188.96 8319.16 7245.92 8905.46 
5363.96 1666.12 2690.9 1655.39 6600.92 
1420.39 7833.32 2964.74 3487.19 936.745 
9817.36 1048.46 6620.12 9690.85 1505.87 
8694.96 6601.14 3074.1 445.621 5598.77 
2593.12 8039.94 5452.46 3398.85 2655.05 
7129.26 1931.88 8844.01 5448.4 9177.8 
7749.45 812.346 843.904 440.333 2467.74 
7444.83 1860.72 301.043 409.555 5347.92 
1237.79 226.897 6396.38 7857.91 9917.75 
7902.25 6552.86 6518.86 976.334 6998.48 
2117.62 3569.46 5038.4 7570.08 6968.31 
7693.44 4699.32 8900.19 6537.44 147.708 
8077.97 4286.87 960.055 8921.88 4727.21 
3427.79 6366.69 6587.93 3728.83 6776.24 
1935.83 4966.62 7003.14 8332.21 2824.52 
6920.87 6234.44 9377.37 3439.71 7210.77 
6375.83 5557.33 780.215 1414.22 3127.4 
7748.53 9107.66 7826.72 6648.7 5645.08 
7974.43 4726.66 9931.96 8934.49 3648.52 
4659.14 2362.26 15.1865 1247.06 6091.09 
6791.43 3182.89 1057.7 3794.55 1515.08 
3882.22 715.402 7749.52 3259.57 4155.12 
4960.28 9635.4 9712.45 5740.49 1049.6 
2839.83 3489 157.246 666.536 137.688 
5802.33 8640.97 4864.34 5734.27 7575.43 
8512.86 393.393 9937.69 8528.05 1640.45 
6028.77 5319.46 4823.34 7086.47 9114.01 
6338.43 968.669 9829.41 4087.93 4228.24 
3984.51 9048.21 3863.63 3696.95 4788.68 
4913.23 6536.78 8277.68 5070.48 7203.32 
8415.37 872.786 5844.27 3279.7 6607.05 
3419.68 1792.54 7000.44 3357.36 320.572 
8640.9 9386.13 5640.03 3464.22 6472.58 
4754.02 9802.65 7441.25 4583.42 3890.56 
1669.47 8567.93 2938.75 5533.1 2264.86 
7727.43 446.314 8801.64 6005.1 5516.79 
6004.94 4420.45 6389.58 1849.19 7700.15 
2996.61 5268.87 9492.7 9997.05 8626.23 
9813.27 8637.93 8012.34 5453.28 2102.14 
4484.91 207.29 1904.77 1926.14 4790.71 
5795.33 3595.61 3358.63 8734.08 9128.71 
5623.49 6461.49 9575.03 4425.12 2466.57 
5091.8 430.043 6887.03 1481.36 2279.23 
4587.16 4477.97 7548.1 4079.84 4475 
6174.32 3893.09 3112.92 4186.64 9346.38 
5215.06 8671.55 9553.67 7119.83 597.67 
4344.36 2915.14 4193.28 7702.99 1649.2 
3321.98 3326.46 8110.7 2896.99 7751.58 
577.255 7988.79 8181.63 7464.28 9470.15 
460.84 2051.43 3948.1 8008.94 6131.27 
8423.11 4183.24 24.3519 1536.01 8369.88 
9370.73 6751.07 7041.41 8924.38 3870.88 
7639.08 3268.72 6786.02 1832.35 971.696 
8435.23 5154.33 4298.16 6545.91 8051.32 
2049.73 7123.16 6040.09 231.336 4587.43 
5510.22 692.176 6638.86 9458.33 8701.12 
2770.12 7881.42 2884.34 2794.47 9417.43 
1254.21 2165.18 6168.48 8295.62 1089.54 
39.3412 5934.68 4358.26 6825.36 7767.03 
5329.96 5260.57 2921.34 9628.12 1806.46 
972.637 1677.83 8929.62 7012.73 1909.17 
3517.03 2522.94 2601.34 155.876 1981.24 
1302.44 2925.99 9862.66 4186.79 5720.46 
9280.07 5440.99 7885.64 5448.53 3736.59 
8975.18 5487.87 9671.28 3333.43 2313.22 
7438.29 8663.39 7573.79 359.608 8291.49 
9380.25 1332.25 9969.32 8309.86 8344.97 
1878.47 1826.88 867.891 4479.82 1982.75 
2849.14 5782.26 4908.74 2711.78 9969.05 
629.185 1991.83 5410.03 8514.82 7440.36 
9146.62 7489.98 2928.21 8817.88 823.394 
5241.43 6256.15 9486.78 2815.2 6615.76 
7778.25 2195.43 7948 7747.56 505.277 
6292.96 9626.03 2332.15 7160.85 4105.83 
4314.91 9.97153 9888.09 9223.65 2721.75 
9857.13 9852.84 4713.58 5267.13 8367.64 
2153.92 4413.74 5857.61 5082.13 3231.6 
6681 323.54 9487.75 6167.77 3138.74 
6103.5 3946.01 5334.17 4051.49 1693.55 
5839.45 344.43 1319.57 8171.6 7505.28 
5425.4 2486.5 7515.25 5313.48 1710.13 
236.987 5170.59 1562.95 4950.57 437.704 
9930.59 7104.49 4851.44 5788.19 2186.6 
8083.05 2469.17 2510.14 7570.78 8636.94 
5648.88 3674.26 2582.93 983.033 7725.75 
4276.48 6822.48 8070.18 5596.05 4994.07 
5575.45 1021.43 7480.57 3090.68 6334.91 
9190.7 3327.67 1505.48 753.632 8278.24 
1943.18 684.209 5382.7 6794.62 6472.4 
7569.3 4877.65 8941.57 79.4238 2448.42 
7578.5 5728.3 6122.68 161.41 6711.33 
3848.42 4437.89 3533.8 1918.58 33.9212 
8527.87 7494.02 1055.35 6008.42 584.689 
7390.26 5199.1 3912.36 8895.73 5952.74 
2190.58 838.898 6636.94 7573.28 7633.52 
3109.32 5142.57 2511.16 2050.88 5221.99 
4959.58 9629.37 950.275 1082.24 9790.78 
7661.61 4930.66 4228.66 1195.39 6849.24 
4262.58 9723.26 4343.24 5317.93 5731.67 
4927.93 2708.17 930.758 8840.29 1603.89 
6883.49 1030.85 2442.79 3520.42 8604.13 
76.2913 6629.75 3746.68 2587.45 8680.62 
8968.68 7547.03 8309.98 9918.95 8629.27 
8100.75 7580.54 3559.91 2329.39 8775.93 
409.135 6591.96 8499.18 4752.38 1909.88 
4230.84 9680.31 4618.05 5161.59 8520.59 
6221.94 2045.07 9551.44 8664.72 5565.49 
8155.56 8741.01 2195.22 1902.23 1328.44 
875.829 870.885 8875.47 9185.81 789.818 
7504.73 7286.54 8370.36 1064.62 9615.92 
7146.28 1473.76 6207.87 5645.44 6226.14 
8117.75 9876.28 5906.43 2735.78 5037.85 
4427.01 8957.71 7082.92 3978.43 7622.42 
2648.4 2133.97 6363.41 4843.62 4036.2 
7691.86 5719.45 4907.08 6567.31 4905.24 
5696.9 4072.02 2191.77 4067.24 5136.64 
1807.67 1213.5 6610.4 8015.55 6858.94 
2836.52 6133.28 6735.2 8742.95 8869.05 
1773.04 3169.94 7826.75 8855.97 7148.37 
5449.15 1504.35 9282.34 1812.54 6347.97 
3318.52 9504.4 2067.41 8225.6 6071.69 
6972.65 3922.49 143.694 9164.42 7989.73 
5280.33 972.076 9203.23 1890.72 8987.62 
6062.16 4727.23 5120.88 2797.35 3470.17 
3989.92 4570.39 6640.11 1816.65 3426.34 
3788.46 7265.8 4930.69 3070.79 9078.34 
1278.64 6389.31 8582.72 3346.05 4614.9 
4654.4 318.681 8537.39 4798.09 9483.1 
6527.1 78.4109 455.158 5730.31 1969.13 
9442.78 1792.46 6696.36 4563.65 4589.8 
166.514 8553.56 9160.19 6806.62 370.198 
2586.51 595.071 7636 7517.19 3665.86 
6714.32 8795.83 55.154 5297.03 2141.86 
4670.05 9951.43 2460.55 3207.42 4749.5 
1943.63 9734.52 4827.91 2398.79 5464.82 
6797.04 1841.55 7257.27 3493.38 6405.19 
1847.06 3659.9 4958.74 1007.23 466.506 
5328.94 3593.74 1061.58 2964.92 1110.92 
4727.44 9679.24 9906.75 4782.59 4976.25 
2048.6 9452.64 4927.66 4509.15 2660.05 
9677.16 6452.78 2394.55 4505.06 8851.56 
7859.37 1302.08 693.094 5116.63 4795.46 
7098.29 6963.69 8455.36 2057.01 7970.92 
8921.87 7385.95 1564.65 9983.45 350.854 
2675.57 4710.87 30.0784 2582.31 9493.46 
5006.33 4630.91 8946.08 9933.99 9140.06 
1606.12 9611.13 5592.82 4000.67 4116.17 
4444.36 1860.03 5418.25 5137.46 6976.66 
213.7 2235.73 3940.33 8669.06 4292.74 
1911.24 7590.91 1678.68 3475.89 7574.34 
2029.53 6151.46 2285.19 2059.61 8733.77 
1778.63 7065.94 3364.66 724.698 6999.91 
2504.71 2330.81 6611.03 8097.53 6331.48 
727.184 2541.87 8191.51 6145.44 7679.33 
5168.15 6359.14 9915.06 9108.48 5028.18 
4207.78 1019.7 2619.08 5886.46 4495.59 
193.407 7915.99 647.034 2478.6 9975.59 
9380.8 4257.23 7041.51 2745.45 4981.93 
4041.41 5250.16 7312.74 652.417 3347.67 
3644.21 1379.6 5889.54 1835.7 7525.04 
3568.85 7003.85 3884.16 3483.89 6112.31 
8912.34 7691.67 7132.01 1531.4 3578.11 
1627.58 1724.81 1494.08 2274.62 4203.41 
1469.66 1655.4 8460.64 8511.17 4400.85 
3442.55 2552.56 9651.01 755.273 3204.98 
2998.66 4399.48 4584.58 8888.2 6235.18 
2109.6 2457.03 3239.01 5993.76 5940.93 
9351.31 4906.08 3632.58 6483.31 6437.48 
7210.69 8110.89 8162.29 8704.77 385.49 
2365.68 174.414 2040.89 826.305 8685.58 
6441.75 4268.85 1238.13 6092.74 5024.13 
4443.11 9091.41 9423.61 9027.69 7979.59 
5658.77 1137.27 436.604 8897.77 7131.02 
6377.53 8249.07 2037.08 10.0935 4732.36 
8474.57 7220.79 2843.23 6636.84 5925.54 
3228.72 9002.52 6099.96 5269.62 9828.83 
4785.52 1711.35 4097.66 6023.65 7804.09 
9121.79 466.745 6895.48 8545.38 9494.43 
4875.05 4204.13 631.68 5311.65 3101.89 
7762.7 1689.17 1350.94 9799.79 1699.26 
6083.3 8274.33 8920.05 8926.53 4911.16 
4845.57 2155.24 3913.66 945.513 7424.85 
3742.47 5731.04 9136.2 7840.14 1754.68 
6940.27 6961.91 2221.42 3835.74 5507.28 
1715.83 8710.79 9711.41 2347.51 4022.42 
2813.28 110.198 5711.59 4164.21 9909.98 
7410.85 247.496 8184.3 6330.88 9174.03 
3095.44 1176.44 1329.25 7009.1 2121.95 
8754.1 751.555 7852.99 7890.28 8591.69 
9607.66 4830.54 5553.59 1829.07 8666.28 
1060.84 3544.9 7377.05 772.234 5892.41 
1399.45 3585.51 6002.61 7111.04 7749.72 
5912.57 4521.88 7997.22 4096.86 852.743 
7171.23 7192.29 2029.18 8500.47 4201.38 
4151.13 7254.55 4952.93 2004.1 5144.82 
3544.61 1611.75 9975.36 9098.19 3440.81 
8641.61 159.022 6985.71 6018.64 931.255 
2878.1 7418.1 4516.76 8880.71 4529.12 
2266.47 4793.27 9051 263.672 8890.13 
9903.75 7434.9 6082.4 1932.91 5935.36 
283.765 6084.04 3189.9 5236.7 8088.14 
8334.71 8781.3 9699.88 8310.05 7879.48 
3140.68 6951.65 8038.5 126.371 2970.27 
8969.76 3004.47 388.352 3486.5 1885.17 
4917.48 5752.97 6678.44 3968.46 6016.65 
5568.55 3872.19 3451.53 1650.94 5805.1 
9386.89 1934.7 1889.12 2576.77 7171.4 
9977.25 911.462 5952.68 9677.12 9221.51 
3832.15 2817.78 6173.15 1870.63 2944.15 
9143.42 840.372 5948.63 9531.77 4326.88 
7833.8 4449.23 79.8343 4512.22 8417.69 
6096.48 80.7515 2289.86 9548.01 1731.69 
8094.96 8934.88 3666.39 9984.07 1511.63 
837.768 9961.31 2423.09 6790.45 9638.42 
1644.59 622.582 2456.18 7817.73 2493.21 
5400.34 6961.14 3333.59 1348.95 6492.89 
7660.46 9182.75 942.101 7740.3 3694.95 
9359.79 3836.76 3775.7 1649.63 3384.76 
5507.39 9744.59 2319.62 9173.77 9728.64 
3831.25 11.526 9689.93 6254.34 6801.98 
9328.33 7898.93 7424.56 1784.5 5716.65 
9917.77 7184.83 2677.77 3251.34 8533.78 
9170.66 911.79 7716.51 112.74 8652.09 
1411.44 9472.53 2488.83 5187.14 1122.14 
5873.59 694.511 866.713 8193.21 9868.29 
595.337 2024.44 9879.81 285.254 8278.79 
6681.77 9613.59 6177.7 4106.32 1398.07 
1894.34 4024.07 8582.9 4572.1 7275.42 
7116.66 3742.74 8187.21 4833.16 3855.48 
6839.28 6244.6 3328 9328.11 1431.72 
4450.14 5201.68 2126.23 5316.85 3394.87 
1994.5 5912.19 5419.31 1874.29 6197.44 
3698.08 8556.07 5811.01 9875.79 2662.36 
7209.08 1770.11 6686.44 5791.96 6342.21 
3961.84 2908.61 84.9362 2149.02 7741.77 
3940.42 8988.3 3986.35 7268.42 8316.39 
5418.06 1718.54 3518.05 7544.3 7035.39 
6912.92 9538.79 2947.56 2332.22 1413.07 
9145.01 6030.31 9969.14 4956 5906.08 
2631.49 2165.07 7676.19 9317.92 7957.03 
4018.38 3279.74 865.624 4103.31 5428.77 
8607.39 8043.73 4417.05 2593.72 5312.13 
2733.42 8011.78 7030.67 6251.48 5556.06 
4066.04 3164.38 5094.84 7013.61 5496.6 
6507.91 6158.6 1526.89 6477.03 1114.59 
7432.97 9108.52 3279.65 5109.14 8426.42 
1236.67 9127.52 1706.15 2102.29 3230.82 
7134.91 709.663 1274.54 1551.94 3303.38 
6586.67 4285.37 1315.15 3617.32 536.826 
6871.21 7683.37 3701.21 1966.03 4696.96 
9197.81 8473.94 855.536 724.692 4950.95 
1970.12 8157.66 4059.46 5249.77 3266.79 
2485.86 6486.44 2394.29 4192.01 8588.73 
5625.11 1326.91 9298.4 6899.65 2878.85 
2601.76 3486.3 7164.22 3916.9 7103.62 
7701.04 788.094 4786.97 1402.23 2754.12 
9483.92 600.032 1228.05 339.443 1324.72 
6179 2309.56 9482.39 238.439 7559.34 
2749.16 2724.3 4045.77 5143.45 6916.31 
2634.48 768.548 8243.22 1932.86 7668.2 
1122.05 4534.62 1154.48 8286.27 8451.52 
8258.1 5987.29 9239.62 3045.05 7389.53 
1993.72 2528.95 7989.56 3221.77 2868.4 
9314.28 9400.77 5177.96 8796.66 9639.21 
2737.28 1545.8 2363.49 6783.05 6689.25 
9279.8 9417.53 7457.8 7523 1350.37 
5125.98 8645.06 5884.99 6280.46 6931.31 
4336.5 4538.54 2918.58 3576.1 7583.58 
308.097 5569.82 112.52 8297.66 8791.59 
2980.92 7611.92 8192.34 8158.88 6408.56 
7831.53 896.145 7954.36 195.005 7679.19 
4643.6 9474.81 7096.71 2101.38 6997.8 
8447.08 7227.36 5642.83 4332.05 3507.8 
2574.13 8668.55 8046.33 5492.71 2244.63 
5629.9 5800.81 7814.45 5742.42 4098.45 
6606.02 8723.34 1710.36 4798.34 6882.2 
8118.92 2629.86 7778.34 6073.26 2824.86 
5457.52 716.845 2299.65 2554.21 2818.23 
9297.45 1001.27 45.5694 4940.27 5333.33 
3553.37 7514.39 4001.86 1599.69 3007.09 
6246.49 7229.59 8807.89 4060.93 2971.99 
2906.32 666.932 1695.31 4616.68 5465.28 
8577.5 2735.58 8095.13 6355.83 8808.85 
919.977 1813.33 9525.69 3219.63 4367.54 
2343.9 2517.06 5368.81 2389.47 7457.33 
702.122 5942.84 4971.71 4703.98 7542.52 
7978.79 950.462 4772.09 6786.67 5011.39 
7744.08 9693 5678.32 9439.39 4309.66 
1143.58 8016.87 7045.24 9238.71 4372.68 
5854.07 158.674 6186.01 5379.75 3378.3 
553.531 7723.65 5895.37 5922.34 113.099 
3352.68 6624.46 6055.94 8324.39 1328.43 
3598.44 6303.17 2278.89 8370.54 3089.82 
7290.28 6114.6 2782.8 2968.59 5553.97 
7092.46 4112.17 3570.82 4137.68 3350.86 
7943.51 9991.75 3509.54 4129.5 5371.48 
6887.84 4683.03 3095.11 2783.19 605.355 
3208.21 6135.87 7229.82 9264.14 4460.25 
8558.25 2862.57 763.394 837.125 1233.09 
3853.21 8127.41 7347.69 6636.01 1095.98 
2901.64 3728.45 5208.15 6472.46 7866.13 
8559.01 4415.95 7857.86 2068.53 8545.45 
3229.33 8956.37 3228.46 6324.43 1739.55 
3833.82 9532.64 7875.42 1063.62 8796.77 
2335.65 9621.87 1659.32 3099.05 458.979 
2892.41 6952.26 8586.39 240.079 3588.25 
9682.36 3141.72 7316.71 4890.49 9614.18 
5182.82 3449.49 4030.12 3040.67 5518.02 
2575.55 6269.99 4474.37 5804.01 2594.41 
6213.92 9637.83 2127.03 4089.33 701.435 
923.782 6424.98 323.288 2583.1 9524.02 
782.267 5475.51 6476.27 9368.65 5715.59 
64.5022 9051 8857.31 7381.21 3941.48 
8471.47 2564.01 7390.96 2501.57 5604.67 
2908.96 5077.12 1874.65 7383.34 881.118 
4469.06 3597.24 518.933 6596.09 7686.57 
1220.37 7519.88 4111.53 1543.66 102.961 
3635.54 2325.92 5578.47 111.785 1694.56 
1294.04 176.287 745.543 151.335 7557.49 
4687.02 8622.81 121.486 2077.96 1124.36 
5726.16 4986.92 6201.48 7600.81 2370.24 
7082.6 2069.86 5967.48 7601.54 8665.95 
3654.04 8821.9 6185.81 7765.57 365.542 
6288.77 1401.09 2691.47 1867.22 1512.87 
4386.03 3161.27 1689.16 5131.57 3312.6 
9246.65 9818.59 1935.39 9368.14 1896.53 
3059.75 5094.28 6883.46 9261.24 2695.08 
9253.7 6343.82 4764.93 5221.17 3945.34 
3430.86 8875.21 2767.23 9616.67 6640.76 
3132.77 5905.42 8041.84 5824.24 7772.65 
9554.71 210.246 933.896 1243.85 5341.81 
4246.5 490.49 5160.39 6181.89 9858.63 
7056.92 9241.64 4952.89 3940.36 8502.86 
7647.97 3194.05 4846.67 2412.89 8415.22 
8792.01 5843.75 7290.41 1559.23 5460.4 
3931.14 4692 1365.81 1972.97 516.218 
9138.46 1527.67 726.464 72.3381 2771.52 
6068.28 4318.83 3262.01 1228.65 500.705 
3120.62 8285.57 9742.35 8073.52 2225.91 
8245.19 5721.47 5419.96 3091.85 8134.35 
3835.16 1883.84 3978.09 1125.54 3443.07 
9438.49 5056.69 8135.07 804.286 7029.66 
8651.28 9942.75 8557.32 9377.75 15.0664 
1328.83 5446.01 4333.9 4590.84 6674.66 
4834.61 7711.46 4960.21 4576.94 5784.96 
7186.12 2822.11 1506.42 2606.05 5913.96 
9640.77 6441.21 7797.8 3618.84 7566.75 
1240.85 3057.32 2623.42 9375.92 3861.6 
9653.08 8027.19 3804.33 8210.39 7404.92 
3819.4 9539.22 2850.91 8153.3 4130.04 
9525.57 2987.89 1841.49 4485.75 7564.82 
7626.45 1671.85 386.917 9132.87 4277.91 
6300.88 8773.63 719.101 4098.66 2392.45 
8285.85 5339.51 5449.77 909.263 4715.42 
9311.37 562.329 2742.59 3115.68 8772.72 
147.488 6935.08 8311.92 2998.4 5088.36 
2441.95 2523.95 8076.24 4283.44 7009.7 
5641.05 1909.88 8681.56 6027.97 1042.73 
2959.45 2328.82 9816.36 3678.55 6427.48 
2208.79 1964.39 1766.98 7658.56 2873.65 
6482.4 6969.91 3435.98 9224.99 85.5725 
2208.68 9372.48 7020.65 520.585 2370.86 
2108.99 2962.53 4894.8 185.216 7245.97 
1904.49 5826.27 9155.85 586.026 1854.21 
198.568 3545.47 4183.04 14.9098 7224.02 
610.506 2223.7 9188.41 2377.49 9882.26 
2062.04 8859.89 6852.15 5498.02 8084.86 
6937.73 7706.7 7457.32 3958.36 8227.28 
9828.17 6067.35 1189.8 4722.96 6252.56 
8435.77 6627.45 2078.81 7591.61 7213.47 
3933.03 7790.18 758.93 8116.06 7805.09 
7982.95 8726.57 28.7718 7171.34 1104.04 
9911.03 9233.38 9963.93 6763.17 4731.38 
8048.77 3700.88 2438.06 5506.07 7659.23 
665.324 5334.23 3726.56 1855.12 57.1711 
9979.13 290.88 6684.62 2057.92 7882.49 
3898.08 5990.95 5672.65 4657.01 4107 
3477.72 2639.94 2833.55 3506.49 9811.28 
3937.59 3417.51 9044.65 3901.51 180.656 
3776.01 1950.26 3881.53 6214.07 7456.33 
1540.75 6879.39 2790.54 5267.31 8734.51 
2847.72 5246.43 9025.39 9532.33 7304.35 
6907.87 3430.39 3295.28 2580.5 8087.4 
7402.28 6058.21 727.324 235.81 9564.7 
538.589 4173.4 2982.19 9583.24 8074.91 
3162.85 3359.23 25.1539 7044.38 9573.29 
7481.49 8585.13 6452.67 272.015 3852.43 
5187.16 3119.73 9098.85 4212.54 2652.05 
6403.18 1120.39 6082.44 9698.46 3700.89 
4169.83 7100.72 9759.1 4897.15 7336.53 
9323.79 5435.74 1509.92 2305.96 5018.96 
9584.83 5468.81 8378.18 9609.98 2513.17 
7951.46 7091.45 1098.29 4404.11 7363.47 
4950.71 9591.28 483.183 4049.55 3803.8 
3135.23 452.718 4924.19 9217.67 151.165 
8625.08 3387.48 7251.89 8384.16 8284.63 
4588.41 7707.93 3720.36 6098.32 13.8699 
8739.31 5683.14 5482.68 7117.48 5293.1 
7995.85 5068.92 2384.54 9094.14 9473.03 
9748.01 4044.83 9064.29 231.174 8094.39 
2868.08 3366.41 8547.1 7792.27 2584.06 
8698.27 6417.32 5971.55 5950.14 4801.46 
4256.16 538.529 2509.37 7976.52 6636.85 
2523.24 6715.81 2319.97 8005.92 3833.28 
7613.08 6001.75 8902.2 9997.62 5095.88 
8375.22 9745.61 9140.71 7439.49 9976.78 
7235.08 307.55 3343.17 5782.16 8099.82 
5927.23 4480.42 4517.12 1898.76 430.54 
9318.59 6154.93 969.069 1827.94 4131.43 
7605.92 4351.18 847.223 9925.9 2357.09 
4680.5 7538.96 8358.84 3582.68 7536.56 
3454.7 1957.88 7282.15 2595.39 9397.37 
7258.92 9830.47 9704.92 602.072 5612.62 
7804.72 6529.31 93.0184 2321.83 8428.07 
523.558 1640.39 4582.98 1492.63 3468.34 
8714.4 9098.55 7819.52 9561.63 9024.43 
176.593 4242.11 6563.37 8535.44 7824.79 
4099.92 1990.12 9782.67 1382.05 4585.52 
9180.03 8640.97 4415.97 8884.93 9243.04 
28.5759 6689.63 5772.33 121.594 9011.46 
4200.38 645.152 651.839 8783.36 2137.78 
4120.17 7497.74 1236.31 1939.68 7059.35 
260.726 2116.27 1301.45 6824.1 651.693 
9126.24 923.997 2641.82 8908.89 2306.05 
7227.33 8088.9 946.997 1643.29 6973.81 
190.018 1671.87 3663.43 5962.34 1793.46 
2674.88 162.707 2438.61 3326.72 8946.06 
4576.39 7446.89 6443.79 5812.7 9386.57 
3503.13 6073.43 1502.82 4804.58 2897.51 
2154.52 3930.8 3821.51 4796.33 2839.67 
6127.56 2023.65 928.555 7074.55 3666.94 
7902.37 7264.57 5338.8 1565.78 3226.9 
7132.26 4240.66 3389.6 9570.88 7567.38 
2335.65 4147.25 5014.25 8779.44 9959.95 
4400.8 2282.56 6033.37 5903.63 7087.13 
8930.88 8058.14 1017.91 2752.37 2854.46 
3857.58 8879.93 4878.11 4786.14 5954.46 
8545.05 2688.49 3219.02 3883.83 4254.28 
6445.91 1016.08 8494.94 9835.52 586.941 
6062.3 2171.15 4734.19 1076.53 950.579 
4694.13 5477.34 3233.13 727.479 1380.95 
320.25 9658.36 9439.09 1338.16 2410.71 
2293.53 5195.75 1290.62 7171.64 9981.89 
7245.08 5716.67 2670.36 464.08 9600.51 
6924.64 6909.99 616.57 5419.56 6745.49 
1203.51 1481.84 8916.65 5937.7 2558.37 
9867.22 631.816 8035.71 3100.34 1359.3 
9416.66 3420.59 1017.64 8855.73 4758.75 
3428.35 1149.24 9954.5 4718.97 8320.88 
9936.37 1964.03 4037.54 2606.72 2428.11 
3638.03 9531.36 9338.1 4254.6 4950.9 
6083.58 5458.11 6432.74 5000.21 1395.8 
8991.12 4867.42 2027.61 7026.81 7967.76 
3386.91 6443.45 1388.34 4404.54 5299.16 
6147.09 7832.89 6448.4 6101.58 2551.84 
4769.27 6037.93 4515.87 8806.81 8644.65 
6943.98 2444.82 8175.99 6282.07 6699.42 
3126.87 2365.63 2157.51 9559.61 7365.84 
3553.3 8550.71 2233.24 5580.92 5577.5 
200.989 8967.82 2020.93 1589.32 3372.35 
7320.08 7736.42 1205.22 3768.47 3837.98 
3757.06 8537.74 9875.91 8272.93 7344.53 
8520.54 5216.89 9789.34 6696.51 1498.94 
6488.74 9823.38 3864.57 8646.25 9382.97 
1230.4 2199.53 7933.66 3463.65 7780.45 
3511.14 3664.63 6748.25 5532.07 5253.96 
120.586 2852.13 2990.36 1325.81 6620.6 
6828.33 5082.86 5158.32 6704.22 3355.77 
2502.83 5224.75 8572.66 2292.16 1921.24 
71.5862 8780.9 1744.6 3936.16 7427.13 
1127.56 5166.56 9626.66 9061.22 8630.21 
7407.09 2572.34 2294.82 4155.33 8104.41 
7548.78 4275.92 956.525 539.121 5601.72 
7577.13 7367.45 684.57 2735.43 4071.66 
4040.34 5238.26 9296.41 2612.99 7530.41 
1217.63 2684.57 6311.29 2962.24 6620.73 
3738.41 4089.79 1787.28 3365.05 3150.99 
417.465 772.129 5723.33 2712.29 4927.46 
3827.72 261.05 9203.38 4784.25 800.171 
4805.09 2361.36 8167.62 5489.66 5096.79 
2239.27 9530 335.029 1535.66 2142.97 
7865.44 2753.3 4827.54 4176.72 5715.53 
1448.26 7915.13 9805.32 3235.53 1280.16 
2956.3 3653 2052.29 8679.63 6365.28 
6979.75 2507.34 6626.33 6183.12 7291.59 
7426.51 988.188 9652.95 5594.11 6477.85 
4749.71 7833.38 6007.83 5084.74 9369.05 
8150.79 2950.17 2122.33 2978.32 7126.89 
7837.86 4426.57 5042 7643.17 7662.11 
6322.16 599.447 1315.09 8374.46 9279.08 
7680.37 5354.19 1786.4 4306.69 1537.29 
9077.99 1733.18 2525.48 8730.91 7327.29 
9003.33 3480.61 5160.66 5011.13 8565.36 
4529.69 3161.91 1515.51 6652.01 6140.23 
8642.4 4489.85 566.789 3684.39 2133 
8228.9 6.53589 2732.45 9543.98 8380.99 
2011.51 7224.34 3735.17 3797.91 1531.01 
5272.46 2875.88 3264.18 7797.94 1606.78 
591.455 6801.25 5087.39 5752.11 1812.36 
3652.73 281.781 4974.28 5168.24 6933.79 
1114.49 3810.63 1423.63 1681.28 7495.01 
3556.63 9910.18 7501.55 6289.08 9454.14 
5882.52 8300.59 6678.46 9617.69 2098.48 
8209.47 4890.13 4974.36 1473.64 2688.05 
6581.14 2065.09 9489.3 1668.51 7817.2 
1301.65 5321.24 8098.98 6275.92 489.463 
5032.76 7390.41 4300.09 6456.39 9071.69 
1795.09 13.0045 8981.85 9296.63 6302.09 
8435.98 5179.14 4602.66 5114.42 4796.81 
6701.15 3323.88 9686.95 1675.49 4797.51 
2374.98 8256.63 6862.6 1864.26 9925.14 
4679.79 3165.91 5246.37 2778.75 9441.83 
5735.83 7811.51 6832.23 35.9025 4267.88 
5903.91 1830.99 4280.89 4885.74 1127.61 
582.954 3321.71 6306.75 5185.62 8436.13 
1103.55 1886.74 1759.99 790.474 3562.24 
6557.5 3165.46 1818.85 3420.09 5029.72 
1743.98 8099.87 8195.63 6990.34 878.605 
7637.44 2726.16 8690.11 4469.65 2762.06 
2957.98 373.543 4593.05 7238.86 5259.29 
5720.65 7821.82 8580.99 2027.38 3007.42 
7017.1 3130.93 4894.16 8777.09 3921.4 
8456.4 5334.58 7086.86 275.228 8754.66 
2116.56 2019.2 6854.52 312.171 9009.55 
7733.12 7949.61 1735.69 6423.22 2419.25 
4497.75 9381.2 2792.79 9090.8 6620.04 
8052.08 4811.44 4441.84 6633.05 6838.82 
7449.26 3650.14 9969.75 2343.4 2427.22 
3891.13 799.779 7761.79 977.974 1075.01 
6516.44 3094.54 3094.21 3370.94 3406.71 
2103.74 1104.04 1356.3 3839.43 7527.26 
3775.55 8337.18 6908.44 6568.34 7427.96 
3528.46 4620.41 2239.38 7970.31 1253.44 
9078.2 5419.55 4903.58 9047.93 7762.95 
7330.8 2939.05 8562.73 5092.58 3917.02 
9637.73 1609 7011.56 2731.93 4979.93 
418.245 4835.67 6083.98 1774.55 8675.1 
3611.22 5550.1 7012.27 519.64 2118.43 
4440.22 4048.1 6738.83 6679.6 2018.39 
7992.27 5757.78 7437.94 2895.84 4805.7 
5200.87 226.622 7744.74 3763.58 5319.2 
1661.75 3401.3 6928.2 8673.3 6133.22 
1908.11 9091.55 968.88 7992.09 866.078 
9643.98 1603.29 6416.18 6656.24 2122.93 
8534.6 1096.44 6171.03 5273.42 7776.04 
8189.43 3265.68 3533.81 5627.35 6161.52 
8339.5 828.2 6388.14 6084.23 4591.78 
1707.32 7745.98 7993.08 8635.52 6419.26 
4126.28 543.611 5510.79 5095.16 8535.7 
6376.87 4739.13 138.973 2793.03 1395.35 
2261.9 1327.62 2491.79 8432.94 6601.04 
267.814 6622.35 9866.71 3801.62 2249.68 
6028.22 2141.11 3077.88 2416.34 8225.34 
7669.66 4123.66 5971.3 5662.72 2759.16 
2390.55 9789 3302.77 7901.34 4884.15 
1838.45 4278.2 9623.28 1977.42 7071.23 
1018.61 4239.33 8398.85 3510.4 2672.25 
4999.87 3778.22 9294.6 4866.57 7579.84 
1544.26 894.765 9720.95 4622.14 3311.1 
7946.27 2291.78 7434.76 3917.55 7954.49 
193.904 6308.1 7743.48 3496.67 4209.42 
2627.6 5335.12 8487.62 2250.86 7312.55 
5558.83 3269.47 1551.86 3957.66 6779.87 
4224.11 8957.53 558.07 3518.69 3824.08 
8137.91 5062.95 4718.84 7858.83 9685.08 
8029.94 5805.09 1976.84 5464.69 9722.64 
9931.33 5658.59 6030.72 7674.79 9155.27 
240.121 302.379 4490.37 8727.74 2553.24 
1802.9 4286.55 5822.71 3354.76 8244.21 
2602.56 7578.87 7201.71 3160.63 1097.55 
1025.77 1298.52 6160.49 5744.61 9157.36 
5845.56 3774.54 4962.43 7822.4 9239.23 
4685.05 7753.72 4897.81 715.749 5428.49 
4053.06 955.87 5730.87 8543.43 9683.61 
8284.11 346.319 3970.14 4106.81 3701.08 
2214.33 6709.37 1279.94 9416.04 9870 
2377.49 441.799 1168.51 8537.98 6186.41 
325.855 4383.52 9960.95 5288.28 2205.9 
9200.17 9973.33 9959.62 4097.96 689.065 
5388.1 8151.02 1644.93 1118.95 6694.43 
1328.53 9403.06 7040.75 5298.66 3509.85 
741.817 7512.99 219.204 2021.76 6929.02 
89.1923 4399.24 7370.82 1257.7 2937.2 
3557.21 1583.56 7320.72 3518.15 6871.84 
9526.62 2718.3 6845.16 9486.22 6816.26 
7534.22 4874.3 4967.26 9179.16 5993.25 
1661.68 507.667 5396.3 8702.43 5806.33 
8906.15 9444.25 3319.31 9125.35 1465.99 
248.305 9214.55 5865.23 7619.12 472.234 
8802.43 1176.32 2055.79 6123.14 4694.46 
8927.64 5649.74 7412.77 5772.78 5135.95 
4229.01 3306.99 10.2354 9196.27 2486.13 
6003.49 857.933 2993.8 1399.77 9560.36 
8800.13 305.901 9004.59 2119.42 9431.25 
470.562 2367.72 8645.78 6335.79 9986.84 
9118.02 5138.21 1163.14 1173.79 1261.33 
5857.61 101.415 6911.07 3270.36 5874.2 
2047.01 7499.37 9181.18 2057.24 6695.62 
1667.3 8060.73 7553.55 4661.1 9460.5 
7113.9 3461.21 9766.4 6118.47 5580.63 
9197.64 6589.04 7948.35 7843.4 2924.81 
7935.18 6961.41 8063.02 9098.32 8135.2 
9324.35 4955.91 8236.62 6235.41 8226.27 
4110.79 8282.41 5725.62 3291.96 339.636 
2421.22 4959.26 8400.37 9974.78 9620.36 
7860.85 7088.66 3081.55 7627.23 3207.12 
8662.18 6824.85 9796.15 6610.52 4668.24 
2720.95 4545.68 1629.63 783.949 3643.99 
9764.83 108.281 8599.9 8001.43 6343.69 
6826.15 2112.2 4626.08 2551.76 5404.17 
4965.72 4972.98 363.412 3366.07 4947.74 
9983.77 1226.9 2036.38 3065.31 8854.13 
5243.49 1727.47 5678.96 5039.63 8337.99 
347.184 7760.57 2883.65 1976.81 8544.52 
6527.64 1741.62 8652.81 5127.52 9743.05 
4996.47 1953.66 1855.24 9622.56 4505.41 
7259.4 4588.26 9478.39 7622.81 7954.32 
4426.11 7606.57 9181.22 6462.49 671.86 
8035.33 1705.97 2399.33 3714.28 6745.59 
737.307 4061.46 4506.15 3620.96 6038.27 
3050.66 148.582 7779.89 1703.45 5276.1 
7522.93 6699.92 7229.76 9378.16 6322.46 
1735.16 6637.55 910.7 1213.54 4260.34 
8865.02 5639.65 1866.9 8046.22 2102.12 
2538.76 6081.54 3808.09 4938.09 9795.81 
553.663 5675.4 3857.26 5059.81 9296.36 
9895.53 8110.47 9444.94 7675.41 9813.92 
4721.03 5198.31 6513.83 1950.77 4576.46 
2836.27 3685.93 1213.99 3746.97 4899.47 
5474.33 2611.98 539.097 7341.23 658.183 
2641.22 9879.99 6739.72 6449.3 4818.06 
6535.52 7002.96 493.443 392.759 2062.76 
9789.8 288.27 173.219 9234.72 7963.68 
9987.14 3955.73 3161.97 6500.95 5906.5 
7738.43 9337.22 9592.43 8952.42 3084.17 
4491.88 4426.74 5696.15 5030.98 1767.95 
6354.33 7672.2 1647.92 3094.03 4121.48 
6465.99 9629.55 1124.43 6959.43 22.2953 
3187.19 6749.21 310.565 3360.41 5983.92 
8274.24 3347.53 9939.65 1436.2 9848.48 
5846.13 9174.63 9185.68 5438.55 8127.03 
2269.84 9930.44 2553.75 7965.99 4961.4 
4321.7 4320.3 2633.58 5969.63 7414.34 
6755.06 2435.6 7043.87 7879.49 9395.02 
7066.17 1066.66 6144.22 7376.73 4427.07 
2128.12 5650.96 7774.61 2067.75 7087.15 
7623.07 7913.89 6261.76 6808.74 3352.42 
4388.78 9078.58 3282.84 6942.53 7044.55 
8244.24 1264.22 1364.83 877.805 7233.85 
8779.17 7632.87 9669.44 5823.02 5512.34 
9064.45 2889.17 6579.01 5208.65 265.891 
1006.06 7336.77 5916.85 8780.67 9404.52 
3003.98 6403.72 7318.39 9265.75 3212.44 
670.793 3654.51 2291 3953.63 597.021 
9335.55 2197.86 1861.24 700.366 3075.66 
9095.08 9479.53 708.513 8764.51 5302.54 
6220.85 7828.94 8191.72 2799.84 3037.58 
8457.61 3805.91 374.331 4374.44 2586.56 
9778.85 7378.42 8990.28 7097.22 6644.15 
2202.71 7768.02 298.64 4493.71 1721.63 
895.661 3829.25 3919.49 2756.9 4529.62 
6995.15 1851.97 4009.13 7703.67 616.462 
9311.67 3924.5 8445.41 7503.37 6724.35 
1482.96 5960.96 530.24 1857.3 335.379 
3116.8 1636.13 7713.8 2107.07 8733.35 
4357.93 4309.78 6501.36 4656.57 8803.49 
8222.99 5552.23 2632.73 2142.46 8309.13 
7162.34 9137.62 161.087 1171.46 6841.26 
777.549 483.115 765.75 9222.95 7986.49 
7490.1 705.901 3947.43 8020.34 2563.2 
4282.81 1137.12 4199.33 1996.59 3244.19 
2932.66 6354.52 7553.97 9434.02 1011.08 
6357.45 7656.99 6563.31 8990.18 9799.46 
4872.43 6152.5 8937.06 5033.51 7323.96 
5778.3 5811.06 7807.07 6544.05 5034 
5793.54 4034.13 5739.9 9740.97 2054.45 
8303.1 4023.76 3191.58 2502.41 6020.35 
6435.77 5435.07 2374.86 3989.72 4869.07 
3385.94 347.155 2526.05 9949.25 9337.33 
2325.49 4821.66 5489.82 1262.53 9855.17 
2813.76 7040.83 5666.22 620.817 3584.87 
700.203 6414.36 7619 6440.1 6155.32 
9673.46 4743.18 179.062 2865.02 7245.59 
6199.42 9300.79 2680.65 8574.28 3290.49 
7549.72 1960.2 3637.65 75.7531 1909.43 
2974.96 2401.24 6731.09 8464.78 3663.77 
6586.24 1278.52 704.588 2252.44 1899.34 
4289.46 2952.65 8313.7 1908.44 9392.75 
4469 1581.88 4135.92 4648.06 4446.9 
1381.49 847.457 3747.67 4062.14 9421.73 
7038.16 1611.84 1381.91 675.794 1687.59 
3291.34 3650.76 4088.84 22.4051 2115.52 
7752.61 6608.65 3394.04 8457.2 8861.09 
5293.38 2746.64 1813.72 3607.06 4655.08 
1206.46 8076.05 6236.96 5342.38 2724.09 
683.845 6723.87 3571.55 4431.51 785.992 
2993.27 1469.66 2397.83 4375.18 2145.45 
4085.43 7666.51 5796.21 8174.27 7688.92 
7911.73 5926.86 4297.55 1305.75 4384.04 
3158.62 6599.13 7130.68 4972.35 206.173 
1785.74 6178.8 8282.23 8022.7 1521.16 
1006.31 8706.55 8245.03 4577.86 3138.05 
9031.02 7571.12 4607.71 1428.84 1946.28 
6753.16 5514.27 9612.8 2549.36 3688.52 
7301.7 461.069 9615.38 1599.23 1766.82 
3999.41 4757.86 8365.95 1130.07 9730.2 
8572.13 2915.81 5908.99 6854.34 938.501 
7430.15 7860.64 9645.05 5675.17 2438.48 
2783.08 4706.17 9.58952 7390.79 6135.01 
1955.87 4143.93 1649.27 1568.66 6693.29 
5337.79 8870.36 7154.36 4953.15 469.573 
8921.18 8952.56 5227.43 7287.12 82.6128 
4957.62 5859.23 2998.43 866.587 2713.55 
3936.93 8296.74 574.176 3581.96 3971.89 
3012.66 6365.04 8678.06 3022.25 3755.81 
4813.06 4978.12 7899.74 6462.32 6546.78 
4593.02 1800.09 5417.12 1747.36 6753.25 
5886.69 668.522 5705.79 1114.1 7955.64 
5788.4 6071.72 3814.85 8786.83 6938.31 
6528.4 2723.74 5235.03 7102.58 6305.7 
9206.91 115.219 2670.72 7884.95 3137.47 
6426.53 2697.99 8115.59 4326.26 9160.31 
4662.35 8919.27 960.391 79.4475 666.615 
7713.64 5966.14 1335.14 3419.41 7080.24 
9290.78 9207.81 3151.94 3105.61 7994.62 
90.2292 9634.01 718.345 5325.25 6736.57 
7024.04 4532.15 6851.79 9694.76 2417.09 
9989.26 6121.27 5115.08 8104.83 447.516 
4275.37 2767.16 9366.79 5235.76 2846.61 
33.3885 2949.39 8812.75 1368.53 6368.8 
5892.97 659.286 5576.59 9044.91 3764.9 
3571.2 9135.14 3398.89 4289.55 4460.38 
135.45 1313.57 8992.53 6987.24 1008.31 
1409.59 6976.48 7129.59 6524.67 5081.3 
7577.11 800.026 7848.46 6943.88 6035.79 
695.049 6977.27 8985.18 9507.79 8345.79 
5353.96 5400.75 9005.08 930.532 4445.64 
2769.96 4501.73 3580.76 6168.85 8791.28 
8041.13 6304.3 104.831 7033.64 3291.53 
1113.14 8443.23 267.995 8242.73 4967.89 
5349.29 5819.82 5767.91 3197.73 2763.68 
1803.69 3892.78 9740.95 788.847 3400.56 
8086.73 6142.8 8801.3 7091.79 7073.33 
3246.92 9861.75 1575.05 6827.68 6030.58 
366.312 4868.8 2334.87 471.142 1902.42 
5626.4 1584.29 345.64 5894.39 9827.02 
5313.53 1243.67 5646.83 1081.42 4441.4 
8410.51 2885.11 8334.18 8151.44 3673.96 
1734.72 6238.15 9816.76 536.01 3329.93 
6890.08 3782.93 3191.66 8465.13 610.599 
9222.24 8831.44 5479.4 1557.1 9302.59 
7381.82 7183.5 886.857 7727.46 3077.87 
713.861 3040.97 4321.54 6360.69 4122.39 
8762.94 4771.18 7007.51 7097.1 2922.61 
681.449 8831.83 9160.76 498.195 9367.83 
2490.67 7388.28 3150.75 5682.33 5853.39 
3761.35 4904.56 4684.82 9240.75 6461.65 
3987.39 6622.55 3645.13 4874.25 4349.99 
6723 5588.11 7390.96 1044.53 1948.78 
1513.34 9807.47 6719.96 8520.84 6904.55 
9642.57 9202.29 5736.36 8803.32 9700.49 
5104.18 1293.98 7088.75 8254.93 6976.31 
2942.13 2016.27 1880.85 7626.95 1257 
8342.5 1614.32 7879.55 1987.61 6488.56 
2229.53 8710.61 2076.66 9620.49 9755.14 
4025.43 1133.81 9562.59 745.377 9654.65 
6467.12 387.931 8856.93 2203.46 9191.25 
8557.4 7307.64 485.208 5646.13 5562.56 
7461.51 8588.26 7578.83 9342.36 6215.19 
8835.83 7684.84 7829.5 6715.36 9672.45 
4318.05 8944.88 8383.04 6394.71 8565.35 
8138.16 420.123 9699.16 7700.73 1165.5 
9353.8 4167.84 1553.43 8210.71 6371.3 
744.664 6768.09 3678.93 1229.87 2414.21 
9241.49 8691.39 1002.44 6820.3 8033.73 
7217.63 5656.1 5718.55 5047.12 2371.44 
5390.98 9365.17 1316.31 3774.01 5759.86 
9881.66 1912.16 6179.98 9580.81 9612.89 
7345.48 8934.59 3780.71 8898.91 7145.28 
151.992 9643.57 3913.35 3830.92 873.429 
6327.56 3072.39 9564.82 7330 9892.68 
7598.53 4547.61 5548.77 3317.07 9594.73 
7920.22 8708.05 8959.88 9236.53 2482.04 
4719.72 9118.17 4394.2 899.682 8698.96 
4007.07 8245.16 7633.53 7787.78 7144.06 
4778.79 7939.77 6787.61 8692.14 1770.67 
7661.04 5019.68 4843.06 7225.84 2349.67 
4735.73 4824.35 6897.28 284.485 8141.42 
6491.99 8204.7 6849.45 5451.86 7441.21 
9331.49 171.558 6559.37 3725.68 1071.24 
5258.31 7732.75 9316.4 2891.83 5520.51 
6460.44 7670.62 3460.26 3248.03 6362.75 
5230.94 909.059 1382.42 73.9807 8134.9 
3732.08 4809.71 2959.24 629.347 5094.2 
1100.64 7121.34 3298.88 7950.09 2573.18 
740.074 7281.57 2744.74 7299.44 1007.23 
3815.98 2557.74 8739.97 3132.36 5449.57 
4260.47 9592.8 3120.18 7720.73 2840.82 
9482.93 2951.65 3749.88 865.33 3025.63 
1884.76 4597.41 7835.34 4844 5226.76 
2929.52 5944.63 2348.08 6228.4 3894.71 
4921.26 6968.47 1176.26 7666 4267.9 
2183.48 1481.96 6825.63 923.439 4614.32 
2275.19 5183.91 4207.1 5395.36 2904.62 
7047.92 4878.27 5856.26 797.778 5743.6 
8881.89 2682.54 340.999 6717.21 7526.53 
5567.76 9646.73 3471.15 7915.84 5875.11 
7365.86 2837.09 2843.57 8542.11 503.069 
7111.47 725.578 1985.03 3937.08 1649.02 
6599.35 6212.27 6832.92 806.431 1607.61 
9737.54 7854.35 6485.89 5593.79 8652.13 
2229.47 4475.66 1334.65 2570.47 1192.86 
8861.18 8138.23 839.572 2332.32 6054.06 
6714.69 9698.17 8891.14 9558.26 8240.27 
9394.21 6669.71 8965.84 1379.22 606.775 
614.844 7978.57 6819.04 7447.77 8785 
8426.66 7185.29 6639.33 4912.53 2779.06 
5291.44 7142 7254.72 6626.09 9712.47 
8447.58 5487.26 7850.68 9287.15 7819.57 
3904.72 6001.82 7517.73 2795.85 5560.06 
5757.98 2190.04 2229.75 4723.81 3569.27 
2836.52 5338.65 1547.82 9655.57 2786.4 
332.803 8082.21 9971.69 6972.14 2994.72 
2750.73 2263.56 136.701 5.43093 8889.66 
9849.17 8453.01 4376.9 7699.83 7740.14 
2196.46 1604.54 3741.94 9714.19 4400.39 
9301.99 5472.15 6590.43 1531.72 195.94 
159.679 4368.24 5534.59 1707.5 4023.79 
8320.99 2040.3 2105.99 8292.67 9012.44 
5100.7 1043.38 1275.99 5237.41 1048.81 
165.627 5086.56 9501.81 4542.53 2786.38 
7241.93 6738.99 4390.91 983.853 6453.16 
8791.3 285.829 1925.29 5381.71 1817.55 
2121.23 5541.39 6185.8 7655.82 7248.89 
209.573 5976.8 9289.19 2315.56 4269.44 
8301.61 7416.26 5312.82 9577.6 2653.65 
6361.63 9743.22 7740.21 5863.43 4285.73 
526.568 3105.34 1024.7 4917.48 4089.2 
7477.86 3708.76 4375.02 9403.15 9090.47 
6192.58 1524.36 4631.84 2378.35 9180.18 
1880.71 2587.93 5156.96 1169.89 4903.48 
9426.4 9471.5 2319.73 4739.2 9049.08 
4973.38 1100.81 8792.28 2713.57 6964.24 
3078 3240.14 69.5659 4102.7 8157.62 
4158.76 1580.54 1866.37 8533.79 983.669 
956.82 4726.34 2508.03 5588.66 7104.7 
1688.19 7469.38 9692.62 6845.15 8639.26 
4596.09 6271.53 8110.74 6915.82 1010.72 
7159.8 1889.19 2111.53 5952.06 4602.76 
9075.77 9030.06 7842.9 9145.34 3132.74 
6000.51 3304.08 4713.28 7866.87 1837.85 
5696.95 8823.69 6564.19 8204.98 4412.34 
3668.88 9893.17 1881.7 3361.48 6738.3 
520.945 7957.58 3009.81 8631.69 4873.38 
4020.53 5791.47 6762.57 6132.06 1743.52 
1365.31 5207.81 773.559 9208.22 4353.14 
3906.3 5208.71 7657.22 8619.58 3075.56 
9495.07 4316.52 1899.24 6059.25 2521.48 
6311.58 9728.12 2414.63 8193.28 3089.59 
9152.93 8714.22 1047.15 2162.72 7345.89 
5920.53 6183.25 3137.34 2683.08 2315.29 
4880.86 4048.4 7523.11 5654.42 3256.59 
1876.23 9560.72 8465.3 9533.45 8180.29 
1540.85 9028.5 2496.78 3440.08 5087.73 
5018.26 9751.66 4815.83 7432.89 7944.92 
7905.42 6585.8 6659.12 8952.56 8748.52 
4005 4873.07 4931.75 7142.34 7556.16 
7247.05 2023.18 1604.53 4770.14 7677.6 
4861.13 6646.37 7238.31 3326.41 6179.8 
5418.57 4867.26 5208.28 7915.36 8307.34 
295.984 2933.6 8058.98 5111.81 366.474 
6003.89 3017.21 6952.27 2662.99 1969.76 
5700.78 6667.99 6842.83 632.513 3810.32 
4398.97 7879.56 5833.5 6003.5 2649.68 
3511.09 864.615 9296.05 749.376 4191.03 
5475.83 6167.95 9058.28 684.088 4083.29 
7365.61 980.071 7016.89 5424.57 6091.88 
7383.37 1428.44 9109.1 4335.62 4091.44 
1078.84 36.3795 759.413 7921.67 668.892 
4569.73 2320.62 8548.45 403.213 8324.12 
1198.12 3914.3 9188.74 494.152 4663.68 
3379.75 5969.98 831.608 2438.02 6654.07 
4914.9 9803.62 7634.14 1931.77 5228.18 
3726.01 9315.14 6656.62 2835.09 3650.74 
748.042 3913.92 3687.12 1507.45 1835.57 
4356.02 6077.18 4156.2 2904.45 6480.4 
2480.3 4102.57 394.681 1669.03 4596.72 
5058.36 5048.78 566.685 5889.96 7486.79 
7220.75 804.846 7290.4 4854.88 2736.62 
2518.56 8580.88 2051.74 9175.18 1415.95 
5702.49 9923.22 5329.88 9389.61 1430.66 
7165.45 3745.61 7507.84 1321.63 6650.06 
3988.22 3801.94 752.609 4382.91 5470.96 
5349.33 9441.26 519.721 5916.01 5331.21 
8006.51 3136.75 6136.05 5296.89 7991.63 
8872.67 7815.45 6572.5 924.398 6990.61 
7988.45 6626.88 6913.81 3318.31 6016.47 
8344.47 483.749 9762.08 5852.3 1805.38 
6412.12 9840.52 5607.32 7164.73 4223.41 
1078.26 2514.04 3664.66 1597.98 8430.06 
8995.87 9604.5 1566.79 5131.9 4901.37 
9558.42 4004.56 2716.8 6130.9 4928.96 
9707.41 4119.34 1555.82 6621.21 7437.65 
7572.3 4965.66 7921.4 7334.36 817.947 
9726.78 3746.46 658.454 5334.08 911.179 
4881.87 6412.34 3425.22 8546.52 8010.33 
1855.26 7542.37 7614.8 3422.06 2674.26 
2516.16 2980.46 6678.81 5232.96 9111.37 
1607.75 4940.35 3230.69 3163.57 1561.54 
668.318 735.853 6527.2 8589.72 8070.21 
7345.15 8316.48 1816.66 8003.6 3650.54 
2727.84 2885.46 62.8685 6153.06 1431.96 
8073.19 8008.33 8974.33 5687.98 1430.37 
1648.57 8204.14 4410.83 8327.39 3437.08 
3522.18 9935.14 8377.43 6752.86 3098.69 
9938.97 7421.18 3834.55 6466.16 6010.88 
1904.74 3811.29 4327.34 3721.41 1814.88 
7977.89 6449.25 4700.34 8040.76 2602.29 
6132.3 6113.93 610.599 5106.61 1801.9 
2040.97 6755.19 6.02169 6451.79 5082.56 
3443.1 9973.97 5017.68 1820.52 6726.82 
8116.37 1759.47 4147.98 1950.9 8225.63 
158.842 3855.65 2036.9 4486.19 7577.05 
3851.78 2464.06 4026.28 8552.12 504.795 
6628.57 4684.4 6618.73 7239.17 9791.02 
8420.63 9280.14 6546.19 8426.65 5731.91 
1628.73 1869.73 5705.87 6646.4 3690.25 
2432.66 4762.76 5449.72 6580.64 6713.66 
3675.33 6739.48 569.294 5712.24 1225.65 
8146.35 9564.02 3689.71 2172.61 8116.12 
4194.5 8801.18 2800.51 813.216 6040.34 
2591.51 9233.84 5320.46 9137.69 7660.47 
1052.36 766.399 9530.21 6758.22 7412.8 
3220.44 9190.89 2175.54 8670.16 5771.51 
8889.21 2345.48 2510.98 9458.5 8057.71 
3736.63 7604.83 7621.71 7426.34 9777.44 
5737.82 1620.83 8578.61 8538.33 2434.05 
4618.93 1129.82 1667.87 9939.39 267.489 
9328.35 991.73 1033.89 8858.54 7749.95 
8446.69 2078.97 6940.82 622.218 749.109 
2712.32 9511.43 3094.58 5223.3 8969.91 
1152.28 8959.93 6574.72 8773.99 6386.26 
6352.15 4511.8 8007.09 4930.75 3050.11 
441.122 9549.68 4179.92 2109 9489.05 
4447.41 1437.33 480.765 5481.3 295.854 
8230.72 3927.97 2374.82 5171.52 4550.19 
3123.93 7883.84 4061.6 6218.51 3107.12 
3031.49 7370.79 2067.03 9606.22 6144.77 
8453.29 5958.35 656.546 6460.36 889.08 
3706.65 6901.48 438.741 7886.57 9010.48 
9927.79 2333.97 447.79 408.542 7815.27 
743.643 8639.26 1743.22 3118.46 3810.76 
6293.41 6242.39 1694.58 354.997 2460.89 
4801.7 3386.49 9831.68 6868.73 2992.69 
5976.43 5322 8951.04 6632.98 1782.34 
9840.12 339.612 8683.82 278.848 8226.19 
7694.28 206.624 560.136 8142.07 615.166 
8375.4 8885.71 9254.42 118.608 2004.16 
3065.17 6412.02 8246.55 4759.75 6767.02 
707.419 9561.45 153.491 539.081 6430.16 
3146.18 6515.51 1752.13 2097.21 3148.47 
3534.47 1937.31 3488.08 2218.27 2216.16 
1714.25 9912.55 2422.79 2274.39 8054.61 
3037.95 649.773 6940.3 2292.36 768.381 
8944.46 5357.53 7180.4 7190.99 117.262 
3947.4 7898.41 9678.71 4100.89 8437.49 
6108.85 7247.08 4952.99 7860.98 9344.28 
8101.46 1395.44 1281.58 1589.52 3613.71 
3497.74 3303.77 3526.25 5920.53 5578.16 
1580.84 8958.48 6227.93 8521.14 1250.82 
6996.31 7465.58 6608.35 4176.7 4656.55 
6725.61 8124.1 2554.95 6404.3 2224.98 
992.421 2513.13 9472.06 5945.41 374.1 
8816.32 4046.85 1769.54 97.886 5636.37 
5383.25 3595.63 8940.14 8909.5 9516.15 
4518.29 490.317 8474.62 746.206 9011.46 
9725.44 7742.52 6477.02 6333.77 1919.2 
1133.56 3059.36 43.2892 3688.5 9463.67 
2268.27 4680.92 1976.78 1740.31 626.314 
2350.88 556.615 4673.16 4120.42 654.501 
309.514 9503.67 4250.13 9249.66 8413.15 
3766.27 3767.93 8903.47 2240.87 4514.14 
7914.91 1966.28 2256.64 4391.91 8300.05 
4175.84 5525.46 1359.4 4219.13 9213.97 
823.046 6487.4 3894.87 2799.83 8227.71 
4521.19 5150.71 8784.32 9194.35 9271.13 
9438.83 9503.86 8774.79 3688.94 8753.5 
7187.92 7455.2 2521.42 6091.37 9696.07 
7035.55 4006.26 1662.34 9292.19 8398.17 
9962.39 3468.02 3923.62 1321.77 7687.15 
3137.57 2144.82 4174.53 7032.44 4944.65 
2402.22 1553.61 95.3406 1186.53 747.948 
9366.47 625.339 251.795 8141.24 4314.28 
9005.3 5329.14 1769.46 1526.7 1420.5 
1465.51 8562.26 5426.76 3127.85 7854.43 
3824.91 3090.22 1322.43 7748.53 4411.99 
9009.58 886.078 6556.81 3184.09 7918.52 
1501.44 5586.31 9472.14 1596.78 6772.84 
220.066 963.236 7398.18 471.861 9104.48 
1712.44 9477.16 4433.61 3481.9 1003.85 
5854.1 4947.41 9566.1 1280.85 8075.26 
7420.52 5105.76 1165.47 8742.95 2854.27 
5577.46 7752.5 3740.35 2134.26 936.578 
1658.85 3635.7 6522.89 1130.97 5232.48 
3295.72 1351.03 6195.71 693.879 1822.89 
5300.17 2406.32 1300.04 9733.78 5888.22 
2303.89 5587.87 835.618 1869.97 6868.71 
8910.88 9290.49 1974.45 76.3363 8033.41 
4828.72 5653.8 5785.9 8569.06 7788.06 
6722.48 227.894 1423.74 3245.35 1358.86 
6656.21 6541.07 2709.89 2851.91 7234.95 
4532.79 8152.08 9641.27 5832.83 7885.84 
5529.47 8136.71 3473.69 6365.09 6.66367 
342.384 5275.95 9297.15 2316.83 5352.29 
7330.55 7145.55 1006.07 3116.43 5714.6 
8794.13 9838.91 5942.49 217.849 3084.25 
7301.35 6874.06 9625.32 11.2262 9725.97 
6860.25 4544.01 7878.03 6501.5 376.821 
5763.86 2030.95 8513.53 9237.55 8396.04 
8520.2 9579.93 3671.97 7817.33 1896.75 
9024.27 5147.86 9042.3 30.322 8264.29 
4756.88 8824.45 8103.19 699.347 9042.3 
1187.42 8000.7 5916.35 812.717 8011.92 
5642.3 7672.96 2555.92 3520.31 4174.44 
2932.74 9284.17 6205.39 1446.26 8521.7 
4601.41 9966.45 8101.61 8273.39 7783.76 
9998.36 7297.63 2931.6 9040.64 7327.96 
1195.88 3797.5 6152.39 9299.06 4496.84 
5194.68 486.466 2497.52 1111.01 1299.18 
509.43 6753.3 8972.15 3065.35 273.598 
3146.57 5998.09 9557.77 9351.96 7444.35 
8079.45 3953.36 7410.78 6181.04 2226.73 
5194.53 6179.38 9524.36 8126.13 5220 
6852.3 9322.01 9017.5 3004.68 8621.06 
3514.33 8199.35 9107.52 6011.85 9310.36 
406.687 6521.28 6063.65 9378.83 9586.63 
6337.24 2525.39 5584.7 5894.99 1877.33 
3029.03 3974.42 5830.69 439.798 155.449 
8057.42 5634.32 6334.83 7581.76 3760.44 
1554.82 4434.05 3082.43 572.299 7438.72 
1703.47 4086.62 5638.06 810.969 98.457 
4948.4 1217.66 6619.74 1012.03 596.472 
6206.35 7349.27 3121.86 1791.04 3244.25 
4999.19 4820.07 7218.68 829.87 5259.87 
7374.12 8887.29 894.174 3708.94 6469.04 
4654.61 5263.76 903.068 7737.04 5836.06 
8341.79 9440.5 9922.68 3979.84 251.455 
21.1199 8928.24 1469.11 6640.86 9940.27 
2065.58 2847.19 7289.53 5187.44 4638.23 
533.762 186.62 9458.29 7752.44 1016.49 
4718.15 5126.54 9903.78 5612.32 8835.48 
6372.8 266.913 4099.22 7275.87 8003.95 
9935.28 5617.64 7444.44 9857.94 9597.48 
7695.89 9879.06 8525.7 9165 6519.9 
8465.96 1230.57 9367.09 5755.47 6418.01 
4005.3 6289.23 6604.63 3463.57 4041.65 
7621.12 8181.72 9168.19 7524.88 3794.02 
