1700 5
38.4758 7751.05 6154.31 1482.86 9693.62 
1471.03 5886.47 2283.46 3296.72 7228.3 
6895.15 1072.72 68.0054 3327.15 95.842 
1131.28 9720.52 4956.91 2048.11 6559.82 
2543.13 4352.83 5730.31 5569.03 5165.65 
2386.4 1536.66 9143.06 2919.83 3536.21 
7356.19 2958.3 1287.24 3510.48 4441.16 
980.849 4981.52 327.619 3264.31 8278.24 
7555.92 159.446 9350.96 7623.92 3486.59 
9446.8 8755.21 3207.09 4403.69 803.297 
9766.92 6946.82 5156.13 5497.21 2515.83 
321.762 7883.61 4052.5 9464.82 803.415 
7588.7 6820.99 3761.72 8875.95 331.457 
8202.88 9856.79 5312.97 8530.5 3121.09 
3591.19 6086.4 3280.53 2942.13 3710.31 
6767.13 2388.92 2465.5 9974.22 6792.61 
3268.79 9741.12 3739.41 8424.92 5238.31 
6255.25 8746.68 3121.9 307.725 8211.48 
3925.32 7896.43 5032.46 7687.03 6772.36 
5363.92 5889.9 6629.14 676.873 4420.38 
9750.22 4268.07 506.761 3030.74 7210.2 
4217.07 9797.87 9599.12 6682.57 9772.08 
6391.71 9951.36 9513.18 131.104 8376.26 
4751.47 6386.35 7122.93 7873.38 6694.07 
5334.4 1798.67 4590.49 366.839 9485.7 
1362.83 5730.76 5375.58 7991.96 6407.63 
9795.96 7742.17 675.677 302.702 772.897 
7885.88 4519.77 570.751 7484.98 1202.32 
342.81 3876.67 1153.67 9855.99 4007.77 
9529.93 4607.45 394.102 6652.84 2480.8 
7088.18 1987.22 4279.48 1678.65 2354.06 
3765.17 3041.47 8084.82 9140.75 1033.42 
4492.43 8936.69 8775.59 5168.11 9239.39 
9548.49 3053.97 3759.15 119.222 538.925 
4961.47 462.032 4415.59 6115.13 318.005 
8423.36 5645.05 4925.45 8817.46 2297.87 
7406.26 5905.62 4285.09 1685.72 7584.27 
6639.16 5450.88 625.723 4723.96 4591.61 
1659.14 9216.39 3528.28 434.717 4384.48 
2767.66 9983.21 7438.44 6526.8 102.41 
7977.37 1488.25 564.443 2392.94 7603.39 
882.448 816.289 3248.41 5807.9 9633.75 
5546.29 3214.14 5539.36 9831.38 4899.86 
3123.61 6470.52 350.72 3749.33 1194.46 
4942.33 5408.47 410.829 8470.62 5843.19 
4795.31 1238.26 5826.38 2233.73 7765.06 
5928.79 211.087 9253.32 6493.23 2604.03 
6856.68 7375.68 3420.32 105.082 3183.56 
3054.06 5651.37 6397.7 8593.41 5482.73 
1297.54 1717.01 1953.23 1648.26 5466.34 
3147.69 6590.59 874.795 3558.52 5061.19 
6717.99 8353.83 6299.45 2544.35 587.543 
4064.49 8473.14 798.629 3317.79 4966.35 
3402.66 174.457 2342.02 6822.98 279.538 
5525.58 9877.04 5930.91 1923.26 8470.43 
1413.62 3220.8 187.423 3366.85 4869.06 
5653.76 6514.54 1459.63 6528.56 73.0401 
6520.82 3246.53 8426.87 2820.25 5790.87 
9014.41 6884.74 4264 9813.04 202.517 
9230.35 3215.68 376.974 1572.35 38.6445 
656.512 7097.93 9915.68 6587.42 9021.19 
8386.1 8001.03 2241.97 8573.52 1367.87 
7111.03 4227.26 7882.4 8570.66 755.804 
7955.44 5091.46 4002.33 6382.29 7911.72 
9793.2 5396.68 4796.45 4057.18 5209.71 
4998.96 3287.51 8425.39 5375.94 4859.86 
8464.03 6032.45 1957.77 8379.7 2619.85 
978.942 6765.78 620.866 3220.91 5339.28 
1988.73 331.922 9566.54 9871.14 8902.58 
322.332 7826.56 3994.03 4324.66 4208.84 
1905.73 4117.85 9605.53 6702.18 8175.03 
4815.21 1701.12 1462.53 3240.58 7077.06 
6322.39 1704.6 3109.49 8280.16 84.2766 
5729.34 9259.1 6850.05 6350.2 2480 
2189.32 8338.94 2811.92 1755.84 8210.06 
1714.49 2078.18 6036.6 5708.52 6402.84 
245.428 7614.25 520.667 9850.95 4316.4 
8695.7 4666.15 6017.53 158.206 7906.74 
3094.57 6480.6 9611.33 6204.06 4760.74 
9695.61 1933.38 4019.83 6545.65 8283.58 
6499.83 8734.96 6622.5 9311.75 490.79 
4832.54 1026.21 2568.97 869.128 6734.73 
8971.8 1114.56 4348.96 9492.47 965.494 
8665.36 8188.15 5631.65 4682.87 8346.35 
3538.36 7777.44 4826.93 3149.68 3981.48 
9587.67 2845.28 5914.85 3607.48 9390.92 
4198.42 107.291 8125.87 820.899 9419.04 
8616.66 5653.44 445.235 1185.61 6522.57 
7179.96 157.394 7637.12 1528.91 9649.86 
8602.62 194.252 7838 4234.25 4877.12 
6184.33 7772.61 2654.54 1011.25 922.276 
6636.02 598.904 3767.55 2550.85 4206.39 
3158.46 6749.27 4313.68 1284.31 7570.17 
3732.7 9900.97 3223.59 4177.93 1086.56 
9746.16 1357.88 1243.95 7383.26 2886.79 
893.801 5985.86 3081.04 8731.8 220.093 
7958.16 4916.11 7992.71 612.69 5927.36 
8914.98 7248.71 6526.26 2682.52 9799.56 
732.633 5840.97 6548.81 5046.31 7125.28 
4118.96 8779.01 7026.23 7342.55 2956.93 
8112.79 7088.69 4314.81 9356.75 4471.93 
7201.6 250.532 457.781 282.621 8982.33 
677.875 8240.79 3898.42 8670.58 8853.47 
9825.78 7585.54 6102.17 6352.03 268.042 
5901.71 7084.66 6109.02 2450.51 2130.95 
3234.28 6569.47 909.948 260.498 3912 
3866.88 8373.29 1000.67 8181.68 7730.02 
5472.61 5383.26 7980.56 5930.39 5665.88 
6962.87 6608.26 3906.65 861.271 5278.82 
2760.11 687.035 2864.35 8862.28 7039.06 
3132.39 4763.97 4123.71 9241.41 7214.48 
6254.66 2475.67 3783.93 7164.61 2736.17 
7695.93 1031.47 1109.45 8696.6 9213.15 
8839.47 4169.19 4596.4 6820.01 99.5567 
262.263 3782.86 6707.82 4168.92 4644.13 
1986.63 6929.03 5331.16 4850.98 5791.29 
2370.21 7983.37 555.241 6493.91 7224.76 
7769.72 2748.55 9700.43 1553.63 9913.16 
2436.59 9249.55 944.609 3546.03 7946.13 
157.741 2385.48 2115.3 4754.14 9205.49 
2214.86 5016.4 2988.33 8922.68 9185.32 
7632.46 909.288 6114.33 2963.6 5760.26 
1905.59 5333.8 3743.62 2460.84 1827.7 
968.359 230.536 4576.25 668.775 1784.16 
4489.39 3105.36 1033.7 5434 6651.4 
8979.83 5591.74 9036.88 1095.12 345.865 
8242.35 3309.98 5362.26 1230.66 2232.64 
4547.56 8863.12 3141.93 661.872 1826.7 
8902.19 2567.47 7160.5 2645.79 5028.3 
8988.2 3614.15 5258.84 3564.44 4282.93 
7043 8053.83 7388.29 8076.7 3487.82 
4039.67 7056.51 9079.56 3076.53 8151.64 
9425.43 1318.87 1461.6 4787.67 2549.53 
3694.24 9335.24 1412.63 6836.17 9997.11 
3239.33 5738.35 2564.56 399.821 8384.14 
7592.86 9388.02 1998.28 2851.68 2952.44 
6281.21 9894.68 1006.25 3669.48 7971.36 
4494.07 7709.15 5027.86 3573.61 785.661 
3179.48 2999.02 2104.53 4641.08 7786.69 
4654.06 8335.32 7121.91 6066.69 5171.48 
7119.01 9306.02 909.812 9683.56 9705.84 
9293.96 7276.41 9093.85 1292.22 128.071 
2046.27 7573.43 22.7342 3052.53 1242.89 
7994.1 7546.6 8952.04 3021.94 1120.19 
9737.7 6201.42 4119.22 1842.21 842.48 
1905.89 6496.27 9177.8 9027.81 2562.94 
4349.26 6146.8 1868.95 5259.07 5830.34 
1574.77 4553.01 3106.73 668.605 5845.23 
3234.8 2714.88 3418.65 3257.54 5767.41 
4661.54 1251.62 3313.99 3613.56 4273.56 
4434.18 3351.25 474.958 8553.4 5193.46 
1317.44 459.272 1689.71 495.222 9487.08 
4252.66 4844.48 5633.86 6121.6 103.539 
1464.18 7696.37 4656.55 4570.92 8364.98 
501.77 7805.72 1079.84 3920.42 1063.24 
6847.25 8581.95 2314.85 161.216 2195.5 
6588.41 4595.4 5546.75 7063.37 3148.78 
740.198 8380.81 3608.05 2429.91 8876.03 
3095.11 6682.57 3720.5 8728.97 2804.15 
3824.03 193.136 500.508 8480.59 4764.05 
8865.49 8982.36 2569.75 9945.33 2902.75 
3632.99 6792.55 1484.69 5947.85 6953.77 
3680.19 2536.24 1549.15 9226.95 9599.61 
4697.93 9967.14 7980.4 8305.98 2397.04 
6856.41 1401.07 9079.61 576.891 130.025 
1883.74 4400.93 323.161 2384.25 2881.49 
5087.21 1249.72 1863.83 7656.96 1195.03 
4766.59 1289.94 7987.58 6251.28 7237.78 
4941.33 9931.47 9774.02 6490.49 9158.4 
9373.62 1188.4 9125.53 7354 9494.38 
1522.55 4210.39 895.432 602.141 4787.29 
1025.46 2485.88 9188.21 1348.62 4870.13 
2069.69 6435.83 6119.85 3933.52 4092.78 
7314.87 8700.11 5382.71 5302.44 4951.37 
2620.48 243.755 4882.83 2394.49 6734.24 
4041.22 1768.09 7922.64 3166.73 9122.08 
7417 4689.28 3332.46 8312.43 5291.42 
8119.75 9337.89 7777.3 7307.94 686.487 
2647.42 9377.63 7122.32 8767.27 3311.13 
1215.08 6082.12 2011.23 6597.79 1384.54 
6962.6 9218.27 1628.3 1845.41 1612.74 
8362.54 5886.63 3380.83 6285.16 9053.36 
2502.9 3702.14 3742.63 5835.36 2014.56 
9034.05 3955.09 1352.42 6811.34 1263.01 
2038.91 9458.75 640.625 9161.23 8226 
3951.76 376.288 4308.11 5962.98 6974.08 
5692.65 2925.56 6192.34 7320.95 4770.98 
7805.08 5683.47 657.592 1185.89 1968.62 
9710.95 3688.79 5670.76 3453.56 9524.15 
7685.32 2487.6 3479.22 9037.74 9298.93 
4742.23 1076.63 8757.67 5382.86 237.846 
6983.66 9334.61 614.133 1291.75 5297.58 
7588.21 6984.4 8223.14 3780.53 4305.34 
2994.11 1585.59 9988.81 3651.7 2771.48 
1957.41 3362.63 6460.27 7628.17 6816.2 
5984.4 5313.47 9303.79 9463.62 4351.19 
8602.71 4205.83 5427.83 7360.37 9588.69 
5665.67 4344 8923.29 6279.81 5635.75 
4220.85 3868 2620.14 2443.98 7648.53 
6925.47 5438.08 9234.13 6914.27 9089.78 
2005.59 8871.68 2452.4 8465.86 6499.83 
9268.6 4450.25 1813.28 8572.38 3913.85 
6164.48 7175.07 8119.68 1592.29 4535.42 
7708.36 7257.96 8879.42 6631.62 3537.75 
4515.16 852.458 7405.75 7135.3 3296.43 
5054.27 4060.75 8734.52 4288.38 975.002 
7824.28 6293.97 9846.68 276.662 4759.82 
6346.49 9545.26 9210.06 8159.77 8117.62 
3123.9 4324.23 5292.67 1243.56 5916.52 
9828.09 8951.92 3174.47 8707.5 5583.53 
6712.22 3222.64 6435.98 4117.95 357.919 
9732.42 9172.22 4418.67 8466.92 3460.59 
5393.68 6291.18 9754.56 5240.34 6567.84 
4514.36 1586.81 6113.09 3724.41 9746.59 
4230.69 6848.3 4070.8 9523.36 8091.87 
9987.33 9351.43 7043.77 3161.78 8058.91 
2627.27 9874 1281.53 9063.26 3991.93 
1639.45 8795.66 3164.14 6058.12 7262.56 
6624.73 1451.78 3553.73 6379.27 6692.12 
121.554 893.611 8278.93 6234.64 4618.02 
8025.5 465.313 1466.3 2096.29 9988.67 
9558.17 2083.6 9340.09 6601.92 5245.37 
7398.98 9229.19 5119.35 8680.51 8292.43 
9111.29 319.946 7088.07 2275.41 6378.07 
4350.62 8900.14 7829.85 7904.35 5279.39 
4521.96 8025.9 6173 2800.87 4260.52 
791 826.355 4725.84 2257.3 2922.64 
4714.49 1815.46 5006.24 4054.56 8417.37 
251.597 1453.52 7646.55 5370.95 134.019 
5938.96 4482.22 453.965 3027.02 6757.63 
6832.04 7377.64 5657.75 4661.87 5281.97 
937.116 9183.83 3307.85 7110.11 1984.68 
7568.38 7901.11 2811.04 2294.19 158.401 
5733.68 7008.69 1973.86 739.903 1063.23 
391.215 991.5 2516.75 8037.76 6362.45 
2650.77 3976.71 844.649 3104.74 7003.74 
7602.28 9936.77 4381.36 3260 4598.63 
9663.33 4197.12 3782.44 2971.17 1307.22 
5767.12 539.524 9208.33 8578.16 2833.72 
9366.73 4311.82 9842.4 1340.57 5051.73 
905.615 1731.79 6043.23 3422.37 9769.55 
2405.66 6073.14 3746.25 3250.31 9177.88 
749.966 852.567 9114.63 5131.33 4112.57 
3713.25 4794.64 8309.69 7495.69 7765.81 
9616.91 3262.79 8305.33 8825.22 1840.94 
1139.03 8191.93 6152.76 981.416 9532.51 
1204.47 1887.03 1264.28 7247.7 5309.4 
1033.81 9653.36 1382.52 4780.06 2903.65 
560.384 5530.02 3756.22 9675.02 661.334 
7868.79 3388.25 5455.97 6178.46 883.918 
3221.76 5795.35 4146.71 1527.07 4620.55 
5987.65 2666.1 2812.47 2140.4 3647.52 
2344.96 3344.87 5534.55 3609.23 592.552 
843.934 4643.04 245.894 2226.46 9423.1 
3149.55 2786.84 4953.11 6905.76 2461.84 
5614.45 4774.54 5850.09 1070.4 952.98 
6734.01 4292.17 6748.33 880.705 5819.24 
1368.86 6868.35 8485.34 4181.33 9008.75 
2132.85 6526.29 2353.6 7667.4 135.505 
2946.15 8511.33 4778.55 3192.05 737.774 
4201.64 6341.59 3524.62 9154.75 3247.34 
5986.46 4769.18 8021.88 1836.53 5839.58 
8974.86 8570.54 131.726 5723.17 9451.25 
5950.97 7092.03 6319.59 4436.29 1273.35 
5328.32 6569.14 7799.64 7681.92 4236.52 
7935.14 628.055 2747.84 2713.68 3820.1 
3485.61 6915.31 161.678 7010.23 6070.04 
3409.02 2996.67 839.202 1430.88 4833.2 
6678.78 405.715 3403.73 6810.5 6128.88 
2854.96 2761.45 3220.9 9174.55 7197.75 
4494.25 4502.85 3766.87 2293.87 2184.76 
8003.39 229.001 2812.81 751.208 2942.68 
6632.91 4236.82 9857.99 6794.59 1247.03 
5928.02 203.592 4243.7 6767.22 1634.47 
9076.9 3445.98 2040.18 2480.62 256.471 
8169.07 5335.58 3017.92 1389.95 4510.12 
215.653 5884.21 9012.97 3982.52 8178.08 
1197.71 1985.89 8407.08 4010.52 2737.1 
1349.74 643.42 6973.92 1207.72 7438.01 
8220.95 7135.74 7641.6 2464.63 3902.94 
9276.07 1541.51 7348.92 1316.24 4022.13 
7605.39 9485.31 9357.71 623.301 875.244 
3867.81 838.954 6759.45 2880.77 4821.47 
4937.51 4078.48 6807.37 3344.57 8089 
9544.47 4694.32 8732.42 6518.37 5902.03 
6170.42 4739.3 3037.75 3812.01 7203.93 
6940.69 3088.06 8745.44 4289.6 4404.3 
2767.56 1894.97 3889.59 2125.25 2518.27 
4764.83 5993.07 3357.23 1524.27 8873.83 
8178.7 6461.78 2952.3 4986.05 9806.35 
1041.28 4530.5 4500.65 9773.7 1048.85 
402.664 5944.1 5788.15 3440.41 9756.11 
2992.06 381.088 2844.15 1737.48 4670.68 
7248.45 4505.04 6565.66 1138.03 6630.29 
9083.93 5902.86 2623.34 2441.14 7427.12 
1497.16 619.822 3888.88 4449.45 5605.87 
3695.22 5490.73 136.355 8195.87 5264.42 
1185.21 8598.53 1208.51 6973.35 2038.93 
964.6 9965.41 2420.01 3808.75 1702.88 
7090.7 1057.19 6207.92 3656.34 2195.22 
2838.19 2740.25 8098.08 5461.53 5181.38 
5525.18 6958.69 5801.21 9414.07 1408.12 
1407.06 3109.27 6898.86 1543.42 1305.12 
2163.26 2728.62 9903.64 3371.77 9701.98 
1942.55 4336.37 9667.37 4362.57 8145.12 
1370.23 1453.25 9202.31 7578.15 5109.58 
1397.51 416.328 7849.83 9495.58 5877.86 
3031.2 5020.75 2836.53 8832.4 4434.8 
4244.65 239.448 7544.07 1143.49 1782.86 
8849.18 3306.75 4511.49 8752.81 6678.52 
4213.44 695.346 1014.86 3880.8 5057.91 
9159.98 5251.03 6511.16 8362.28 2829.17 
1620.73 9759.79 3245.5 9470.56 9255.35 
9123.36 2501.74 4276.09 1959.87 1334.12 
8710.89 6204.52 1573.57 6254.94 7348.02 
3356.43 5104.1 654.75 7867.92 3856.9 
7333.27 2081.35 4552.24 8348.13 5962.15 
9610.16 7508.1 1213.16 6121.3 5870.36 
4042.33 7742.03 5630.13 7287.83 7212.57 
4885.46 6411.17 9714.3 9161.55 8371.04 
1048.41 7872.42 4575.55 2621.98 4127.34 
1923.55 5978.41 9231.45 2578.3 3846.31 
3088.33 9911.57 5927.66 7640.57 8259.68 
1889.79 7250.71 5767.77 3102.95 3372 
1638.11 7145.28 1114.01 7268.24 4433.09 
8326.57 2153.68 844.25 8040.86 1315.22 
9215.29 9089.26 9187.64 3790.83 1711.22 
3314.97 5714.38 7689.63 2546.4 8292.68 
1535.93 5634.73 8204.24 7463.59 3275.28 
6463.9 9353.37 525.979 2231.65 2456.31 
3897.98 3869.76 9601.59 5011.98 1137.98 
4034.67 3338.53 3291.66 4878.91 1379.37 
4606.88 4094.19 468.619 3794.5 7885.02 
2179.84 7109.47 3599.38 9869.47 9655.87 
1892.05 1405.38 5290.58 96.2666 8868.97 
8565.87 6560.17 8222.32 9091.84 8791.82 
678.613 2989.8 2661.56 280.182 8001.78 
3799.53 4314.85 1340.3 7091.2 9193.76 
2719.68 1698.06 3287.94 3188.29 5492.56 
1172.94 5368.14 2602.02 4772.32 5237.59 
2257.87 6664.37 6642.97 7548.45 6760.64 
5511.92 6114.3 3320.79 3734.23 5206.13 
2112.59 4412.84 8195.93 4774.14 4693.03 
6197.7 8573.68 9007.87 7538 5664.86 
8201.62 257.659 7362.91 1489.54 3445.95 
2855.46 2662.48 8814.09 5457.48 7434.8 
4051.66 7715.35 4099.15 694.618 5263.78 
859.768 6206.54 1378.07 4180.56 9940.77 
6584.2 6293.14 4353.6 4780.12 1067.27 
9046.63 977.798 9640.95 8054.48 8515.8 
5305.79 6256.08 8773.46 2668.68 7745.62 
2219.39 5524.14 408.079 1033.46 981.604 
7842.88 5085.13 8696.95 1942.01 5779.75 
3960.72 2801.78 1986.27 5338.79 6982.33 
1927.03 1922.97 3275.46 6280.63 6703.09 
4342.73 5327.24 7680.89 3983.66 3381.7 
6196.67 9289.44 9637.78 4970.11 1958.11 
7383.39 7189.5 7482.25 7791.47 8222.96 
8463.86 5634.33 3308.07 7160.79 7576.33 
9087.82 1121.5 378.092 1074.07 6460.29 
7360.42 3001.1 8383.26 635.861 9281.73 
5086.33 4978.59 4608.94 2767.2 8962.24 
7990.65 8963.87 8251.67 7628.41 3933.96 
209.762 5011.79 1123.44 7692.02 2803.24 
9346.41 6155.86 8437.56 2654.47 3316.64 
6013.88 1742.27 4438.13 6391.97 2816.34 
898.407 3752.38 5817.44 9281.67 4388.24 
5099.15 4367.99 9366.82 9708.1 7135.19 
8329.05 7698.73 6099.04 6580.7 5327.12 
32.9832 6790.46 338.891 1156.43 4482.46 
3142.13 502.817 638.3 1579.67 3157.28 
3954.94 7593.55 4899.55 8393.07 3985.5 
7715.89 9291.48 7737.88 3533.32 8573.13 
2126.1 8632.47 2941.1 1492.9 8340.55 
76.2685 9821.95 6039.26 6175.31 6402.63 
1366.36 6208.29 3193.08 1705.25 7364.72 
7675.54 4847.38 7867.54 8313.84 6427.05 
1024.8 2268.76 4020.59 5924.35 661.808 
8006.09 3640.23 9953.29 5743.95 7173.55 
8526.4 7870.05 5806 1467.48 9362.96 
4146.54 1543.75 9184.89 185.779 7719.05 
5587.51 1552.14 3927.33 8780.58 3257.4 
1292.03 6456.1 8104.78 9159.57 4769.92 
4531.82 184.351 7038.68 8552.41 6108.7 
7700.49 6558.48 9748.93 7653.75 2302.42 
6922.47 6180.13 172.453 2728.45 7647.61 
9535.41 6874.99 9191.36 8720.28 7060.77 
6910.39 4307.77 8612.91 837.706 3088.34 
1870.29 2129.74 9544.44 9975.08 1289.29 
4314.35 4506.87 1473.64 1353.01 3059.26 
7582.34 9053.49 9617.74 7331.26 6707.23 
1920.14 4253.71 2887.35 2092.6 6982.16 
534.94 1627.99 3857.14 9726.29 348.252 
917.889 6636.67 4656.02 9530.8 7474.38 
7744.36 1401.08 9604.11 7288.79 1376.14 
893.385 1603.11 5883.01 2367.02 2956.12 
8942.27 9949.37 2009.6 8560 7280.61 
8716.83 480.127 1534.3 1604.16 2572.72 
8516.46 2139.1 4200.71 2373.58 1865.38 
4548.96 3291.47 8502.05 9204.99 2822.25 
5976.41 6949.33 4223.33 5580.5 4238.1 
5599.47 6473.89 5841.21 1482.46 8840.91 
8797.34 424.722 8790.26 806.916 8984.72 
6070.85 9523.74 9464.85 7605.15 1127.89 
2037.56 6121.59 3266.98 6238.27 8495.17 
5132.36 787.213 1786.62 3634.39 9992.2 
4608.88 9610.79 6941.51 8832.21 5191.28 
1179.6 4431.66 1665.15 7020.81 5914.12 
506.05 5818.13 6338.85 9296.31 6625.05 
5323.55 5367.15 6148.77 4788.38 2972.28 
7276.66 6825.94 9093.87 543.623 3064.19 
7589.03 5675.98 3851.4 9375.65 9310.37 
3843.59 3984.51 8921.15 785.085 2816.7 
4112.41 1964.68 7248.36 5777.56 8985.49 
3162.47 6283.62 4803.6 9501.31 5579.91 
1428.63 4824.85 947.039 7577.41 9613.23 
3919.32 4854.05 6439.16 3013.18 5397.67 
9503.35 602.187 1073.63 3354.74 9977.84 
383.985 7198.32 3962.33 9305.13 7983.41 
6779.03 3417.53 9948.09 4027.37 9195.09 
8933.57 7189.84 5478.69 3737.15 6691.14 
1058.58 5165.79 1515.97 2005.62 2743.17 
1129.18 5924.94 7597.22 7568.34 8938.11 
2994.87 7071.67 9540.3 4068.51 426.384 
9518.12 4452.49 7624.71 3480.44 3757.61 
5608.1 259.451 7175.13 5556.17 4286.82 
6370.21 4489.72 1476.65 1848.88 8226.88 
8167.78 2907.46 3392.65 9683.75 4913.08 
6135.82 812.912 838 3733.02 8381.25 
9776.11 6727.9 5452.9 9316.4 796.387 
5879.28 8834.5 5248.88 3503.97 2314.92 
9006.49 9112.07 2574.37 6181.6 4668.23 
6861.2 2551.79 9157.95 8337.85 4400.67 
7384.81 6505.61 7308.12 777.435 6189.34 
2221.18 6913.26 7002.25 3059.18 646.262 
5383.49 2835.28 7374.16 836.365 2151.66 
8170.55 6715.65 986.148 3419.41 219.602 
3301.07 2425.88 9331.67 5875.45 8607.48 
3999.88 2736.63 1159.25 3157.81 1074.46 
5559.91 542.604 7580.07 2868.02 1320.04 
3769.39 5089.2 8233.29 771.631 8148.39 
8879.56 6155.12 983.651 6253.7 6991.48 
3135.31 4424.23 3707.11 4121.46 7843.64 
3926.71 7422.53 269.497 3258.37 3297.96 
8876.97 7258.25 6034.59 36.2058 416.047 
7109.04 5596.12 958.651 4689.09 8464.14 
2278.69 8458.49 3553.33 511.967 9230.12 
1701.7 9391.52 5385.22 2685.35 5645.21 
2376.68 5820.66 69.4184 6083.79 9942.12 
7913.06 10.4888 7364.64 8182.55 3268.86 
662.583 7059.51 527.091 6697.17 7095.72 
943.138 3806.2 2691.82 1901.79 8495.29 
1155.94 4180.48 6953.76 4709.27 4692.45 
6183.86 6410.97 4083.95 1569.06 9096.31 
9729.16 3945.74 4916.96 9798.58 29.5204 
4859.06 7711.62 40.0092 2223.68 5894.15 
3308.87 2886.27 2953.65 3835.96 9583.44 
49.3444 4779.1 3389.62 2741.16 6680.88 
1884.89 3897.1 861.348 8838.65 8606.37 
5553.79 5022.5 5017.32 9637.75 6591.56 
4113.62 9366.89 537.289 9030.57 9165.46 
566.809 3889.62 6877.06 606.818 6113.31 
2771.19 3915.68 8999.57 5724.84 7751.64 
8582.99 5774.18 2530.72 1972.6 8515.35 
9211.61 3857.49 2412.43 72.937 2696.12 
1018.79 5626.73 7718.62 6036.11 5264.46 
4310.17 149.708 4631.34 4847.46 9180.28 
3796.78 5414.27 3069.89 673.82 6021.08 
9183.19 3445.01 9936.77 8182.75 9169.85 
7688.39 6765.72 4944.02 219.098 8738.32 
3459.35 9430.7 2595.79 5871.78 9503.64 
5291.91 6890.57 5130.36 3010.52 2926.66 
394.804 7320.69 3076.37 5026.15 2168.13 
2256.63 8822.92 7582.39 5326.52 9496.75 
3603.46 4509.69 2941.74 3540.21 2692.43 
2111.58 1228.59 9458.15 7055.6 1447.69 
8196.45 514.927 878.374 792.225 6386.71 
381.998 6084.14 3277.26 5512.35 9094.66 
6203.92 5907.16 6415.33 9280.29 933.286 
8583.46 1536.91 9756.21 6165.83 6863.43 
9252.94 9769.29 1373.11 2194.66 3309.49 
4065.53 4306.24 4538.08 3523.66 1361.82 
5985.77 1720.1 1876.74 6864.14 2512.32 
8263.45 7246.14 8596.46 1540.7 2758.47 
7691.1 7744.62 8665.63 4106.42 7024.9 
9598.92 2689.86 8561.8 9355.11 8855.69 
5425.21 8608.03 8624.97 6798.32 802.679 
1934.44 863.835 5108.92 6472.52 4387.5 
6470.74 2458.27 6107.6 8347.48 9322.41 
8619.92 6610.92 6568.53 7216.36 8151.62 
9327 4907.45 5896.22 7992.62 9013.87 
2921.1 7591.52 1703.71 1482.89 6946.61 
559.383 6908.1 5554.63 9184.35 3706.4 
6357.31 1118.77 4570.24 1466.21 7591.29 
8957.74 7936.95 49.5449 5065.31 6284.41 
9371.95 3685.22 2895.31 5940.46 901.562 
1046.91 5267.45 5809.01 6943.13 3260.05 
4822.86 9864.23 851.557 6526.57 1347.1 
7798.17 7085.95 8255.2 3352.79 6270.29 
1961.58 9710.1 7389.06 6531.82 1176.29 
4980.34 5489.54 9113.24 5029.88 554.839 
5397.63 4401.82 4240.06 8292.94 342.267 
5141.62 9339.85 5609.72 950.612 6282.97 
8869.77 5773.47 6147.18 9721.33 2300.03 
7494.28 7519.48 9385.98 5749.46 872.254 
5656.25 7711.04 582.334 3045.29 4242.85 
1758.62 8025.63 9732.39 871.845 3055.5 
287.211 6269.48 7457.32 4527.27 4562.4 
7799.59 9668.88 3902.24 3409.29 619.479 
185.187 2279.04 6392.95 6332.37 2000.35 
8692.98 3826.63 9519.84 8078.94 9576.08 
392.076 3735.18 7287.11 974.41 6780.47 
1529.94 2733.03 4806.09 1262.31 3604.88 
7861.59 1549.52 9874.36 5318.89 6076.79 
4436.74 3118.46 5745.65 8338.98 6527.75 
6365.13 8524.16 8806.79 2758.07 4856.51 
807.125 1451.03 8683.14 326.947 9529.98 
8259.2 719.024 3265.14 5546.29 1693.43 
45.5955 7076.23 4426.47 4851.69 8338.54 
8031.35 2713.26 9888.06 7905.69 8032.15 
5964.83 2342.41 1150.59 1710.46 681.37 
7678.33 8075.6 9205.53 6485.11 833.648 
4062.03 7292.23 2284.68 2745.15 7619.18 
1814.64 1004.33 8338.2 5079.78 6550.63 
31.6187 5125.38 3626.84 4458.09 9977.06 
1965.36 2489.42 2690.3 1853.4 395.088 
722.433 7818.23 2737.5 1873.02 9528.7 
3418.87 9551.36 7604.28 2624.38 6036.45 
8437.92 6686.41 3328.66 722.59 9431.56 
947.82 2537.23 435.878 9286.02 7617.01 
6986.51 9317.64 2742.37 613.33 3775.71 
2719.42 2578.69 6265.13 5409.72 4432.1 
6660.22 6132.16 2250.31 9397.71 8005.18 
1778.99 2816.56 7556.52 9383.27 5440.95 
3592.95 7821.18 2127.34 6921.6 8543.77 
1558.88 7869.42 1080.98 1994.76 7155.43 
8698 8981.27 6473.05 1440.35 9594.6 
248.747 4159.77 2173.27 6513.88 9569.5 
6605.37 3174.08 5701.64 8855.68 2571.77 
3706.8 634.657 5388.34 1263.3 17.9092 
829.267 4856.24 7839.09 2956.61 1777.83 
6382.84 4515.49 9647.25 7463.82 6510.26 
6802.67 6161.8 5491.51 3275.7 7602.15 
5086.09 3524.45 1761.91 7259.36 38.3071 
1331.39 3864.72 3212.38 7033.02 2720.38 
5784.15 739.802 3355.04 1172.47 2003.1 
3372.95 2001.74 6859.34 1212.02 4958.35 
8637.17 7594.85 9473.84 8284.4 5058.65 
5984.08 5087.05 1220.44 1475.57 8362.75 
8822.59 6561.66 1887.19 584.479 3821.01 
1925.49 1915.87 7685.72 5137.88 8948.89 
406.088 922.014 9688.69 3761.13 2094.49 
1691.77 7134.07 4096.23 8551.11 8346.09 
9054.58 7188.26 5940.93 8528.4 5472.65 
999.565 4512.47 559.687 2220 5988.04 
8922.44 1042.57 2549.69 809.612 1627.05 
6370.69 2735.11 3542.92 4056.4 7872.98 
2491.79 4462.49 8795 2180.47 8223.62 
889.468 3872.25 5357.67 4985.7 2423.34 
3703.75 4040.26 9611.61 9644.68 2568.65 
5084.24 644.225 7081.11 5643.92 2864.23 
3069.14 4566.35 3906.8 5618.83 5375.96 
5533.85 1989.5 8111.07 9076.77 6045.9 
5984.03 1568.54 508.377 4779.01 3749.01 
8731.99 5668.48 7621.26 4089.65 654.159 
44.5851 7793.4 4694.42 9656.19 7438.06 
7263.06 4740.41 8082.28 4344.16 384.319 
946.493 7413.3 4950.67 4853.29 3032.11 
326.613 387.121 5021.61 8437.68 9463.89 
1067.5 4421.69 1032.41 1575.88 9200.71 
4781.43 307.853 4869.17 2402.67 4397.5 
5523.33 2447.26 2190.89 217.728 2103.43 
9628.94 7480.79 6843.84 7711.21 1824.94 
7228.16 8657.71 9238.24 2178.81 3510.98 
2270.33 2505.43 3898.1 7291.95 943.088 
3361.97 8359.45 5364.78 4394.39 9935.32 
4565.47 9175.81 243.159 9434.64 1578.47 
4640.66 4957.95 4025.73 6831.55 5175.68 
6129.16 6460.47 2656.45 2972.99 4171.67 
4481.39 201.13 2829.36 3719.61 2379.94 
6340.33 5989.95 4885.37 238.418 3281.88 
5828.46 3600.39 1641.31 1193.22 7994.77 
1576.61 5758.69 7170.57 1819.77 5193.31 
8749.04 6460.43 151.243 2774.75 3291.96 
5326.92 8903.92 9752.44 7983.37 1876.88 
3924.09 2464.74 2078.01 6753.44 6184.36 
4457.96 3093.76 2174.29 9343.33 3332.18 
5456.17 5171.77 6932.57 7097.47 6364.99 
4927.33 8674.08 2123.66 2097.88 493.836 
7316.98 846.905 6954.27 7468.22 3621.66 
246.213 2795.12 2525.56 9998.65 778.475 
4402.44 3922.72 3243.22 6480.46 676.149 
9427.58 938.396 3769.91 1601.85 281.705 
7102.09 7058.01 5453.47 4034.65 4155.47 
1818.44 8961.97 2829.53 3942.1 1059.83 
3323.37 1259.06 1906.74 277.622 8727.28 
5528.4 523.835 1522.38 8053.96 522.468 
2300.86 2456.38 4445.19 5544.08 8936.84 
5121.34 4971.64 9875.23 8891.25 6573.49 
156.921 5993.33 3631.48 5610.39 27.9543 
7786.95 7428.83 8989.93 616.47 1370.92 
49.744 3939.84 2629.98 1956.48 4217.46 
1357.25 7484.88 4741.3 2879.63 5538.82 
5263.77 5180.49 7995.2 9708.95 724.554 
6932.02 4830.27 5696.19 6807.24 3721.51 
2269.66 6964.16 9714.83 5901.15 2574.54 
9742.79 3688.08 3.35298 8732.7 4304.55 
1374.27 8782.44 8244.39 4004.26 738.906 
2461.84 5361.5 8223.79 7203.14 8241.14 
3762.6 2466.89 3421.61 1757.78 2175.82 
4146.17 8689.81 7006.1 9842.36 5497.03 
727.587 2112 2461.18 442.402 8013.15 
5035.71 185.171 1701.22 5039.06 8917.87 
6005.77 6413.34 7700.29 4250.15 417.578 
8439.2 6711.99 5779.08 6662.97 3915.11 
4020.2 425.547 6381.99 7441.82 2183.33 
8557.81 1587.96 873.122 5563.9 1430.3 
6370.15 6291.48 3542.31 8831.33 6733.88 
1555.44 3867.02 6919.05 3256.66 8906.09 
5836.9 9262.43 5319.41 3537.18 3512.56 
5736.99 1976.35 224.529 1516.05 8639.32 
4139.63 5536.26 9064.87 521.609 2978.05 
1248.18 9079.42 4566.02 2121.31 4643.3 
5996.32 8491.46 934.766 9538.63 7322.77 
7668.65 1094.06 1189.78 4587.69 4350.72 
95.848 424.574 3613.13 5415.26 3961.75 
7125.69 1152.23 5938.1 7350.22 2668.28 
4577.41 1489.84 8204.54 3642.26 2011.45 
1182.57 4890.45 1090.85 5748.59 7011.75 
5734.15 1744.9 5503.2 6668.92 1283.51 
2825.95 4337.55 2377.57 4015.73 8925.24 
6728.28 4111.58 9349.81 341.397 9526.83 
3311.55 7467.09 679.042 9249.65 4817.29 
3347.32 3827.05 6307.13 1551.84 7469.31 
8318.58 2734.41 2359.74 9409.43 8483 
9371.49 5143.57 227.878 4874.67 1812.47 
1511.39 7700.62 6150.02 3888.95 1716.33 
5075.25 617.22 5827.91 4425.04 958.617 
5354.72 7736.59 8425.71 6033.76 6986.23 
3242.98 9381.09 813.255 9550.11 932.907 
8282.56 7868.67 3667.32 642.283 7278.08 
2150.3 13.756 2421.63 2378.18 4888.42 
4234.09 3889.57 2589.03 384.099 7778.52 
4305.36 5459.34 8395.74 133.247 9884.39 
9354.36 5487.97 7620.96 7780.04 1521.72 
4607.17 1023.01 902.786 5420.43 573.096 
1835.69 3702.97 8441.76 5503.01 4345.25 
5719.82 7653.31 4359.01 8141.45 31.4763 
9247.43 2375.52 3921.04 1836.45 2759.62 
1699.55 6141.8 8218.97 95.2695 6275.05 
8103.34 9449.63 1763 5724.28 7229.65 
3284.72 331.434 8252.66 4187.51 5751.86 
8825.76 6023.2 9454.83 7267.5 1526.19 
3800.07 2987.31 9179.51 8159.08 1128.74 
9210.98 7406.5 3504.26 3132.01 9242.94 
6263.88 4831.56 5384.73 4482.83 4926.83 
1659.76 2586.15 4376.44 3422.76 8310.43 
1606.07 6707.48 8641.87 9858.73 894.971 
4393.71 8684.47 6918.17 3848.52 5951.95 
8444.36 7648.59 8939.26 7623.85 5807.65 
67.9779 6834.82 3214.13 3572.24 9966.83 
2457.06 9836.12 4798.37 7841.79 4318.93 
9725.2 9501.55 6905.08 4101.62 2924.29 
5215.5 5707.69 9631.77 3857.35 5566.4 
526.728 8251.06 4250.85 7444.9 2099.57 
202.792 5889.25 9748.16 9142.05 3513.08 
5555.8 9210.03 347.887 8769.93 2782.25 
314.702 1226.97 2618.35 5113.07 9068.76 
6937.28 4838.25 8570.29 3842.35 8939.87 
1494.56 9057.85 4647.54 1126.32 2915.19 
213.924 1653.04 1166.23 4464.78 9097.94 
3265.79 4667.57 4987.17 3013.94 3809.61 
8500.25 8569.73 3019.62 8848.14 7339.64 
5801.87 9162.84 8566.61 8420.22 4275.9 
7635.35 5357.49 9114.15 6205.62 9199.84 
8054 7700.18 8257.67 2701.53 8826.5 
1172.84 2915.45 479.528 2339.07 7380.23 
9577.47 5604.86 2047.78 4564.63 8618.8 
5857.39 3064.86 7188.51 8877.01 1912.99 
4528.14 4678.86 1075.81 3094.74 3099.07 
5351.71 730.074 8456.56 4465.85 6935.7 
7656.38 2519.83 4635.86 5914.04 5221.36 
3462.35 7086.88 8136.81 3941.87 9425.95 
5517.02 3519.33 5030.8 7564.8 8083.95 
3649.58 3422.18 1148.8 838.079 2299.17 
3061.79 5366.22 6978.04 4137.6 8460.96 
77.0859 9489.31 9191.03 8533.64 3955.14 
6126.71 6190 6474.97 762.556 2104.02 
1696.31 4224.9 9190.9 9833.12 8166.78 
8616.84 5350.13 1686.09 3647.62 2914.91 
9770.04 7297.2 6337.09 918.825 8135.28 
8636.26 3980.61 3501.48 5614.28 8118.21 
1962.42 5691.37 7607.5 1153.44 4224.99 
1562.62 7280.15 414.98 8037.59 8042.7 
2519 9733.91 2267.59 1709.89 9567.01 
434.35 326.71 4917.12 2120.44 3974.33 
7832.03 1890.46 1271.51 4169.11 2809.29 
9406.79 2805.36 6789.9 2908.26 8419.64 
4908.09 4870.68 4110.99 2515.57 6024.12 
8335.98 4078.2 3304.25 8750.97 2115.77 
1346.93 1269.95 1849.66 3614.52 2979.84 
1416.65 4048.87 3306.55 6333.77 6169.31 
7280.88 4165.79 8059.78 8552.39 8334.9 
869.048 7959.17 1140.24 7658.95 867.41 
9559.88 2567.02 5738.09 3670.86 5082.6 
1762.19 2006.83 9160.79 5066.44 757.773 
1276.55 6413.37 2027.73 3126.21 27.8784 
5007.57 4542.86 4076.75 8314.12 876.619 
246.046 5594.99 5042.41 8305.82 4147.36 
3377.29 9174.87 2106.52 4517.54 6833.8 
2973.93 4077.4 9400.82 8712.02 7748.26 
4483.4 474.19 9755.08 3644.18 5540.63 
512.841 4920.73 1953.98 2540.57 8046.93 
1981.86 7548.14 2589.78 6058.61 5862.24 
3466.4 6304.66 1457.21 8508.81 4610.46 
5604.58 1886.09 3785.32 7711.09 6403.62 
619.102 685.003 481.007 19.9083 9397.02 
8229.27 4503.31 9871.21 7984.33 8147.49 
5411.82 8497.17 3068.2 7365.8 1037.72 
1115.12 9347.67 8585.86 3704.9 5406.26 
4448.08 7171.29 1710.9 5905.29 5680.08 
6321.37 1509.85 7566.17 106.668 9220.95 
3969.77 725.77 9905.95 4450.78 745.678 
9302.95 2680.03 5248.99 9174.15 664.348 
3396.46 4585.95 9161.52 6464.66 1951.74 
199.23 7579.78 1299.39 8785.09 1284.66 
6705.65 3233.16 8455.95 8416.55 9138.45 
4136.02 4737.9 648.286 1702.17 4844.57 
9869.23 5671.94 5570.34 9775.16 122.704 
6316.01 9078.1 2802.73 1564.99 8252.23 
3467.08 4961.45 2838.16 2628.59 1426.09 
4789.9 2827.82 9005.87 6089.28 1612.89 
290.512 2794.91 4846.05 8746.46 1211.44 
3984.48 2882.46 5949.34 4632.77 4584.63 
793.893 4501.98 256.55 6364.23 4277.13 
379.255 2680.23 3355.21 3181.99 4245.21 
1607.42 6649.07 9206.66 4445.58 9277.66 
632.736 9235.48 2105.46 9638.61 5324.75 
3718.35 9929.12 8119.66 8564.4 8675.56 
9331.11 2548.86 1558.01 5280.43 7181.63 
6142.63 6074.33 1683.59 6399.18 2438.54 
5960.72 6778.44 5118.76 9315.93 9960.43 
9363.97 923.33 6609.48 8570.62 5368.91 
5887.13 9203.35 4604.38 7992.59 8841.94 
9929.13 1710.92 8771.04 8048.77 275.303 
7446.59 7379.86 2824.16 9004.6 2660.28 
5.77156 5147.21 8734.6 1689.36 1546.38 
1173.13 7650.08 8324.82 6291.89 6965.99 
8285.23 5655.84 7889.32 4894.69 4226.44 
3258.21 781.804 3429.78 7862.59 8774.39 
2271.7 7791.7 485.296 1042.73 5840.45 
760.599 8489.32 3220.3 3584.76 7493.9 
5880.58 3590.53 2641.1 4615.16 5279.89 
4187.48 5788.29 2929.95 2512.28 2080.16 
9895.94 797.489 7736 7785.24 5692.18 
1962.43 1043.43 6473.99 5392.21 8906.02 
5248.36 7663.91 6697.71 5733.66 8706.64 
2538.14 6494.26 7195.94 5758.44 79.0027 
4689.82 1639 3669.54 7330.92 6254.16 
8949.43 1518.38 2042.43 1879.37 4030.65 
4122.59 1775.29 4828.14 1858.58 9560.53 
520.311 3821.01 603.948 6994.3 9213.22 
9509.97 2242.65 6877.11 6207.66 7976.3 
5583.73 8745.8 4470.55 2779.65 4504.22 
4549.55 7469.48 6143.22 8219.08 4800.38 
2397.37 7168.5 6318.76 4439.8 9047.86 
349.393 8562.4 823.138 5177.54 420.958 
383.651 5697.85 4241.97 987.6 2692.13 
3455.17 497.555 4934.77 332.261 6705.22 
2911.06 5915.99 5451 7381.61 8695.64 
9955.23 1931.14 6165.1 6098.43 150.206 
965.465 8495.8 7318.7 7284.22 2935.58 
6366.55 7633.61 1497.96 7189.69 2811.13 
1918.92 7573.34 8508.98 6160.89 8560.94 
1201.09 9616.06 9058.49 6135.87 9948.32 
5763.69 9046.93 5864.29 1214.68 6428.52 
4559.92 1169.89 8359.66 725.008 7268.32 
8509.87 1690.47 5764.1 5828.55 8974.69 
8699.69 2195.08 6608.29 197.631 9384.77 
9419.42 2116.55 6958.09 7928.39 8277.44 
5519.01 9129.48 7893.48 4577.49 5265.33 
7841.79 341.165 4312.24 3706.06 1555.84 
740.748 8265.98 2725.73 9100.41 8990.99 
9994.05 7610.26 681.448 5758.13 3438.79 
9656.14 4457.8 5633.88 6264.41 4655.43 
5018.63 5683.82 6771.98 1976.7 3612.19 
5049.41 7495.72 2741.65 2942.87 2073.19 
8006.98 784.642 2414.36 2319.21 4490.7 
3970.2 3059.96 2756.67 6695.93 2160.35 
1747.64 6689.96 9770.6 2429.09 2448.07 
3209.38 2085.22 6905.87 8843.25 8349.63 
1561.28 3861.87 4033.44 8333.26 5838.57 
7645.63 3382.66 3334.27 387.261 6325.53 
5407.46 8394.24 7110.17 7821.82 713.435 
1600.86 1792 3773.39 4357.53 8487.93 
5933.74 6105.17 5177.87 5704.33 8534.27 
7625.94 8913.71 619.466 4531.79 7756.94 
8969.1 6093.07 1618.79 3002.52 4426.32 
7457.36 648.125 7808.98 791.616 1035.39 
4134.49 6199.08 9429.63 1244.64 4020.88 
143.047 2845.5 5812.88 3916.44 7203.03 
4300.79 9850.18 3308.18 9478.66 5554.49 
1842.43 7104.58 4468.18 2461.9 1636.35 
2225.1 1430.98 7729.42 3843.89 4433.49 
2155.73 1301.24 5081.62 9964.7 2092.85 
6117.01 4099.17 8291.93 5546.62 5343.81 
2312.79 5689.66 8189.31 8125.68 9606.1 
5392.32 2426.45 9456.27 8700.5 1905.09 
5010.74 542.916 9009.67 9478.92 3004.81 
646.006 1704 4435.79 8375.43 5547.9 
8869.28 531.138 6849.13 3950.89 495.822 
8941.99 67.8762 4594.99 7233.9 5614.49 
9938.81 9546.7 1304.14 8128.1 7672.36 
910.227 3520.4 98.7893 366.476 2220.89 
2003.88 5377.21 2763.8 1013.54 4856.11 
5768.62 1659.54 6560.12 204.39 34.9538 
2108 9073.67 566.092 8957.13 3024.55 
1061.91 7899.1 3092.42 5656.91 5132.98 
8706.92 5595.7 4679.66 11.0392 3723.78 
2352 921.267 7244.18 2450.79 1287.74 
9465.07 4454.67 6664.96 2228.86 5468.21 
1521.05 7997.47 7127.75 8081.17 8201.86 
7162.7 189.148 7275.52 7728.8 9146.28 
300.05 8790.71 7045.36 3392.47 4447.6 
2178.33 2099.37 43.2801 6857.99 2110.41 
3767.06 9209.99 3031.68 1011.22 1660.76 
4319.42 476.276 6115.44 984.358 2705.13 
1583.63 2505.41 702.59 8711.38 586.564 
8904.45 5874.06 775.712 6179.96 3602.84 
9921.99 6480.01 2393.54 6967.33 9872.48 
6841.14 9145.66 1971.83 6884.42 6003.63 
4082.24 651.46 5213.6 7113.92 1662.68 
6874.36 1433.32 2138.96 2989.78 2417.68 
4844.09 4573.41 4923.09 5546.68 3284.77 
5509.65 4451.12 9158.84 6285.36 631.062 
2761.66 6207.33 7111.07 5155.2 3174.65 
6983.53 1996.32 2320.29 8955.37 8880.74 
8323.92 3037.59 9532.2 3537.5 151.492 
1194.87 411.846 1584.81 3333.83 3401.63 
4002.49 8177.92 7975.04 8925.57 3724.59 
1259.79 4435.21 8175.71 418.614 720.554 
8806.77 3180.28 6927.89 5917.82 8335.48 
102.52 2901.34 331.786 2422.81 1856.69 
9212.53 746.706 4894.28 8744.71 4284.21 
5045.77 9939.58 4696.05 6630.58 3273.39 
8097.68 633.051 1451.29 6072.7 9558.62 
5175.88 7332.5 3993.81 3351.57 7751.11 
4714.37 2158.32 931.374 1642.24 8076.14 
9266.85 1744.76 977.464 9598.64 4167.57 
2834.15 8811.15 4914.27 7728.43 7555.84 
9198.48 2774.19 7495.41 3894.51 9404.77 
768.779 1992.18 37.8062 2220.07 8064.88 
9596.43 7395.95 5397.36 3590.23 747.502 
3148.46 8304.6 2905.82 4079.83 9946.84 
981.946 3346.67 1691.58 1959.41 2945.29 
5859.15 4793.56 1756.43 773.404 2521.98 
9312.27 9971.88 5296.17 6807.66 3866.38 
4700.92 7576.44 5858.56 4738.73 9796.51 
3923.42 4335.14 7192.45 9320.78 7925.37 
7939.95 2469.23 6229.95 845.753 6549.06 
6176.77 1827.7 9895.73 7868.35 3787.11 
2841.01 3727.48 8580.67 4597.43 4500.89 
1102.63 3909.69 4472.75 6398.8 717.328 
8339.13 1099.71 8293.77 4197.67 5838.44 
8090.26 8121.09 173.567 5282.69 7441.86 
8098.94 3222.62 9911.09 4328.87 4068.37 
6460.13 505.63 5896.07 6355.84 8373.98 
9683.18 9196.85 2101.45 8263.83 3794.26 
6602.33 9366.46 7703.95 1075.07 5765.25 
8421.28 9414.2 6864.96 6715.03 3611.86 
2703.38 4805.27 1732.94 2876.95 87.9462 
9174.8 975.87 3310.57 9085.87 5304.74 
7378.94 5545.98 5810.37 3275 1901.81 
4184.34 2958.16 1098.65 6285.79 1221.98 
4892.91 2888.11 588.424 2596.84 3963.18 
6353.67 1018.1 3377.36 3218.62 7733.13 
6989.22 5922 2538.39 8722.16 8798.94 
2626.34 7896.94 9774.81 5936.9 6982.79 
5079.54 3315.83 2528.76 889.899 6590.82 
4430.57 5074.24 9548.98 5529.22 1360.01 
770.943 422.11 4248.12 1359.37 3018.95 
8211.29 7713.04 4037.06 1588.64 931.638 
1770.18 8577.86 6853.63 4308.56 7299.99 
5652.56 6934.9 5196.92 5427.36 2871.79 
2179.69 506.884 6187.61 4708.45 1396.78 
2778.42 9139.02 6471.02 2327.39 4668.22 
7831.03 3098.33 5090.33 2079.13 4457.7 
8109.28 290.404 2170.72 2146.32 1879.04 
3102.36 3916.5 456.878 9955.99 8225.06 
7756.87 5608.54 5159.95 2953.77 1035.88 
8031.73 5133.46 1542.76 4219.33 9841.91 
2939.54 6997.75 8980.91 9410.57 9325.13 
3649.11 7241.58 2423.44 8739.44 9320.71 
6881.14 6848.7 9611.12 9051.86 8995.02 
1490.14 2154.2 2911.51 1947.02 2110.17 
1136.55 9703.89 7718.71 6296.5 2657.64 
8754.59 4328.21 7791.1 297.332 8547.54 
7632.99 3236.88 5545.27 6613.88 2647.43 
4870.38 262.976 9889.01 7293.83 9002.41 
9209.7 4174.95 5851.1 8820.8 3226.79 
4846.1 310.926 5380.99 7757.61 2257.94 
7491.17 8894.16 1961.82 5209.86 5190.64 
4619.46 3964.43 9518.85 2410.55 4261.76 
8066.38 43.525 7498.64 3611.63 6657.41 
146.046 8482.01 6920.39 35.0375 5775.82 
5922.78 9244.74 9950.77 1773.86 8065.53 
3177.55 6619.96 8376.45 8558.54 4377.55 
634.38 6049.69 3271.7 2596.2 1259.53 
8462.34 7215.66 5223.96 7981.18 9626.21 
9485.72 6047.54 9669.73 6984.34 9659.16 
6327.12 7130.39 8141.16 3247.49 7165.42 
3916.96 9170.27 6410.15 3867.72 944.115 
4475.66 7045.27 7564.08 2852.1 5603.79 
1941.61 3486.48 1653.47 5213.31 6082.67 
2913 3675.63 3298.32 8136.96 1656.79 
2924.51 7622.66 7704.33 2594.22 4606.99 
7363.48 8921.34 1737.36 5504.61 2168.82 
8902.78 9421.57 1339.08 5312.91 3289.27 
2283.19 9788.57 334.522 9847.27 2640.65 
5938.31 1788.86 6127.13 7591.78 7002.17 
2209.78 504.761 677.788 5508.1 8641.72 
2334.58 8432.6 6264.37 38.8942 1026.81 
871.336 7402.37 9948.15 2608.69 2906.97 
2116.96 1511.45 2328.52 3456.03 6824.36 
5617.8 5739.22 6612.92 5952.32 5586.47 
9253.57 1890.62 7375.33 5380.68 9482.39 
4377.49 7590.46 9987.16 5055.28 3098.54 
8628.86 7389.86 1531.13 4893.21 7428.75 
2557.94 5764.54 4831.1 2506.07 8373.24 
7738.07 4623.03 9884.69 66.5781 8079.06 
6709.04 5684.38 3818.26 3321.94 1636.68 
9404.73 2575.49 3527.29 6780.05 7956.16 
3009.67 1157.52 5546.6 2996.81 6212.8 
8645.15 1625.65 3602.64 176.257 6518.86 
1031.37 2734.19 2283.39 5862.48 5240.27 
656.604 3600.53 9863.29 541.277 3667.11 
7942.34 7250.31 9351.48 1760.58 572.235 
988.144 1165.3 3147.72 4515.44 7945.35 
1103.87 7525.11 9102.87 6650.47 521.899 
5315.65 5295.6 2147.55 8918.29 5471.86 
8666.41 9949.66 8206.05 949.775 5812.12 
3446.3 1606.38 9412.65 3309.58 2147.66 
3079.75 1251.9 9397.97 2431.21 3012.48 
9970.21 3419.36 4177.78 3117.91 7934.79 
2123.12 4221.78 5459.88 1225.97 872.229 
5981.78 6541.63 6167.83 8129.33 5459.9 
1639.67 6795.72 5409.55 9845.72 7745.5 
1221.66 3292 9351.88 634.292 6601.58 
1499.52 3714.04 7853.47 897.47 6145.25 
865.939 867.659 9564.61 5043.72 3985.57 
7499.38 7166.84 8207.34 2959.25 8392.81 
9079.57 8941.03 4934.42 5247.38 7070.35 
394.306 6887.05 3866.06 5803.86 6732.75 
1611.54 7025.51 24.7318 963.397 7659.8 
6626.31 2462.91 1373.82 4479.77 3360.38 
7519.07 5345.71 4228.04 7083.66 389.409 
8213.61 4583.03 7556.25 6420.94 7542.28 
5949.04 5500.49 6483.29 883.444 747.858 
3553.63 1277.75 7634.91 7419.68 7081.61 
4367.64 9031.22 4107.1 4392.37 9994.62 
1766.89 1018.66 2457.51 3140.71 5498.43 
5817.9 659.767 844.12 45.9228 7743.43 
1233.53 8259.53 2326.44 8789.78 4680.45 
9868.72 4738.8 180.929 6352 5622.24 
928.787 9905.62 6899.99 8563.69 7325.29 
3981.58 2931.32 6356.49 8088.68 7323.69 
6351.09 9855.57 8342.35 8808.6 2996.26 
3840.76 4626.48 3656.03 4684.88 4672.4 
1399.44 5918.41 2931.92 3725.88 4708.17 
7612.37 3594.58 9446.97 7793.3 9946.58 
5069.2 8722.09 9852.18 1969.17 7285.77 
7177.45 5950.75 217.066 3533.93 4039.42 
7540.75 9885.01 3894.97 5883.09 8693.6 
6891.23 9723.85 3320.06 547.242 4408.72 
7992.47 1946.68 327.115 924.37 5672.56 
5035.29 8536.74 9267.14 4482.24 6330.03 
9213.71 9551.44 5052.1 9065.87 1520.59 
2337.85 6243.31 7471.35 2554.92 9777.23 
1510.75 95.6544 9662.23 5405.72 5978.74 
8355.81 2296.93 5702.58 1675.86 2844.18 
111.279 9668.32 4790.86 438.394 592.676 
463.405 5473.68 9129.42 9730.55 9955.92 
5459.43 8944.24 9507.34 511.517 8010.09 
1027.92 2849.37 4253.38 8499.27 5404.29 
4030.6 9.99741 5499.94 3692.81 5415.72 
1478.67 2048.6 7712.65 7181.24 3724.46 
556.809 7292.52 3392.77 5347.67 7730.92 
3985.44 5811.07 3204.58 3114.85 5541.61 
3160.49 8574.28 4485.83 2667.81 9085.8 
2495.9 3695.73 1935.15 6749.28 2194.98 
7339.43 779.859 2204.98 2839.36 4472.67 
7620.69 4318.02 6521.27 5333.32 1499.25 
245.716 5890.13 8791.77 3638.48 1237.78 
6522.67 7623.93 7048.86 9727.25 738.757 
2590.44 2887.71 9313.04 7076.27 5555.53 
8398.81 9572.17 9251.25 333.945 6321.43 
1446.22 7673.38 7101.29 3651.19 512.718 
1573.94 1271.87 4830.74 8095.21 6605.19 
6329.99 8340.93 2495.31 5121.74 1979.4 
3733.09 1644.39 9603.32 781.932 1371.62 
342.062 3372.38 4259.33 9655.1 448.63 
9814.86 8053.9 20.783 9066.09 8387.84 
6342.22 512.292 6061.2 3443.49 4163.48 
6573.92 5017.43 5435.35 1404.64 3112.63 
2040.52 7734.63 1453.54 4535.83 2856.35 
3432.94 8268.92 4500.74 3036.25 9050.86 
5872.35 3378.31 2423.22 131.664 3033.39 
2871.85 9946.52 1087.27 2892.63 9012.6 
9475.11 9234.84 9524.89 5536.29 2678.32 
3688.35 2110.19 7695.75 9123.7 3514.84 
808.363 1164.21 1249.45 2261.91 5700.04 
4105.8 5694.85 3968.95 8606.53 8731.09 
3019.79 4478.87 2109.38 5443 4610.53 
5142.77 8314.85 4557.03 6230.04 1207.46 
3569.61 5705.13 442.287 3094.48 1241.4 
3120.6 6782.84 3351.6 816.337 5906.52 
6866.43 1624.7 7070.73 8115.88 3886.61 
2770.76 2221.66 9581.45 6739.71 828.173 
8312.53 9759.5 5307.04 421.893 5202.48 
9917.57 5564.66 3517.31 4474.58 1794.69 
4724.77 8044.19 7499.81 5167.06 1138.66 
8741.22 8287.67 7921.49 2092.8 9104 
3828 8959.23 728.686 898.718 7075.09 
4615.29 3669.48 9296.75 4196.73 409.171 
124.904 2509.24 168.65 5431.94 2931.13 
5371.13 5349.49 8495.8 8888.45 9824.08 
290.466 3613.2 7868.25 7790.28 8780.26 
9006.91 6531.48 7067.91 6928.39 8624.28 
6171.9 756.372 7583.49 6900.58 1655.09 
4658.56 1515.86 5324.57 3955.29 5712.59 
5733.74 4080.2 8221.83 5902.39 9512.14 
1152.94 1273.51 4861.62 9648.74 161.935 
4685.68 9939.21 3775.14 2553.91 7729.47 
2555.39 1560.81 4260.93 9623.3 8489.2 
2885.19 5795.18 9245.57 468.662 2695.74 
900.641 5127.22 4211.6 6225.21 9082.51 
9924.19 1958.93 3162.69 8146 7861.32 
2674.81 9298.95 9134.83 7536.43 8947.67 
9296.76 2222.09 8886.86 3071.88 4776 
6616.32 5627.27 6336.81 877.233 5250.55 
4825.99 3762.42 1045.71 4071.54 4231.09 
3741.45 4972.18 9358.31 7953.06 1197.37 
8440.8 7877.23 3156.3 1603.48 6023.22 
1017.61 4278.29 5322.15 152.417 1814.71 
4269.8 9449.18 4036.8 3156.65 2521.04 
8812.8 9772.96 8148.31 5149.59 650.18 
3398.84 9975.58 4412.6 4444.55 4047.1 
8643.69 8186.01 9019.27 8001.98 6139.05 
216.629 6442.77 4016.26 3372.93 8046.25 
39.4627 4390.54 2324.53 5361.61 4542.96 
4139.24 9631.41 3992.12 8176.03 2788.04 
6513.16 6988.81 2560.99 4661.46 2138.39 
3211.17 8060.3 2113.94 7623.77 2504.84 
6161.04 6267.45 690.831 5180.3 4269.41 
6829.88 5396.92 712.165 846.124 8769.86 
8758.42 885.587 3160.38 1082.93 6247.2 
7703.34 5222.16 5878.59 1695.44 3398.18 
8666.63 8208.61 386.976 1227.61 2870.05 
2525.36 4438.78 930.337 4639.3 2062.54 
3435.18 800.325 8329.98 4126.01 5980.62 
2599.38 955.869 1377.53 3311.54 1801.99 
147.369 2069.94 2687.58 3307.75 3152.87 
8934.78 1011.07 8375.03 4813.35 2706.52 
1773.19 3479.97 915.109 2160.17 4707.58 
3785.16 4685.53 9146.35 4715.5 9324.83 
1208.87 8150.67 125.14 9538.85 2276.66 
6105.76 2138.22 3232.53 7483.29 5449.76 
5034.53 7630.66 7519.7 7722.11 938.392 
672.55 6656.87 1949.47 9047.58 1470.2 
4655.98 820.755 4950.17 5571.09 2980.92 
9657.75 9356.25 7666.45 8804.08 4071.73 
6991.27 12.9361 2222.39 7116.41 9551.79 
4499.05 3222.15 1689.99 7731.59 705.421 
7139.75 2766.1 8336.08 4659.43 488.187 
9274.47 5331.98 7145.05 1223.92 4379.54 
8615.25 5879.91 5200.3 3565.41 1450.98 
8181.22 3223.14 807.22 5847.66 2027.2 
4878.95 2838.9 2040.14 7101.34 9955.31 
1591.91 1600.38 3177.44 3281.9 9331.97 
3882.86 421.629 2098.05 2218.93 5081.06 
2586.23 1493.38 413.021 9731.29 2717.3 
4792.56 8346.52 8597.21 9992.86 1911.91 
48.1781 8174.06 5135.05 855.398 4021.7 
7162.25 5734.35 6860.61 9202.39 2835.68 
6815.9 794.28 4436.06 9993.35 4076.18 
3768.01 3876.19 4497.81 5866.05 6095.12 
9578.87 8452.29 7588.5 9991.89 8183.56 
305.791 4784.43 6530.06 8903 4777.28 
8441.98 8951.18 2951.33 3577.01 9806.58 
6973.03 739.245 5540.91 3833.62 9941.63 
8376.59 649.504 735.895 2812.63 642.832 
4812.07 6580.64 4519.03 9309.88 2446.68 
614.13 8888.73 898.948 8202.63 8880.6 
9082.5 8508.42 3665.02 5612.55 7411.41 
8442.29 4054.51 6362.57 1393.6 7631.53 
6169.14 8366.63 8370.77 1710.03 2200.23 
8312.39 86.6083 2849.74 9048.28 2899.24 
3492.57 3860.34 9479.88 8011.6 3170.2 
1926.54 8625.73 2058.91 2825.49 6828.34 
939.498 1907.98 5336.75 4604.52 7520.53 
2748.14 3046.79 1575.03 9110.72 4440.4 
9206.55 5279.84 2807.01 7577.31 6989.87 
5007.25 5889.68 7076.48 7856.98 4937.94 
9975.72 1349.54 8798.28 9455.58 9361.13 
1968.46 1382.11 7986.84 4027.38 4207.6 
4815.17 4966.88 6115.58 151.904 9571.39 
3636.09 2900.05 2618.17 5211.12 2010.75 
7058.56 4417.66 7290.59 9865.57 1994.95 
4280.44 4872.8 7884.62 1356.9 2729.77 
2822.55 1332.6 4079.31 1620.81 788.17 
3440.43 3589.27 2170.28 1427.26 7616.65 
6377.88 6242.43 2583.51 2493.44 6394.33 
2154.88 6129.53 9294.38 4773.05 1340.64 
1305.11 1831.6 5758.3 8595.69 1697.15 
7753.24 2876.11 6569.96 5637.85 4233.01 
9299.73 8460.4 5565.62 3379.02 81.192 
6353.79 6819.45 3670.47 8524.07 8246.71 
1287.1 4901.93 4489.11 3870.61 7395.37 
883.427 6025.49 3524.89 177.786 798.528 
4865.53 1482.89 2630.12 623.808 78.5698 
4327.28 8377.05 2954.68 897.22 4014.89 
7187.7 196.932 2475.27 2753.3 3575.95 
2556.46 9107.09 395.387 6226.92 7631.14 
8642.09 7514.02 2533.05 3131.19 1384.62 
9928.42 4014.62 7410.11 3453.3 4192.4 
8208.64 8318.83 5675.3 838.748 8942.64 
5753.87 5166.03 7319.67 8708.55 6063.25 
1334.54 5896.23 6260.18 3809.81 8649.53 
9836.13 6366.27 7756.6 231.502 2593.17 
5387.72 8873.59 107.182 7920.78 2004.77 
1491.8 7849.19 6019.39 8901.91 1302.47 
211.772 7110.53 9621.3 5887.07 7949.28 
8563.92 1640.92 3115.29 5883.57 349.453 
9178.54 7218.11 6245.69 5438.7 1027.9 
4895.2 5274.81 7394.17 2651.79 5506.32 
9987.34 8039.51 4379.89 94.5045 5960.27 
6384.66 1586.3 3809.44 2404.03 488.197 
5111.91 2615.8 7598.73 4733.19 8502.88 
5548 3297.09 143.777 8663.29 9180.66 
493.23 7841.81 6398.75 6738.92 3280.49 
7426.65 1634.1 8555.31 4820.8 4285.89 
4061.6 4808.12 2325.39 8441.5 4902.62 
8285.66 4826.15 6488.93 2095.09 7230.18 
6977.12 7207 9845.98 4575.84 1940.17 
8348.84 123.818 5237.26 8492.62 8787.11 
4417.9 8985.85 6628.9 816.634 5724.75 
9909.39 8243.28 7358.85 8464.68 3064.06 
1644.72 2526.27 7872.18 3970.11 967.748 
2774.79 2255.76 5793.89 9263.72 4350.85 
3024.06 6240.83 1557.83 2870.02 816.649 
3498 1218.85 940.466 8735.26 9711.46 
9727.57 3153.15 8697.29 6356.45 3969.78 
4422.03 6265.82 2213.05 1780.86 4730.48 
5277.11 3425.58 7256.75 3149.28 7395.7 
8224.5 5924.07 9651.46 4018.38 5187.77 
4002.29 7042.43 1428.58 5560.12 9912.45 
2245.23 9058.12 1131.28 3185.69 7793.37 
842.731 2913.25 946.499 9540.03 9269.7 
4916.28 3962.03 5535.51 7129.33 5742.89 
265.974 2406.42 9168.48 7522.72 5555.7 
6564.16 5747.2 1479.75 6215.6 9765.58 
6667.52 217.871 6807.99 8096.1 5777.99 
6720.43 341.31 4836.1 7851.71 3527 
2629.45 8694.44 6440.25 3575.95 8234.45 
5709.94 8492.23 2196.47 1245.43 5621.54 
7939.36 1511.4 8027.96 7107.82 9034.12 
3583.65 3671.97 4781.31 5063.4 9887.56 
4546.87 1730.9 105.418 1354.85 9827 
5883.41 8075.28 168.294 719.49 5926.98 
3695.3 3348.94 4621.41 135.534 6924.89 
2855.84 5845.47 5417.1 5052.31 7090.9 
1038.62 2991.66 8602.29 9066.59 99.4654 
7636.4 2650.22 3771.43 2417.7 7713.61 
3658.98 6964.57 9444.51 3764.4 8319.42 
9271.5 9647.8 6394.69 9439.79 367.278 
2321.65 3135.07 3716.22 6943.05 3270.61 
641.086 9798.9 9116.08 6058.18 4851.19 
6206.95 7096.81 7842.85 4809.23 6163.38 
7942.31 2445.62 8813.59 1713.73 4863.31 
6527.19 5372.71 1827.87 5971.69 9137.1 
147.274 5243.17 8784.89 6541.96 4682.94 
9152.17 8863.61 7818.02 2868.37 5806.65 
1088.61 3509.45 5605.53 204.667 9567.64 
456.702 6411.62 6664.43 8299.55 1220.84 
2827.79 6241.85 3666.45 1641.36 7955.58 
8529.77 8168.55 3328.27 357.618 4140.22 
2465.35 504.892 9383.39 1250.23 7046.85 
4066.32 402.375 5910.45 1884.32 3270.74 
1717.08 2972.93 6780.19 7322.61 3177.6 
6347.81 7779.31 9589.22 3012.22 6078.84 
810.036 5840.01 2320.68 4476.49 7481.37 
276.24 3006.24 5649.91 3604.51 3363.86 
9790.13 6069.86 3868.75 9173.5 7320.08 
915.587 3239.81 7722.46 6826.04 5124.13 
993.186 8543.11 8097.06 7773.38 5865.7 
1274.64 4121.17 3645 863.835 7133.4 
9723.84 1673.87 2973.39 2044.5 6150.36 
454.742 2320.74 9156.6 6104.65 5925.25 
2520.44 5894.76 1995.09 6389.19 5068.25 
9315.18 7304.78 8308.05 7037.62 4130.8 
3432.16 8030.81 2673.9 1529.2 5804.17 
8539.6 2803.84 9925.35 2184.58 3667.67 
7058.73 1908.41 5341.54 32.0978 3952.91 
1491.89 486.84 6273.65 648.474 6591.49 
2198.89 3168.92 2486.23 4193.98 9558.11 
7554.48 3509.14 6862.88 5862.51 546.749 
993.662 9294.67 8577.56 3667.56 823.859 
4381.71 2207.14 3627.7 4307.04 4391.73 
7295.37 1365.75 6300.13 2636.9 1397.85 
253.024 4128.78 1884.69 6526.68 4777.26 
8476.17 8725.56 7946.17 962.387 2919.53 
7504.27 8516.86 6428.67 4367.13 4379.36 
6975.42 5360.79 3674.01 5552.96 9028.35 
4497.87 9934.67 1235.48 8125.57 4241.69 
5627.2 5420.92 5607.44 1927.32 8057.82 
7005.29 2180.34 2186.58 8889.98 8707.02 
6963.84 7366.13 7432.57 4910 8328.52 
352.076 2414.25 6845.37 6780.75 6781.38 
1224.71 3756.15 2142.16 4898.72 9309.11 
1170.5 9396.59 9243.76 2405.97 7522.14 
3485.43 8033.18 2943.05 9092.88 9960.5 
1000.85 6098.15 2140.82 3187.43 4988.11 
847.827 151.253 2354.23 8280.39 5061.25 
682.729 8632.47 7475.5 7528.09 5413.2 
4256.87 8752.8 9169.34 6399.03 3651.5 
8478.43 7569.52 3048.08 7722.17 9975.5 
570.205 1207.59 8008.66 3513.25 300.452 
7969.14 4514.1 6398.6 109.95 7701.53 
1386.69 957.777 7852.78 3740.92 9238.17 
2914.02 4423.65 7870.62 389.502 1951.72 
3283.8 4646.37 704.509 2453.13 1045.38 
4356.01 931.549 8614.91 7404.09 8653.72 
8590.39 7974.29 9861.32 6599.03 1487.53 
161.751 4568.16 6001.63 6560.35 4678.11 
3703.14 7947.04 5635.89 1555.91 1687.95 
4874.04 4469.92 6111.59 2744.65 4859.43 
8063.32 6028.45 9505.8 8767.83 8481.58 
551.162 3123.82 9413.13 9166.07 527.894 
8066.84 7756.44 8502.19 7928.14 4355.46 
9989.72 8089.89 8923.62 5991.33 4650.22 
3601.71 9694.47 2597.25 9237.6 1250.36 
4285.2 4111.62 5720.29 396.771 6856.27 
579.696 8460.09 2884.7 85.4747 7227.9 
1366.27 636.637 351.7 779.38 9802.71 
879.594 8846.22 7559.13 9381.78 6774.34 
1914.57 9371.48 4864.21 838.175 5362.8 
9514.43 4439.89 5057.25 2111.66 3677.47 
6307.62 6396.86 7789.09 2027.89 6793.63 
4645.34 2607.58 5253.7 7530.04 2693.06 
2481.58 8896.3 3329.7 2833.28 9675.68 
3132.38 3712.87 8521.88 691.498 3094.64 
5296.2 2606.07 2466.11 160.394 3444.25 
7828.9 9674.82 7884.13 2886.14 1786.47 
1561.58 9193.76 8183.33 9350.67 1221.63 
4976.94 3995.99 3829.22 230.621 1526.01 
6522.27 2712.2 422.297 9851.97 5545.48 
97.9626 2984.34 9258.36 8619.85 3675.83 
2352.98 3916.03 6281.91 4819.08 4076.43 
9726.15 2647.97 3751.23 7610.27 5534.12 
5537.7 9171.85 4727.86 3721.01 8522.5 
5949.49 8697.95 2518.48 9778.71 8928.57 
4044.49 6300.96 1640.76 4466.79 6152.92 
7186.24 4564.75 9137.25 6444.58 3184.58 
2813.07 8797.55 7100.61 9094.98 3616.62 
1177.02 8821.11 6264.6 4928.26 6431.36 
1798.69 465.941 5603.2 6526.55 4186.95 
4125.68 2476.03 2884.89 6644.16 2254.72 
1813.44 688.632 8555.68 3454.19 5155.42 
4708.58 640.415 9720.17 3845.82 7084.99 
2904.73 6658.89 5882.53 5.31964 5753.85 
9499.15 1182.34 4574.94 5763.73 6110.6 
1006.28 7562.42 6576.54 6609.48 4088.96 
763.473 735.146 6564.99 3648.36 7379.31 
8819.7 5461.8 8067.94 7375.37 8915.99 
3223.34 2083.93 9556.41 2943.49 5929.75 
6641.38 5848.21 2588.62 2523.89 5853.53 
8342.46 2023.03 7035.87 2917.39 7786.76 
3146.45 3923.67 5349.17 9722.99 533.135 
9438.13 486.448 1268.28 6003.1 4134.81 
8647.59 4822.79 9596.6 6715.51 2198.14 
8512.58 9938.85 4282.07 8068.97 2882.32 
211.798 4710.34 8730.53 2800.42 7234.23 
4584.04 1142.86 9257.26 1619.9 4060.25 
7044 4766.35 7983.92 2393.15 4489.33 
8517.06 1831.26 4975.78 9785.34 7834.36 
9110.58 8432.91 2657.13 8707.17 5148.4 
4855.27 7219.73 5087.23 9137.33 5288.69 
7969.55 9349.13 9999.03 6700.06 2149.53 
7233.24 1284.08 3292.39 6490.48 2903.99 
7352.64 3534.47 7670.34 5336.55 5927.62 
2159.65 3853.59 7758.89 7135.43 3638.91 
5593.23 6245.99 2071.8 8250.36 4953.15 
7220.2 3105.61 2172.87 2307.41 2242.92 
7461.56 276.942 1592.04 7460.56 6977 
3741.57 4693.79 8261.08 7033.96 1184.26 
1165.05 4386.59 4718.73 8835.39 9723.14 
646.332 995.027 3576.71 8405.22 8130.46 
7215.63 3998.43 4376.43 9287.43 2248.77 
9329.58 6507.61 5354.38 1502.43 8815.03 
7597.3 8963.98 9091.97 9189.34 6424.53 
6068.95 2930.9 1118.3 4330.02 9964.86 
2302.56 5495.07 4351.43 7021.29 4330.45 
4074.56 7667.62 5325.48 7651.27 6072.82 
3455.91 4866.88 71.2298 7832.35 4154.29 
2320 7161.91 661.887 7674.38 8664.34 
9476.91 5271.66 7628.31 8568.86 4460.99 
4052.82 4637.8 7391.88 5171.13 8967.82 
7356.73 7473.69 4462.87 1708.14 4494.96 
8793.32 5782.7 2162.56 4118.78 3433.95 
8235.38 7574.7 8300.83 8306.61 5407.02 
2455.11 626.589 2568.92 3117 8300.97 
1233.24 2593.89 3572.62 8861.55 1162.74 
8033.6 2914.35 5800.54 5425.47 8085.48 
4768.34 2782.18 5559.15 9231.21 4490.32 
54.0864 8024.52 273.005 2216.64 2143.28 
3706.96 452.004 9717.98 2007.78 8758.61 
5124.98 4462.89 9385.2 7693.9 7579.88 
7686.15 8927.14 173.756 1258.75 7788.67 
1336.5 9292.35 703.009 7137.03 4717.81 
8788.49 1905.36 7499.99 4347.62 1136.55 
1990.29 4401.7 9161.07 2263.3 6618.35 
1304.34 5970.26 7070.35 1022.3 7978.04 
5828.94 6147.28 2440.9 5214.13 3841.17 
20.7674 2900.26 2768.29 194.524 4159.01 
556.95 1531.02 3451.34 1259.96 8668.05 
8169.15 48.429 573.395 5669.12 4396.05 
1709.95 7659.41 8797.75 871.003 9922.71 
5416.08 2175.34 5892.95 2486.41 3197.63 
3870.97 8315.36 9344.91 6311.87 3529.47 
3186.06 6332.64 6429.73 5954.36 6527.16 
588.715 6511.31 8058.18 4040.06 7771.26 
6726.22 2209.19 7819.69 7299.62 7878.31 
2215.72 9009.57 5537.7 1013.45 9880.57 
5460.4 6429.53 2055.89 1353.33 8915.95 
5253.52 5224.3 7231.29 4598.42 1536.16 
760.74 7784.48 7868.8 7190.47 3738.82 
4395.95 7779.18 250.11 2454.11 1819.22 
8021.37 9180.33 4028.41 5841.05 6479.93 
1906.7 8056.77 5489.48 7444.4 9070.23 
5370.03 2904.78 5499.74 7425.92 4258.11 
4415.68 2679.43 9482.41 1646.95 7277.85 
1018.55 2407.69 5062.32 8887.35 9598.15 
8801.14 3283.28 7377.32 9051.25 5737.4 
9196.54 7072.6 4917.71 3224.93 2913.64 
1397.63 5131.63 970.394 6887.11 2576.01 
40.6045 2257.13 5480.79 5540.35 9683.06 
9738.91 9956.02 2362.47 9221.3 1602.96 
9640.32 239.841 4010.64 4702.62 9127.19 
3608.78 3503.74 2410.46 986.078 2554.97 
8147.85 182.599 9627.58 3065.55 3407.53 
2541.2 4463.18 8539.16 3511.59 1350.28 
1115.15 3552.2 3607.41 6595.95 9092.54 
3290.45 6334.84 9048.55 5652.92 5556.12 
651.49 5293.22 5795.96 4662.13 9995.84 
4923.14 8270.91 3499.56 7333.6 9256.99 
6054.53 5481.44 9439.59 5682.09 8546.99 
2847.1 8223.29 3010.15 1386.24 1734.86 
4360.43 2501.39 5287.06 7967.84 9097.34 
4379.58 1258.27 5432.16 3428.12 6911.18 
988.263 4079.61 2204.39 6784.23 8741.74 
2200.21 1707.35 7012.64 5699.77 9040.95 
6269.61 1754.29 4522.37 5709.18 7436.38 
3069.34 8556.28 5659.65 6079.49 9942.52 
7394.51 439.898 2443.9 2681.55 8407.73 
1541.22 7061.13 9666 6973.38 489.237 
6577.17 7961.64 4568.85 8781.55 4745.85 
3310.57 981.743 6453.2 323.191 6681.51 
5494.13 6592.8 8435.8 16.4812 2301.97 
5872.16 3085.82 858.23 1531.79 9165.31 
800.734 8926.3 9605.21 3244.63 1607.83 
8012.92 4785.85 8668.97 7678.91 1759.21 
9158.2 4256.06 9720.84 3727.03 3037.59 
4466.67 7037.6 4019.33 919.854 7360.8 
700.831 6413.98 3953.58 9136.63 6430.47 
6255.55 5008.77 9516.28 7113.78 6540.56 
8681.58 7914.51 5466.84 8286.76 1159.12 
7074.68 6299.67 5944.97 5743.63 3978.56 
7704.17 4901.82 8234.61 7425 8628.85 
1272.19 1891.66 5666.44 5291.52 2811.51 
3027.22 5992.35 9225.5 6980.8 5128.96 
5655.94 3236.33 137.719 5172.21 350.085 
6678.28 3853.77 8264.59 2145.11 2140.52 
9423.72 9219.79 8440.18 5368.67 4963.4 
2418.72 3072.83 9865.21 653.319 497.811 
8494.04 1925.51 2389.47 4160.46 7217.03 
5200.98 7187.68 3209.36 4426.46 4168.46 
8338.33 82.3894 7404.78 8476.05 5254.6 
7754.87 5154.31 9108.37 6019.45 7299.42 
1248.87 5443.15 6519.19 9689.05 811.799 
1482.57 2107.76 3884.63 1347.77 2761.08 
4382.44 9841.81 4686.58 6771.91 4002.26 
1903.6 1972.87 1189.92 5112.96 6399.33 
5358.38 3451.27 6481.72 2763.15 1927.3 
1736.31 518 7081.61 844.661 6537.45 
4381.01 2093.53 1980.58 900.184 1782.57 
2792.38 2382.75 3890.32 6677 3730.52 
6651.4 1059.42 3572.31 1337.97 7831.33 
7574.57 3241.57 9804.2 8764.49 8354.53 
6203.51 4122.85 1805.78 2685.22 6886 
3733.08 4421.53 7404 814.671 5266.19 
3941.43 5195.68 7359.72 5922.01 6095.87 
9142.28 8714.38 8478.62 3032.59 5391.36 
2209.12 9684 6450.78 5781.43 1021.95 
4282.09 3355.98 4263.52 4086.27 2120.46 
2618.03 289.772 6243.31 4423.81 2974.99 
3129.29 8156.88 7396.52 533.273 8971.55 
2662.69 4474.7 4167.22 22.3917 396.691 
263.071 9164.67 9111.07 8741.69 2197.25 
4502.42 950.794 1881.23 953.188 6732.23 
2903.18 5235.28 88.1925 7166.7 9321.56 
2208.65 9784.72 9611.33 8451.96 4208.51 
2586.3 1581.23 2365.38 9982.82 2114.5 
1336.92 2645.5 6589.2 5504.14 2667.89 
6985.89 5767.21 1832.55 6096.95 4508.88 
4029.8 599.352 5459.68 5911.02 1552.54 
2191.89 8814.2 6787.82 2280.08 5980.88 
6109.36 4488.73 5765.59 5720.67 2940.67 
9974.1 8306.98 4521.89 2339.46 8289.78 
6636.39 3676.38 935.264 3225.58 9180.52 
3603.15 211.457 4947.71 5435.7 6308.41 
9456.6 9465.5 6907.76 4916.26 5376.51 
8460.3 7108.14 4190.69 5248.1 9388.22 
171.556 1357.45 3876.93 5937.14 7078.12 
6817.6 5911.23 5385.08 1339.48 8250.69 
3674.84 7975.87 1927.05 4610.11 1201.43 
1107.55 8213.26 1412.89 6055.27 3648.95 
7721.3 5511.84 3114.43 4629.04 428.085 
8490.94 3089.32 7536.23 2681.61 8337.43 
6924.44 2853.17 9694.87 801.354 8790.31 
6772.98 7618.95 4701.52 2158.04 8958.43 
2952.19 5832.88 6934.29 4879.24 442.974 
8135.72 5986.79 8656.24 9548.61 2042.04 
2305.17 7269.89 7553.89 5419.6 1898.92 
7981.97 3910.52 4988.24 5518.18 6592.13 
3325.65 2442.6 9445.3 3020.5 3243.96 
8235.59 9793.48 862.893 2937.09 1951.5 
9821.32 5889.28 7784.38 6755.59 768.502 
8227.35 4891.29 6755.29 6883.58 4439.89 
8797.34 9188.75 1709.76 6351.2 4608.33 
3608.68 4333.16 8518.85 8596.92 9851.34 
5110.96 1922.55 2293.92 4556.24 4943.05 
5537.88 2791.82 4736.52 6400.77 5728.91 
6688.01 6222.08 1618.17 4472.38 2977.66 
2386.68 2699.71 7868.95 9141.97 9583.29 
2308.82 7939.29 8772.02 4018.59 4290.48 
3380.33 7627.27 8623.63 1899.16 6224.17 
8474.96 7010.12 8146.72 768.865 1566.35 
3089.75 6306.75 4358.17 7826.27 2707.5 
87.0638 4514.27 8929.58 1705.24 8986.64 
1907.22 4091.91 1686.34 9776.17 3233.87 
1269.61 2084.98 1173.14 41.6138 6103.56 
5463.62 3421.94 3730.81 4087.24 5321.1 
9954.98 2562.18 2331.21 8101.68 3331.04 
3897.56 1191.42 9637.79 8255.73 9017.69 
2345.27 8342.79 3531.94 1274.84 48.0152 
2518.56 3182.06 4139.93 4204.9 2958.22 
7373.8 5474.52 5043.2 8546.94 5516.13 
1146.74 4010.54 8938.07 4877.56 8097.78 
4259.16 4832.52 659.942 6590.37 2934.19 
3990.99 487.913 4125.61 3628.76 8743.64 
3143.28 5974.03 7086.42 6675.22 7248.87 
7134.44 9193.78 430.915 1274.35 3398.67 
3389.13 8648.15 8873.18 8432.33 7195.07 
4389.3 9579.07 1205.6 3327.35 4456.61 
9303.38 7586.51 9289.13 9963.32 4176.87 
2223.3 3954.29 4664.78 6348.91 7583.05 
3408.41 9492.19 3557.06 494.81 6167.39 
805.916 7629.25 5361.15 1236.83 8903.59 
8759.82 4625.96 7551.73 7632.98 3058.27 
4746.78 2022.26 2637.33 5952.38 5349.62 
7093.94 5255.74 2936.11 6383.05 5219.04 
7112.98 8606.35 9173.33 1777.74 4955.24 
6756.36 5186.15 4447.41 313.408 5680.96 
614.784 1119.32 3310.19 5975.94 2356.15 
2213.77 4735.73 6982.12 9765.49 2368.7 
40.373 4512.25 4390.97 2677.7 464.615 
9740.58 9771.63 5720.35 2676.68 6154.67 
939.38 9789.66 4761 112.695 1567.39 
9716.24 6869.06 6753.53 4163.64 7182.47 
2434.48 4778.43 8301.79 5744.66 754.344 
657.927 7958.43 5490.08 7640.04 7723.9 
7858.78 7680.42 2236.14 2249.73 358.098 
2700.76 1990.29 129.715 8421.11 4666.97 
6284.38 9360.49 4456.62 1045.36 9473.18 
6024 761.591 6342.23 2777.52 4925.23 
3524.67 5212 9703.66 1826.45 956.643 
457.985 2484.37 8915.07 5948.06 124.4 
6638.96 3806.83 7804.82 8875.1 6056.55 
8162.91 1575.84 8046.85 8292.63 9996.95 
2713.8 4576.99 9357.42 7170.42 5622.36 
8830.59 3194.4 6383.95 5172.8 5971.92 
1309.16 8697.47 1183.9 1012.81 523.901 
2140.54 1470.79 3008.27 1055.6 7418.86 
3132.67 7694.56 1225.67 937.473 6569.64 
7282.22 9100.39 8145.48 5329.05 7393 
8142.42 8042.85 1969.98 7499.82 5213.26 
7592.33 6330.39 8407.66 3976.27 1503.17 
4379.57 5285.43 200.625 5563.47 6298.24 
724.526 7704.01 7769.03 3732.8 8759.61 
5187.87 6865.47 6454.16 6413.53 7802.94 
3023.78 3695.74 6903.32 1169.25 9024.79 
4296.3 9311.66 7067.63 6266.28 6811.47 
2280.87 3858.59 3141.84 688.513 7834.86 
4645.01 5068.08 3120.28 4845.63 631.531 
9418.51 5570.16 8335.54 7187.53 9302.96 
7095.14 2375.38 6168.41 3549.28 8788.91 
3971.34 6573.06 2484.63 874.641 7742.31 
1509.41 5170.94 7053.96 8577.03 1437.2 
3865.41 857.884 5295.79 7007.24 1546.4 
3130.64 1652.24 6614.48 6250.91 6497.87 
7246.01 5669.41 2068.02 5581.53 2856.92 
1370.96 2676.66 5232.3 7539.37 6225.93 
4021.19 1510.7 2798.97 6505.83 2385.34 
541.266 8015.23 7556.28 7595.22 6592.25 
8993.48 1460.61 7450.13 4289.25 8467.85 
8996.53 7419.89 120.075 5610.99 3670.78 
6617.95 2856.98 9340.19 8685.96 8438.51 
2197.09 56.9051 1115.15 7429.38 7596.28 
7341.08 1450.56 9106.98 140.038 7956.38 
1492.3 681.304 5971.6 9048.58 8276.53 
2563.83 8042.04 9737.13 13.9452 2331.27 
8204.97 9010.47 9751.16 8325.05 4621.44 
3421.92 4942.98 7478.42 2762.09 3628.92 
5916.92 4959.18 3685.83 7032.06 2388.55 
1282.09 4373.13 3839.11 389.049 4513.17 
1795.48 1881.35 5194.47 7767.08 929.906 
3470.98 330.89 8971.94 3208.1 344.835 
1303.2 1413.05 9355.31 1054.34 9738.1 
3976.73 4476.27 4681.06 1455.14 7238.36 
8309.98 7372.05 2197.53 1995.79 4404.1 
4586.08 3277.88 8777.23 8425.18 3666.93 
3290.38 220.642 5548.28 8484.85 7987.72 
6478.18 1955.81 8318.61 5450.11 5163.91 
8663.44 6753.31 6576.96 8018.73 7807.65 
6315.04 1995.45 2283.9 996.084 3450.59 
9522.26 9306.07 822.625 1719.77 1301.84 
5226.73 6305.84 4579.72 4003.94 4731.01 
8246.65 7294.32 4951.65 3794.91 5779.15 
2939.35 273.08 7734.97 1257.94 5723.19 
2898.86 9921.39 2476.48 9475.83 7940.1 
284.114 5790.85 9935.55 2568.01 6786.94 
3386.13 2090.25 6092.98 4208.75 3810.02 
7394.82 9435.48 115.847 1974.53 3439.4 
4846.86 221.166 733.703 9798.51 4016.08 
6512.86 2737.84 4289.16 4247.81 3995.79 
12.3315 7146.67 3917.16 2488.81 6622.48 
1857.24 2772.93 2413.31 1792.78 5340.94 
9200.25 5178.9 7431.19 5293.22 9387.65 
1241.2 2688.02 8823.11 1357.04 4662.55 
2262.5 6203.9 4883.72 2996.2 6002.39 
8899.8 9509.06 8740.23 3188.94 3756.85 
2736 3201.27 903.504 6653.15 5690.08 
7525.98 8510.39 8463.01 9939.3 303.155 
3803.93 9139.53 5482.06 1235.11 4432.73 
4869.69 2476.3 7120.75 3692.79 3833.35 
1783.29 5955.29 37.2272 6667.01 8951.49 
6039.61 5566.79 8460.53 4779.83 8755.73 
2217.36 7515.83 1956.98 3120.87 4168.96 
7647.07 646.835 2679.34 6110.06 586.114 
2982.5 9914 9725.64 8464.56 1149.09 
4158.35 3334.23 3625.39 1279.09 7027.03 
7458.74 3062.37 2982.3 7495.96 9729.38 
1933.77 3535.56 5296.15 394.286 8315.39 
4051.87 2611.65 5831.2 6008.85 5732.52 
0.149454 3655.9 6379.35 2679.49 9765.97 
6965.47 5661.99 9679.95 6691.09 4126.53 
829.015 849.429 7460.76 4454.41 2128.52 
4487.77 1913.13 5190.89 7470.07 9409.09 
4920.25 9403.84 2944.64 216.39 9798.13 
1260.01 4268.26 2409.76 7091.21 277.09 
8142.28 7091.36 3932.99 4521.62 9770.85 
3698.94 1487.07 5432.83 3378.87 8178.17 
9559.36 4207.89 9027.59 7020.1 8662.29 
1156.09 1507.86 575.401 6346.98 8977.93 
9984.49 1267.22 8381.75 2929.11 1483.61 
8179.86 4189.12 5751.87 589.61 1280.31 
6028.96 8731.89 8371.67 9961.95 3253.5 
8142.51 3660.87 4740.57 3575.32 7039.74 
2918.72 3134.66 1247.61 1946.3 154.742 
9909.9 3102.39 1662.6 485.287 9449.37 
640.509 469.761 716.572 9022.26 3398.87 
2200.18 7202.11 7587.99 7952.05 7791.72 
8868.3 3980.99 6523.59 7239.96 3942.92 
9777.09 5382.45 7603.79 4517.64 8957.77 
4643.52 7436.36 2092.41 5891.13 9382.65 
2247.15 5801.01 2485.02 3909.75 6286.3 
1934.38 4550.26 6756.06 2650.95 3572.5 
154.916 4851.13 774.593 7742.91 2803.16 
8566.31 6611.19 6784.15 5089.89 3851.13 
727.046 4866.96 9233.58 8330.83 9384.6 
8191.33 2974.33 6820.94 283.722 8865.46 
6203.58 2530.87 4666.46 8688.61 6440.62 
952.742 622.967 990.859 7708.8 3273.92 
4563.36 7863.72 8125.05 5337.95 5606.61 
928.193 3904.25 2217.78 7712.34 8994.14 
6068.91 8439.39 3861.08 5302.47 6770.2 
3245.67 3493.79 9744.54 66.5936 3777.51 
8609.98 6270.17 6308.38 3276.42 4958.76 
2748.98 4229.16 5581.73 3739.84 1937.95 
8855.65 8303.2 9801.67 6980.68 3641.14 
5408.26 7908.87 7545.39 7626.04 5621.19 
6539.51 3694.93 4060.56 400.575 8997.41 
830.747 3646.24 2491.18 575.267 3712.83 
6268.69 9185.25 9983.01 2577.05 2461.65 
4941.76 5326.04 6690.81 523.468 9065.88 
8628.76 9379.12 7369.07 8430.41 6359.78 
1010.19 3838.65 4268.63 8555.58 1464.67 
9889.82 5095.08 5159.61 3950.37 5495.65 
4157 4781.12 9141.9 6648.18 5356.38 
2854.71 2916.85 4541.61 2837.71 5493.9 
7003.26 7779.46 819.927 3694.06 8302.93 
9885.81 2322.8 7682.03 7254.86 753.197 
4041.79 8265.06 4591.85 8310.42 6820.62 
6056.52 8200.22 1915.69 1216.11 2150.58 
7411.34 5373.11 6931.69 6553.22 2021.27 
2288.06 9407.93 4938.12 6829.67 2245.62 
432.008 3832.91 25.0703 1251.93 7526.97 
8328 1137.73 9849.77 6010.01 8392.59 
602.953 51.7843 6657.63 5194.8 8362.2 
3478.23 1251.31 6562.41 5393.92 2467.43 
8712.99 2805.25 7840.54 5644.66 9358.47 
9861.81 7932.72 8766.38 4799.91 4762.37 
1011.99 5231.92 8595.28 1037.06 6483.85 
6122.24 9365.06 7621.58 5971.99 5375.06 
6014.15 6574.95 5426.84 2671.76 1769.73 
3789.03 6149.99 3021.04 351.422 1543.9 
5488.47 9064.41 4349.14 3328.99 4709.05 
3707.59 3190.78 2641.75 2473.96 7990.69 
7404.12 3485.95 3222.59 5999.38 4523.01 
9706.45 2121.6 3888.06 7328.01 8093.59 
9263.12 3342.14 4668.52 4689.94 6013.9 
6438.25 8478.97 2163.88 9459.3 8830.4 
3707.78 4947.75 7894.79 8056.92 8276.74 
2603.82 1764.49 1467.5 5245.57 4238.45 
9458.2 2649.67 7724.4 2680.77 8649.06 
2247.4 2387.21 770.644 6135.46 9715.22 
8864.24 5398.56 3057.34 3532.74 88.4859 
9071.25 9971 8567.46 1235.11 9430.28 
7397.84 4942.88 4378.01 5292.61 2999.79 
2654.74 7896.43 4764.28 4122.24 3141.98 
9002.74 3580.42 5791.66 6727.12 6261.2 
4440.7 8974.52 8648.4 5211.34 5109.96 
8363.6 4075.56 508.506 1420.93 7608.31 
596.992 492.158 7579.29 9164.45 1727.27 
7009.56 6562.27 6670.15 1387.55 1854.86 
9669.94 4042.29 9751.29 4434.2 8164.53 
2893.26 3436.92 1744.94 8684.92 164.031 
8006.14 3125.6 9138.55 6654.53 8336.94 
4248.5 5018.11 2412.49 4757.01 6439.04 
20.7794 5354 6931.2 7600.07 4518.43 
8658.47 4609.61 1080.69 5328.6 5997.16 
2935.55 4998.52 39.4377 2686.83 9432.73 
8203.97 5580.09 2869.64 9948.91 4264.99 
3033.67 7955.03 7390.59 2172.2 4609.54 
5727.51 6420.71 9627.65 8140 1177.7 
6066.68 8160.78 6531.7 2997.86 5760.83 
1050.12 1656.31 370.423 2130.81 6984.91 
6367.59 5066.36 1983.42 6407.02 7753.19 
1416.13 4610.98 3333.26 4285.76 4559.87 
7598.25 7319.43 2514.89 4988.81 9491.63 
7124.43 716.307 5912.32 6752.07 8856.3 
7090.02 2818.73 7017.06 3621.7 5816.59 
2777.87 4671.82 7472.9 3148.3 6802.62 
4457.79 9515.88 1868.97 6441.21 5922.89 
9622.15 7857.34 533.851 2955.4 2143.08 
5093.72 553.626 9462.51 7608.61 5542.44 
8954.13 4733.03 6258.75 4866.44 1485.07 
5115.03 1956.44 4303.8 2132.08 5578.14 
120.371 4909.95 249.945 7593.27 8058.25 
7052.57 2051.04 7574.11 8921.54 8492.25 
3496.99 8543.67 6349.57 4030.84 1499.05 
8492.66 9124.56 2052.68 7955.15 6733.16 
7595.12 6909.26 1466.17 3853.85 1775.68 
2951.24 8968.89 3732.12 7255.04 1100.95 
9310.27 7375.41 6010.9 9560.21 4968.66 
4069.13 6612.76 7019.71 1643.23 5534.28 
5511.95 5140.21 4077.94 1861.5 9171.05 
5576.99 354.142 8295.6 7629.67 8309.29 
5028.74 5224.77 5218.54 6494.91 9078.63 
6994.22 9446.15 8047.5 726.328 6701.17 
9148.44 36.5761 4076.57 5159.33 9596.79 
9045.23 9228.46 6209.53 6064.93 871.668 
1743.8 1576.85 6011.88 5821.73 3438.36 
5182.92 1398.71 3792.5 3478.5 9028.38 
2101.78 8507.24 4253.13 7320.32 5002.13 
3331.74 4314.52 4448.26 1379.22 5040.85 
1149.41 527.649 5077.43 5225.98 5686.97 
4674.2 4271.2 4915.41 883.709 336.106 
5787.08 2627.5 1912.96 1798.95 8449.24 
5351.32 6981.87 9847.94 9143.82 460.348 
8876.3 1245.57 8967.59 3129.42 8565.89 
3969.7 6461.16 2880.4 8417.96 7840.38 
7921.25 9567.37 8368.03 2998.66 4793.34 
4054.99 7672.85 9064.53 8970.4 8556.56 
9400.64 4757.47 1184.05 1313.58 6556.42 
9633.28 6664.9 3538.27 9481.21 5808.7 
3998.61 8357.49 7054.27 2966.18 1486.89 
5620.15 6935.88 7948.06 8500.54 5353.82 
5788.42 6421.77 4921.18 4156.43 9420.43 
9714.51 8211.42 7093.26 8779.03 7181.81 
