2000 2
15010.337228 117.806814 
14424.436163 126.108238 
14044.746493 393.786494 
13747.093235 791.794556 
13334.133575 2088.053141 
13069.703579 2263.615559 
12945.364282 2649.026639 
1471.438345 16858.403489 
11084.400425 3289.291794 
4648.206098 14743.142065 
9584.441034 4684.412039 
9178.533059 6787.869621 
9128.639542 7457.316905 
8961.764199 7721.735457 
8437.497269 8907.227526 
6274.227346 8942.761067 
6017.492561 10033.586774 
5985.322243 10266.530482 
5773.192211 11611.047732 
5694.356075 12406.324926 
5560.416256 12533.178313 
5426.120014 12993.728976 
5157.056181 13180.885008 
4971.071265 13363.354484 
4947.507753 13418.050913 
4705.829781 13891.020532 
10337.809005 4132.410715 
4529.210902 16678.936588 
11882.743966 3087.047522 
1321.296708 17945.727332 
1170.025616 18000.184728 
1005.965143 18153.518564 
924.181418 18239.446362 
809.053465 18380.417973 
434.841098 18811.160795 
42.634785 19383.048462 
42114.475242 21122.690646 
40784.553203 22970.373078 
40719.114122 23097.459448 
39426.338854 23111.365505 
39307.780171 23181.410738 
39114.655855 23536.280824 
38399.631814 23608.353595 
27997.084185 35206.896970 
37909.139479 24925.076075 
28188.352830 33506.378167 
36180.146782 27601.577504 
35706.181490 27690.451745 
35318.352585 28243.463843 
35112.471017 28835.457914 
35010.320952 29145.751893 
34797.580588 29171.236304 
34593.798698 29517.882245 
34346.621376 29532.718464 
34187.698531 30081.717207 
33642.121613 30312.160404 
32956.363262 30652.169655 
32520.416452 30689.837554 
32156.696552 31178.989576 
32011.814198 31406.168903 
31821.585136 31918.238016 
28799.772382 33505.988486 
36816.058062 25009.969243 
28005.000495 33955.786823 
38210.355064 23662.570324 
26969.967225 36110.022803 
23771.865953 36476.567174 
22934.847241 36585.092326 
19016.422822 36637.053493 
17315.269151 36784.055003 
17104.962770 37284.296881 
16046.694265 37510.483860 
58075.596939 37695.561506 
58058.570009 38301.094715 
56856.984136 38478.838851 
56649.070017 39001.336545 
56139.078773 39265.475951 
53931.976678 40346.856287 
53789.905924 40680.617106 
45403.503337 51281.472608 
53421.002494 41539.293838 
45686.310345 50975.113033 
52624.732342 42255.896046 
52382.021965 42295.181592 
52158.365962 43246.318190 
51743.601577 43298.804521 
51629.546392 43599.683092 
50870.732669 43726.849827 
50793.088095 44355.221959 
50327.231081 44398.359614 
49933.400857 44771.612751 
49837.711595 45114.481179 
49810.311879 45925.371137 
49636.237750 46503.293877 
47761.517016 46553.104734 
47210.417618 46654.188695 
46809.871733 46996.324408 
46535.974475 49784.970210 
53153.200606 41624.720754 
45571.259569 51257.623563 
53664.633980 41080.393326 
45212.595141 51652.570797 
44831.475936 52160.699634 
44166.044956 52384.209874 
43750.221901 54327.469674 
43659.866358 54466.417701 
43065.272856 55017.463287 
42838.372517 55618.376752 
73817.659354 57175.840702 
73726.489936 58210.309506 
73340.700239 58479.311464 
73096.635172 58501.355288 
71797.033582 59577.131621 
71432.548007 60802.151401 
70994.607452 61358.814693 
60050.571063 71573.788664 
70024.119013 62368.337576 
62042.555382 71477.037438 
68432.407705 62958.940624 
67870.591478 63568.160187 
67858.353198 63916.499645 
67776.289352 64238.113231 
67588.499854 64561.376641 
67567.028755 64877.101544 
67552.361900 65233.105279 
67475.292269 65696.666155 
67416.755885 65805.550014 
66330.486109 65902.178217 
66142.839582 66367.488133 
65737.680640 67516.792868 
65496.842927 68652.583551 
62617.608225 70216.707842 
62440.778898 70808.588751 
62172.635642 71452.953621 
68475.555627 62798.120194 
61200.217516 71560.075733 
70814.104234 61750.366505 
59928.595333 71907.162027 
59720.425819 73140.212558 
59331.541576 73725.810057 
59058.561173 73809.780813 
58899.341601 74725.172810 
58781.791843 74890.759226 
58103.719294 74966.711747 
91893.667429 75004.019630 
91366.379771 75069.316043 
91272.280177 75210.856614 
91087.786929 76707.920127 
90730.815664 76794.203205 
89779.728901 78268.790202 
89498.740210 79911.773557 
79332.128103 91057.403745 
88624.725993 80185.934184 
79951.310432 90070.222456 
87997.126457 81025.350876 
87614.020121 81071.574716 
87529.526789 81095.710431 
87415.674373 81824.140553 
87332.263569 83070.661164 
86091.227841 83382.378003 
85811.928318 83550.932594 
85360.148218 84818.533608 
85151.061146 85242.039672 
83286.142979 86385.009255 
83255.975095 86574.771296 
82470.009945 87387.137151 
82261.727176 88253.429243 
81267.864185 88599.359642 
80222.267435 89511.141777 
80134.910663 89926.493908 
88042.649995 80528.466180 
79767.526944 90748.051904 
89113.909042 80062.000814 
76679.606488 91066.692415 
76214.303265 91263.151190 
76143.007320 91759.230457 
75927.133694 91831.806628 
74732.796539 92236.503154 
74232.416614 93107.440875 
73853.265023 93311.306106 
112957.263390 93409.187725 
112408.149330 94711.821359 
112401.365340 94779.898337 
112195.066069 94907.071690 
111721.774721 95015.231407 
111572.849669 95186.886445 
111007.767023 96199.637995 
99858.505210 102857.539583 
110605.872287 97332.443465 
100291.944132 102627.281269 
107995.258005 97748.781993 
107685.172494 97770.481535 
107520.177879 97907.001977 
106760.958556 97935.387048 
106730.922746 98835.414122 
106096.264825 99045.735409 
105309.259688 99196.946300 
104923.454150 99816.443390 
104479.470799 99866.791616 
103889.513311 100213.945360 
103235.203995 100245.173095 
102548.151345 100306.653793 
102136.651218 101152.376660 
101816.712689 101441.888395 
100670.814218 101549.461027 
100508.228300 101727.109319 
108473.633278 97747.394409 
100120.674869 102632.477397 
110606.569545 96964.915286 
99778.977555 103425.014415 
99426.078165 103552.858331 
98367.827286 103927.984000 
97869.846079 104294.082917 
93094.133954 104738.371056 
92870.374928 104795.944890 
92141.679602 106470.798951 
127737.556801 106480.530070 
127197.609079 106880.087880 
126723.011667 106931.978490 
126104.906444 106969.081182 
125988.787628 107355.161169 
125325.012464 107907.638428 
124899.561937 108050.284490 
116985.012836 120148.765071 
123195.712365 109008.623728 
117098.591028 119882.297039 
122186.967415 109107.622445 
121851.651488 109629.526600 
121420.018169 110413.747303 
120270.844937 111260.192579 
119857.425363 111424.212007 
119348.043503 113663.456418 
118959.647276 113714.776665 
118584.240741 114252.767307 
118469.524821 115054.048646 
118418.304401 116000.061711 
118333.824814 117319.117722 
118315.709853 117323.458569 
118194.663655 117329.712606 
117514.978206 118301.421890 
117508.738689 119599.126251 
117333.165146 119652.280398 
122860.825618 109037.137219 
117062.032848 120078.266878 
124685.649607 108691.022335 
116576.908870 120433.090166 
116139.347489 120675.817599 
115942.301161 120799.626140 
115865.283898 121630.602159 
115282.621948 121691.226110 
114529.619628 123455.186991 
114387.484292 123797.615502 
149851.050859 125486.383868 
149400.843828 126232.665586 
148599.392600 126526.425932 
148259.070067 126864.239458 
148021.254291 127301.013981 
147700.988962 127310.888520 
145879.220817 129055.983944 
134068.539662 138300.572960 
144900.298913 130343.673629 
134959.998660 136674.010747 
144350.566460 130981.964277 
144132.766782 131154.999752 
143359.710889 131606.947487 
142997.344026 131609.252341 
140656.057147 132140.099586 
139376.170257 132468.971980 
139339.606860 133426.883705 
138984.909009 133505.487531 
138870.927892 133858.385877 
138433.578906 134141.772189 
137596.322518 134196.075502 
137433.875871 134761.078525 
136667.957770 135226.169543 
136627.016892 135412.401508 
136399.575178 135618.814975 
135422.434075 136439.462962 
144550.311630 130441.815082 
134843.127476 137545.843948 
145809.708338 130120.595082 
133468.638392 138601.318696 
132761.764988 138622.169690 
132311.726431 138748.607597 
131888.820275 139839.159187 
131394.673489 140633.035885 
130468.989709 141059.067704 
128448.966076 141260.416460 
165241.298838 141808.372497 
164964.222003 141976.719143 
164207.228502 142491.188381 
164157.276105 142889.223133 
163824.115735 144102.855669 
163779.782522 144678.479386 
163352.753326 145318.018828 
151622.835784 154200.503184 
162893.304959 146124.578282 
153532.883473 153983.482039 
161593.778917 146431.630094 
160409.908051 146802.029178 
160266.759841 147022.468345 
160056.457457 147244.913176 
159011.477839 147430.702003 
158690.878911 147657.411012 
157822.813433 147759.217905 
157551.140085 148823.038245 
157333.076091 149470.730030 
156923.519100 149894.988279 
156760.634573 149898.413736 
156714.619322 150032.037530 
156458.470598 150743.741411 
155580.180009 151080.057845 
154162.996561 151729.534280 
153724.935395 152681.522423 
162141.360354 146283.510824 
153202.813759 154025.777999 
163118.374398 145461.506429 
150843.280938 156122.805864 
150810.939797 156123.034008 
150784.558319 156615.398379 
150765.674717 157581.371029 
150592.351791 157588.165311 
150456.598562 157834.461036 
150184.087168 159057.422975 
180398.893159 159234.206907 
180136.574392 159435.828184 
179381.266170 160077.277989 
179353.210672 160239.904863 
178894.944768 160479.726881 
177761.899967 161082.083991 
176819.581583 162077.445245 
168107.977689 176248.484347 
176143.366409 162325.825219 
168798.803245 174058.999012 
175385.154265 164456.757930 
174958.914096 164668.708100 
174841.900400 165010.100143 
174833.797821 166138.961803 
173993.985493 166569.973742 
173813.547786 167037.197199 
173587.825538 167205.760477 
173210.950244 168062.546259 
172683.035390 169694.108015 
172538.817085 170224.619383 
171931.395943 170550.207890 
171575.469653 171300.486514 
170706.435699 171762.477189 
170513.314951 172547.964600 
170107.031044 172838.610753 
169750.675354 172936.024937 
175573.903955 162700.532368 
168254.847370 175607.681289 
176417.502995 162297.162732 
167871.129830 176290.478446 
167529.567444 176542.715472 
167071.818300 177110.385391 
166856.939532 177151.327941 
166212.897667 177303.932326 
165695.183051 177723.782505 
165673.337929 177744.806551 
199018.805292 177799.331681 
198784.030506 178553.425147 
198554.207007 178596.925293 
198393.329569 178710.956806 
197961.627759 179176.526918 
196968.566513 179263.313468 
196921.334639 179651.674075 
183371.960666 190494.841667 
196163.285739 180962.262164 
184080.200567 190438.824591 
195299.274499 181835.067299 
194411.353216 183433.556573 
193942.450679 184072.756182 
193788.117167 184159.716685 
193002.343064 184302.329111 
191420.280706 184328.521828 
191187.678495 184671.539750 
190837.089826 186092.704059 
190730.289241 186348.395326 
190397.993779 187229.465523 
188473.660021 187554.403718 
187964.918110 188095.228854 
187389.726196 188302.394736 
185960.470124 189725.546623 
185917.996814 190162.399393 
184885.526565 190348.866632 
195799.240644 181572.358274 
183690.591476 190474.107147 
196427.314729 180312.389161 
182949.021231 192102.722810 
182619.213363 192513.613456 
182583.064792 193617.489037 
182569.637875 194845.761773 
181839.976822 196317.258997 
181445.897667 196365.206554 
181218.524119 196559.022770 
214554.210760 197390.997650 
214165.002029 197589.433816 
214146.374311 198736.232258 
213906.240946 199369.349625 
213702.439533 199508.165530 
212239.015127 199845.394530 
211389.107254 199857.296864 
201587.570389 214255.393090 
211205.752312 200684.555792 
202348.656288 212726.685729 
209987.159134 201938.327218 
209937.962249 202214.110197 
209544.847336 202836.889609 
209362.517139 203002.743746 
208859.764077 205316.691766 
208332.474267 206282.006437 
208191.917998 206908.137616 
208190.781677 207416.844266 
207802.008153 207768.512945 
207592.022416 208820.837864 
207416.948334 211334.945924 
206775.531859 211460.394752 
206724.717679 211622.440353 
206110.001127 211807.908644 
204448.145125 212027.926487 
202414.682563 212310.649781 
210139.834186 201627.887270 
202148.643653 213624.201674 
211220.116374 199995.058912 
201485.588071 214332.594116 
200740.830334 214774.631687 
200694.741463 214831.473200 
200073.237357 215167.259332 
199941.693609 215438.042421 
199455.378584 215556.966375 
199441.954244 216277.186539 
232115.443370 219269.609117 
230883.383502 219271.445163 
230159.330340 219773.698297 
229932.082601 219813.349240 
229682.793241 220233.883213 
228690.650932 221222.576876 
227762.741802 221322.442961 
219444.866683 231070.290512 
227376.523608 222264.559399 
221306.453716 230760.629688 
226607.966945 224354.853577 
226498.841439 225000.194175 
226319.219700 225147.650322 
226153.873174 225664.175892 
226095.960223 225800.005815 
225907.896618 226341.777121 
225389.793080 226631.112970 
224913.736913 227121.643737 
224633.972289 227286.599587 
224363.289781 227291.297128 
223922.011393 227320.102356 
223857.850334 227530.251261 
223733.316897 228444.203142 
223358.389635 228619.324584 
222378.658109 229940.138090 
221498.778822 230253.234909 
227323.089321 223249.607123 
219815.884306 230915.274412 
227595.194003 221977.240201 
219358.430271 231199.828172 
218709.231534 232866.866534 
218236.911835 233092.465118 
217348.687103 233792.609036 
216186.316158 234549.768894 
215322.502933 235623.755976 
214682.185719 236092.633940 
253102.562898 236232.178259 
253027.799175 236746.655881 
252507.407306 237743.903500 
252470.292703 238089.487986 
252300.869955 238417.772591 
252222.395627 239109.891492 
251198.486142 239838.162776 
238774.151444 251173.030868 
250641.029338 240609.699977 
239751.597921 249442.025100 
250541.031659 241177.765854 
250460.148152 241396.372921 
250322.916810 242731.868018 
248772.296096 243145.269858 
248326.136688 243783.544454 
248202.643500 243983.970707 
248070.354262 245327.259968 
247770.822770 245982.064823 
247660.575836 246654.205789 
246328.843804 247002.631156 
245336.314678 247454.734316 
244042.160951 248076.203431 
242494.316781 248463.132228 
241033.845659 248781.466787 
240014.232188 248881.379915 
239860.230080 248885.679941 
250632.603409 240899.711501 
239694.640375 249968.407452 
251195.599981 240381.820219 
238562.171259 251557.054808 
238004.476695 252130.164488 
237320.209852 252347.366799 
236988.433143 253215.159824 
236971.815554 254159.626576 
236534.603725 254320.257276 
235483.145470 254858.553988 
271361.749869 255698.633784 
271224.371197 255867.720686 
270568.983097 256033.731607 
270524.780725 256821.978490 
269766.203401 257715.719224 
269241.946091 257854.909767 
268591.181757 257926.619190 
255979.651884 266927.436511 
267685.688524 258569.127234 
256106.182489 266430.915308 
265481.655995 258867.918274 
264255.174689 259478.523024 
263961.556672 259625.371403 
263615.109775 259781.878275 
261725.261876 260477.711779 
261653.051144 260654.991867 
261355.124075 261021.666020 
261014.391691 261873.416086 
260901.565802 263103.585446 
260059.718253 263323.716879 
259395.686493 263411.143173 
258492.041976 263512.818153 
258413.394718 264180.058879 
257589.278199 264989.524563 
257310.874645 265413.236734 
256460.890150 266254.549029 
267232.420732 258850.037732 
256036.863482 266767.803118 
267929.731277 258471.903886 
255891.980714 267120.086464 
255822.428554 267246.630679 
255784.923697 267323.575601 
254705.154009 268019.606477 
254020.291823 268891.058316 
253966.683254 268979.146212 
253298.519115 269105.164502 
295152.325242 270443.122668 
295099.224236 271023.114666 
295018.984806 271404.610602 
294305.574328 271999.756596 
293850.464935 272690.786993 
293461.703167 273853.942082 
293362.119661 274668.035471 
277226.712850 290363.534162 
291380.603012 274803.686979 
278843.308282 288455.931649 
289807.394983 276582.974390 
289578.984978 276937.352509 
287329.553938 277143.718628 
286352.170598 278526.986444 
285525.961379 279956.373987 
285468.391984 280085.967746 
285353.139018 280648.120976 
284956.700047 281277.706468 
284399.750121 281678.639796 
283051.282434 282629.459275 
282967.129509 283278.247253 
282917.245653 283475.301549 
281962.930009 284511.768828 
281503.614472 286114.934867 
280135.622693 286206.462521 
279490.781021 286909.177141 
290056.669368 276436.219901 
277744.222012 289236.408562 
292695.903920 274671.423423 
276291.606392 290858.709407 
276204.537780 291348.767600 
274647.434013 291624.912209 
274074.844375 291804.484796 
273956.995428 292912.179700 
272714.195129 293589.163915 
271573.255916 294247.840621 
311426.112836 294439.212649 
311246.388812 295188.347063 
310276.550795 295386.600212 
309842.990510 295670.501096 
309139.063160 295984.874835 
309079.842135 296104.337155 
308005.837356 296588.042221 
300188.306988 307787.691471 
307501.599494 297415.692090 
300810.302425 306134.980860 
307333.488362 299224.006757 
307224.474550 299260.373590 
305561.005928 299927.413912 
305469.451067 300017.198658 
305430.043397 300416.050226 
305423.212683 301027.187488 
305414.198789 301084.584651 
305381.865069 301583.004263 
304549.231616 302329.680779 
303600.281777 302951.733277 
303432.777024 304374.776031 
303142.926971 304699.059849 
302650.853993 304799.577718 
302087.035470 305297.572956 
301553.867404 305357.813515 
301061.856273 305433.093638 
307449.536473 298393.217290 
300203.410378 306907.699315 
307860.804568 296902.171262 
299675.910917 308228.448984 
299604.372421 308552.321778 
299216.905493 308708.395357 
298325.668528 309149.298567 
297494.879874 309302.046134 
297421.878560 309470.414022 
297369.927827 309537.931383 
331124.342828 309557.614966 
331024.032483 309813.116432 
330529.023372 310026.652733 
330095.666482 310173.985299 
329693.048898 310275.516675 
329559.446336 310524.378617 
328849.000321 310665.743007 
318716.453011 324092.220620 
328772.605938 311249.013884 
320060.418077 323312.489036 
328233.841954 312723.139416 
326962.780722 312898.571764 
326554.093180 313427.849419 
324995.219937 313822.498688 
324896.257535 314177.936673 
324010.650275 316178.870778 
323967.707574 316305.519239 
322804.561262 316668.740474 
322421.990567 316833.758349 
322400.120350 319741.022881 
321336.596365 320535.044851 
321014.950428 320561.684281 
320988.146411 320943.244542 
320609.843472 320981.347027 
320170.276326 322136.592142 
320060.915599 322218.387783 
328646.670083 312509.255600 
319855.314128 323683.077048 
328797.907122 310669.824311 
316610.302142 324881.835904 
314215.002581 325427.201285 
313268.120609 326898.066939 
312974.643869 327846.742847 
312945.341950 328699.734465 
312262.974245 328922.648325 
312021.145687 329331.189043 
354235.473753 329375.873758 
353442.551334 329693.187393 
353245.741987 330914.824702 
352964.559234 332233.949019 
352915.320676 332503.992245 
350730.997273 332653.699570 
349397.345422 332723.063049 
337706.225907 344633.657574 
347903.191879 333600.111913 
339137.766794 343736.043614 
347248.503972 334156.179326 
347138.300248 334334.711110 
347123.235736 335193.845449 
346766.576205 335324.973023 
346619.715949 336549.116188 
345355.055677 336554.387202 
344674.189265 337682.388055 
343370.614333 337820.931159 
342828.214200 338674.171449 
342357.859565 339327.563624 
342184.181113 339373.268373 
341972.195814 339581.867886 
341371.653947 339840.406949 
339838.650564 340106.617710 
339471.524276 341656.343404 
339364.794901 342336.590437 
347489.491949 333762.217956 
338785.318776 344017.765687 
348309.745465 333261.735330 
337621.479316 345319.220717 
336908.844837 346091.447587 
333670.036986 346285.105077 
333128.976684 346444.217495 
331547.161219 346555.907483 
331435.277971 346734.952321 
331357.532042 347372.855803 
370249.975761 347739.919244 
369843.022460 348340.850463 
369731.937468 348911.258206 
369409.653076 349097.905130 
369095.667775 349355.154231 
368955.778152 351136.887325 
368334.229181 351357.433936 
355353.371812 365737.338437 
367178.551436 351823.764870 
355641.726572 363683.222268 
366258.997680 354535.566131 
366233.442711 355442.596626 
365148.924649 355783.648270 
364992.743914 355921.009708 
364056.297009 356622.764937 
364036.067745 356697.386458 
363778.840582 356932.898509 
363510.599342 357950.144343 
362418.519445 358196.233810 
360830.056373 359122.762045 
360619.456144 359903.844349 
360369.573446 361539.307696 
360072.933999 362168.981514 
359707.535900 362196.696260 
359103.012302 362590.481919 
355950.145105 363446.184884 
366874.780773 353272.403748 
355376.096376 363727.891021 
367906.371157 351730.937355 
355166.934275 366004.242662 
355124.354650 366463.069869 
354599.652357 366589.531714 
354542.631840 366937.648232 
354505.277566 367891.473435 
354417.775758 367962.633567 
354315.757111 368379.915765 
391519.492461 368778.428250 
390792.973934 368889.185748 
390470.920031 369035.288147 
389986.381154 369859.648945 
389905.289294 370076.440912 
389637.363376 370116.630491 
389602.991514 370319.002394 
376657.350630 378155.379616 
388009.270717 370536.700340 
377472.221938 377742.395780 
387018.509314 371656.097309 
386807.058990 372013.007118 
385905.436006 372414.834844 
384449.982939 372821.721017 
384045.993245 372858.695149 
383668.308860 373033.174325 
383453.094613 373104.856553 
383395.108022 373244.418163 
382971.598545 373799.585361 
381473.694511 374378.953057 
380857.119081 374829.332445 
380386.862664 374939.367911 
380014.021069 375749.987450 
380000.122022 376005.410641 
379137.333543 376827.288594 
378425.720846 377155.026788 
387856.909996 370866.570613 
376990.426341 377870.079426 
388634.953975 370441.353154 
374440.670596 378469.050290 
373469.026043 378883.885654 
373396.024136 379555.348300 
372649.075288 379714.638005 
371685.284786 380244.662757 
371215.596149 380580.740719 
370804.786921 381008.864534 
411111.206522 381275.569048 
410436.205429 381896.783294 
410046.851855 382094.884800 
409211.169996 382101.190440 
409002.958716 382505.924557 
408725.902640 382583.772738 
408040.235705 382639.829789 
395939.795367 395842.216505 
407759.710556 384106.718369 
396560.429798 395123.620018 
405296.794469 387080.863712 
405219.598274 388431.817977 
405019.980154 388610.317325 
403748.617330 388622.221052 
403660.849458 389217.510808 
403260.517791 390549.800994 
402910.726030 390708.943341 
401381.025600 390937.362719 
401378.269133 391514.008482 
400762.172650 392793.347704 
400760.741501 393049.104003 
400604.148272 393334.214655 
400092.745271 393441.054264 
397319.846196 393756.321924 
397283.419694 394548.687078 
396945.550606 394886.091205 
406745.851218 386273.926752 
396213.157734 395735.390897 
407778.701322 383389.315558 
395263.586186 395866.769628 
394269.131273 396308.024878 
394262.310009 398057.888013 
394050.623389 398728.811835 
393723.448920 399315.978454 
393139.260036 400398.673104 
392923.154481 400732.020395 
425446.404209 401291.607682 
425058.814861 401392.635939 
425043.933400 401652.977098 
424784.684809 401769.021201 
424618.255456 402397.601994 
423902.839464 403636.913393 
423356.119224 404739.407176 
413872.078521 416088.406998 
422227.397004 405125.742594 
414408.450517 415028.071453 
421972.014482 406333.926851 
420371.420141 407486.165998 
419700.767397 407779.581561 
418990.354305 408630.579226 
418972.663384 409934.607135 
418872.773849 410244.599525 
418733.172639 410480.226541 
418540.188293 411041.486007 
418461.407384 411544.621916 
417470.652037 411897.049981 
416453.083356 412335.301550 
416196.927761 412585.437506 
415800.371865 412629.950864 
415717.442214 413951.510597 
414913.037774 414226.192095 
414596.851688 415019.938788 
422190.191230 405557.992667 
413875.896852 415149.255110 
422440.788591 405031.709864 
413264.525668 416714.763100 
413250.439988 417397.120187 
413055.468894 417553.738920 
412744.942485 418914.476933 
412490.428224 419204.011079 
412043.569901 419650.230625 
411766.622059 419670.823550 
439713.367121 419876.532803 
439238.626554 419884.705641 
438481.160613 420115.667307 
437987.867348 420615.983774 
437618.071183 421087.427720 
437097.977782 421525.905702 
436837.942038 421679.363883 
430928.793064 433754.002114 
436316.666890 426792.747816 
431413.734314 433136.378633 
435959.253737 427143.553276 
435853.691946 427683.474399 
435130.578628 427920.972268 
435125.969154 428148.467173 
435073.471872 429098.627288 
434163.210126 429413.415848 
434157.323987 430129.502911 
433621.424232 431200.258688 
433206.569660 431367.562620 
433040.965846 431470.339709 
432437.264337 431477.311407 
432239.360808 432107.124421 
432212.198573 432276.998120 
432001.654876 432448.790745 
431897.543681 432618.515723 
431568.108831 432647.145202 
436125.073687 427084.671750 
431299.133973 433275.545467 
436727.345326 424773.664493 
430309.807931 433792.014812 
430268.754651 435404.003023 
428306.158340 435633.521517 
427801.287102 435766.804768 
427093.546623 436228.808730 
426127.763278 437293.238951 
426041.174277 437540.018931 
456489.947319 437581.881418 
455559.369878 437978.036321 
454411.841354 438548.612745 
454193.165992 438635.937751 
454031.013581 438687.163251 
453472.977492 438757.291999 
452384.060668 438805.182259 
443140.681138 450163.579378 
451910.800650 439414.766585 
444946.625560 449551.701465 
451307.344807 440293.609308 
451241.839285 440358.120935 
450948.438596 442925.621976 
450323.424491 443163.803977 
450111.613213 443209.888917 
450007.250599 444250.860906 
449554.653700 445410.161903 
448984.862783 445678.562391 
448419.892224 447006.820106 
448277.326950 447164.431371 
448273.069558 447238.039738 
447330.333616 447249.448666 
446556.686940 447826.185108 
445956.935461 447877.784963 
445630.729084 448324.950309 
445593.904955 448570.235791 
451654.328243 439540.175728 
443475.296124 449570.567946 
452187.197845 438889.876028 
442873.860054 450594.578497 
442656.219867 450961.113107 
441104.602866 451230.127055 
441005.702653 451794.635998 
440851.694199 451833.145632 
440239.731647 452395.982765 
440127.020502 452670.596274 
476982.550539 453331.577700 
476833.498357 453762.225742 
476664.941941 454669.840865 
476525.020744 454741.666684 
476324.165527 455805.979024 
475765.867058 456132.191815 
475632.409045 456643.819556 
459992.141728 468941.781088 
473891.684184 457891.976388 
462099.689139 468623.966456 
473270.719476 460893.332182 
471218.353495 462028.228855 
470818.994275 462547.940709 
470763.856402 463287.115691 
469686.603378 463288.360453 
467882.591271 463355.787724 
467339.603944 463497.820046 
466675.286749 463962.057366 
466603.987295 464074.272874 
465407.844786 464075.215375 
464319.494385 465860.938229 
463301.738652 466430.186382 
462918.123986 466553.581839 
462829.335194 467777.377556 
462563.147696 468543.276100 
462216.722880 468619.448447 
473852.069186 459936.975338 
460284.502042 468786.187995 
475121.324716 457523.073490 
459788.077973 469264.840390 
459613.166630 469365.161734 
458769.549395 469607.556165 
457831.200061 469725.558799 
457188.053957 469751.053451 
456927.373883 469853.616287 
456885.599539 470002.130597 
492655.211818 470654.322131 
492351.178102 470855.734698 
492153.059370 471064.060156 
491535.795929 471243.982462 
491052.159168 472222.678212 
489693.937756 473407.449811 
489576.673899 473695.019389 
480826.138827 486404.939792 
488281.477232 473938.960756 
481204.031744 485772.277142 
487372.803749 475087.917798 
487365.544874 476421.704198 
487273.153478 476983.013470 
486823.525376 477990.136077 
486790.683141 478303.029235 
485235.042490 479090.753981 
485077.910232 479860.000894 
484953.932401 480079.473069 
484801.513203 480348.092269 
484513.058720 480523.491291 
484238.955307 482100.027599 
483716.738794 482476.185307 
483660.365271 483019.484941 
482441.031389 483150.188339 
481992.285770 485012.639472 
481841.151841 485036.943299 
487736.158514 474984.185115 
480971.604349 485831.304797 
488509.140533 473821.481410 
480400.303761 486439.182665 
479872.182551 486597.462539 
479513.159640 486950.302675 
479467.988849 486970.821848 
478839.898102 487168.041745 
478215.879886 487433.232097 
478193.137146 487589.660264 
511097.593637 487893.147388 
510453.307151 488396.557325 
508270.852142 488466.464559 
507856.889320 489623.663394 
507844.588352 490133.999710 
507569.378945 490286.450632 
507548.463771 490781.041803 
495710.950873 503135.572618 
505703.586045 492082.464638 
497077.392305 501836.156420 
504571.969061 493002.254796 
504516.206082 493029.037032 
504109.077755 493128.942043 
503213.579053 493158.971324 
501853.299759 493202.037117 
501803.878327 493299.700503 
501336.313903 493627.323198 
501029.551795 493833.597875 
500964.303990 495296.211409 
500837.351449 495443.901505 
499963.591485 495572.218700 
499959.395023 497405.177524 
499035.511123 497932.979324 
498913.301558 498277.327319 
498295.876719 498675.296434 
498043.129039 501368.402938 
505586.949868 492272.437549 
495869.745731 502903.476095 
507148.245598 491741.650475 
495520.569743 504773.018954 
495272.853651 505757.581305 
494827.232653 506824.950195 
494220.444997 507060.447246 
493893.483236 507671.526556 
493439.868624 507734.385939 
492896.854981 507769.302228 
530512.057036 508246.107232 
529847.931335 508437.714111 
529509.092520 508515.987958 
528825.068209 508584.713674 
528138.243695 508710.991908 
527486.175031 508916.525499 
526477.519398 509080.513464 
513475.360401 521190.800046 
525106.078065 510005.918843 
514526.025642 520896.093813 
524750.537106 511210.369855 
524646.015480 511940.774726 
524561.364164 512417.709515 
524402.205578 512993.124788 
522562.613960 514423.397794 
522382.550357 514533.246351 
521973.161939 515414.719730 
521187.759846 515683.416951 
520391.933055 517169.146257 
519395.952269 518569.627049 
519165.434473 518819.273722 
519013.168089 518923.321403 
517626.897199 519314.158639 
517081.488304 520571.659006 
516453.451979 520658.265360 
516322.136082 520861.904582 
525094.645198 511002.038107 
514129.294555 521135.167682 
525698.820103 509708.240500 
513230.272665 521243.988191 
512673.587500 521414.167857 
512328.705903 521643.069466 
512185.747720 521961.918526 
511707.991948 522086.729427 
511674.269546 522160.935642 
511104.406098 522512.608660 
543321.864072 522758.511422 
542721.594998 522855.501341 
541931.043160 523004.493243 
541908.999774 523537.000587 
541824.408246 523696.867758 
541578.364279 523699.449040 
541425.331200 524685.803602 
532879.424294 535604.037403 
541058.254374 525425.186364 
533621.224194 534820.018249 
540283.507939 525928.181833 
540061.152060 526490.416911 
538416.825955 526648.711002 
538255.070540 527195.703492 
538066.365299 527638.379083 
537931.907847 528437.752900 
537822.486817 528871.671163 
537582.756220 528898.317659 
537070.136651 529319.968846 
537060.117623 529629.910054 
536138.809525 530240.531210 
535824.902044 532734.335008 
535482.645296 533029.093142 
535431.579372 533438.614999 
533742.492438 534472.810665 
533672.588237 534706.850365 
540723.695689 525515.910781 
533108.926408 535422.618872 
541064.275912 525400.661111 
532424.182043 535800.886977 
531795.526283 536331.478822 
531641.066620 536428.075730 
531620.123003 537008.879668 
531248.847510 537172.300750 
531100.524699 538837.509071 
530914.010060 539317.536559 
557435.919658 540107.860909 
556937.577540 540290.277978 
556829.925709 540742.309441 
556328.534829 541066.177866 
555930.551215 541236.843444 
555894.176674 541267.743140 
555864.752839 541363.744181 
546540.426948 552423.070831 
555199.178499 542540.827095 
546923.961733 551307.629938 
554868.981371 542672.186758 
554236.650520 543098.889687 
554209.698662 543110.118594 
553693.091372 543307.259154 
553343.834573 544000.364309 
552758.020484 544438.095333 
552078.663180 545271.009274 
551655.185095 545688.964212 
551041.995624 546394.684325 
550979.480939 546993.626328 
549718.498572 546999.495493 
549193.854213 547077.531432 
549101.769810 548011.480254 
548995.463499 548054.379627 
547926.483949 548380.744321 
547878.067288 550389.695995 
555131.486008 542597.273302 
546824.048319 551516.678845 
555470.399710 541374.667855 
546238.774525 553605.069603 
545630.417314 553935.642339 
545384.035281 554390.263223 
545208.959156 554888.136730 
545201.808924 556384.077917 
543873.065078 557271.847325 
543373.690920 557853.758805 
576257.552877 558037.378827 
575300.340396 558351.184759 
574699.356116 558396.940721 
574554.885301 559527.795794 
574190.001884 560059.589081 
573581.309461 560402.305922 
572732.117925 560962.242258 
561026.243980 574066.207607 
571902.084453 562324.359215 
561722.756176 573118.766837 
571327.923569 563967.336297 
571051.554419 564102.868454 
570758.818895 564600.763606 
569900.732775 565533.031958 
569792.893814 565892.864652 
569309.958179 566725.566768 
567870.851798 567820.843524 
566471.649715 569129.784954 
565981.756683 570077.974623 
565966.337621 570222.973645 
565821.454391 570496.365303 
565061.141830 570822.538884 
564613.997928 570855.525265 
562667.463879 571067.691060 
562635.750992 573064.308713 
562541.981247 573111.013264 
571564.358393 563094.077018 
561398.596382 573283.635851 
572292.402583 561632.423056 
560363.652684 574126.981639 
560350.576840 574206.034262 
560344.023975 574554.191745 
558263.092054 574662.001644 
557860.723406 574894.785952 
557759.217584 575540.362483 
557652.726066 575910.016156 
595902.454180 575965.565076 
595477.937272 576143.148206 
595245.326337 576843.822743 
594994.016157 577154.415413 
594854.358699 577222.431312 
594667.972394 577476.611475 
594313.758309 577510.279244 
579696.975823 589747.132557 
593317.698212 578528.631460 
581770.920613 588625.930787 
592501.916131 579756.839409 
592426.584527 580062.031102 
592348.326328 580776.702348 
591227.084253 582442.407786 
590803.380055 582566.372648 
589847.543340 582714.426433 
589372.221538 582790.939412 
588642.401260 582924.677286 
587356.018380 583791.996208 
586605.313503 583911.201140 
586326.957175 585755.579652 
585721.795182 586029.822764 
585083.080959 586355.497685 
584885.012010 587502.219064 
584819.694974 587703.649812 
582168.642352 587817.392136 
593200.989013 579040.660067 
581746.043677 589649.381432 
593431.505440 578066.292701 
579648.682281 589802.682861 
578862.922032 592011.606607 
578422.131454 592058.118299 
577896.893802 593274.297754 
576933.757293 593707.250349 
576366.563075 594348.187525 
576300.013512 595951.775481 
615191.819537 596236.061929 
615025.867571 597712.378669 
614900.074401 597799.605606 
614747.484536 598115.225726 
614307.429764 599846.071369 
613926.254208 600792.198414 
613265.641144 601593.103698 
599799.675102 608038.321444 
612528.273205 602585.471308 
600959.307330 607440.188653 
611592.111308 602944.331688 
610543.953728 603413.268314 
609624.443271 603454.251513 
607265.764706 603563.012947 
607177.247947 603576.750853 
606770.106636 603585.123209 
606632.089494 604170.564740 
605537.113399 604511.794280 
604022.076114 605678.255265 
603704.716380 605913.484518 
603467.861596 606555.451169 
602086.527059 606578.913557 
601608.064883 606885.832661 
601526.792889 607101.924061 
601079.678439 607203.823663 
600983.343689 607372.185320 
612023.677202 602919.538274 
600161.795229 607837.444888 
613101.011623 601717.635233 
599713.353975 608320.786981 
598972.859710 610442.982931 
598766.257349 610967.080856 
597789.011945 611230.336209 
597340.796126 611858.435889 
596781.429698 612470.935584 
596113.869877 612608.401290 
631951.625606 612821.172900 
631025.962588 613745.275727 
630779.691569 614150.332518 
629565.315533 615220.925145 
629289.650915 615400.369498 
629265.589235 616195.474324 
629223.335869 617149.416996 
617765.957924 626441.552515 
628624.188527 617396.727039 
618285.066596 625427.074576 
626564.091144 618272.340887 
625977.057484 618345.652828 
625847.969996 618425.236147 
625518.245798 618514.089784 
625209.118567 618780.656529 
625107.419030 620709.364375 
625034.871337 620849.815771 
624917.223011 621305.547972 
624185.182088 621338.884481 
623732.464132 621445.219857 
622652.184348 621825.933472 
622633.978391 622354.259154 
621765.756152 622766.283122 
621091.884194 625015.716733 
620941.400278 625200.576167 
618319.137245 625297.021092 
628081.946058 617971.488444 
617901.532119 626061.298390 
629079.112006 617396.142108 
617178.214376 626907.430688 
617169.074350 627410.301273 
616345.068421 628060.016689 
616095.993237 628674.525700 
616001.177044 629732.978308 
615952.413969 630803.168154 
615193.774168 631010.865640 
649277.245016 631435.985122 
649124.694686 632253.353920 
649049.715408 632949.791077 
648393.915915 633547.719999 
647254.796029 634735.638501 
646799.531788 634738.019206 
646721.019019 636330.079900 
635304.744840 648213.551109 
646026.626159 636912.472579 
637360.114754 647154.859095 
645484.298410 637789.265806 
645028.760911 638353.672837 
644522.764565 640395.658789 
643782.814310 641174.959431 
643385.261937 641677.150932 
642905.219765 641915.090758 
642108.717418 642072.426177 
641901.030037 642348.949937 
640684.651037 642584.555313 
640627.801594 642745.462319 
640066.211092 643768.532640 
639134.512284 643952.604809 
638709.327734 643956.222276 
638153.839902 644397.096548 
637974.311265 644412.849305 
637702.769428 645445.781624 
645694.718600 637234.742229 
636573.659233 647173.700637 
646303.480883 636507.364742 
635041.604260 648643.603688 
635034.664934 649267.690631 
633842.757296 649501.987426 
633726.497722 650137.814819 
633445.872941 650848.819613 
633167.467115 651935.938375 
632664.373514 652030.598981 
668241.035271 652347.196880 
667745.282014 653656.411867 
667408.967560 654276.116244 
667293.476358 654772.592991 
667129.102038 655442.543363 
667052.086113 656104.702607 
666460.120286 656182.270753 
653797.515339 668616.682718 
663290.416485 657652.726171 
653906.577679 666593.956767 
661864.270226 658104.236958 
661595.630111 659195.793184 
661018.490895 660146.799655 
660908.520296 660373.352007 
659316.005071 660478.717772 
658991.243082 660575.810190 
658265.059475 660875.157599 
658165.563428 661232.013511 
657985.503881 661607.847102 
657298.581646 662280.857076 
657210.264765 662422.131633 
655501.384810 663274.116938 
655251.089855 664132.450024 
654994.088820 664314.533029 
654826.142055 665365.027640 
654035.525540 665816.491849 
661881.504844 657819.688899 
653860.511978 668322.061287 
664569.220447 657547.268910 
653530.232064 668880.440275 
652722.279698 669234.769403 
652673.037362 670516.404313 
652411.926856 670529.414117 
651695.266181 670798.013328 
651382.582779 670838.703107 
651170.840677 671155.476298 
684354.543977 671259.938858 
684060.223054 671265.578637 
683973.413691 671765.327518 
683918.095815 672038.992916 
683830.009830 672106.930959 
683606.665439 673203.843120 
683385.222416 674053.298320 
671736.447983 681618.733270 
680873.017467 674694.745021 
672043.977386 681385.280517 
679536.032729 676059.691878 
679001.304501 676568.351531 
678233.319853 676670.997807 
678195.613854 676874.931750 
677593.356249 677158.909881 
676566.156604 677635.161677 
676448.236625 678107.440961 
676035.492238 678401.194107 
675259.252001 678834.523418 
675230.900363 679122.059096 
674810.931114 679522.765139 
673761.855252 679604.767209 
673266.512761 680125.435449 
672561.821383 680531.979389 
672474.172807 680770.919442 
672303.575674 680802.967514 
679817.859798 675480.730662 
671911.304447 681519.923155 
681457.397316 674241.000488 
671169.303087 682166.532718 
671045.945928 682301.863986 
670758.315230 682576.038134 
670263.902835 682992.966164 
668989.035108 683567.147311 
668878.729248 684618.369435 
668664.127930 684641.203465 
697282.756912 684674.459605 
697269.801023 685496.933487 
697209.497215 686450.456847 
697068.609379 686944.772316 
696359.153668 687067.621267 
696062.430177 689613.358107 
696013.548395 690257.274004 
687491.376973 704823.591700 
695524.851026 691854.236923 
688452.072460 704381.452790 
694629.889346 692931.595196 
693940.041145 693681.877349 
693752.072350 695258.004182 
692974.684926 695421.918734 
692758.679090 695653.895490 
692300.265794 696022.681789 
692158.345560 696145.950289 
692078.551764 696874.389952 
691847.357971 696966.579455 
691450.144270 697982.403620 
691293.065552 699186.074045 
691098.225025 701481.791079 
690658.713449 701671.066572 
690474.653539 701860.958437 
689278.801968 703013.758294 
688612.497889 704132.078822 
695316.128873 692595.503288 
688040.013066 704612.367518 
695932.244968 691742.978258 
686921.769236 705038.395930 
686527.338715 705217.983773 
686305.088660 705262.662081 
686263.728114 705374.206648 
685546.262945 705564.624331 
685368.254751 705683.470958 
684874.957006 705730.489830 
714549.009896 706148.563114 
713546.795968 706475.879412 
713338.002740 706610.672954 
713328.574993 707105.172418 
712815.172784 708674.931116 
712291.045528 708699.975794 
711798.171438 708812.708174 
699900.161969 719289.573211 
710323.463182 709613.136767 
701026.433427 718079.971003 
709560.798198 711494.937136 
709162.152894 711689.237300 
708846.382682 712295.637764 
708747.162433 712556.889344 
708285.654166 712844.483416 
708103.924192 713077.706904 
707354.631454 713522.778634 
707281.066734 713651.629470 
705975.978290 714793.436051 
705086.345874 714883.516134 
704708.400324 715448.991663 
704607.925244 715890.855934 
703691.874475 715952.553025 
702620.684188 716167.803257 
702285.205557 716671.826369 
701384.927031 718071.752362 
709810.618189 709644.601507 
700254.481220 719262.669728 
710489.872788 709523.177318 
699048.675098 720410.358172 
698719.593422 720555.559795 
698513.248171 721300.036836 
697791.319571 721655.709742 
697554.066834 721845.116585 
697459.743383 722254.467117 
697443.136640 722675.798744 
732187.059123 722750.394700 
732165.521941 723717.731881 
732048.578669 723785.403774 
728844.174888 723979.424454 
728559.400073 724068.712188 
727817.208545 724466.973219 
727574.375556 724480.537721 
718739.618422 735719.097831 
727043.589990 725473.150346 
718845.248454 735294.167695 
726746.482051 726515.009284 
726576.223931 729152.056649 
726337.329362 729175.981134 
726156.414343 729328.568177 
725678.142509 730271.544156 
725318.561805 730322.862154 
725229.448935 730344.566421 
725111.049127 730964.372669 
723490.401785 731211.825021 
723248.972466 732145.776820 
723188.263078 732228.916469 
721898.771491 733506.679963 
721357.185359 734065.572336 
719831.006773 734123.519119 
719814.427525 734403.735403 
718999.238944 734906.614359 
726885.872829 726294.885646 
718813.572045 735329.063354 
727146.913569 724490.642986 
718570.757936 735772.166466 
718431.571087 735925.834814 
718205.907683 736353.587924 
717842.225987 736473.891585 
716437.620332 737282.078876 
715572.037138 737567.212846 
715393.590971 738272.576923 
754130.900605 739853.085091 
753880.632814 740402.571086 
753001.808378 740614.574896 
752322.086593 742253.298029 
752270.815849 742404.245770 
752099.158710 743030.641782 
751617.543368 743639.079111 
735550.687692 754109.773438 
750897.768614 745980.045360 
736644.931920 753063.525636 
749295.664313 746423.517725 
747940.769392 746592.826868 
747894.758566 746958.535380 
747888.507901 747319.156346 
747650.236701 747551.992377 
745361.606411 747584.796671 
744675.910024 747728.576256 
744665.325120 747784.056577 
742450.379307 748154.170892 
741745.123965 748251.005149 
741062.110828 748394.909879 
740465.482465 748935.778553 
739030.778635 749010.089515 
737716.528686 749017.607395 
737586.648768 749736.129097 
737022.147457 752858.343015 
750232.096447 746374.757982 
736097.804748 753928.737124 
751246.383568 744686.713270 
735451.468101 754370.123355 
734843.974110 754731.249885 
734504.191896 754829.124761 
733591.509060 755640.512582 
733553.168885 756660.742358 
732959.194824 756684.425603 
732706.913474 757195.180863 
767949.951580 757640.135109 
767382.879625 758660.420812 
767380.928211 760501.579299 
767223.905800 760705.419127 
766911.188064 761221.652268 
766463.286342 761489.500301 
765937.435806 761660.656455 
756255.372958 769460.457658 
764073.278278 762242.309411 
756655.663434 769125.210007 
762598.764530 762371.674303 
762572.887018 762993.727440 
761721.548697 763190.573528 
761553.579154 763279.682303 
761486.827887 763341.648998 
761289.187644 763394.397384 
760974.469903 763787.435538 
760392.859710 764183.876365 
759684.373128 764803.239894 
759034.464051 765364.046286 
758820.264153 766324.628267 
758517.452090 766553.110055 
757507.292116 767322.970182 
757382.316600 768495.758179 
757186.375632 768507.492747 
756942.191026 768617.685692 
763185.119510 762265.924233 
756556.563836 769387.380821 
764652.687049 762021.319953 
755997.347794 770136.815955 
755927.839809 770773.787163 
755839.868041 771843.712418 
755225.244941 772259.835497 
754294.001215 772434.835082 
754272.185544 773446.396404 
754238.945430 773506.330715 
784235.278868 773974.539160 
783136.630837 774777.275492 
782699.152288 776201.435584 
782337.213815 776290.266069 
781760.318364 776355.892235 
781439.540594 777040.055419 
781438.562093 777398.211199 
772269.112010 792452.919323 
780951.762176 779659.182693 
772588.522227 789368.720171 
780645.605692 780551.020052 
780240.139844 780562.715596 
779988.276026 780611.892664 
779317.998485 782181.748454 
778695.060062 783286.436434 
777596.248118 783726.002408 
777507.465969 784041.470849 
776722.286015 784055.677285 
776037.276792 784417.434520 
774637.937960 784691.361375 
774589.890035 785628.708207 
774485.437743 786169.748432 
774254.586497 788795.882658 
773673.196852 789020.349308 
773671.309974 789199.237868 
773195.673636 789258.126776 
780706.052088 780219.945853 
772571.277316 790476.766231 
781433.877086 777622.441943 
772044.650424 792592.107240 
771256.484358 792682.700464 
770263.692047 792769.522094 
769663.889902 792775.344467 
768914.209034 793787.243675 
768517.563846 794769.126631 
768032.129014 796554.408044 
798816.732135 796609.391820 
798502.658207 797393.796076 
797479.415924 798308.083245 
797081.927208 798913.939721 
797021.198022 800407.166570 
796770.718720 800579.882625 
796489.157148 800923.898570 
787322.366193 811399.366190 
795326.308601 801681.475061 
788760.319377 809811.757578 
794657.972258 802083.489423 
794208.087653 802112.906214 
794037.654794 802303.610201 
794034.998068 803209.225824 
793767.277638 803434.890937 
793575.378276 803470.749551 
792934.650810 803563.469811 
792652.111707 804018.696620 
792423.583258 804912.437836 
791625.615132 805272.942728 
791148.839287 806095.564263 
790403.986993 807372.369955 
790076.366435 808123.227023 
790018.543679 808626.858312 
789847.920422 809004.007749 
789823.002393 809150.544483 
795026.566034 801997.918914 
788041.499562 809866.107230 
795518.379348 801195.590344 
786965.998596 811448.875657 
786694.782635 813382.541489 
785644.887068 813527.044126 
785509.052579 813822.463808 
785319.920284 813868.860305 
785092.815156 814062.520124 
784612.489498 814270.571238 
821762.446704 814270.600862 
821133.300092 814755.862888 
820726.187465 814912.954664 
818922.977171 815001.795308 
818877.693821 815054.083690 
818761.507686 815442.119650 
818297.106171 815665.581017 
806901.822191 824310.773273 
816356.070714 816818.718598 
807867.876283 822815.243571 
814784.693531 817435.766388 
814702.899981 818127.220642 
814525.143742 818297.329959 
814021.429940 818439.678606 
813494.291712 818913.529637 
813441.531405 819302.469869 
813356.968026 819721.213824 
813092.568385 819735.680384 
812455.404895 820059.813981 
812372.729847 820274.358953 
812102.486357 820780.932852 
810458.209576 821510.376856 
810258.956734 821679.227680 
809807.560816 822293.547621 
808984.640532 822741.915562 
808380.335950 822811.726084 
815574.690213 817050.380209 
807766.629301 822867.378788 
818121.941891 816076.872512 
806068.947065 824329.203830 
805177.704946 824433.821115 
803271.652673 824521.221656 
801317.891137 824626.182440 
800953.915391 825081.039706 
799819.579311 825103.388766 
798982.264360 825347.668315 
838444.892914 826036.854023 
837744.548814 826275.171870 
836533.586210 826849.280464 
836503.757157 827478.720820 
835743.202451 827692.659178 
835625.889069 828890.103965 
835393.784922 829268.223667 
824315.715918 840414.090632 
834899.856970 830607.806264 
826499.475110 839232.050836 
833530.306959 831430.543580 
833413.344332 832330.028270 
833396.452676 833005.580455 
832011.581902 833268.600448 
831549.187362 833635.068299 
830804.932096 833866.327335 
830446.863291 834077.978787 
830435.673932 834694.293827 
830407.866834 835013.089329 
829499.966509 835296.833388 
828898.164547 836050.484418 
828316.056157 836122.459818 
828018.799323 836737.448753 
827848.635891 836770.121254 
827565.604796 838039.410672 
827037.519476 839125.973496 
834578.363764 830764.268844 
825319.079464 840117.131612 
835222.142152 829463.917281 
824091.958200 840804.657559 
823751.526513 842467.085113 
823560.425057 844024.818666 
823494.605019 844183.308715 
823464.394751 844761.930202 
823313.257017 844990.055068 
821860.975441 845106.036108 
857552.693050 845252.990335 
856815.203276 845405.643584 
856574.513263 845517.161045 
855976.828071 845928.125802 
854560.377005 846308.078954 
854517.875304 846782.450381 
854251.693916 847203.012260 
842621.564984 858945.999283 
853021.795776 847453.454223 
843289.366016 858801.331596 
852840.835406 847490.173847 
852612.911221 847633.675225 
851501.768809 847802.588517 
851126.083689 847980.033509 
850630.669850 848985.661400 
849609.022003 849094.775552 
849517.694982 849936.218628 
849125.232553 849991.418770 
848084.301690 851436.570559 
846594.878870 852198.782779 
846561.077725 853089.480725 
846520.382209 853988.175200 
846399.780266 854654.906302 
846020.717051 856286.922905 
845639.067299 857478.275719 
845611.180701 857578.650125 
852949.539785 847475.691703 
842974.813212 858933.481361 
853416.113819 847326.270621 
841864.648524 860254.276338 
841643.108329 860661.513314 
840839.519276 861173.304777 
840516.722466 861224.963794 
840056.762286 861338.739508 
838992.017783 861895.705636 
838702.745401 863028.079728 
877251.903813 863051.223469 
876867.212204 863808.619182 
876430.690028 864169.784694 
876158.903982 864776.064596 
875425.915434 865858.059237 
875294.923844 866490.898111 
875236.692795 867127.379417 
862658.604341 879024.931481 
873512.357376 869416.691130 
864122.596852 877596.877965 
872556.431459 870292.352099 
872255.232380 870462.675330 
872202.992999 870493.587297 
872192.094634 872626.861305 
872052.099123 872849.596820 
871273.674484 872875.956321 
871247.120272 873237.296177 
870716.987414 873241.196425 
869250.221311 874292.502220 
869198.814198 874361.058814 
867539.054895 874662.977231 
867474.174874 876516.914744 
866868.802620 876704.747291 
865548.439047 876897.691010 
864240.721946 877288.927163 
864156.490751 877414.612604 
873463.185629 869550.017636 
862943.571869 878482.127685 
874397.041041 867672.604829 
861568.435866 879578.601872 
861539.208787 880586.389962 
860782.256536 880617.180390 
860753.500875 880976.164448 
859119.125830 880988.535561 
858997.406448 881337.925000 
858048.680967 881379.330469 
895742.286574 881443.529640 
895692.925083 883447.215234 
895590.770938 883947.424711 
895035.831264 884918.659104 
893959.296234 885198.243782 
893947.431817 885200.484249 
893179.911418 885444.684409 
882214.709136 895745.421310 
890616.715553 887130.373893 
883161.484386 895140.553098 
889901.374298 887740.788885 
889577.359897 888020.446612 
889436.156685 888625.593545 
889044.346643 889012.523836 
887975.127076 889157.175473 
887303.332130 889172.269479 
887241.026203 889400.863180 
887138.389216 889604.078053 
887125.831615 889854.730044 
887111.836967 889914.900232 
885865.011397 891310.834239 
885088.284242 891404.140761 
884547.831271 892266.766211 
883798.608636 893558.930894 
883565.807786 894263.018709 
883244.588833 894415.265647 
890089.429653 887294.049675 
883115.058302 895308.243337 
891515.821749 886352.084262 
881960.644557 896181.633982 
881932.536300 897726.949484 
880496.229481 897758.429309 
880327.401087 897771.523575 
880006.027153 898355.263165 
879935.912081 899399.794551 
877561.597294 899503.235838 
913041.027470 899651.905414 
913002.501755 900532.749592 
911879.812125 902450.001842 
911875.827293 902593.547520 
911234.842716 903060.732510 
910787.905021 903914.089666 
910447.244043 904201.262844 
900305.024765 915485.432193 
910134.820389 904334.920806 
900559.981173 914004.742859 
909562.371545 904542.150846 
909388.552595 905364.857261 
908968.800272 906092.964456 
908524.116115 906495.003273 
908443.159171 906986.170746 
908421.749478 908221.397937 
906786.752993 908372.939372 
906388.844079 908747.121772 
905938.685527 909218.842771 
905800.932127 909268.519687 
904018.331751 909876.038211 
903841.561459 911297.951979 
903389.498347 911907.847246 
902857.823720 912441.648019 
902721.751158 912542.746952 
901023.003316 913462.939615 
909774.073624 904338.177815 
900431.596017 914973.643755 
910242.063911 904279.228541 
899260.952195 915694.934011 
898528.584307 917690.987548 
898084.630525 918434.863581 
898008.127533 918469.290571 
897415.153763 918624.701249 
896600.416946 919180.840672 
895788.874960 919826.607625 
926672.437396 920181.227935 
926360.170978 920695.949636 
925720.005765 921250.775292 
925398.156767 921619.570531 
925154.020108 922595.982572 
925061.450578 923317.333392 
924790.597663 923513.209941 
914944.296336 936748.196881 
924051.144776 926274.558744 
915545.674746 935405.007044 
922545.725583 927691.227197 
922160.382815 927728.851477 
922132.607599 928071.535037 
921915.073113 929056.739309 
921303.684789 929481.616479 
921077.723476 929847.186295 
920332.605702 930049.731791 
919558.373013 931617.561044 
918836.655280 931691.421000 
918630.418719 931905.150114 
918046.257084 932052.090983 
918016.548871 932571.252171 
917553.232961 932890.478069 
917003.315601 934368.749211 
916949.203580 934867.842865 
916656.615087 935340.149893 
923110.533126 926476.086783 
915530.490669 936505.348630 
924474.365397 925596.030184 
914269.270154 937283.495460 
913980.268968 937709.634701 
913797.807518 938479.720065 
913703.568569 938483.579884 
913515.900409 938505.584929 
913357.283596 938558.463645 
913246.930062 938913.639940 
947085.442425 939464.653534 
947054.299410 939627.886147 
946669.589136 940278.506913 
946516.820167 940884.595285 
946213.540493 943584.238669 
945921.708492 943743.602760 
945713.223532 944119.376686 
932494.081464 955532.158291 
944898.720488 944538.562182 
933750.933821 954125.441818 
943798.700811 945039.882673 
943407.126100 945128.772367 
942525.677047 945757.419837 
941629.584934 945917.878880 
941604.020630 946862.534557 
941018.950319 946944.050206 
940504.366061 949659.351961 
938401.904063 949761.845100 
938180.963901 949779.769999 
938170.049373 951086.950266 
937854.432057 952022.460010 
936875.507700 952049.509796 
934630.545849 953294.008116 
934627.280564 953556.845291 
934475.166562 953797.100605 
934409.141652 954028.645884 
944817.619752 944903.048819 
933617.196674 954949.450206 
945374.877609 944181.940697 
932048.706278 955894.806015 
931853.943727 955985.649986 
931488.746999 957486.227547 
931370.316550 957806.644776 
930274.875319 957981.147853 
929078.105148 959045.865960 
928762.018601 959846.481039 
971011.254427 960821.337960 
970739.504371 960923.736946 
970238.777417 961444.076150 
969825.052717 962205.248879 
969004.876491 962526.253526 
968767.592057 963099.883363 
967657.478026 963570.657877 
954871.509799 973189.272423 
965482.126142 964032.847684 
955904.114863 971875.890832 
963748.456993 964126.684956 
962414.283132 964214.393102 
962266.572237 964397.325870 
961589.743352 964538.416826 
961082.721784 964579.739433 
961032.944248 964656.781618 
960976.099196 965210.672935 
960716.344086 966588.777749 
960541.677107 966611.038465 
960434.693388 967036.335740 
960431.218555 967730.275110 
960163.761852 968182.079196 
959477.503532 970642.852585 
956756.726749 970943.678013 
956344.109256 971183.724406 
956107.384762 971833.543391 
965334.668379 964038.166379 
955775.953566 972697.629086 
965789.294993 963961.323991 
954191.379698 973440.910190 
953854.122317 974629.330486 
951394.805698 974806.991162 
950868.176882 975304.748521 
950108.290996 975461.116907 
950016.085049 975828.401669 
949937.837525 976597.299026 
999105.209121 976792.752038 
998798.177602 977750.768864 
998055.897604 977751.784186 
997616.231663 977987.124111 
996903.317342 978539.880156 
996114.069325 979009.082505 
995717.330708 979019.629313 
974647.822900 997241.100739 
995020.746491 979485.337208 
975073.728894 996887.516843 
994122.818852 979712.314813 
993176.001599 980579.691706 
990760.560703 980834.448831 
990452.467689 980900.508431 
990436.739700 981283.816584 
990430.921860 981860.182581 
990307.990323 981934.829218 
989343.219757 983258.334008 
988945.035661 983447.722928 
980797.281400 992893.700205 
981298.178488 991610.286904 
987285.331632 984252.543827 
986865.237838 984275.841737 
986361.177219 984482.887162 
986297.052346 986441.836755 
986117.582314 986839.949533 
985544.010726 987302.217825 
985455.333375 987405.501857 
985196.724209 988039.296918 
983301.279022 988614.680315 
982649.016843 988649.732584 
981961.430498 989051.933843 
981915.912760 989324.341199 
981869.888581 989720.593478 
981602.350434 991404.256635 
988139.652273 983975.645665 
988836.846341 983514.184224 
980174.173237 993005.306824 
979542.667433 993546.825693 
979413.175274 993787.112682 
978496.307049 994938.978329 
978290.217133 995674.363028 
976852.365534 995761.364730 
976674.855343 995857.805930 
975468.073017 995892.475146 
975147.607103 996239.105617 
994743.234500 979638.473293 
974937.450868 997013.683264 
995585.810507 979121.869302 
974629.396901 997824.076940 
974271.020566 997907.616123 
973426.753255 998178.877772 
973008.219727 998704.202063 
972411.991901 999008.931541 
971839.563670 999428.845112 
971211.055870 999724.520961 
