2000 2
34797.580588 117.806814 
34593.798698 126.108238 
34346.621376 393.786494 
34187.698531 791.794556 
33642.121613 2088.053141 
32956.363262 2263.615559 
32520.416452 2649.026639 
1471.438345 28835.457914 
32011.814198 3289.291794 
4648.206098 27690.451745 
28799.772382 4684.412039 
28188.352830 6787.869621 
28005.000495 7457.316905 
27997.084185 7721.735457 
26969.967225 8907.227526 
23771.865953 8942.761067 
22934.847241 10033.586774 
19016.422822 10266.530482 
17315.269151 11611.047732 
6017.492561 22970.373078 
6274.227346 21122.690646 
15010.337228 12993.728976 
14424.436163 13180.885008 
14044.746493 13363.354484 
13747.093235 13418.050913 
13334.133575 13891.020532 
13069.703579 14743.142065 
12945.364282 16678.936588 
11882.743966 16858.403489 
11084.400425 17945.727332 
10337.809005 18000.184728 
9584.441034 18153.518564 
9178.533059 18239.446362 
9128.639542 18380.417973 
8961.764199 18811.160795 
8437.497269 19383.048462 
16046.694265 12533.178313 
17104.962770 12406.324926 
5985.322243 23097.459448 
5773.192211 23111.365505 
5694.356075 23181.410738 
5560.416256 23536.280824 
5426.120014 23608.353595 
5157.056181 23662.570324 
4971.071265 24925.076075 
4947.507753 25009.969243 
4705.829781 27601.577504 
31821.585136 4132.410715 
4529.210902 28243.463843 
32156.696552 3087.047522 
1321.296708 29145.751893 
1170.025616 29171.236304 
1005.965143 29517.882245 
924.181418 29532.718464 
809.053465 30081.717207 
434.841098 30312.160404 
42.634785 30652.169655 
59720.425819 30689.837554 
59331.541576 31178.989576 
59058.561173 31406.168903 
58899.341601 31918.238016 
58781.791843 33505.988486 
58103.719294 33506.378167 
58075.596939 33955.786823 
38210.355064 55017.463287 
56856.984136 36110.022803 
39114.655855 54327.469674 
56139.078773 36585.092326 
53931.976678 36637.053493 
53789.905924 36784.055003 
53664.633980 37284.296881 
53421.002494 37510.483860 
53153.200606 37695.561506 
52624.732342 38301.094715 
52382.021965 38478.838851 
52158.365962 39001.336545 
44166.044956 46553.104734 
44831.475936 46503.293877 
50870.732669 40680.617106 
50793.088095 41080.393326 
50327.231081 41539.293838 
49933.400857 41624.720754 
49837.711595 42255.896046 
49810.311879 42295.181592 
49636.237750 43246.318190 
47761.517016 43298.804521 
47210.417618 43599.683092 
46809.871733 43726.849827 
46535.974475 44355.221959 
45686.310345 44398.359614 
45571.259569 44771.612751 
45403.503337 45114.481179 
45212.595141 45925.371137 
51629.546392 40346.856287 
51743.601577 39265.475951 
43750.221901 46654.188695 
43659.866358 46996.324408 
43065.272856 49784.970210 
42838.372517 50975.113033 
42114.475242 51257.623563 
40784.553203 51281.472608 
40719.114122 51652.570797 
39426.338854 52160.699634 
39307.780171 52384.209874 
56649.070017 36476.567174 
38399.631814 54466.417701 
58058.570009 35206.896970 
37909.139479 55618.376752 
36816.058062 57175.840702 
36180.146782 58210.309506 
35706.181490 58479.311464 
35318.352585 58501.355288 
35112.471017 59577.131621 
35010.320952 60802.151401 
88042.649995 61358.814693 
87997.126457 61750.366505 
87614.020121 62368.337576 
87529.526789 62798.120194 
87415.674373 62958.940624 
87332.263569 63568.160187 
86091.227841 63916.499645 
65496.842927 86385.009255 
85360.148218 64561.376641 
66142.839582 84818.533608 
83286.142979 65233.105279 
83255.975095 65696.666155 
82470.009945 65805.550014 
82261.727176 65902.178217 
81267.864185 66367.488133 
80222.267435 67516.792868 
80134.910663 68652.583551 
79951.310432 70216.707842 
79767.526944 70808.588751 
68432.407705 80062.000814 
68475.555627 79911.773557 
76214.303265 71560.075733 
76143.007320 71573.788664 
75927.133694 71907.162027 
74732.796539 73140.212558 
74232.416614 73725.810057 
73853.265023 73809.780813 
73817.659354 74725.172810 
73726.489936 74890.759226 
73340.700239 74966.711747 
73096.635172 75004.019630 
71797.033582 75069.316043 
71432.548007 75210.856614 
70994.607452 76707.920127 
70814.104234 76794.203205 
70024.119013 78268.790202 
76679.606488 71477.037438 
79332.128103 71452.953621 
67870.591478 80185.934184 
67858.353198 80528.466180 
67776.289352 81025.350876 
67588.499854 81071.574716 
67567.028755 81095.710431 
67552.361900 81824.140553 
67475.292269 83070.661164 
67416.755885 83382.378003 
66330.486109 83550.932594 
85151.061146 64877.101544 
65737.680640 85242.039672 
85811.928318 64238.113231 
62617.608225 86574.771296 
62440.778898 87387.137151 
62172.635642 88253.429243 
62042.555382 88599.359642 
61200.217516 89511.141777 
60050.571063 89926.493908 
59928.595333 90070.222456 
117508.738689 90748.051904 
117333.165146 91057.403745 
117098.591028 91066.692415 
117062.032848 91263.151190 
116985.012836 91759.230457 
116576.908870 91831.806628 
116139.347489 92236.503154 
91366.379771 107355.161169 
115865.283898 93311.306106 
92141.679602 106931.978490 
114529.619628 94711.821359 
114387.484292 94779.898337 
112957.263390 94907.071690 
112408.149330 95015.231407 
112401.365340 95186.886445 
112195.066069 96199.637995 
111721.774721 96964.915286 
111572.849669 97332.443465 
111007.767023 97747.394409 
100508.228300 102857.539583 
100670.814218 102632.477397 
108473.633278 97907.001977 
107995.258005 97935.387048 
107685.172494 98835.414122 
107520.177879 99045.735409 
106760.958556 99196.946300 
106730.922746 99816.443390 
106096.264825 99866.791616 
105309.259688 100213.945360 
104923.454150 100245.173095 
104479.470799 100306.653793 
103889.513311 101152.376660 
103235.203995 101441.888395 
102548.151345 101549.461027 
102136.651218 101727.109319 
101816.712689 102627.281269 
110605.872287 97770.481535 
110606.569545 97748.781993 
100291.944132 103425.014415 
100120.674869 103552.858331 
99858.505210 103927.984000 
99778.977555 104294.082917 
99426.078165 104738.371056 
98367.827286 104795.944890 
97869.846079 106470.798951 
93094.133954 106480.530070 
92870.374928 106880.087880 
115282.621948 93409.187725 
91893.667429 106969.081182 
115942.301161 93107.440875 
91272.280177 107907.638428 
91087.786929 108050.284490 
90730.815664 108691.022335 
89779.728901 109008.623728 
89498.740210 109037.137219 
89113.909042 109107.622445 
88624.725993 109629.526600 
148259.070067 110413.747303 
148021.254291 111260.192579 
147700.988962 111424.212007 
145879.220817 113663.456418 
145809.708338 113714.776665 
144900.298913 114252.767307 
144550.311630 115054.048646 
118959.647276 136439.462962 
144132.766782 117319.117722 
119857.425363 135412.401508 
142997.344026 117329.712606 
140656.057147 118301.421890 
139376.170257 119599.126251 
139339.606860 119652.280398 
138984.909009 119882.297039 
138870.927892 120078.266878 
138433.578906 120148.765071 
137596.322518 120433.090166 
137433.875871 120675.817599 
125988.787628 131609.252341 
126104.906444 131606.947487 
136399.575178 121691.226110 
135422.434075 123455.186991 
134959.998660 123797.615502 
134843.127476 125486.383868 
134068.539662 126232.665586 
133468.638392 126526.425932 
132761.764988 126864.239458 
132311.726431 127301.013981 
131888.820275 127310.888520 
131394.673489 129055.983944 
130468.989709 130120.595082 
128448.966076 130343.673629 
127737.556801 130441.815082 
127197.609079 130981.964277 
126723.011667 131154.999752 
136627.016892 121630.602159 
136667.957770 120799.626140 
125325.012464 132140.099586 
124899.561937 132468.971980 
124685.649607 133426.883705 
123195.712365 133505.487531 
122860.825618 133858.385877 
122186.967415 134141.772189 
121851.651488 134196.075502 
121420.018169 134761.078525 
120270.844937 135226.169543 
143359.710889 117323.458569 
119348.043503 135618.814975 
144350.566460 116000.061711 
118584.240741 136674.010747 
118469.524821 137545.843948 
118418.304401 138300.572960 
118333.824814 138601.318696 
118315.709853 138622.169690 
118194.663655 138748.607597 
117514.978206 139839.159187 
172683.035390 140633.035885 
172538.817085 141059.067704 
171931.395943 141260.416460 
171575.469653 141808.372497 
170706.435699 141976.719143 
170513.314951 142491.188381 
170107.031044 142889.223133 
150784.558319 164456.757930 
168798.803245 144678.479386 
150843.280938 162325.825219 
168107.977689 145461.506429 
167871.129830 146124.578282 
167529.567444 146283.510824 
167071.818300 146431.630094 
166856.939532 146802.029178 
166212.897667 147022.468345 
165695.183051 147244.913176 
165673.337929 147430.702003 
165241.298838 147657.411012 
156923.519100 157834.461036 
157333.076091 157588.165311 
164157.276105 149470.730030 
163824.115735 149894.988279 
163779.782522 149898.413736 
163352.753326 150032.037530 
163118.374398 150743.741411 
162893.304959 151080.057845 
162141.360354 151729.534280 
161593.778917 152681.522423 
160409.908051 153983.482039 
160266.759841 154025.777999 
160056.457457 154200.503184 
159011.477839 156122.805864 
158690.878911 156123.034008 
157822.813433 156615.398379 
157551.140085 157581.371029 
164207.228502 148823.038245 
164964.222003 147759.217905 
156760.634573 159057.422975 
156714.619322 159234.206907 
156458.470598 159435.828184 
155580.180009 160077.277989 
154162.996561 160239.904863 
153724.935395 160479.726881 
153532.883473 161082.083991 
153202.813759 162077.445245 
151622.835784 162297.162732 
168254.847370 145318.018828 
150810.939797 162700.532368 
169750.675354 144102.855669 
150765.674717 164668.708100 
150592.351791 165010.100143 
150456.598562 166138.961803 
150184.087168 166569.973742 
149851.050859 167037.197199 
149400.843828 167205.760477 
148599.392600 168062.546259 
199941.693609 169694.108015 
199455.378584 170224.619383 
199441.954244 170550.207890 
199018.805292 171300.486514 
198784.030506 171762.477189 
198554.207007 172547.964600 
198393.329569 172838.610753 
175385.154265 193617.489037 
196968.566513 174058.999012 
176143.366409 192102.722810 
196427.314729 176248.484347 
196163.285739 176290.478446 
195799.240644 176542.715472 
195299.274499 177110.385391 
194411.353216 177151.327941 
193942.450679 177303.932326 
193788.117167 177723.782505 
193002.343064 177744.806551 
191420.280706 177799.331681 
181445.897667 187229.465523 
181839.976822 186348.395326 
190730.289241 178710.956806 
190397.993779 179176.526918 
188473.660021 179263.313468 
187964.918110 179651.674075 
187389.726196 180312.389161 
185960.470124 180962.262164 
185917.996814 181572.358274 
184885.526565 181835.067299 
184080.200567 183433.556573 
183690.591476 184072.756182 
183371.960666 184159.716685 
182949.021231 184302.329111 
182619.213363 184328.521828 
182583.064792 184671.539750 
182569.637875 186092.704059 
190837.089826 178596.925293 
191187.678495 178553.425147 
181218.524119 187554.403718 
180398.893159 188095.228854 
180136.574392 188302.394736 
179381.266170 189725.546623 
179353.210672 190162.399393 
178894.944768 190348.866632 
177761.899967 190438.824591 
176819.581583 190474.107147 
176417.502995 190494.841667 
196921.334639 175607.681289 
175573.903955 192513.613456 
197961.627759 172936.024937 
174958.914096 194845.761773 
174841.900400 196317.258997 
174833.797821 196365.206554 
173993.985493 196559.022770 
173813.547786 197390.997650 
173587.825538 197589.433816 
173210.950244 198736.232258 
226319.219700 199369.349625 
226153.873174 199508.165530 
226095.960223 199845.394530 
225907.896618 199857.296864 
225389.793080 199995.058912 
224913.736913 200684.555792 
224633.972289 201627.887270 
202414.682563 226631.112970 
223922.011393 202214.110197 
206110.001127 225800.005815 
223733.316897 203002.743746 
223358.389635 205316.691766 
222378.658109 206282.006437 
221498.778822 206908.137616 
221306.453716 207416.844266 
219815.884306 207768.512945 
219444.866683 208820.837864 
219358.430271 211334.945924 
218709.231534 211460.394752 
209362.517139 220233.883213 
209544.847336 219813.349240 
216186.316158 212027.926487 
215322.502933 212310.649781 
214682.185719 212726.685729 
214554.210760 213624.201674 
214165.002029 214255.393090 
214146.374311 214332.594116 
213906.240946 214774.631687 
213702.439533 214831.473200 
212239.015127 215167.259332 
211389.107254 215438.042421 
211220.116374 215556.966375 
211205.752312 216277.186539 
210139.834186 219269.609117 
209987.159134 219271.445163 
209937.962249 219773.698297 
217348.687103 211807.908644 
218236.911835 211622.440353 
208859.764077 221222.576876 
208332.474267 221322.442961 
208191.917998 221977.240201 
208190.781677 222264.559399 
207802.008153 223249.607123 
207592.022416 224354.853577 
207416.948334 225000.194175 
206775.531859 225147.650322 
206724.717679 225664.175892 
223857.850334 202836.889609 
204448.145125 226341.777121 
224363.289781 201938.327218 
202348.656288 227121.643737 
202148.643653 227286.599587 
201587.570389 227291.297128 
201485.588071 227320.102356 
200740.830334 227530.251261 
200694.741463 228444.203142 
200073.237357 228619.324584 
256036.863482 229940.138090 
255979.651884 230253.234909 
255891.980714 230760.629688 
255822.428554 230915.274412 
255784.923697 231070.290512 
254705.154009 231199.828172 
254020.291823 232866.866534 
229682.793241 255867.720686 
253298.519115 233792.609036 
230159.330340 254858.553988 
253027.799175 235623.755976 
252507.407306 236092.633940 
252470.292703 236232.178259 
252300.869955 236746.655881 
252222.395627 237743.903500 
251198.486142 238089.487986 
251195.599981 238417.772591 
250641.029338 239109.891492 
250632.603409 239838.162776 
238774.151444 248885.679941 
239694.640375 248881.379915 
250322.916810 240899.711501 
248772.296096 241177.765854 
248326.136688 241396.372921 
248202.643500 242731.868018 
248070.354262 243145.269858 
247770.822770 243783.544454 
247660.575836 243983.970707 
246328.843804 245327.259968 
245336.314678 245982.064823 
244042.160951 246654.205789 
242494.316781 247002.631156 
241033.845659 247454.734316 
240014.232188 248076.203431 
239860.230080 248463.132228 
239751.597921 248781.466787 
250460.148152 240609.699977 
250541.031659 240381.820219 
238562.171259 249442.025100 
238004.476695 249968.407452 
237320.209852 251173.030868 
236988.433143 251557.054808 
236971.815554 252130.164488 
236534.603725 252347.366799 
235483.145470 253215.159824 
232115.443370 254159.626576 
230883.383502 254320.257276 
253102.562898 234549.768894 
229932.082601 255698.633784 
253966.683254 233092.465118 
228690.650932 256033.731607 
227762.741802 256821.978490 
227595.194003 257715.719224 
227376.523608 257854.909767 
227323.089321 257926.619190 
226607.966945 258471.903886 
226498.841439 258569.127234 
293362.119661 258850.037732 
292695.903920 258867.918274 
291380.603012 259478.523024 
290056.669368 259625.371403 
289807.394983 259781.878275 
289578.984978 260477.711779 
287329.553938 260654.991867 
260059.718253 284511.768828 
285525.961379 261873.416086 
261014.391691 283278.247253 
285353.139018 263323.716879 
284956.700047 263411.143173 
284399.750121 263512.818153 
283051.282434 264180.058879 
282967.129509 264989.524563 
282917.245653 265413.236734 
281962.930009 266254.549029 
281503.614472 266430.915308 
280135.622693 266767.803118 
267929.731277 276582.974390 
268591.181757 276436.219901 
277744.222012 267246.630679 
277226.712850 267323.575601 
276291.606392 268019.606477 
276204.537780 268891.058316 
274647.434013 268979.146212 
274074.844375 269105.164502 
273956.995428 270443.122668 
272714.195129 271023.114666 
271573.255916 271404.610602 
271361.749869 271999.756596 
271224.371197 272690.786993 
270568.983097 273853.942082 
270524.780725 274668.035471 
269766.203401 274671.423423 
269241.946091 274803.686979 
278843.308282 267120.086464 
279490.781021 266927.436511 
267685.688524 276937.352509 
267232.420732 277143.718628 
265481.655995 278526.986444 
264255.174689 279956.373987 
263961.556672 280085.967746 
263615.109775 280648.120976 
261725.261876 281277.706468 
261653.051144 281678.639796 
261355.124075 282629.459275 
285468.391984 263103.585446 
260901.565802 283475.301549 
286352.170598 261021.666020 
259395.686493 286114.934867 
258492.041976 286206.462521 
258413.394718 286909.177141 
257589.278199 288455.931649 
257310.874645 289236.408562 
256460.890150 290363.534162 
256106.182489 290858.709407 
321014.950428 291348.767600 
320988.146411 291624.912209 
320609.843472 291804.484796 
320170.276326 292912.179700 
320060.915599 293589.163915 
320060.418077 294247.840621 
319855.314128 294439.212649 
297421.878560 310669.824311 
316610.302142 295386.600212 
298325.668528 310524.378617 
313268.120609 295984.874835 
312974.643869 296104.337155 
312945.341950 296588.042221 
312262.974245 296902.171262 
312021.145687 297415.692090 
311426.112836 298393.217290 
311246.388812 299224.006757 
310276.550795 299260.373590 
309842.990510 299927.413912 
302650.853993 308708.395357 
303142.926971 308552.321778 
308005.837356 301027.187488 
307860.804568 301084.584651 
307501.599494 301583.004263 
307449.536473 302329.680779 
307333.488362 302951.733277 
307224.474550 304374.776031 
305561.005928 304699.059849 
305469.451067 304799.577718 
305430.043397 305297.572956 
305423.212683 305357.813515 
305414.198789 305433.093638 
305381.865069 306134.980860 
304549.231616 306907.699315 
303600.281777 307787.691471 
303432.777024 308228.448984 
309079.842135 300416.050226 
309139.063160 300017.198658 
302087.035470 309149.298567 
301553.867404 309302.046134 
301061.856273 309470.414022 
300810.302425 309537.931383 
300203.410378 309557.614966 
300188.306988 309813.116432 
299675.910917 310026.652733 
299604.372421 310173.985299 
299216.905493 310275.516675 
314215.002581 295670.501096 
297494.879874 310665.743007 
318716.453011 295188.347063 
297369.927827 311249.013884 
295152.325242 312509.255600 
295099.224236 312723.139416 
295018.984806 312898.571764 
294305.574328 313427.849419 
293850.464935 313822.498688 
293461.703167 314177.936673 
354235.473753 316178.870778 
353442.551334 316305.519239 
353245.741987 316668.740474 
352964.559234 316833.758349 
352915.320676 319741.022881 
350730.997273 320535.044851 
349397.345422 320561.684281 
324995.219937 344633.657574 
347903.191879 320981.347027 
326962.780722 343736.043614 
347248.503972 322218.387783 
347138.300248 323312.489036 
347123.235736 323683.077048 
346766.576205 324092.220620 
346619.715949 324881.835904 
345355.055677 325427.201285 
344674.189265 326898.066939 
343370.614333 327846.742847 
342828.214200 328699.734465 
331024.032483 337682.388055 
331124.342828 336554.387202 
341972.195814 329375.873758 
341371.653947 329693.187393 
339838.650564 330914.824702 
339471.524276 332233.949019 
339364.794901 332503.992245 
339137.766794 332653.699570 
338785.318776 332723.063049 
337706.225907 333261.735330 
337621.479316 333600.111913 
336908.844837 333762.217956 
333670.036986 334156.179326 
333128.976684 334334.711110 
331547.161219 335193.845449 
331435.277971 335324.973023 
331357.532042 336549.116188 
342184.181113 329331.189043 
342357.859565 328922.648325 
330529.023372 337820.931159 
330095.666482 338674.171449 
329693.048898 339327.563624 
329559.446336 339373.268373 
328849.000321 339581.867886 
328797.907122 339840.406949 
328772.605938 340106.617710 
328646.670083 341656.343404 
328233.841954 342336.590437 
347489.491949 322136.592142 
326554.093180 344017.765687 
348309.745465 320943.244542 
324896.257535 345319.220717 
324010.650275 346091.447587 
323967.707574 346285.105077 
322804.561262 346444.217495 
322421.990567 346555.907483 
322400.120350 346734.952321 
321336.596365 347372.855803 
383668.308860 347739.919244 
383453.094613 348340.850463 
383395.108022 348911.258206 
382971.598545 349097.905130 
381473.694511 349355.154231 
380857.119081 351136.887325 
380386.862664 351357.433936 
355353.371812 372821.721017 
380000.122022 351823.764870 
355641.726572 372013.007118 
378425.720846 354535.566131 
377472.221938 355442.596626 
376990.426341 355783.648270 
376657.350630 355921.009708 
374440.670596 356622.764937 
373469.026043 356697.386458 
373396.024136 356932.898509 
372649.075288 357950.144343 
371685.284786 358196.233810 
363778.840582 368889.185748 
364036.067745 368778.428250 
370249.975761 361539.307696 
369843.022460 362168.981514 
369731.937468 362196.696260 
369409.653076 362590.481919 
369095.667775 363446.184884 
368955.778152 363683.222268 
368334.229181 363727.891021 
367906.371157 365737.338437 
367178.551436 366004.242662 
366874.780773 366463.069869 
366258.997680 366589.531714 
366233.442711 366937.648232 
365148.924649 367891.473435 
364992.743914 367962.633567 
364056.297009 368379.915765 
370804.786921 359903.844349 
371215.596149 359122.762045 
363510.599342 369035.288147 
362418.519445 369859.648945 
360830.056373 370076.440912 
360619.456144 370116.630491 
360369.573446 370319.002394 
360072.933999 370441.353154 
359707.535900 370536.700340 
359103.012302 370866.570613 
355950.145105 371656.097309 
379137.333543 353272.403748 
355376.096376 372414.834844 
380014.021069 351730.937355 
355166.934275 372858.695149 
355124.354650 373033.174325 
354599.652357 373104.856553 
354542.631840 373244.418163 
354505.277566 373799.585361 
354417.775758 374378.953057 
354315.757111 374829.332445 
413250.439988 374939.367911 
413055.468894 375749.987450 
412744.942485 376005.410641 
412490.428224 376827.288594 
412043.569901 377155.026788 
411766.622059 377742.395780 
411111.206522 377870.079426 
388634.953975 400398.673104 
410046.851855 378469.050290 
389637.363376 398728.811835 
409002.958716 379555.348300 
408725.902640 379714.638005 
408040.235705 380244.662757 
407778.701322 380580.740719 
407759.710556 381008.864534 
406745.851218 381275.569048 
405296.794469 381896.783294 
405219.598274 382094.884800 
405019.980154 382101.190440 
394262.310009 393441.054264 
394269.131273 393334.214655 
403260.517791 382639.829789 
402910.726030 383389.315558 
401381.025600 384106.718369 
401378.269133 386273.926752 
400762.172650 387080.863712 
400760.741501 388431.817977 
400604.148272 388610.317325 
400092.745271 388622.221052 
397319.846196 389217.510808 
397283.419694 390549.800994 
396945.550606 390708.943341 
396560.429798 390937.362719 
396213.157734 391514.008482 
395939.795367 392793.347704 
395263.586186 393049.104003 
403660.849458 382583.772738 
403748.617330 382505.924557 
394050.623389 393756.321924 
393723.448920 394548.687078 
393139.260036 394886.091205 
392923.154481 395123.620018 
391519.492461 395735.390897 
390792.973934 395842.216505 
390470.920031 395866.769628 
389986.381154 396308.024878 
389905.289294 398057.888013 
409211.169996 378883.885654 
389602.991514 399315.978454 
410436.205429 378155.379616 
388009.270717 400732.020395 
387856.909996 401291.607682 
387018.509314 401392.635939 
386807.058990 401652.977098 
385905.436006 401769.021201 
384449.982939 402397.601994 
384045.993245 403636.913393 
436125.073687 404739.407176 
435959.253737 405031.709864 
435853.691946 405125.742594 
435130.578628 405557.992667 
435125.969154 406333.926851 
435073.471872 407486.165998 
434163.210126 407779.581561 
415800.371865 431470.339709 
433621.424232 409934.607135 
416453.083356 431200.258688 
433040.965846 410480.226541 
432437.264337 411041.486007 
432239.360808 411544.621916 
432212.198573 411897.049981 
432001.654876 412335.301550 
431897.543681 412585.437506 
431568.108831 412629.950864 
431413.734314 413951.510597 
431299.133973 414226.192095 
421972.014482 424773.664493 
422190.191230 421679.363883 
430268.754651 415149.255110 
428306.158340 416088.406998 
427801.287102 416714.763100 
427093.546623 417397.120187 
426127.763278 417553.738920 
426041.174277 418914.476933 
425446.404209 419204.011079 
425058.814861 419650.230625 
425043.933400 419670.823550 
424784.684809 419876.532803 
424618.255456 419884.705641 
423902.839464 420115.667307 
423356.119224 420615.983774 
422440.788591 421087.427720 
422227.397004 421525.905702 
430309.807931 415028.071453 
430928.793064 415019.938788 
420371.420141 426792.747816 
419700.767397 427084.671750 
418990.354305 427143.553276 
418972.663384 427683.474399 
418872.773849 427920.972268 
418733.172639 428148.467173 
418540.188293 429098.627288 
418461.407384 429413.415848 
417470.652037 430129.502911 
433206.569660 410244.599525 
416196.927761 431367.562620 
434157.323987 408630.579226 
415717.442214 431477.311407 
414913.037774 432107.124421 
414596.851688 432276.998120 
414408.450517 432448.790745 
413875.896852 432618.515723 
413872.078521 432647.145202 
413264.525668 433136.378633 
462563.147696 433275.545467 
462216.722880 433754.002114 
462099.689139 433792.014812 
460284.502042 435404.003023 
459992.141728 435633.521517 
459788.077973 435766.804768 
459613.166630 436228.808730 
439238.626554 455805.979024 
457831.200061 437540.018931 
440127.020502 454669.840865 
456927.373883 437978.036321 
456885.599539 438548.612745 
456489.947319 438635.937751 
455559.369878 438687.163251 
454411.841354 438757.291999 
454193.165992 438805.182259 
454031.013581 438889.876028 
453472.977492 439414.766585 
452384.060668 439540.175728 
445593.904955 450163.579378 
445630.729084 449570.567946 
451654.328243 442925.621976 
451307.344807 443163.803977 
451241.839285 443209.888917 
450948.438596 444250.860906 
450323.424491 445410.161903 
450111.613213 445678.562391 
450007.250599 447006.820106 
449554.653700 447164.431371 
448984.862783 447238.039738 
448419.892224 447249.448666 
448277.326950 447826.185108 
448273.069558 447877.784963 
447330.333616 448324.950309 
446556.686940 448570.235791 
445956.935461 449551.701465 
451910.800650 440358.120935 
452187.197845 440293.609308 
444946.625560 450594.578497 
443475.296124 450961.113107 
443140.681138 451230.127055 
442873.860054 451794.635998 
442656.219867 451833.145632 
441104.602866 452395.982765 
441005.702653 452670.596274 
440851.694199 453331.577700 
440239.731647 453762.225742 
457188.053957 437581.881418 
439713.367121 454741.666684 
458769.549395 437293.238951 
438481.160613 456132.191815 
437987.867348 456643.819556 
437618.071183 457523.073490 
437097.977782 457891.976388 
436837.942038 459936.975338 
436727.345326 460893.332182 
436316.666890 462028.228855 
491535.795929 462547.940709 
491052.159168 463287.115691 
489693.937756 463288.360453 
489576.673899 463355.787724 
488509.140533 463497.820046 
488281.477232 463962.057366 
487736.158514 464074.272874 
467339.603944 485036.943299 
487365.544874 465860.938229 
469686.603378 483150.188339 
486823.525376 466553.581839 
486790.683141 467777.377556 
485235.042490 468543.276100 
485077.910232 468619.448447 
484953.932401 468623.966456 
484801.513203 468786.187995 
484513.058720 468941.781088 
484238.955307 469264.840390 
483716.738794 469365.161734 
476324.165527 477990.136077 
476525.020744 476983.013470 
481992.285770 469751.053451 
481841.151841 469853.616287 
481204.031744 470002.130597 
480971.604349 470654.322131 
480826.138827 470855.734698 
480400.303761 471064.060156 
479872.182551 471243.982462 
479513.159640 472222.678212 
479467.988849 473407.449811 
478839.898102 473695.019389 
478215.879886 473821.481410 
478193.137146 473938.960756 
476982.550539 474984.185115 
476833.498357 475087.917798 
476664.941941 476421.704198 
482441.031389 469725.558799 
483660.365271 469607.556165 
475765.867058 478303.029235 
475632.409045 479090.753981 
475121.324716 479860.000894 
473891.684184 480079.473069 
473852.069186 480348.092269 
473270.719476 480523.491291 
471218.353495 482100.027599 
470818.994275 482476.185307 
470763.856402 483019.484941 
487273.153478 466430.186382 
467882.591271 485012.639472 
487372.803749 464075.215375 
466675.286749 485772.277142 
466603.987295 485831.304797 
465407.844786 486404.939792 
464319.494385 486439.182665 
463301.738652 486597.462539 
462918.123986 486950.302675 
462829.335194 486970.821848 
520391.933055 487168.041745 
519395.952269 487433.232097 
519165.434473 487589.660264 
519013.168089 487893.147388 
517626.897199 488396.557325 
517081.488304 488466.464559 
516453.451979 489623.663394 
494827.232653 511210.369855 
514526.025642 490286.450632 
495520.569743 510005.918843 
513475.360401 491741.650475 
513230.272665 492082.464638 
512673.587500 492272.437549 
512328.705903 493002.254796 
512185.747720 493029.037032 
511707.991948 493128.942043 
511674.269546 493158.971324 
511104.406098 493202.037117 
511097.593637 493299.700503 
500837.351449 507734.385939 
500964.303990 507671.526556 
507856.889320 495296.211409 
507844.588352 495443.901505 
507569.378945 495572.218700 
507548.463771 497405.177524 
507148.245598 497932.979324 
505703.586045 498277.327319 
505586.949868 498675.296434 
504571.969061 501368.402938 
504516.206082 501836.156420 
504109.077755 502903.476095 
503213.579053 503135.572618 
501853.299759 504773.018954 
501803.878327 505757.581305 
501336.313903 506824.950195 
501029.551795 507060.447246 
508270.852142 493833.597875 
510453.307151 493627.323198 
499963.591485 507769.302228 
499959.395023 508246.107232 
499035.511123 508437.714111 
498913.301558 508515.987958 
498295.876719 508584.713674 
498043.129039 508710.991908 
497077.392305 508916.525499 
495869.745731 509080.513464 
495710.950873 509708.240500 
514129.294555 490781.041803 
495272.853651 511002.038107 
516322.136082 490133.999710 
494220.444997 511940.774726 
493893.483236 512417.709515 
493439.868624 512993.124788 
492896.854981 514423.397794 
492655.211818 514533.246351 
492351.178102 515414.719730 
492153.059370 515683.416951 
545201.808924 517169.146257 
543873.065078 518569.627049 
543373.690920 518819.273722 
543321.864072 518923.321403 
542721.594998 519314.158639 
541931.043160 520571.659006 
541908.999774 520658.265360 
524750.537106 536428.075730 
541578.364279 520896.093813 
525106.078065 535800.886977 
541064.275912 521190.800046 
541058.254374 521243.988191 
540723.695689 521414.167857 
540283.507939 521643.069466 
540061.152060 521961.918526 
538416.825955 522086.729427 
538255.070540 522160.935642 
538066.365299 522512.608660 
537931.907847 522758.511422 
531100.524699 529629.910054 
531248.847510 529319.968846 
537070.136651 523537.000587 
537060.117623 523696.867758 
536138.809525 523699.449040 
535824.902044 524685.803602 
535482.645296 525400.661111 
535431.579372 525425.186364 
533742.492438 525515.910781 
533672.588237 525928.181833 
533621.224194 526490.416911 
533108.926408 526648.711002 
532879.424294 527195.703492 
532424.182043 527638.379083 
531795.526283 528437.752900 
531641.066620 528871.671163 
531620.123003 528898.317659 
537582.756220 523004.493243 
537822.486817 522855.501341 
530914.010060 530240.531210 
530512.057036 532734.335008 
529847.931335 533029.093142 
529509.092520 533438.614999 
528825.068209 534472.810665 
528138.243695 534706.850365 
527486.175031 534820.018249 
526477.519398 535422.618872 
525698.820103 535604.037403 
541425.331200 521135.167682 
525094.645198 536331.478822 
541824.408246 520861.904582 
524646.015480 537008.879668 
524561.364164 537172.300750 
524402.205578 538837.509071 
522562.613960 539317.536559 
522382.550357 540107.860909 
521973.161939 540290.277978 
521187.759846 540742.309441 
570758.818895 541066.177866 
569900.732775 541236.843444 
569792.893814 541267.743140 
569309.958179 541363.744181 
567870.851798 541374.667855 
566471.649715 542540.827095 
565981.756683 542597.273302 
547878.067288 567820.843524 
565821.454391 543098.889687 
548995.463499 565892.864652 
564613.997928 543307.259154 
562667.463879 544000.364309 
562635.750992 544438.095333 
562541.981247 545271.009274 
561722.756176 545688.964212 
561398.596382 546394.684325 
561026.243980 546993.626328 
560363.652684 546999.495493 
560350.576840 547077.531432 
553693.091372 560059.589081 
554209.698662 559527.795794 
557860.723406 548380.744321 
557759.217584 550389.695995 
557652.726066 551307.629938 
557435.919658 551516.678845 
556937.577540 552423.070831 
556829.925709 553605.069603 
556328.534829 553935.642339 
555930.551215 554390.263223 
555894.176674 554888.136730 
555864.752839 556384.077917 
555470.399710 557271.847325 
555199.178499 557853.758805 
555131.486008 558037.378827 
554868.981371 558351.184759 
554236.650520 558396.940721 
558263.092054 548054.379627 
560344.023975 548011.480254 
553343.834573 560402.305922 
552758.020484 560962.242258 
552078.663180 561632.423056 
551655.185095 562324.359215 
551041.995624 563094.077018 
550979.480939 563967.336297 
549718.498572 564102.868454 
549193.854213 564600.763606 
549101.769810 565533.031958 
565061.141830 543110.118594 
547926.483949 566725.566768 
565966.337621 542672.186758 
546923.961733 569129.784954 
546824.048319 570077.974623 
546540.426948 570222.973645 
546238.774525 570496.365303 
545630.417314 570822.538884 
545384.035281 570855.525265 
545208.959156 571067.691060 
600161.795229 573064.308713 
599799.675102 573111.013264 
599713.353975 573118.766837 
598972.859710 573283.635851 
598766.257349 574066.207607 
597789.011945 574126.981639 
597340.796126 574206.034262 
574190.001884 597712.378669 
596113.869877 574662.001644 
574699.356116 595951.775481 
595477.937272 575540.362483 
595245.326337 575910.016156 
594994.016157 575965.565076 
594854.358699 576143.148206 
594667.972394 576843.822743 
594313.758309 577154.415413 
593431.505440 577222.431312 
593317.698212 577476.611475 
593200.989013 577510.279244 
579696.975823 587817.392136 
581746.043677 587703.649812 
592348.326328 579040.660067 
591227.084253 579756.839409 
590803.380055 580062.031102 
589847.543340 580776.702348 
589372.221538 582442.407786 
588642.401260 582566.372648 
587356.018380 582714.426433 
586605.313503 582790.939412 
586326.957175 582924.677286 
585721.795182 583791.996208 
585083.080959 583911.201140 
584885.012010 585755.579652 
584819.694974 586029.822764 
582168.642352 586355.497685 
581770.920613 587502.219064 
592426.584527 578528.631460 
592501.916131 578066.292701 
579648.682281 588625.930787 
578862.922032 589649.381432 
578422.131454 589747.132557 
577896.893802 589802.682861 
576933.757293 592011.606607 
576366.563075 592058.118299 
576300.013512 593274.297754 
576257.552877 593707.250349 
575300.340396 594348.187525 
595902.454180 574894.785952 
574554.885301 596236.061929 
596781.429698 574554.191745 
573581.309461 597799.605606 
572732.117925 598115.225726 
572292.402583 599846.071369 
571902.084453 600792.198414 
571564.358393 601593.103698 
571327.923569 601717.635233 
571051.554419 602585.471308 
629223.335869 602919.538274 
629079.112006 602944.331688 
628624.188527 603413.268314 
628081.946058 603454.251513 
626564.091144 603563.012947 
625977.057484 603576.750853 
625847.969996 603585.123209 
603704.716380 622766.283122 
625209.118567 604511.794280 
605537.113399 621825.933472 
625034.871337 605913.484518 
624917.223011 606555.451169 
624185.182088 606578.913557 
623732.464132 606885.832661 
622652.184348 607101.924061 
622633.978391 607203.823663 
621765.756152 607372.185320 
621091.884194 607440.188653 
620941.400278 607837.444888 
613101.011623 618272.340887 
613265.641144 617971.488444 
617901.532119 610442.982931 
617765.957924 610967.080856 
617178.214376 611230.336209 
617169.074350 611858.435889 
616345.068421 612470.935584 
616095.993237 612608.401290 
616001.177044 612821.172900 
615952.413969 613745.275727 
615193.774168 614150.332518 
615191.819537 615220.925145 
615025.867571 615400.369498 
614900.074401 616195.474324 
614747.484536 617149.416996 
614307.429764 617396.142108 
613926.254208 617396.727039 
618285.066596 608320.786981 
618319.137245 608038.321444 
612528.273205 618345.652828 
612023.677202 618425.236147 
611592.111308 618514.089784 
610543.953728 618780.656529 
609624.443271 620709.364375 
607265.764706 620849.815771 
607177.247947 621305.547972 
606770.106636 621338.884481 
606632.089494 621445.219857 
625107.419030 605678.255265 
604022.076114 622354.259154 
625518.245798 604170.564740 
603467.861596 625015.716733 
602086.527059 625200.576167 
601608.064883 625297.021092 
601526.792889 625427.074576 
601079.678439 626061.298390 
600983.343689 626441.552515 
600959.307330 626907.430688 
655501.384810 627410.301273 
655251.089855 628060.016689 
654994.088820 628674.525700 
654826.142055 629732.978308 
654035.525540 630803.168154 
653906.577679 631010.865640 
653860.511978 631435.985122 
633167.467115 657547.268910 
653530.232064 632949.791077 
633726.497722 656104.702607 
652673.037362 634735.638501 
652411.926856 634738.019206 
651695.266181 636330.079900 
651382.582779 636507.364742 
651170.840677 636912.472579 
649277.245016 637234.742229 
649124.694686 637789.265806 
649049.715408 638353.672837 
648393.915915 640395.658789 
638709.327734 649501.987426 
639134.512284 649267.690631 
646721.019019 641915.090758 
646303.480883 642072.426177 
646026.626159 642348.949937 
645694.718600 642584.555313 
645484.298410 642745.462319 
645028.760911 643768.532640 
644522.764565 643952.604809 
643782.814310 643956.222276 
643385.261937 644397.096548 
642905.219765 644412.849305 
642108.717418 645445.781624 
641901.030037 647154.859095 
640684.651037 647173.700637 
640627.801594 648213.551109 
640066.211092 648643.603688 
646799.531788 641677.150932 
647254.796029 641174.959431 
638153.839902 650137.814819 
637974.311265 650848.819613 
637702.769428 651935.938375 
637360.114754 652030.598981 
636573.659233 652347.196880 
635304.744840 653656.411867 
635041.604260 654276.116244 
635034.664934 654772.592991 
633842.757296 655442.543363 
652722.279698 633547.719999 
633445.872941 656182.270753 
653797.515339 632253.353920 
632664.373514 657652.726171 
631951.625606 657819.688899 
631025.962588 658104.236958 
630779.691569 659195.793184 
629565.315533 660146.799655 
629289.650915 660373.352007 
629265.589235 660478.717772 
684354.543977 660575.810190 
684060.223054 660875.157599 
683973.413691 661232.013511 
683918.095815 661607.847102 
683830.009830 662280.857076 
683606.665439 662422.131633 
683385.222416 663274.116938 
660908.520296 681618.733270 
680873.017467 664314.533029 
661595.630111 681385.280517 
679536.032729 665816.491849 
679001.304501 666593.956767 
678233.319853 668322.061287 
678195.613854 668616.682718 
677593.356249 668880.440275 
676566.156604 669234.769403 
676448.236625 670516.404313 
676035.492238 670529.414117 
675259.252001 670798.013328 
667745.282014 678107.440961 
668241.035271 677635.161677 
673761.855252 671259.938858 
673266.512761 671265.578637 
672561.821383 671765.327518 
672474.172807 672038.992916 
672303.575674 672106.930959 
672043.977386 673203.843120 
671911.304447 674053.298320 
671736.447983 674241.000488 
671169.303087 674694.745021 
671045.945928 675480.730662 
670758.315230 676059.691878 
670263.902835 676568.351531 
668989.035108 676670.997807 
668878.729248 676874.931750 
668664.127930 677158.909881 
674810.931114 671155.476298 
675230.900363 670838.703107 
667408.967560 678401.194107 
667293.476358 678834.523418 
667129.102038 679122.059096 
667052.086113 679522.765139 
666460.120286 679604.767209 
664569.220447 680125.435449 
663290.416485 680531.979389 
661881.504844 680770.919442 
661864.270226 680802.967514 
679817.859798 665365.027640 
661018.490895 681519.923155 
681457.397316 664132.450024 
659316.005071 682166.532718 
658991.243082 682301.863986 
658265.059475 682576.038134 
658165.563428 682992.966164 
657985.503881 683567.147311 
657298.581646 684618.369435 
657210.264765 684641.203465 
708103.924192 684674.459605 
707354.631454 685496.933487 
707281.066734 686450.456847 
705975.978290 686944.772316 
705086.345874 687067.621267 
704708.400324 689613.358107 
704607.925244 690257.274004 
687491.376973 712556.889344 
702620.684188 691854.236923 
688452.072460 711689.237300 
701384.927031 692931.595196 
701026.433427 693681.877349 
700254.481220 695258.004182 
699900.161969 695421.918734 
699048.675098 695653.895490 
698719.593422 696022.681789 
698513.248171 696145.950289 
697791.319571 696874.389952 
697554.066834 696966.579455 
692158.345560 706475.879412 
692300.265794 706148.563114 
697282.756912 701481.791079 
697269.801023 701671.066572 
697209.497215 701860.958437 
697068.609379 703013.758294 
696359.153668 704132.078822 
696062.430177 704381.452790 
696013.548395 704612.367518 
695932.244968 704823.591700 
695524.851026 705038.395930 
695316.128873 705217.983773 
694629.889346 705262.662081 
693940.041145 705374.206648 
693752.072350 705564.624331 
692974.684926 705683.470958 
692758.679090 705730.489830 
697443.136640 699186.074045 
697459.743383 697982.403620 
692078.551764 706610.672954 
691847.357971 707105.172418 
691450.144270 708674.931116 
691293.065552 708699.975794 
691098.225025 708812.708174 
690658.713449 709523.177318 
690474.653539 709613.136767 
689278.801968 709644.601507 
688612.497889 711494.937136 
702285.205557 692595.503288 
688040.013066 712295.637764 
703691.874475 691742.978258 
686921.769236 712844.483416 
686527.338715 713077.706904 
686305.088660 713522.778634 
686263.728114 713651.629470 
685546.262945 714793.436051 
685368.254751 714883.516134 
684874.957006 715448.991663 
734843.974110 715890.855934 
734504.191896 715952.553025 
733591.509060 716167.803257 
733553.168885 716671.826369 
732959.194824 718071.752362 
732706.913474 718079.971003 
732187.059123 719262.669728 
710489.872788 737567.212846 
732048.578669 720410.358172 
712291.045528 736473.891585 
728559.400073 721300.036836 
727817.208545 721655.709742 
727574.375556 721845.116585 
727146.913569 722254.467117 
727043.589990 722675.798744 
726885.872829 722750.394700 
726746.482051 723717.731881 
726576.223931 723785.403774 
726337.329362 723979.424454 
718205.907683 734065.572336 
718431.571087 733506.679963 
725318.561805 724480.537721 
725229.448935 724490.642986 
725111.049127 725473.150346 
723490.401785 726294.885646 
723248.972466 726515.009284 
723188.263078 729152.056649 
721898.771491 729175.981134 
721357.185359 729328.568177 
719831.006773 730271.544156 
719814.427525 730322.862154 
718999.238944 730344.566421 
718845.248454 730964.372669 
718813.572045 731211.825021 
718739.618422 732145.776820 
718570.757936 732228.916469 
725678.142509 724466.973219 
726156.414343 724068.712188 
717842.225987 734123.519119 
716437.620332 734403.735403 
715572.037138 734906.614359 
715393.590971 735294.167695 
714549.009896 735329.063354 
713546.795968 735719.097831 
713338.002740 735772.166466 
713328.574993 735925.834814 
712815.172784 736353.587924 
728844.174888 720555.559795 
711798.171438 737282.078876 
732165.521941 719289.573211 
710323.463182 738272.576923 
709810.618189 739853.085091 
709560.798198 740402.571086 
709162.152894 740614.574896 
708846.382682 742253.298029 
708747.162433 742404.245770 
708285.654166 743030.641782 
763185.119510 743639.079111 
762598.764530 744686.713270 
762572.887018 745980.045360 
761721.548697 746374.757982 
761553.579154 746423.517725 
761486.827887 746592.826868 
761289.187644 746958.535380 
739030.778635 765364.046286 
760392.859710 747551.992377 
741062.110828 764183.876365 
759034.464051 747728.576256 
758820.264153 747784.056577 
758517.452090 748154.170892 
757507.292116 748251.005149 
757382.316600 748394.909879 
757186.375632 748935.778553 
756942.191026 749010.089515 
756655.663434 749017.607395 
756556.563836 749736.129097 
749295.664313 762021.319953 
750232.096447 761660.656455 
755927.839809 753928.737124 
755839.868041 754109.773438 
755225.244941 754370.123355 
754294.001215 754731.249885 
754272.185544 754829.124761 
754238.945430 755640.512582 
754130.900605 756660.742358 
753880.632814 756684.425603 
753001.808378 757195.180863 
752322.086593 757640.135109 
752270.815849 758660.420812 
752099.158710 760501.579299 
751617.543368 760705.419127 
751246.383568 761221.652268 
750897.768614 761489.500301 
755997.347794 753063.525636 
756255.372958 752858.343015 
747940.769392 762242.309411 
747894.758566 762265.924233 
747888.507901 762371.674303 
747650.236701 762993.727440 
745361.606411 763190.573528 
744675.910024 763279.682303 
744665.325120 763341.648998 
742450.379307 763394.397384 
741745.123965 763787.435538 
759684.373128 747584.796671 
740465.482465 764803.239894 
760974.469903 747319.156346 
737716.528686 766324.628267 
737586.648768 766553.110055 
737022.147457 767322.970182 
736644.931920 768495.758179 
736097.804748 768507.492747 
735550.687692 768617.685692 
735451.468101 769125.210007 
789847.920422 769387.380821 
789823.002393 769460.457658 
788760.319377 770136.815955 
788041.499562 770773.787163 
787322.366193 771843.712418 
786965.998596 772259.835497 
786694.782635 772434.835082 
767382.879625 800407.166570 
785509.052579 773506.330715 
768032.129014 798308.083245 
785092.815156 774777.275492 
784612.489498 776201.435584 
784235.278868 776290.266069 
783136.630837 776355.892235 
782699.152288 777040.055419 
782337.213815 777398.211199 
781760.318364 777622.441943 
781439.540594 779659.182693 
781438.562093 780219.945853 
773195.673636 792452.919323 
773671.309974 790476.766231 
780706.052088 780611.892664 
780645.605692 782181.748454 
780240.139844 783286.436434 
779988.276026 783726.002408 
779317.998485 784041.470849 
778695.060062 784055.677285 
777596.248118 784417.434520 
777507.465969 784691.361375 
776722.286015 785628.708207 
776037.276792 786169.748432 
774637.937960 788795.882658 
774589.890035 789020.349308 
774485.437743 789199.237868 
774254.586497 789258.126776 
773673.196852 789368.720171 
780951.762176 780562.715596 
781433.877086 780551.020052 
772588.522227 792592.107240 
772571.277316 792682.700464 
772269.112010 792769.522094 
772044.650424 792775.344467 
771256.484358 793787.243675 
770263.692047 794769.126631 
769663.889902 796554.408044 
768914.209034 796609.391820 
768517.563846 797393.796076 
785319.920284 773974.539160 
767949.951580 798913.939721 
785644.887068 773446.396404 
767380.928211 800579.882625 
767223.905800 800923.898570 
766911.188064 801195.590344 
766463.286342 801681.475061 
765937.435806 801997.918914 
764652.687049 802083.489423 
764073.278278 802112.906214 
818922.977171 802303.610201 
818877.693821 803209.225824 
818761.507686 803434.890937 
818297.106171 803470.749551 
818121.941891 803563.469811 
816356.070714 804018.696620 
815574.690213 804912.437836 
792934.650810 822811.726084 
814702.899981 806095.564263 
793767.277638 822293.547621 
814021.429940 808123.227023 
813494.291712 808626.858312 
813441.531405 809004.007749 
813356.968026 809150.544483 
813092.568385 809811.757578 
812455.404895 809866.107230 
812372.729847 811399.366190 
812102.486357 811448.875657 
810458.209576 813382.541489 
797021.198022 818439.678606 
797081.927208 818297.329959 
808984.640532 813868.860305 
808380.335950 814062.520124 
807867.876283 814270.571238 
807766.629301 814270.600862 
806901.822191 814755.862888 
806068.947065 814912.954664 
805177.704946 815001.795308 
803271.652673 815054.083690 
801317.891137 815442.119650 
800953.915391 815665.581017 
799819.579311 816076.872512 
798982.264360 816818.718598 
798816.732135 817050.380209 
798502.658207 817435.766388 
797479.415924 818127.220642 
809807.560816 813822.463808 
810258.956734 813527.044126 
796770.718720 818913.529637 
796489.157148 819302.469869 
795518.379348 819721.213824 
795326.308601 819735.680384 
795026.566034 820059.813981 
794657.972258 820274.358953 
794208.087653 820780.932852 
794037.654794 821510.376856 
794034.998068 821679.227680 
814525.143742 807372.369955 
793575.378276 822741.915562 
814784.693531 805272.942728 
792652.111707 822815.243571 
792423.583258 822867.378788 
791625.615132 824310.773273 
791148.839287 824329.203830 
790403.986993 824433.821115 
790076.366435 824521.221656 
790018.543679 824626.182440 
848084.301690 825081.039706 
846594.878870 825103.388766 
846561.077725 825347.668315 
846520.382209 826036.854023 
846399.780266 826275.171870 
846020.717051 826849.280464 
845639.067299 827478.720820 
823560.425057 847490.173847 
843289.366016 828890.103965 
824091.958200 847453.454223 
842621.564984 829463.917281 
841864.648524 830607.806264 
841643.108329 830764.268844 
840839.519276 831430.543580 
840516.722466 832330.028270 
840056.762286 833005.580455 
838992.017783 833268.600448 
838702.745401 833635.068299 
838444.892914 833866.327335 
829499.966509 844990.055068 
830407.866834 844761.930202 
836503.757157 835013.089329 
835743.202451 835296.833388 
835625.889069 836050.484418 
835393.784922 836122.459818 
835222.142152 836737.448753 
834899.856970 836770.121254 
834578.363764 838039.410672 
833530.306959 839125.973496 
833413.344332 839232.050836 
833396.452676 840117.131612 
832011.581902 840414.090632 
831549.187362 840804.657559 
830804.932096 842467.085113 
830446.863291 844024.818666 
830435.673932 844183.308715 
836533.586210 834694.293827 
837744.548814 834077.978787 
828898.164547 845106.036108 
828316.056157 845252.990335 
828018.799323 845405.643584 
827848.635891 845517.161045 
827565.604796 845928.125802 
827037.519476 846308.078954 
826499.475110 846782.450381 
825319.079464 847203.012260 
824315.715918 847326.270621 
842974.813212 829268.223667 
823751.526513 847475.691703 
845611.180701 827692.659178 
823494.605019 847633.675225 
823464.394751 847802.588517 
823313.257017 847980.033509 
821860.975441 848985.661400 
821762.446704 849094.775552 
821133.300092 849936.218628 
820726.187465 849991.418770 
880006.027153 851436.570559 
879935.912081 852198.782779 
877561.597294 853089.480725 
877251.903813 853988.175200 
876867.212204 854654.906302 
876430.690028 856286.922905 
876158.903982 857478.275719 
852840.835406 880617.180390 
875294.923844 858801.331596 
853021.795776 879578.601872 
874397.041041 858945.999283 
873512.357376 860254.276338 
873463.185629 860661.513314 
872556.431459 861173.304777 
872255.232380 861224.963794 
872202.992999 861338.739508 
872192.094634 861895.705636 
872052.099123 863028.079728 
871273.674484 863051.223469 
858997.406448 874361.058814 
859119.125830 874292.502220 
869250.221311 864776.064596 
869198.814198 865858.059237 
867539.054895 866490.898111 
867474.174874 867127.379417 
866868.802620 867672.604829 
865548.439047 869416.691130 
864240.721946 869550.017636 
864156.490751 870292.352099 
864122.596852 870462.675330 
862943.571869 870493.587297 
862658.604341 872626.861305 
861568.435866 872849.596820 
861539.208787 872875.956321 
860782.256536 873237.296177 
860753.500875 873241.196425 
870716.987414 864169.784694 
871247.120272 863808.619182 
858048.680967 874662.977231 
857552.693050 876516.914744 
856815.203276 876704.747291 
856574.513263 876897.691010 
855976.828071 877288.927163 
854560.377005 877414.612604 
854517.875304 877596.877965 
854251.693916 878482.127685 
853416.113819 879024.931481 
875236.692795 858933.481361 
852949.539785 880586.389962 
875425.915434 857578.650125 
852612.911221 880976.164448 
851501.768809 880988.535561 
851126.083689 881337.925000 
850630.669850 881379.330469 
849609.022003 881443.529640 
849517.694982 883447.215234 
849125.232553 883947.424711 
908968.800272 884918.659104 
908524.116115 885198.243782 
908443.159171 885200.484249 
908421.749478 885444.684409 
906786.752993 886352.084262 
906388.844079 887130.373893 
905938.685527 887294.049675 
883244.588833 908372.939372 
904018.331751 888020.446612 
883798.608636 906986.170746 
903389.498347 889012.523836 
902857.823720 889157.175473 
902721.751158 889172.269479 
901023.003316 889400.863180 
900559.981173 889604.078053 
900431.596017 889854.730044 
900305.024765 889914.900232 
899260.952195 891310.834239 
898528.584307 891404.140761 
889044.346643 903060.732510 
889436.156685 902593.547520 
897415.153763 894263.018709 
896600.416946 894415.265647 
895788.874960 895140.553098 
895742.286574 895308.243337 
895692.925083 895745.421310 
895590.770938 896181.633982 
895035.831264 897726.949484 
893959.296234 897758.429309 
893947.431817 897771.523575 
893179.911418 898355.263165 
891515.821749 899399.794551 
890616.715553 899503.235838 
890089.429653 899651.905414 
889901.374298 900532.749592 
889577.359897 902450.001842 
898008.127533 893558.930894 
898084.630525 892266.766211 
887975.127076 903914.089666 
887303.332130 904201.262844 
887241.026203 904279.228541 
887138.389216 904334.920806 
887125.831615 904338.177815 
887111.836967 904542.150846 
885865.011397 905364.857261 
885088.284242 906092.964456 
884547.831271 906495.003273 
903841.561459 888625.593545 
883565.807786 908221.397937 
905800.932127 887740.788885 
883161.484386 908747.121772 
883115.058302 909218.842771 
882214.709136 909268.519687 
881960.644557 909876.038211 
881932.536300 911297.951979 
880496.229481 911907.847246 
880327.401087 912441.648019 
933617.196674 912542.746952 
932494.081464 913462.939615 
932048.706278 914004.742859 
931853.943727 914973.643755 
931488.746999 915485.432193 
931370.316550 915694.934011 
930274.875319 917690.987548 
911234.842716 939627.886147 
928762.018601 918469.290571 
911879.812125 938913.639940 
926360.170978 919180.840672 
925720.005765 919826.607625 
925398.156767 920181.227935 
925154.020108 920695.949636 
925061.450578 921250.775292 
924790.597663 921619.570531 
924474.365397 922595.982572 
924051.144776 923317.333392 
923110.533126 923513.209941 
914944.296336 935340.149893 
915530.490669 934867.842865 
922132.607599 926476.086783 
921915.073113 927691.227197 
921303.684789 927728.851477 
921077.723476 928071.535037 
920332.605702 929056.739309 
919558.373013 929481.616479 
918836.655280 929847.186295 
918630.418719 930049.731791 
918046.257084 931617.561044 
918016.548871 931691.421000 
917553.232961 931905.150114 
917003.315601 932052.090983 
916949.203580 932571.252171 
916656.615087 932890.478069 
915545.674746 934368.749211 
922160.382815 926274.558744 
922545.725583 925596.030184 
914269.270154 935405.007044 
913980.268968 936505.348630 
913797.807518 936748.196881 
913703.568569 937283.495460 
913515.900409 937709.634701 
913357.283596 938479.720065 
913246.930062 938483.579884 
913041.027470 938505.584929 
913002.501755 938558.463645 
926672.437396 918624.701249 
911875.827293 939464.653534 
929078.105148 918434.863581 
910787.905021 940278.506913 
910447.244043 940884.595285 
910242.063911 943584.238669 
910134.820389 943743.602760 
909774.073624 944119.376686 
909562.371545 944181.940697 
909388.552595 944538.562182 
967657.478026 944903.048819 
965789.294993 945039.882673 
965482.126142 945128.772367 
965334.668379 945757.419837 
963748.456993 945917.878880 
962414.283132 946862.534557 
962266.572237 946944.050206 
938170.049373 970642.852585 
961082.721784 949761.845100 
938401.904063 967730.275110 
960976.099196 951086.950266 
960716.344086 952022.460010 
960541.677107 952049.509796 
960434.693388 953294.008116 
960431.218555 953556.845291 
960163.761852 953797.100605 
959477.503532 954028.645884 
956756.726749 954125.441818 
956344.109256 954949.450206 
945374.877609 964126.684956 
945713.223532 964038.166379 
955775.953566 955985.649986 
954871.509799 957486.227547 
954191.379698 957806.644776 
953854.122317 957981.147853 
951394.805698 959045.865960 
950868.176882 959846.481039 
950108.290996 960821.337960 
950016.085049 960923.736946 
949937.837525 961444.076150 
947085.442425 962205.248879 
947054.299410 962526.253526 
946669.589136 963099.883363 
946516.820167 963570.657877 
946213.540493 963961.323991 
945921.708492 964032.847684 
955904.114863 955894.806015 
956107.384762 955532.158291 
944898.720488 964214.393102 
944817.619752 964397.325870 
943798.700811 964538.416826 
943407.126100 964579.739433 
942525.677047 964656.781618 
941629.584934 965210.672935 
941604.020630 966588.777749 
941018.950319 966611.038465 
940504.366061 967036.335740 
961032.944248 949779.769999 
938180.963901 968182.079196 
961589.743352 949659.351961 
937854.432057 970943.678013 
936875.507700 971183.724406 
934630.545849 971833.543391 
934627.280564 971875.890832 
934475.166562 972697.629086 
934409.141652 973189.272423 
933750.933821 973440.910190 
999105.209121 974629.330486 
998798.177602 974806.991162 
998055.897604 975304.748521 
997616.231663 975461.116907 
996903.317342 975828.401669 
996114.069325 976597.299026 
995717.330708 976792.752038 
971839.563670 997241.100739 
995020.746491 977751.784186 
973008.219727 996887.516843 
994122.818852 978539.880156 
993176.001599 979009.082505 
990760.560703 979019.629313 
990452.467689 979121.869302 
990436.739700 979485.337208 
990430.921860 979638.473293 
990307.990323 979712.314813 
989343.219757 980579.691706 
988945.035661 980834.448831 
976852.365534 992893.700205 
978290.217133 991610.286904 
987285.331632 981860.182581 
986865.237838 981934.829218 
986361.177219 983258.334008 
986297.052346 983447.722928 
986117.582314 983514.184224 
985544.010726 983975.645665 
985455.333375 984252.543827 
981869.888581 987405.501857 
981915.912760 987302.217825 
982649.016843 986441.836755 
981961.430498 986839.949533 
983301.279022 984482.887162 
985196.724209 984275.841737 
981602.350434 988039.296918 
981298.178488 988614.680315 
980797.281400 988649.732584 
980174.173237 989051.933843 
979542.667433 989324.341199 
979413.175274 989720.593478 
978496.307049 991404.256635 
988139.652273 981283.816584 
988836.846341 980900.508431 
976674.855343 993005.306824 
975468.073017 993546.825693 
975147.607103 993787.112682 
975073.728894 994938.978329 
974937.450868 995674.363028 
974647.822900 995761.364730 
974629.396901 995857.805930 
974271.020566 995892.475146 
973426.753255 996239.105617 
994743.234500 977987.124111 
972411.991901 997013.683264 
995585.810507 977750.768864 
971211.055870 997824.076940 
971011.254427 997907.616123 
970739.504371 998178.877772 
970238.777417 998704.202063 
969825.052717 999008.931541 
969004.876491 999428.845112 
968767.592057 999724.520961 
