2000 2
27997.084185 117.806814 
26969.967225 126.108238 
23771.865953 393.786494 
22934.847241 791.794556 
19016.422822 2088.053141 
17315.269151 2263.615559 
17104.962770 2649.026639 
1471.438345 21122.690646 
15010.337228 3289.291794 
4648.206098 18811.160795 
14044.746493 4684.412039 
13747.093235 6787.869621 
13334.133575 7457.316905 
13069.703579 7721.735457 
12945.364282 8907.227526 
11882.743966 8942.761067 
11084.400425 10033.586774 
10337.809005 10266.530482 
9584.441034 11611.047732 
6017.492561 13418.050913 
6274.227346 13363.354484 
8961.764199 12993.728976 
8437.497269 13180.885008 
9128.639542 12533.178313 
9178.533059 12406.324926 
5985.322243 13891.020532 
5773.192211 14743.142065 
5694.356075 16678.936588 
5560.416256 16858.403489 
5426.120014 17945.727332 
5157.056181 18000.184728 
4971.071265 18153.518564 
4947.507753 18239.446362 
4705.829781 18380.417973 
14424.436163 4132.410715 
4529.210902 19383.048462 
16046.694265 3087.047522 
1321.296708 22970.373078 
1170.025616 23097.459448 
1005.965143 23111.365505 
924.181418 23181.410738 
809.053465 23536.280824 
434.841098 23608.353595 
42.634785 23662.570324 
49810.311879 24925.076075 
49636.237750 25009.969243 
47761.517016 27601.577504 
47210.417618 27690.451745 
46809.871733 28243.463843 
46535.974475 28835.457914 
45686.310345 29145.751893 
32956.363262 41539.293838 
45403.503337 29517.882245 
34187.698531 40680.617106 
44831.475936 30081.717207 
44166.044956 30312.160404 
43750.221901 30652.169655 
43659.866358 30689.837554 
43065.272856 31178.989576 
42838.372517 31406.168903 
42114.475242 31918.238016 
40784.553203 33505.988486 
40719.114122 33506.378167 
37909.139479 36637.053493 
38210.355064 36585.092326 
39114.655855 36110.022803 
38399.631814 36476.567174 
39307.780171 35206.896970 
39426.338854 33955.786823 
36816.058062 36784.055003 
36180.146782 37284.296881 
35706.181490 37510.483860 
35318.352585 37695.561506 
35112.471017 38301.094715 
35010.320952 38478.838851 
34797.580588 39001.336545 
34593.798698 39265.475951 
34346.621376 40346.856287 
45212.595141 29532.718464 
33642.121613 41080.393326 
45571.259569 29171.236304 
32520.416452 41624.720754 
32156.696552 42255.896046 
32011.814198 42295.181592 
31821.585136 43246.318190 
28799.772382 43298.804521 
28188.352830 43599.683092 
28005.000495 43726.849827 
67858.353198 44355.221959 
67776.289352 44398.359614 
67588.499854 44771.612751 
67567.028755 45114.481179 
67552.361900 45925.371137 
67475.292269 46503.293877 
67416.755885 46553.104734 
52158.365962 65233.105279 
66142.839582 46996.324408 
52624.732342 64561.376641 
65496.842927 50975.113033 
62617.608225 51257.623563 
62440.778898 51281.472608 
62172.635642 51652.570797 
62042.555382 52160.699634 
61200.217516 52384.209874 
60050.571063 54327.469674 
59928.595333 54466.417701 
59720.425819 55017.463287 
58075.596939 59577.131621 
58103.719294 58501.355288 
58899.341601 58210.309506 
58781.791843 58479.311464 
59058.561173 57175.840702 
59331.541576 55618.376752 
58058.570009 60802.151401 
56856.984136 61358.814693 
56649.070017 61750.366505 
56139.078773 62368.337576 
53931.976678 62798.120194 
53789.905924 62958.940624 
53664.633980 63568.160187 
53421.002494 63916.499645 
53153.200606 64238.113231 
65737.680640 49784.970210 
52382.021965 64877.101544 
66330.486109 46654.188695 
51743.601577 65696.666155 
51629.546392 65805.550014 
50870.732669 65902.178217 
50793.088095 66367.488133 
50327.231081 67516.792868 
49933.400857 68652.583551 
49837.711595 70216.707842 
90730.815664 70808.588751 
89779.728901 71452.953621 
89498.740210 71477.037438 
89113.909042 71560.075733 
88624.725993 71573.788664 
88042.649995 71907.162027 
87997.126457 73140.212558 
71797.033582 89511.141777 
87529.526789 73809.780813 
73340.700239 88253.429243 
87332.263569 74890.759226 
86091.227841 74966.711747 
85811.928318 75004.019630 
85360.148218 75069.316043 
85151.061146 75210.856614 
83286.142979 76707.920127 
83255.975095 76794.203205 
82470.009945 78268.790202 
82261.727176 79911.773557 
79332.128103 81095.710431 
79767.526944 81071.574716 
80134.910663 80528.466180 
79951.310432 81025.350876 
80222.267435 80185.934184 
81267.864185 80062.000814 
76679.606488 81824.140553 
76214.303265 83070.661164 
76143.007320 83382.378003 
75927.133694 83550.932594 
74732.796539 84818.533608 
74232.416614 85242.039672 
73853.265023 86385.009255 
73817.659354 86574.771296 
73726.489936 87387.137151 
87415.674373 74725.172810 
73096.635172 88599.359642 
87614.020121 73725.810057 
71432.548007 89926.493908 
70994.607452 90070.222456 
70814.104234 90748.051904 
70024.119013 91057.403745 
68475.555627 91066.692415 
68432.407705 91263.151190 
67870.591478 91759.230457 
115865.283898 91831.806628 
115282.621948 92236.503154 
114529.619628 93107.440875 
114387.484292 93311.306106 
112957.263390 93409.187725 
112408.149330 94711.821359 
112401.365340 94779.898337 
97869.846079 104294.082917 
111721.774721 95015.231407 
99426.078165 103552.858331 
111007.767023 96199.637995 
110606.569545 96964.915286 
110605.872287 97332.443465 
108473.633278 97747.394409 
107995.258005 97748.781993 
107685.172494 97770.481535 
107520.177879 97907.001977 
106760.958556 97935.387048 
106730.922746 98835.414122 
103235.203995 100245.173095 
103889.513311 100213.945360 
104923.454150 99816.443390 
104479.470799 99866.791616 
105309.259688 99196.946300 
106096.264825 99045.735409 
102548.151345 100306.653793 
102136.651218 101152.376660 
101816.712689 101441.888395 
100670.814218 101549.461027 
100508.228300 101727.109319 
100291.944132 102627.281269 
100120.674869 102632.477397 
99858.505210 102857.539583 
99778.977555 103425.014415 
111572.849669 95186.886445 
98367.827286 103927.984000 
112195.066069 94907.071690 
93094.133954 104738.371056 
92870.374928 104795.944890 
92141.679602 106470.798951 
91893.667429 106480.530070 
91366.379771 106880.087880 
91272.280177 106931.978490 
91087.786929 106969.081182 
136399.575178 107355.161169 
135422.434075 107907.638428 
134959.998660 108050.284490 
134843.127476 108691.022335 
134068.539662 109008.623728 
133468.638392 109037.137219 
132761.764988 109107.622445 
117508.738689 127301.013981 
131888.820275 110413.747303 
118194.663655 126526.425932 
130468.989709 111424.212007 
128448.966076 113663.456418 
127737.556801 113714.776665 
127197.609079 114252.767307 
126723.011667 115054.048646 
126104.906444 116000.061711 
125988.787628 117319.117722 
125325.012464 117323.458569 
124899.561937 117329.712606 
121420.018169 120148.765071 
121851.651488 120078.266878 
122860.825618 119652.280398 
122186.967415 119882.297039 
123195.712365 119599.126251 
124685.649607 118301.421890 
120270.844937 120433.090166 
119857.425363 120675.817599 
119348.043503 120799.626140 
118959.647276 121630.602159 
118584.240741 121691.226110 
118469.524821 123455.186991 
118418.304401 123797.615502 
118333.824814 125486.383868 
118315.709853 126232.665586 
131394.673489 111260.192579 
117514.978206 126864.239458 
132311.726431 109629.526600 
117333.165146 127310.888520 
117098.591028 129055.983944 
117062.032848 130120.595082 
116985.012836 130343.673629 
116576.908870 130441.815082 
116139.347489 130981.964277 
115942.301161 131154.999752 
157822.813433 131606.947487 
157551.140085 131609.252341 
157333.076091 132140.099586 
156923.519100 132468.971980 
156760.634573 133426.883705 
156714.619322 133505.487531 
156458.470598 133858.385877 
139339.606860 147022.468345 
154162.996561 134196.075502 
140656.057147 146431.630094 
153532.883473 135226.169543 
153202.813759 135412.401508 
151622.835784 135618.814975 
150843.280938 136439.462962 
150810.939797 136674.010747 
150784.558319 137545.843948 
150765.674717 138300.572960 
150592.351791 138601.318696 
150456.598562 138622.169690 
148021.254291 141808.372497 
148259.070067 141260.416460 
149400.843828 140633.035885 
148599.392600 141059.067704 
149851.050859 139839.159187 
150184.087168 138748.607597 
147700.988962 141976.719143 
145879.220817 142491.188381 
145809.708338 142889.223133 
144900.298913 144102.855669 
144550.311630 144678.479386 
144350.566460 145318.018828 
144132.766782 145461.506429 
143359.710889 146124.578282 
142997.344026 146283.510824 
153724.935395 134761.078525 
139376.170257 146802.029178 
155580.180009 134141.772189 
138984.909009 147244.913176 
138870.927892 147430.702003 
138433.578906 147657.411012 
137596.322518 147759.217905 
137433.875871 148823.038245 
136667.957770 149470.730030 
136627.016892 149894.988279 
176143.366409 149898.413736 
175573.903955 150032.037530 
175385.154265 150743.741411 
174958.914096 151080.057845 
174841.900400 151729.534280 
174833.797821 152681.522423 
173993.985493 153983.482039 
162893.304959 170550.207890 
173587.825538 154200.503184 
163352.753326 169694.108015 
172683.035390 156123.034008 
172538.817085 156615.398379 
171931.395943 157581.371029 
171575.469653 157588.165311 
170706.435699 157834.461036 
170513.314951 159057.422975 
170107.031044 159234.206907 
169750.675354 159435.828184 
168798.803245 160077.277989 
166856.939532 162325.825219 
167071.818300 162297.162732 
167871.129830 161082.083991 
167529.567444 162077.445245 
168107.977689 160479.726881 
168254.847370 160239.904863 
166212.897667 162700.532368 
165695.183051 164456.757930 
165673.337929 164668.708100 
165241.298838 165010.100143 
164964.222003 166138.961803 
164207.228502 166569.973742 
164157.276105 167037.197199 
163824.115735 167205.760477 
163779.782522 168062.546259 
173210.950244 156122.805864 
163118.374398 170224.619383 
173813.547786 154025.777999 
162141.360354 171300.486514 
161593.778917 171762.477189 
160409.908051 172547.964600 
160266.759841 172838.610753 
160056.457457 172936.024937 
159011.477839 174058.999012 
158690.878911 175607.681289 
199018.805292 176248.484347 
198784.030506 176290.478446 
198554.207007 176542.715472 
198393.329569 177110.385391 
197961.627759 177151.327941 
196968.566513 177303.932326 
196921.334639 177723.782505 
180398.893159 190494.841667 
196163.285739 177799.331681 
181445.897667 190438.824591 
195299.274499 178596.925293 
194411.353216 178710.956806 
193942.450679 179176.526918 
193788.117167 179263.313468 
193002.343064 179651.674075 
191420.280706 180312.389161 
191187.678495 180962.262164 
190837.089826 181572.358274 
190730.289241 181835.067299 
185917.996814 184671.539750 
185960.470124 184328.521828 
187964.918110 184159.716685 
187389.726196 184302.329111 
188473.660021 184072.756182 
190397.993779 183433.556573 
184885.526565 186092.704059 
184080.200567 186348.395326 
183690.591476 187229.465523 
183371.960666 187554.403718 
182949.021231 188095.228854 
182619.213363 188302.394736 
182583.064792 189725.546623 
182569.637875 190162.399393 
181839.976822 190348.866632 
195799.240644 178553.425147 
181218.524119 190474.107147 
196427.314729 177744.806551 
180136.574392 192102.722810 
179381.266170 192513.613456 
179353.210672 193617.489037 
178894.944768 194845.761773 
177761.899967 196317.258997 
176819.581583 196365.206554 
176417.502995 196559.022770 
219444.866683 197390.997650 
219358.430271 197589.433816 
218709.231534 198736.232258 
218236.911835 199369.349625 
217348.687103 199508.165530 
216186.316158 199845.394530 
215322.502933 199857.296864 
201587.570389 219269.609117 
214554.210760 200684.555792 
202348.656288 215556.966375 
214146.374311 201938.327218 
213906.240946 202214.110197 
213702.439533 202836.889609 
212239.015127 203002.743746 
211389.107254 205316.691766 
211220.116374 206282.006437 
211205.752312 206908.137616 
210139.834186 207416.844266 
209987.159134 207768.512945 
208191.917998 212027.926487 
208332.474267 211807.908644 
209362.517139 211460.394752 
208859.764077 211622.440353 
209544.847336 211334.945924 
209937.962249 208820.837864 
208190.781677 212310.649781 
207802.008153 212726.685729 
207592.022416 213624.201674 
207416.948334 214255.393090 
206775.531859 214332.594116 
206724.717679 214774.631687 
206110.001127 214831.473200 
204448.145125 215167.259332 
202414.682563 215438.042421 
214165.002029 201627.887270 
202148.643653 216277.186539 
214682.185719 199995.058912 
201485.588071 219271.445163 
200740.830334 219773.698297 
200694.741463 219813.349240 
200073.237357 220233.883213 
199941.693609 221222.576876 
199455.378584 221322.442961 
199441.954244 221977.240201 
245336.314678 222264.559399 
244042.160951 223249.607123 
242494.316781 224354.853577 
241033.845659 225000.194175 
240014.232188 225147.650322 
239860.230080 225664.175892 
239751.597921 225800.005815 
223922.011393 240609.699977 
238774.151444 226631.112970 
224633.972289 239838.162776 
238004.476695 227286.599587 
237320.209852 227291.297128 
236988.433143 227320.102356 
236971.815554 227530.251261 
236534.603725 228444.203142 
235483.145470 228619.324584 
232115.443370 229940.138090 
230883.383502 230253.234909 
230159.330340 230760.629688 
227376.523608 233792.609036 
227595.194003 233092.465118 
228690.650932 231199.828172 
227762.741802 232866.866534 
229682.793241 231070.290512 
229932.082601 230915.274412 
227323.089321 234549.768894 
226607.966945 235623.755976 
226498.841439 236092.633940 
226319.219700 236232.178259 
226153.873174 236746.655881 
226095.960223 237743.903500 
225907.896618 238089.487986 
225389.793080 238417.772591 
224913.736913 239109.891492 
238562.171259 227121.643737 
224363.289781 240381.820219 
239694.640375 226341.777121 
223857.850334 240899.711501 
223733.316897 241177.765854 
223358.389635 241396.372921 
222378.658109 242731.868018 
221498.778822 243145.269858 
221306.453716 243783.544454 
219815.884306 243983.970707 
263961.556672 245327.259968 
263615.109775 245982.064823 
261725.261876 246654.205789 
261653.051144 247002.631156 
261355.124075 247454.734316 
261014.391691 248076.203431 
260901.565802 248463.132228 
250322.916810 261021.666020 
259395.686493 248881.379915 
250541.031659 260477.711779 
258413.394718 249442.025100 
257589.278199 249968.407452 
257310.874645 251173.030868 
256460.890150 251557.054808 
256106.182489 252130.164488 
256036.863482 252347.366799 
255979.651884 253215.159824 
255891.980714 254159.626576 
255822.428554 254320.257276 
253102.562898 257715.719224 
253298.519115 256821.978490 
254020.291823 255867.720686 
253966.683254 256033.731607 
254705.154009 255698.633784 
255784.923697 254858.553988 
253027.799175 257854.909767 
252507.407306 257926.619190 
252470.292703 258471.903886 
252300.869955 258569.127234 
252222.395627 258850.037732 
251198.486142 258867.918274 
251195.599981 259478.523024 
250641.029338 259625.371403 
250632.603409 259781.878275 
258492.041976 248885.679941 
250460.148152 260654.991867 
260059.718253 248781.466787 
248772.296096 261873.416086 
248326.136688 263103.585446 
248202.643500 263323.716879 
248070.354262 263411.143173 
247770.822770 263512.818153 
247660.575836 264180.058879 
246328.843804 264989.524563 
293850.464935 265413.236734 
293461.703167 266254.549029 
293362.119661 266430.915308 
292695.903920 266767.803118 
291380.603012 266927.436511 
290056.669368 267120.086464 
289807.394983 267246.630679 
269766.203401 286206.462521 
287329.553938 268019.606477 
270568.983097 284511.768828 
285525.961379 268979.146212 
285468.391984 269105.164502 
285353.139018 270443.122668 
284956.700047 271023.114666 
284399.750121 271404.610602 
283051.282434 271999.756596 
282967.129509 272690.786993 
282917.245653 273853.942082 
281962.930009 274668.035471 
277226.712850 277143.718628 
277744.222012 276937.352509 
279490.781021 276436.219901 
278843.308282 276582.974390 
280135.622693 274803.686979 
281503.614472 274671.423423 
276291.606392 278526.986444 
276204.537780 279956.373987 
274647.434013 280085.967746 
274074.844375 280648.120976 
273956.995428 281277.706468 
272714.195129 281678.639796 
271573.255916 282629.459275 
271361.749869 283278.247253 
271224.371197 283475.301549 
286352.170598 268891.058316 
270524.780725 286114.934867 
289578.984978 267323.575601 
269241.946091 286909.177141 
268591.181757 288455.931649 
267929.731277 289236.408562 
267685.688524 290363.534162 
267232.420732 290858.709407 
265481.655995 291348.767600 
264255.174689 291624.912209 
312974.643869 291804.484796 
312945.341950 292912.179700 
312262.974245 293589.163915 
312021.145687 294247.840621 
311426.112836 294439.212649 
311246.388812 295188.347063 
310276.550795 295386.600212 
298325.668528 309149.298567 
309139.063160 295984.874835 
299604.372421 308552.321778 
308005.837356 296588.042221 
307860.804568 296902.171262 
307501.599494 297415.692090 
307449.536473 298393.217290 
307333.488362 299224.006757 
307224.474550 299260.373590 
305561.005928 299927.413912 
305469.451067 300017.198658 
305430.043397 300416.050226 
303432.777024 304374.776031 
303600.281777 302951.733277 
305381.865069 301583.004263 
304549.231616 302329.680779 
305414.198789 301084.584651 
305423.212683 301027.187488 
303142.926971 304699.059849 
302650.853993 304799.577718 
302087.035470 305297.572956 
301553.867404 305357.813515 
301061.856273 305433.093638 
300810.302425 306134.980860 
300203.410378 306907.699315 
300188.306988 307787.691471 
299675.910917 308228.448984 
309079.842135 296104.337155 
299216.905493 308708.395357 
309842.990510 295670.501096 
297494.879874 309302.046134 
297421.878560 309470.414022 
297369.927827 309537.931383 
295152.325242 309557.614966 
295099.224236 309813.116432 
295018.984806 310026.652733 
294305.574328 310173.985299 
339471.524276 310275.516675 
339364.794901 310524.378617 
339137.766794 310665.743007 
338785.318776 310669.824311 
337706.225907 311249.013884 
337621.479316 312509.255600 
336908.844837 312723.139416 
320170.276326 332503.992245 
333128.976684 313427.849419 
320988.146411 330914.824702 
331435.277971 314177.936673 
331357.532042 316178.870778 
331124.342828 316305.519239 
331024.032483 316668.740474 
330529.023372 316833.758349 
330095.666482 319741.022881 
329693.048898 320535.044851 
329559.446336 320561.684281 
328849.000321 320943.244542 
326554.093180 324092.220620 
326962.780722 323683.077048 
328646.670083 322218.387783 
328233.841954 323312.489036 
328772.605938 322136.592142 
328797.907122 320981.347027 
324995.219937 324881.835904 
324896.257535 325427.201285 
324010.650275 326898.066939 
323967.707574 327846.742847 
322804.561262 328699.734465 
322421.990567 328922.648325 
322400.120350 329331.189043 
321336.596365 329375.873758 
321014.950428 329693.187393 
331547.161219 313822.498688 
320609.843472 332233.949019 
333670.036986 312898.571764 
320060.915599 332653.699570 
320060.418077 332723.063049 
319855.314128 333261.735330 
318716.453011 333600.111913 
316610.302142 333762.217956 
314215.002581 334156.179326 
313268.120609 334334.711110 
363778.840582 335193.845449 
363510.599342 335324.973023 
362418.519445 336549.116188 
360830.056373 336554.387202 
360619.456144 337682.388055 
360369.573446 337820.931159 
360072.933999 338674.171449 
344674.189265 355783.648270 
359103.012302 339373.268373 
346619.715949 354535.566131 
355641.726572 339840.406949 
355376.096376 340106.617710 
355353.371812 341656.343404 
355166.934275 342336.590437 
355124.354650 343736.043614 
354599.652357 344017.765687 
354542.631840 344633.657574 
354505.277566 345319.220717 
354417.775758 346091.447587 
352915.320676 347739.919244 
352964.559234 347372.855803 
353442.551334 346555.907483 
353245.741987 346734.952321 
354235.473753 346444.217495 
354315.757111 346285.105077 
350730.997273 348340.850463 
349397.345422 348911.258206 
348309.745465 349097.905130 
347903.191879 349355.154231 
347489.491949 351136.887325 
347248.503972 351357.433936 
347138.300248 351730.937355 
347123.235736 351823.764870 
346766.576205 353272.403748 
355950.145105 339581.867886 
345355.055677 355442.596626 
359707.535900 339327.563624 
343370.614333 355921.009708 
342828.214200 356622.764937 
342357.859565 356697.386458 
342184.181113 356932.898509 
341972.195814 357950.144343 
341371.653947 358196.233810 
339838.650564 359122.762045 
388009.270717 359903.844349 
387856.909996 361539.307696 
387018.509314 362168.981514 
386807.058990 362196.696260 
385905.436006 362590.481919 
384449.982939 363446.184884 
384045.993245 363683.222268 
367178.551436 374829.332445 
383453.094613 365737.338437 
368334.229181 373799.585361 
382971.598545 366463.069869 
381473.694511 366589.531714 
380857.119081 366937.648232 
380386.862664 367891.473435 
380014.021069 367962.633567 
380000.122022 368379.915765 
379137.333543 368778.428250 
378425.720846 368889.185748 
377472.221938 369035.288147 
372649.075288 370536.700340 
373396.024136 370441.353154 
374440.670596 370116.630491 
373469.026043 370319.002394 
376657.350630 370076.440912 
376990.426341 369859.648945 
371685.284786 370866.570613 
371215.596149 371656.097309 
370804.786921 372013.007118 
370249.975761 372414.834844 
369843.022460 372821.721017 
369731.937468 372858.695149 
369409.653076 373033.174325 
369095.667775 373104.856553 
368955.778152 373244.418163 
383395.108022 366004.242662 
367906.371157 374378.953057 
383668.308860 363727.891021 
366874.780773 374939.367911 
366258.997680 375749.987450 
366233.442711 376005.410641 
365148.924649 376827.288594 
364992.743914 377155.026788 
364056.297009 377742.395780 
364036.067745 377870.079426 
411111.206522 378155.379616 
410436.205429 378469.050290 
410046.851855 378883.885654 
409211.169996 379555.348300 
409002.958716 379714.638005 
408725.902640 380244.662757 
408040.235705 380580.740719 
391519.492461 395842.216505 
407759.710556 381275.569048 
393139.260036 395123.620018 
405296.794469 382094.884800 
405219.598274 382101.190440 
405019.980154 382505.924557 
403748.617330 382583.772738 
403660.849458 382639.829789 
403260.517791 383389.315558 
402910.726030 384106.718369 
401381.025600 386273.926752 
401378.269133 387080.863712 
397283.419694 390708.943341 
397319.846196 390549.800994 
400604.148272 388622.221052 
400092.745271 389217.510808 
400760.741501 388610.317325 
400762.172650 388431.817977 
396945.550606 390937.362719 
396560.429798 391514.008482 
396213.157734 392793.347704 
395939.795367 393049.104003 
395263.586186 393334.214655 
394269.131273 393441.054264 
394262.310009 393756.321924 
394050.623389 394548.687078 
393723.448920 394886.091205 
406745.851218 381896.783294 
392923.154481 395735.390897 
407778.701322 381008.864534 
390792.973934 395866.769628 
390470.920031 396308.024878 
389986.381154 398057.888013 
389905.289294 398728.811835 
389637.363376 399315.978454 
389602.991514 400398.673104 
388634.953975 400732.020395 
430928.793064 401291.607682 
430309.807931 401392.635939 
430268.754651 401652.977098 
428306.158340 401769.021201 
427801.287102 402397.601994 
427093.546623 403636.913393 
426127.763278 404739.407176 
413872.078521 419876.532803 
425446.404209 405125.742594 
414408.450517 419650.230625 
425043.933400 406333.926851 
424784.684809 407486.165998 
424618.255456 407779.581561 
423902.839464 408630.579226 
423356.119224 409934.607135 
422440.788591 410244.599525 
422227.397004 410480.226541 
422190.191230 411041.486007 
421972.014482 411544.621916 
418733.172639 414226.192095 
418872.773849 413951.510597 
418990.354305 412585.437506 
418972.663384 412629.950864 
419700.767397 412335.301550 
420371.420141 411897.049981 
418540.188293 415019.938788 
418461.407384 415028.071453 
417470.652037 415149.255110 
416453.083356 416088.406998 
416196.927761 416714.763100 
415800.371865 417397.120187 
415717.442214 417553.738920 
414913.037774 418914.476933 
414596.851688 419204.011079 
425058.814861 405557.992667 
413875.896852 419670.823550 
426041.174277 405031.709864 
413264.525668 419884.705641 
413250.439988 420115.667307 
413055.468894 420615.983774 
412744.942485 421087.427720 
412490.428224 421525.905702 
412043.569901 421679.363883 
411766.622059 424773.664493 
448273.069558 426792.747816 
447330.333616 427084.671750 
446556.686940 427143.553276 
445956.935461 427683.474399 
445630.729084 427920.972268 
445593.904955 428148.467173 
444946.625560 429098.627288 
432437.264337 439414.766585 
443140.681138 430129.502911 
433206.569660 438805.182259 
442656.219867 431367.562620 
441104.602866 431470.339709 
441005.702653 431477.311407 
440851.694199 432107.124421 
440239.731647 432276.998120 
440127.020502 432448.790745 
439713.367121 432618.515723 
439238.626554 432647.145202 
438481.160613 433136.378633 
436316.666890 435766.804768 
436727.345326 435633.521517 
437097.977782 433792.014812 
436837.942038 435404.003023 
437618.071183 433754.002114 
437987.867348 433275.545467 
436125.073687 436228.808730 
435959.253737 437293.238951 
435853.691946 437540.018931 
435130.578628 437581.881418 
435125.969154 437978.036321 
435073.471872 438548.612745 
434163.210126 438635.937751 
434157.323987 438687.163251 
433621.424232 438757.291999 
442873.860054 431200.258688 
433040.965846 438889.876028 
443475.296124 429413.415848 
432239.360808 439540.175728 
432212.198573 440293.609308 
432001.654876 440358.120935 
431897.543681 442925.621976 
431568.108831 443163.803977 
431413.734314 443209.888917 
431299.133973 444250.860906 
470818.994275 445410.161903 
470763.856402 445678.562391 
469686.603378 447006.820106 
467882.591271 447164.431371 
467339.603944 447238.039738 
466675.286749 447249.448666 
466603.987295 447826.185108 
450948.438596 463497.820046 
464319.494385 448324.950309 
451307.344807 463288.360453 
462918.123986 449551.701465 
462829.335194 449570.567946 
462563.147696 450163.579378 
462216.722880 450594.578497 
462099.689139 450961.113107 
460284.502042 451230.127055 
459992.141728 451794.635998 
459788.077973 451833.145632 
459613.166630 452395.982765 
456489.947319 455805.979024 
456885.599539 454741.666684 
457188.053957 453762.225742 
456927.373883 454669.840865 
457831.200061 453331.577700 
458769.549395 452670.596274 
455559.369878 456132.191815 
454411.841354 456643.819556 
454193.165992 457523.073490 
454031.013581 457891.976388 
453472.977492 459936.975338 
452384.060668 460893.332182 
452187.197845 462028.228855 
451910.800650 462547.940709 
451654.328243 463287.115691 
463301.738652 448570.235791 
451241.839285 463355.787724 
465407.844786 447877.784963 
450323.424491 463962.057366 
450111.613213 464074.272874 
450007.250599 464075.215375 
449554.653700 465860.938229 
448984.862783 466430.186382 
448419.892224 466553.581839 
448277.326950 467777.377556 
491052.159168 468543.276100 
489693.937756 468619.448447 
489576.673899 468623.966456 
488509.140533 468786.187995 
488281.477232 468941.781088 
487736.158514 469264.840390 
487372.803749 469365.161734 
476324.165527 485012.639472 
487273.153478 469725.558799 
476664.941941 483019.484941 
486790.683141 469853.616287 
485235.042490 470002.130597 
485077.910232 470654.322131 
484953.932401 470855.734698 
484801.513203 471064.060156 
484513.058720 471243.982462 
484238.955307 472222.678212 
483716.738794 473407.449811 
483660.365271 473695.019389 
480826.138827 476983.013470 
480971.604349 476421.704198 
481841.151841 474984.185115 
481204.031744 475087.917798 
481992.285770 473938.960756 
482441.031389 473821.481410 
480400.303761 477990.136077 
479872.182551 478303.029235 
479513.159640 479090.753981 
479467.988849 479860.000894 
478839.898102 480079.473069 
478215.879886 480348.092269 
478193.137146 480523.491291 
476982.550539 482100.027599 
476833.498357 482476.185307 
486823.525376 469751.053451 
476525.020744 483150.188339 
487365.544874 469607.556165 
475765.867058 485036.943299 
475632.409045 485772.277142 
475121.324716 485831.304797 
473891.684184 486404.939792 
473852.069186 486439.182665 
473270.719476 486597.462539 
471218.353495 486950.302675 
512185.747720 486970.821848 
511707.991948 487168.041745 
511674.269546 487433.232097 
511104.406098 487589.660264 
511097.593637 487893.147388 
510453.307151 488396.557325 
508270.852142 488466.464559 
494220.444997 507060.447246 
507844.588352 490133.999710 
495272.853651 505757.581305 
507548.463771 490781.041803 
507148.245598 491741.650475 
505703.586045 492082.464638 
505586.949868 492272.437549 
504571.969061 493002.254796 
504516.206082 493029.037032 
504109.077755 493128.942043 
503213.579053 493158.971324 
501853.299759 493202.037117 
499963.591485 495572.218700 
500837.351449 495443.901505 
501029.551795 493833.597875 
500964.303990 495296.211409 
501336.313903 493627.323198 
501803.878327 493299.700503 
499959.395023 497405.177524 
499035.511123 497932.979324 
498913.301558 498277.327319 
498295.876719 498675.296434 
498043.129039 501368.402938 
497077.392305 501836.156420 
495869.745731 502903.476095 
495710.950873 503135.572618 
495520.569743 504773.018954 
507569.378945 490286.450632 
494827.232653 506824.950195 
507856.889320 489623.663394 
493893.483236 507671.526556 
493439.868624 507734.385939 
492896.854981 507769.302228 
492655.211818 508246.107232 
492351.178102 508437.714111 
492153.059370 508515.987958 
491535.795929 508584.713674 
533742.492438 508710.991908 
533672.588237 508916.525499 
533621.224194 509080.513464 
533108.926408 509708.240500 
532879.424294 510005.918843 
532424.182043 511002.038107 
531795.526283 511210.369855 
516453.451979 523696.867758 
531620.123003 512417.709515 
517626.897199 523004.493243 
531100.524699 514423.397794 
530914.010060 514533.246351 
530512.057036 515414.719730 
529847.931335 515683.416951 
529509.092520 517169.146257 
528825.068209 518569.627049 
528138.243695 518819.273722 
527486.175031 518923.321403 
526477.519398 519314.158639 
524561.364164 521190.800046 
524646.015480 521135.167682 
525094.645198 520861.904582 
524750.537106 520896.093813 
525106.078065 520658.265360 
525698.820103 520571.659006 
524402.205578 521243.988191 
522562.613960 521414.167857 
522382.550357 521643.069466 
521973.161939 521961.918526 
521187.759846 522086.729427 
520391.933055 522160.935642 
519395.952269 522512.608660 
519165.434473 522758.511422 
519013.168089 522855.501341 
531248.847510 512993.124788 
517081.488304 523537.000587 
531641.066620 511940.774726 
516322.136082 523699.449040 
514526.025642 524685.803602 
514129.294555 525400.661111 
513475.360401 525425.186364 
513230.272665 525515.910781 
512673.587500 525928.181833 
512328.705903 526490.416911 
552078.663180 526648.711002 
551655.185095 527195.703492 
551041.995624 527638.379083 
550979.480939 528437.752900 
549718.498572 528871.671163 
549193.854213 528898.317659 
549101.769810 529319.968846 
537822.486817 543110.118594 
547926.483949 530240.531210 
538066.365299 542672.186758 
546923.961733 533029.093142 
546824.048319 533438.614999 
546540.426948 534472.810665 
546238.774525 534706.850365 
545630.417314 534820.018249 
545384.035281 535422.618872 
545208.959156 535604.037403 
545201.808924 535800.886977 
543873.065078 536331.478822 
541824.408246 540107.860909 
541908.999774 539317.536559 
542721.594998 537172.300750 
541931.043160 538837.509071 
543321.864072 537008.879668 
543373.690920 536428.075730 
541578.364279 540290.277978 
541425.331200 540742.309441 
541064.275912 541066.177866 
541058.254374 541236.843444 
540723.695689 541267.743140 
540283.507939 541363.744181 
540061.152060 541374.667855 
538416.825955 542540.827095 
538255.070540 542597.273302 
547878.067288 532734.335008 
537931.907847 543098.889687 
548995.463499 529629.910054 
537582.756220 543307.259154 
537070.136651 544000.364309 
537060.117623 544438.095333 
536138.809525 545271.009274 
535824.902044 545688.964212 
535482.645296 546394.684325 
535431.579372 546993.626328 
571902.084453 546999.495493 
571564.358393 547077.531432 
571327.923569 548011.480254 
571051.554419 548054.379627 
570758.818895 548380.744321 
569900.732775 550389.695995 
569792.893814 551307.629938 
555199.178499 570496.365303 
567870.851798 552423.070831 
555864.752839 570077.974623 
565981.756683 553935.642339 
565966.337621 554390.263223 
565821.454391 554888.136730 
565061.141830 556384.077917 
564613.997928 557271.847325 
562667.463879 557853.758805 
562635.750992 558037.378827 
562541.981247 558351.184759 
561722.756176 558396.940721 
558263.092054 562324.359215 
560344.023975 561632.423056 
560363.652684 560402.305922 
560350.576840 560962.242258 
561026.243980 560059.589081 
561398.596382 559527.795794 
557860.723406 563094.077018 
557759.217584 563967.336297 
557652.726066 564102.868454 
557435.919658 564600.763606 
556937.577540 565533.031958 
556829.925709 565892.864652 
556328.534829 566725.566768 
555930.551215 567820.843524 
555894.176674 569129.784954 
566471.649715 553605.069603 
555470.399710 570222.973645 
569309.958179 551516.678845 
555131.486008 570822.538884 
554868.981371 570855.525265 
554236.650520 571067.691060 
554209.698662 573064.308713 
553693.091372 573111.013264 
553343.834573 573118.766837 
552758.020484 573283.635851 
595902.454180 574066.207607 
595477.937272 574126.981639 
595245.326337 574206.034262 
594994.016157 574554.191745 
594854.358699 574662.001644 
594667.972394 574894.785952 
594313.758309 575540.362483 
576257.552877 589747.132557 
593317.698212 575965.565076 
576366.563075 588625.930787 
592501.916131 576843.822743 
592426.584527 577154.415413 
592348.326328 577222.431312 
591227.084253 577476.611475 
590803.380055 577510.279244 
589847.543340 578066.292701 
589372.221538 578528.631460 
588642.401260 579040.660067 
587356.018380 579756.839409 
584819.694974 582790.939412 
584885.012010 582714.426433 
585721.795182 582442.407786 
585083.080959 582566.372648 
586326.957175 580776.702348 
586605.313503 580062.031102 
582168.642352 582924.677286 
581770.920613 583791.996208 
581746.043677 583911.201140 
579696.975823 585755.579652 
579648.682281 586029.822764 
578862.922032 586355.497685 
578422.131454 587502.219064 
577896.893802 587703.649812 
576933.757293 587817.392136 
593200.989013 576143.148206 
576300.013512 589649.381432 
593431.505440 575910.016156 
575300.340396 589802.682861 
574699.356116 592011.606607 
574554.885301 592058.118299 
574190.001884 593274.297754 
573581.309461 593707.250349 
572732.117925 594348.187525 
572292.402583 595951.775481 
617765.957924 596236.061929 
617178.214376 597712.378669 
617169.074350 597799.605606 
616345.068421 598115.225726 
616095.993237 599846.071369 
616001.177044 600792.198414 
615952.413969 601593.103698 
599799.675102 612821.172900 
615191.819537 602585.471308 
600959.307330 612470.935584 
614900.074401 602944.331688 
614747.484536 603413.268314 
614307.429764 603454.251513 
613926.254208 603563.012947 
613265.641144 603576.750853 
613101.011623 603585.123209 
612528.273205 604170.564740 
612023.677202 604511.794280 
611592.111308 605678.255265 
606632.089494 607203.823663 
606770.106636 607101.924061 
607265.764706 606578.913557 
607177.247947 606885.832661 
609624.443271 606555.451169 
610543.953728 605913.484518 
605537.113399 607372.185320 
604022.076114 607440.188653 
603704.716380 607837.444888 
603467.861596 608038.321444 
602086.527059 608320.786981 
601608.064883 610442.982931 
601526.792889 610967.080856 
601079.678439 611230.336209 
600983.343689 611858.435889 
615025.867571 602919.538274 
600161.795229 612608.401290 
615193.774168 601717.635233 
599713.353975 613745.275727 
598972.859710 614150.332518 
598766.257349 615220.925145 
597789.011945 615400.369498 
597340.796126 616195.474324 
596781.429698 617149.416996 
596113.869877 617396.142108 
640066.211092 617396.727039 
639134.512284 617971.488444 
638709.327734 618272.340887 
638153.839902 618345.652828 
637974.311265 618425.236147 
637702.769428 618514.089784 
637360.114754 618780.656529 
622652.184348 636912.472579 
635304.744840 620849.815771 
624185.182088 636330.079900 
635034.664934 621338.884481 
633842.757296 621445.219857 
633726.497722 621825.933472 
633445.872941 622354.259154 
633167.467115 622766.283122 
632664.373514 625015.716733 
631951.625606 625200.576167 
631025.962588 625297.021092 
630779.691569 625427.074576 
628624.188527 628674.525700 
629079.112006 628060.016689 
629265.589235 626907.430688 
629223.335869 627410.301273 
629289.650915 626441.552515 
629565.315533 626061.298390 
628081.946058 629732.978308 
626564.091144 630803.168154 
625977.057484 631010.865640 
625847.969996 631435.985122 
625518.245798 632253.353920 
625209.118567 632949.791077 
625107.419030 633547.719999 
625034.871337 634735.638501 
624917.223011 634738.019206 
635041.604260 621305.547972 
623732.464132 636507.364742 
636573.659233 620709.364375 
622633.978391 637234.742229 
621765.756152 637789.265806 
621091.884194 638353.672837 
620941.400278 640395.658789 
618319.137245 641174.959431 
618285.066596 641677.150932 
617901.532119 641915.090758 
661018.490895 642072.426177 
660908.520296 642348.949937 
659316.005071 642584.555313 
658991.243082 642745.462319 
658265.059475 643768.532640 
658165.563428 643952.604809 
657985.503881 643956.222276 
644522.764565 660875.157599 
657210.264765 644412.849305 
645484.298410 660478.717772 
655251.089855 647154.859095 
654994.088820 647173.700637 
654826.142055 648213.551109 
654035.525540 648643.603688 
653906.577679 649267.690631 
653860.511978 649501.987426 
653797.515339 650137.814819 
653530.232064 650848.819613 
652722.279698 651935.938375 
649277.245016 655442.543363 
651170.840677 654772.592991 
651695.266181 653656.411867 
651382.582779 654276.116244 
652411.926856 652347.196880 
652673.037362 652030.598981 
649124.694686 656104.702607 
649049.715408 656182.270753 
648393.915915 657547.268910 
647254.796029 657652.726171 
646799.531788 657819.688899 
646721.019019 658104.236958 
646303.480883 659195.793184 
646026.626159 660146.799655 
645694.718600 660373.352007 
655501.384810 645445.781624 
645028.760911 660575.810190 
657298.581646 644397.096548 
643782.814310 661232.013511 
643385.261937 661607.847102 
642905.219765 662280.857076 
642108.717418 662422.131633 
641901.030037 663274.116938 
640684.651037 664132.450024 
640627.801594 664314.533029 
683830.009830 665365.027640 
683606.665439 665816.491849 
683385.222416 666593.956767 
681457.397316 668322.061287 
680873.017467 668616.682718 
679817.859798 668880.440275 
679536.032729 669234.769403 
667129.102038 680770.919442 
678233.319853 670529.414117 
667408.967560 680125.435449 
677593.356249 670838.703107 
676566.156604 671155.476298 
676448.236625 671259.938858 
676035.492238 671265.578637 
675259.252001 671765.327518 
675230.900363 672038.992916 
674810.931114 672106.930959 
673761.855252 673203.843120 
673266.512761 674053.298320 
671736.447983 676670.997807 
671911.304447 676568.351531 
672303.575674 675480.730662 
672043.977386 676059.691878 
672474.172807 674694.745021 
672561.821383 674241.000488 
671169.303087 676874.931750 
671045.945928 677158.909881 
670758.315230 677635.161677 
670263.902835 678107.440961 
668989.035108 678401.194107 
668878.729248 678834.523418 
668664.127930 679122.059096 
668241.035271 679522.765139 
667745.282014 679604.767209 
678195.613854 670798.013328 
667293.476358 680531.979389 
679001.304501 670516.404313 
667052.086113 680802.967514 
666460.120286 681385.280517 
664569.220447 681519.923155 
663290.416485 681618.733270 
661881.504844 682166.532718 
661864.270226 682301.863986 
661595.630111 682576.038134 
697791.319571 682992.966164 
697554.066834 683567.147311 
697459.743383 684618.369435 
697443.136640 684641.203465 
697282.756912 684674.459605 
697269.801023 685496.933487 
697209.497215 686450.456847 
686263.728114 705374.206648 
696359.153668 687067.621267 
686527.338715 705217.983773 
696013.548395 690257.274004 
695932.244968 691742.978258 
695524.851026 691854.236923 
695316.128873 692595.503288 
694629.889346 692931.595196 
693940.041145 693681.877349 
693752.072350 695258.004182 
692974.684926 695421.918734 
692758.679090 695653.895490 
691293.065552 699186.074045 
691450.144270 697982.403620 
692078.551764 696874.389952 
691847.357971 696966.579455 
692158.345560 696145.950289 
692300.265794 696022.681789 
691098.225025 701481.791079 
690658.713449 701671.066572 
690474.653539 701860.958437 
689278.801968 703013.758294 
688612.497889 704132.078822 
688452.072460 704381.452790 
688040.013066 704612.367518 
687491.376973 704823.591700 
686921.769236 705038.395930 
696062.430177 689613.358107 
686305.088660 705262.662081 
697068.609379 686944.772316 
685546.262945 705564.624331 
685368.254751 705683.470958 
684874.957006 705730.489830 
684354.543977 706148.563114 
684060.223054 706475.879412 
683973.413691 706610.672954 
683918.095815 707105.172418 
719814.427525 708674.931116 
718999.238944 708699.975794 
718845.248454 708812.708174 
718813.572045 709523.177318 
718739.618422 709613.136767 
718570.757936 709644.601507 
718431.571087 711494.937136 
702285.205557 724068.712188 
717842.225987 712295.637764 
703691.874475 723785.403774 
715572.037138 712844.483416 
715393.590971 713077.706904 
714549.009896 713522.778634 
713546.795968 713651.629470 
713338.002740 714793.436051 
713328.574993 714883.516134 
712815.172784 715448.991663 
712291.045528 715890.855934 
711798.171438 715952.553025 
708846.382682 719289.573211 
709162.152894 719262.669728 
709810.618189 718071.752362 
709560.798198 718079.971003 
710323.463182 716671.826369 
710489.872788 716167.803257 
708747.162433 720410.358172 
708285.654166 720555.559795 
708103.924192 721300.036836 
707354.631454 721655.709742 
707281.066734 721845.116585 
705975.978290 722254.467117 
705086.345874 722675.798744 
704708.400324 722750.394700 
704607.925244 723717.731881 
716437.620332 712556.889344 
702620.684188 723979.424454 
718205.907683 711689.237300 
701384.927031 724466.973219 
701026.433427 724480.537721 
700254.481220 724490.642986 
699900.161969 725473.150346 
699048.675098 726294.885646 
698719.593422 726515.009284 
698513.248171 729152.056649 
744675.910024 729175.981134 
744665.325120 729328.568177 
742450.379307 730271.544156 
741745.123965 730322.862154 
741062.110828 730344.566421 
740465.482465 730964.372669 
739030.778635 731211.825021 
725229.448935 746958.535380 
737586.648768 732228.916469 
725678.142509 746423.517725 
736644.931920 734065.572336 
736097.804748 734123.519119 
735550.687692 734403.735403 
735451.468101 734906.614359 
734843.974110 735294.167695 
734504.191896 735329.063354 
733591.509060 735719.097831 
733553.168885 735772.166466 
732959.194824 735925.834814 
728559.400073 739853.085091 
728844.174888 738272.576923 
732165.521941 737282.078876 
732048.578669 737567.212846 
732187.059123 736473.891585 
732706.913474 736353.587924 
727817.208545 740402.571086 
727574.375556 740614.574896 
727146.913569 742253.298029 
727043.589990 742404.245770 
726885.872829 743030.641782 
726746.482051 743639.079111 
726576.223931 744686.713270 
726337.329362 745980.045360 
726156.414343 746374.757982 
737022.147457 733506.679963 
725318.561805 746592.826868 
737716.528686 732145.776820 
725111.049127 747319.156346 
723490.401785 747551.992377 
723248.972466 747584.796671 
723188.263078 747728.576256 
721898.771491 747784.056577 
721357.185359 748154.170892 
719831.006773 748251.005149 
764073.278278 748394.909879 
763185.119510 748935.778553 
762598.764530 749010.089515 
762572.887018 749017.607395 
761721.548697 749736.129097 
761553.579154 752858.343015 
761486.827887 753063.525636 
750897.768614 766324.628267 
760974.469903 754109.773438 
751617.543368 764803.239894 
759684.373128 754731.249885 
759034.464051 754829.124761 
758820.264153 755640.512582 
758517.452090 756660.742358 
757507.292116 756684.425603 
757382.316600 757195.180863 
757186.375632 757640.135109 
756942.191026 758660.420812 
756655.663434 760501.579299 
755225.244941 762242.309411 
755839.868041 762021.319953 
755997.347794 761489.500301 
755927.839809 761660.656455 
756255.372958 761221.652268 
756556.563836 760705.419127 
754294.001215 762265.924233 
754272.185544 762371.674303 
754238.945430 762993.727440 
754130.900605 763190.573528 
753880.632814 763279.682303 
753001.808378 763341.648998 
752322.086593 763394.397384 
752270.815849 763787.435538 
752099.158710 764183.876365 
760392.859710 754370.123355 
751246.383568 765364.046286 
761289.187644 753928.737124 
750232.096447 766553.110055 
749295.664313 767322.970182 
747940.769392 768495.758179 
747894.758566 768507.492747 
747888.507901 768617.685692 
747650.236701 769125.210007 
745361.606411 769387.380821 
784235.278868 769460.457658 
783136.630837 770136.815955 
782699.152288 770773.787163 
782337.213815 771843.712418 
781760.318364 772259.835497 
781439.540594 772434.835082 
781438.562093 773446.396404 
767949.951580 792452.919323 
780951.762176 773974.539160 
768517.563846 789368.720171 
780645.605692 776201.435584 
780240.139844 776290.266069 
779988.276026 776355.892235 
779317.998485 777040.055419 
778695.060062 777398.211199 
777596.248118 777622.441943 
777507.465969 779659.182693 
776722.286015 780219.945853 
776037.276792 780551.020052 
773671.309974 784041.470849 
773673.196852 783726.002408 
774485.437743 782181.748454 
774254.586497 783286.436434 
774589.890035 780611.892664 
774637.937960 780562.715596 
773195.673636 784055.677285 
772588.522227 784417.434520 
772571.277316 784691.361375 
772269.112010 785628.708207 
772044.650424 786169.748432 
771256.484358 788795.882658 
770263.692047 789020.349308 
769663.889902 789199.237868 
768914.209034 789258.126776 
780706.052088 774777.275492 
768032.129014 790476.766231 
781433.877086 773506.330715 
767382.879625 792592.107240 
767380.928211 792682.700464 
767223.905800 792769.522094 
766911.188064 792775.344467 
766463.286342 793787.243675 
765937.435806 794769.126631 
764652.687049 796554.408044 
806901.822191 796609.391820 
806068.947065 797393.796076 
805177.704946 798308.083245 
803271.652673 798913.939721 
801317.891137 800407.166570 
800953.915391 800579.882625 
799819.579311 800923.898570 
787322.366193 814270.600862 
798816.732135 801681.475061 
788760.319377 814062.520124 
797479.415924 802083.489423 
797081.927208 802112.906214 
797021.198022 802303.610201 
796770.718720 803209.225824 
796489.157148 803434.890937 
795518.379348 803470.749551 
795326.308601 803563.469811 
795026.566034 804018.696620 
794657.972258 804912.437836 
792934.650810 809004.007749 
793575.378276 808626.858312 
794034.998068 807372.369955 
793767.277638 808123.227023 
794037.654794 806095.564263 
794208.087653 805272.942728 
792652.111707 809150.544483 
792423.583258 809811.757578 
791625.615132 809866.107230 
791148.839287 811399.366190 
790403.986993 811448.875657 
790076.366435 813382.541489 
790018.543679 813527.044126 
789847.920422 813822.463808 
789823.002393 813868.860305 
798502.658207 801997.918914 
788041.499562 814270.571238 
798982.264360 801195.590344 
786965.998596 814755.862888 
786694.782635 814912.954664 
785644.887068 815001.795308 
785509.052579 815054.083690 
785319.920284 815442.119650 
785092.815156 815665.581017 
784612.489498 816076.872512 
828898.164547 816818.718598 
828316.056157 817050.380209 
828018.799323 817435.766388 
827848.635891 818127.220642 
827565.604796 818297.329959 
827037.519476 818439.678606 
826499.475110 818913.529637 
812102.486357 830607.806264 
824315.715918 819721.213824 
812455.404895 829268.223667 
823751.526513 820059.813981 
823560.425057 820274.358953 
823494.605019 820780.932852 
823464.394751 821510.376856 
823313.257017 821679.227680 
821860.975441 822293.547621 
821762.446704 822741.915562 
821133.300092 822811.726084 
820726.187465 822815.243571 
816356.070714 824626.182440 
818121.941891 824521.221656 
818761.507686 824329.203830 
818297.106171 824433.821115 
818877.693821 824310.773273 
818922.977171 822867.378788 
815574.690213 825081.039706 
814784.693531 825103.388766 
814702.899981 825347.668315 
814525.143742 826036.854023 
814021.429940 826275.171870 
813494.291712 826849.280464 
813441.531405 827478.720820 
813356.968026 827692.659178 
813092.568385 828890.103965 
824091.958200 819735.680384 
812372.729847 829463.917281 
825319.079464 819302.469869 
810458.209576 830764.268844 
810258.956734 831430.543580 
809807.560816 832330.028270 
808984.640532 833005.580455 
808380.335950 833268.600448 
807867.876283 833635.068299 
807766.629301 833866.327335 
851501.768809 834077.978787 
851126.083689 834694.293827 
850630.669850 835013.089329 
849609.022003 835296.833388 
849517.694982 836050.484418 
849125.232553 836122.459818 
848084.301690 836737.448753 
833396.452676 849936.218628 
846561.077725 838039.410672 
833530.306959 848985.661400 
846399.780266 839232.050836 
846020.717051 840117.131612 
845639.067299 840414.090632 
845611.180701 840804.657559 
843289.366016 842467.085113 
842974.813212 844024.818666 
842621.564984 844183.308715 
841864.648524 844761.930202 
841643.108329 844990.055068 
838444.892914 846308.078954 
838702.745401 845928.125802 
840056.762286 845405.643584 
838992.017783 845517.161045 
840516.722466 845252.990335 
840839.519276 845106.036108 
837744.548814 846782.450381 
836533.586210 847203.012260 
836503.757157 847326.270621 
835743.202451 847453.454223 
835625.889069 847475.691703 
835393.784922 847490.173847 
835222.142152 847633.675225 
834899.856970 847802.588517 
834578.363764 847980.033509 
846520.382209 839125.973496 
833413.344332 849094.775552 
846594.878870 836770.121254 
832011.581902 849991.418770 
831549.187362 851436.570559 
830804.932096 852198.782779 
830446.863291 853089.480725 
830435.673932 853988.175200 
830407.866834 854654.906302 
829499.966509 856286.922905 
875425.915434 857478.275719 
875294.923844 857578.650125 
875236.692795 858801.331596 
874397.041041 858933.481361 
873512.357376 858945.999283 
873463.185629 860254.276338 
872556.431459 860661.513314 
854560.377005 877288.927163 
872202.992999 861224.963794 
856574.513263 876704.747291 
872052.099123 861895.705636 
871273.674484 863028.079728 
871247.120272 863051.223469 
870716.987414 863808.619182 
869250.221311 864169.784694 
869198.814198 864776.064596 
867539.054895 865858.059237 
867474.174874 866490.898111 
866868.802620 867127.379417 
862658.604341 870493.587297 
862943.571869 870462.675330 
864156.490751 869550.017636 
864122.596852 870292.352099 
864240.721946 869416.691130 
865548.439047 867672.604829 
861568.435866 872626.861305 
861539.208787 872849.596820 
860782.256536 872875.956321 
860753.500875 873237.296177 
859119.125830 873241.196425 
858997.406448 874292.502220 
858048.680967 874361.058814 
857552.693050 874662.977231 
856815.203276 876516.914744 
872192.094634 861338.739508 
855976.828071 876897.691010 
872255.232380 861173.304777 
854517.875304 877414.612604 
854251.693916 877596.877965 
853416.113819 878482.127685 
853021.795776 879024.931481 
852949.539785 879578.601872 
852840.835406 880586.389962 
852612.911221 880617.180390 
898008.127533 880976.164448 
897415.153763 880988.535561 
896600.416946 881337.925000 
895788.874960 881379.330469 
895742.286574 881443.529640 
895692.925083 883447.215234 
895590.770938 883947.424711 
880327.401087 897771.523575 
893959.296234 885198.243782 
881932.536300 897726.949484 
893179.911418 885444.684409 
891515.821749 886352.084262 
890616.715553 887130.373893 
890089.429653 887294.049675 
889901.374298 887740.788885 
889577.359897 888020.446612 
889436.156685 888625.593545 
889044.346643 889012.523836 
887975.127076 889157.175473 
885865.011397 891310.834239 
887111.836967 889914.900232 
887138.389216 889604.078053 
887125.831615 889854.730044 
887241.026203 889400.863180 
887303.332130 889172.269479 
885088.284242 891404.140761 
884547.831271 892266.766211 
883798.608636 893558.930894 
883565.807786 894263.018709 
883244.588833 894415.265647 
883161.484386 895140.553098 
883115.058302 895308.243337 
882214.709136 895745.421310 
881960.644557 896181.633982 
893947.431817 885200.484249 
880496.229481 897758.429309 
895035.831264 884918.659104 
880006.027153 898355.263165 
879935.912081 899399.794551 
877561.597294 899503.235838 
877251.903813 899651.905414 
876867.212204 900532.749592 
876430.690028 902450.001842 
876158.903982 902593.547520 
916949.203580 903060.732510 
916656.615087 903914.089666 
915545.674746 904201.262844 
915530.490669 904279.228541 
914944.296336 904334.920806 
914269.270154 904338.177815 
913980.268968 904542.150846 
902721.751158 922595.982572 
913703.568569 906092.964456 
903389.498347 921250.775292 
913357.283596 906986.170746 
913246.930062 908221.397937 
913041.027470 908372.939372 
913002.501755 908747.121772 
911879.812125 909218.842771 
911875.827293 909268.519687 
911234.842716 909876.038211 
910787.905021 911297.951979 
910447.244043 911907.847246 
908968.800272 915485.432193 
909388.552595 914973.643755 
909774.073624 913462.939615 
909562.371545 914004.742859 
910134.820389 912542.746952 
910242.063911 912441.648019 
908524.116115 915694.934011 
908443.159171 917690.987548 
908421.749478 918434.863581 
906786.752993 918469.290571 
906388.844079 918624.701249 
905938.685527 919180.840672 
905800.932127 919826.607625 
904018.331751 920181.227935 
903841.561459 920695.949636 
913515.900409 906495.003273 
902857.823720 921619.570531 
913797.807518 905364.857261 
901023.003316 923317.333392 
900559.981173 923513.209941 
900431.596017 925596.030184 
900305.024765 926274.558744 
899260.952195 926476.086783 
898528.584307 927691.227197 
898084.630525 927728.851477 
940504.366061 928071.535037 
938401.904063 929056.739309 
938180.963901 929481.616479 
938170.049373 929847.186295 
937854.432057 930049.731791 
936875.507700 931617.561044 
934630.545849 931691.421000 
920332.605702 945757.419837 
934475.166562 932052.090983 
921303.684789 945039.882673 
933750.933821 932890.478069 
933617.196674 934368.749211 
932494.081464 934867.842865 
932048.706278 935340.149893 
931853.943727 935405.007044 
931488.746999 936505.348630 
931370.316550 936748.196881 
930274.875319 937283.495460 
929078.105148 937709.634701 
925154.020108 939464.653534 
925398.156767 938913.639940 
926360.170978 938505.584929 
925720.005765 938558.463645 
926672.437396 938483.579884 
928762.018601 938479.720065 
925061.450578 939627.886147 
924790.597663 940278.506913 
924474.365397 940884.595285 
924051.144776 943584.238669 
923110.533126 943743.602760 
922545.725583 944119.376686 
922160.382815 944181.940697 
922132.607599 944538.562182 
921915.073113 944903.048819 
934409.141652 932571.252171 
921077.723476 945128.772367 
934627.280564 931905.150114 
919558.373013 945917.878880 
918836.655280 946862.534557 
918630.418719 946944.050206 
918046.257084 949659.351961 
918016.548871 949761.845100 
917553.232961 949779.769999 
917003.315601 951086.950266 
965482.126142 952022.460010 
965334.668379 952049.509796 
963748.456993 953294.008116 
962414.283132 953556.845291 
962266.572237 953797.100605 
961589.743352 954028.645884 
961082.721784 954125.441818 
944898.720488 967730.275110 
960976.099196 955532.158291 
945713.223532 966611.038465 
960541.677107 955985.649986 
960434.693388 957486.227547 
960431.218555 957806.644776 
960163.761852 957981.147853 
959477.503532 959045.865960 
956756.726749 959846.481039 
956344.109256 960821.337960 
956107.384762 960923.736946 
955904.114863 961444.076150 
950868.176882 964032.847684 
951394.805698 963961.323991 
954191.379698 963099.883363 
953854.122317 963570.657877 
954871.509799 962526.253526 
955775.953566 962205.248879 
950108.290996 964038.166379 
950016.085049 964126.684956 
949937.837525 964214.393102 
947085.442425 964397.325870 
947054.299410 964538.416826 
946669.589136 964579.739433 
946516.820167 964656.781618 
946213.540493 965210.672935 
945921.708492 966588.777749 
960716.344086 955894.806015 
945374.877609 967036.335740 
961032.944248 954949.450206 
944817.619752 968182.079196 
943798.700811 970642.852585 
943407.126100 970943.678013 
942525.677047 971183.724406 
941629.584934 971833.543391 
941604.020630 971875.890832 
941018.950319 972697.629086 
999105.209121 973189.272423 
998798.177602 973440.910190 
998055.897604 974629.330486 
997616.231663 974806.991162 
996903.317342 975304.748521 
996114.069325 975461.116907 
995717.330708 975828.401669 
971011.254427 997241.100739 
995020.746491 976792.752038 
971839.563670 996887.516843 
994122.818852 977751.784186 
993176.001599 977987.124111 
990760.560703 978539.880156 
990452.467689 979009.082505 
990436.739700 979019.629313 
990430.921860 979121.869302 
990307.990323 979485.337208 
989343.219757 979638.473293 
988945.035661 979712.314813 
975468.073017 992893.700205 
976674.855343 991610.286904 
987285.331632 980900.508431 
986865.237838 981283.816584 
986361.177219 981860.182581 
986297.052346 981934.829218 
986117.582314 983258.334008 
985544.010726 983447.722928 
985455.333375 983514.184224 
981298.178488 987405.501857 
981602.350434 987302.217825 
982649.016843 984275.841737 
981961.430498 984482.887162 
981915.912760 986441.836755 
981869.888581 986839.949533 
983301.279022 984252.543827 
985196.724209 983975.645665 
980797.281400 988039.296918 
980174.173237 988614.680315 
979542.667433 988649.732584 
979413.175274 989051.933843 
978496.307049 989324.341199 
978290.217133 989720.593478 
976852.365534 991404.256635 
988139.652273 980834.448831 
988836.846341 980579.691706 
975147.607103 993005.306824 
975073.728894 993546.825693 
974937.450868 993787.112682 
974647.822900 994938.978329 
974629.396901 995674.363028 
974271.020566 995761.364730 
973426.753255 995857.805930 
973008.219727 995892.475146 
972411.991901 996239.105617 
994743.234500 977750.768864 
971211.055870 997013.683264 
995585.810507 976597.299026 
970739.504371 997824.076940 
970238.777417 997907.616123 
969825.052717 998178.877772 
969004.876491 998704.202063 
968767.592057 999008.931541 
967657.478026 999428.845112 
965789.294993 999724.520961 
