2000 2
13747.093235 117.806814 
434.841098 18153.518564 
809.053465 18000.184728 
12945.364282 791.794556 
11882.743966 2088.053141 
1170.025616 16678.936588 
10337.809005 2649.026639 
9584.441034 3087.047522 
9178.533059 3289.291794 
4648.206098 13363.354484 
8961.764199 4684.412039 
8437.497269 6787.869621 
6274.227346 7457.316905 
6017.492561 7721.735457 
5426.120014 11611.047732 
5773.192211 8942.761067 
5694.356075 10033.586774 
5560.416256 10266.530482 
5985.322243 8907.227526 
5157.056181 12406.324926 
4971.071265 12533.178313 
4947.507753 12993.728976 
4705.829781 13180.885008 
9128.639542 4132.410715 
4529.210902 13418.050913 
1471.438345 13891.020532 
1321.296708 14743.142065 
11084.400425 2263.615559 
1005.965143 16858.403489 
924.181418 17945.727332 
13069.703579 393.786494 
13334.133575 126.108238 
42.634785 18239.446362 
38399.631814 18380.417973 
14424.436163 35206.896970 
15010.337228 33955.786823 
36816.058062 21122.690646 
36180.146782 22970.373078 
17315.269151 31918.238016 
35318.352585 23111.365505 
35112.471017 23181.410738 
35010.320952 23536.280824 
26969.967225 30652.169655 
34593.798698 23662.570324 
34346.621376 24925.076075 
34187.698531 25009.969243 
33642.121613 27601.577504 
31821.585136 29171.236304 
32520.416452 28243.463843 
32156.696552 28835.457914 
32011.814198 29145.751893 
32956.363262 27690.451745 
28799.772382 29517.882245 
28188.352830 29532.718464 
28005.000495 30081.717207 
27997.084185 30312.160404 
34797.580588 23608.353595 
23771.865953 30689.837554 
22934.847241 31178.989576 
19016.422822 31406.168903 
35706.181490 23097.459448 
17104.962770 33505.988486 
16046.694265 33506.378167 
37909.139479 19383.048462 
38210.355064 18811.160795 
14044.746493 36110.022803 
53153.200606 36476.567174 
39307.780171 49784.970210 
39426.338854 46996.324408 
52158.365962 36784.055003 
51743.601577 37284.296881 
42114.475242 46503.293877 
50870.732669 37695.561506 
50793.088095 38301.094715 
50327.231081 38478.838851 
43750.221901 44398.359614 
49837.711595 39265.475951 
49810.311879 40346.856287 
49636.237750 40680.617106 
47761.517016 41080.393326 
45571.259569 43246.318190 
46809.871733 41624.720754 
46535.974475 42255.896046 
45686.310345 42295.181592 
47210.417618 41539.293838 
45403.503337 43298.804521 
45212.595141 43599.683092 
44831.475936 43726.849827 
44166.044956 44355.221959 
49933.400857 39001.336545 
43659.866358 44771.612751 
43065.272856 45114.481179 
42838.372517 45925.371137 
51629.546392 37510.483860 
40784.553203 46553.104734 
40719.114122 46654.188695 
52382.021965 36637.053493 
52624.732342 36585.092326 
39114.655855 50975.113033 
67858.353198 51257.623563 
53664.633980 68652.583551 
53789.905924 67516.792868 
67567.028755 52160.699634 
67552.361900 52384.209874 
56649.070017 65805.550014 
67416.755885 54466.417701 
66330.486109 55017.463287 
66142.839582 55618.376752 
58103.719294 64561.376641 
65496.842927 58210.309506 
62617.608225 58479.311464 
62440.778898 58501.355288 
62172.635642 59577.131621 
59720.425819 62798.120194 
61200.217516 61358.814693 
60050.571063 61750.366505 
59928.595333 62368.337576 
62042.555382 60802.151401 
59331.541576 62958.940624 
59058.561173 63568.160187 
58899.341601 63916.499645 
58781.791843 64238.113231 
65737.680640 57175.840702 
58075.596939 64877.101544 
58058.570009 65233.105279 
56856.984136 65696.666155 
67475.292269 54327.469674 
56139.078773 65902.178217 
53931.976678 66367.488133 
67588.499854 51652.570797 
67776.289352 51281.472608 
53421.002494 70216.707842 
86091.227841 70808.588751 
68432.407705 86385.009255 
68475.555627 85242.039672 
85151.061146 71560.075733 
83286.142979 71573.788664 
70994.607452 83382.378003 
82470.009945 73140.212558 
82261.727176 73725.810057 
81267.864185 73809.780813 
73340.700239 81071.574716 
80134.910663 74890.759226 
79951.310432 74966.711747 
79767.526944 75004.019630 
79332.128103 75069.316043 
74732.796539 79911.773557 
76214.303265 76707.920127 
76143.007320 76794.203205 
75927.133694 78268.790202 
76679.606488 75210.856614 
74232.416614 80062.000814 
73853.265023 80185.934184 
73817.659354 80528.466180 
73726.489936 81025.350876 
80222.267435 74725.172810 
73096.635172 81095.710431 
71797.033582 81824.140553 
71432.548007 83070.661164 
83255.975095 71907.162027 
70814.104234 83550.932594 
70024.119013 84818.533608 
85360.148218 71477.037438 
85811.928318 71452.953621 
67870.591478 86574.771296 
104479.470799 87387.137151 
87415.674373 99196.946300 
87529.526789 99045.735409 
102548.151345 89511.141777 
102136.651218 89926.493908 
88042.649995 97907.001977 
100670.814218 90748.051904 
100508.228300 91057.403745 
100291.944132 91066.692415 
89779.728901 97332.443465 
99858.505210 91759.230457 
99778.977555 91831.806628 
99426.078165 92236.503154 
98367.827286 93107.440875 
91893.667429 94907.071690 
93094.133954 93409.187725 
92870.374928 94711.821359 
92141.679602 94779.898337 
97869.846079 93311.306106 
91366.379771 95015.231407 
91272.280177 95186.886445 
91087.786929 96199.637995 
90730.815664 96964.915286 
100120.674869 91263.151190 
89498.740210 97747.394409 
89113.909042 97748.781993 
88624.725993 97770.481535 
101816.712689 90070.222456 
87997.126457 97935.387048 
87614.020121 98835.414122 
103235.203995 88599.359642 
103889.513311 88253.429243 
87332.263569 99816.443390 
118315.709853 99866.791616 
105309.259688 111260.192579 
106096.264825 110413.747303 
117508.738689 100306.653793 
117333.165146 101152.376660 
107520.177879 109037.137219 
117062.032848 101549.461027 
116985.012836 101727.109319 
116576.908870 102627.281269 
110605.872287 107907.638428 
115942.301161 102857.539583 
115865.283898 103425.014415 
115282.621948 103552.858331 
114529.619628 103927.984000 
112195.066069 106480.530070 
112957.263390 104738.371056 
112408.149330 104795.944890 
112401.365340 106470.798951 
114387.484292 104294.082917 
111721.774721 106880.087880 
111572.849669 106931.978490 
111007.767023 106969.081182 
110606.569545 107355.161169 
116139.347489 102632.477397 
108473.633278 108050.284490 
107995.258005 108691.022335 
107685.172494 109008.623728 
117098.591028 101441.888395 
106760.958556 109107.622445 
106730.922746 109629.526600 
117514.978206 100245.173095 
118194.663655 100213.945360 
104923.454150 111424.212007 
136399.575178 113663.456418 
118418.304401 130981.964277 
118469.524821 130441.815082 
134843.127476 115054.048646 
134068.539662 116000.061711 
119348.043503 129055.983944 
132761.764988 117323.458569 
132311.726431 117329.712606 
131888.820275 118301.421890 
121851.651488 126526.425932 
130468.989709 119652.280398 
128448.966076 119882.297039 
127737.556801 120078.266878 
127197.609079 120148.765071 
124899.561937 121691.226110 
126104.906444 120675.817599 
125988.787628 120799.626140 
125325.012464 121630.602159 
126723.011667 120433.090166 
124685.649607 123455.186991 
123195.712365 123797.615502 
122860.825618 125486.383868 
122186.967415 126232.665586 
131394.673489 119599.126251 
121420.018169 126864.239458 
120270.844937 127301.013981 
119857.425363 127310.888520 
133468.638392 117319.117722 
118959.647276 130120.595082 
118584.240741 130343.673629 
134959.998660 114252.767307 
135422.434075 113714.776665 
118333.824814 131154.999752 
153202.813759 131606.947487 
136667.957770 145461.506429 
137433.875871 145318.018828 
150810.939797 132468.971980 
150784.558319 133426.883705 
138870.927892 142889.223133 
150592.351791 133858.385877 
150456.598562 134141.772189 
150184.087168 134196.075502 
140656.057147 141260.416460 
149400.843828 135226.169543 
148599.392600 135412.401508 
148259.070067 135618.814975 
148021.254291 136439.462962 
144550.311630 138622.169690 
145879.220817 137545.843948 
145809.708338 138300.572960 
144900.298913 138601.318696 
147700.988962 136674.010747 
144350.566460 138748.607597 
144132.766782 139839.159187 
143359.710889 140633.035885 
142997.344026 141059.067704 
149851.050859 134761.078525 
139376.170257 141808.372497 
139339.606860 141976.719143 
138984.909009 142491.188381 
150765.674717 133505.487531 
138433.578906 144102.855669 
137596.322518 144678.479386 
150843.280938 132140.099586 
151622.835784 131609.252341 
136627.016892 146124.578282 
167529.567444 146283.510824 
153724.935395 160479.726881 
154162.996561 160239.904863 
166212.897667 147022.468345 
165695.183051 147244.913176 
156714.619322 159234.206907 
165241.298838 147657.411012 
164964.222003 147759.217905 
164207.228502 148823.038245 
157551.140085 157581.371029 
163824.115735 149894.988279 
163779.782522 149898.413736 
163352.753326 150032.037530 
163118.374398 150743.741411 
160266.759841 154025.777999 
162141.360354 151729.534280 
161593.778917 152681.522423 
160409.908051 153983.482039 
162893.304959 151080.057845 
160056.457457 154200.503184 
159011.477839 156122.805864 
158690.878911 156123.034008 
157822.813433 156615.398379 
164157.276105 149470.730030 
157333.076091 157588.165311 
156923.519100 157834.461036 
156760.634573 159057.422975 
165673.337929 147430.702003 
156458.470598 159435.828184 
155580.180009 160077.277989 
166856.939532 146802.029178 
167071.818300 146431.630094 
153532.883473 161082.083991 
181839.976822 162077.445245 
168107.977689 178553.425147 
168254.847370 177799.331681 
180398.893159 162700.532368 
180136.574392 164456.757930 
170107.031044 177303.932326 
179353.210672 165010.100143 
178894.944768 166138.961803 
177761.899967 166569.973742 
171931.395943 176290.478446 
176417.502995 167205.760477 
176143.366409 168062.546259 
175573.903955 169694.108015 
175385.154265 170224.619383 
173813.547786 172838.610753 
174841.900400 171300.486514 
174833.797821 171762.477189 
173993.985493 172547.964600 
174958.914096 170550.207890 
173587.825538 172936.024937 
173210.950244 174058.999012 
172683.035390 175607.681289 
172538.817085 176248.484347 
176819.581583 167037.197199 
171575.469653 176542.715472 
170706.435699 177110.385391 
170513.314951 177151.327941 
179381.266170 164668.708100 
169750.675354 177723.782505 
168798.803245 177744.806551 
181218.524119 162325.825219 
181445.897667 162297.162732 
167871.129830 178596.925293 
199018.805292 178710.956806 
182583.064792 196365.206554 
182619.213363 196317.258997 
198393.329569 179651.674075 
197961.627759 180312.389161 
183690.591476 192513.613456 
196921.334639 181572.358274 
196427.314729 181835.067299 
196163.285739 183433.556573 
185960.470124 190438.824591 
195299.274499 184159.716685 
194411.353216 184302.329111 
193942.450679 184328.521828 
193788.117167 184671.539750 
190730.289241 188095.228854 
191420.280706 186348.395326 
191187.678495 187229.465523 
190837.089826 187554.403718 
193002.343064 186092.704059 
190397.993779 188302.394736 
188473.660021 189725.546623 
187964.918110 190162.399393 
187389.726196 190348.866632 
195799.240644 184072.756182 
185917.996814 190474.107147 
184885.526565 190494.841667 
184080.200567 192102.722810 
196968.566513 180962.262164 
183371.960666 193617.489037 
182949.021231 194845.761773 
198554.207007 179263.313468 
198784.030506 179176.526918 
182569.637875 196559.022770 
213906.240946 197390.997650 
199455.378584 214831.473200 
199941.693609 214774.631687 
211389.107254 199369.349625 
211220.116374 199508.165530 
200740.830334 213624.201674 
210139.834186 199857.296864 
209987.159134 199995.058912 
209937.962249 200684.555792 
202348.656288 211807.908644 
209362.517139 201938.327218 
208859.764077 202214.110197 
208332.474267 202836.889609 
208191.917998 203002.743746 
206775.531859 207768.512945 
207802.008153 206282.006437 
207592.022416 206908.137616 
207416.948334 207416.844266 
208190.781677 205316.691766 
206724.717679 208820.837864 
206110.001127 211334.945924 
204448.145125 211460.394752 
202414.682563 211622.440353 
209544.847336 201627.887270 
202148.643653 212027.926487 
201587.570389 212310.649781 
201485.588071 212726.685729 
211205.752312 199845.394530 
200694.741463 214255.393090 
200073.237357 214332.594116 
212239.015127 198736.232258 
213702.439533 197589.433816 
199441.954244 215167.259332 
227762.741802 215438.042421 
214165.002029 231070.290512 
214554.210760 230915.274412 
227323.089321 219269.609117 
226607.966945 219271.445163 
216186.316158 229940.138090 
226319.219700 219813.349240 
226153.873174 220233.883213 
226095.960223 221222.576876 
219358.430271 227320.102356 
225389.793080 221977.240201 
224913.736913 222264.559399 
224633.972289 223249.607123 
224363.289781 224354.853577 
222378.658109 226341.777121 
223857.850334 225147.650322 
223733.316897 225664.175892 
223358.389635 225800.005815 
223922.011393 225000.194175 
221498.778822 226631.112970 
221306.453716 227121.643737 
219815.884306 227286.599587 
219444.866683 227291.297128 
225907.896618 221322.442961 
218709.231534 227530.251261 
218236.911835 228444.203142 
217348.687103 228619.324584 
226498.841439 219773.698297 
215322.502933 230253.234909 
214682.185719 230760.629688 
227376.523608 216277.186539 
227595.194003 215556.966375 
214146.374311 231199.828172 
250632.603409 232866.866534 
229682.793241 248885.679941 
229932.082601 248881.379915 
250322.916810 234549.768894 
248772.296096 235623.755976 
232115.443370 248076.203431 
248202.643500 236232.178259 
248070.354262 236746.655881 
247770.822770 237743.903500 
236988.433143 245982.064823 
246328.843804 238417.772591 
245336.314678 239109.891492 
244042.160951 239838.162776 
242494.316781 240381.820219 
239694.640375 242731.868018 
240014.232188 240899.711501 
239860.230080 241177.765854 
239751.597921 241396.372921 
241033.845659 240609.699977 
238774.151444 243145.269858 
238562.171259 243783.544454 
238004.476695 243983.970707 
237320.209852 245327.259968 
247660.575836 238089.487986 
236971.815554 246654.205789 
236534.603725 247002.631156 
235483.145470 247454.734316 
248326.136688 236092.633940 
230883.383502 248463.132228 
230159.330340 248781.466787 
250460.148152 233792.609036 
250541.031659 233092.465118 
228690.650932 249442.025100 
263961.556672 249968.407452 
251195.599981 264180.058879 
251198.486142 263512.818153 
261653.051144 252130.164488 
261355.124075 252347.366799 
252470.292703 263103.585446 
260901.565802 254159.626576 
260059.718253 254320.257276 
259395.686493 254858.553988 
253298.519115 260477.711779 
258413.394718 255867.720686 
257589.278199 256033.731607 
257310.874645 256821.978490 
256460.890150 257715.719224 
255822.428554 258850.037732 
256036.863482 257926.619190 
255979.651884 258471.903886 
255891.980714 258569.127234 
256106.182489 257854.909767 
255784.923697 258867.918274 
254705.154009 259478.523024 
254020.291823 259625.371403 
253966.683254 259781.878275 
258492.041976 255698.633784 
253102.562898 260654.991867 
253027.799175 261021.666020 
252507.407306 261873.416086 
261014.391691 253215.159824 
252300.869955 263323.716879 
252222.395627 263411.143173 
261725.261876 251557.054808 
263615.109775 251173.030868 
250641.029338 264989.524563 
285468.391984 265413.236734 
265481.655995 282629.459275 
267232.420732 281678.639796 
284399.750121 266767.803118 
283051.282434 266927.436511 
268591.181757 280085.967746 
282917.245653 267246.630679 
281962.930009 267323.575601 
281503.614472 268019.606477 
270568.983097 276937.352509 
279490.781021 268979.146212 
278843.308282 269105.164502 
277744.222012 270443.122668 
277226.712850 271023.114666 
273956.995428 274668.035471 
276204.537780 271999.756596 
274647.434013 272690.786993 
274074.844375 273853.942082 
276291.606392 271404.610602 
272714.195129 274671.423423 
271573.255916 274803.686979 
271361.749869 276436.219901 
271224.371197 276582.974390 
280135.622693 268891.058316 
270524.780725 277143.718628 
269766.203401 278526.986444 
269241.946091 279956.373987 
282967.129509 267120.086464 
267929.731277 280648.120976 
267685.688524 281277.706468 
284956.700047 266430.915308 
285353.139018 266254.549029 
264255.174689 283278.247253 
304549.231616 283475.301549 
286352.170598 301084.584651 
287329.553938 301027.187488 
303142.926971 286206.462521 
302650.853993 286909.177141 
290056.669368 299927.413912 
301553.867404 289236.408562 
301061.856273 290363.534162 
300810.302425 290858.709407 
293461.703167 297415.692090 
300188.306988 291624.912209 
299675.910917 291804.484796 
299604.372421 292912.179700 
299216.905493 293589.163915 
295152.325242 295670.501096 
297494.879874 294439.212649 
297421.878560 295188.347063 
297369.927827 295386.600212 
298325.668528 294247.840621 
295099.224236 295984.874835 
295018.984806 296104.337155 
294305.574328 296588.042221 
293850.464935 296902.171262 
300203.410378 291348.767600 
293362.119661 298393.217290 
292695.903920 299224.006757 
291380.603012 299260.373590 
302087.035470 288455.931649 
289807.394983 300017.198658 
289578.984978 300416.050226 
303432.777024 286114.934867 
303600.281777 284511.768828 
285525.961379 301583.004263 
321014.950428 302329.680779 
305414.198789 313822.498688 
305423.212683 313427.849419 
320170.276326 304699.059849 
320060.915599 304799.577718 
305561.005928 312509.255600 
319855.314128 305357.813515 
318716.453011 305433.093638 
316610.302142 306134.980860 
307501.599494 310524.378617 
313268.120609 307787.691471 
312974.643869 308228.448984 
312945.341950 308552.321778 
312262.974245 308708.395357 
309842.990510 309557.614966 
311426.112836 309302.046134 
311246.388812 309470.414022 
310276.550795 309537.931383 
312021.145687 309149.298567 
309139.063160 309813.116432 
309079.842135 310026.652733 
308005.837356 310173.985299 
307860.804568 310275.516675 
314215.002581 306907.699315 
307449.536473 310665.743007 
307333.488362 310669.824311 
307224.474550 311249.013884 
320060.418077 305297.572956 
305469.451067 312723.139416 
305430.043397 312898.571764 
320609.843472 304374.776031 
320988.146411 302951.733277 
305381.865069 314177.936673 
339471.524276 316178.870778 
322400.120350 334156.179326 
322421.990567 333762.217956 
338785.318776 316833.758349 
337706.225907 319741.022881 
324010.650275 332723.063049 
336908.844837 320561.684281 
333670.036986 320943.244542 
333128.976684 320981.347027 
326962.780722 330914.824702 
331435.277971 322218.387783 
331357.532042 323312.489036 
331124.342828 323683.077048 
331024.032483 324092.220620 
328849.000321 328699.734465 
330095.666482 325427.201285 
329693.048898 326898.066939 
329559.446336 327846.742847 
330529.023372 324881.835904 
328797.907122 328922.648325 
328772.605938 329331.189043 
328646.670083 329375.873758 
328233.841954 329693.187393 
331547.161219 322136.592142 
326554.093180 332233.949019 
324995.219937 332503.992245 
324896.257535 332653.699570 
337621.479316 320535.044851 
323967.707574 333261.735330 
322804.561262 333600.111913 
339137.766794 316668.740474 
339364.794901 316305.519239 
321336.596365 334334.711110 
355376.096376 335193.845449 
341371.653947 351730.937355 
341972.195814 351357.433936 
355124.354650 336554.387202 
354599.652357 337682.388055 
342828.214200 349097.905130 
354505.277566 338674.171449 
354417.775758 339327.563624 
354315.757111 339373.268373 
346619.715949 347372.855803 
353442.551334 339840.406949 
353245.741987 340106.617710 
352964.559234 341656.343404 
352915.320676 342336.590437 
347489.491949 346091.447587 
349397.345422 344017.765687 
348309.745465 344633.657574 
347903.191879 345319.220717 
350730.997273 343736.043614 
347248.503972 346285.105077 
347138.300248 346444.217495 
347123.235736 346555.907483 
346766.576205 346734.952321 
354235.473753 339581.867886 
345355.055677 347739.919244 
344674.189265 348340.850463 
343370.614333 348911.258206 
354542.631840 337820.931159 
342357.859565 349355.154231 
342184.181113 351136.887325 
355166.934275 336549.116188 
355353.371812 335324.973023 
339838.650564 351823.764870 
373469.026043 353272.403748 
355950.145105 370076.440912 
359103.012302 369859.648945 
371685.284786 355783.648270 
371215.596149 355921.009708 
360369.573446 368778.428250 
370249.975761 356697.386458 
369843.022460 356932.898509 
369731.937468 357950.144343 
363510.599342 366937.648232 
369095.667775 359122.762045 
368955.778152 359903.844349 
368334.229181 361539.307696 
367906.371157 362168.981514 
365148.924649 363727.891021 
366874.780773 362590.481919 
366258.997680 363446.184884 
366233.442711 363683.222268 
367178.551436 362196.696260 
364992.743914 365737.338437 
364056.297009 366004.242662 
364036.067745 366463.069869 
363778.840582 366589.531714 
369409.653076 358196.233810 
362418.519445 367891.473435 
360830.056373 367962.633567 
360619.456144 368379.915765 
370804.786921 356622.764937 
360072.933999 368889.185748 
359707.535900 369035.288147 
372649.075288 355442.596626 
373396.024136 354535.566131 
355641.726572 370116.630491 
393723.448920 370319.002394 
376657.350630 381896.783294 
376990.426341 381275.569048 
391519.492461 370866.570613 
390792.973934 371656.097309 
379137.333543 380244.662757 
389986.381154 372414.834844 
389905.289294 372821.721017 
389637.363376 372858.695149 
380857.119081 378469.050290 
388634.953975 373104.856553 
388009.270717 373244.418163 
387856.909996 373799.585361 
387018.509314 374378.953057 
383668.308860 376827.288594 
385905.436006 374939.367911 
384449.982939 375749.987450 
384045.993245 376005.410641 
386807.058990 374829.332445 
383453.094613 377155.026788 
383395.108022 377742.395780 
382971.598545 377870.079426 
381473.694511 378155.379616 
389602.991514 373033.174325 
380386.862664 378883.885654 
380014.021069 379555.348300 
380000.122022 379714.638005 
390470.920031 372013.007118 
378425.720846 380580.740719 
377472.221938 381008.864534 
392923.154481 370536.700340 
393139.260036 370441.353154 
374440.670596 382094.884800 
411111.206522 382101.190440 
394262.310009 400398.673104 
394269.131273 399315.978454 
409211.169996 382639.829789 
409002.958716 383389.315558 
396213.157734 396308.024878 
408040.235705 386273.926752 
407778.701322 387080.863712 
407759.710556 388431.817977 
397319.846196 395123.620018 
405296.794469 388622.221052 
405219.598274 389217.510808 
405019.980154 390549.800994 
403748.617330 390708.943341 
401378.269133 393334.214655 
403260.517791 391514.008482 
402910.726030 392793.347704 
401381.025600 393049.104003 
403660.849458 390937.362719 
400762.172650 393441.054264 
400760.741501 393756.321924 
400604.148272 394548.687078 
400092.745271 394886.091205 
406745.851218 388610.317325 
397283.419694 395735.390897 
396945.550606 395842.216505 
396560.429798 395866.769628 
408725.902640 384106.718369 
395939.795367 398057.888013 
395263.586186 398728.811835 
410046.851855 382583.772738 
410436.205429 382505.924557 
394050.623389 400732.020395 
424784.684809 401291.607682 
412043.569901 417553.738920 
412490.428224 417397.120187 
423356.119224 401769.021201 
422440.788591 402397.601994 
413250.439988 415149.255110 
422190.191230 404739.407176 
421972.014482 405031.709864 
420371.420141 405125.742594 
414408.450517 413951.510597 
418990.354305 406333.926851 
418972.663384 407486.165998 
418872.773849 407779.581561 
418733.172639 408630.579226 
416196.927761 411544.621916 
418461.407384 410244.599525 
417470.652037 410480.226541 
416453.083356 411041.486007 
418540.188293 409934.607135 
415800.371865 411897.049981 
415717.442214 412335.301550 
414913.037774 412585.437506 
414596.851688 412629.950864 
419700.767397 405557.992667 
413875.896852 414226.192095 
413872.078521 415019.938788 
413264.525668 415028.071453 
422227.397004 403636.913393 
413055.468894 416088.406998 
412744.942485 416714.763100 
423902.839464 401652.977098 
424618.255456 401392.635939 
411766.622059 418914.476933 
436837.942038 419204.011079 
425058.814861 433754.002114 
425446.404209 433275.545467 
436125.073687 419876.532803 
435959.253737 419884.705641 
427093.546623 432618.515723 
435130.578628 420615.983774 
435125.969154 421087.427720 
435073.471872 421525.905702 
430309.807931 431477.311407 
434157.323987 424773.664493 
433621.424232 426792.747816 
433206.569660 427084.671750 
433040.965846 427143.553276 
431897.543681 429413.415848 
432239.360808 427920.972268 
432212.198573 428148.467173 
432001.654876 429098.627288 
432437.264337 427683.474399 
431568.108831 430129.502911 
431413.734314 431200.258688 
431299.133973 431367.562620 
430928.793064 431470.339709 
434163.210126 421679.363883 
430268.754651 432107.124421 
428306.158340 432276.998120 
427801.287102 432448.790745 
435853.691946 420115.667307 
426127.763278 432647.145202 
426041.174277 433136.378633 
436316.666890 419670.823550 
436727.345326 419650.230625 
425043.933400 433792.014812 
451654.328243 435404.003023 
437618.071183 448570.235791 
437987.867348 448324.950309 
450948.438596 436228.808730 
450323.424491 437293.238951 
439713.367121 447249.448666 
450007.250599 437581.881418 
449554.653700 437978.036321 
448984.862783 438548.612745 
441005.702653 445678.562391 
448277.326950 438687.163251 
448273.069558 438757.291999 
447330.333616 438805.182259 
446556.686940 438889.876028 
443475.296124 442925.621976 
445630.729084 439540.175728 
445593.904955 440293.609308 
444946.625560 440358.120935 
445956.935461 439414.766585 
443140.681138 443163.803977 
442873.860054 443209.888917 
442656.219867 444250.860906 
441104.602866 445410.161903 
448419.892224 438635.937751 
440851.694199 447006.820106 
440239.731647 447164.431371 
440127.020502 447238.039738 
450111.613213 437540.018931 
439238.626554 447826.185108 
438481.160613 447877.784963 
451241.839285 435766.804768 
451307.344807 435633.521517 
437097.977782 449551.701465 
470818.994275 449570.567946 
452187.197845 466553.581839 
452384.060668 466430.186382 
467882.591271 450961.113107 
467339.603944 451230.127055 
454193.165992 464074.272874 
466603.987295 451833.145632 
465407.844786 452395.982765 
464319.494385 452670.596274 
456885.599539 463288.360453 
462918.123986 453762.225742 
462829.335194 454669.840865 
462563.147696 454741.666684 
462216.722880 455805.979024 
459613.166630 459936.975338 
460284.502042 456643.819556 
459992.141728 457523.073490 
459788.077973 457891.976388 
462099.689139 456132.191815 
458769.549395 460893.332182 
457831.200061 462028.228855 
457188.053957 462547.940709 
456927.373883 463287.115691 
463301.738652 453331.577700 
456489.947319 463355.787724 
455559.369878 463497.820046 
454411.841354 463962.057366 
466675.286749 451794.635998 
454031.013581 464075.215375 
453472.977492 465860.938229 
469686.603378 450594.578497 
470763.856402 450163.579378 
451910.800650 467777.377556 
485235.042490 468543.276100 
473270.719476 480523.491291 
473852.069186 480348.092269 
484801.513203 468786.187995 
484513.058720 468941.781088 
475632.409045 479090.753981 
483716.738794 469365.161734 
483660.365271 469607.556165 
482441.031389 469725.558799 
476664.941941 476421.704198 
481841.151841 469853.616287 
481204.031744 470002.130597 
480971.604349 470654.322131 
480826.138827 470855.734698 
478839.898102 473695.019389 
479872.182551 471243.982462 
479513.159640 472222.678212 
479467.988849 473407.449811 
480400.303761 471064.060156 
478215.879886 473821.481410 
478193.137146 473938.960756 
476982.550539 474984.185115 
476833.498357 475087.917798 
481992.285770 469751.053451 
476525.020744 476983.013470 
476324.165527 477990.136077 
475765.867058 478303.029235 
484238.955307 469264.840390 
475121.324716 479860.000894 
473891.684184 480079.473069 
484953.932401 468623.966456 
485077.910232 468619.448447 
471218.353495 482100.027599 
500964.303990 482476.185307 
486823.525376 493627.323198 
487273.153478 493299.700503 
499959.395023 485012.639472 
499035.511123 485036.943299 
487736.158514 493128.942043 
498295.876719 485831.304797 
498043.129039 486404.939792 
497077.392305 486439.182665 
489693.937756 492082.464638 
495710.950873 486950.302675 
495520.569743 486970.821848 
495272.853651 487168.041745 
494827.232653 487433.232097 
492655.211818 489623.663394 
493893.483236 487893.147388 
493439.868624 488396.557325 
492896.854981 488466.464559 
494220.444997 487589.660264 
492351.178102 490133.999710 
492153.059370 490286.450632 
491535.795929 490781.041803 
491052.159168 491741.650475 
495869.745731 486597.462539 
489576.673899 492272.437549 
488509.140533 493002.254796 
488281.477232 493029.037032 
498913.301558 485772.277142 
487372.803749 493158.971324 
487365.544874 493202.037117 
499963.591485 483150.188339 
500837.351449 483019.484941 
486790.683141 493833.597875 
519013.168089 495296.211409 
501336.313903 512993.124788 
501803.878327 512417.709515 
516453.451979 497405.177524 
516322.136082 497932.979324 
504109.077755 511002.038107 
514129.294555 498675.296434 
513475.360401 501368.402938 
513230.272665 501836.156420 
505703.586045 508916.525499 
512328.705903 503135.572618 
512185.747720 504773.018954 
511707.991948 505757.581305 
511674.269546 506824.950195 
507856.889320 508246.107232 
511097.593637 507671.526556 
510453.307151 507734.385939 
508270.852142 507769.302228 
511104.406098 507060.447246 
507844.588352 508437.714111 
507569.378945 508515.987958 
507548.463771 508584.713674 
507148.245598 508710.991908 
512673.587500 502903.476095 
505586.949868 509080.513464 
504571.969061 509708.240500 
504516.206082 510005.918843 
514526.025642 498277.327319 
503213.579053 511210.369855 
501853.299759 511940.774726 
517081.488304 495572.218700 
517626.897199 495443.901505 
501029.551795 514423.397794 
533742.492438 514533.246351 
519395.952269 525928.181833 
520391.933055 525515.910781 
533108.926408 517169.146257 
532879.424294 518569.627049 
522382.550357 524685.803602 
531795.526283 518923.321403 
531641.066620 519314.158639 
531620.123003 520571.659006 
524646.015480 523004.493243 
531100.524699 520861.904582 
530914.010060 520896.093813 
530512.057036 521135.167682 
529847.931335 521190.800046 
526477.519398 522086.729427 
528825.068209 521414.167857 
528138.243695 521643.069466 
527486.175031 521961.918526 
529509.092520 521243.988191 
525698.820103 522160.935642 
525106.078065 522512.608660 
525094.645198 522758.511422 
524750.537106 522855.501341 
531248.847510 520658.265360 
524561.364164 523537.000587 
524402.205578 523696.867758 
522562.613960 523699.449040 
532424.182043 518819.273722 
521973.161939 525400.661111 
521187.759846 525425.186364 
533621.224194 515683.416951 
533672.588237 515414.719730 
519165.434473 526490.416911 
546824.048319 526648.711002 
535482.645296 541374.667855 
535824.902044 541363.744181 
545630.417314 528437.752900 
545384.035281 528871.671163 
537070.136651 541066.177866 
545201.808924 529319.968846 
543873.065078 529629.910054 
543373.690920 530240.531210 
538066.365299 539317.536559 
542721.594998 533029.093142 
541931.043160 533438.614999 
541908.999774 534472.810665 
541824.408246 534706.850365 
540723.695689 536331.478822 
541425.331200 535422.618872 
541064.275912 535604.037403 
541058.254374 535800.886977 
541578.364279 534820.018249 
540283.507939 536428.075730 
540061.152060 537008.879668 
538416.825955 537172.300750 
538255.070540 538837.509071 
543321.864072 532734.335008 
537931.907847 540107.860909 
537822.486817 540290.277978 
537582.756220 540742.309441 
545208.959156 528898.317659 
537060.117623 541236.843444 
536138.809525 541267.743140 
546238.774525 527638.379083 
546540.426948 527195.703492 
535431.579372 542540.827095 
560350.576840 542597.273302 
547878.067288 560059.589081 
547926.483949 559527.795794 
557860.723406 543110.118594 
557759.217584 543307.259154 
549193.854213 558037.378827 
557435.919658 544438.095333 
556937.577540 545271.009274 
556829.925709 545688.964212 
551655.185095 554888.136730 
555930.551215 546993.626328 
555894.176674 546999.495493 
555864.752839 547077.531432 
555470.399710 548011.480254 
554209.698662 551516.678845 
555131.486008 548380.744321 
554868.981371 550389.695995 
554236.650520 551307.629938 
555199.178499 548054.379627 
553693.091372 552423.070831 
553343.834573 553605.069603 
552758.020484 553935.642339 
552078.663180 554390.263223 
556328.534829 546394.684325 
551041.995624 556384.077917 
550979.480939 557271.847325 
549718.498572 557853.758805 
557652.726066 544000.364309 
549101.769810 558351.184759 
548995.463499 558396.940721 
558263.092054 543098.889687 
560344.023975 542672.186758 
546923.961733 560402.305922 
576933.757293 560962.242258 
561026.243980 576143.148206 
561398.596382 575965.565076 
576257.552877 563094.077018 
575300.340396 563967.336297 
562635.750992 574894.785952 
574554.885301 564600.763606 
574190.001884 565533.031958 
573581.309461 565892.864652 
565821.454391 574126.981639 
572292.402583 567820.843524 
571902.084453 569129.784954 
571564.358393 570077.974623 
571327.923569 570222.973645 
569309.958179 573064.308713 
570758.818895 570822.538884 
569900.732775 570855.525265 
569792.893814 571067.691060 
571051.554419 570496.365303 
567870.851798 573111.013264 
566471.649715 573118.766837 
565981.756683 573283.635851 
565966.337621 574066.207607 
572732.117925 566725.566768 
565061.141830 574206.034262 
564613.997928 574554.191745 
562667.463879 574662.001644 
574699.356116 564102.868454 
562541.981247 575540.362483 
561722.756176 575910.016156 
576300.013512 562324.359215 
576366.563075 561632.423056 
560363.652684 576843.822743 
595902.454180 577154.415413 
578422.131454 594348.187525 
578862.922032 593707.250349 
594994.016157 577510.279244 
594854.358699 578066.292701 
581746.043677 592011.606607 
594313.758309 579040.660067 
593431.505440 579756.839409 
593317.698212 580062.031102 
584885.012010 588625.930787 
592501.916131 582442.407786 
592426.584527 582566.372648 
592348.326328 582714.426433 
591227.084253 582790.939412 
587356.018380 586029.822764 
589847.543340 583791.996208 
589372.221538 583911.201140 
588642.401260 585755.579652 
590803.380055 582924.677286 
586605.313503 586355.497685 
586326.957175 587502.219064 
585721.795182 587703.649812 
585083.080959 587817.392136 
593200.989013 580776.702348 
584819.694974 589649.381432 
582168.642352 589747.132557 
581770.920613 589802.682861 
594667.972394 578528.631460 
579696.975823 592058.118299 
579648.682281 593274.297754 
595245.326337 577476.611475 
595477.937272 577222.431312 
577896.893802 595951.775481 
614747.484536 596236.061929 
596781.429698 610967.080856 
597340.796126 610442.982931 
613265.641144 598115.225726 
613101.011623 599846.071369 
598972.859710 607837.444888 
612023.677202 601593.103698 
611592.111308 601717.635233 
610543.953728 602585.471308 
600959.307330 607101.924061 
607265.764706 602944.331688 
607177.247947 603413.268314 
606770.106636 603454.251513 
606632.089494 603563.012947 
602086.527059 605678.255265 
604022.076114 603585.123209 
603704.716380 604170.564740 
603467.861596 604511.794280 
605537.113399 603576.750853 
601608.064883 605913.484518 
601526.792889 606555.451169 
601079.678439 606578.913557 
600983.343689 606885.832661 
609624.443271 602919.538274 
600161.795229 607203.823663 
599799.675102 607372.185320 
599713.353975 607440.188653 
612528.273205 600792.198414 
598766.257349 608038.321444 
597789.011945 608320.786981 
613926.254208 597799.605606 
614307.429764 597712.378669 
596113.869877 611230.336209 
629223.335869 611858.435889 
615025.867571 626441.552515 
615191.819537 626061.298390 
628081.946058 612821.172900 
626564.091144 613745.275727 
616001.177044 625200.576167 
625847.969996 615220.925145 
625518.245798 615400.369498 
625209.118567 616195.474324 
617178.214376 621825.933472 
625034.871337 617396.142108 
624917.223011 617396.727039 
624185.182088 617971.488444 
623732.464132 618272.340887 
620941.400278 620709.364375 
622633.978391 618425.236147 
621765.756152 618514.089784 
621091.884194 618780.656529 
622652.184348 618345.652828 
618319.137245 620849.815771 
618285.066596 621305.547972 
617901.532119 621338.884481 
617765.957924 621445.219857 
625107.419030 617149.416996 
617169.074350 622354.259154 
616345.068421 622766.283122 
616095.993237 625015.716733 
625977.057484 614150.332518 
615952.413969 625297.021092 
615193.774168 625427.074576 
628624.188527 612608.401290 
629079.112006 612470.935584 
614900.074401 626907.430688 
645694.718600 627410.301273 
629289.650915 645445.781624 
629565.315533 644412.849305 
644522.764565 629732.978308 
643782.814310 630803.168154 
631951.625606 643952.604809 
642905.219765 631435.985122 
642108.717418 632253.353920 
641901.030037 632949.791077 
633726.497722 642348.949937 
640627.801594 634735.638501 
640066.211092 634738.019206 
639134.512284 636330.079900 
638709.327734 636507.364742 
636573.659233 640395.658789 
637974.311265 637234.742229 
637702.769428 637789.265806 
637360.114754 638353.672837 
638153.839902 636912.472579 
635304.744840 641174.959431 
635041.604260 641677.150932 
635034.664934 641915.090758 
633842.757296 642072.426177 
640684.651037 633547.719999 
633445.872941 642584.555313 
633167.467115 642745.462319 
632664.373514 643768.532640 
643385.261937 631010.865640 
631025.962588 643956.222276 
630779.691569 644397.096548 
645028.760911 628674.525700 
645484.298410 628060.016689 
629265.589235 647154.859095 
661018.490895 647173.700637 
646303.480883 664132.450024 
646721.019019 663274.116938 
658991.243082 649267.690631 
658265.059475 649501.987426 
648393.915915 661607.847102 
657985.503881 650848.819613 
657298.581646 651935.938375 
657210.264765 652030.598981 
651170.840677 660478.717772 
655251.089855 653656.411867 
654994.088820 654276.116244 
654826.142055 654772.592991 
654035.525540 655442.543363 
652722.279698 657819.688899 
653860.511978 656182.270753 
653797.515339 657547.268910 
653530.232064 657652.726171 
653906.577679 656104.702607 
652673.037362 658104.236958 
652411.926856 659195.793184 
651695.266181 660146.799655 
651382.582779 660373.352007 
655501.384810 652347.196880 
649277.245016 660575.810190 
649124.694686 660875.157599 
649049.715408 661232.013511 
658165.563428 650137.814819 
647254.796029 662280.857076 
646799.531788 662422.131633 
659316.005071 648643.603688 
660908.520296 648213.551109 
646026.626159 664314.533029 
676566.156604 665365.027640 
661864.270226 679122.059096 
661881.504844 678834.523418 
675259.252001 668322.061287 
675230.900363 668616.682718 
666460.120286 677635.161677 
673761.855252 669234.769403 
673266.512761 670516.404313 
672561.821383 670529.414117 
667408.967560 676568.351531 
672303.575674 670838.703107 
672043.977386 671155.476298 
671911.304447 671259.938858 
671736.447983 671265.578637 
668989.035108 674053.298320 
671045.945928 672038.992916 
670758.315230 672106.930959 
670263.902835 673203.843120 
671169.303087 671765.327518 
668878.729248 674241.000488 
668664.127930 674694.745021 
668241.035271 675480.730662 
667745.282014 676059.691878 
672474.172807 670798.013328 
667293.476358 676670.997807 
667129.102038 676874.931750 
667052.086113 677158.909881 
674810.931114 668880.440275 
664569.220447 678107.440961 
663290.416485 678401.194107 
676035.492238 666593.956767 
676448.236625 665816.491849 
661595.630111 679522.765139 
691847.357971 679604.767209 
678195.613854 696145.950289 
678233.319853 696022.681789 
691098.225025 680770.919442 
690658.713449 680802.967514 
679817.859798 695258.004182 
689278.801968 681519.923155 
688612.497889 681618.733270 
688452.072460 682166.532718 
683606.665439 691854.236923 
687491.376973 682576.038134 
686921.769236 682992.966164 
686527.338715 683567.147311 
686305.088660 684618.369435 
684354.543977 686944.772316 
685546.262945 684674.459605 
685368.254751 685496.933487 
684874.957006 686450.456847 
686263.728114 684641.203465 
684060.223054 687067.621267 
683973.413691 689613.358107 
683918.095815 690257.274004 
683830.009830 691742.978258 
688040.013066 682301.863986 
683385.222416 692595.503288 
681457.397316 692931.595196 
680873.017467 693681.877349 
690474.653539 681385.280517 
679536.032729 695421.918734 
679001.304501 695653.895490 
691293.065552 680531.979389 
691450.144270 680125.435449 
677593.356249 696874.389952 
704607.925244 696966.579455 
692158.345560 712556.889344 
692300.265794 712295.637764 
702285.205557 701481.791079 
701384.927031 701671.066572 
693752.072350 709644.601507 
700254.481220 703013.758294 
699900.161969 704132.078822 
699048.675098 704381.452790 
695524.851026 708699.975794 
698513.248171 704823.591700 
697791.319571 705038.395930 
697554.066834 705217.983773 
697459.743383 705262.662081 
697068.609379 706148.563114 
697282.756912 705564.624331 
697269.801023 705683.470958 
697209.497215 705730.489830 
697443.136640 705374.206648 
696359.153668 706475.879412 
696062.430177 706610.672954 
696013.548395 707105.172418 
695932.244968 708674.931116 
698719.593422 704612.367518 
695316.128873 708812.708174 
694629.889346 709523.177318 
693940.041145 709613.136767 
701026.433427 701860.958437 
692974.684926 711494.937136 
692758.679090 711689.237300 
702620.684188 699186.074045 
703691.874475 697982.403620 
692078.551764 712844.483416 
719814.427525 713077.706904 
705086.345874 726515.009284 
705975.978290 726294.885646 
718813.572045 714793.436051 
718739.618422 714883.516134 
708103.924192 724480.537721 
718431.571087 715890.855934 
718205.907683 715952.553025 
717842.225987 716167.803257 
709162.152894 723785.403774 
715572.037138 718071.752362 
715393.590971 718079.971003 
714549.009896 719262.669728 
713546.795968 719289.573211 
711798.171438 721845.116585 
713328.574993 720555.559795 
712815.172784 721300.036836 
712291.045528 721655.709742 
713338.002740 720410.358172 
710489.872788 722254.467117 
710323.463182 722675.798744 
709810.618189 722750.394700 
709560.798198 723717.731881 
716437.620332 716671.826369 
708846.382682 723979.424454 
708747.162433 724068.712188 
708285.654166 724466.973219 
718570.757936 715448.991663 
707354.631454 724490.642986 
707281.066734 725473.150346 
718845.248454 713651.629470 
718999.238944 713522.778634 
704708.400324 729152.056649 
736097.804748 729175.981134 
721357.185359 744686.713270 
721898.771491 743639.079111 
734843.974110 730322.862154 
734504.191896 730344.566421 
723490.401785 742253.298029 
733553.168885 731211.825021 
732959.194824 732145.776820 
732706.913474 732228.916469 
725678.142509 738272.576923 
732165.521941 734065.572336 
732048.578669 734123.519119 
728844.174888 734403.735403 
728559.400073 734906.614359 
726885.872829 735925.834814 
727574.375556 735329.063354 
727146.913569 735719.097831 
727043.589990 735772.166466 
727817.208545 735294.167695 
726746.482051 736353.587924 
726576.223931 736473.891585 
726337.329362 737282.078876 
726156.414343 737567.212846 
732187.059123 733506.679963 
725318.561805 739853.085091 
725229.448935 740402.571086 
725111.049127 740614.574896 
733591.509060 730964.372669 
723248.972466 742404.245770 
723188.263078 743030.641782 
735451.468101 730271.544156 
735550.687692 729328.568177 
719831.006773 745980.045360 
755927.839809 746374.757982 
737022.147457 761221.652268 
737586.648768 760705.419127 
754294.001215 746958.535380 
754272.185544 747319.156346 
740465.482465 757640.135109 
754130.900605 747584.796671 
753880.632814 747728.576256 
753001.808378 747784.056577 
744665.325120 755640.512582 
752270.815849 748251.005149 
752099.158710 748394.909879 
751617.543368 748935.778553 
751246.383568 749010.089515 
747894.758566 753928.737124 
750232.096447 749736.129097 
749295.664313 752858.343015 
747940.769392 753063.525636 
750897.768614 749017.607395 
747888.507901 754109.773438 
747650.236701 754370.123355 
745361.606411 754731.249885 
744675.910024 754829.124761 
752322.086593 748154.170892 
742450.379307 756660.742358 
741745.123965 756684.425603 
741062.110828 757195.180863 
754238.945430 747551.992377 
739030.778635 758660.420812 
737716.528686 760501.579299 
755225.244941 746592.826868 
755839.868041 746423.517725 
736644.931920 761489.500301 
768914.209034 761660.656455 
756255.372958 774777.275492 
756556.563836 773974.539160 
767949.951580 762265.924233 
767382.879625 762371.674303 
757186.375632 772434.835082 
767223.905800 763190.573528 
766911.188064 763279.682303 
766463.286342 763341.648998 
758820.264153 770136.815955 
764652.687049 763787.435538 
764073.278278 764183.876365 
763185.119510 764803.239894 
762598.764530 765364.046286 
761289.187644 768507.492747 
761721.548697 766553.110055 
761553.579154 767322.970182 
761486.827887 768495.758179 
762572.887018 766324.628267 
760974.469903 768617.685692 
760392.859710 769125.210007 
759684.373128 769387.380821 
759034.464051 769460.457658 
765937.435806 763394.397384 
758517.452090 770773.787163 
757507.292116 771843.712418 
757382.316600 772259.835497 
767380.928211 762993.727440 
756942.191026 773446.396404 
756655.663434 773506.330715 
768032.129014 762242.309411 
768517.563846 762021.319953 
755997.347794 776201.435584 
784235.278868 776290.266069 
770263.692047 794769.126631 
771256.484358 793787.243675 
782337.213815 777398.211199 
781760.318364 777622.441943 
772571.277316 792682.700464 
781438.562093 780219.945853 
781433.877086 780551.020052 
780951.762176 780562.715596 
773673.196852 789368.720171 
780645.605692 782181.748454 
780240.139844 783286.436434 
779988.276026 783726.002408 
779317.998485 784041.470849 
776037.276792 786169.748432 
777596.248118 784417.434520 
777507.465969 784691.361375 
776722.286015 785628.708207 
778695.060062 784055.677285 
774637.937960 788795.882658 
774589.890035 789020.349308 
774485.437743 789199.237868 
774254.586497 789258.126776 
780706.052088 780611.892664 
773671.309974 790476.766231 
773195.673636 792452.919323 
772588.522227 792592.107240 
781439.540594 779659.182693 
772269.112010 792769.522094 
772044.650424 792775.344467 
782699.152288 777040.055419 
783136.630837 776355.892235 
769663.889902 796554.408044 
797081.927208 796609.391820 
785092.815156 813527.044126 
785319.920284 813382.541489 
796489.157148 798913.939721 
795518.379348 800407.166570 
786694.782635 809866.107230 
795026.566034 800923.898570 
794657.972258 801195.590344 
794208.087653 801681.475061 
788760.319377 808626.858312 
794034.998068 802083.489423 
793767.277638 802112.906214 
793575.378276 802303.610201 
792934.650810 803209.225824 
790403.986993 804912.437836 
792423.583258 803470.749551 
791625.615132 803563.469811 
791148.839287 804018.696620 
792652.111707 803434.890937 
790076.366435 805272.942728 
790018.543679 806095.564263 
789847.920422 807372.369955 
789823.002393 808123.227023 
794037.654794 801997.918914 
788041.499562 809004.007749 
787322.366193 809150.544483 
786965.998596 809811.757578 
795326.308601 800579.882625 
785644.887068 811399.366190 
785509.052579 811448.875657 
796770.718720 798308.083245 
797021.198022 797393.796076 
784612.489498 813822.463808 
818297.106171 813868.860305 
798502.658207 824310.773273 
798816.732135 822867.378788 
815574.690213 814270.600862 
814784.693531 814755.862888 
800953.915391 822741.915562 
814525.143742 815001.795308 
814021.429940 815054.083690 
813494.291712 815442.119650 
806068.947065 820780.932852 
813356.968026 816076.872512 
813092.568385 816818.718598 
812455.404895 817050.380209 
812372.729847 817435.766388 
808984.640532 819302.469869 
810458.209576 818297.329959 
810258.956734 818439.678606 
809807.560816 818913.529637 
812102.486357 818127.220642 
808380.335950 819721.213824 
807867.876283 819735.680384 
807766.629301 820059.813981 
806901.822191 820274.358953 
813441.531405 815665.581017 
805177.704946 821510.376856 
803271.652673 821679.227680 
801317.891137 822293.547621 
814702.899981 814912.954664 
799819.579311 822811.726084 
798982.264360 822815.243571 
816356.070714 814270.571238 
818121.941891 814062.520124 
797479.415924 824329.203830 
834578.363764 824433.821115 
818877.693821 839125.973496 
818922.977171 838039.410672 
833396.452676 825081.039706 
832011.581902 825103.388766 
821762.446704 836122.459818 
830804.932096 826036.854023 
830446.863291 826275.171870 
830435.673932 826849.280464 
823494.605019 834694.293827 
829499.966509 827692.659178 
828898.164547 828890.103965 
828316.056157 829268.223667 
828018.799323 829463.917281 
825319.079464 833005.580455 
827565.604796 830764.268844 
827037.519476 831430.543580 
826499.475110 832330.028270 
827848.635891 830607.806264 
824315.715918 833268.600448 
824091.958200 833635.068299 
823751.526513 833866.327335 
823560.425057 834077.978787 
830407.866834 827478.720820 
823464.394751 835013.089329 
823313.257017 835296.833388 
821860.975441 836050.484418 
831549.187362 825347.668315 
821133.300092 836737.448753 
820726.187465 836770.121254 
833413.344332 824626.182440 
833530.306959 824521.221656 
818761.507686 839232.050836 
851501.768809 840117.131612 
835222.142152 854654.906302 
835393.784922 853988.175200 
849609.022003 842467.085113 
849517.694982 844024.818666 
836503.757157 851436.570559 
848084.301690 844761.930202 
846594.878870 844990.055068 
846561.077725 845106.036108 
838702.745401 848985.661400 
846399.780266 845405.643584 
846020.717051 845517.161045 
845639.067299 845928.125802 
845611.180701 846308.078954 
841643.108329 847475.691703 
842974.813212 847203.012260 
842621.564984 847326.270621 
841864.648524 847453.454223 
843289.366016 846782.450381 
840839.519276 847490.173847 
840516.722466 847633.675225 
840056.762286 847802.588517 
838992.017783 847980.033509 
846520.382209 845252.990335 
838444.892914 849094.775552 
837744.548814 849936.218628 
836533.586210 849991.418770 
849125.232553 844183.308715 
835743.202451 852198.782779 
835625.889069 853089.480725 
850630.669850 840804.657559 
851126.083689 840414.090632 
834899.856970 856286.922905 
871273.674484 857478.275719 
852840.835406 874361.058814 
852949.539785 874292.502220 
869250.221311 858933.481361 
869198.814198 858945.999283 
854251.693916 872875.956321 
867474.174874 860661.513314 
866868.802620 861173.304777 
865548.439047 861224.963794 
856574.513263 870462.675330 
864156.490751 861895.705636 
864122.596852 863028.079728 
862943.571869 863051.223469 
862658.604341 863808.619182 
859119.125830 867127.379417 
861539.208787 864776.064596 
860782.256536 865858.059237 
860753.500875 866490.898111 
861568.435866 864169.784694 
858997.406448 867672.604829 
858048.680967 869416.691130 
857552.693050 869550.017636 
856815.203276 870292.352099 
864240.721946 861338.739508 
855976.828071 870493.587297 
854560.377005 872626.861305 
854517.875304 872849.596820 
867539.054895 860254.276338 
853416.113819 873237.296177 
853021.795776 873241.196425 
870716.987414 858801.331596 
871247.120272 857578.650125 
852612.911221 874662.977231 
887125.831615 876516.914744 
872192.094634 889400.863180 
872202.992999 889172.269479 
885088.284242 877288.927163 
884547.831271 877414.612604 
873463.185629 888625.593545 
883565.807786 878482.127685 
883244.588833 879024.931481 
883161.484386 879578.601872 
875294.923844 887130.373893 
882214.709136 880617.180390 
881960.644557 880976.164448 
881932.536300 880988.535561 
880496.229481 881337.925000 
877251.903813 884918.659104 
880006.027153 881443.529640 
879935.912081 883447.215234 
877561.597294 883947.424711 
880327.401087 881379.330469 
876867.212204 885198.243782 
876430.690028 885200.484249 
876158.903982 885444.684409 
875425.915434 886352.084262 
883115.058302 880586.389962 
875236.692795 887294.049675 
874397.041041 887740.788885 
873512.357376 888020.446612 
883798.608636 877596.877965 
872556.431459 889012.523836 
872255.232380 889157.175473 
885865.011397 876897.691010 
887111.836967 876704.747291 
872052.099123 889604.078053 
903841.561459 889854.730044 
887241.026203 906495.003273 
887303.332130 906092.964456 
902721.751158 891404.140761 
901023.003316 892266.766211 
889436.156685 904338.177815 
900431.596017 894263.018709 
900305.024765 894415.265647 
899260.952195 895140.553098 
890616.715553 903914.089666 
898084.630525 895745.421310 
898008.127533 896181.633982 
897415.153763 897726.949484 
896600.416946 897758.429309 
895035.831264 899651.905414 
895742.286574 898355.263165 
895692.925083 899399.794551 
895590.770938 899503.235838 
895788.874960 897771.523575 
893959.296234 900532.749592 
893947.431817 902450.001842 
893179.911418 902593.547520 
891515.821749 903060.732510 
898528.584307 895308.243337 
890089.429653 904201.262844 
889901.374298 904279.228541 
889577.359897 904334.920806 
900559.981173 893558.930894 
889044.346643 904542.150846 
887975.127076 905364.857261 
902857.823720 891310.834239 
903389.498347 889914.900232 
887138.389216 906986.170746 
916949.203580 908221.397937 
905800.932127 927691.227197 
905938.685527 926476.086783 
915530.490669 909218.842771 
914944.296336 909268.519687 
908421.749478 923513.209941 
913980.268968 911297.951979 
913797.807518 911907.847246 
913703.568569 912441.648019 
909388.552595 921250.775292 
913357.283596 913462.939615 
913246.930062 914004.742859 
913041.027470 914973.643755 
913002.501755 915485.432193 
910447.244043 918624.701249 
911875.827293 917690.987548 
911234.842716 918434.863581 
910787.905021 918469.290571 
911879.812125 915694.934011 
910242.063911 919180.840672 
910134.820389 919826.607625 
909774.073624 920181.227935 
909562.371545 920695.949636 
913515.900409 912542.746952 
908968.800272 921619.570531 
908524.116115 922595.982572 
908443.159171 923317.333392 
914269.270154 909876.038211 
906786.752993 925596.030184 
906388.844079 926274.558744 
915545.674746 908747.121772 
916656.615087 908372.939372 
904018.331751 927728.851477 
933617.196674 928071.535037 
917553.232961 944181.940697 
918016.548871 944119.376686 
931853.943727 929847.186295 
931488.746999 930049.731791 
918836.655280 940884.595285 
930274.875319 931691.421000 
929078.105148 931905.150114 
928762.018601 932052.090983 
921303.684789 938913.639940 
926360.170978 932890.478069 
925720.005765 934368.749211 
925398.156767 934867.842865 
925154.020108 935340.149893 
923110.533126 937709.634701 
924790.597663 936505.348630 
924474.365397 936748.196881 
924051.144776 937283.495460 
925061.450578 935405.007044 
922545.725583 938479.720065 
922160.382815 938483.579884 
922132.607599 938505.584929 
921915.073113 938558.463645 
926672.437396 932571.252171 
921077.723476 939464.653534 
920332.605702 939627.886147 
919558.373013 940278.506913 
931370.316550 931617.561044 
918630.418719 943584.238669 
918046.257084 943743.602760 
932048.706278 929481.616479 
932494.081464 929056.739309 
917003.315601 944538.562182 
953854.122317 944903.048819 
934409.141652 962526.253526 
934475.166562 962205.248879 
950108.290996 945757.419837 
950016.085049 945917.878880 
936875.507700 960821.337960 
947085.442425 946944.050206 
947054.299410 949659.351961 
946669.589136 949761.845100 
938401.904063 957806.644776 
946213.540493 951086.950266 
945921.708492 952022.460010 
945713.223532 952049.509796 
945374.877609 953294.008116 
942525.677047 954949.450206 
944817.619752 953797.100605 
943798.700811 954028.645884 
943407.126100 954125.441818 
944898.720488 953556.845291 
941629.584934 955532.158291 
941604.020630 955894.806015 
941018.950319 955985.649986 
940504.366061 957486.227547 
946516.820167 949779.769999 
938180.963901 957981.147853 
938170.049373 959045.865960 
937854.432057 959846.481039 
949937.837525 946862.534557 
934630.545849 960923.736946 
934627.280564 961444.076150 
950868.176882 945128.772367 
951394.805698 945039.882673 
933750.933821 963099.883363 
999105.209121 963570.657877 
954871.509799 999428.845112 
955775.953566 999008.931541 
997616.231663 964038.166379 
996903.317342 964126.684956 
956344.109256 997907.616123 
995717.330708 964397.325870 
995585.810507 964538.416826 
995020.746491 964579.739433 
960431.218555 996887.516843 
994122.818852 965210.672935 
993176.001599 966588.777749 
990760.560703 966611.038465 
990452.467689 967036.335740 
961032.944248 995674.363028 
990430.921860 968182.079196 
961589.743352 993787.112682 
989343.219757 970943.678013 
988945.035661 971183.724406 
963748.456993 992893.700205 
988139.652273 971875.890832 
987285.331632 972697.629086 
965789.294993 989720.593478 
986361.177219 973440.910190 
986297.052346 974629.330486 
986117.582314 974806.991162 
985544.010726 975304.748521 
985455.333375 975461.116907 
985196.724209 975828.401669 
983301.279022 976597.299026 
982649.016843 976792.752038 
981961.430498 977750.768864 
981915.912760 977751.784186 
981869.888581 977987.124111 
981602.350434 978539.880156 
981298.178488 979009.082505 
974629.396901 983514.184224 
980174.173237 979121.869302 
979542.667433 979485.337208 
979413.175274 979638.473293 
978496.307049 979712.314813 
978290.217133 980579.691706 
976674.855343 980900.508431 
976852.365534 980834.448831 
975468.073017 981283.816584 
975147.607103 981860.182581 
975073.728894 981934.829218 
974937.450868 983258.334008 
974647.822900 983447.722928 
980797.281400 979019.629313 
974271.020566 983975.645665 
973426.753255 984252.543827 
973008.219727 984275.841737 
972411.991901 984482.887162 
971839.563670 986441.836755 
971211.055870 986839.949533 
971011.254427 987302.217825 
970739.504371 987405.501857 
970238.777417 988039.296918 
969825.052717 988614.680315 
969004.876491 988649.732584 
968767.592057 989051.933843 
967657.478026 989324.341199 
986865.237838 973189.272423 
965482.126142 991404.256635 
965334.668379 991610.286904 
988836.846341 971833.543391 
962414.283132 993005.306824 
962266.572237 993546.825693 
990307.990323 970642.852585 
961082.721784 994938.978329 
990436.739700 967730.275110 
960976.099196 995761.364730 
960716.344086 995857.805930 
960541.677107 995892.475146 
960434.693388 996239.105617 
994743.234500 964656.781618 
960163.761852 997013.683264 
959477.503532 997241.100739 
956756.726749 997824.076940 
996114.069325 964214.393102 
956107.384762 998178.877772 
955904.114863 998704.202063 
998055.897604 964032.847684 
998798.177602 963961.323991 
954191.379698 999724.520961 
