1100 10
1019.52 2188.1 2737.24 404.118 5571.38 4855.83 4864.72 9264.67 7938.2 3969.36 
6287.87 3621.34 2269.63 9202.93 5090.45 2509.88 9535.17 3743.05 6961.06 2121.39 
8475.61 623.187 3.73425 872.188 3961.06 7783.04 9921.34 6297.67 1998.35 1594.86 
3123.6 3017.87 3782.95 5860.84 3421.99 9354.34 716.656 8286.72 8618.99 8654.86 
2256.06 4906.85 2276.19 4525.69 4109.76 7366.64 7035.57 3644.91 1109.67 3996.61 
5766.3 9585.29 4619.8 5770.03 457.459 8580.86 3553.05 378.782 4878.51 5551.4 
1973.64 8002.11 8569.28 5756.59 3862.93 1991.25 5110.91 4579.59 277.95 3729.89 
3234.43 2534.01 8636.73 5510.62 7059.71 2746.47 2877.24 4095.26 6391.38 3986.91 
8091.88 2157.66 3572.18 2711.66 7927.69 4029.64 1292.5 1480.73 4408.43 6171.02 
7032.13 6382.06 4173.11 5601.39 2138.64 8036.04 7592.64 7249.55 2615.61 7870.59 
979.421 5850.05 404.586 9616.15 1360.65 7464.29 2362.61 4237.89 1559.54 8753.99 
8224.8 9651.42 911.64 1796.97 2363.06 8839.33 5826.62 3655.57 320.045 235.026 
9826.59 7352.18 6617.09 3999.68 2953.55 8755.73 2035.71 546.169 6005.26 4651.32 
8416.76 6984.68 501.353 8821.34 6600.82 1862 6285.62 8963.43 6099.89 7845.16 
7717.41 4324.68 7496.56 8629.05 6121.65 9859.62 7468.36 1948.25 3515.17 7788.41 
2183.28 3341.74 5140.56 8800.37 7341.42 8094.11 7556.08 9377.13 8640.28 3561.32 
4028.44 7057.02 545.984 4529.79 5878.35 7146.8 6391.79 2163.95 6110.21 2491.67 
9.09675 3827.6 6816.35 7505.66 2456.63 2937.99 7365.26 9924.99 4886.24 880.419 
7713.38 7069.52 4222.16 2853.93 5869.87 1563.56 948.026 3425.94 940.677 9588.31 
6987.26 4969.11 6645.31 7533.24 9498.9 2523.64 4680.02 5890.67 4687.6 790.221 
8382.34 4696.69 4617.82 5198.67 2202.33 7074.45 8136.66 9567.6 6999.43 3022.89 
447.999 4712.79 92.3921 4670.16 7566.72 5962.27 6233.72 8514.75 9388.2 7174.4 
8103.04 6375.44 2143.49 4748.33 3908.67 1642.38 7271.98 8588.69 7533.05 1959.55 
9378.91 5915.38 6656.25 3996.72 1114.03 8858.58 1071.15 9250.7 8426.16 8070.58 
2273.57 8874.16 2783.35 2365.96 3544.3 350.061 8328.22 9778.02 8864.81 7716.41 
6952.41 6967.83 4091.84 9095.9 1716.15 8000.5 738.261 8988.12 6589.17 8271.31 
947.66 5968.07 4186.67 7603.91 9964.78 5300.71 6462.47 1035.92 4551.38 4888.61 
9106.5 6824.95 3762.75 1889.83 9190.91 7307.05 2239.89 7519.12 7085.06 1104.69 
5235.51 4037.45 8072.52 9327.35 3133.33 9788.67 7327.83 3871.59 8776.78 3916.99 
2142.88 9724.43 9885.06 6329.56 7328.32 9849.83 1630.24 3790.78 885.726 6181.63 
8679.39 9992.22 3006.56 2442.12 1882.04 2197.45 9749.17 4121.93 9716.57 6834.21 
5226.62 4952.07 871.64 3299.12 4279.4 4004.97 3087.78 1607.21 7876.56 1864.53 
5524.2 19.4253 1588.95 5409.24 6348.98 8917.28 5259.05 7979.22 2708.03 6144.78 
4160.84 1387.4 6136.98 7167.4 3829.52 8019.02 9364.85 3578.68 2140.93 9081.41 
412.875 7367.55 4033.46 1284.52 666.661 8312.85 5289.48 3754.44 9920.06 3166.03 
5618.97 5444.25 3185.45 7207.92 853.469 9534.43 6125.18 6112.52 7513.64 8833.21 
2257.28 1674.46 220.601 8394.26 8841.86 4050.13 6413.26 8206.69 7628.81 8554.19 
7288.08 8041.68 5921.73 1321.52 9326.2 6588.39 9634.37 4615.67 342.81 9554.42 
7781.69 5961.78 4998.65 967.124 3169.69 5852.12 501.539 9294.87 1964.62 8015.18 
8128.07 4221.89 9689.64 8348.67 2616.13 8531.47 2398.78 9029.39 6738.15 27.5658 
7583.56 4026.21 8069.25 3505.28 5347.73 7395.43 93.6479 4982.08 2011.08 436.458 
4536.48 9792.77 6398.24 9535.13 759.874 9567.93 5387.23 1261.41 8862.78 7351.85 
9276.59 6990.82 1573.72 8966.21 5339.47 4189.85 7497.67 7738.25 3219.23 4235.79 
7765.82 802.772 8262 5835.05 4308.05 3609.72 3230.46 4401.7 8591.8 5241.53 
4838.15 3128.27 5034.28 1236.38 2663.38 5794.16 804.284 8050.61 7055.57 9667.06 
5402.44 6332.14 6657.87 6976.16 5298.34 1997.33 1166 2795.99 9735.58 4385.22 
7031.78 7501.38 5187.99 5293.77 3336.41 9496.04 8903.48 6566.87 3897.72 7495.26 
1808.38 8735.87 623.513 6842.67 9972.25 3286.89 2636.81 776.516 1337.49 9692.38 
443.559 6739.93 6024.51 7101.43 3716.07 1322.83 9098.75 4882.07 4118.81 8834.31 
9267.29 1150.58 6335.67 4455.27 6444.34 9672.08 3951.29 5347.81 6238.93 7849.01 
2843.05 8047.31 6584.87 3466.57 4889.96 6557.1 6753.46 7526.77 7333.62 8090.95 
7219.13 7777.18 4830.86 3243.62 4878.59 8546.93 4566.45 3977.32 3428.98 8685.26 
2811.61 2696.25 9835.84 9147.28 7151.52 6280.16 8819.34 1102.79 1627.95 5058.25 
8951.8 4471 3105.54 5536.66 7937.57 7995.5 2093.74 4691.02 5522.25 9427.36 
2781.95 2741.37 7204.52 7612.8 5984.99 2083.09 6159.72 551.421 6060.41 9588.69 
9236.68 8872.02 2284.93 9072.5 8019.29 9436.44 5352.65 6838.61 539.217 6980.6 
1896.85 9491.02 1451.59 5002.39 5027.66 9389.16 2997.87 7121.4 4080.15 8520.13 
6548.74 6862.1 1261.48 3753.25 4474.89 7246.47 5836.33 634.587 7797.89 1896.72 
223.263 7034.55 768.728 2508.19 6107.04 8788.01 1944.61 1459.67 5626.61 2483.83 
8440.27 7523.45 1974.84 9891.85 2525.83 7002.5 9280.99 5523.7 4123.88 3361.13 
4043.81 672.607 223.214 5305.29 4425.85 4698.1 2551.74 262.171 5332.69 349.607 
2158.9 5555.95 7384.16 2927.62 8064.14 3491.18 1715.62 8.73892 4950.85 7342.23 
2492.57 3391.1 4865.67 4467.41 3282.94 7391.49 1469.88 2563.91 2915.18 5593.76 
5925.04 6958.99 6266.37 6148.26 2264.25 692.208 846.343 4815.99 954.378 6179.03 
5165.6 3113.27 1734.97 2549.74 6040.9 9799.11 6040.92 7756.52 9807.85 991.76 
5098.73 2300.4 4382.86 9964.4 6767.81 7665.8 7355.88 8237.69 229.7 271.04 
3831.44 6154.74 7230.03 97.7921 2302.99 9494.28 790 3149.33 4310.25 1744.38 
9328.36 9475.85 4857.65 1063.31 2025.57 898.534 862.401 8066.5 8655.05 670.23 
9058.26 3753.77 2970.63 3441.11 3718.16 9738.44 1106.89 1074.02 7976.11 1336.59 
1345.06 1807.53 7491.33 8575.09 1905.32 9794.32 8069.35 2695.32 2943.63 2379.58 
4439.7 2271.97 1855.42 9297.35 3335.28 3880.99 195.871 4197.69 1947.47 8850.92 
4867.92 1005.72 2604.68 7838.55 4446.82 6322.84 7576.96 5553.71 7396.86 5553.06 
6890.3 8741.92 7360.59 4381.62 7316.99 9265.91 4175.92 5386.32 1961.22 7119.56 
7765.91 6400.92 9391.53 9621.32 5698.26 2726.8 3502.3 5894.13 6924.48 5449.77 
4745.04 1792.38 6455.49 7349.72 9630.93 902.292 3672.54 7207.88 6456 1069.38 
2760.92 3346.29 9811.3 121.49 7727.91 7128.28 9387.4 1903.82 2514.58 1348.61 
9023.37 280.471 7749.53 8414.89 9901.8 3447.77 1141.67 3404.08 9341.9 8066.15 
8853.85 4086.92 9858.53 5309.32 1436.62 9489.44 6211.61 5109.16 6697.3 2667.6 
6178.54 9458.22 6013.89 5989.83 9579.71 3741.78 3118.08 8967.09 5645.6 5632.67 
315.682 4668.96 5913.14 8065.21 3083.83 5814.92 1512.96 4225.49 9218.99 854.84 
2291.63 8072.83 4941.76 2150.14 3382.13 6378.38 1639.57 9593.74 1487.52 8336.87 
2261.32 7666.06 7795.07 8275.21 3655.87 7374.76 2016.98 6773.95 6341.84 7662.58 
2406.6 6657.52 2331.52 8319.74 4722.71 5415.34 4134.64 6235.67 9640.84 3353.61 
7090.51 1932.45 1426.42 2032.25 4082.59 4808.55 8410.63 5722.16 4402.27 9898.14 
4059.01 6663.59 7564.18 1854.07 4938.78 1220.03 9228.83 6955.76 7993.98 5570.65 
4618.32 400.565 2228.15 6949.83 8720.3 6950.85 2365.16 2854.92 3186.51 2005.98 
6208.53 276.999 3938.43 7634.95 2309.25 8021.02 2443.49 719.86 3743.17 6845.76 
617.988 7802.18 3509.33 8182.17 9656.25 8448.11 9402.21 8885.06 5403.85 7396.17 
4455.69 22.1526 7796.74 6683.83 6971.99 6517.02 3634.67 9337.15 9371.94 6821.18 
1343.11 5580.46 7098.18 5281.54 3215.4 9407.43 3302.55 5658.88 127.272 7045.72 
2504.62 745.261 4847.88 6013.95 8927.43 4504.12 4462.04 8329.62 3389.16 9865.9 
5725.78 7844.85 9888.05 3522.5 4528.67 6860.02 39.5015 8163.34 6197.15 9411.44 
4984.5 7540.26 4991.89 2082.67 2821.79 8207.29 1490.08 6124.34 3866.15 1617.35 
3170.04 6370.77 2362.61 8017.92 2384.7 1290.03 2522.03 6846.75 9619.65 5911.19 
6712.63 5345.41 3756.02 6600.66 8867.91 8284.69 3460.66 8907.41 6448.01 9657.81 
8318.83 1432.5 7198.05 3310.71 3515.17 19.8246 1517.98 5005.25 6144.16 5384.13 
6622.6 9314.2 1754.88 8985.21 7332.11 4139.59 275.218 9854.13 986.318 9894.87 
5765.3 7698.95 5240.26 9521.33 4299.59 4108.15 7806 7760.25 3015.54 4254 
7418.04 1334.36 5686.5 4616.08 4645.06 9201.67 4635.9 6163.04 4206.9 780.05 
1547.15 829.476 94.2343 3302.03 9814.68 7426.34 7441.62 89.885 7280.46 8427.94 
9984.75 3045.75 6126.86 5225 2567.06 426.436 9333.15 373.038 8186.69 2348.67 
4627.03 5604.71 3683.03 313.516 220.774 8328.09 9515.18 4856.68 4491.11 3722.06 
5636.73 6038.26 4551.54 5730.96 9340.29 4366.21 3157.29 6781.9 4456.09 437.732 
5209.81 4440.83 3483.48 1336.66 9665.82 6050.54 1763.1 8998.95 6423.57 9949.78 
1347.6 1050.59 5554.48 5030.63 1364.11 5775.25 3358.7 879.273 631.913 7849.82 
4601.34 6268.64 3888.06 9152.88 1999.59 3228.34 3519.06 5156.88 10.2204 7975.16 
5594.61 5220.03 2415.97 9078.09 6556.7 2081.77 5128.6 8319.79 1080.71 1552.16 
8269.56 2428.31 2602.75 3824.02 7458.94 3966.86 9599.27 817.622 4846.13 231.166 
8667.44 9447.47 6499.81 2555.49 8600.32 8499.39 5783.83 2119.37 3656.25 5794.05 
94.5098 9250.86 1014.07 2510.48 8328.93 7570.76 4592.25 3457.52 5890.54 5672.95 
5009.68 4160.08 8101.26 7612.43 7984.1 5560.18 1579.27 7583.35 6377.8 6425.4 
7814.51 5045.22 5872.85 4314.3 7600.71 4473.15 2813.68 3384.52 6592.52 6469.93 
9178.57 6687.04 5720.78 192.618 9197.51 4049.69 7763.38 3789.74 7507.2 3653.9 
9462.69 2516.86 7813.98 7563.93 129.273 5798.06 3124.09 1708.54 3381.39 9501.89 
8133.94 1195.89 4547.1 4006.77 5510.19 2147.79 8479.92 8323.87 5532.31 5072.43 
4793.79 4710.86 1759.45 514.549 4903.48 956.943 4564.24 2666.84 4746.68 2071.42 
6320.74 4209.36 4588.28 4134.7 1773.27 4717.56 9932.76 4897.37 6426.1 3314.13 
4399.24 4560.02 4510.02 8946.34 8566.79 20.1959 1094.11 7046.7 8344.07 6626.42 
2119.11 3137.84 1337.27 3878.56 3652.39 6240.75 4835.5 8216.63 8907.59 9582.19 
288.033 5228.31 3791.53 4876.32 9363.01 5564.8 9593.88 9295.76 462.154 6019.96 
2609.87 4861.4 579.961 7119.89 3807.72 9146.75 7140.09 4901.84 6193.43 5484.14 
1528.24 8312.54 8621.99 2865.51 2191.09 2274.36 9106.25 7026.59 490.971 8013.83 
6608.76 779.004 3242.12 400.271 5655.32 2605.12 5965.07 5249.18 1900.86 6427.23 
1269.12 4510.73 1288.61 1849.08 1630.61 5096.33 995.815 8770.7 9998.17 7189.25 
4254.82 1526.4 5501.77 2876.79 4391.91 7692.86 5151.15 3498.14 4719.43 5642.12 
1511.95 1328.17 6421.12 4754.07 1728.44 2076.43 7359.19 7693.52 7325.61 9260.05 
4120.73 8594.73 3770.76 5409.33 443.789 5401.37 505.65 1439.6 4172.05 503.802 
8628.85 8426.87 2030.2 4130.6 1303.64 6422.1 1823.44 6454.79 9920.25 6542.87 
2096.89 1432.18 7871.04 8518.01 6186.25 9599.48 594.424 3545.42 7292.98 7920.03 
2805.45 1413.69 6514.74 6576.21 6823.03 6958.53 1977.56 7328.68 8398.13 6149.61 
7832.48 7026.96 4576.46 9862.68 1157.55 5880.1 6284.76 2980.99 2334.87 6204.99 
9523.86 4431.76 7637.17 7394.88 2949.76 3823.41 6994.35 3544.18 7368.83 4287.31 
1464.19 174.268 5701.01 7978.93 6750.48 2524.02 4937.44 8728.04 9852.7 3335.56 
4877.64 7685.16 362.506 9454.1 7547.82 1520.05 5334.18 3832.57 4501.04 7669.05 
37.5427 4024.89 2100.79 7674.72 1419.75 5050.54 1498.11 8414.1 8594.73 8866.94 
2701.4 58.9023 9041.21 8402.41 8037.84 5791.67 926.408 2975.26 4519.7 779.086 
6310.82 9397.33 8464.24 6673.33 8851.41 6012.05 8193.38 4185.57 9844.61 2694.41 
1854.6 9882.16 6719.3 3955.39 7556.85 8139.05 9005.93 9054.96 6553.13 7600.64 
7921.88 9254.53 7659.54 6963.07 7656.92 5697.36 2754.73 8583.33 8672.63 7274.42 
9362.42 4983.43 6671.74 7826.64 1656.74 5523.14 3838.67 9850.12 9708.71 3683.27 
2544.52 1563.29 3565.41 9263.81 5518.68 1122.25 7402.85 4524.6 177.192 3955.96 
2125.23 8099.08 3210.48 9784.77 5062.13 867.388 5482.12 7816.86 9450.72 4154.73 
5091.27 8813.12 9138.16 1762.99 6639.75 794.882 7286.13 478.403 644.989 6994.82 
4161.67 3189.51 8558.11 7727.08 2453.3 4076.78 8849.33 9856.15 8601.38 9026.52 
3812.1 726.587 7125.58 7022.58 511.341 2187.7 7889.97 5993.46 4.53995 7340.67 
148.167 5095.81 6153.77 9286.32 6858.8 2793.5 81.1889 4144.91 3271.9 726.178 
1139.71 7433.58 3915.68 9697.82 5160.64 6368.99 3774.58 4009.96 6225.12 2375.95 
3036.46 37.2018 3102.53 162.026 7059.78 3613.87 2349.72 4949.73 9607.33 2354.26 
2290.38 9755.5 7450.07 8444.15 9041.8 4308.85 1237.63 9122.99 8453.76 4509.54 
9849.17 9593.47 1943.1 3764.84 9291.27 7103.74 133.809 3065.84 1113.68 6358.93 
5441.79 4150.14 6396.13 8544.32 4312.17 3455.9 2158.17 6661.89 8405.62 1765.49 
9016.15 695.989 1520.97 6466.21 9140.14 562.754 775.042 377.758 9685.75 9228.8 
4887.3 9534.9 8822.25 6830.39 3299.72 8113.51 3934.11 3433.53 1179.33 5047.79 
9792.46 6621.12 9197.93 6188.58 5165.42 3510.08 9644.47 7323.6 171.956 8050.08 
9089.08 9188.11 8746.07 610.032 5654.3 7886.19 1172.79 6429.34 8263.95 858.515 
5658.13 3151.23 393.398 4480.36 9981.62 3693.12 2593.85 3915.72 7126.65 3773.19 
8963.51 6919.09 394.291 8161.43 3107.65 5559.71 1671.49 2752.1 2883.29 1843.45 
802.166 1972.36 1031.54 9548.23 2582.39 6685.85 7434.41 3755.17 3115.17 5698.34 
4613.69 8773.3 8849.57 5007.09 3253.64 8831.17 8700.21 5847.5 2746.87 5826.84 
9620.69 1710.36 2745.92 14.9612 9871.79 5853.57 5574.67 1543.27 8605.67 8457.96 
3386.72 9407.84 430.305 4418.26 8956.05 3012.69 1104.09 6390.45 6767.87 4219.26 
2088.77 1381.54 2992.55 938.318 6388.63 6246.19 9769.49 5088.82 2093.67 2516.34 
915.64 1714.34 4226.71 3661.56 1729.3 4098.48 9515.12 7303.98 5641.75 8120.78 
5761.93 9028.47 7528.6 6192.23 3446.71 6484.64 9204.92 4550.81 2875.06 5972.77 
8770.07 4963.83 7354.31 1762.6 5902.15 3742.92 8008.79 5671.62 8831.74 102.446 
8187.96 9747.38 1816.79 2414.65 3408.92 3546.09 6513.13 2924.02 850.052 2154.86 
1044.78 6611.98 1183.32 8573.38 2804.19 4630.03 5058 2009.1 9180.84 7933.06 
7981.87 7950.89 2896.88 5336.17 9713.49 8799.03 9079.09 7722.26 4470.63 7910.81 
7824.71 2658.58 7658.17 9641.49 5073.23 1067.07 3187.57 1586.34 3991.1 4037.62 
3741.21 5035.88 649.58 4924.52 3609.24 3453.77 9554.55 8667.24 5462.87 8735.37 
6600.29 3444.72 6686.24 9497.17 8780.89 6399.71 8296.18 7859.96 4121.96 2766.8 
5770.75 1946.65 5425.38 3428.91 1588.12 498.587 4495.98 4775.69 2084.93 8487.08 
8813.31 5826.14 3522.95 9462.89 750.641 7132.19 2916.65 305.175 5799.42 8379.52 
9040.54 2399.69 1824.22 5726.77 1896.84 605.095 2126.46 193.006 8465.06 6248.42 
2959.8 4235.79 8195.07 8385.18 7664.71 9783.19 8883.77 2160.67 4558.87 968.681 
647.739 3372.16 6794.82 4170.68 2835.04 7545.46 1302.86 5751.69 7850.63 7102.27 
4131.19 6891.16 9501.96 5955.41 2617.91 1398.79 6560.51 4744.38 1591.79 5025.55 
992.781 4551.6 9261.34 9187.85 2936.76 6926.03 8971.02 1820.51 9086.7 3529.88 
2789.19 9734.44 6902.04 9584.01 3905.11 9737.08 7129.45 5207.96 5488.75 4980.07 
2310.22 9619.94 1871.21 1812.16 5575.34 4489.12 3210.95 2135.83 9233.5 4802.74 
7161.38 226.261 9354.34 6422.7 9414.11 2291.09 3348.71 8385.12 4111.6 2435.4 
1914.98 6900.79 2169.82 8817.02 6484.78 6074.93 8554.08 3614.21 1282.88 4042.82 
8594.28 3593.1 3662.75 465.469 5405.26 9238.09 4954.59 8616.21 1373.9 4188.07 
3418.94 8535.27 4414.33 2773.27 4957.95 3828.43 5064.35 8306.67 2213.53 9175.95 
742.045 4128.5 6076.72 2911.87 2945.5 2561.48 8986.8 1499.57 6175.69 269.658 
5542.39 4769.95 3862.75 9205.13 5235.42 9268.02 8443.2 189.993 7884.21 9817.1 
4378.06 1303.13 8352.36 8792.4 4076.4 3310.3 2620.8 9140.75 1616.95 4834.33 
8316.68 2358.99 8962.83 4393.38 5270.86 1908.32 6954.86 4257.64 3407.88 3130.54 
4527.3 8950.27 7900.49 8390.05 8155.39 3135.89 7658.05 6598.58 3325.88 5542.24 
6415.66 7703.94 6845.38 4768 6496.32 921.759 8078.3 9117.13 62.4922 9695.25 
3951.44 8379.17 2054.22 2914.25 2772.54 7325.08 4822.57 9727.4 1582.7 8230.45 
2857.92 6110 7180.71 758.386 4500.03 5336.08 3894.28 2158.06 1934.64 7220.16 
7700.3 8350.3 4924.08 4545.66 3118.29 1420.39 5467.42 1196.58 537.502 5529.91 
891.806 4488.94 3909.07 2946.03 7403.19 6681.6 271.09 2225.75 6408.99 1853.79 
456.185 9266.9 7963.78 7636.89 25.2724 2463.8 2972.96 3919.55 4621.85 4907.6 
1139.69 2322.14 3257.88 6063.77 6867.8 6376.17 7484.16 2335.2 7572.75 8021.67 
7865.12 8464.55 2510.59 1774.17 1410.56 9913.79 8455.77 1681.65 2139.52 4864.74 
3535.44 2595.7 4131.63 1499.21 232.579 4156.9 3963.01 3205.54 8076.45 8584.86 
8113.13 9216.13 906.986 1371 5279.89 7774.79 7747.17 2764.04 109.973 5319.9 
785.688 7975.09 3784.44 3296.28 9749.25 5195 3210.05 8205.01 6876.66 5349.56 
3069.73 412.083 7945.27 7201.36 1911.3 8177.85 1358.24 5874.3 1383.36 9434.69 
4459.15 9496.5 8650.81 5366.14 867.476 3930.68 3140.91 8614.64 6694.72 3250.88 
3934.53 7480.41 1225.95 7718.96 776.667 975.189 2913.95 3986.71 9180.2 9790.6 
9336.28 2249.91 202.67 7281.53 9451.27 2113.97 5459.36 809.497 7988.27 6842.72 
244.169 2447.4 6339.2 8894.98 7813.54 7206.68 2825.64 954.429 5821.31 9520.36 
4205.31 9755.83 7000.75 5431.26 7474.78 7777.41 6406.45 388.712 1764.11 5586.63 
179.299 1100.37 7836.54 381.969 8381.9 7287.8 2495.93 3841.24 8097.29 484.187 
683.951 8341.46 2931.59 7023.15 7236.42 745.113 4229.81 62.0448 1699.54 51.1038 
9582.4 5904.85 9806.94 6583.13 1336.09 7281.7 4360.53 7742.54 7670.41 6124.64 
3329.15 7849.71 7225.01 1165.68 8231.68 5606.9 8453.48 727.597 9448.14 6550.75 
1211.78 132.076 4892.2 4143.38 7155.23 2128.61 4888.49 1385.03 2190.65 6588.03 
1436.13 1773.04 2492.86 1243.05 8356.17 3828.95 8524.75 2716.68 1571.48 6195.15 
8841.32 4900.63 4044.84 6066.31 6066.31 2276.5 1673.19 4519.77 3004.1 1121.32 
1070.5 4215.88 1253.39 5962.7 8359.26 8408.62 8091.31 3247.73 9793.65 281.941 
9835.76 1229.76 2054.98 2328.6 2472.81 411.127 6157.56 997.546 3127.8 7729.04 
7192.69 1969.1 2629.65 1237.51 8035.42 8695.96 3514.01 9708.61 3215.7 6518.11 
829.907 4286.21 733.979 2083.3 248.891 9093.24 491.903 8340.2 2340.95 285.534 
8622.14 2176.69 1515.3 677.099 4505.3 3988.11 1088.23 662.837 4985.65 4216.03 
8391.87 2178.33 6185.14 1021.5 3415.84 4220.53 9717.46 6929.85 3929.12 2933.15 
3447.95 4759.03 7219.35 4181.93 6842.33 7468.24 3275.15 7334.23 5808.43 5616.1 
7619.77 4430.55 7792.79 9135.06 5107.65 2298.07 3123.15 6195.87 2960.91 8108.81 
411.885 1352.77 287.117 6597.02 2374.27 3702.96 817.537 2091.71 632.795 4746.66 
5024.86 4080.75 9505.69 2244.2 8262.67 6348.01 9712.44 1537.81 3682.22 5520.85 
7153.91 1301.98 9951.4 4946.69 437.021 5059.03 7244.76 3560.17 1254.88 205.656 
1668.96 1666.77 1558.42 1956.08 8263.79 3932.69 5659.04 9081.32 6024.41 6291.83 
3827.97 1049.25 372.561 3333.64 3293.45 8635.24 9681.65 3005.88 173.028 3363.86 
8526.73 7326.94 4665.84 8478.11 2273.61 5102.86 3537.12 9518.37 8663.03 4792 
9724.03 331.977 6458.77 1282.44 2288.06 4722.54 5215.13 7947.1 3803.85 1239.52 
4238.91 7631.81 2288.78 4611.47 965.442 5582.23 3246.69 647.077 8588.11 3419.72 
4010.94 7114.82 746.64 8676.77 5592.92 3020.25 3779.61 9130.04 2538.61 2442.63 
3922.03 2262.62 2774.6 380.783 3545.06 5062.66 5103.32 8760.19 3009.74 8907.17 
9999.71 7248.65 6538.97 2288.47 1860.1 7504.41 7870.7 5106.79 8151.49 6458.79 
8526.51 2162.41 3573.59 9273.15 839.161 9166.51 2293.39 4618.77 8296.53 4831.99 
7061.4 2218.54 7094.61 9836 2599.33 639.655 4898.64 7702.65 9399.84 7908.38 
6609.8 9399.53 5157.02 3148.75 1687.98 7017.12 653.141 9558.68 2123.9 8804.63 
6017.45 650.39 967.015 9591.04 9923.54 1806.18 8757.53 2216.91 6424.95 7054.04 
7048.91 3486.33 9272.59 4143.5 3322.31 1871.89 4783.16 8220.96 9574.54 4182.98 
6129.32 6184.33 3582.5 1286.32 9333.08 5270.48 8303.44 9986.22 4829.15 427.319 
8790.83 846.578 1077.71 9757.84 437.601 1001.23 1564 9195.13 3218.15 7988.95 
6249.16 267.036 1475.26 5521.73 4410.54 4797.57 7393.62 9193.7 3018.51 6968.15 
3376.66 9147.84 3152.46 6959.16 434.14 2485.52 2229.63 8737.58 2471.72 7058.78 
9164.9 1262.53 7905.35 242.592 1020.36 8342.96 1243.83 2584.36 7538.07 4461.97 
573.291 3787.21 4729.01 2048.55 9308.94 9139.55 6846.13 6702.55 8333.23 9864.64 
3670.68 1709.88 9012.46 6823.14 8669.04 9446.6 9308.66 898.652 8184.16 1780.36 
7957.43 7349.04 3042.89 5862.77 7591.64 4063.25 4205.7 8835.46 6647.61 1743.76 
3297.42 7220.9 5530.97 8026.43 9269.45 4839.89 7165.96 6115.56 1542.42 5499.18 
5980.18 5213.09 7209.05 4992.62 2036.21 5878.08 4439.2 1344.85 6776.73 2623.35 
3125.22 4734.14 9972.39 6168.11 596.888 7564.01 231.34 4802.59 6399.46 6878.95 
6546.35 9696.88 4099.83 2077.3 7723.29 3369.26 6917.18 4889.24 9484.82 8459.6 
388.399 5464.99 3672.68 7597.45 457.594 5708.89 3475.51 4896.8 7053.75 252.223 
7520.14 178.946 4986.36 7492.52 6347.05 5583.25 5056.51 6578.39 385.824 1455.95 
3457.33 6932.17 1152.82 7557.16 9009.47 8876.11 926.406 5926.63 3765.33 411.213 
4386.22 4153.73 5876.2 8058.9 1751.17 6333.8 3767.77 5226.68 1230.58 821.504 
5478.9 8750.72 1000.45 465.247 6243.22 7347.5 6048.5 1299.72 3925.88 6434.32 
2755.67 7383.21 3366.47 3908.49 4940.35 2375.92 2784.58 5866.75 8302.56 6549.92 
6277.97 2688.76 703.63 2154.15 747.639 2454.8 8487.95 4515.41 7681.48 9718.52 
5336.92 3160.36 8469.23 6337.37 3625.61 4712.43 3684.85 9674.1 6012.15 7610.74 
6108.41 8767.82 4993.93 9474.88 2676.29 9934.28 1850.79 5460.87 5801.02 153.329 
2010.77 2078.97 2842.09 2714.4 4233.12 3589.73 5169.2 2721.05 8105.14 2850.66 
2439.56 3442.04 6011.01 908.77 9779.4 9636.62 5621.2 3464.24 9310.71 1633.33 
1074.96 5419.1 401.134 6068.89 4893.96 3077.43 6003.15 6744.75 8538.3 1804.15 
6898.08 549.052 3883.11 9740.17 3263.45 8116.23 3329.88 8432.65 837.269 1435 
1283.29 3276.83 4877.04 7294.3 4185.6 4656.42 6930.91 9806.8 8120.66 6241.59 
1440.12 9195.62 1660.67 1841.25 5264.5 6554.63 4918.68 1267.63 3299.36 3456.96 
3071.77 197.424 4006.01 6954.89 9937.59 7269.46 5071.1 3267.45 5702.09 5908.37 
4702.45 6985.38 9185.2 9579.48 4279.67 3370.78 4235.89 1210.55 3177.57 2356.54 
7452.15 4617.68 1552.14 9112.82 6458.93 6816.64 5667.44 1377.59 8084.27 8966.8 
4834.55 1156.02 9164.23 8840.56 8110.91 9101.8 6110 3182 2369.23 1812.08 
9090.37 7071.68 8797.46 8275.55 6651.14 3077.11 1646.32 887.017 4287.66 4823.89 
3243.55 1739.79 9441.57 4795.7 852.6 5900.49 1612.32 6520.04 7278.08 9696.58 
5486.82 2112.61 852.589 4651.03 953.154 8963.5 3752.81 7063.16 2145.48 6122.04 
8875.23 1235.83 3193.7 7672.67 9511.38 9844.85 749.764 1157.69 731.848 5037.43 
5981.58 3975.4 6777.22 5423.13 8771.1 7629.82 1323.61 383.401 4149.84 8601.69 
79.9685 9636.67 714.289 932.558 4287.68 1667.44 9896.06 8040.5 8730.6 2041.51 
4162.52 7605.81 3277.34 7356.23 5278.47 2788.71 7201.06 6028.23 3946.39 7932.91 
1065.64 9927.97 1908.29 7842.86 5351.09 679.373 5472.67 6674.7 1062.77 9622.51 
5276.37 1142.74 9259.16 5990.66 2075.3 3546.82 7658.1 1971.34 1587.3 6388.68 
4012.85 5749.83 3994.48 7290.2 3106.04 9272.95 78.8857 307.08 5301.17 4025.28 
8239.99 6366.81 3953.23 148.261 4209.65 9304.32 827.633 9682.32 5979 1890.41 
9304.81 1255.36 3033.15 8563.95 7246.02 5108.45 2110.76 4904.1 7079.79 3698.06 
1292.77 1092.62 9447.89 5287.25 8382.82 2553.91 4560.18 8461.7 2860.99 9861.35 
2486.97 1100.96 6228.14 6440.2 1249.22 437.78 5744.51 2076.85 120.084 1723.49 
3967.26 9424.9 2978.85 7000.41 7988.83 224.846 2108.84 99.5762 5128.95 9188.63 
3797.64 6421.71 281.234 3245.51 1708.95 8664.05 5799.42 6269.13 7125.74 8660.41 
6130.46 9612.71 9761.37 2358.59 6052.89 1010.57 2796.37 1797.38 3087.43 2916.45 
3520.87 7054.69 2341.33 6499.72 4055.08 330.145 6724.56 6163.92 429.721 1853.49 
5352.53 4227.36 8275.21 5633.76 7472.87 9984.16 4297.8 3272.28 6253.27 1423.52 
1932.67 2383.71 1036.21 1694.02 4742.3 7089.1 2704.6 7538.66 8886.49 5792.02 
455.096 2407.34 2846.69 2796.43 8907.06 6901.77 3126.57 5631.61 3065.67 3556.29 
7485.1 8418.2 7783.65 5760.3 4051.94 5256.51 5744.43 8349.74 8528.78 1997.68 
9773.27 461.438 4381.4 809.463 2155.46 9123.69 7898.57 4860.06 6662.34 6785.04 
652.065 7117.44 9192.38 3498.76 9913.86 8099.42 400.506 3040.42 3731.01 3466.17 
6596.71 1216.1 1884.36 4380.34 6976.4 5936.3 9636.85 2720.81 4286.03 8165.62 
4718.5 4059.28 8627.05 9099.89 4868.74 782.499 8223.57 2767.29 5642.56 4885.89 
9552.33 6294.62 2003.31 8744.69 9793.38 1917.16 6844.09 193.868 4957.57 575.089 
3660.04 1554.26 1791.19 5544.4 5934.6 8767.58 1480.68 5571.44 1488.38 5766.71 
3737.03 6206.88 9825.98 2364.07 5306.76 4694.7 3146.57 3530.31 7461.99 8789.13 
8416.21 7014.3 5083.73 419.502 5758.97 4877.1 2336.66 2603.05 5070.96 7294.24 
3178.14 8731 8848.5 4969.33 4275.39 4783.09 3736.89 5756.07 354.506 5225.27 
1522.76 4091.54 1432.14 1348.72 6455.61 6738.89 6043.42 9602.18 269.186 3505.4 
8391.29 8685.39 519.683 3475.01 9104.89 6278.66 8352.1 1441.54 8881.7 3423.05 
8735.77 2059.82 2154.04 7584.25 7029.15 6429.42 2367.32 766.027 2185.47 2721.83 
5991.3 3708.23 6813.37 7423.44 5056.95 3268.97 4162.31 1100.35 2871.13 4431.5 
4605.75 1262.41 3116.87 5125.43 4737.41 2221.75 1404.07 3089.5 3663.28 285.759 
6512.55 2399.04 2345.58 8666.59 9983.29 9374.73 5096 2350.6 140.743 7281.47 
5072.43 6132.04 989.681 1885.79 3555.47 6046.63 5154.75 7717.78 7146.98 8025.88 
2149.26 1752.72 9288.29 5266.13 6878.15 4025.69 7487.88 8282.22 7115.19 1151.15 
8567.98 3627.72 3550.19 913.548 2294.29 3533.46 288.265 7390.29 5884.06 429.008 
4671.74 956.48 6561.05 5661.43 2842.27 116.501 1708.04 7997.02 7834.28 8855.02 
6022.88 9983.54 607.717 5311.16 5249.65 7485.87 9336.84 2737.52 5768.07 6452.01 
3888.66 4336.04 79.7169 7438.85 5249.59 2374.01 972.294 5537.85 9764.3 6856.36 
5966.86 4436.03 7812.84 2527.89 97.4396 655.088 2644.4 1805.48 8652.11 478.658 
660.478 4674.98 462.18 1268.2 9986.13 5711.83 8754.06 9322.96 8449.35 4522.12 
5774.95 2338 8858.16 5854.67 9776.84 4107.73 8228.68 749.122 9645.58 7992.97 
7605.48 5612.42 2428.98 5418.3 8140.31 2526.42 6073.39 784.689 4331.9 4725.48 
1263.35 4992.38 9400.46 1725.53 6260.57 9386.57 7437.36 5014.62 8709.51 5886.7 
9536.74 4484.45 8224.69 8394.88 339.101 8001.52 2502.58 8567.78 8750.64 2148.14 
6560.73 6356.1 7760.56 8989.71 1774.39 5900.85 1516.12 7847.78 6685.54 5848.02 
2573.25 7948.89 840.374 1973.69 9674.42 7100.95 1360.24 7111.76 2115.55 69.739 
2998.44 1652.27 4554.19 1223.11 47.1249 4893.29 9224.63 2549.71 3461.05 7975.26 
4697.85 21.7687 4331.34 2458.39 9011.48 6105.73 8359.25 527.583 3953.5 5044.77 
6375.6 6526.74 2993.64 7215.97 8500.43 2668.04 4316.9 9860.67 9779.8 6432.45 
9930.41 2778.22 8084.71 4484.58 4001.34 8131.84 9377.87 3225.95 681.532 2838.91 
1201.19 5379.38 2860.68 5532.53 7837.78 1872.14 1638.25 6197 2399.73 5591.75 
1241.76 8775.33 2118.48 4235.4 5991.28 618.891 6903.44 308.166 479.548 6683.23 
6740.61 409.944 9461.45 4825.31 4894.53 3462.77 2957.14 4272.38 6688.73 3638.67 
7111.29 7889.92 9018.05 9971.97 3422.43 6855.81 1844.09 5060.68 3052.8 4243.82 
652.417 4294.56 3019.13 2770.89 8529.96 9010.41 3389.79 5433.39 9318.58 3869.33 
2116.6 6059.17 4279.28 1578.04 884.469 9173.81 5040.81 3841.6 3446.17 1729.52 
7480.27 557.446 9619.43 6498.31 529.398 3041.85 3354.1 2373.49 8102.54 6406.89 
6617.31 8754.95 701.432 9636.44 1525.83 9231.39 8646.83 4915.62 4664.76 7965.39 
8784.95 6781.36 4024.55 3064.21 8359.39 4909.02 2238 3400.19 8750.62 5684.17 
5129.7 6230.88 6241.62 4749.12 2729.16 6771.01 7790.97 6083.26 9144.51 5893.49 
2490.14 5761.8 4648.43 3191.57 5398.23 6174.26 2422.94 4045.05 1089.85 7087.7 
2010.42 9874.8 3869.04 6034.97 2939 2228.42 943.97 5177 5628.61 9694.59 
861.149 758.293 5925.45 7102.77 5507.42 8654.62 3873.76 3298.37 4737.86 3018.25 
9191.86 7228 8780.06 3840.27 419.554 4178.27 14.5117 2842.5 8223.32 1104.37 
9930.2 233.721 979.153 3799.23 6268.69 3918.15 6027.65 7212.66 9095.15 1656.24 
6907.24 9956.29 2414.53 2832.67 7059.04 7921.95 1487.27 932.788 1220.3 6225.13 
3951.04 412.147 3453.11 2731.08 4252.42 3872.67 6909.35 4266.93 6715.16 5132.65 
5371.3 6645.35 5366.37 6350.45 444.561 1635.04 268.583 6472.21 8847.71 9363.73 
8128.45 5754.92 9320 542.965 8587.59 6379.03 8464.91 74.8438 7311.82 9685.21 
6299.97 1262.84 97.3432 9753.08 3993.92 4349.76 3625.73 903.257 8616.69 340.879 
6035.91 3987.97 6986.23 1402.26 338.406 7430.79 3037.31 606.989 3902.98 1884.99 
9970.72 2031.41 7639.92 9290.71 2574.38 6227.49 5669.72 1039.27 6302.34 2981.52 
724.471 2602.29 4244.36 821.814 2355.36 8238.28 5171.58 5981.09 9141.54 3788.25 
6321.97 5177.43 7776.22 3308.18 6579.69 8114.63 738.953 9617 8721.62 4641.94 
1501.97 8692.32 6673.35 9141.89 7983.01 9247.73 5369.37 3652.71 286.986 1671.69 
6634.23 1011.46 4273.98 878.573 1833.27 6629.34 9116.86 7004.85 2610.42 8258.38 
793.081 8932.39 3435.79 8569.31 2240.55 15.4626 6683.92 2979.51 9632.46 5405.52 
7621.44 1134.41 4097.82 4294.77 276.286 2080.82 3542.49 5645.65 5733.53 3829.47 
7317.34 2367.74 4840.93 1591.31 3246.31 6674.2 8220.65 2363.15 3679.03 831.049 
621.512 4472.11 9763.44 4057.3 3041.4 2003.97 4072.76 9725.32 4983.48 3705.21 
5130.82 2604.9 4839.62 9228.65 6899.67 5115.91 1309.45 442.142 761.542 7042.98 
4271.61 8078.88 9410.71 9112.54 9670.19 2657.01 5786.73 7890.82 5020.16 9465.75 
8721.87 5641.67 3937.85 8485.29 9698.97 6979.25 489.247 3771.72 6704.55 5472.72 
7476.93 1835.35 8077.62 2316.53 1063.99 4977.28 7432.43 2373.43 5419.42 8193.98 
9416.41 9691.04 6272.84 8827.11 8803.57 5943.02 1484.1 4590.27 3833.82 6504.26 
4056.01 2555.68 2145.91 7993.86 1040.95 1844.87 4973.09 1530.2 5616.59 1677.62 
7002.92 3093.5 3512.98 5080.53 5410.03 4576.96 57.7952 2842.45 6950.4 5477.22 
1036.41 6366.79 5168.24 7309.25 5193.87 3971.79 3252.25 6677.97 8562.06 7086.08 
3182.21 2618.06 9641.75 5328.13 611.898 682.688 7173 5584.99 2212.89 2789.57 
7262.61 9215.81 5883.08 775.569 4296.32 1293.1 5352.53 4354.12 4135.55 2302.91 
9831.34 5171.96 8669.7 4999.56 2481.19 3863.55 8971.35 5733.45 541.508 7533.4 
2819.51 3723.72 151.435 2461.24 9051.85 763.334 3143.93 6224.83 6348.32 5356.82 
9014.4 3610.91 4572.61 4897.47 4386.48 8868.93 6190.56 9739.01 3223.03 326.091 
2041.91 3054.35 5498.05 711.583 8053.91 7979.24 4575.14 7025.24 3712.67 5116.64 
4558.62 6532.17 8840.36 4710.06 8993.42 7892.19 5473.39 2137.33 4117.01 1821.7 
7494.15 3131.39 5432.61 2066.74 8028.86 9819.09 935.649 4219.4 9558.09 4158.68 
4545.49 1599.98 7213.03 43.5226 2311.56 5266.92 8022.76 6886.7 2292.15 1735.41 
2003.32 6850.77 8267.59 843.67 1560.81 7260.99 8735.86 7034.2 9398.31 2852.85 
8855.9 6892.44 5984.25 4288.49 8959.18 4013.09 4107.57 9894.83 8232.49 3665.64 
4053.49 2777.97 5265.62 1266.5 2821.49 7577.18 6533.42 844.233 4463.86 8825.57 
2579.65 6467.19 5676.32 847.218 7310.86 7237.14 8108.2 6046.7 4271.32 7506.5 
8899.56 3127.21 4398.93 4883.79 7415.7 3358.09 8896.88 1523.25 3252.9 7129.35 
5188.89 7306.39 9907.31 454.498 8572.89 2728.79 8031.68 5106.29 3573.02 2495.53 
3931.84 6152.67 8962.71 9608.17 6999.88 6273.55 6845.29 5108.07 2320.24 1116.59 
2614.55 1219.78 4243.8 7013.48 6103.57 1659.48 371.554 5000.43 3182.73 3624.45 
2129.76 8371.63 930.824 2037.06 8826.13 9503.71 4765.84 6857.79 4609.99 8338.86 
9353.32 8541.83 4491.51 8316.01 8149.98 1491.38 4589.55 4995.25 6599.45 6909.78 
6111.84 9214.01 8129.56 355.624 6227.47 4233.12 2015.11 6599.02 9233.54 5197.84 
223.46 1363.29 3569.45 1154.28 3400.35 2395.56 657.978 8166.19 9253.35 5267.96 
6505.04 8606.65 3809.78 996.532 6922.64 1959.74 2487.91 1512.17 6954.99 9087.36 
8421.95 3066.81 8301.35 6551.5 3422.43 4528.81 784.6 5437.54 1127.81 18.1271 
635.362 1351.27 1381.41 4204.81 2505.56 4781.76 6600.37 3163.54 2947.93 5853.7 
8431.5 9452.97 4460.33 2241.26 449.484 1382.96 4200.99 2937.4 2895.13 1155.96 
2024.74 1317.07 4222.77 326.077 7868.57 7645.21 4854.88 8653.17 3082.73 5982.7 
8671.29 3718.09 7333.97 52.6912 7922.9 9839.53 4834.45 4523.26 3003.04 7782.38 
376.944 1434.53 7235.34 4837.28 3675.78 7684.82 6220.24 7876.78 622.2 9115.36 
9032.74 2646.94 432.413 3255.49 2973.02 8300.98 900.686 7827.9 6954.13 3983.42 
3810.58 5625.41 7701.51 1144.53 5678.1 5624.4 984.042 512.531 147.64 3987.09 
8294.92 524.584 5421.61 5530.23 5361.86 9097.39 3215.04 1582.08 6974.15 3837.24 
697.429 6006.87 6484.18 1129.84 9262.37 9457.2 9430.82 163.038 7285.08 6384.93 
4146.46 1095.65 2010.32 1847.95 2240.18 7688.42 7472.35 3224.22 8200.95 7619.99 
7211.31 6495.85 8144.57 2632.9 2026.06 3506.42 1730.28 5241.1 5088.5 8704.44 
9078.34 5785.93 4711.29 5562.5 6915.77 3973.64 5019.68 6346.57 4136.68 2304.74 
2731.49 8283.14 3400.39 4741.81 131.07 5640.57 2430.21 7603.42 8864.8 631.145 
5223.39 6076.09 7126.99 3367.94 8708.99 9153.06 6874.36 439.26 4394.14 1962.84 
9143.69 3472.46 7748.77 3854.97 9034.95 4664.52 7828.61 4054.61 1011.07 1965.28 
6359.36 3742.56 248.401 9759.75 8484.37 379.471 5400.31 914.565 7982.89 4265.09 
1545.71 3206.26 341.162 8672.7 6574.2 9050.16 7825.74 3448.54 9489.42 2219.86 
5411.38 8633.09 5692.32 3160.13 2488.05 4727.26 7824.65 316.644 8781.87 8835.72 
2281.92 5141.21 2578.26 2530.33 4900.95 1062.62 2909.8 301.24 1977.18 892.667 
4566.33 3522.89 4098.93 4907.49 2195.58 673.109 3957.63 21.3013 4121.65 3447.03 
2241.16 9533.03 2080.11 7933.48 2693.15 4568.15 2660.72 517.777 4884.8 1442.58 
9353.5 7166.72 6583.79 1931.74 9697.05 1484.72 2994.36 2606.83 1785.96 4971.54 
3499.49 6352.29 8494.44 7598.42 1259.76 689.998 8271.53 5217.4 711.299 2393.16 
8664.43 2952.46 1926.18 744.516 885.928 4619.32 5312.67 3546.65 5137.1 197.451 
4989.23 4490.58 7364.17 1573 6422.33 7061.21 3057.72 9416.69 9668.03 4843.67 
4388.21 3167.51 1195.95 2882.63 765.914 2455.71 3572.63 9037.44 7673.11 4283.93 
1430.59 6337.52 7236.39 3356.77 7082.03 8122.32 7976.09 2394.68 1668.96 3113.18 
2592.13 6658.18 7603.76 9956.31 8231.18 4026.07 7017.5 1288.88 3442.74 6685.51 
6132.55 7830.95 9853.02 7328.5 713.569 618.921 9784.21 4286.2 9656.36 7457.3 
8570.13 1086.94 3794.79 5806.51 4443.71 876.808 3928.82 2419.78 3271.49 5597.77 
5532.96 5863.62 2255.94 3136.7 5819.92 487.098 7162.77 2837.4 1775.97 605.485 
9522.91 7908.52 8436.44 9375.92 5237 9150 9994.84 5021.19 3436.19 9651.18 
2478.47 2006.31 738.104 6273.27 7812.82 5181.81 7150.08 1741.62 7601.59 421.551 
7339.39 3134.54 6285.18 9595.33 6271.24 2105.08 82.4098 3433.98 4942.47 1858.38 
4039.47 4465.36 9766.91 2475.89 3841.26 5003.89 1625.88 3836.08 25.0677 5062.07 
3487.25 2503.54 7068.37 4225.35 8776.81 4881.17 9407.16 5926.87 6622.79 7008.74 
6348.42 3962.17 143.256 2633.58 3557.48 6414.49 4738.66 3639.89 9848.48 9681.13 
5498.27 3887.93 4146.48 5265.16 6363.82 7987.74 269.033 7989.7 1823.8 294.101 
3051.74 5311.05 2797.64 120.101 9536.4 1574.43 5001.27 8943.54 7501.3 1624.05 
5952.26 3849.71 5586.21 6095.52 6483.29 9143.69 2510 1221.93 2783.56 2358.45 
903.04 8281.83 6246.38 5049.52 3546.97 2610.18 3037.24 3816.01 599.863 4861.04 
4110.11 3651.61 172.066 6907.75 3771.71 9708.46 8482.18 8772.98 8651.99 5983.47 
397.013 4604.24 9833.18 5983.23 699.741 6316.45 5126.9 3209.74 7538.38 7910.46 
5568.19 8441.42 6192.28 1814.56 3490.92 9739.25 4424.74 6528.15 3555.24 5024.6 
1389.17 7665.35 8676.21 1561.24 4573.08 2447.9 1269.68 3055.25 1220.87 9921.67 
9038.72 1617.88 4525.89 8871.88 7601.11 5225.64 5188.31 2727.99 8435.37 2726.67 
638.435 4003.54 1168.08 6830.71 5818.1 4658.99 6569.94 242.825 1187.13 125.167 
5267.43 2576.3 7790.51 3943.62 4137.54 2363.58 6391.52 5407.22 5418.82 7612.39 
5328.88 4457.52 9230.27 9854.77 3329.39 6831.36 5080.39 8517.7 9559.35 3515.75 
1244.36 197.767 7519.29 2412.43 7028.48 3337.37 7071.43 3598.41 3580.2 8258.56 
3723.57 8847.63 834.84 1514.07 2791.23 4972.38 3877.65 9182.76 379.582 9296.47 
6795.13 5708.46 3753.98 6025.38 5563.22 7083.36 2856.73 643.591 5601.04 2416.06 
4159.34 6845.4 2613.83 1678.61 9257.84 9642.31 5015.98 6329.25 3240.7 8596.18 
4587.79 6964.27 7443.79 5422.62 8478.34 235.008 394.986 2355.97 9417.76 774.568 
1652.42 6212.88 6483.03 5406.39 2238.24 2046.23 2489.74 5094.97 2689.82 8090.78 
7511.03 6849.16 4936.17 124.843 8527.76 4193.99 9767.15 3543.73 523.215 3007.83 
2139.9 5111 9972.09 9583.69 533.609 8450.42 9818.69 928.595 806.364 9236.44 
1703.16 2458.78 5449.3 8186.19 7865.17 7687.55 232.404 354.893 2782.5 2922.22 
8445.68 293.516 9771.38 3381.83 418.359 8299.13 7575.81 185.491 1842.84 8099.03 
3193.32 3982.73 3210.01 3165.4 3566.41 3743.62 1615.79 3385.08 4672.21 2422.16 
2621.51 6375.38 4880.94 8070.81 4561.55 2746.09 5758.34 4793.96 3100.99 8540.84 
7716.18 1546.65 8834.36 7487.54 4928.47 9252.71 5786.65 2504.27 9438.21 7629.49 
603.276 2631.51 1612.21 3813.29 5796.9 5178.62 7556.91 7412.7 8563.7 2229.1 
9834.85 1185.19 8604.48 4715.77 9256 3166.01 7461.87 5014.32 7959.97 562.839 
3555.14 5676.13 2109.49 2389.48 3163.66 7037.96 1642.18 8950.31 9542.22 1080.37 
6579.79 145.481 3711.88 8192 3958.77 9508.78 3370.6 1515.66 6921.46 1934.28 
3744.76 6756.29 3119.47 2349.22 1472.05 2375.45 5515.23 8933.92 7389.77 3475.19 
9496.76 944.9 9151.32 1606.22 3334.38 2314.96 8644.18 4976.56 1265.26 8186.39 
6056.93 7845.05 8331.87 9768.81 6037.03 2290.62 9277.57 9407.63 3806.27 6199.01 
1341.89 7551.03 2955.28 4461.36 9900.25 4427.33 6836.82 5415.47 3361.23 4226.57 
8890.66 2857.97 5171.47 8041.96 4464.19 8505.86 356.908 3108.36 3482.4 1622.17 
1294.72 9539.34 9467.22 9626.59 9308.13 5504.23 1917.19 8585.68 4911.84 5723.46 
4784.67 6253.74 3274.48 7739.95 715.084 3174.71 2167.26 7551.9 8590.18 5528.49 
1778.45 7480.82 8386.46 6949.93 5522.76 2850.64 5455.77 5879.67 5958.99 8938.17 
7501.84 7253.72 8477.49 6969.04 6880.29 7785.6 2473.26 8797.48 6371.26 7385.1 
4520.93 1155.92 3638.82 7795.41 8895.87 4353.91 970.102 1063.11 1905.79 9560.28 
6591.61 3684.24 7041.09 4978.05 634.153 2563.83 7828.69 6089.92 8443.51 3787.66 
5028.07 5945.33 1041.36 3505.54 2914.35 7921.65 1291.12 5387.61 6719.12 7662.38 
2772.69 1240.03 8818.3 6411.51 9035.43 7714.15 765.402 5.51688 8777.26 2671.19 
9565.8 5368.85 6355.43 6606.87 346.888 6989.59 9170.7 8175.57 3079.49 7614.19 
1963.22 8107.56 3559.51 3004.58 1613.08 6473.86 926.214 2904.2 1861.45 7645.33 
566.568 4634.15 8885.36 9384.87 1045.64 7920.77 7099 1811.05 7926.29 5876.25 
4482.24 7492.07 1245.09 837.651 4098.92 1591.98 7827.24 3269.61 9767.55 906.706 
883.785 1730.75 9014.26 4443.29 4735.33 627.323 917.137 5661.55 3531.52 2778.59 
3306.86 4098.09 7412.74 2192.2 3482.94 8458.38 112.951 581.93 269.412 8039.24 
6458.18 4751.65 5531.29 7703.27 5589.3 9630.21 9295.25 3416.52 2899.81 9062.78 
4323.22 3783.59 793.517 3337.47 8226.88 5528.85 3964.79 9144.02 1190.38 7496.32 
1922.59 4497.24 1594.39 9335.33 6689.44 5077.34 7793.7 6802.39 5659.27 8063.11 
4841.61 2117.43 2814.74 372.886 9820.7 8404.04 3.08415 9115.93 1820.54 2902.89 
8178.69 6143.76 6686.48 8972.21 9481.23 4913.35 4501.04 3446.01 4057.35 5691.42 
942.309 5979.95 188.642 2536.7 5315.26 6878.08 7614.04 3108.94 3680.45 3273.29 
1172.04 8522.06 5390.71 3986.78 8894.95 5211.39 2390.8 8898.03 4327.3 4211.34 
1800.91 2505.98 355.089 8487.39 1478.16 9836.32 3400.72 5979.2 3282.31 7458.07 
1670.6 4224.62 3438 1859.25 6761.33 8753.26 8737.33 4375.35 1862.19 2417.76 
7648.63 3034.22 939.807 3039.33 7021 9834.76 8250.72 9411.8 8732.77 2578.01 
3623.13 533.663 5083.98 3978.22 9021.05 6562.15 3814.52 2421.75 2541.33 7096.84 
9879.82 4211.94 1321.44 3317.81 6071.18 8082.77 2071.05 4808.49 2458.1 3933.23 
7226.25 106.71 6967.46 8166.06 3146.04 3988.44 8000.8 1396.74 3400.23 6733.55 
3974.75 7023.36 7267.22 9058.73 1001.56 6288.25 5620.86 4816.08 8710.01 8162.2 
1912.9 8589.81 2374.11 3234.35 1907.6 8445.3 1317.1 3978.65 3253.77 3775.19 
7911.88 480.006 3881.91 4879.32 8646.06 7027.94 8867.77 6646.85 8424.68 2267.98 
3380.38 2399.42 9291.34 647.584 1458.14 292.881 6935.84 7079 5108.96 5645.83 
5241.18 7021.86 4235.62 7615.29 256.192 6143.23 6060.57 1573.29 121.858 9314.34 
5348.48 8033.74 9794.35 9230.39 2913.05 8440.4 6258.32 1780.8 5087.23 4682.98 
4048.78 8467.61 7082.4 3340.1 9115.19 8540.54 3632.98 6051.01 5619.52 8741.95 
1696.82 860.679 5763.79 5932.44 8475.97 6019.99 2075.65 4536.53 7593.27 2197.51 
3850.85 2941.74 231.234 3645.18 2172.11 3144.28 2085.56 8430.43 4925.08 7172.79 
3113.4 8973.86 5640.38 195.781 2313.95 4755.56 8736.32 5946.93 806.556 4355.82 
4688.86 2503.38 5216.5 452.636 8435.82 3692.45 6472.62 511.454 8228.98 4065.88 
2708.96 2079.81 7007.62 2940.2 5725 9179.74 6084.48 7810.56 7610.15 1009.54 
4983.34 723.53 9983.4 623.706 919.311 2297.33 5379.27 9655.63 8244.26 6185.82 
4011.43 2933.11 8689.2 9227.93 3385.74 7125 2920.37 9858.36 7636.46 1149.33 
3924.23 345.4 3229.14 931.832 3285.6 8954.14 111.553 9370.08 6764.69 7721.7 
379.601 1748.01 8445.23 362.988 2371.72 9364.54 2660.32 7750.98 9020.16 904.568 
3936.79 3031.57 3837.67 2625.97 2259.48 7223.42 9750.97 5179.85 7081.76 7387.41 
6329.18 1005.97 7732.81 9558.32 1937.81 1018.39 8512.45 2049.36 388.448 5277.12 
9771.06 768.049 7025.13 8216.28 1131.04 9396.85 7580.8 3791.36 7147.82 6600.94 
4695.92 1084.59 9632.51 8533.6 3710.56 1891.97 5757 3461.51 7071.82 2838.75 
848.906 3400.98 3844.72 8581.72 2959.29 5782.52 9600.11 1471.72 7831.88 9988.55 
6748.84 7602.93 756.586 3773.95 5819.19 1887.62 3170.79 3399.97 5678.98 318.586 
0.89673 374.888 1403.17 9633.41 8908.49 5113.73 1525.36 4665.47 8575.25 8597.19 
7504.21 9424.15 1998.15 1348.92 8005.85 4957.44 7131.44 7605.94 6429.16 4963.31 
7594.48 3177.98 2566.22 8351.06 6951.93 8385.4 238.67 122.702 1785.36 5917.65 
441.288 1786.26 6292.54 1844.46 1419.65 5201.01 6958.2 2945.01 9866.48 5533.43 
1542.18 7370.67 4957.56 3540.33 8719.59 2963.4 8497.77 5851.01 569.32 4926.91 
814.303 8163.8 8104.89 3380.52 6514.85 5056.81 1765.91 6753.52 5179.51 3551.27 
2671.15 5620.8 5337.52 8963.69 7465.26 6757.17 4164.68 4423.44 9702.18 4031.14 
9956.86 1244.34 1401.79 4914.4 4784.67 121.364 7877.8 3282.42 5972.38 8447.12 
8209.33 6786.68 6610.9 6314.21 167.183 3125.73 1371 1933.09 9879.25 6550.5 
5484.35 2550.38 2171.28 821.859 1514.05 9636.54 7579.03 5678.72 4059.96 7281.18 
9709.86 4016.8 8525.52 1111.63 8931.21 3310.17 1233 6808.99 6592.6 7205.38 
5256.09 4801.91 3992.04 1866.98 1116.1 4159.22 4992.71 2487.1 6092.31 4871.94 
9037.6 1576.65 7422.32 1208.87 2398.51 8936.37 845.391 9977.53 4615.08 4905.35 
7258.7 4324.92 8922.15 5784.21 5436.56 7853.34 9094.38 6669.55 4662.32 5686.96 
3874.91 9918.41 488.856 7866.95 1785.37 1604.96 2026.16 6778.08 4092.06 8118.47 
1650.01 3129.65 9695.12 9072.33 4338.52 2093.61 8008.68 5183.91 2071.13 2623.74 
89.2392 9329.83 6948.66 9011.39 5114.02 2385.2 6864.72 4208.38 9054.76 1527.02 
9895.34 2929.65 1445.41 384.18 796.586 3230.78 1989.14 2822.74 8.8451 6081.2 
941.193 1658.85 9210.85 636.293 731.165 3549.34 2729.9 8739.85 8733.25 4801.03 
1363.58 8822.49 4130.84 8312.24 7833.86 9244.85 697.426 4698.56 3453.22 9752.18 
6225.58 3348.54 2681.82 7670.99 3732.72 3478.4 901.75 5721.86 6301.15 910.595 
1803.05 7242.34 2569.45 1013.88 7878.63 3300.61 4563.22 608.515 2040.44 3296.45 
5409.54 3404.02 2118.93 9540.38 1716.24 9952.79 8785.21 2413.67 4651.34 2238.42 
2165.83 876.903 5586.96 4847.65 8547.89 9319.68 8326.06 9449.64 5041.53 4627.18 
360.219 6844.57 1869.5 2929.67 7858.45 9748.13 6230.28 2421.65 356.633 8270.73 
5718.1 5766.17 1674.73 7837.03 5306.54 3390.97 7789.81 4091.73 5804.64 2441.13 
6330.15 7970.47 3318.03 1917.09 2818.11 1865.91 1236.75 1144.15 1315.53 6278.28 
5771.33 1675.75 3122.83 7640.83 4605.42 981.263 7388.95 835.679 3402.91 7745.58 
9106.4 9121.02 3511.74 781.116 6958.03 8818.28 4172.09 4747.82 2909.99 9976.73 
7188.95 9240.14 7947.18 506.966 1157.22 765.275 2372.87 2393.97 1909.42 3688.4 
8672.25 7680.75 5364.15 1795.06 5321.57 9969.56 2776.33 2710.5 805.227 6179.24 
456.073 9911.63 5300.24 3967.81 692.731 2258.25 2786.07 4864.82 7006.08 5696.07 
4841.53 4195.01 4936.19 2788.69 4701.98 6093.41 3553.97 7074.85 8487.38 5463.39 
763.231 7159.61 3144.13 6127.38 8954.67 8465.7 6096.93 1730.98 1176.18 6902.16 
7910.22 1632.26 6813.77 3210.44 5600.07 7506.5 5468.69 8386.14 2371.3 2474.75 
4082.19 7212.83 6669.76 9018.39 1.50367 1371.72 5111.78 3555.47 8446.57 3599.14 
9018.86 9209.8 758.73 2162.97 5337.16 9713.4 628.648 1434.07 1444.36 1804.83 
8336.23 9354.58 3437.09 5149.98 2565 9037.16 2656.47 8033.7 7423.28 5027.77 
508.434 1505.46 2240.58 7178.2 523.833 2242.08 8549.92 5635.61 5797.56 6996.47 
9234.75 4816.4 6206.25 9993.48 6979.37 1543.39 9706.86 7608.02 2977.47 1151.21 
9412.85 1313.68 505.774 2849.92 6463.66 3070.78 1887.06 9120.13 1104.46 9310.34 
4147.88 1612.89 815.787 6388.46 8791.09 1339.62 8630.54 7340.99 6975.23 4428.08 
4337.44 6209.97 9244.48 543.673 6203.43 6223.83 2087.07 5910.28 3831.83 5064.53 
7061.49 3244.66 6378.21 7567.26 6094.58 2841.85 638.02 7981.64 1961.96 1742.48 
7291.96 6109.84 3355.37 8107.75 2498.28 2146.45 9447.37 1128.81 9487.44 6422.58 
5556.89 3824.86 2632.53 4801.35 4368.54 8835.96 1025.17 6455.6 4746.22 4857 
1520.12 1807.69 8101.67 7898.33 9374.95 4196.23 740.16 12.9505 2177.86 2702.12 
1755.43 9469.82 8811.96 5110.8 7577.56 1310.22 7257.25 7024.91 2439.03 6744.68 
3447.48 7995.92 569.521 6080.01 2797.25 4938.06 4915.96 3822.42 1393.64 9662.18 
8679.43 2913.76 1469.85 6781.08 812.071 844.777 977.294 1552.23 857.727 3155.15 
4254.35 2613.16 2624.96 3066.29 7723.96 202.497 4376.51 4981.2 7227.41 6815.54 
1725.86 674.869 4811.44 2295.38 6754.88 7608.69 7233.44 1670.82 1431.1 8627.08 
1332.98 110.511 1540.82 2802.82 6891.59 2352.9 3647.6 7868.88 3905.13 4505.33 
1024.02 8159.48 7118.48 3648.97 1225.75 4842.43 3851.47 5602.27 9823.63 1078.86 
2417.79 1549.47 1753.73 7229.23 3844.85 8508.61 4837.91 1078.26 179.41 6269.01 
9705.34 1512.39 6379.52 1246.15 4315.21 3271.09 3599.05 7962.81 1139.96 7504.17 
2468.12 2163.98 5663.63 9586.6 5812.95 6889.38 4429.02 9664.42 2491.63 4252.63 
743.266 4909.42 5802.1 2496.99 2138.64 9646.94 1005.59 6976.55 725.19 1185 
3245.54 430.517 2697.38 9625.06 1676.67 7012.59 2896.14 5275.72 4975.38 4036.1 
2779.87 7443.5 6200.07 8443.5 7030.09 2013.01 5332.87 1459.09 1677.41 7824.5 
5711.72 2420.68 2733.91 1513.8 4917.67 4872.55 1160.72 5923.26 1849.08 1885.91 
7108.26 5094.61 2316.43 9805.64 4719.66 3993.1 6818.21 7615.8 9268.81 1793.58 
1651.88 2048.67 9237.08 7851.95 492.158 6267.16 9864.95 5825.03 7726.25 1542.35 
3649.52 3437.95 3963.03 6383.43 4951.74 8880.7 1255.96 6112.46 4803.94 3105.03 
7998.38 1912.18 8199.65 314.789 1717.8 2919.29 4307.89 8536.01 535.069 3576.68 
329.579 2186.94 5625.35 9566.66 38.8755 6117.51 5833.8 9903.83 1942.53 3560.03 
1446.16 5592.05 6997.98 5409.19 1975.46 1949.71 4289.87 3231.41 8062.17 9093.8 
6336.45 6060.53 1005.96 4536.08 6375.32 2723.76 7455.37 683.19 1259.76 7990.44 
4259.87 1589.34 177.363 9885.23 1155.99 216.238 6002.73 6989.79 120.052 7945.25 
549.805 1566.21 3537.28 7547.78 6975.4 5512.74 9497.49 1265.25 8744.15 7559.64 
359.036 5080.58 3620.16 1365 9616.66 9995.48 4088.76 7072.01 678.649 5348.52 
5062.43 4938.52 6937.86 5239.79 4823.74 8093.85 5456.03 826.444 5083.62 5576.08 
8771.7 5633.42 7142.29 2308.96 3181.19 4117.68 7821.7 2678.66 5382.92 6565.83 
238.29 5741.96 1646.4 3858.45 7106.96 1263.04 3853.91 1195.71 8335.05 4532.56 
6544.23 3397.46 9471.08 3482.08 8637.25 4294.8 1575.91 4093.26 5121.24 6659.52 
9669.34 3892.92 2292.93 6811.62 6201.88 5474.12 929.279 4023.56 8152.79 6312.2 
589.381 8391.08 2054.15 2235.78 2249.51 9161.11 3498.82 6103.41 356.8 1833.86 
635.95 6901.03 5231.32 107.012 383.089 3868.55 4401.81 1958.99 7961.82 9523.05 
8618.52 7631.14 3415.95 911.434 4442.75 9617.84 6385.56 5372.02 3641.38 4538.33 
1684.21 4230.76 2929.38 3738.36 6466.54 5178.89 2899.45 9965.37 1282.28 3256.25 
1799.21 1918.23 157.268 7030.52 2025.25 540.358 899.058 6427.06 2499.35 8860.87 
5950.09 1117.86 6492 9366.04 2029.29 934.727 8983.86 8414.85 6306.75 2625.23 
2953.15 7990.96 6855.99 5882.54 1729.31 3322.52 1061.41 4628.76 3287.87 2343.7 
7885.02 5087.08 4261.93 8042.29 2117.58 6287.18 8582.64 3016.64 2714.21 1081.98 
1877.5 8664.3 2199.83 8369.5 8030.33 4229.12 9304.23 7014.18 2643.95 5610.96 
9639.41 5597.11 3601.91 6495.38 1479.63 5331.22 9817.91 2541.04 9959.98 3105.76 
4884.73 7844.98 8192.84 9146.66 5887.25 310.407 5433.82 4469.88 3327.05 8148.04 
5551.85 5204.55 6812.32 7751.69 3574.03 4842.64 1980.79 2878.24 1856.8 4624.75 
8489.2 1496.19 221.836 2091.09 7991.57 1701.46 7422.31 7809.46 4242.5 7382.28 
915.202 9127.23 5227.24 9108.04 8273.88 1114.47 9418.45 3707.69 5584.35 2745.48 
1855.7 1136.18 7950.03 8668.03 8887.87 1524.05 3510.65 868.65 4402.29 5367.44 
5493.4 2891.47 6863.63 5715.23 4982.57 4855.18 7416.7 2404.86 2664.62 1659.18 
9787.14 3579.82 786.4 5014.36 2687.85 9060.28 6128.83 2106.28 2767.95 1713.16 
4851.76 4623.65 2849.35 2801.77 3291.66 1737.2 4325.82 6802.31 2605.85 8728.11 
2169.73 8099.25 1619.57 9033.36 3814.47 6602.14 3888.52 1231.15 9007 6553.14 
2890.33 8794.12 132.949 3676.73 3808.47 2820.79 2736.99 9937.3 4927.07 5504.94 
1650.45 9778.83 128.577 4499.8 2580.59 3420.24 6237 6906.41 222.534 8842.85 
5634.5 2392.27 6942.08 7254.06 1425.61 756.53 3856.18 5314.14 1987.68 2863.17 
1867.26 4878 1657.27 2000.21 8554.73 5465.74 4821.01 1291.7 5403.03 9748.08 
6796.64 7053.48 9526.89 6925.22 1553.25 2107.46 345.445 7790.25 9013.87 567.979 
6633.08 4648.35 2960.25 3575.15 1902.4 4385.86 4331.68 5758.58 9700 6319.35 
8621.74 1567.24 1197.34 278.999 3567.46 9752.07 5744.74 8388.46 1043.76 1147.75 
8136.53 7840.4 8201.23 7663.4 4765.6 9754.48 9770.87 5111.05 7544.72 8784.72 
5679.03 4177.78 3433.05 8639.28 7752.93 5335.45 3025.12 2084.59 1094.01 2725.1 
8403.95 9715.76 4292.34 9601.29 9994.75 7859.8 9353.34 5739.48 6248.25 397.079 
6887.23 4384.76 8237.48 5088.44 2048.15 3003.07 4842.9 1819 8114.12 2387.6 
603.704 3793.13 6565.39 4036.76 2432.39 4318.3 9372.21 5457.51 6402.89 466.202 
8182.61 4806.82 181.941 2474.94 4408.09 176.679 334.72 3761.41 5916.16 6582.97 
4158.49 2803.37 967.714 2395.96 7891.81 3015.86 5399.02 2734.7 4834.86 3513.12 
5122.3 5438.57 7306.25 1687.67 9475.32 9738.64 6005.97 8847.51 5196.13 2408.85 
9313.72 3378.72 7215.67 9495.66 5853.66 1623.74 9672.34 6188.38 5385.16 5588.48 
2771.33 9543.65 8391.85 3739.05 1939.59 6283.65 6754.91 7338.61 9018.35 1589.75 
851.718 4140.63 7028.32 8157.97 5828.3 6503.63 7896.6 1834.25 5351.12 3092.71 
4243.1 4664.83 6471.44 1458.75 4160.47 2325.08 3082.49 3832.79 8513.46 8467.65 
9421.26 1284.78 8011.28 7813.1 5023.82 9950.87 4096.73 1778.72 7289.46 3115.06 
3368.47 8141.18 7255.69 396.774 6299.14 3083.97 6900.4 4195.71 4918.23 2251.51 
7288.43 9161.33 6916.33 3759.85 620.06 1076.78 6084.93 3702.55 4909.57 4598.37 
2170.19 4330.82 5883.15 181.45 2143.9 906.953 132.303 6240.63 2685.67 7421.77 
9355.68 6054.14 5562.93 6611.35 6450.91 1862.05 9695.32 3351.3 6057.77 4613.53 
5602.81 3346.17 3774.84 2519.12 7106.02 4394.9 3595.91 3190.93 8097.45 8505.47 
7789.3 267.62 2836.28 3672.43 449.071 4980.18 4579.38 581.374 1220.79 7265.05 
8003.14 576.451 3319.17 3566.06 7187.8 9770.08 5428.11 6883.11 3121.36 1485.85 
1496.62 8724.17 4832.03 5271.46 1243.27 1938.03 9666.36 4839.18 5128.96 7763.8 
3344.64 2918.25 8031.42 6180.92 6590.68 8480.49 1161.07 1170.05 9061.86 2381.86 
8435.1 7064.98 2958.31 1754.26 631.023 146.097 1524.33 6059.13 7029.21 4645.69 
7544.98 8525.83 3369.84 2376.99 3797.27 4613.12 4315.03 3463.61 9452.3 9443.99 
1227.39 2796.92 2362.22 9258.81 8977.83 8952.9 7739.28 138.89 122.931 6801.12 
2520.75 8558.03 3866.09 5479.06 312.272 4497.11 5625.16 1836.6 556.224 2654.35 
6482.29 8101.21 1180.16 9852.13 478.185 4977.43 4465.23 4793.21 8441.04 3917.51 
4237.19 9668.44 6714.43 6599.41 8927.23 5692.24 5552.29 6666.49 5831.13 5675.22 
3467.6 8351.88 4233.24 7333.69 3830.92 4545.51 1830.78 9456.08 6382.11 2387.01 
2110.41 2864.38 488.196 3290.57 2716.49 966.381 8268 7181.71 5759.59 6709.02 
1099.2 9996.78 6377.44 7813.63 6596.17 5304.65 3505.86 2148.44 1971.13 9336.99 
7823.66 5438.72 7688.85 2056.89 2772.39 1519.76 6602.39 4603.17 975.824 2984.48 
6990.18 3086.23 5848.86 7478.38 6376.8 8565.34 8444.76 4644.78 5747.04 4204.33 
1353.78 6846.25 4201.09 7731.23 4659.86 797.243 3035.86 8165.72 2945.69 5006.99 
7502.69 769.334 445.695 5191.52 2826.22 3218.09 6711.28 9428.61 7821.26 7687.1 
2413.08 4811.42 773.321 8261.94 2289.78 7150.12 6827.26 734.519 1794.89 2574.29 
4938.85 3148.67 9420.54 9139.94 879.878 4080.38 9937.19 3915.74 2246.08 2882.85 
8922.73 9748.77 3652.19 9368.42 4940.27 6478.41 2586.49 1651.53 5907 407.736 
9338.63 8320.08 5219.16 111.938 6582 7508.94 7262.06 3409.25 8243.46 9056.95 
5983.54 3182.29 2205.6 5404.06 2322.22 3085.48 9484.44 2259.38 7001.21 1730.5 
5142.24 5923.92 1479.25 8794.43 5292.33 6419.52 5272.82 7878.82 8071.05 1179.8 
8286.56 7409.67 9499.88 3505.7 7521.6 6081.87 1014.62 4783.65 9491.11 9258.08 
3840.58 5474.63 2440.35 6046.17 878.669 4762.57 9131.65 363.087 7021.95 6132.85 
2093.58 2164.18 2056.75 3572.83 958.585 7349.08 9992.35 6231.4 5227.89 8063.38 
7411.2 3514.43 5473.02 6911.07 7020.13 2994.61 2992.92 8034.76 7778.26 2484.01 
7292.82 1618.82 7958.64 9733.18 7664.99 8837.31 4495.73 6796.62 9200.4 1517.67 
2929.45 1293.96 3681.84 4986.2 4866.79 4640.43 2335.27 4859.12 871.813 7563.16 
2922.48 8283.02 1077.58 8395.51 5194.07 8097.71 1390.1 8186.98 6132.45 9168.36 
670.975 3425.26 787.159 8629.62 3158.42 8452.15 7466.91 7654.15 5248.75 6667.29 
9171.82 8178.2 7961.25 2853.65 3164.38 2828.03 7494.07 5499.65 7687.16 8365.89 
3062.8 609.623 6648.89 4140.37 9005.13 1842.94 2238.07 395.218 29.8998 8370.52 
9563.58 700.875 1795.76 350.72 9330.49 4954.18 8802.87 6797.38 2608.31 4051.6 
3464.65 1780.11 2229.78 1425.89 4633.76 5394.17 4253.92 2127.82 893.803 1941.06 
493.689 3956.6 2550.68 7142.58 8096.97 1555.8 8985.51 335.022 1951.02 9015.41 
8705.54 1514.58 9716.29 501.287 1865.3 9046.76 5455.47 668.149 5844.12 8063.78 
4719.75 9308.78 9843.9 6949.53 734.651 4477.64 2343.68 4988.57 6605.46 3237.48 
6929.63 7099.15 7194.08 9480.31 4241.7 5291.04 1036.09 3227.2 5626.06 2987.11 
2242.59 4331.59 4501.69 1958.86 4832.87 6366.99 1005.6 288.322 7035.14 6849.72 
8352.1 1754.87 6158.49 8195.98 8704.4 6893.14 2673.6 1048.07 1881.69 9279.06 
4285.55 8811.32 6378.19 1479.61 8291.62 619.875 6770.65 9327.71 3847.07 2396.7 
2314.81 6089.66 6728.28 6816.5 8048.52 1561.14 3183.47 9054.12 1849.46 218.588 
5903.83 201.543 1973.46 2062.29 8397.52 677.843 8955.43 1071.11 1725.91 837.106 
350.152 6011.46 9648.43 6728.34 7491.07 7940.03 7348.22 4261.71 7267.73 1195.27 
6658.4 9582.54 7284.93 3386.67 6399.02 5333.44 4947.8 9582.49 4387.54 6797.26 
9801.08 291.348 6998.81 1774.52 2353.64 5396.31 2452.36 1309.06 6467.42 4178.27 
2146.16 6817.57 189.708 1794.57 3545.9 7680.78 9734.61 894.095 1942.47 7002.32 
2089.37 8600.88 6584.84 9374.3 1987.53 2983.84 4707.72 6935.33 2566.31 9095.26 
3732.58 2367.37 9386.61 731.364 4141.89 1740.23 6127.68 6594.25 3049.29 2595.08 
772.498 5195.45 9412.65 962.206 6990.03 2958.53 8642.99 6724.62 3852.63 585.441 
3726.92 5941.99 9186.32 311.742 5316.28 1173.83 3295.58 23.977 8109.16 5861.9 
9119.23 1841.72 8229.27 8505.82 2573.08 2371.14 246.036 8700.75 8965.39 3295.32 
1295.82 9737.89 8490.77 708.456 700.077 5480.78 3666.99 9343.06 2205.38 7519.62 
9928.5 5932.3 3461.59 9114.8 6244.04 8777.87 288.614 9539.63 8801.85 8397.77 
5401.51 7921.06 239.469 3630.76 6426.87 2812.55 6001.9 6672.91 1513.29 4967.27 
9968.23 2809.1 4705.14 8458.99 3517.56 5405.22 3939.75 7184.55 4748.27 6145.14 
4704.15 4676.76 2077.42 8165.75 3791.54 8321.46 6943.6 4080.16 7861.07 5745.43 
2477.91 3262.56 3666.48 2717.38 6893.32 93.329 5529.93 2895.2 6766.24 7043.22 
7862.47 6734.45 9852.32 2567.6 5193.42 3369.87 7972.82 9133.17 554.399 2721.07 
5278.29 5258.55 7397.83 7355.71 3424.28 1189.35 5677.16 367.86 5269.51 3538.21 
6113.29 7747.42 6800.77 9779.76 464.788 3694.07 9873.09 5994.72 6589.27 6639.31 
3037.92 4451.73 3373.74 2890.22 7019.33 8567.16 6260.09 4992.13 7700.32 6814.49 
7713.2 2978.6 2073.02 5111.01 334.294 5497.3 6300.37 6011.45 5865.16 1569.86 
9549.66 1978.43 9317.29 6350.41 1758.18 9782.07 44.4618 1631.25 5776.77 6633.73 
8270.56 8814.69 1085.44 1644.29 1704.9 8104.77 211.438 7964.98 3096.89 7911.76 
4779.45 810.073 890.34 6852.47 5921.09 1224.63 2349.75 2221.44 7236.08 8214.91 
3791.3 6785.73 193.316 3108.57 3136.12 1951.49 2890.62 3180.58 3582.74 8667.4 
9814.31 1853.29 7482.07 899.739 3497.58 9186.97 9004.51 3709.02 7151.94 2101.38 
1620.76 1931.37 2911.45 2511.1 8783.84 8832.54 3735.74 1133.57 1053.96 971.803 
9348.48 4845.26 7757.53 9541.8 7953.82 893.631 1493.27 844.431 4074.21 5076.02 
9511.83 3888.51 6929.31 6993.88 4788.25 426.874 6180.84 3792.74 4135.89 3332.76 
5894.12 5756.66 5264.13 8805.57 8267.76 4047.95 7638.1 2003.48 5181.53 8692.06 
2975.28 4529.99 3537.3 732.793 4071.77 1491.1 1626.42 5565.04 2335.54 5700.64 
641.041 1847.35 9589.15 7570.35 8841.23 4377.38 7997.22 5022.05 8170.12 2133.1 
8354.81 4064.22 7889.76 3618.92 2869.78 6157.5 7666.88 507.854 8160.98 2848.39 
9199.91 1136.24 7378.38 2737.19 1869.04 1450.13 4228.29 3495.46 7015.18 6563.83 
9196.1 7656.22 8411.18 8785.23 5226.55 7252.39 3162.59 3223.75 2274.43 1332.69 
5356.85 629.224 5396.91 3246.59 4248.15 8266.68 9404.09 1915.01 8774.54 7565.06 
4763.4 7974.43 8701.3 2141.76 711.602 570.316 3591.89 4939.9 4065.78 607.053 
1503.71 3261.86 8263.27 9914.89 2047.07 3489.8 7167.26 5209.65 6713.56 9441.69 
6542.34 2070.39 70.9008 1939.23 5316.99 4319.05 205.89 4721.07 6234.05 8980.43 
2286.1 997.432 6954.84 987.384 3139.19 7666.44 1557.7 6731.08 2606.32 5623.48 
7338.14 4110.03 8885.33 5601.39 4024.9 932.38 9091.19 1192.14 6142.03 5804.73 
633.822 2684.35 7875.13 704.722 4623.58 3192.1 5023.77 4829.46 7913.17 1257.81 
3809.87 199.252 2255.24 764.694 1186.64 5394.43 8431.13 2744.34 2125.49 1037.43 
8367.81 9463.63 5147.46 7253.13 5065 9172.36 8185.51 4156.18 364.487 4327.52 
9960.91 998.308 7011.87 7836.02 1703.03 1635.43 1028.1 6726.8 6464.89 8941.26 
7984.61 274.749 9140.52 239.828 1039.44 327.136 5634.26 9470.58 3071.47 7759.75 
507.993 1439.27 7223.36 5655.46 8692.4 2288.34 4827.8 6877.89 6444.52 5192.28 
1205.39 6405.41 6190.59 8217.26 4241.41 7893.62 9852.69 5269.51 4620.41 6317.57 
4210.76 2605 6592.32 3351.26 2844.82 7631.76 3678.39 8479.08 7102.32 6749.87 
6238.81 7610.31 8189.13 3462.15 3265.75 6881.51 5750.5 8093.55 3759.38 2195 
3285.81 4964.77 8600.41 9476.41 3182.02 2841.8 7370.01 3034.69 8111.31 1990.4 
9352.26 2322.05 4595.4 5944.56 5673.31 7440.22 3576.3 9351.7 5919.28 678.599 
6101.55 2158.08 8288.91 4290.67 5620.23 1554.64 1172.16 1370.71 9648.19 4931.55 
3565.72 2933.99 9896.32 2166.11 2410.38 3078.32 5007.91 9780.39 6113.01 3119.2 
1770.77 5465.25 5441.26 6366.17 1409.79 1114.55 3806.38 4986.09 466.228 9725.66 
5664.69 6567.78 1883.72 3953.58 858.425 7503.96 5508.23 2030.59 8874.67 5156.4 
6962.13 2440.37 8090.38 6858.44 4606.48 500.743 9936.76 9614.39 281.115 6049.76 
2733.58 2051.89 1514.99 8174.83 8418.06 2924.79 9289.38 2224.42 7910.88 9755.61 
1950.07 3575.55 6323.37 3833.79 7529.13 7181.79 1337.73 3037.34 9212.38 212.387 
8193.74 6174.5 2652.76 6284.1 3032.92 7259.24 6784.85 2969.66 6873.61 7065.96 
9019.42 9607.19 9117.85 534.395 7782 7535.89 3459.18 7071.36 9760.31 1370.04 
6826.95 1710.36 4945.59 3150.3 5544.15 2474.7 332.077 6881.88 5512.04 9544.46 
7094.27 3705.76 5718.94 9747.03 9989.87 8751.85 7006.25 6774.7 1721.5 3879.84 
3840.64 740.899 3487.01 2958.48 1275.29 1268.99 494.353 4734.47 8340.36 254.651 
6104.51 5167.3 1965.01 1050.09 8317.6 7509.17 3524.79 8649.68 4391.03 9036.83 
8194.12 1485.29 2742.57 3913.03 1232.3 2732.42 2664.87 8238.54 9507.12 4386.37 
2118.37 3347.74 5127.27 5605.38 6306.22 6402.56 6874.37 6800.57 1137.02 5214.72 
7055.22 7241.53 381.994 9020.24 8291.62 8699.59 6529.39 1816.39 7349.25 920.403 
853.198 5543.35 2405.69 3595.77 9456.38 3637.99 6328.19 2121.24 1876.52 5835.29 
6507.61 3994.88 9183.03 1634.86 9600.26 5489.23 8037.42 6474.62 2289.78 9174.44 
1689.32 9345 6415.95 2071.31 8365.22 4707.55 770.888 4894.59 6523.94 8120.14 
5814.99 7377.14 3663.47 8220.68 972.89 3119.84 1858.65 7301.08 5241.08 3735.17 
3136.35 1748.67 7730.06 2319.36 3383.53 7330.3 7808.59 1420.93 3804.9 98.3595 
595.35 5494.22 9443.36 7011.3 7565.53 7808.57 1718.84 8336.42 2703.15 8242.78 
6456.54 8518.14 5619.9 120.001 6738.81 6592.79 3239.84 8597.46 3893.85 8480.92 
2332.61 7030.2 229.578 62.6532 9349.56 3613.11 7392.95 7158.14 5034.04 1197.84 
7256.5 5629.39 6692.06 6699.85 2640.67 4257.58 4508.4 4359.51 2593.98 7211.55 
2602.27 9050.52 5729.67 8222.16 9170.53 2468.46 4814.93 2410.35 1065.9 8708.78 
891.258 3398.52 5738.97 1120.84 3461.17 5088.52 4733.94 854.108 2246.64 9767.98 
2051.95 9503.14 5397.35 8744.01 6202.97 8038.02 3001.57 711.353 2397.51 5595.55 
7922.9 4999.78 4646.06 3652.55 3221.93 3816.56 6121.01 8036.86 6226.92 7186.91 
6745.63 7118.17 585.411 2484.58 8239.01 4046.58 7573.09 2972.93 4900.69 9819.73 
2740.9 6952.64 9322.85 8138.25 5696.63 5525.81 6176.25 8698.2 6237.16 8573.76 
4293.73 4160.04 3573.53 8939.79 7812.59 6795.46 2756.33 3933.58 4832.3 8983.25 
1120.48 1577.91 6101.4 1705.89 4062.49 4340.4 5752.47 1635.57 7313.33 653.145 
1455.28 54.2113 7605.78 778.118 8192.46 3302.4 6303.92 4368.69 2000.58 2541.07 
2942.44 6294.31 6701.11 6515.96 5234.08 4513.69 3311.4 7990.41 8447.27 8143.7 
6973.64 9567.75 9721.61 3075.03 1273.62 3784.08 7415.42 7026.1 5419.65 4728.74 
7679.24 6874.93 4782.95 5285.01 7653.05 2975.39 8587.4 3956.96 7344.08 587.964 
6498.03 286.499 6882.27 3199.12 6802.46 2116.33 7712.81 113.847 106.725 6160.06 
8257.55 7080.36 5727.8 7979.14 155.375 7001.42 1763.21 7570.8 4027.5 7182.86 
2299.52 1706.73 4057.78 7082.47 6991.73 1710.81 57.8393 5579.12 5667.76 7401.92 
6167.08 2165.77 7688.42 3049.34 5364.89 4490.86 5165.67 3077.69 4604.71 5272.4 
9237.75 2862.24 2352.75 4965.53 841.369 2508.12 1966.94 2604.58 78.901 5994.44 
9787.44 2378.42 7701.16 3845.2 9460.89 4692.88 5556.01 9518.73 271.985 1223.75 
6920.63 6439.07 3389.53 4609.03 9488.41 8754.42 9099.89 4654.06 1832.09 3704.59 
9926.46 1069.82 6566.83 2279.19 6035.35 7408.2 4787.31 8002.29 12.7616 4866.21 
3996.71 9800.2 7244.63 1697.86 3645.38 6705.5 6390.74 9201.39 6224.21 6662.72 
425.128 3144.82 3101.77 3814.66 7753.85 2590.17 2569.06 6853.73 7244.23 4401.15 
558.298 7170.68 5470.97 7125.13 9449.87 1506.31 4533.31 4237.16 9508.59 4546.07 
9103.37 3505.28 4346.26 6347.99 5203.14 7991.64 3053.47 1593.86 7193.02 9277.68 
8256.58 7618.14 2422.48 1358.33 1432.78 176.317 3948.5 4001.84 7030.04 1192.71 
8402.99 7588.34 8363.39 3873.95 4713.45 7813.24 5380.25 9246.77 2050.38 4888.83 
3792.82 1153.74 8394.11 8139.08 7501.72 3597.23 6130.71 555.178 5191.09 3323.7 
9832.86 3447.65 941.83 2255.33 4805.99 2374.61 2431.64 8754.49 6376.45 9461.69 
9947.2 4779.43 7050.01 8310.57 8653.38 1763.45 6123.79 4033.61 1010.2 8174.18 
8922.44 4803.02 9327.91 7316.53 2942.08 6829.62 913.747 9072.79 7384.8 6104.84 
2396.48 7217.64 9552.49 3338.31 9472.97 4358.46 5712.92 1904.59 3112.93 2089.36 
1366.26 3060.11 6868.78 8416.27 1370.67 5522.14 179.704 7494.46 9555.75 1189.9 
5668.62 8478.17 5992.92 4996.52 5794.69 8935.01 1826.12 6708.43 8007.78 9210.92 
2813.25 404.238 6428.54 2365.72 3742.55 5901.49 6724.18 9455.46 7806.08 9837.11 
1544.8 9172.34 2897.2 8413.59 7588.6 4267.87 3935.71 7768.3 1762.31 3491.45 
8958.2 7430.93 1969.6 4951.11 2427.43 7764.29 3886.1 4253.55 4472.71 1893.86 
3464.45 7285.96 2298.1 9892.99 9651.69 6040.64 5794.47 6375.85 5496.09 3600.53 
6212.94 7040.89 2772.86 9110.14 5454.46 361.441 3377.99 9390.18 8129.74 5140.3 
2881.61 7087.93 2571.21 4851.21 2039.02 4998.64 2615.48 5925.12 9252.19 7088.19 
7818.98 2716.62 4374.14 117.067 2609.6 4025.8 6157.71 8404.07 401.637 1653.79 
2004.58 6614.58 8694.68 4777.44 5724.71 4149.13 5138.88 9102.7 3539.29 3268.61 
4242.98 6420.9 356.524 6814.2 1272.09 2395.55 1812.82 3887.58 8320.67 1065 
975.752 6139.64 3781.62 5349.89 6256.7 6391.21 9375.69 2414.4 4795.26 9777.33 
4068.19 6799.85 6391.89 2762.85 1577.27 2116.58 6911.98 6716.16 1219.26 451.254 
9984.77 5462.24 6872.15 341.273 2276.43 8144.25 2736.82 4089.25 2031.81 1057.47 
5154.24 3007.56 7197.11 8935.86 8357.45 3453.8 5327.06 7733.12 5868.2 122.305 
7510.43 9936.38 6922.15 3902.31 2699.22 8499.42 6018.88 9611.2 5215.56 7238.14 
62.4339 5200.31 2700.37 6934.59 5541.59 4976.8 5078.81 8278.41 9066.05 7110.62 
9335.88 4220.27 118.161 6532.97 3156.12 8475.61 9986.77 8483.17 6208.71 5854.95 
8605.48 3719.12 5791.31 5527.61 7621.43 8490.53 4027.02 3640.3 8101.71 9242.59 
878.425 8164.14 4442.88 3578.8 5098.71 9984.47 8555.59 177.511 8262.86 7621.62 
7288.13 7598.72 1841.88 7406.29 4131.68 4997.99 5881.88 4118.43 3481.15 2090.57 
9973.38 2086.61 5809.7 5764.68 7614.23 3431.11 4255.19 1641.23 7071.41 2356.88 
883.803 7949.83 521.008 5326.69 1528.61 5619.72 5311.14 84.1922 5797.23 3573.98 
7705.82 3085.35 1172.68 9547.69 491.624 5304.36 4545.67 6373.51 9422.79 8026.82 
8464.08 9396.15 113.418 4273.76 5160.81 7727.65 7704.87 9416 9368.88 4776.27 
1772.87 252.667 2726.08 2293.88 5579.35 4254.7 7913.6 890.474 4338.89 3710.81 
4464.45 2044.69 6796.16 5637.14 1592.37 7287.79 941.485 6138.04 3661.28 364.26 
4164.84 2125.34 9760.41 4278.26 6399.1 4921.21 2005.89 4103.96 4337.2 1374.75 
8880.23 6110.07 1627.42 1606.29 8403.94 7206.77 5860.99 6317.52 8097.25 199.865 
28.3206 2561.68 2244.55 6824.48 8198.82 3836.92 4112.25 9140.31 9974.95 7773.53 
9504.57 4139.78 9898.87 9264.96 8418.04 6297.95 4186.16 423.907 401.896 8523.36 
1798.66 9282.12 4633.41 3426.08 888.398 3037.33 632.834 6749.39 9354.86 8730.08 
6949.25 9383.18 1291.75 9193.81 6207.64 9490.57 3030.71 319.877 8630.86 3005.65 
8093.4 8135.41 7145.42 7992.25 7400.36 5563.44 4290.19 1586.5 5987.35 4692.09 
109.844 7786.01 3974.19 4743.25 1212.07 4862.59 7780.58 1844.9 1611.96 7135.42 
574.968 8561.21 6518.58 1866.72 7755 2726.21 1357.27 785.697 3046.08 9988.13 
3791.34 1139.47 8123.53 936.752 9131.72 5523.87 6500.19 3421.9 7110.37 2487.53 
8113.98 7220.22 273.521 2088.16 1963.45 1485.59 6950.75 9744.04 3330.5 8562.71 
6879.44 3905.46 7123.91 3398 5772.18 4878.89 6124.21 7129.45 5664.59 9170.29 
7117.56 9455.94 309.743 5241.07 392.671 9441.47 764.925 6892.87 2863.35 7875.3 
9380.39 977.316 5095.5 9653.92 3065.48 7058.95 1139.49 16.2071 6802.97 4469.99 
8578.92 3682.39 8375.45 5702.81 7080.39 4147.61 581.684 3204.59 1277.04 6246.28 
2374.86 8394.61 5702.2 2684.6 3635.66 6094.87 2126.05 4400.59 2987.72 4989.4 
2275.87 2368.09 5966.72 7371.37 2021.99 9032.19 4430.3 3161.48 9048.4 1233.25 
7631.47 7627.3 4915.65 6006.9 3330.09 1996.02 154.498 3911.77 5200.61 1431.54 
158.032 7575.47 9826.15 5860.23 260.055 3461.79 1955.08 2386.11 7862.38 4942.79 
7375.51 138.232 7310.89 3342.21 7509.6 9332.88 2374.39 1939.88 2494.34 1422.77 
3173.14 125.793 9050.07 8088.78 6132.69 2380.14 84.7891 6287.19 6291.92 5285.4 
7718.73 6449.95 2860.85 7544.87 2310.16 3120.9 1006.64 4265.24 5507.01 8869.03 
9208.03 2882.51 9007.26 6518.9 6224.72 6516.84 5851.76 8599.1 8456.72 8346.1 
21.8579 1629.85 8471.89 9071.93 9718.63 4604.57 1452.06 9803.42 891.743 7743.97 
5088.8 8610.48 4193.9 7949.65 6155.33 6504.06 1070.54 7161.97 769.283 6577.55 
6030.98 9977.31 9460.06 5038.22 6496.19 5684.75 1555.05 2347.93 4283.84 11.7542 
694.009 4305.7 1641.6 9165.9 3377.61 1360.21 3770.45 4829.67 1163.61 4662.19 
2573.62 6252.41 3272.65 6767.53 4202.04 9427.98 3271.58 5272.58 6589.94 4040.86 
1850.11 2620.9 4018.15 1310.15 7659.12 514.326 6994.91 9214.17 2862.26 1278.73 
9225.92 3556.26 5584.43 867.507 2722.15 8962.04 2227.72 6492.6 3791.69 3391.33 
1154.77 6365.32 9643.75 4427.42 3132.83 3845.77 3855.39 6404.4 9118.35 445.305 
445.244 968.451 3066.21 4463.4 2278.6 725.312 4977.72 9273.51 9939.48 7839.98 
552.224 9165.39 1396.23 6136.65 32.8802 4118.37 5098.68 2260.6 610.951 8890.37 
5651.93 1765.72 5255.67 5295.66 6193.14 8388.5 9141.43 48.5122 4792.89 8259.77 
493.817 5238.13 9228.22 3560.02 9701.53 1506.81 4285.33 4679.24 780.298 4224.8 
2519.2 1332.52 3390.17 3915.42 7469.18 3423.05 8033.8 2567.84 5683.65 8644.75 
1458.2 1335.57 410.452 6713.87 6631.23 6603.6 5102.36 5772.64 6652.11 9895.24 
4032.4 7145.92 5133.36 3260.6 705.93 4834.87 4767.41 4991.26 9514.11 5547.7 
9216.06 2033.29 6880.23 2606.22 5948.71 4349.39 6029.27 3982.49 6917.23 1712.91 
2627.22 8375.43 3048.47 3037.67 5089.28 9679.7 9641.27 191.624 5452.33 6293.36 
86.8516 9484.73 3439.27 5220.21 2745.31 4145.2 55.0644 7512.72 9136.46 9569.17 
3060.4 8352.51 1602.44 9940.63 958.71 7551.15 4290 6987.98 1533.63 1207.21 
8700.89 4160.85 9582.64 1749.35 7198.53 4671.91 1429.03 6839.78 4863.53 6881.36 
3133.12 4950.38 6366.07 6572.39 170.576 9111.38 717.575 225.64 6624.08 9854.04 
9794.81 9684.49 8206.53 1397.24 9625.1 9165.24 8948.39 3915.09 6153.2 482.003 
5122.3 4854.08 4642.86 4704.92 6603.42 1841.37 9376.83 8032.46 8681.15 4240.34 
4913.8 1814.25 9190.72 1279.86 8386.65 9361.3 391.226 9104.22 9586.94 7015.31 
8958.24 9381.73 6699.78 7164.75 778.954 6324.86 6329.98 9727.34 239.932 2483.16 
209.331 5362.23 7337.24 4852.19 67.1349 3940.65 6693.55 9443.96 1973.08 5374.68 
3684.29 6886.89 7188.94 2874.99 8166.75 5575.57 2236.28 8557.97 4679.77 1823.2 
5573.26 3638 1204.92 2273.03 802.737 1983.87 8597.89 7132.71 1711.2 8837.82 
9615.88 1920.53 4200.04 6953.1 6772.72 4267.17 893.724 3466.25 3711.12 2866.81 
8840.94 7395.41 9753.7 6029.86 270.382 7920.43 1605.41 2506.66 6478.38 6285.18 
4329.86 2051.63 9923.18 5534.78 4324.66 725.905 7518.65 2922.53 7858.62 9229.85 
1760.34 7474.47 1150.36 5960.38 4427.55 7923.08 227.531 5321.28 1389.32 3938.65 
8188.08 230.238 1334.04 7941.76 6260.1 1604.42 5862.17 7865.51 4111.08 2340.54 
4150.67 8440.94 4392.17 4073.84 3975.7 8716.83 4799.75 1494.33 1639.35 2658.35 
724.16 3399.69 132.803 1874.52 9360.06 4560.36 9797.6 9587.59 9881.63 1186.9 
3526.22 8069.7 1417.14 4860.26 6011.45 7677.24 6464.68 1873.61 5542.73 575.742 
4214.15 9693.4 9016.68 8606.32 3767.23 2992.36 7323.13 8566.97 4486.69 8962.48 
1225.3 5210.85 2362.15 1358.1 7085.37 1722.19 5918.46 6882.96 1309.77 5800.08 
8069.86 4835.99 3869.76 9487 9696.25 9881.21 7164.23 6160.92 1754.8 2706.94 
6736.66 5968.94 2400.32 5753.32 4575.25 6167.55 8745.68 1898.36 4734.5 3232.35 
860.828 5959.8 8443.2 3222.98 7317.91 5528.56 4945.17 3236.35 2411.5 6254.94 
9036.43 481.344 1090.92 2906.17 9968.35 787.156 2787.37 7132.56 6948.08 4542.16 
9839.49 3684.72 511.092 2239.8 9438.04 5086.34 8407.34 8183.71 6984.7 3141.83 
1416.04 7845.53 9101.63 9859.25 1068.49 6419.52 5387.79 6013.66 9655.87 7799.29 
2268.59 8692.29 8280.63 3359.5 1598.44 8248.96 4146.66 4385.81 5381.5 1094.72 
8927.97 5220.97 4779.44 9439.06 7460.77 4217.46 4525.39 5868.09 2401.15 1510.07 
9009.92 3817.19 9355.6 8111.53 3676.42 424.079 4531.04 9064.21 6437.74 4186.89 
6863.48 8706.33 2879.16 5144.09 2065.82 4477.61 3393.03 6212.48 8863.42 8774.53 
7307.2 7791.37 3995.49 2086.62 7230.42 1456.24 6304.08 1755.78 7324.33 8705.23 
3265.86 6334.23 2522.4 2621.44 4445.75 6198.82 3045.52 8976.78 5263.01 9483.26 
3163.66 2126.47 8189.57 6042.83 7270.56 255.373 520.415 663.569 6467.85 9383.83 
9438.1 3775.03 7175.18 3433.57 5861.65 4405.58 4889.8 2165.71 6161.37 2214.11 
870.916 9427.22 8548.35 3393.31 2048.65 2994.08 9592.13 5094.17 1970.84 4855.12 
4577.42 5134.51 6981.59 2766.97 1177.31 4252.13 3022.35 1697.73 4915.7 9490.2 
1081.54 4353.78 3265.21 8256.73 7787.35 9126.86 2662.29 2677.13 1292.55 8823.66 
4891.25 2163.46 8250.86 3439.58 5556.78 299.494 6433.65 5148.9 5393.67 8404.5 
4.00401 9971.08 3538.99 6985.6 2738.04 4716.3 1237.71 5760.39 6414.03 6153.41 
5250.57 7495.57 507.173 8515.78 5752.28 8294.52 7642.62 8414.57 971.636 8935.17 
7238.21 5862.88 1098.62 5489.05 9302.46 6655.4 5788.55 5736.1 1804.28 1182.2 
4140.58 1808.28 1153.26 7679.56 8793.88 3891.3 2395.84 31.5686 9651.69 8809.87 
6184.98 4902.24 6305.43 6692.15 3418 2057.69 4986.65 1060.61 472.241 5958.29 
9995.78 7710.45 1821.16 1094.38 3199.49 1123.6 7749.78 8988.03 6859.7 9554.05 
170.212 1000.26 1362.32 1323.47 8679.82 156.177 5214.77 1075.65 187.746 4866.44 
9885.52 6372.72 9768.68 6190.93 3064.86 3186.67 8248.62 8051.51 4247.28 8720.86 
4009.78 4243.04 6431.29 5830.94 5337.43 9630.78 6954.54 3087.19 8618.8 3814.22 
2641.23 8789.01 4814.48 4003.54 112.464 3494.28 4159.72 5327.24 4569.93 4347.47 
193.664 4455.43 720.174 9962.35 646.341 3785.03 3149 8894.96 1836.52 7396.28 
7615.8 5846.3 1639.31 4047.08 1677.22 6976.74 3677.84 8631.76 63.9079 2296.62 
2445.96 2705.13 1085.61 7260.44 6708.68 1198.07 754.699 868.382 6525.31 5324.62 
5215.85 6718.97 9780.05 5936.02 6681.31 426.377 9721.05 9830.31 9321.33 1557.56 
7226.57 6937.12 7403.86 8865.89 984.178 9081.08 5842.6 4662.02 7712.83 5906.51 
6958.63 158.773 8611.65 8044.24 7419.21 5320.31 9242.32 8173.91 6188.69 5767.61 
3498.52 1404.52 2486.57 3278.55 7340.55 9167.87 3704.93 7061.58 8998.16 3026.25 
8619.14 6224.72 9963.37 6022.99 5090.59 947.527 5104.05 933.178 5609.54 2816.87 
6839.69 2568.16 2975.64 5451.32 612.386 394.833 771.611 9854.7 8568.74 6960.3 
5622.3 2067.24 8364.82 8108.86 5345.8 5705.35 7276.72 9050.73 2766.92 6274.87 
2076.96 1386.04 2499.57 2040.31 7409.03 7590.16 2987.83 2513.07 8523.34 8597.38 
5329.93 5363.01 1165.52 8305.57 814.316 1777.91 8700.41 1585.93 1632.59 7269.13 
8546.23 7254.89 9336.37 6911.04 5363.74 4682.15 2616.37 2640.44 3732.86 5383.29 
8915.31 5809.82 6769.33 1414.86 7850.12 4178.35 9005.02 837.939 6691.41 7528.34 
9435.32 2021.33 2891.34 600.818 326.884 3705.66 2378.72 9027.29 5291.58 4011.32 
6296.4 3837.79 1266.19 5632.76 748.813 6629.92 314.893 3365.18 9270.36 4047.75 
8748.47 8185.65 9857.57 5517.79 9600.52 7707.68 9696.14 8605.52 8545.61 6387.53 
6133.85 7980.91 8408.86 9025.19 8581.73 8735.74 2730.83 960.438 7763.02 8022.41 
4971.75 4059.4 1860.19 6237.94 9692.16 2609 2867.85 7.03786 5974.18 2138.2 
4054.79 4722.64 323.834 3912.34 240.414 9924.35 1620 9936.55 8529.85 165.6 
6324.07 4663.69 8146.51 4732.91 3688.86 6728.23 3468.64 6419.68 7688.67 1231.64 
4442.08 2660.4 5291.04 6302.26 8898.34 4983.18 8911.26 1766.18 4990.22 4885.43 
3904.37 9045.01 9608.07 4228.21 2957.34 9848.48 4152.54 4577.34 9785.02 2682.38 
4742.94 6109.07 7346.07 2889.44 841.958 1034.91 9617.67 4310.59 7454.59 7306.31 
5542.23 1896.65 9966.72 833.252 8198.91 8865.04 5816.44 7110.16 631.205 806.639 
1995.57 4535.58 9851.65 1603.62 8763.79 2808.97 1452.08 2916.31 7386.32 1237.09 
5598.69 2129.24 7346.15 2944.74 5018.68 8188.11 3979.65 4636.33 2498.69 1434.22 
1942.62 8040.92 3330.87 1909.32 8874.17 1529.77 774.351 4690.59 8639.92 1405.56 
5497.23 635.473 5941.14 5348.86 2239.09 4704.91 8157.84 3691.18 7621.22 5544.13 
4928.26 3219.9 7673.37 2274.4 6164.64 2692.04 462.488 144.271 7328.36 2961.17 
1578.49 9270.99 1002.07 4909.36 1180.29 9876.24 6439.13 1954.64 4566.81 5079.04 
3360.2 64.0251 5714.51 9301.33 5412.89 7953.6 4006.23 3570.71 1644.76 1627.43 
9114.84 6573.02 4847.33 6788.2 8847.42 1011.95 9480.23 9309.91 1156.22 6808.58 
2271.06 2734.71 6079.55 3273.14 7644.08 7259.84 3149.36 4083.19 9214.48 7716.18 
9162.23 2574.66 7780.2 4876.72 1875.98 3193.07 2830.3 5882.21 6763.78 4475.06 
7509.63 5878.6 1048.07 2356.94 2666.78 9895.48 3368.89 2147 9205.37 4525.11 
8955.58 1476.42 7259.82 5035.11 4749.56 4903.88 2294.93 7898.92 8987.07 1509.39 
5615.08 8149.28 4084.06 3395.27 3025.98 5960.04 6588.34 5856.28 1842.23 3352.11 
331.326 9351.86 9230.71 1379.39 1708.79 1897.48 1274.86 5077.68 4044.47 480.215 
9602.79 3000.03 1956.63 6862.59 8035.14 6706.19 1766.45 330.053 4605.09 753.507 
1839.45 220.157 8902.79 5923.5 3615.43 1928.75 1883.52 203.754 7785.03 3725.75 
3555.86 8116.35 3077.59 2786.55 9495.75 4786.38 4684.03 770.588 9864.06 8728.5 
1250.8 9466.83 1728.52 3207.44 6329.4 9763.66 9913.62 8095.85 93.6977 4518.7 
8849.36 1933.14 4738.86 7752.13 7856.65 8354.29 9680.88 9740.17 8558.04 7465.89 
3465.9 2113.88 5582.22 6543.49 4900.44 5077.95 1329.85 9584.47 5848.54 1193.89 
8312.95 7099.34 660.701 41.4554 306.764 6990.1 9805.12 220.372 5085.94 9898.81 
4739.07 3935.28 1831.94 9477.93 1687.39 9688.59 7832.2 1368.25 9428.74 6390.22 
8834.14 2894.62 8504.1 4416.35 9438.12 3404.52 9494.3 767.952 2988.97 5342.83 
1961.84 1301.91 2442.15 2622.55 1343.36 2748.92 9612.65 1148.46 2969.29 4698.57 
1047.26 7708.36 8633.85 2879.2 7186.28 321.227 2567.77 5018.46 1689.48 1996.5 
1408.66 523.603 4891.12 9912.77 4939.95 4329.22 3317.27 4434.24 5097.17 6306.25 
9777.06 7059.02 7608.16 2219.2 9681.56 8951.52 4968.12 9294.19 99.9659 7937.41 
3992.74 1147.23 5645.75 2626.58 4026.43 2832.01 2947.8 6594.2 7850.47 4637.28 
8590.7 9259.13 5160.89 3481.81 9171.89 100.821 7811.03 2489.14 4535.06 2908.18 
8795.39 4312.1 9967.2 6403.53 6531.3 9648.74 5355.03 1499.4 8942.92 5455 
9436.8 2935.64 6602.23 5082.54 5562.22 628.638 7914.55 8510.02 7222.84 5765.01 
3147.29 5813.53 5024.12 8308.17 9295.33 4195.99 8408.99 7106.34 6685.14 2944.03 
14.5066 5480.51 7256.13 9981.7 1884.02 3787.41 9630.43 7239.06 5286.81 8573.32 
2694.04 4723.6 1508.95 9296.26 9806.14 7071.16 9924.9 7720.67 5581.17 7147.73 
3485.66 8728.45 2961.24 8509.79 7036.61 2256.55 2705.76 5445.58 9362.9 9390.9 
8389.62 9377.4 4871.39 5645.73 9359.09 6755.42 9433.14 8989.5 3994.45 4719.94 
7562.81 6688.49 9443.54 9071.75 5984.74 9249.66 6142.9 5909.62 6970.32 1724.05 
3057.33 455.961 452.487 6018.57 8965.75 7489.1 8275.12 1671.49 2934.66 7638 
1062.38 1324.26 7015.39 5933.77 6969.99 6374.46 2689.17 6403.12 5363.95 6683.62 
1123.04 2926.74 3372.09 566.564 1998.48 9356.83 9816.22 8141.38 5266.44 6786.52 
9865.43 8323.77 7242.48 317.901 4342.32 6208.22 7807 2617.42 7879.71 741.641 
255.412 8942.09 2065.9 7270.8 4875.84 9035.89 3645.25 7565 5439 9009.2 
4248.61 6562.04 1935.92 7620.7 7128.6 3934.39 6977.51 6944.81 2075.76 2243.93 
3731.32 1941.17 567.682 973.785 2259.07 4910 7182 66.0492 7527.43 5061.69 
807.69 7782.84 4003.76 2873.59 5053.62 8879.6 1909.47 8698.87 6444.58 7348.47 
7708.05 693.173 3910.49 9643.97 8313.87 1039.07 3578.35 5291.37 7983.89 5654.11 
7535.3 1715.19 7595.27 8102.99 2688.97 9854.35 3012.97 9870.97 9920.39 540.379 
4932.65 728.068 8323.22 8936.41 3601.66 3376.82 7815.99 5511.13 2075.68 4260.56 
2859.58 9783.73 4953.73 6770.07 9427.69 3267.59 7809.14 3006.02 8558.96 5793.01 
8660.13 6094.25 7508.2 6255.39 4197.21 197.15 6109.71 7210.18 68.104 6030.09 
7750.56 5000.75 6758.16 6073.76 3937.14 359.803 9450.59 1753.12 5870.93 1526.25 
6013.68 8730.51 1309.96 967.394 5500.56 737.637 4234.98 3309.68 3743.66 2793.93 
9102.69 2403.77 8888.17 6610.87 8659.16 3085.37 6808.02 4768.85 295.537 6876.13 
798.929 8046.1 1876.86 7557.09 4119.85 5814.01 7916.89 3570.41 7567.13 3787.81 
5096.66 3580.79 2518.3 6406.63 4548.18 8018.86 7144.26 8783.17 1328.53 887.906 
1577.07 431.207 3291.68 465.227 7042.08 1950.82 3550.6 3850.09 6719.67 3846.13 
726.197 7518.6 1892.22 2603.06 5075.67 6012.06 8417.07 2992.55 9582.48 5984.18 
6780.35 4679.12 9564.96 9298.66 1085.73 4113.13 7317.5 8230 2896.28 8646.03 
9117.9 4473.35 9077.24 2409.56 4938.58 6119.3 4360.38 8489.18 9969.39 1080.03 
2335.29 695.568 8598.63 4227.51 3298.63 3674.28 239.553 1715.68 6666.83 9822.03 
7699.85 3447.16 4501.13 7264.8 2745.8 5586.87 1377.91 63.2882 3816.84 4274.19 
8709.32 2934.73 8747.55 7786.54 5344.29 3686.11 3905.82 9704.66 2175.27 3875.19 
784.675 4510.56 4570.76 9383.3 8738.07 7869.39 3057.57 8977.62 9585.07 9724.39 
8799.63 7284.9 3171.54 3300.75 4549.68 5917.34 8887.62 5927.6 5980.63 2704.45 
201.774 4689.93 5639.17 8949.32 2476.46 983.447 2635.41 6382.28 688.094 4810.68 
257.457 1472.77 9321.24 4828.22 856.054 8059.29 2697.59 3913.62 7036.9 2282.64 
3638 5836.51 9567.54 6809.54 9137.26 4117.21 2726.86 8024.86 44.7896 8707.49 
729.292 246.564 3397.41 6368.47 9195.88 5873.87 7351.91 1831.28 2256.13 8040.01 
6641.96 2513.59 9512.78 5963.19 7341.81 368.813 4022.46 39.3808 4282.43 1059.34 
2322.02 7920.43 6895.85 1889.54 4729.95 6033.1 6006.75 7456.81 4057.95 6051.54 
6164.28 4787.24 6298.11 9561.69 1155.69 5493.97 5435.54 8507.6 7325.25 7691.67 
6547.59 3967.2 205.244 6060.35 9930.38 7547.05 6429.16 3952.83 7586.43 711.576 
5012.17 9908.45 8632 1908.01 1797.98 3361.93 7941.11 7804.73 818.723 1999.04 
3856.26 6983.01 6786.27 154.349 6544.68 7941.96 5648.32 1980.21 6449.54 2973.56 
9671.88 2997.12 6940.76 9877.13 9057.46 6871.13 7424.16 5486.61 823.939 5010.58 
6198.18 5836.11 4919.01 4830.17 7744.12 6716.99 8192.1 5685.21 4521.71 9010.83 
7684.24 8377.97 5993.82 4470.5 8532.32 2538.48 2412.45 4180.62 4518.7 8861.99 
7154.18 4190.56 1859.09 4094.93 4067.68 916.535 966.035 1491.82 6403.14 1789.97 
6502.4 2601.31 7626.08 1421.4 7431.48 5370.18 8138.39 5623.57 1055.37 2660.08 
4634.38 8739.62 1038.03 628.178 3210.1 9570.35 3166.66 5622.55 3750.95 7685.36 
4484.52 905.12 1875.9 6343.61 5000.04 5943.58 7260.14 5966.08 7435.4 3663.27 
7756.05 3937.78 6264.58 5382.12 5359.18 3696.05 752.289 3497.55 9319.62 1807.66 
6157.63 3953.98 547.265 7195.66 4582.16 3757.37 6765.99 7748.82 9379.92 516.931 
5434.16 3864.42 1422.05 7310.06 208.01 6422.1 3253.62 7468.15 2388.16 689.008 
1131.41 144.196 4626.79 7395.99 5526.32 9985.97 1092.02 6278.61 3483.5 411.616 
8086.27 9641.14 4365.59 8633.54 6836.78 8947.75 2390.89 3602.76 6696.55 1770.78 
4119.69 2130.69 5635.2 5541.74 9440.75 5843.21 1963.82 2694.36 3311.35 4351.98 
3383.36 4442.76 4496.17 8010.16 1838.73 22.4747 7996.11 2930.75 6301.08 1479.6 
3342.36 4387.33 1120.72 7707.96 3020.85 7957.5 6655.69 5411.74 1560.24 3352.22 
7182.52 5679.93 5482.91 2817.71 1221.65 4923.64 8660.92 3185.47 7618 1972.25 
7537.45 1001.34 6415.01 2033.61 9011.5 8253.74 2056.08 7007.59 1184.47 8357.17 
8487.19 4526.83 2744.48 9607.9 2234.77 5765.34 7565.39 8890.46 1177.06 9125.63 
2242.66 8359.58 4805.54 7725.56 1177.28 6027.19 2649.18 9838.2 9212.67 267.16 
1810.43 6750.1 1268.5 8225.44 8783.71 279.982 6479.17 839.779 7287.57 7663.64 
9196.94 5774.74 2190.45 1941.41 5382.63 4425.22 7706.75 2948 3315.66 8883.81 
2073.61 5558.31 7243.37 6879.15 3283.86 8420.65 2906.33 5933.04 8258.83 2118.98 
6200.2 69.2442 8869.08 7468.7 8294.69 7652.78 7748.68 4773.84 8492.55 5036.24 
2437.46 7689.48 810.965 4627.91 9630.89 6193.59 9053.13 7337.62 9141.59 2368.77 
6221.41 1215.18 7927.09 3464.76 8094.33 1210.93 1885.39 1000.64 7143.97 144.205 
3119.62 3344.15 213.449 1988.68 812.835 8508.14 9641.46 8561.52 3281.96 8134 
3597.74 5719.42 5823.46 4408.71 347.315 5454.34 602.284 9400.45 2791.94 9743.88 
1769.2 9013.35 959.043 9696.29 2478.1 9053.37 907.199 4363.49 53.9968 8051.17 
4507.7 3173.61 1395.3 4721.15 5162.3 2208.13 3229.27 4803.74 769.636 6511.23 
2937.72 4367.38 2230.63 8761.18 8776.08 2577.95 4215.5 9378.37 1978.38 7007.44 
9122.23 3747.58 6020.77 81.2551 3443.85 8498.87 9134.63 4351.05 2862.34 9188.63 
2402.2 7370.04 2362.22 3797.5 2091.17 7524.52 6005.63 5320.43 2328.24 6775.27 
1831.64 5265.96 1142.63 4062.28 4027.12 9918.71 6640.22 8242.62 9297.06 8618.6 
5250.04 8419.28 2366.16 1270.79 8500.53 5810.01 9769.66 7635.14 161.039 2631.99 
6823.75 2563.24 2.00702 9185.98 6360.73 2093.17 6710.48 2366.34 7413.61 9038.72 
9141.61 9245.25 4304.66 284.22 3307.51 8331.78 202.915 9947.74 6574.38 9499.98 
8566.32 1824.4 7919.24 932.46 3095.2 6419.75 6742.47 2864.84 4054.88 6903.51 
5496.82 878.614 9466.74 5498.83 64.5725 5827.46 7592.01 6775.05 8193.8 5005.6 
5813.75 7335.39 4250.83 118.393 7619.61 7558.34 8450.17 7822.53 7506.06 5024.54 
7322.49 6072.36 6848.94 5241.71 7004.82 9944.13 1661.44 3747.28 2808.96 5716.32 
650.765 8305.78 6594.94 117.491 3804.59 6659.51 5944.95 1396.58 3434.54 4138.73 
6402.18 9248.29 1474.11 652.995 9366.69 9093.72 8211.34 7816.84 6916.23 5717.39 
2841.36 4238.7 1789.73 9690.3 9480.41 8794.56 9634.42 1141.84 2541.82 2443.35 
6858.16 3192.58 749.116 3453.08 3310.07 4553.71 112.571 9255.02 5950.29 3547.11 
3393.73 2352.46 2795.39 4867.84 3005.45 2162.06 3961.54 1216.77 9978.91 877.746 
6934.16 2820.25 5116.44 8723.89 2510.53 4596.84 7518.43 2144.93 5738.67 60.2296 
4588.28 2596.81 3252.81 5337.4 6049.89 6562.88 9891.11 6162.46 5817.88 5841.38 
9709.58 9211.61 8193.84 2504.95 4079.43 1199.27 4667.02 8040.97 2416.04 4645.9 
8918.72 9350.2 7466.15 4035.14 8074.08 9976.68 8631.98 5592.49 2121.6 4370.63 
5652.72 6709.88 6967.45 8905.53 2047.26 3017.32 5468.39 1938.35 9179.78 1286.26 
7779.73 8889.34 497.856 5973.55 1394.28 4577.29 7172.82 6061.29 2618.24 9588.87 
707.18 1536.94 8939.05 8173.33 5572.09 7013.11 8150 4204.05 2605.58 271.58 
8574.68 8258.3 6981.46 5542.11 7163.81 9028.71 8559.43 2632.19 967.045 7739.2 
3918.45 8746.78 6628.52 4416.3 4720.31 8022.8 8993.59 1893.12 4084.08 1611.82 
1481.96 4791.26 3148.76 420.995 2964.58 8720.84 7434.1 1114.56 2924.87 39.6647 
1386.14 1499.54 8297.96 8367.6 7041.65 5461.76 7396.29 5601.06 8093.94 8363.34 
3340.24 2012.37 7110.1 9968.77 6428.67 1830.39 7991.55 5422.25 3723.51 2075.61 
7034.07 5205.47 6866.87 182.809 5626.47 9831.45 8903.65 3060.55 945.988 1828.51 
3100.22 2332.13 3328.05 1398.16 699.707 369.682 6859.92 8096 5970.75 4953.84 
6459.32 9310.99 6966.21 3569.4 9279.74 3394.87 5399.8 7271.27 8817.12 9123.3 
9346.88 5851.17 4328.75 6213.74 6033.98 9955.22 6045.17 4937.62 3015.75 6991.15 
6766.12 6115.97 9323.28 94.1577 7514.13 22.9718 463.839 4374.03 8118.97 6434.58 
9327.87 4578.28 5745.56 6294.07 8147.68 5025.28 9688.94 3547.46 2296.53 8506.04 
2670.75 1643.4 4357.2 6999.5 7857.13 391.161 6954.71 3902.28 5328.78 9970.46 
893.418 2094.88 6086.41 216.682 2189.04 3600.52 239.654 2652.88 7974.55 8358.63 
9087.47 7302.4 2936.89 4833 3596.46 1084.56 9858.28 3285.38 4632.02 2154.79 
1791.41 7302.77 3798.19 6148.6 4302.26 1655.31 6539.76 1256.95 5557.59 1868.52 
1227.39 6451.01 3963.41 7313.8 6667.69 6152.45 914.302 6907.34 8805.33 8888.85 
5265.95 7892.78 6191.24 8202.84 2725.77 9787.7 9287.4 2584.03 3073.06 3919.4 
4738.83 4864.46 1222.16 8537.02 1013.05 5524.41 192.309 7552.82 6781.36 5749.9 
9421.34 8008.75 2200.89 3384.73 5322.53 8868.57 9537.18 6236.83 5775.9 8342.5 
5125.67 1041.83 6235.26 1316.89 9244.67 8961.03 1104.57 8532.06 1545.05 4177.63 
2451.44 6283.87 9042.09 3673.6 4820.88 55.128 9198.02 5013.18 7607.94 5979.36 
763.064 7029.27 3988.09 2963.95 413.984 9310.61 1832.51 9951.17 5547.43 7608.4 
8293.65 673.073 8650.24 4528.89 1989.96 7894.89 3489.9 3094.53 6426.93 5034.95 
7272.16 8878.38 1318.8 6314.24 2551.96 6139.68 6369.36 1749.96 1152.85 3977.29 
7729.32 1915.91 1006.54 1717.39 4879.86 1420.53 1027.99 6712.36 1371.68 6575.41 
4320.75 9665.32 7248.49 2970.97 4194.19 9238.45 865.844 7684.1 2332.96 7292.78 
2719.03 9605.12 6171.14 4037.83 5919.34 8723.1 177.491 2288.69 473.045 1330.34 
6265.98 8202.37 3246.25 7272.52 9919.75 8126.11 8693.05 947.724 4838.45 64.705 
7523.14 9159.2 9730.03 4771.6 2130.16 3924.2 4010.04 2996 1608.28 6343 
288.759 4327.31 5948.1 6459.9 8365.14 1867.42 5182.98 8542.63 4156.11 5656.03 
9872.96 422.069 3858.37 3119.2 7694.59 3778.11 1245.28 6387.62 4725.84 6083.74 
6452.32 2248.96 5242.92 6182.33 7020.56 7373.08 106.519 1030.58 369.062 1714.8 
7373.57 657.821 6042.11 3321.66 7117.72 4407.23 5189.08 2300.68 2949.84 9345.19 
7956.71 2822.79 9767.26 1815.06 5941.98 7461.83 5593.18 7187.27 3849.44 318.995 
3270.99 301.742 2567.95 8513.91 6484.08 9588.51 5886.97 6590.59 619.07 6256.03 
8305.39 7992.64 6913.85 4347.48 1314.29 4031.56 8754.71 6503.37 6332.24 1704.53 
5848.54 4288.93 4527.32 5615.79 6103.99 469.284 3077.6 1697.15 7656.55 6927.04 
2016.14 927.519 7228.78 4584.09 9441.43 3712.84 4172.59 5328.39 303.415 4791.66 
1584.4 8608.81 2784.28 8498.26 2956.28 4098.57 2529.8 1710.97 601.921 8862.03 
3415.5 6450.46 3150.94 7942.82 2066.23 9254.93 8412.11 5143.83 952.068 6068.64 
2070.85 2968.21 6996.16 9299.63 7552.31 6437.57 3012.45 1724.88 1765.94 3315.87 
6516.53 3350.34 1924.66 9300.82 1848.58 4880.94 3399.37 4378.38 6591.91 4001.29 
3240.4 7.39452 451.737 6391.34 7950.22 2517.97 5646.26 6362.31 7661.8 6598.32 
2430.93 9732.66 9566.54 9427.09 9032.27 7118.83 5864.65 2044.71 8843.7 7630.59 
5360.58 5360.22 980.916 7285.24 4661.02 2829.5 2166.16 8060.39 7207.88 8758.07 
2061.66 448.258 8765.46 2513.4 6839.6 6715.66 5031.37 2485.84 3077.95 2693.16 
9084.16 5508.88 2425.79 8650.68 4935.96 1458.05 5769.49 800.592 3502.76 4613.18 
8431.18 8863.34 9973.4 9412.1 6148.56 4634.4 2241.58 8314.71 2694.77 9449.46 
7072.76 4756.44 9897.72 5838.21 7269.84 6737.3 2553.85 2301.19 9223.13 5631.8 
4994.35 8307.28 1140.67 7420.14 6957.94 6076.63 8878.19 2727.41 6877.22 2380.93 
7340.59 5308.38 1244.25 7313.96 4720.46 7392.81 1948.35 6962.04 5707.51 4643.12 
6411.49 2780.25 9399.55 6309.19 8618.46 6669.38 3046.46 1172.29 8970.57 2269.58 
6804.09 3964.9 576.839 7944.76 1385.02 7534.78 4021.37 263.193 262.173 898.575 
2644.13 7602.76 6206.96 3888.38 4916.71 927.406 1281.17 6865.05 7889.45 6988.68 
1508.15 4300.92 9768.93 907.692 610.088 8387.38 7577.07 3656.55 9559.67 6547.62 
5926.13 6363.74 512.497 6502.97 4308.49 1897.52 4037.73 8329.86 2160.71 4299.91 
9228.43 4804.84 1902.65 5435.37 8693.21 6819.36 6362.78 9974.39 3684.39 4252.21 
6963.05 5192.55 8553.13 6731.97 6100.24 9163.22 5119.32 3677.29 2819.76 4678.98 
