1100 10
3053.75 6229.77 177.06 8272.09 834.514 6734.94 4823.62 3326.14 1749.56 5126.05 
9257.7 1558.67 5118.06 356.899 5283.67 2356.27 9320.52 9400.25 8343.94 169.569 
3516.11 7206.7 7825.47 5341.41 5845.2 6753.16 4006.84 7299.46 8766.94 5010.06 
7810.58 1820.67 1239.8 7987.64 92.7408 2074.32 4722.56 4916.37 5400.46 6472.12 
42.399 4658.14 8030.8 5160.46 5015.04 3314.45 7516.73 4335.55 2714.68 5860.66 
4505.12 6230.79 3067.33 2330.57 1572.18 8912.54 9083.73 5579.02 6211.98 7850.65 
589.06 4022.54 9671.32 1828.86 2010.17 9764.06 3903.18 6732.73 4680.41 9303.64 
3204.84 4722.81 3961.76 1235.62 9883.27 8976.81 4550.07 7399.98 3312.34 7264.75 
3260.62 7817.45 3495.52 6327.95 148.003 5067.69 5240.47 9231.73 646.698 1452.43 
7082.37 1235.76 5474.97 6753.67 3064.62 7485.14 6517.72 6967.81 4217.85 1198.11 
6271.43 7422.69 5920.92 233.175 8658.31 5804.17 9209.98 3208.36 3204.13 2522.3 
473.089 6464.75 339.733 3968.61 2792.69 487.736 9036.3 8033.16 9719.47 9683 
9485.59 6801.82 918.739 4960.55 3555.48 3983.36 2445.67 73.1771 951.15 6663.52 
1271.29 7222.58 4086.19 7192.21 7455.75 2744.48 2996.36 6665.72 5952.84 6200.49 
9188.02 6425.93 2665.23 9527.75 394.514 5457.91 15.4676 9430.81 3491.06 9734.94 
9113.8 2976.63 6536.74 32.5185 7937.18 92.2008 4015.88 382.836 165.378 4967.03 
7046.36 1436.67 2189.59 1132.53 8628.87 9645.34 3877.01 1625.22 6311.04 9829.85 
7825.71 5499.04 6255.76 490.919 5026.78 6650.27 5948.83 5042.24 6081.07 9439.89 
4777.16 5194.85 2416.5 1313.89 5227.37 353.669 1406.09 9243.25 736.505 1571.47 
4210.26 7782.86 3008.13 6399.85 8915.4 1636.99 6045.18 2792.39 3262.2 2356.21 
2622.23 1087.9 7855.25 8877.99 1578.81 2882.01 5528.24 7527.65 7924.25 1609.3 
6967.52 2701.4 6804.15 9384.03 4015.28 2031.5 9737.69 5421.37 1274.73 474.182 
6992.84 5484.99 8257.04 0.952437 1884.83 7172.43 1637.94 7930.01 9964.82 4900.14 
286.197 2587.03 5988.04 8141.45 1465 7566.85 1023.44 6993.24 5094.48 8947.69 
8602.54 2061.99 1649.07 5406.67 1446 5664.35 7438.16 1183.67 1085.71 8712.89 
1657.86 8078.55 4197.87 9914.9 8079.5 6082.69 7087.31 9717.44 4012.69 7052.11 
4617.56 4298.88 9639.14 605.587 2440.31 1104.12 8172.44 3463.75 8097.36 3266.91 
2411.42 6699.88 5328.9 4060.49 2106.53 6774.9 9724.84 9544.69 7958.57 810.537 
8257.57 9616.42 8889.08 2455.42 9531.31 6968.56 8538.11 6618.6 6685.99 2550.78 
3670.69 1303.53 6849.66 3309.82 1909.12 9289.97 4413.94 81.545 2753.71 2511.28 
3348.45 5165.13 9211.16 8677.35 9225.62 1317.67 5452.23 8950.45 862.344 3410.78 
9760.99 9119.91 3027.19 8650.05 1575.31 2558.48 5618.6 113.405 9177.08 2304.57 
2664.18 2847.76 3608.1 9513.85 6157.58 5517.23 8803.8 571.495 5598.77 1557.49 
3082.77 8947.22 6722.62 2293.92 7624.56 5948.23 3611.59 3076.77 4898.67 4473.93 
6487.55 4659.64 3593.82 9514.74 3309.68 5169.14 2073.2 8928.28 5282.54 1250.27 
1232.83 7946.72 4098.03 4840.93 7460.55 255.584 358.143 6264.34 827.079 5956.91 
7821.83 3909.85 4904.12 4544.44 6203.77 2528.66 492.656 9815.36 5605.43 5391.32 
4289.27 2092.97 50.9431 7883.1 1607.69 3360.62 3052.22 3680.9 2288.88 8334.76 
4931.16 3521.71 6281.46 9029.19 8362.64 3742 9284.77 8720.79 6.32102 111.836 
4677.68 7828.15 4021.69 9581.8 2372.58 225.443 2110.45 2865.23 40.7851 7715.88 
8256.56 4330.06 9808.85 8307.5 2213.14 1416.53 1668.1 5265.36 5097.42 3956.98 
3600.09 28.5668 7478.69 9881.56 9057.76 5841.31 3623.54 8342.51 4562.08 3629.86 
8454.35 9239.77 1458 2476.02 8821.55 3830.58 2701.47 931.987 6695.81 2742.25 
8647.87 4952.35 7072.31 8456.7 3259.83 9285.45 9873.23 4927.93 4550.79 4970.63 
8884.91 8150.88 4999.2 6363.58 8032.42 4056.94 2204.87 1655.95 2399.43 6766.96 
5285.81 853.767 6006.71 6743.81 3329.79 4828.24 574.365 6031.25 5760.23 7270.18 
8773.5 4408.08 2222.51 5845.8 2864.77 5482.34 5131.23 2737.98 410.249 9682.01 
7708.61 9295.16 7832.88 2707.79 5658.72 5865.28 6764.73 7863.59 7521.23 9164.17 
4630.53 2807.02 17.9161 637.224 9550.83 3347.7 5465.47 125.174 9378.96 1225.68 
7395.35 8152.45 5633.76 9617.85 3998.22 8498.53 5100.17 9129.45 1236.5 5510.42 
8811.45 8945.11 4805.56 6644.31 1652.88 464.266 2509.57 8417.62 8327.86 30.7828 
7581.77 2958.38 2837.8 7599.68 3595.6 2388.61 947.369 9061.07 2513.78 326.311 
286.733 9909.13 8478.76 5920.5 9526.97 2476.96 4419.01 4627.13 1606.4 5655.51 
137.534 417.827 4600.6 4943.1 7062.13 6253.48 5407.36 9571.7 4671.08 3735.21 
9602.49 2252.83 6693.59 2440.27 9852.51 289.17 4828.88 799.862 9350.24 7342.67 
1126.17 9636.97 7251.78 9604.93 5557.45 6778.73 2081.88 9976.46 1405.85 3688.27 
5631.95 1543.38 4106.1 232.533 6486.48 1168.22 6486.02 1893.83 739.905 1157.08 
5629.03 342.376 3409.91 2322.6 2782.65 3262.4 2611.77 7611.53 4062.26 1961.99 
4954.18 5188.43 1598.95 2205.94 4793.35 7156.4 8984.68 6875.22 7132.85 390.507 
563.48 2764.78 1933.89 4669.58 2997.32 8420.36 5837.8 9483.33 314.171 6577.7 
640.393 5943.2 6920.08 4050.3 8265.81 9702.73 7312.7 877.56 7314.24 1374.95 
2839.55 2268.4 6563.38 4438.5 4474.35 1356.71 1594.89 3459.01 8231.93 8727.74 
3849.52 8795.42 1492.5 5783.4 3464.98 4489.82 4203.75 9302.78 3973.13 4517.92 
5880.47 4613.53 461.107 2800.53 8663.83 8726.91 2503.24 5976.51 9604.47 9817.48 
7351.46 2444.01 2085.87 3914.82 6882.51 6560.22 5271.53 8477.4 19.2101 3503.45 
7205.12 3868.73 2298.85 8697.62 9652.13 5763.83 3187.42 3855.86 5066.59 7160.56 
8373.78 947.035 1774.07 8834.89 3747.56 437.88 7561.79 6250.8 6414.39 7166.24 
6068.27 3765.83 9610.25 8154.14 7680.65 6492.75 4714.34 2952.17 4970.13 4733.55 
6455.62 2175.24 8602.27 8754.47 872.841 8254.39 4518.28 4060.27 2110.23 9584.86 
1220.81 483.997 531.881 2994.88 9318.89 4279.44 3432.76 6880.66 530.231 9847.15 
4046.88 6598.5 3612.96 3657.12 4752.62 1293.6 149.849 9466.95 4245.77 5119.98 
4200.48 701.37 7295.22 2802.74 9455.84 8168.06 1057.11 3974.09 2228.31 3167.34 
3558.94 3449.12 3651.34 4090.82 6443.99 2970.21 8370.26 9876.75 9850.86 8900.5 
9723.88 3897.73 5498.98 3336.82 7554.85 251.576 4630.42 7704.7 9718.53 8876.19 
2824.66 3918.99 9577.56 119.864 6721.73 9033.38 8287.92 7778.84 3007.45 516.217 
946.158 6566.39 3965.33 4597.49 657.196 409.306 7567.7 9027.46 286.035 7418.55 
7927.94 9.89311 1316.26 3426.9 3346.71 8871.1 3678.47 7977.13 6575.78 3396.98 
6853.3 9400.44 7315.98 6430.84 9520.31 4037.69 5464.2 7808.22 1816.51 8471.66 
8324.43 2762.67 5038.03 2289.75 7360.16 5695.23 2699.05 4927.85 4722.67 2985.09 
2346.38 2650.59 2994.98 3662.63 6077.49 6341.7 2533.72 9755.96 4318.81 9109.5 
3152.93 1172.1 8509.93 468.892 7602.94 8030.22 4506.58 3067.13 5838.42 6323.09 
1538.77 4162.84 9085.76 6576.8 6452.58 6445.91 2272.02 9151.64 1373.73 6994.69 
2136.71 3720.11 9645.28 5131.69 7382.74 5722.76 1473.37 9916.47 5478.71 5792.18 
9025.95 8631.64 6964.28 7535.87 9100.53 4567.2 5566.07 3607.1 7634.33 1404.48 
9930.19 9173.1 5567.32 9015.93 5749.88 2019.88 5461.82 8021.9 1171.51 6835.56 
5016.57 3308.22 555.649 4661.84 8439.91 7938.39 384.58 9913.28 7854.84 5863.29 
5705.44 6880.78 4494.91 2669.7 4416.63 3595.42 7236.9 9982.7 7202.52 4871.21 
1387.16 7132.69 4044.29 6954.48 6148.6 9794.17 8974.36 1610.41 7816.05 145.852 
8445.96 2832.61 3454.07 9001.61 7494.44 1893.96 6939.99 7879.03 1807.22 4794.81 
3742.3 7512.65 1675.57 8237.2 182.336 6092.2 1832.61 7419.24 6074.89 9035.13 
2290.43 7462.05 6167.8 6334.72 4416.51 2316.39 6128.88 3390.86 3926.8 3944.91 
3536.71 2372.74 6777.52 6990.78 1374.34 4271.95 8884.74 8314.32 2150.96 691.937 
3109.12 5893.25 8204.59 4784.69 4130.44 8386.93 876.876 5963.05 5806.15 6951.76 
4998.16 8096.58 4413.8 1165.95 4431.28 8830.31 3482.33 560.139 2221.16 7409.13 
4505.05 5757.87 9781.87 1282.56 2748.64 1156.19 5554.5 1633.36 9470.51 7705.46 
2325.3 2579.61 3598.7 529.87 7364.3 7729.14 8916.8 8241.18 3692.17 4722.93 
5192.93 8690.33 2819.49 9606.73 9856.28 7250.77 8437.02 3338.59 7810.91 658.161 
747.703 2315.94 6416.03 529.556 3598.5 9164.67 1685.74 9153 798.009 1156.24 
6858.45 3123.3 3735.85 457.125 3653.17 1100.14 8186.26 2569.96 9341.32 1878.41 
7292.88 4534.23 568.728 112.355 4140.94 424.987 7363.12 2577.94 3763.58 5174.01 
3236.1 4511.28 7489.95 9652.14 5040.84 1088.44 8816.79 6726.58 241.42 9614.8 
7882.82 7099.87 2738.08 1618.66 7556.99 6391.26 2718.8 5743.23 8961.21 2060.1 
7621.65 6254.08 6594.33 8190.38 6366.44 735.255 8615.36 3729.54 3313.2 2378.93 
8903.56 6549.3 6890.21 6393.49 6201.42 1931.03 7481.93 5018.19 8657.61 7723.35 
4632.97 6540.42 4823.2 7371.05 8159.07 2380.17 3762.3 877.854 8123.41 2723.49 
2937.96 5745.04 8977.58 9532.29 3935.4 5344 267.527 2550.74 9073.54 3580.73 
4929.67 7977.08 130.01 1819.86 4370.55 6331.43 3750.89 1852.47 1349.61 2408.49 
9575.81 5982.58 8948.91 4398.99 3353.61 7107.96 6779.16 7115.91 7985.82 4902.55 
9839.41 923.756 647.572 8816.97 456.027 4582.97 4160.95 723.553 7133.71 3234.47 
4304.28 2063.36 1211.53 4434.29 3883.23 5582.08 765.703 7634.12 7434.55 2115.31 
42.59 7010.35 8097.89 8991.5 1409.32 1451.48 6099.44 8188.49 8567.4 4085.24 
3091.02 8406.79 5009 3738.6 7223.73 5465.02 8321.56 1384.66 6188.58 5455.26 
4619.13 492.839 7518.62 5830.66 4927.13 1401.83 1412.73 5692.83 9035.95 8847.28 
7808.14 9078.54 5857.61 5906.01 8070.02 7266.94 7357.5 4169.45 5455.41 5924.87 
8254.69 8546.43 4331.64 3263.67 2285.01 1555.36 8728.69 606.56 2940.03 4917.25 
6061.82 7559.16 5410.09 3580.43 3389.81 337.202 4982.26 4802.54 6030.03 4018.2 
3649.8 3838.16 3096.72 9507.42 9744.17 1166.73 6774.34 7101.65 5336.17 2229.74 
3026.5 3590.84 776.155 7358.15 6854.51 3061.17 8913.51 5583.19 3667.73 1853.52 
500.424 9729.55 9412.68 5910.52 3309.96 2802.46 6247.72 8292.22 7605 2277.73 
2310.4 1254.79 6115.89 5407.12 762.193 5860.04 6573.84 7536.54 2961.67 1910 
9766.27 5988.18 5500.84 542.411 3346.31 2355.34 3603.58 2259.8 7938.53 7271.31 
4113.31 8438.95 7000.84 3525.97 4349.45 310.775 6328.44 597.15 8602.99 3933.42 
2874.88 913.37 5188.21 8990.78 6320.49 5950.4 4850.8 2894.31 3486.92 7812.47 
4804.31 3253.18 3800.63 305.141 3795.59 7146.94 2660.48 7399.17 9406.74 598.99 
4670.46 3520.03 9037.94 1671.28 7046.01 3387.37 1982.05 3374.43 3984.52 585.026 
7307.85 6859.41 1498.4 2496.04 5850.16 7818.88 8446.45 700.95 713.18 1933.35 
8513.42 5517.49 5186.53 2314.04 5822.64 8982.12 9460.98 8483.12 6381.28 8867.7 
9082.11 1051.72 2387.72 8120.03 2722.99 9433.72 1507.38 4705.05 2808.13 5491.9 
5290.07 115.962 2351.29 6788.47 2612 8201.46 4607.33 1058.44 8902.41 5320.51 
2991.79 7415.82 837.989 8178.32 9729.86 6660.62 7160.43 9190.82 5143.72 3541.69 
8058.5 4225.81 4593.41 446.201 2345.82 7316.4 9879.92 3853.21 2021.43 2688.04 
9345.11 7311.5 2804 1696.39 4099.95 5416 9897.85 8707.28 6474.44 8800.24 
4027.78 9466.23 6216.04 4865.76 7644.54 5945.88 1526.37 4804.95 5136.68 6670.09 
8346.64 3195.16 895.887 2940.04 3641.36 3241.71 256.42 3521.27 7094.91 2277.85 
6209.31 6440.01 9589.35 9013.31 8136.39 3689.28 4429.3 8034.22 2396.55 903.721 
6834.44 6424.32 369.935 3050.46 1290.07 8014.47 8996.34 2816.44 2819.41 4133 
9486.54 1166.04 7328.16 382.406 4106.07 969.511 3624.12 4362.49 4490.78 719.012 
6640.34 700.073 7159.02 6229.68 9713.38 5295.4 9918.96 4142.66 3329.6 2315.49 
5046.38 164.032 8739.81 5416.32 3214.5 29.8654 3430.77 2210.82 2846.31 6250.18 
6343.82 2332.83 7416.22 3671.97 2715.23 1522.28 4641.48 6339.35 5884.77 9132.26 
7058.36 2525.1 9832.33 4217.36 8754.77 9545.7 9512.76 8673.72 3688.34 2842.35 
989.188 8734.73 3006.38 9729 4151.03 6220.88 9758.87 7581.8 8431.7 2605.16 
3831.97 4775.5 4937.98 1248.18 8447.47 7653.22 2770.45 3088.93 3992.55 8655.22 
2221.18 1050.89 1180.31 2053.5 5268.26 9935.08 1599.18 4781 8608.78 5287.52 
7623.35 9597.97 4022.24 629.709 9326.95 8173.26 6850.58 9085.8 5755.05 5282.26 
1690.94 9587.02 57.7451 6628.92 835.179 8505.21 4282.12 3605.63 1594.13 8274.67 
2260.84 3815.31 9325.56 3441.15 5868.81 4593.8 3376.21 7467.99 9374.8 1984.97 
2755.49 6998.13 1582.92 6777.73 7627.84 909.853 4950.98 4478.4 9995.65 706.011 
9760.67 1686.57 293.015 9818.41 8315.49 1128.19 8323.61 2597.6 4733.83 9917.74 
872.248 6994.67 3733.03 197.792 435.795 9601.84 4791.59 3812 7069.81 4166.37 
5796.97 9825.3 1164.48 7379.89 6603.01 8792.32 8289.75 1553.97 3270.71 8285.38 
2259.98 3031.36 9971.95 2553 2849.75 8287.43 3681.19 1173.34 885.007 8415.02 
1091.06 1757.26 5409.67 4824.1 1955.05 5845.46 4425.92 6746.64 9657.47 1495.71 
912.994 5454.42 1320.99 2077.48 2834.3 7924 869.781 1124.02 9477.98 4140.49 
9409.4 1737.94 7171.84 9381.34 4290.94 21.578 7668.75 7972.14 1194.92 8553.76 
6387.14 2285.98 310.994 1796.79 7110.08 2266.04 7642.26 1535.98 9012.68 7299.71 
3031.69 9925.67 2754.11 4352.68 2003.13 5588.41 2276.66 2872.91 6712.43 1754.62 
7013.4 6121.82 3492.57 4185.23 5503.14 7783.51 4206.81 3171.88 5755.63 5401.73 
1725.62 2142.76 7687.71 2036.61 3939.55 4797.78 4302.65 1581.79 6333.76 3315.31 
8881.5 9365.44 3240.97 1635.6 3718.1 5244.1 7224.01 5994.76 8117.02 3936.42 
7749.39 5130.4 58.228 1241.94 9315.63 5561.37 9025.45 3522.42 8733.25 4781.06 
8924.15 458.845 6923.82 6611.84 2495.45 863.359 1409.6 6798.1 2445.15 7743.36 
113.401 1326.64 7108.78 3354.37 2962.23 826.868 8598.47 186.224 6821.63 6715.47 
4122.65 4571 1845.85 4180.88 5812.94 1161.47 9742.25 4838.37 4683.89 8475.48 
9619.43 3608.02 8934.32 6543.24 219.849 1429.76 7406.6 1629.45 8227.87 9851.75 
9372.81 8341.27 1178.37 6481.58 1695.62 4140.61 7308.44 294.072 4326.83 4130.06 
7009.54 8449.48 8701.06 8855.39 2630.34 4513.98 16.8431 2372.57 9352.35 4700.73 
848.028 8971.76 8308.75 9782.35 5514.98 8528.6 1212.09 2921.56 158.036 9439.96 
2773.3 9530.85 7781.21 3951.67 6012.41 9476.82 8092.28 3320.83 9770.9 2419.09 
7450.89 6780.42 868.553 6151.94 5635.8 3498.89 665.897 5652.64 5871.46 18.2268 
353.354 6719.49 8989.99 8662.11 6501.82 4504.95 7190.69 7713.92 7426.52 7348.73 
7153.86 199.8 6879.56 4935.05 4151.47 2891.95 4411.85 2243.73 6212.78 4182.73 
4662.82 3663.66 963.135 5531.37 9815.59 6598.93 9030.27 481.473 2251.55 4901.71 
499.699 2604.91 1621.18 9489.69 1267 8123 3994.63 8457.69 5836.9 1421.13 
5806.4 2990.74 1620.93 2685.94 7925.78 5772.4 5577.88 2337.62 8016.13 1790.65 
6520.35 2678.93 5454.3 7483.49 8210.31 5269.88 4082.4 7240.56 5751.35 6333.96 
2142.25 6251.05 8938.86 3763.43 5740.72 205.844 1886.41 9735.35 8663.53 7723.31 
1156.46 4469.91 714.035 2777.38 7155.85 8639.82 8549.78 2733.72 977.422 6565.9 
4524.36 7497.77 9244.83 9978.67 4981.24 7455.12 5248.53 9063.64 4695.66 999.862 
5397.58 6837.91 7250.91 4336.43 601.32 2991.62 4542.27 2487.73 2726.95 3205.79 
211.03 3883.4 7675.7 925.066 6660.79 4831.53 9564.88 5210.55 7565.25 542.289 
1776.43 2089.6 8040.06 1021.24 2068.25 3021.29 8476.36 7316.77 2084.91 3172 
8316.64 7482.5 9.89428 5567.53 1818.91 611.214 8559.15 6361.18 3098.95 1286.07 
9566.97 3309.98 5169.48 7242.65 4235.04 1830.25 2074.16 3799.91 7040.8 9639.41 
4342.2 8817.23 1728.99 2382.25 9838.47 3797.24 5403.54 8314.82 1113.99 7488.45 
1486.8 9430.63 4970.93 1496.7 4998.14 6789.84 2107.91 3557.27 3151 5206.86 
4843.35 2717.95 8516.84 12.8086 9960.6 2751.87 1843.06 2034.74 6551.78 8883.86 
1674.14 893.963 7701.07 3403.13 3276.21 7539.53 7200.37 8679.74 5854.33 8314.37 
6168.18 7341.13 7744.98 1139.09 8837.83 2743.11 7928.93 945.729 6300.38 1079.91 
6152.59 1143.71 3797.86 4669.41 1156.52 3758.43 7421.28 2999.58 5793.18 3973.04 
1883.42 7467.32 4867 9584.49 870.432 8143.21 7124 8070.8 6822.94 2978.31 
6385.15 2991.1 319.428 4130.11 4130.19 9157.26 6873.22 2059.1 102.973 3173.58 
3139.01 6255.56 4317.29 6936.87 924.958 5473.81 695.284 8346.24 8473.39 6488.46 
2319.26 356.789 3955.76 7186.27 9941.28 4826.19 5329.46 7065.26 2896.98 2152.39 
43.5531 9282.13 5143.49 362.982 3412.22 9273.68 9520.24 285.426 1332.77 9623.21 
3459.01 4471.78 5878.76 7776.3 1408.63 6803.72 3250.1 2103.91 5149.94 1723.47 
8592.37 7469.2 2080.26 2548.12 4655.45 2021.52 7374.31 9984.91 9086.78 271.268 
2137.28 9130.33 9553.4 7280.77 9493.31 2965.6 6554.44 9013.54 3251.03 7887.2 
8636.74 6710.04 2358.96 4515.48 4486.32 3767.59 1319.18 7736.42 5871.5 6469.12 
9459.89 4463.85 3938.3 1540.14 7011.97 8593.75 3561.66 4386.26 8578.65 2648.42 
4657.53 715.914 1778.74 4210.91 7996.69 1272.04 7176.51 4551.1 285.562 427.523 
2438.29 8922.3 7137.56 4797.25 3437.77 1623.86 8564.84 4756.95 9360.28 4436.32 
1226.05 8820.16 8900.18 5164.36 360.282 5912.13 3758.1 3921.94 298.377 2336.73 
6570.37 4955.91 3052.64 8349.11 9166.82 1049.31 9621.14 6343.31 5600.42 9906.71 
6770.83 8038.71 8828.99 3908.37 2835.94 2266.74 5532.24 1400.77 7023.69 4892.5 
5837.09 8249.74 3712.65 4737.25 3414.08 4072.93 649.368 7172.18 7994.87 947.745 
9508.91 4565.22 5903.65 2561.53 2914.31 5070.45 3610.84 2535.44 1413.74 9211.26 
2442.13 8184.58 7249.94 1271.1 2092.93 85.8677 3537.84 7625.17 1486.63 561.507 
2517.66 7323.72 8811.25 6230.31 2060.96 2225.31 303.22 2710.33 9397.49 8298.09 
3658.07 8906.38 2863.3 9561.72 1467.89 5777.61 4632.16 5078.73 8313.05 6045.9 
4289.97 755.156 4230.46 1539.9 2026.26 6323.39 1625.76 5564.09 3948.54 3112.4 
6125.6 6466.2 436.104 4936.83 2696.49 2497.06 7162.14 2999.71 5207.39 6559.61 
1297.79 8865.46 5465.98 4161.08 8427.17 6933.87 9938.69 3059.3 2012.58 8251.72 
9105.2 6302.55 9006.88 3335.64 7842.45 1033.12 9659.03 9468.21 6597.21 3607.55 
2580.59 2722.79 73.7361 3016.7 7659.62 2770.23 5513.76 4821.75 5769.94 721.133 
1381.34 7067.72 9586.59 6847.32 1228.79 8013.74 3781.17 1167.46 1073.03 5793.75 
9419.18 178.212 2096.28 8426.04 3513.85 9938.73 9459.16 3172.86 9406.93 6056.35 
6780.41 1987.5 8779.14 6854.15 5004.2 6438.75 9624.38 517.945 1260.47 5394.3 
1239.08 2641.82 2462 825.654 9489.14 3690.79 8839.39 3270.29 4858.25 9912.42 
9064.04 4277.42 90.6165 1160.3 2703.44 3604.47 1099.02 2162.59 6777.33 505.927 
8218.94 3557.73 2493.43 6998.06 411.862 7497.63 3436.79 36.2219 8015.58 4697.26 
5430.52 9254.66 7339.08 7892.52 80.2919 6828.2 1583.29 8919.69 98.4694 6441.55 
8832.09 9162.51 718.949 8922.71 322.792 3422.39 2527.16 1421.81 5584.98 9304.49 
1927.74 3803.9 2862.2 4421.17 801.94 3274.06 1918.78 4238.73 3310.28 9934.36 
8935.99 8740.8 9189 6275.05 6633.3 9269.29 3103.23 8216.6 8188.96 3201.7 
4658.13 7021.03 2364.19 5377.08 5943.72 2686.98 8799.47 8470.88 4108.79 4384.44 
7775.35 6036.53 8188.33 637.535 457.677 8990.28 3911.6 2376.46 3228.99 7221.88 
2310.8 2164.96 5962.66 1499.78 8440.01 2595.95 769.05 1543.22 812.533 8958.01 
4744.92 5470.66 5979.02 7109.11 847.724 1922.73 9796.1 9647.2 393.593 3904.87 
4031.62 8168.95 9941.4 2219.93 8806.48 399.059 1210.19 2718.06 2775.52 4439.18 
9939.94 5086.32 6604.14 5902.58 6586.09 5044.13 8498.53 7355.14 6587.35 9311.07 
6313.13 1332.25 4781.71 2292.14 8441.37 5629.44 4214.87 8237.45 5276.62 4608.46 
2142.3 9308.23 2777.39 2083.68 1528.15 1583.85 2482.74 2738.34 4301.91 5258.26 
7177.52 4241.83 344.554 3781.64 144.399 6930.65 8825.76 8642.93 4285.78 5413.09 
7953.98 598.893 6745.35 2735.68 2891.03 5186.7 8365.11 7105.9 3424.13 3641.71 
1714.35 5566.42 2949.92 4491.74 7650.11 4478.07 6075.59 132.828 7216.41 377.486 
5391.08 4393.92 4619.32 5735.64 8175.56 4763.72 2666.27 7001.3 3406.63 6952.05 
2414.38 1360.6 7550.94 9159.73 4096.28 441.955 4346.41 2461.37 7547.86 7770.53 
6103.08 9262.2 3336.94 9053 3753.92 987.029 3531.06 9829.51 1119.86 747.459 
206.983 6510.94 5141.38 4826.3 2246.56 3316.92 9590.02 4912.83 318.2 2996.64 
1864.86 2732.58 4357.24 9415.8 1892.29 8453.51 9857.75 6238.7 914.866 7405.59 
4009.21 7017.95 6667.78 7346.15 6070.93 421.685 8333.18 9602 251.182 9453.04 
349.437 458.165 5963.96 5490.81 5284.47 8210.52 8807.73 4874.47 3123.34 9125.93 
7871.11 4988.2 1858.49 2228.33 4403.98 3750.78 681.825 4261.72 9989.48 1596.69 
1667.3 3998.67 8614.64 8335.07 1344.81 4685.55 8756.76 9677.99 4287.53 9007.94 
9131.01 4636.97 9466.11 5094.96 127.766 4750.56 3305.47 8935.49 9625.03 6428.8 
8061.41 7496.12 1416.99 9919.9 9724.45 5820.97 3670.66 406.256 82.6725 3660.12 
2002.95 1749.97 7658.8 617.568 85.0252 9003.61 5303.12 8841.79 8681.58 9590.66 
7849.71 7812.57 4227.61 7315.8 2907.52 4355.38 2066.34 6212.98 3290.85 1691.35 
2641.77 1352.24 9187.47 4058.76 1272.12 8911.9 9879.73 4942.78 9318.16 9962.4 
8602.91 1321.09 1712.35 6261.68 1938.66 1797.38 5265.27 7241.78 639.144 3946.84 
6832.42 8488.85 1759.39 1060.01 5804.64 4666.91 5415.39 7870.98 879.873 8706.24 
9562.33 3521.64 58.4634 8749.78 7580.4 1330.58 7661.67 7460.11 6273.37 6979.81 
7422.49 4876.26 8300.9 9134.84 1137.92 239.539 932.2 6403.2 7481.32 1571.34 
350.015 4313.72 60.1812 2109.41 5373.73 5864.82 6776.32 789.104 3735.78 7656.19 
9495.34 3298.09 1177.82 9553.81 2047.86 8758.21 884.375 9709.52 6218.31 7157.74 
6689.32 3640.78 2033.98 4990.2 2775.6 3171.9 5229.74 3707.8 9575.1 2711.04 
5279.15 9925.12 7024.76 5339.33 2034.51 2398.48 1204.13 8810.83 3187.58 4939.91 
6467 2682.91 8238 7644.82 2236.7 285.841 6403.01 3121.07 9995.36 2621.3 
278.799 6684.66 6262.08 2312.78 1674.84 9037.68 5484.68 6904.58 2745.47 5059.77 
9615.62 8024.62 4984.87 6640.36 3363.93 7019.38 9038.84 4568.06 5830.18 2226.41 
9507.97 2297.17 4909.31 7745.96 9941.98 7146.01 8031.8 6344.98 267.071 8027.15 
8966.28 545.87 4711.79 5228.34 2858.65 6386.64 4266.01 8343.33 3291.2 7011.48 
3403.09 2906.8 5036.08 8387.95 9547.16 8400.02 5407.31 8585.98 2968.06 1237.48 
812.372 2476.02 3534.64 5721.69 221.963 3476.61 2867.68 8253.76 9821.59 3134.75 
6280.89 8787.85 3680.62 992.668 4016.17 6539.27 7379.3 8282.18 4882.59 670.485 
5293.64 8285.68 3577.28 329.71 6673.61 3124.43 8729.73 2080.91 1710.39 1697.77 
3318.38 2522.76 4173.79 6853.03 8244.45 4395.76 329.62 1112.12 2649.5 151.19 
4246.87 8930.39 8939.04 7927.49 9923.06 2955.19 4466.75 7302.35 1237.36 9349.34 
7972.83 6531 7635 1550.1 6860.71 4308.59 4674.53 5590.42 6389.5 6384.92 
7288.19 9707.88 8907.68 1461.97 6560.89 7152.12 5857.73 6890.51 8264.24 8507.23 
7041.7 2511.09 7437.6 5980.72 438.567 7360.65 8935.92 4905.32 4662.98 173.258 
4254.64 2635.8 6704.26 1889.63 4185.9 3564.95 6198.22 8860.43 9155.37 2587.7 
5245.33 6443.55 2295.57 4153 7905.52 8856.46 1305.1 3763.23 5746.95 9569.34 
2270.44 2788.64 2080.41 9708.04 8769.36 2518.98 7068.67 7705.26 7424.3 1731.64 
7878.52 1678.92 4367.44 4582.76 3568.55 8553.34 8147.71 9766.77 7413.76 7303.07 
2354.45 2659.07 3746.6 4650.02 6812.07 1652.1 3506.46 8117.18 5415.33 9253.41 
7686.5 7685.76 2042.03 9766.91 7393.79 811.368 2285.87 4462.44 8516.63 9710.16 
6194.08 6395.12 1389.07 561.505 977.866 4957.61 9114.85 9125.58 4724.36 6528.59 
6428.63 7078.81 9187.66 175.214 1728.81 5999.71 1827.32 5235.27 4116.87 7242.64 
4488.66 1803.35 4928.39 6530.69 1570.24 2322.16 7342.05 3856.11 6784.6 5858.66 
3566.25 2978.67 2253.77 4955.32 3540.17 3231.64 9912.94 2655 2357.2 4637.28 
9183.59 8785.83 1716.08 8371.23 8961.04 3444.89 4370.92 788.339 8680.16 8487.8 
8030.98 3168.8 291.13 2959.35 9699.49 1861.37 5281.51 7041.53 5717.48 2066.1 
2900.17 9283.73 5044.77 5153.94 4239.04 8584.94 8385.58 4151.96 1239.92 742.758 
8789.24 423.496 9528.58 505.304 8794.72 8489.61 3950.2 3165.63 9277.95 2630.34 
1653.41 7308.91 5799.14 1944.54 268.251 5498.62 3805.91 5549.77 2540.12 9523.39 
7615.87 5440.29 8807.1 2660.62 594.218 3046.12 1245.54 8979.79 7198.08 2485.46 
9722.55 5987.31 2908.96 9251.12 6492.61 1703.67 7740.71 442.79 4869.3 7018.64 
3073.13 6522.71 4327.54 8872.27 8467.25 4595.79 4370.87 2273.14 145.537 6911 
1796.51 7761.4 2351.27 603.595 422.002 2945.49 3649.72 1667.54 1925.27 847.784 
4153 1647.81 6835.09 7061.96 898.91 3327.68 8765.63 8639.62 3770.47 3634.91 
5658.25 6843.6 157.595 9985.79 5715.86 8624.84 4581.56 86.7159 897.961 4727.1 
6997.71 2694.47 2488.48 9348.99 3298.06 2910.48 2294.46 6947.78 4578.02 4219.73 
7795.57 8731.03 5867.54 4630.64 5792.97 6766.45 7958.33 4558.58 5406.05 1728.78 
8193.49 1064.28 8572.38 8351.08 1050.05 4288.23 6975.9 5631.61 4374.94 7873.87 
358.689 1372.64 568.319 2847.17 721.609 3866.38 5757.65 3016.07 814.15 335.658 
7235.8 8609.72 9066.68 3103.32 3240.34 4859.64 9869.77 1198.65 9418.22 5275.81 
2927.43 7611.69 6340.09 1499.8 5962.75 7390.15 5788.03 2938.64 3021.74 162.953 
812.487 3380.43 1535.59 1380.81 6227.6 2257.2 5247.19 1985.23 5273.27 6061.34 
2320.89 2509.05 4671.04 1387.56 5612.38 7911.38 6247.19 5482.13 9110.03 5665.39 
757.923 2037.45 3277.06 7098.02 3537.25 9239.81 4488.14 9325.27 2178.43 7509.88 
9488.22 2990.92 890.296 1023.8 4371.72 7117.9 3281 9618.91 9103.13 8554.27 
5680.24 1424 1063.31 351.26 2811.56 6675.69 8262.64 9058.75 2157.8 7372.66 
4724.13 2915.72 9410.11 8001.19 13.7221 2947.33 7240.98 4501.87 2272.59 9419.42 
2011.73 1760.8 2410.32 2902.03 2784.59 6782.04 19.9084 6065.59 6400.93 9123.04 
4619.85 2081.15 547.024 5683.16 2432.41 3358.59 2358.82 695.039 2417.32 4516.63 
8067.7 7141.45 7432.35 7477.79 5142.63 7446.07 425.104 2383.59 1947.92 2697.69 
1802.99 3959.65 4458.49 4213.31 6861.68 7243.08 995.329 6881.59 3308.66 7396.26 
6004.61 7928.51 9477.42 6551.64 3611.65 1909.81 9910.22 5970.47 2604.85 2327.53 
487.079 672.53 9468.98 7919.43 8150.32 4611.59 5365.48 8575.42 6995.19 7313.4 
1273.1 8798.18 1273.04 5731.58 3011.47 8134.72 2974.65 4006.8 5016.3 6283.31 
1403.04 1020.9 4211.8 880.441 7572.53 7823.45 2790.25 7482.74 3793.9 5395.1 
9810.27 4280.98 6067.63 9279.23 2200.39 4217.93 3890.81 7565.87 2793.34 885.976 
4879.26 4066.43 9684.15 6152.3 9798.02 2695.61 4287 2772.65 6702.4 9303.3 
9055.96 8105.45 324.182 3267.74 8985.89 7896.72 1091.17 1776.12 5379.44 4885.07 
7171.22 5189.69 9166.05 3238.84 4468.9 1366.43 7456.77 8359.71 8932.3 250.088 
9245.69 3811.54 4316.52 8929.83 9963.84 4114.52 1625.41 4250.83 6887.17 8327.82 
3554.11 5943.11 6433.25 3878.3 9210.85 5419.11 1775 302.007 7195.24 7154.43 
5187.08 4366.44 2344.1 4353.12 7605.28 6813.01 5719.55 5062.03 5172.7 4651.83 
5312.12 4418.37 8463.37 9628.64 3348.18 8427.2 3743.14 4973.6 2678.01 630.291 
3301.4 6232.12 6573.4 9734.64 110.4 5784.23 5153.74 1885.4 6086.24 2348.96 
9039.83 1273.3 6715.4 1383.92 5626.42 4320.66 8196.92 1345.95 9382.7 3369.61 
5997.78 4694.8 7787.99 4461.14 4323.42 1136.15 2888.32 8066.57 6109.75 5566.32 
8696.86 9411.14 1798.42 5270.24 9145.77 1908.82 1054.46 4299.49 3794.22 7140.7 
6648.44 2834.03 8414 3363.83 4217.95 4040.41 7684.49 2414.86 5386.36 7067.17 
5784.47 1384.12 1761.95 3572.44 5845.26 6085.38 4708.59 8733.57 4151.93 818.318 
4299.88 2848.77 229.444 6098.3 8119 9375.21 8007.13 9173.46 3674.68 1801.33 
6314.14 323.107 4635.36 4728.12 3686.93 8853.31 8768.53 1371.41 1268.15 4154.87 
8438.58 7052.62 5539 200.517 625.04 1384.24 6285.9 5333.63 117.794 437.805 
6151.95 4417.67 3286.57 6381.39 515.959 1405.56 5756.58 8523.09 579.003 9431.26 
324.401 6893.14 9754.37 4959.76 1621.25 3441.29 3813.06 389.766 4812.69 5081.21 
4544.64 3251.26 2133.81 83.6166 3451.77 2758.85 1467.85 9737.67 8092.48 1585.65 
175.458 4244.41 6003.32 3462.03 625.781 6519.28 4867.59 6382.36 5042.35 5446.59 
5813.61 5366.75 2339.72 5567.96 326.496 3960.97 9009.24 4139.55 4350.74 3821.92 
9220.76 8895.38 7073.18 1354.56 8978.99 524.935 4113.41 446.828 262.588 2205.87 
2032.48 438.046 6450.28 8035.8 3900.08 7076.06 4555.06 8767.66 3458.41 9597.41 
4214.24 9272.01 4964.14 6553.96 4839.96 5290.64 514.91 3849.18 9430.19 4865.65 
7671.1 8650.94 3761 4744.26 5.47693 2739.98 5269.2 4118.88 3186.81 5531.78 
6324.75 5219.28 5969.83 2775.02 3255.06 9869.91 9851.08 7810.12 8637.55 3309.46 
7407.51 2851.77 2581.46 2371.64 9405.73 7421.42 7662.27 9920.64 1270.58 7092.45 
4786.27 8941.68 5743.37 8547.28 3685.93 5748.85 1287.24 8955.12 9867.73 4474.04 
4486.89 6192.47 9693.33 456.705 8967.48 2948.37 326.594 8818.54 758.477 8964.15 
2127.99 8165.99 1815.9 4709.45 537.61 1221.62 2130.84 8199.88 1142.25 3401.42 
5292.32 5928.52 2343.09 1035.67 4475.78 6029.01 6784.51 5763.01 4984.12 6652.23 
237.041 9471.01 2844.68 9930.37 9927.72 1812.14 2878.72 254.294 630.668 3637.2 
9218.44 2758.66 1803.17 1034.33 7468.1 2340.78 2255.95 9598.95 540.649 3398.19 
3000.35 5832.97 9326.71 5343.44 6868.63 3802.47 1372.44 3653.13 9565.48 6356.56 
305.34 9802.53 5827.56 3150.02 9732.88 5755.26 4962.16 2611.58 6009.55 5592.83 
6248.78 5227.98 8351.49 8051.95 6262.3 5819.57 392.719 8518.25 5418.5 933.369 
1916.43 8418.86 6766.33 1243.12 3762.28 3634.95 5045.59 5134.72 7288.08 4611.06 
1491.27 7593.42 4413.57 7318.82 743.422 4146.43 3074.06 5705.58 6758.01 9083.62 
1298.4 3006.78 4311.58 9649.88 1058.71 573.864 5469.44 1451.43 9092.12 887.919 
2384.8 1008.53 9306.77 9151.14 2251.65 3069.04 2786.07 7297.25 8203.76 74.1332 
1908.29 9695.03 7667.55 6321.86 7013.83 8410.98 468.276 87.8811 4116.54 7226.29 
9171.5 5414.94 233.047 3483.06 5064.81 1291.76 4056.92 534.224 2743.19 3149.02 
1422.14 5128 4157.55 728.901 4279.12 6409.21 3797.94 7065.18 3706.44 2001.68 
7139.32 5614.73 1696.69 4806.85 1936.58 8710.52 3217.81 2404.86 8798.41 7334.36 
9631.14 7969.89 2749.28 9864.19 1452.93 7814.09 1155.93 5509.85 8348.31 3899.13 
8658.87 9770.45 9027.12 2816.41 499.337 3306.22 9225.62 4297.28 371.389 2932.04 
6298.96 7510.71 8546.77 7995.65 2317.54 483.336 6706.16 5535.36 2888.19 5504.54 
2869.7 2519.32 3474.41 5618.98 2383.49 4927.34 3433.05 3539.42 437.173 1781.34 
7438.55 9096.04 1551.78 6465.66 1912.44 2051.11 9771.88 1138.03 6348.39 143.25 
4070.07 2647.33 7653.96 2616.83 642.963 9971.5 3100.17 7349.12 5506.84 5988.36 
2853.65 8376.54 8507.67 6328.06 3995.5 891.148 1255.39 7428.55 4430.57 1692.56 
9209.89 1869.1 788.587 761.65 8334.76 2701.02 2812.76 8106.62 3839.06 9161.15 
8249.87 7909.13 1808.47 5903.81 525.944 2451.43 5875.29 3626.11 9800.55 1382.12 
9614.47 2654.18 9758.66 8122.12 8982.24 3754.15 9013.27 237.609 1182.68 3443.83 
1930.17 392.553 5312.93 2718.75 1154.2 3647.67 5419.78 3966.97 1754.28 9258.83 
3128.1 4.13214 7167.95 4936.57 5907.94 7693.89 7388 1783.22 1319.98 7188.53 
3165.34 934.433 9842.71 2923.98 9056.56 8824.94 6678.13 8069.81 9062.55 7860.81 
1513.62 992.698 8253.36 6826.55 3711.45 9407.56 474.208 9131.23 3374.51 2228.49 
8390.05 6502.62 2232.62 5557.98 1439.17 8140.56 3251.85 8827.17 9923.78 4571.84 
6015.69 3089.1 5506.27 5858.39 6013.08 4562.81 4683.31 2691.2 2632.61 3745.84 
551.985 4146.23 4738.54 8805.34 972.761 8449.99 8212.89 1446.97 7581.2 1587.39 
3675.46 5971.23 8090 5908.07 1529.19 9529.17 4048.62 4781.04 8356.33 3972.38 
9352.88 4372 7061.48 4859.13 230.375 3074.55 9421.94 4913.68 5765.75 2054.53 
8659.52 6317.73 6200.76 3398.04 5123.06 7173.52 1848.01 3335.93 8620.49 9429.21 
4923.32 2295.93 5400.43 3013.3 8204 6929.62 2542.46 2252.6 1710.64 898.769 
6224.98 1063.51 5270.77 3286.45 5922.64 5501.15 6361 5344.56 414.814 2126.73 
7399.09 9074.34 8444.46 3599.83 2472.36 3567.5 773.331 4320.37 6903.43 9393.82 
3749.57 1826.73 1689.73 9149.99 4840.03 9893.73 6079.59 7382.49 2146.31 7790.23 
8281.26 8371.29 8853.74 3552.01 1657.72 4776.36 9053.16 8018.72 120.903 9467.97 
145.436 7519.99 8542.29 8589.9 1119.81 1014.63 2157.38 1893.14 5335 9060.81 
1286.94 9084.57 887.525 2976.67 8234.54 5727.56 2870.38 4314.12 3110.03 5016.69 
2104.34 1391.26 3387.96 958.058 4943.28 5045.69 5734.42 3996.42 3064.4 5855.32 
3464.37 3209.83 3375.3 2006.65 1799.71 4495.1 3021.28 3957.09 6388.24 8356.29 
3017.89 7675.18 7440.84 3905.41 651.828 5675.37 9632.97 3522.2 9989.49 2742.97 
8538.89 2093.81 4134.24 1926.84 3051.86 9077.51 6972.53 8786.28 3073.92 36.9068 
4641.58 6538.29 3246.74 8016.88 8544.94 5046.45 2511.96 1566.21 9003.54 8900.2 
9922.49 2021.41 6575.37 7363.32 5926.82 7227.19 3038.67 5559.77 749.383 3028.14 
8302.75 9288.28 5121.95 2436.97 1215.1 8173.81 1514.47 8187.62 6960.07 4588.38 
8224.53 1601.64 1126.66 1471.25 9618.52 9671.6 6517.7 2130.47 1237.79 5521.23 
1030.65 1160.26 7542.64 7606.02 8523.58 3469.45 4833.2 1562.23 9029.22 5582.58 
4590.38 7331.95 4870.84 9712.32 9768.92 6085.94 7886.12 1283.37 4273.55 4846.17 
5871.75 2498.06 6447.81 6998.41 3969.31 6066.31 6669.99 487.002 8196.78 7907.77 
6008.23 9227.44 9068.03 3550.86 6833.44 7591.6 7020.3 1666.62 9153.83 6049.5 
7249.2 3744.19 3381.44 2120.02 3456.5 3150.34 8205.96 1342.59 4433.71 2479.49 
6188.77 305.439 4977.55 2636.56 7303.85 8946.86 8702.88 3973.82 9433.87 6899.64 
1881.57 5442.08 6127.06 949.588 8992.94 2960.48 8541.19 6013.22 4627.1 7695 
2062.71 1876.28 1439.18 5444.14 3996.31 4895.67 8594.48 2202.25 6238.27 3028.17 
4681.74 2427.02 3333.61 9659.29 5063.58 637.436 8606.13 3766.44 4611.25 8039.98 
666.058 6492.82 3482.05 6793.12 7442.41 2474.96 9753.59 5983.58 8488.18 4380.68 
3678.56 550.875 6256.96 5117.74 5995.02 253.249 13.395 4589.48 2455.5 6251.66 
7617.65 7137.24 8678.68 951.235 6796.51 3742.24 1588.67 5402.63 7508.67 6199.92 
3442.59 8174.73 2692.73 6924.64 4967.83 135.122 9399.6 4721.41 6118.7 7887.77 
9102.08 9797.26 8438.64 5359.03 4914.99 4433.64 5612.27 4928.38 9023.12 8067.77 
1180.03 6640.75 5204.99 9858.7 7591.99 2001.49 3600.92 9180.66 7404.11 1109.58 
5380.56 846.688 9284.31 8073.29 7771.33 4252.12 8208.42 7170.91 8973.53 4327.1 
5058.66 8075.59 4124.35 3497.29 3434.6 9039.33 7930.94 9046.88 3967.7 6954.04 
7114.63 5147.73 3594.78 2319.61 5006.41 1186.75 4321.1 8607.34 367.389 1725.19 
9716.92 5747.95 2571.88 9001.21 3821.23 343.189 3253.31 2029.63 7514.1 2226.82 
6356.73 2572.75 302.393 481.058 6070.04 3736.99 9520.39 4000.96 2783.85 3488.08 
954.984 9898.48 8635.8 4549.76 2218.08 3642.2 5736.51 6539.17 2249.52 6103.9 
8264.37 1966.42 1851.83 836.228 967.609 5673.06 1179.42 4220.92 7702.69 8693.52 
6447.74 4059.4 1266.25 6750.13 4540.46 7336.28 487.105 4060.84 1337.23 3270.96 
7548.91 2292.21 3169.42 6184.7 6841.97 5387.5 9826.9 2578.46 1926.65 2076.41 
8682.36 191.003 4042.83 534.18 1027.23 5010.44 6207.24 2206.65 9231.36 3909.92 
900.146 5679.08 7969.32 2166.39 2429.19 2509.77 9502.68 2916.29 6570.61 839.885 
6187.25 4119.5 3132.09 9356.67 304.188 9974.07 4744.15 131.075 2552.51 6670.81 
2207.49 1234.86 6861.81 6250.32 1769.04 7889.04 1260.74 7976.28 95.6699 492.078 
1886.18 995.816 6171.15 9855.51 3162.21 8600.34 2365.26 2664.87 1516.61 8935.86 
3504.75 7703.86 3055.35 6636.85 7060.51 3359.54 6610.9 1804.65 3490.61 9163.41 
8475.46 5698.1 398.248 5337.25 1948.4 2167.29 3226.27 3209.13 143.549 3321.94 
3701.21 2029.73 4317.76 9872.36 1885.22 7479.97 8472.69 4250.48 144.818 9989.3 
3186.33 3649.57 7693.15 6241.68 286.403 4753.65 9601.22 6897.3 6558.29 3091.81 
6060.69 5033.73 8789.91 6458.94 370.965 738.289 8626.22 3597.24 3947.42 8769.77 
6919.18 7648.63 799.49 1236.92 7520.98 2684.71 8716.88 5993.65 6935.2 8861.7 
5982.94 121.51 2511.26 3676.07 6363.19 2797.66 8429.71 5964.39 9694.96 4987.99 
9056.2 5755.63 21.7072 7846.09 2214.56 392.673 8584.38 840.763 3989.91 2531.79 
9610.54 909.071 180.405 410.009 2145.99 7701.39 3094.72 862.857 3695.02 29.9038 
9724.56 9677.96 151.413 2235.8 3354.01 6514.6 5033.46 1783.71 2478.97 4728.4 
6771.7 1535.16 484.015 6793.4 9381.25 2698.57 7186.08 7965.61 3539.33 1175.97 
497.385 3149.85 2085.04 677.789 3559.86 4231.03 8379.18 6654.59 5093.88 2074.18 
6684.49 4818.43 1752.12 6835.9 7054.23 5106.13 3350.49 2087.67 6889.84 5829.46 
6816.07 3661.52 7364.62 7300.08 454.903 6745.85 9998.65 7640.98 4711.45 3537.97 
8816.95 5208.83 6687.82 901.968 5886.62 247.667 5133 4265.78 6902.25 226.864 
6339.96 3586.73 5045.29 8092.08 422.611 2099.5 3198.2 3773.1 4187.17 88.0172 
9602.56 1003.22 3749.53 6967.16 8303.3 4204.44 3712.99 8301.94 1845.4 8424.44 
1839.89 662.327 3633.25 8527.71 1564.3 9519.87 8775.38 6697.29 3785.64 5677.61 
6924.16 125.577 9264.33 1969.43 8217.66 9686.95 4068.93 1415.84 3460.03 8256.1 
1503.85 3062.57 9259.32 5253.39 29.7145 7562.6 9457.83 3742.71 5864.52 1303.21 
2167.13 7704.4 1965.53 5800.38 6232.1 3529.83 5320.24 5007.45 227.103 9105.87 
685.048 7151.26 9231.45 9949.38 9120.69 7449.09 9636.31 3189.6 8864.93 3096.32 
1445.68 368.767 6158.9 704.983 5622.16 6188.61 8267.58 5079.96 9931.32 4132.08 
6383.17 2098.43 1836.47 8348.7 7898.81 8068.57 1878.51 3219.03 3076 2105.62 
2324.89 3761.05 9256.87 1556.32 3710.42 8377.54 9005.41 3346.71 1567.13 7870.32 
6443.04 3012.81 8239.09 2601.92 3717.8 3861.23 8790.53 1985.36 8941.19 8721.83 
6117.45 5324.34 820.238 7953.92 3673.03 8719.05 6022.47 5551.54 1938.06 9098.47 
7657.16 4262.94 2859.51 6914.01 5819.26 6569.92 5291.54 4824.65 9916.64 6858.67 
2694.96 6359.66 9871.49 934.027 8961.57 3589.27 4795.25 7752.08 5574.63 3736.43 
6473.89 1692.06 9060.77 7294.13 9645.98 2733.78 6013.16 5668.43 8285.32 7951.22 
4766.88 5942.46 2214.15 7626.39 2856.45 8033.41 4196.29 8147.99 2858.05 4112.91 
5006.65 5553.01 472.554 4878.12 6487.03 9434.13 8467.39 1282.27 7186.19 4042 
5018.7 3660.07 5734.06 4079.45 954.186 5380.02 6813.22 6967.35 1048.44 5098.52 
4918.55 5815.32 1040.96 7132.7 3441.69 3897.41 5166.1 7637.99 2045.39 8024.15 
1750.88 7052.04 3577.14 2223.44 1930.14 64.1587 1657.55 397.506 1346.43 8843.74 
4439.51 6365.13 2503.8 173.553 444.555 3457.98 5553.58 7257.78 425.316 6602.02 
2356.28 5343.87 2417.32 3397.25 2476.56 5859.01 7294.66 7642.66 3496.98 9340.05 
5666.79 5247.87 6392.07 9243.93 7471.3 8322.2 9308.09 9128.85 8719.71 654.504 
7972.58 3159.2 7019.63 476.363 3332.75 7464.19 3934.35 8886.33 4721.95 4359.66 
5488.33 7078.23 9703.53 7905.65 475.46 2180.07 3764.64 7770.12 9822.73 7261.62 
7110.15 5489.51 2509.47 3502.2 4733.42 9980.78 1824.38 4041.5 9109.62 544.075 
4696 7082.18 3703.27 1715.62 7558.54 7036.03 9179.8 1492.87 5922.34 3901.73 
5852.54 1410.65 979.943 5556.05 9316.3 1455.4 7736.13 3080.92 9225.52 7558.84 
342.532 6335.65 3048.33 2852.01 9837.85 7781.76 2832.77 1662.22 1823.24 1942.37 
2206.29 6519.24 9024.54 5909.57 8234.86 6583.07 2945.57 7414.64 8075.94 8867.91 
1316.36 3928.46 278.546 2296.3 9484.52 9594.84 3751.7 7220.63 2675.75 2977.21 
4779.46 3018.28 9312.86 7827.79 5870.29 9150.69 5609.53 8703.06 812.895 7432.77 
645.404 3019.19 3952 9669.95 8928.75 2186.84 6253 1874.31 9601.48 4328.93 
742.209 917.819 8257.4 1020.76 3214.12 7741.9 615.583 6965.82 4962.51 3291.33 
9943.03 9741.97 6309.62 9255.87 7569.74 2179.89 8406.54 3179.25 882.929 9219.44 
612.006 1528.33 2238.61 4564 1198.27 1167.35 6750.84 7451.27 3041.66 6352.3 
1780.18 3783.87 7270.12 37.5623 4804.62 484.223 7779.46 5420.21 7450.04 2741.95 
8711.54 7393.05 2483.9 5021.14 6648.9 53.6213 7201.03 5055.43 3232.87 8083.96 
4274.85 3844.88 9612.3 6513.46 8408.88 810.545 7680.81 5159.71 8261.81 722.452 
1511.99 41.9807 4506.32 8782.12 79.543 9310.95 9266.34 7859 4731.14 6716.37 
600.937 3442.66 4109.4 3084.84 8463.8 758.286 3138.46 5664.82 5813.72 6371.33 
3748.77 88.551 216.195 3361.05 6602.01 8625.08 4171.59 4282.8 3784.77 2433.39 
5005.26 5296.76 2475.37 9511.58 4078.86 2554.91 8822.51 3345.19 413.897 3553.63 
61.5368 1014.83 6996.29 4170.94 4099.67 5460.07 4929.22 7238.13 1124.88 742.923 
3609.45 4873.64 831.474 3825.64 8234.69 7433.49 2450.7 2406.26 1716.27 6235.47 
4839.65 6721.53 1532.22 7315.02 6233.09 5611.08 9869.93 5055.58 8956.27 283.814 
8609.21 9017.81 1298.65 5605.48 3188.73 5398.32 1065.53 8117.95 2636.43 2190.41 
8860.87 6245.88 7064.05 9692.35 71.5026 5298.73 7125.81 2522.21 7704.99 8842.09 
8757.68 2544.63 5563.6 289.877 9859.65 1796.68 5900.96 9729.56 6852.26 4857.21 
13.3602 5461.45 3875 1312.01 1066.91 7063.72 6710.33 2132.45 5181.66 9346.76 
4322.86 4042.51 5592.62 1386.9 3734.84 5664.13 6685.62 860.636 8186.33 4390.6 
9702.73 6943.99 6935.22 5266.31 7233.87 6794.85 7062.99 3134.81 6524.4 3915.24 
7992.02 6537.76 9376.69 1867 7849.77 443.585 8930.72 4560.08 2576.03 4112.36 
3906.82 6898.89 8154.87 9499.45 8285.79 1889.69 5163.56 4971.39 2750.33 3349.87 
9361.99 2453.03 293.844 6297.19 7719.35 7527.71 3092.03 4782.32 662.503 9616.43 
8697.56 8654.52 6154.17 8074.23 521.5 4003.93 8517.82 9452.22 8564 1093.83 
3564.56 2470.81 7992.72 1719.41 1970.24 6278.49 3609.1 7133.8 1249.86 6359.43 
483.654 611.835 8812.46 777.498 6909.03 6531.79 8305.21 1.04231 1314.09 8967.71 
9617.47 11.6344 7622.21 5771.63 8085.86 8143.71 9775.55 6603.66 7595.92 8339.54 
7697.49 1160.46 810.339 5690.2 2879.87 2780.58 1968.67 6488.97 9914.38 3218.53 
2848.38 398.02 3830.37 1660.83 1175.52 739.381 8192.62 9480.73 740.423 9506.71 
8448.42 357.879 9518.34 6070.62 6129.51 7604.19 4214.32 5905.05 4207.84 1810.22 
4244.57 1905.31 2970.68 5054.91 7595.51 5850.55 7835.49 9564.18 2339.51 7749.86 
2782.7 5187.89 8147.88 6613.07 6848.72 9323.4 7352.45 5041.31 8804.11 8092.88 
4548.01 7252.51 8450.75 4066.33 3323.12 4580.25 1670.51 7537.44 485.276 5878.34 
9347.66 4729.85 7783.66 2318.32 9784.76 5379.15 8168.87 7620.24 4943.32 508.368 
5370.08 7726.02 5696.26 3517.95 4339.07 2544.96 2841.33 1691.51 7586.27 1645.42 
9784.38 2134.26 8897.93 8235.12 6200.6 2221.03 2815.35 7871.1 9758.47 3300.63 
3749.43 9106.11 8030.48 1533.07 1424.42 7815.22 6912.22 9593.29 5435.44 1855.53 
101.641 805.51 9581.55 5797.9 4323.46 3920.6 8342.86 7164.78 5612.11 5929.12 
8810.2 5396.48 8063.38 7708.12 3631.58 4263.96 9929.15 6446.94 2135.05 9687.6 
9747.56 5884.48 8793.7 7778.02 7417.55 218.097 5593.23 4329.76 9811.39 1028.66 
6185.28 9913.03 1834.17 5766.81 5710.91 6157.62 9687.41 4053.76 3322.39 5299.51 
9982.88 2132.57 695.973 8046.24 9840.69 4327.56 2310.19 9769.82 774.477 4445.24 
9457.41 522.024 329.705 8251.09 8300.05 7747.25 8469.19 3893.26 2076.99 8280.56 
4921.92 8262.28 8193.57 6756.08 4029.07 3904.47 2913.69 3716.47 7958.22 6236.08 
9015.97 7941.08 8368.65 9711.95 5987.31 8209.32 4039.49 8297.5 7979.13 4813.96 
2742.72 7436.52 5335.99 3072.43 5687.59 3636.02 819.666 4156.76 7529.28 2896.66 
2437.3 2451.18 1158.92 630.856 9207.26 5187.99 4535.32 2120.94 8904.45 2493.53 
8357.02 7920.41 434.594 6725.65 7632.34 6421.9 4934.96 1671.81 4719.38 2914.07 
6485.78 7462.11 350.573 1821.75 534.518 6038.16 5457.77 1354.18 194.909 2987.03 
4250.84 2632.21 5438.21 5409.76 3263.07 4645.46 597.735 7798.39 6766.4 9502.19 
291.9 5123.4 7422.58 726.493 1849.04 5054.91 7148.4 6784 6726.72 1867.76 
9698.07 3212.48 9329.87 48.6261 5034.23 9864.39 6086.79 491.988 1218.55 6281.7 
3479.02 5469.4 8913.91 8917.24 879.145 2176.96 3562.68 1476.88 9975.35 329.066 
979.053 267.231 5452.47 8401.64 993.725 7301.51 3456.53 8142.12 4085.49 183.236 
9.86521 3783.54 3395.72 9339.73 3832.17 8429.96 9204.1 9918.96 8921.94 422.641 
6200.64 2400.95 5892.04 5114.54 1318.17 6771.18 7291.5 4880.85 8248.06 7266.83 
5209.91 9227.12 7534.06 662.366 7628.74 8527.78 7963.87 1085.25 6669.89 2049.35 
1268.49 6679.75 5832.89 4664.21 6019.47 9665.06 3094.14 5223.56 9584 2016.07 
5646.2 5784.63 4417.02 1538.22 899.147 5735.19 8309.4 8190.64 616.018 6557.45 
5457.45 5825.93 5784.55 2991.49 6488.3 3413.27 1519.26 4452.16 4498.52 8189.15 
6501.5 5767.01 4868.88 2334.38 431.195 888.331 1999.42 3525.34 6111.89 1583.41 
5541.41 1758.07 7368.03 9958.43 3296.28 8267.18 5693.6 1605.67 6457.81 6309.62 
8163.12 1915.24 2135.53 3947.65 4906.74 8623.83 7360.92 6426 3075.97 1859.43 
4615.13 9577.47 7626.43 9484.01 1911.83 8057.63 372.321 3911.25 1582.95 6484.21 
5494.66 7124.36 8242.27 2862.68 7082.77 1538.54 1129.84 2776.35 3144.21 7587.65 
9085.97 1307.31 9502.89 1221.48 5254.96 4409.61 9845.32 2615.87 835.593 2921.27 
4475.3 5450.72 2498.72 2101.72 4934.71 4410.56 159.33 5307.03 8321.81 1742.28 
1791.22 3816.45 8866.64 33.476 6679.13 5949.4 1572.02 7808.97 8725.75 4716.22 
5396.6 7811.71 6023.53 4899.48 9033.19 1278.48 9309.09 8878.49 3894.35 144.667 
1799.74 8369.65 5595.39 4298.46 471.353 530.078 8709.02 630.683 5837.11 7030.81 
2372.96 7628.33 847.245 1239.59 7661.8 7526.37 7188.99 9233.82 5335.32 5914.73 
3950.03 731.908 3726.41 9973.56 5631.39 2759.59 1252.02 4940.46 1638.06 5146.38 
5085.13 3437.8 3516.01 680.494 7736.27 3987.37 1210.57 6445.27 4618.05 7047.68 
3476.06 6991.02 4675.99 4323.31 8230.6 2337.78 1849.66 5419.58 1571.58 7184.99 
1334.28 5521.6 7916.89 5060.7 5495.15 3548.26 7820.29 6747.17 8488.72 9458.35 
1893.53 3573.83 2896.13 5409.55 4254.32 632.382 9396.91 5464.9 7077.65 4014.95 
2512.56 553.696 1005.95 7188.55 4877 9236.55 9526.33 6726.67 4656.11 1097.89 
3911.63 5990.39 6619.49 1828.51 1051.08 2114.62 5376.77 8871.36 8861.79 3865.48 
8329.69 755.311 7439.31 1225.81 6164.86 1693.61 1858.19 5561.76 7158.51 8935.84 
9576.7 9671.07 9489.54 582.63 6859.6 4366.52 9819.18 6385.91 1093.17 4475.27 
7483.79 5004.8 465.65 4103.27 6833.32 1516.72 6217.89 2210.07 388.07 5079.67 
6075.55 8717.76 5834.98 3514.84 9943.57 1999.82 5208.45 1801.75 7561.58 2366.94 
737.574 7138.26 2037.99 227.094 7720.89 8897.59 4593.62 7540.06 5283.48 5686.79 
2015.31 2767.26 691.577 2480.96 6870.53 7524.89 3997.69 3088.4 9734.96 4385.76 
8168.07 5810.5 3103.5 4003.03 9325.33 3047.06 6002.85 4533.77 4848.81 3564.41 
6900.71 5586.38 702.657 8938.71 5813.48 8423.55 7836.28 407.077 5963.59 3119.74 
6093.87 7978.9 5887 6785.44 459.841 2757.51 4310.32 4457.53 5845.91 4045.27 
8843.28 4013.96 9855.76 1946.77 8017 9181.08 4993.83 4019.83 3714.83 9842.63 
7584.24 615.529 5429 8286.9 9554.23 1242.46 6710.43 7390.5 1649.53 2674 
510.223 7743.4 652.882 6397.22 4528.83 1112.72 9154.73 8839.14 5570.25 5000.63 
2884.39 4413.51 9014.59 2740.14 6360.28 7031.57 1921.2 1354.09 1051.38 5636.03 
1196.71 8635.63 6251.56 6625.71 6922.51 5805.78 7868.17 3632.93 3196.26 9517.7 
6306.93 3706.48 7261.08 6959.81 103.688 1789.89 8072.53 9258.42 629.018 3642.76 
4259.04 3513.41 8056.28 3273.61 6253.54 4416.54 305.163 8174.74 5770.63 1356.55 
3810.76 6967.34 9992.18 62.3009 3593.03 6914.67 5868.08 1461.18 547.58 9064.34 
978.863 6854.51 2770.8 8239.95 3814.3 2874.49 29.8222 1886.82 2132.9 658.84 
5529.58 6391.93 4172.25 3585.84 9665.54 425.776 8002.38 9970.7 8600.52 3773 
1327.23 2411.26 740.32 1319.39 2473.56 4333.35 8234.06 8341.64 5794.53 8781.64 
7405.96 6773.39 5636.14 176.742 5013.32 9450.44 3051.23 5043.15 1337.24 5184.13 
5701.99 6866.82 1576.04 9874.24 452.64 1241.56 299.994 8455.02 1212.25 8900.51 
2228 2539.48 1311.75 2968.32 3858.88 3785.31 7301.67 2092.92 2126.94 3096.19 
874.551 9532.9 9869.58 6510.69 9709.64 4882.89 5961.11 2760.85 9926.03 7298.34 
7944.98 5628 4165.14 9521.02 5502.22 4617.78 762.565 5802.21 3072.79 1974.81 
4702.71 5300.79 4514.3 6014.46 8269.12 8373.18 9799.78 5570.77 466.083 1926.7 
8666.96 1340.63 1459.58 8536.52 7851.32 1169.2 3419.39 3812.41 3930.05 3345.41 
1110.74 1875.01 8973.41 5275.88 1396.01 4475.62 9893.66 2158.58 277.812 2966.43 
4133.39 4980.52 8267.23 8647.69 994.969 6536.33 7020.85 794.731 2107.08 7486.93 
2721.43 774.025 8827.57 4181.01 9310.55 6678.87 5350.21 2729.93 491.267 9280.26 
6075.34 1602 1155.25 5048.73 6877.88 2551.27 9524.35 6771.53 4709.85 9802.16 
9737.96 8843.24 4782.67 8005.17 7490.92 5777.63 4541.48 4511.75 6572.37 6648.56 
1998.67 9293.8 7422.59 826.22 3474.79 6733.12 7505.09 8824.99 9463.05 7996.36 
8105.23 5538.37 9598.36 9260.49 587.086 6476.23 1811.74 111.418 3247.74 6521.58 
9913.58 2985.69 5364.81 4696.23 990.849 2855.71 473.847 5532.33 7367.46 7046.21 
2180.88 9366.13 6339.99 9603.47 192.331 9814.78 6336.57 7697.42 8639.75 5799.6 
5693.77 6744.97 1337.95 5292.11 6005.44 1925.04 1768.33 7817.18 2036.46 5016.07 
4338.74 1950.02 8001.76 9703.55 6646.25 8992.61 2559.24 7120.1 4524.93 9926.7 
4166.29 6705.81 9292.81 506.268 6309.26 9485.14 321.028 2645.81 7182.55 8960.78 
8445.42 2876.3 5705.74 9783.37 8168.41 1711.16 1708.39 9936.74 9528.34 3744.85 
4952.8 3867.07 5694.87 2954.54 3570.6 2341.11 1947.14 6129.84 9461.21 6472.07 
6056.53 3627.48 3177.86 5349.33 4133.75 9487.12 4834.45 4454.78 2132.92 2016.99 
3415.54 578.319 4893.29 9121.28 361.674 3061.68 832.422 2070.07 2998.41 360.743 
5814.92 7951.21 4227.81 1509.78 905.734 7798.41 3850.89 2852.88 3928.24 3312.08 
9324.95 9984.77 6939.56 2502.79 5334.07 1073.29 1989.9 168.509 5528.07 4122.81 
2185.5 8943.61 4701.13 7078.78 8064.87 5062.81 140.447 8897.29 7132.88 3138.85 
9258.04 2947.78 1090.04 3485.83 4457.56 1995.78 1284.22 8308.45 4848.65 5212.46 
1620.51 4173.58 5197.21 8560.06 6676.37 531.263 9633.35 8666.27 699.773 5161.4 
2789.07 2885.27 4105 7490.2 9964.05 2169.85 2552.99 104.479 1067.12 9685.87 
3243.33 325.143 2633.63 4333.38 3810.97 7091.2 6329.15 5095.19 5399.63 1177.79 
307.628 7020.13 5351.37 5504.83 5580.18 2027.73 6036.1 5213.52 693.977 6735.87 
374.904 3483.04 9621.14 4479.9 973.228 9585.17 6649.75 3526.22 9689.65 7716.87 
3212.07 2932.97 8042.01 5845.71 7266.34 1852.97 2936.88 3595.48 6948.16 8336.51 
4773.26 7255.78 5356.63 124.616 2760.6 936.794 2152.34 8796.7 6150.31 2846.32 
5532.55 6525.22 6329.36 5153.67 1005.1 7302.59 4738.83 7654.85 828.794 4428.46 
5371.7 4040.87 7361.42 3413.7 9886.57 4627.75 5266.67 2823.44 8223.23 2214.81 
1159.93 2996.47 9470.59 6516.56 3121.09 2231.17 7453.36 5273.43 1027.86 3603.65 
8119.75 6560.41 128.85 4449.09 1714.07 1133.95 1751.67 6452.89 8788.79 2580.46 
881.337 4160.48 6621.33 8242.76 7574.18 6507.88 2870.49 2840.83 9331.32 1093.7 
5055.63 491.24 4090.17 4526.2 7007.8 7211.26 6757.38 4461.14 2484.67 7785.23 
8064.79 604.403 4345.63 8193.64 5053.5 6059.69 9327.59 6805.16 2512.57 8116.37 
9385.62 3393.91 2276.83 6006.94 1636.65 9851.01 2514.8 4507.14 2691.82 1846.11 
5600.84 7747.45 2337.35 9691.02 2273.63 9345.15 6902.26 9031.01 3806.28 9386.93 
6816.23 1871.05 9991.34 1161.84 64.6822 5044.81 7221.53 9392.28 1849.96 9734.1 
7508.63 1235.57 3127.99 9785.46 7242.51 4764.64 9636.45 9757.31 9271.79 2328.25 
1603.4 4872.61 75.6753 3940.75 4563.61 2349.31 3285.88 1465.86 1380.3 7092.16 
852.773 8196.53 8963.21 844.092 9358.37 9027.9 5888.91 6579.88 8420.15 7738.87 
6313.97 5928.76 8974.44 9441.96 5714.21 6216.93 4206.59 5350.64 5974.22 3478.35 
7678.88 7577.62 8350.97 7754.56 1518.35 2914.57 103.848 4804.23 4380.42 1484.15 
1896.37 5233.2 9680.68 859.566 6077.29 9039.03 9887.46 1966.18 5618.9 8307.6 
9705.05 1932.85 4236.35 8679.47 1374.79 9950.55 4896.38 5581.38 5301.17 870.578 
9059.73 2980.03 8448.19 7410.68 734.573 9966.54 325.232 838.421 4770.75 4705.65 
2322.57 6667.12 9938.85 2003.23 7526.69 6016.12 1042.25 7414.13 7982.3 6661.15 
5721.71 7687.33 8594 9958.06 6366.78 9968.79 9908.59 1263.14 5550.15 5209.74 
2133.72 4609.86 8189.77 581.895 2020.53 8924.35 548.418 2345.76 9762.77 5319.17 
7051.41 2085.32 1986.27 6990.24 4088.56 9512.96 3006.35 5130.8 6927.07 988.63 
1791.93 2648.77 8675.96 385.913 2606.81 5042.72 354.682 2515.38 6305.86 5904.83 
7725.12 8439.58 514.669 5914.88 9021.48 2535.19 4839.21 9569.89 4880.95 4601.96 
4889.05 1932.35 6687.28 6875.32 8922.59 775.818 6388.26 1928.92 5906.62 3315.32 
2917.55 7698.56 5964.08 1593.49 8084.47 8570.89 6636.22 8439.15 1086.25 2942.06 
4343.96 8811.37 1381.62 4858.63 4726.24 403.083 7393.83 9565.44 9972.98 2274.76 
4167.39 4862.01 4207.11 854.648 1737.31 3129.68 1630.47 8125.57 5058.6 7537.09 
1440.86 7976.15 5235.63 7404.95 9569.64 3320.08 5975.82 6205.84 1759.22 7062.07 
9147.9 6103.18 5873.43 529.51 961.791 599.65 932.594 8355.62 165.076 905.554 
630.36 4332.46 5767.56 4837.47 5187.11 7504.87 7967.14 6817.57 5630.42 3025.72 
4354.65 7071.28 1001.86 9590.27 4476.21 571.484 2910.34 452.016 6777.33 4669.55 
7514.09 5925.21 772.713 3387.5 6454.72 1734.5 3987.15 7387.31 90.1039 4152.23 
8292.87 720.464 8484.69 4060.41 5557.93 3671.78 1565.26 3525.05 489.34 7195.68 
6550.78 4843.99 4266.94 7552.64 4434.24 8743.15 8124.12 7344.58 9195.17 4901.43 
2014.12 6709.24 826.623 2786.83 96.7313 7281.34 4521.33 4083.89 4668.64 4611.44 
8236.12 2961.49 5331.9 6720.79 7021.91 889.812 392.556 8587.17 4414.87 881.896 
5782.83 965.629 5725.88 49.7519 8518.27 160.106 8792.91 6642.37 7504.69 7988.06 
1543.78 9518.8 4697.29 2370.4 2305.61 4794.02 9651.75 6826.94 8877.9 4320.37 
1438.36 7114 7281.87 6770.26 3834.77 4303.75 7660.08 4227.33 2890.9 2074.93 
5109.23 8673.73 3040.55 835.089 8723.48 1558.8 995.195 7516.37 8201.17 8499.88 
5504.41 9744.96 8018.66 201.683 2115.34 324.26 4995.7 1767.07 7151.2 3873.59 
6087.45 8589.57 987.57 3369.3 5359.82 4822.34 7673.05 3019.87 9049.67 563.936 
5094.8 4158.88 9237.67 8135.36 4993.97 7961.13 9694.16 5989.17 5477.49 7895.32 
4489.03 981.882 7640.25 2507.68 1183.56 9755.6 2831.94 6179.26 1522.66 9983.14 
52.8335 7610.1 8572.69 1040.4 979.383 3932.49 5862.75 8652.43 6952.37 4912.41 
9216.37 2047.15 9071.29 8454.02 182.488 4065.24 6415.13 9876.65 54.3953 1892.6 
7771.95 4543.43 2874.48 5412.18 7051.11 4058.05 5167.77 9883.04 237.295 6690.42 
9866.17 290.128 4300.51 8438.85 1330.53 5279.89 2371.32 7193.28 3932.31 9323.69 
2105.67 3148.66 1370.82 1176.94 1602.66 1553.31 5242.19 8017.79 1429.94 5296.58 
9910.4 9201.89 9840.01 2784.86 4614.06 6891.1 6842.91 9781.82 6774.12 7080.2 
6472.23 6640.28 7370.33 772.72 5079.11 8700.86 6052.61 7450.43 5894.13 9984.92 
6774.1 7999.8 3133.56 8144.93 9176.74 4736.23 9698.24 4418.91 2754 1128.16 
9715.5 2664.38 330.031 9555.49 5449.24 4944.09 6446.57 2292.13 4725.89 3220.68 
9372.34 1198.1 9860.95 6742.65 1970.82 4940.04 5443.5 8023.43 2390.46 1337.61 
8008.34 9164.56 9337.41 1141.88 7309.47 8514.13 5878.11 7007.69 2933.02 8632.11 
8135.85 2648.5 1296.48 8465.88 2203.97 6745.72 3409.95 8650.54 9037.85 8135.84 
1871.2 8410.17 9333.94 1732.14 5152.8 1304.75 6672.18 596.283 9328.18 9062.64 
1933.89 7336.5 8227.18 1271.28 8478.38 5536.63 9785.41 4356.48 2544.3 2718.42 
2988.57 680.128 5366.92 4285.05 9146.01 7570.89 1030.75 2555.94 6221.42 68.5809 
691.759 8092.62 8478.75 25.683 9824.76 3631.54 1330.43 6496.92 4227.82 658.591 
5559.54 6161.71 7995.09 3786.7 7432.99 6473.46 9323.33 7218.38 829.915 1867.61 
9936.8 3818.49 2547.74 5303.7 8103.53 1693.73 2874.58 9134.28 4249.67 9096 
9202.86 4941.42 7188.6 7681.59 4967.11 7013.34 1313.11 6297.54 3510.24 5540.93 
6956.13 9069.78 1702.63 4951.2 2856.47 9135.62 1424.64 2179.78 6353.98 2254.55 
4047.39 6290.77 6073.04 6595.13 1594.45 4176.56 8288.86 4469.03 3310.82 2538.51 
3565.01 2513.66 7479.93 753.588 195.238 2447.02 7766.92 1508.35 8744.56 1277.15 
7049.29 5700.67 346.91 8751.92 651.852 3203.38 7887.52 2076.49 5383.16 4241.49 
4331.05 9430.55 532.235 404.071 6025.67 2126.69 4580.63 4314.51 6595.72 7891.45 
6853.02 160.708 405.09 4332.94 914.296 600.328 6779.96 8681.22 2108.68 5524.5 
9958.37 9157.97 1225.15 305.26 7909.87 1877.01 3508.64 5797.37 3953.5 8891.79 
38.8347 8284.54 8322.33 571.07 8688.62 4347.97 2697.76 3269.23 8662.48 9293.47 
1160.65 5515.49 9454.18 1565.74 9848.42 368.461 2166.07 6628.37 9049.68 4274.75 
2152.85 9008.03 3432.7 3378.01 9313.29 1342.55 5255.01 2821.91 7139.92 9208.51 
1713.69 7178.75 7493.04 35.994 7749.82 6181.64 4383.97 447.563 9450.87 3046.43 
9741.04 611.505 8561.92 9195.2 2177.25 8410.33 9563.66 4343.32 5038.68 8613.33 
8618.08 7191.53 7621.34 2050.76 569.521 6934.62 3393.31 5824.53 9756.53 533.215 
5033.03 1470.19 7711.97 2526.05 1506.19 5461.77 8707.69 5890.16 5909.34 8158.54 
8936.59 5650.36 8770.05 7498.5 4845.54 947.282 5908.81 4409.19 5290.6 947.468 
3022.5 3908.66 8139 643.821 5959.42 8708.52 7578.44 9352.74 4533.04 7334.94 
9885.95 9566.07 8805.14 7597.9 2092.1 311.31 3059.66 799.781 6201.47 8969 
8958.33 5138.04 4619.34 7728.36 2636.52 9464.88 8675.64 8545.33 3874.05 3966.23 
9492.79 6896.55 7874.89 7631.78 7540.37 3834.29 6340.28 5118.79 3187.01 873.299 
2453.72 3072.95 439.348 1258.84 670.836 2531.45 1570.15 3730.5 3331.23 7771.61 
2699.48 2289.54 2909.64 7318.82 17.8807 5546.16 6783.69 8693.52 4091.47 657.721 
2659.73 3584.24 7554.27 534.601 1216 5094.62 4368.9 7556.28 213.396 7555.91 
8429.58 2667.11 628.843 8868.93 3925.95 1299.68 1400.37 5496.1 5030.18 4731.6 
3267.7 7729.66 7021.14 6177.34 5048.46 7039.02 1723.48 1832.13 5732.52 5814.94 
2489.85 8392.25 9399.19 44.1023 8926.85 615.177 5138.73 3295.73 8171.46 5352.12 
851.624 6601.02 8019.24 1480.47 5469.94 1945.17 2780.15 6870.3 7441.27 7810.32 
1601.88 708.952 5539.96 8623.02 6886.29 588.406 5662.02 8609.77 2420.53 1394.53 
4424.69 4910.38 9786.78 3823.87 4954.48 8713.61 4439.04 93.1941 2009.33 2610.48 
5445.32 2860.95 9211.51 3464.54 4341.42 4681.43 5409.71 7121.57 1551.72 2850.96 
4931.87 3153.6 3559.91 471.821 1776.61 446.183 1060.23 7438.63 9055.95 3480.76 
8833.16 3480.62 8391.14 8619.92 7304.49 3345.61 7333.51 1743.52 3438.8 9342.84 
4354 8884.12 2203.78 3565.49 2348.64 6545.2 8246.92 7758.35 3666.74 9798.64 
609.291 8598.62 2952.22 4169.2 9070.44 4728.83 4615.39 130.65 2167.44 3671.32 
3611.41 1000.58 7151.94 2002.54 9620.5 4456.42 5348.15 6954 6199.93 8786.95 
6296.82 553.915 7671.06 8500.6 4119.41 19.6822 5045.77 2366.31 7778.03 8712.52 
2164.94 8387.32 7311.12 5117.16 2556.51 6381.54 9845.99 7171.89 6512.19 2013.41 
843.195 123.587 3013.99 7995.14 2126.12 2634.47 2451.54 7474.27 9588.47 8651.47 
6261.21 5885.27 9205.38 3932.25 4385.85 3324.78 3951.93 9431.62 5691.09 1729.95 
8144.12 7856.02 117.249 5455.23 2973.17 2673.76 1836.75 2819.14 9845.65 8348.95 
4832.55 688.829 8472.53 7846.55 8683.97 598.639 481.004 1135.49 8072.91 69.4565 
9786.96 4334.1 5954.73 8992.33 8266.35 340.562 2317.09 2218.27 9772.18 8008.17 
3948.21 7916.29 5864.18 4065.46 3371.5 8837.35 6739.22 5208.26 1656.47 6584.85 
3557.18 6489.02 7273.68 2029.7 4335.55 5957.63 2628.34 4816.55 7093.12 701.233 
4886.01 6880.06 5035.34 840.721 5872.38 3301.67 1181.28 8189.46 5519.94 953.452 
6197.62 9468.16 8869.74 2061.78 3533.6 2241.23 899.111 272.805 7449.49 2555.58 
6857.66 1006.65 9044.6 4131.32 3036.35 3380.13 88.9383 5664.69 8196.69 7182.06 
6365.92 3082.68 4062.11 1401.24 3923.4 9934.48 4702.92 5104.68 8123.93 222.84 
6058.13 4321.53 9691 4927.86 6383.31 3224.58 7169.09 7282.42 3497.39 4618.56 
9838 355.027 5625.21 8882.58 4486.35 8661.56 2262.7 4575.29 4326.24 459.364 
1757.33 692.142 3542.04 5819.44 2093.38 7465.44 5753.9 6796.3 2570.11 3877.81 
7019.14 8628.24 8199.34 6710.12 3556.09 4582.63 9934.7 725.164 1865.03 3432.07 
5343.72 1703.01 3787.1 968.921 585.572 8273.45 9630.48 2848.27 2848.72 3956.7 
3307.63 4606.05 4648.85 6849.67 425.468 6742.23 4315.1 6179.37 3538.51 6885.21 
57.1645 557.633 5513.44 8256.5 7267.75 9069.52 2839.11 7202.43 9794.69 4704.14 
634.485 5138.4 6407.15 4421.58 6107.32 6992.72 2695.01 5737.78 9840.99 5543.72 
9694.49 3148.6 149.754 4343.32 9998.28 575.222 1085.53 4313.36 6754.59 4624.04 
1198.55 6811.76 5181.67 6711.99 5068.24 2449.41 5781.49 7907.35 9651.84 5576.17 
2611.48 286.31 714.544 9018.63 4707.89 6821.86 6011.34 7402.9 2559.63 5852.31 
2946.61 2254.1 9000.92 3096.36 6597.41 8999.18 3671.58 7682.94 3312.52 426.157 
2306.97 4511.07 7237.91 7488.64 1223.04 2306.14 9938.05 7004.54 213.477 9589.88 
2580.69 2824.96 9876.19 3295.23 1843.57 4584.06 117.072 7854.91 1986.94 2676.7 
3707.21 4933.54 4930.8 2708.1 8029.9 1528.19 1707.27 1701.47 9211.14 5019.79 
2127.63 1518.09 9530.86 9365.54 9006.73 753.886 1671.66 8944.76 7758.42 1885.14 
8534.62 339.093 4710.1 8410.79 3634.32 6553.67 2994.83 3751.39 4408.56 4981.77 
6428.09 8115.77 9915.32 1358.87 823.855 7945.2 2887.07 2531.12 9646.67 2098.19 
7550.91 1774.28 3616.28 7081.75 1139.81 2622.99 7835.64 2811.47 1567.74 5594.04 
4696.61 102.34 5933.14 9406.7 8513.13 9567.46 5960.35 1507.95 3318.84 368.899 
6489.72 9746.93 8484.67 6405.02 1105.79 9308.52 4350.2 3992.85 1839.63 3996.86 
6091.04 9390.53 5771.14 9707.32 6472.27 6910.95 2330.29 4307.88 9722.41 3898.03 
9901.93 4419 4000.37 5835.05 3825.69 2513.48 5402.49 9786.04 4021.43 8721.33 
154.923 511.125 8468.24 8639.59 6916.14 9574.02 7948.09 1266.33 3566.86 9787.72 
5263.19 9657.9 9178.23 1034.31 9365.2 5650.48 7945.26 1695.48 9958.37 7667.65 
5593.5 9860.28 2086.64 9593.87 5695.31 5912.32 2107.33 1097.78 5698.35 6128.76 
9819.1 5853.27 6639.88 8287.33 4492.84 3556.01 7861.33 2440.92 4822.33 1428.18 
2228.62 85.5012 1086.06 1406.84 1119.81 451.245 7057.32 9065.07 2146.72 7015.67 
6732.7 7740.22 6875.93 8819.34 7334.07 2571.22 4731.65 9441.41 3669 429.982 
5570.15 3488.09 6283.25 2210.01 1775.4 776.079 5766.02 9636.73 3217 588.333 
1064.89 5445.62 673.834 2150.95 6852.46 1793.65 2602.19 3909.76 858.697 4748.91 
925.414 7591.4 2489.12 7801.34 6410.73 9823.19 372.548 1142.36 9264.58 4041.55 
1572.34 4834.71 7529.64 7855.6 7044.73 9305.03 8631.67 2810.73 8941.74 1848.66 
3399.06 6.61476 7294.28 4072.89 2157.56 4146.72 5866.54 4759.75 8056.48 6725.24 
9508.67 8981.89 4316.62 1997.77 6783.22 727.33 1820.95 7155.77 1869.69 1085.52 
1197.3 3442.03 5920.23 8726.94 1297.61 2964.94 8031.95 9929.29 5775.67 6973.68 
1777.93 9174.73 6980.29 9072.2 3247.61 9137.86 3218.9 9114.14 3897.59 1275.36 
5839.36 3406.24 257.237 155.966 5404.01 7040.46 883.296 7224.96 4196.21 2752.99 
8310.48 5393.51 6195.02 4230.69 4120.43 7492.63 7195.63 2152.36 7421.9 2971.29 
9126.04 9199.83 2146 6106.32 8272.01 5393.6 5244.16 1490.89 4507.73 9141.75 
2766.26 347.076 2547.98 3023.49 503.041 7951.99 63.9318 1386.34 5176.94 4260.14 
4139.32 3487.4 9653.65 334.327 7718.09 3774.06 7826.96 4913.71 5926.42 5248.84 
7885 5052.44 4448.65 30.9779 1158.74 2720.64 5424.58 6402.9 4211.54 9932.31 
5544.63 6977.79 279.369 8092.61 1.26762 782.41 6044.58 65.1994 2168.75 1221.5 
4325.34 6308.07 4708.9 3978.97 6642.4 2426.98 7753.03 4469.34 7340.69 3679.43 
9718.18 5225.67 8731.87 4166.82 5256.65 9890.61 6887.46 681.214 6293.49 1098.98 
613.508 1838.11 8076.77 892.877 9930.72 8078.04 1675.29 5975.28 8143.24 3844.03 
7196.79 2468.56 152.089 1905.67 6447.53 6794.49 4332.66 4200.54 1263.81 1673.33 
7879.97 981.977 6899 6611.82 5148.79 2155.64 6502.42 2036.24 2836.85 2795.89 
3135.22 3450.36 4634 1211.98 4343.24 4564.7 9290.02 6018.52 539.966 7433.25 
9862.56 7736.75 9901.81 14.6306 9642.43 6349.33 6809.12 3975.07 549.856 8072.93 
5648.4 8429.83 9054.91 2547.39 5041.63 4203.69 4703.02 1544.03 6239.93 7539.88 
4339.92 9375.15 990.22 8973.92 587.113 5333.46 3538.61 9877.14 1351.96 4078.57 
7310.37 1214.51 1815.31 7212.17 1229.14 1457.72 3561.48 8038.25 5432.79 4111.34 
6111.17 1081.17 2541.15 5166.06 3628.55 7582.78 9369.74 8331.57 9126.81 5609.65 
5871.43 3466.72 4984.78 6861.65 2440.62 5571.9 2195.09 5979.23 5449.02 3547.06 
57.7881 2759.37 4761.56 1873.1 9971.53 5990.7 3330.82 3533 4028.94 8763.6 
7644.33 140.087 9844.77 185.459 5306.15 3473.3 7768.24 4675.87 1804.86 6895.03 
285.507 7676.29 361.726 5270.29 4537.93 2802.35 842.171 6733.02 8781.58 6291.19 
280.064 8839.37 9050.55 5041.63 712.45 9022.07 1032.31 4043.27 2555.05 5061.25 
2806.85 199.363 5201.33 2651.6 384.822 507.462 6124.9 8153.06 5183.33 7929.76 
5048.07 5468.84 5606.04 5409.79 739.116 143.95 8212.14 1581.29 6876.97 6993.71 
7872.47 7157.04 5833.06 6923.01 2198.65 6545.51 5945.06 3230.96 588.761 8500.11 
8292.2 3395.61 8699.48 3493.52 6047.21 9084.3 4000.98 2172.1 7237.34 9184.32 
101.844 2285.39 4653.14 5707.88 7695.19 5392.26 5851.83 5907.31 6973.54 2728.79 
2901.01 4846 9885.83 8734.07 1768.99 2084.46 5279.56 7714.06 5315.42 5868.33 
6214.15 3607.6 9263.94 4913.61 7101.13 5311.13 3997.9 1102.09 7483.23 1235.22 
286.394 7585.08 3520.61 4939.54 3292.94 1215.78 331.779 9144.77 7123.09 7305.32 
1873.54 24.0831 2151.31 1759.35 8758.15 3920.3 3843.81 4037.7 1634.34 9159.23 
9906.02 7848.5 2766.82 9169.95 2762.09 9867.94 4481.06 6759.99 970.018 1964.28 
7995.21 1256.41 9549.35 1515.8 6195.95 2842.28 2731.58 6527.73 1987.03 9854.67 
3833.03 3860.58 9878.76 5984.34 5619.93 8636.89 9904.64 9463.74 2674.57 1538.97 
8622.96 2580.58 9387.46 1389.76 1750.51 2149.54 1257.68 6231.57 8909.53 2227.7 
8195.85 6904.72 3484.11 7745.19 8420.52 9680.06 587.446 1152.08 6207.77 2574.48 
1006.74 40.7905 6435.06 885.478 6025.13 2054.97 9522.37 5929.76 1518.7 2196.93 
7468.73 141.637 4777.51 6856.17 1531.39 6528.02 9005.71 2789.07 2759.57 7915.22 
5016.77 955.405 4819.92 8500.88 8700.59 3240.42 8180.93 9288.04 4392.5 4388.69 
1862.5 5399.24 4429.48 8297.55 6284.71 454.591 352.508 5807.07 6384.35 1871.21 
8003.99 3853.06 2012.84 2781.49 709.216 3544.23 9309.5 9714.93 6333.31 2069.06 
7630.13 1350.06 3024.46 2450.03 9850.95 1725.04 5690.45 8031.86 1013.06 82.9288 
2420.53 2875.55 5482.16 6850 1173.09 1766.86 7304.6 1525.6 7573.93 3688.93 
3396.8 5577.9 7541.99 5409.65 8359.39 8251.21 8953.88 7668.87 7966.12 5287.17 
9737.93 5596.23 6637.24 2762.38 8046.26 6488.17 4487.42 3736.69 4520.01 5500.47 
3819.62 6940.54 8376.03 9301.78 3790.53 9549.12 1068.62 1095.11 1074.7 8642.55 
4784.04 4471.51 4220.44 2326.01 9881.16 2579.81 577.202 8835.02 248.664 8543.32 
4122.18 9986.6 4139.53 759.396 2748.96 2185.77 7247.56 7236.38 5922.46 1767.56 
2736.84 9742.08 8708.1 1112.85 9043.84 2498.62 661.953 112.451 3593.73 1736.66 
8755 8377.77 6208.16 2975.42 703.767 6089.3 5555.23 1280.97 4924.31 5803.89 
9824.29 9046.48 5790.47 3963.8 9805.88 8539.43 6149.57 7053.43 5775.8 2072.01 
8820.99 8512.63 1814.07 7529.08 9625.48 857.896 27.6778 287.417 970.347 3621.41 
2024.07 9725.35 1999.16 8232.24 2700.75 2702.93 4321.52 8255.98 3983.9 9245.83 
4059.85 3808.17 8292.3 9850.32 7771.97 8098.16 8389.74 3921.52 5151.57 4165.52 
5993.53 3972.54 2678.13 7807.6 1501.59 2303.6 8665.5 1529.27 2591.02 9635.84 
5150.68 4615.09 9361.17 7149.84 2847.31 2061.91 9852.77 7168.83 317.871 3836.65 
6414.65 4377.72 7644.82 4706.93 4228.03 5416.77 2805.07 2617.75 9338.29 7956.63 
6783.27 5331.8 1929.15 9461.41 3139.38 3430.75 1764.99 1804.86 4960.02 4356.01 
1440.68 110.682 8971.1 801.841 7260.52 1818.39 2863.75 7113.28 8987.22 3181.62 
949.917 5401.85 7559.34 8594.74 108.765 1787.36 4011.5 2913.83 4405.11 3349.77 
870.447 1188.37 8681.57 2799.6 649.762 1820.93 6230.35 2414.75 3625.79 1190.35 
6770.76 5066.48 1301.03 5741.84 5868.32 8561.55 7560.23 8732.07 5674.82 6547.43 
1913.67 6624.73 1949.27 9473.01 5219.46 2058.04 1260.36 9230.95 4971.87 5665.47 
2580.7 5842.32 6853.84 1262.26 8641.92 7503.6 3083.19 4872.24 9918.36 6708.98 
6062.59 6689.1 1775.44 7363.62 2430.92 7643.76 5925.16 9991.15 6375.81 1599.96 
6538.56 8289.48 8224.69 8487.83 7762.48 3444.13 545.854 9022.83 2675.06 5517.72 
4688.29 5255.77 1360.02 1542.11 6518.02 1.92047 9045.71 9601.21 4874.16 8964.05 
6310.18 936.737 5653.13 8085.62 8300.36 8084.05 5729.36 4225.5 8075.18 2105.15 
5825.45 4613.73 394.616 4050.12 3101.54 8157.09 7494.25 3647.4 7179.91 169.299 
9165.12 1868.18 5425.07 525.128 3410.29 1943.07 527.048 2455.99 1544.26 5401.21 
1420.03 7854.44 6337.95 7073.16 5940.04 4638.29 5157.2 1669.38 8863.78 3232.36 
3774.54 4689.22 7846.09 4169.15 8739.34 947.618 2326.23 6233.58 4595.02 9506.14 
6402.87 3760.12 1374.31 1827.92 4285.25 4784.6 3770.99 4812.3 7240.59 5315.26 
213.493 8660.62 3169.68 6551.44 5733.77 9109.72 1189.71 890.946 779.091 53.4789 
4123.31 4553.63 4742.7 1969.38 8722.78 3482.02 2917 1049 9715.59 7512.02 
555.124 6118.45 1272.12 1929.43 7946.37 5557.37 6714.03 1717.35 369.653 3954.61 
7032.61 583.145 2615.21 202.274 7134.59 8348.97 9312 8324.3 9239.92 91.0712 
8377.78 3363.21 4644.7 3120.46 5332.6 3367.47 6602.48 8249.6 4416.46 6318.05 
5761.6 4971.59 2436.49 7033.72 6901.02 382.846 2591.07 3615.04 2100.2 2960.72 
7569.65 9132.81 3543.87 184.839 9335.08 678.44 8533.81 8647.06 9002.74 7773.72 
8738.13 7380.5 1136.91 3382.82 500.943 6469.51 6750.28 7103.42 4719.09 1166.73 
3421.46 480.667 6138.32 5857.94 7514.38 3039.32 6240.79 105.439 6654.36 8340.99 
3066.16 4223.99 7473.78 6610.03 4408.83 6808.84 7288.47 2942.62 5455.89 6291.2 
716.325 4194 3671.68 1853.24 7576.82 4172.62 8322.75 4327.08 1276.03 3041.82 
5493.81 4697.48 3522.49 1632.12 555.411 1036.85 4671.44 6796.2 1142.29 1325.78 
5137.17 4208.46 5549.77 2610.93 818.474 9958.6 9419.78 8106.95 2901.21 4875.65 
4398.13 3617.53 9069.65 8069.81 5470.77 6646.45 2242.42 3793.5 973.52 3518.45 
6835.33 6467.33 8215.93 357.796 8099.45 8771.34 1394.65 2770.87 5567.53 2536.94 
4096.66 704.682 6745.4 9646.43 3315.62 7563.88 9605.01 2735.38 5670.81 2506.2 
7611.02 68.918 6123.73 6680.65 8138.73 1594.49 3327.09 381.129 5387.99 4300.61 
3899.57 2223.3 767.927 2115.49 2581.09 8867.38 886.81 3975.74 1638.24 6454.34 
6512.69 5734.89 7159.02 3258.07 5381.31 474.617 821.932 4986.3 3209.99 6492.74 
7492.5 820.998 6561.66 3616.22 7501.65 4700.37 5210.71 828.726 5081.5 598.679 
5129.34 8981.07 2821.98 5897.26 1096.54 5403.07 4764.63 1983.35 9378.82 6402.86 
8437.69 5891.49 2137.74 5596.69 9149.56 7519.05 6071.31 9971.49 2505.33 9281.3 
6464.22 9997.83 102.279 3025.86 3614.04 7603.93 7726.23 8824.74 8432.66 2807.71 
9423.42 3561.98 1788.76 2245.38 9459.24 2885.3 7648.45 4223.85 4868.66 7027.25 
626.694 3306.33 2918.73 2764.43 8903.02 2068.27 283.462 4974.3 2039.75 2788.79 
4255.58 8503.96 2786.61 4357.86 1529.8 6400.65 1961.78 9256.03 5225.37 394.42 
2063.72 4648.78 3956.4 3852.48 6894.16 3415.62 6737.79 4542.6 7639.47 1606.42 
1569.84 8266.16 4912.75 4488.56 1030.58 3815.75 6556.83 1314.04 8790.05 8596.58 
4102.83 3045.62 7100.53 6889.45 7403.49 8630.34 3290.08 9365.27 7886.35 8515.45 
9759.69 9950.07 3164.21 3716.07 3802.53 58.3595 7131.69 540.302 4600.96 4771.14 
2146.73 6170.8 3037.29 7059.48 659.343 4067.87 875.213 7216.18 5381.91 9665.27 
5812.74 9484.74 2710.87 2913.26 6374.17 114.345 1543.57 9664.25 9479.61 9429.92 
8179.68 9239.28 9379.98 1343.88 2955.33 3182.49 1402.24 86.9993 3722.79 6003.2 
4858.14 5869.52 2173.98 7895.43 2928.98 2833.32 1963.27 3804.2 49.4845 7345.18 
3469.45 5862.23 6829.91 6180.32 8775.48 3204.06 6294.67 319.041 2868.29 5774.26 
9748.96 1047.96 5013.52 9128.92 2391.84 7968.85 2311.4 3794.09 8055.85 6034.19 
9797.29 2913.97 1903.69 1971.25 809.383 4832.68 4804.58 2772.66 8636.87 4854.06 
117.822 2106.3 716.271 6947.73 8286.62 9491.75 151.775 4581.27 9810.79 3020.07 
355.519 9559.74 4068.03 5369.04 8688.65 6459.88 3337.88 1000.03 253.947 1393.72 
7034.22 51.2177 4307.69 8937.92 2022.47 5117.07 3770.58 6827.05 7889.73 2407.43 
1681.09 8007.55 4513.74 2397.36 4955.27 2800.34 1889.1 5107.04 7381.62 1699.88 
8127.11 7737.14 1259.6 2195.13 3106.16 9948.25 8655 6444.04 948.265 8908.95 
7837.76 7982.49 8960.17 2145.43 6920.39 982.622 7262.51 690.945 7809.67 5152.22 
3098.38 9490.76 3159.76 7612.11 1888.1 8115.02 412.443 3777.2 3222.05 7794.06 
5477.07 1349.14 5531.18 6736.67 3544.27 8637.35 6684.91 2199.25 5081.38 7633.17 
1108.19 2919.12 5615.64 68.3406 5064.55 2536.01 1050.96 2327.04 3226.96 8860.63 
7479.26 6325.34 8351.37 638.996 3937.43 239.451 8754.02 4349.88 4016.65 1976.05 
2143.92 9493.72 3325.19 7675.11 6230.38 6869.45 6312.44 2915.27 9068.71 1393.8 
548.427 176.88 4312.91 6164.07 245.22 9377.46 8700.08 1296.18 1704.49 1927.02 
156.794 9183.74 8252.36 8508.16 9822.74 2189.77 8747.61 8576.74 6539.65 2764.24 
552.77 8683.57 2257.95 3877.96 6358.66 8488.33 747.394 2671.08 1403.58 9816.1 
4064.87 1952.01 9992.98 8377.79 8116.07 238.184 7755.23 6816.14 1534.37 9459.72 
8743.16 1691.16 8643.45 6995.5 199.307 8466.17 9185.27 8946.92 7042.89 5724.9 
1711.15 7595.66 4408.45 3969.1 1473.6 767.094 2457.4 2221 3438.17 3860.98 
2037.08 7503.05 5812.99 2030.05 5880.82 3929.04 2268.23 3636.04 745.166 3802.6 
3095.74 9488.32 5493.76 1739.17 6483.8 5693.06 205.32 5669.05 4639.97 7248.21 
1393.94 6351.12 4843.86 5802.39 320.194 6317.46 6569.48 2777.6 8538.45 7.63868 
6638.58 575.518 7510.69 2451.55 2605.56 3391.49 6380.6 4873.79 7027.52 7125.76 
8676.39 123.247 6614.07 4170.13 1862.42 3097.85 9863.19 2067.74 8766.91 4503.14 
9315.95 160.829 854.243 4159.79 5963.22 1174.44 477.229 2532.68 3952.03 9015.68 
2540.32 590.598 9591.2 50.9916 3042.15 2196.75 3442.48 9422.75 7070.54 469.986 
6548.49 5746.91 593.233 3162.54 9917.04 2455.65 6260.4 9780.22 4523.39 5027.29 
4283.35 3839.32 5188.12 5137.59 7999.1 1151.32 6312.02 8476.33 3684 264.043 
7492 6224.32 854.641 7083.18 6275.32 3896.79 9279.93 9717.79 3319.52 6350.45 
187.764 9868.01 2097.35 780.998 3030.53 2014.37 3236.65 9290.93 1794.57 7760.03 
4318.2 6077.92 1599.33 9506.32 1215.49 9598.44 657.618 7527.51 8074.75 4341.62 
7791.55 5566.73 565.927 8646.2 2649.9 6841.24 2542.97 1929.81 6559.02 5862.49 
8280.26 6746.79 5730.48 377.587 7527.78 8761.02 2391.96 764.414 8051.93 4186.53 
8524.45 2370.11 264.428 123.762 1876.41 1479.92 9722.2 2534.03 9007.43 7796.93 
6875.65 6798.96 3363.65 7441.58 5445.14 6013.54 4282.81 7988.11 7943.35 841.81 
3850.58 6223.59 7588.6 9581.07 6601.18 5116.36 8342.06 8993.14 5880.78 6393.98 
3179.65 4405.21 8764.09 3444.08 4528.97 640.488 4923.99 4251.15 3174.52 3931.4 
2048.06 50.1566 730.349 5411.71 7491.74 6175.49 1425.23 1774.53 4163.59 9368.58 
2616.34 8014.17 5592.16 204.914 7595.22 2193.32 5321.28 5937.27 1186.44 1202.03 
2331.23 4366.09 5607.24 1095.3 7810.17 136.191 1735.79 2734.14 4387.34 4910.31 
6665.54 6435.4 4960.47 7395.89 1847.1 2452.18 3571.36 3272.33 4226.71 7734.95 
2640.9 6843.05 5749.11 8233.06 7047.96 3344.31 426.363 2369.22 9281.58 1612.8 
3571.25 1612.79 5978.89 9178.49 2708.09 3789.04 9314.68 4443.87 6523.18 3702.01 
9354.18 3188.7 137.393 4314.63 584.575 1984.49 6766.82 4155.94 5256.82 993.51 
1890.87 7897.72 7836.56 7639.98 6130.76 4884.5 984.273 6557.12 7253.72 265.833 
8169.93 824.952 1878.62 4148.8 3.42773 4586.71 7937.84 9318.11 9030.58 4461 
3020.1 8384.75 7649.71 3157.5 2699.36 8234.28 5141.99 9466.18 2390.2 398.788 
459.671 4281.08 8296.51 8296.23 1921.04 4427.25 3180.71 2905.31 984.356 434.406 
3171.15 9154.28 1259.36 5049.76 3303.07 1262.79 9636.47 1240.89 580.88 8667.04 
5701.9 3600.98 7051.77 3351.58 6758.48 9751.13 1585.85 1900.45 9217.29 3976.05 
2299.23 9676.96 8257.13 595.725 7973.17 178.149 5022.98 1153.86 3083.46 6007.33 
1588.27 6254.61 5161.6 2847.62 1304.35 8464.67 4110.41 940.809 9705.56 4691.29 
9607.84 5407.44 8292.27 6659.59 8759.02 5050.73 6410.7 344.851 6951.18 5627.98 
4320.9 9250.42 5304.92 2578.01 9846.14 3278.07 2756.16 4869.1 4431.93 5839.62 
876.414 6020.2 2094.21 6038.01 8867.83 3398.57 4502.66 2978.22 4339.38 4208.2 
7669.51 3947.2 9615.63 5961.77 606.778 8374.64 1012.48 7017.48 8719.49 7963.66 
2645.44 3040.37 7214.06 7950.36 5618.39 7060.19 1228.42 8374.55 1929.27 5660.35 
4214.15 2805.68 1680.54 6308.36 8843.69 548.347 9706.93 3346.34 3526.57 4046.29 
7554.53 1196.06 7993.49 7170.15 7157.82 8600.27 5544.77 8170.31 5617.74 4264.24 
6133.95 8263.18 7304.62 3348 6213.52 2922.99 408.168 7441.94 1297.52 2337.44 
3102.28 5511.67 5143.12 4782.82 1820.02 3986.79 5331.16 1526.93 7333.13 8857.73 
5573.22 4887.65 53.7704 3566.7 2057.78 7211.59 2166.96 7602.55 5381.88 7784.69 
1866.78 1515.82 6047.86 9171.4 4863.82 2261.36 2094.37 5271.99 9703.3 3391.88 
7609.42 2805.57 8903.55 2752.52 7588.38 723.55 6739.32 2919.53 2250.48 4072.43 
1777.24 7823.71 8960.08 1831.01 1390.39 1017.84 9042.6 3557.35 8620.4 4424.47 
1342.02 487.161 5940.29 7389.88 9658.56 804.094 9651.24 1752.91 6076.08 9354.53 
5144.8 3685.49 2160.08 4048.33 6438.01 9748.46 4771.88 3177.31 2667.97 7022.36 
7249.74 4445.21 4846.05 6209.8 6276.22 6236.44 7227.65 5318.8 9793.79 5848.03 
9743.27 1135.79 6335.19 5683.55 8525.67 5993.73 6487.64 8176.9 7746.64 2563.7 
7531.41 2891.42 6249.19 9691.49 6939.75 2687.19 9439.93 1711.62 5864.5 2107.88 
8733.98 3114.23 6553.09 3580.01 9324.03 2829.29 9816.46 6551.66 8148.09 9610.22 
2399.67 7891.35 746 8734.86 3574.88 9271.67 4728.57 62.4991 7448.55 2475.2 
2626.2 4979.95 5366.62 8875.4 4671.42 2306.35 1562.57 4111.34 4017.97 7427.07 
6219.22 2751.93 541.277 2772.3 6331.95 9865.31 5601.59 6148.39 6416.95 3749.66 
5758.6 8816.62 1640.99 6504.6 7551.46 5215.87 5776.25 2280.01 5278.37 3224.79 
4755.2 7904.57 8204.74 121.805 6779.95 2876.14 2428.16 8342.52 6987.48 6446.13 
5769.57 3206.69 9198.06 6310.85 5978.99 5530 6176.14 1580.56 1678.37 2593.07 
5330.22 7436.96 1409.67 6971.22 3941.54 8961.13 2187.07 9717.79 1241.12 7465.44 
2942.57 5996.33 5369.99 1147.29 6118.13 2149.93 4023.43 8546.29 492.43 1010.9 
4992.4 6262 4217.59 4190.45 2572.83 196.559 9720.45 8748.97 1777.12 1398.8 
1342.02 7107.34 8835.76 2751.69 4078.54 2777.29 1712.8 6265.61 2495.07 2953.93 
3731.03 5437.63 8950.25 9101.03 6584.92 5068.37 1250.94 608.334 3614.64 1743.37 
1619.23 8607.04 8005.37 5836.82 2797.47 578.182 6033.38 2517.91 9327.15 7810.5 
3916.7 669.151 4917.82 2752.45 3420.84 8996.37 5529.74 5133.65 5261.96 8024.8 
8087.57 8993 3462.42 7037.81 8094.01 47.3195 2106.16 9344.95 655.653 5720.8 
1088.3 2274.89 4327.82 9093.67 8111.71 7125.29 9671.85 4145.07 9643.2 8998.98 
1955.55 3559.89 9668.14 6873.37 6312.34 3088.96 5869.72 1842.06 8222.61 1131.66 
9866.86 6310.17 124.639 3329.26 3347.96 8218.65 3376.58 5454.12 7563.57 4032.23 
1174.9 8651.88 6307.12 5502.72 7745.53 4418.81 2628 7417.36 8563.87 2271.18 
6416.33 519.403 5831.07 6084.45 7392.77 2143.39 9173.41 3262.47 3985.44 7396.01 
4394.13 3852.29 3706.16 4518.77 7181.55 7054.12 2737.4 558.11 2508.22 300.96 
4590.34 3683.12 8952.83 897.444 9185.84 6698.35 5316.25 1813.83 4115.69 3880.11 
4085.01 532.01 4399.51 9916.08 6616.46 1792.26 2059.45 5789.86 5054.74 6044.89 
3185.85 9448.87 9897.18 6892.01 3967.63 7078.71 3946.11 6705.03 7636.82 6454.33 
7005.99 2227.15 137.437 5958.81 3124.59 9323.28 2657.14 8440.84 1137.09 6772.83 
2320.93 5222.1 7304.84 6720.44 5138.15 3921.29 8512.7 7197.6 9711.14 3567.42 
3242.48 2896.97 3016.28 3139.64 9788.98 6983.91 218.332 3735.07 3688.92 7855.15 
189.385 694.892 82.2798 326.822 6653.7 3206.87 9650.1 9310.84 1647.69 787.175 
6083.65 3968.62 6009.27 3388.48 689.04 1147.41 7309.77 9201.74 8345.01 7020.89 
2769.15 1587.47 9917.87 5785.42 4727.11 9706.83 2769.31 4945.44 3441.88 6458.23 
2800.57 3631.27 7153.12 2882.85 3958.09 3806.8 6089.72 3608.17 3117.63 7737.41 
4395.35 9201.28 1706.02 404.603 2589.74 2395.06 1552.01 9899.51 1596.78 9897.02 
6920.39 4365.93 1484.47 6838.24 151.334 6211.58 6545.05 2920.65 1157 9986.93 
9378.88 3957.58 3618.18 6531.98 6840.43 7576.27 338.767 2930.14 1184.43 3456.39 
667.532 5579.78 2657.65 2373.55 5984.38 5247.4 4768.61 7536.39 5146.89 6365.39 
7433.4 2067.26 731.301 8917.87 8905.5 882.636 5129.43 5450.53 3803.28 6286.43 
5437.45 3182.14 243.992 9055.63 9714.12 7084.42 6631.88 52.8694 14.5395 7816.31 
3509.26 682.072 3396.07 6166.92 3055.62 9380.46 1414.3 7824.23 6916.83 6561.19 
4189.6 4350.21 8628.45 4920.9 3268.06 7533.93 5803.54 8397.49 2984.45 9606.82 
4683.9 8421.9 2788.94 4927.9 7477.51 2503.05 2012.3 4109.38 2555.92 2026.84 
1925.67 6065.18 2708.91 5321.75 2232.08 5764.53 4702.19 3646.37 3588.75 1619 
207.543 7778.35 5969.21 8835.99 2699.24 9237.27 6369.91 8502.77 7634.74 9354.36 
8109.58 2318.63 7776.23 898.504 7246.52 5253.73 3401.55 9258.83 9363.1 5957.47 
1285.65 1288.76 2022.62 3994.56 6610.51 4254.7 9759.1 1312.68 7901.07 3347.83 
2931.68 8108.62 1126.16 8900.88 6944.59 3825.39 8138.13 3314.48 2328.15 5772.85 
2668.82 437.711 8091.48 445.039 1336.22 5337.99 5698.77 4737.77 4596.8 5061.85 
695.214 5882.45 6350.61 2717.84 9877.01 2961.1 6972.54 9636.09 4273.78 4873.59 
2983.89 7205.45 2982.19 4110.05 6106.32 9926.79 7935.44 4244.43 3241.25 263.577 
17.2725 5910.08 701.288 8108.75 6355.11 2037.5 3446.73 2053.86 6775.27 8043.52 
7115.72 7470.48 3925.95 3466.31 188.304 3802.94 6427.41 7160.84 3439.01 701.168 
2034.42 6422.9 7906.62 5016.61 532.94 4012.92 4943.39 8468.38 8257.35 8184.64 
8731.96 8274.63 4094.7 9433.25 6383.36 449.794 1470.74 9830.09 2503.66 8246 
7873.6 9619.37 5716.47 1799.53 3085.67 5904.77 5602.47 9513.07 3065.6 9041.48 
214.225 5100.02 5464.37 8120.85 116.619 5997.31 2133.75 5060 4465.68 391.087 
3244.62 3197.62 8665.71 7339.32 2630.86 5049.06 7789.12 4101.59 4879.14 292.756 
2347.58 2752.72 9912.13 8064.05 4552.25 2997.78 3968.81 154.705 2510.83 7034.41 
9196.19 2725.06 2134.41 4660.54 845.888 2251.03 657.84 2979.64 7311.03 5123.52 
3370.72 555.643 8321.14 2036.42 7894.96 951.984 7085.48 5684.06 5053.58 1964.6 
5976.82 7401.16 4717.32 5888.93 5465.19 9269.57 8886.71 9434 9424.27 1397.53 
6468.4 8620.45 4122.58 8602.81 3280.97 4968.47 853.823 3938.81 7948.11 8164.86 
9062.33 1318.82 8720.5 7383.46 3355.24 6615.45 8335.45 440.702 2299.49 3389.01 
2405.3 8276.31 790.149 7122.62 4165.23 6255.34 6392.17 3051.92 5689.33 5816.43 
4449.44 2157.71 4436.86 8572.03 760.501 7717.83 3540.48 1614.32 1656.63 1488.57 
9779.18 718.944 2807.39 8499.67 8102.41 6162.63 5115.1 6437.83 6603.33 7414.59 
9826.84 9008.63 5690.88 616.973 6131.24 9856.11 6872.32 2523.4 2908.01 2561.63 
8339.82 7357.45 4719.34 2776.66 5929.46 5479.84 494.477 9469.94 7094.16 2151.1 
958.5 6873.33 2870.05 3765.89 5372.98 972.437 9928.52 488.053 7410.27 6531.83 
7902.64 7237.09 5540.45 3593.51 7854.07 1671.67 3449.6 4726.37 4195.06 6357.61 
7288 2534.87 3715.04 2007.32 5311.53 9644.5 7487.16 5806.01 9114.42 4581.3 
7957.11 72.9082 1454.61 827.146 3838.8 6827.59 1799.58 3767.3 7315.64 9209.85 
299.112 5218.27 6446.93 5839.56 8811.77 4300.98 7511.23 2261.35 9027.35 1706.27 
8618.96 6315.33 4241.14 2333.99 8322.64 9552.67 1978.47 5809.78 5358.67 1092.88 
391.068 3315.76 1165.79 1845.68 4142.91 5004.58 8673.27 5942.49 8771.88 5988.89 
5152.33 9071 1207.14 1599.24 4910.54 18.8967 5900.22 2421.74 2280.25 4927.55 
4128.02 899.196 1242.86 8369.15 3233.18 9565.5 7921.81 5211.65 5375.27 3280.46 
6304.53 5766.33 6596.22 7470.31 7612.02 739.112 2474.88 6285.27 6681.6 1246.75 
2274.14 1833.91 317.726 3481.29 3433.15 5228.26 3500.18 9333.37 7650.01 5780.43 
4260.9 1778.01 6679.63 5503.76 147.142 9912.81 5069.25 8068.95 5124.44 444.496 
1349.39 1428.95 6210.83 7945.61 8899.27 3822.83 8684.72 1374.13 108.079 5366.31 
2620.88 2382.22 7200.22 2938.6 5863.51 633.355 8166.87 9363.69 9966.73 5816.86 
5144.11 4227.61 7594.86 1823.72 9731.38 7742 1736.51 4800.61 5810.94 6860.96 
5245.1 7160.33 8289.91 1455.92 5105.92 7189.16 5278.75 3790.63 8563.29 5386.82 
9156.94 1184.15 7769.05 6357.14 4122.76 3632.54 6990.5 2289.61 2996.21 6957.21 
8106.46 8140.32 1184.81 5701.31 9964.04 916.165 3443.3 1700.53 5716.77 9254.23 
8561.49 961.858 6414.55 6851.38 2417.77 1520.45 4040.53 7696.52 5311.09 2603.8 
3083.33 4468.01 3787.96 852.358 825.138 7910.71 4484.9 7815.64 200.304 7481.11 
4772.83 8306.77 5621.41 5957.63 4008.06 5585.43 6873.8 7451.36 7285.96 2590.55 
6705.57 5847.43 3552.41 3120.1 2698.8 5970.19 4640.56 6739.32 3666.69 9951.64 
9343.12 6750.02 4419.64 3131.06 7602.37 5244.78 1041.76 2087.25 3060.4 1242.06 
9568.36 7833.23 9548.83 5189.76 3790.84 3556.87 775.17 664.625 1008.21 8061.13 
3255.18 7713.78 3908.55 6807.59 833.871 6607.34 2777.76 5474.43 3346.64 6444.45 
5426.06 2689.75 3194.45 9845.7 5820.81 796.802 5090.45 6862.56 2884.05 8150.85 
8104.62 2452.4 5984.06 7653.44 7642.16 9774.9 1210.29 8417.33 439.511 2218.5 
6478.44 3694.69 9932.29 386.969 502.265 766.141 6994.31 3280.02 6240.57 340.937 
9724.47 1666.61 3030.69 2918.9 1512.29 8851.49 3715.7 6602.74 5714.04 6599.76 
4753.58 3818.65 9052.16 737.619 1472.07 6694.3 512.504 2682.36 5111.61 952.015 
4900.86 1590.03 4646.71 4833.13 1977 5148.97 5599.27 8971.31 8429 1839.83 
9312.24 8153.45 3506.43 2342.91 1072.34 5018.72 1194.39 4788.04 1621.45 6908.43 
1387.78 6375.02 727.064 439.924 7112.64 2199.13 7134.22 7625.15 4881.49 2245.81 
8577.16 9782.35 3835.84 3223.85 4615.47 5812.84 8372.82 214.724 4784.13 6801.8 
2054.55 4096.36 4955.23 5560.98 6439.27 6027.57 579.688 7633.66 815.59 2201.13 
4542.08 2203.37 8576.16 5269.14 2643.3 5688.78 7468.27 9777.52 3313.91 2349.75 
2023.31 1891.05 2132.08 5859.15 5114.9 6747.55 1671.98 3487.7 6962.28 6456.11 
289.481 9016.83 552.448 5244.71 4577.79 6991.72 1272.26 5157.48 4625.36 2087.85 
7358.61 9167.44 4291.22 5934.75 4436.56 6934.52 1623.52 1904.82 6712.02 4937.43 
4254.56 8735.34 6828.48 6386.65 4594.47 1943.36 3134.18 6266.45 5431.06 96.4384 
2722.54 5720.54 9113.26 3274.99 965.237 3691.04 266.693 2237.5 8848.52 4892.06 
4325.35 6207.12 4059.48 8616.58 2141.86 8496.04 5551.08 3765.37 400.837 2263.08 
8702.8 4655.4 998.404 5531.26 1042.03 5592.88 7474.62 4176.21 1859.31 2905.66 
4272.65 4581.86 8626.21 3385.89 7856.85 9591.44 7076.93 8123.54 1828.92 5925.43 
3015.58 6154.27 2132.54 7075.06 4770.83 4274.39 5571.08 321.894 8039.76 5971.91 
2584.98 6742.55 627.297 3583.38 2273.79 1669.33 9176.26 9748.41 5845.53 1035.56 
2654.05 118.163 5617.41 1280.24 3504.06 3474.24 871.669 580.971 1597.77 2700.59 
6506.41 4613.34 8854.87 8638.94 1688.38 3625.68 2913.32 7259.46 3947.58 953.062 
3231.36 6532.56 7695.61 3858.66 115.921 9969.4 5527.98 9292.18 9717.79 1373.5 
327.723 2371.82 1491.66 5945.14 3652.06 4995.72 9419.38 4523.73 5576.69 1017.13 
7224.33 2083.08 5630.48 6079.18 722.002 7318.86 9704.86 3635.32 4578.3 3652.42 
4588.38 7809.66 184.959 2283.97 1668.3 300.881 2253.35 7196.28 9593.06 1971.12 
8569.78 9920.79 4342.94 61.4194 5865.91 7995 5057.14 5285.27 2518.72 633.807 
6302.4 9743.05 2716.88 1932.86 5822.21 3438.89 9251.72 5527.05 7074.2 3830 
9179.47 1662.57 1639.65 9364.43 3946.54 3307.95 9665.31 6199.89 504.208 9258.36 
8171.01 9073.98 9179.13 2513.93 9135.4 5045.02 508.915 4192.52 330.273 3027.64 
4826.33 6632.67 2770.67 7543.21 8565.54 8592.87 982.083 7817.24 4119.91 8056.29 
1647.23 3299.36 9718.86 3286.87 2663.78 3665.38 6594.82 2329.07 9865.27 7099.03 
1587.42 8036.26 6172.99 766.529 550.169 5308.38 5811.55 1059.08 9500.9 6141.82 
4086.72 4327.22 2774.48 6857.38 1870.41 1340 5450.24 2852.49 9157.24 9570.15 
908.765 804.444 2869.5 627.604 4091.32 5533.27 4292.98 686.119 7862.35 4158.23 
7785.15 9449.77 2194.47 3958.12 216.278 2744.64 9266.5 6027.83 3803.72 8767.39 
2169.63 7890.44 3094.59 4944.11 4747.81 4965 6284.11 198.036 7817.5 5441.33 
9768.18 8726.26 6245.77 2637.66 9353.87 337.07 8170.94 3646.83 1023.19 6033.27 
7805.06 8808.33 5483.02 9999.54 2766.44 5699.3 2744.16 2032.93 1727.1 6547.88 
800.305 3896.74 4438.31 3894.89 8840.84 9186.12 8859.9 5124.94 9384.16 6677.38 
566.245 9152.32 5403.62 6812.01 1789.97 4757.47 7149.08 9960.91 8404.3 8172.27 
5994.16 6209.35 6980.59 1477.16 6208.87 9747.04 7176.45 8953.03 1779.95 8903.56 
5500.89 2580.25 2800.28 9939.2 6475.15 1641.1 9125.3 5335.03 6766.04 8509.44 
2012.39 7332.29 7661.75 7416.01 4144.28 9451.72 2173.47 1293.35 9412.61 577.754 
9465.62 5406.75 6787.1 6446.2 6883.91 2995.95 6193.22 4060.34 1948.96 7973.17 
2963.88 7449.85 553.401 5764.16 7389.03 7028.55 7405.27 6514.32 2363.56 4171.29 
5023.75 4375.95 1503.56 2685.48 1791.94 5647.84 2137.18 3965.41 6941.19 1549.77 
4543.16 6406.8 6956.52 1330.25 2852.98 3840.41 4326.21 9046.2 7900.75 6275.17 
7019.35 864.622 3725 7572.75 6628.78 1114.02 4601.28 4034.03 7628.34 6964.84 
8205.32 2652.07 1340.77 9708.87 5337.55 3132.71 5356.7 7474.73 7098.12 2297.87 
9024.5 1641.26 8704.66 5981.01 2971.51 1557.63 9821.42 7297.72 603.807 7722.16 
3572.87 7623.15 8586.78 7297.87 5195.88 5215.54 8411.89 9797.16 9249.58 6040.22 
6761.98 7454.88 8692.29 8102.75 7163.73 4029.82 1235.44 2520.41 1504.54 8333.56 
4818.28 529.027 9974.82 3522.92 6510.04 2946.32 5080.55 6331.44 244.022 5684.36 
4053.58 3816.89 3307.49 2640.34 1114.75 8503.38 7855.88 9526.64 8300.52 7105.44 
5566.84 5062.48 4560.3 4259.12 3165.21 1724.02 8288.94 4400.65 4244.43 9793.48 
2734.19 9062.71 322.491 2708.99 2585.61 6832.53 5655.31 7666.16 3163.95 5899.33 
3350.5 7217.53 9716.23 6658 9857.87 830.956 5161.35 7713.73 357.581 3461.86 
4819.16 5924.42 8524.34 9379.46 183.523 1689.53 1103.46 8472.46 6090.18 5347.88 
8265.93 8824.37 4410.57 8588.42 1533.34 6996.19 5420.93 7188.66 4662.33 8584.88 
3087.97 8012.84 5802.38 2804.18 4670.82 5660.23 3635.14 9832.17 3373.95 3992.72 
3294.01 8193.1 9917.14 1818.33 7572.54 100.65 3507.86 8676 8573.11 9598.04 
4023.87 6839.02 8422.39 8434.44 5427.42 9955.73 5430.61 848.335 7144.38 92.9244 
9433.21 232.333 8105.76 5235.58 3036.52 2776.56 895.795 6671.66 2608.72 4269.74 
664.362 5902.73 2462.83 581.489 7721.06 35.3544 682.139 1228.91 8711.35 9255.25 
826.927 2735.2 6094.26 9249.32 1169.62 1521.67 9205.03 6600.23 2370 6349.39 
6693.15 1803.2 6581.72 4798.9 7038.78 9618.24 7575.46 7934.57 6289.88 184.168 
2204.3 6954.24 6086.9 4667.13 7535.73 3807.95 4702.48 8217.87 5036.85 3413.82 
7473.11 5863.78 6149.02 3567.35 5113.08 7318.64 5089.02 4318.1 3918.85 7459.02 
667.47 611.991 9262.22 7249.19 5410.89 6300.98 6867.42 2986.34 4235.53 3157.28 
3170.51 6439.83 111.511 9257.41 1106.94 7647.24 3065.33 5809.42 5865.1 8102.19 
9223.23 3338.19 3965.95 5372.23 6905.54 9079.02 2690.85 1994.54 3397.1 6609.71 
9453.56 4064.57 7221.7 8715.76 1313.75 2632.57 5016.72 8181.17 5618.91 9252.25 
1338.44 8789.42 5692.05 1449.95 8046.81 6798.99 9097.19 1112.12 2608.39 4962.27 
9214.31 1831.6 8300.46 3180.24 7203.83 5205.98 2259.24 9894.69 7200.52 5656.35 
6504.38 6654.06 9720.92 3726.06 5369.8 1034.65 6358.64 386.501 9215.82 1977.53 
9638.75 554.24 766.931 5330.78 2004.19 8813.74 2129.76 1101.36 9925.86 4738.15 
6063.63 9140.15 6569.75 4364.08 2320.37 3773.57 9570.06 4579.62 3668.24 6770.56 
235.947 172.604 3424.61 9956.87 3898.67 8794.41 991.5 257.286 9180.91 207.304 
2234.82 8819.64 761.544 3001.75 4150.41 2765.73 1815.47 6280.16 3867.09 1741.31 
