800 10
8691.29 7794.64 9948.79 4737.11 2963.41 6641.29 174.793 7156.52 4801.23 547.884 
3996.77 6278.31 8781.93 6435.51 5590.22 6975.46 9776.92 3083.68 3403.12 3787.53 
2701.07 2674.47 6058.34 9515.38 3083.18 2947.27 5060.14 8547.1 3917.71 1292.34 
6467.59 2608.98 9086.99 6416.36 7346.1 2050.38 3057.64 7520.89 9206.9 7858.87 
8068.77 3203.66 4137.17 6850.69 9639.17 9727.38 3826.13 9416.07 2811.05 7229.24 
3203.58 5512.11 9903.72 9261.92 5027.48 2986.88 2209.17 87.597 1533.96 6126.88 
1379.94 8001.55 8735.87 466.912 4417.9 6081.95 2517.3 7475.54 3602.82 1724.18 
5334.4 1671.58 4927.84 9471.56 8522.26 4566.99 9198.93 2348.37 3983.04 2009.96 
9577.62 7186.62 7522.07 9481.32 6448.53 2549.53 2468.19 8657.7 2637.13 4002.15 
4784.56 4017.07 2003.69 3520.41 4483.98 6421.59 9602.36 7001.27 3897.12 3205.16 
8725.46 9231.51 4876.74 3653.28 8703.05 3398.99 8220.27 7901.96 5747.36 2203.29 
9911.92 5324.96 9389.91 7433.97 4806.26 5838.42 9983.5 7274.45 4496.1 2620.61 
1276.59 9280.67 6637.68 3280.28 2801.07 1121.64 9701.87 2403.41 8122.92 3598.97 
5608.58 6848.36 2830.46 485.298 501.617 1533.5 3884.28 8721.89 9435.46 9631.64 
925.161 9347.36 4956.59 315.058 6781.32 9762.85 6153.48 6764.8 7037.29 649.567 
9385.42 8313.87 9930.24 6023.08 1594.13 2731.29 7144.72 1295.99 5134.7 5267.62 
4894.95 743.256 2115.96 7725.41 1228.55 2617.58 9258.91 5112.84 1339.45 8694.35 
4744.46 2264.61 8041.69 9701.05 2579.67 4823 9463.88 8733.15 1587.78 6501.15 
9382.72 973.185 4815.01 9312.93 6996.27 6409.15 2044.2 4140.97 7705.13 7178.9 
9408.6 2600.06 7922.16 1524.55 325.458 9150.71 4142.13 9584.36 4263.53 5481.58 
8278.7 9007.99 7746.19 6320.37 8709.03 325.842 1143.35 8172.89 9058.99 2731.14 
4674.03 8441.69 3704.32 9489.04 7754.61 700.57 5898.17 9798.81 4841.54 3603.28 
6977.7 4250.13 6203.35 4899.84 5774.67 6528.81 4050.53 9916.8 6113.15 8314.06 
5398.36 4391.83 7322.04 3144.53 712.189 6031.05 3470.38 1855.54 4203.93 2529.35 
4586.68 8877.96 971.022 8291 8366.98 8725.63 8991.57 4265.13 8524.42 3833.09 
7868.41 5502.1 8083.22 4071.74 401.92 3857.87 600.532 4452.45 3774.66 6713.69 
2766.5 9173.02 1105.5 88.5203 2317.54 1817.69 6119.57 5787.91 3673.23 323.479 
8317.26 8259.91 9201.43 9288.28 6550.89 7568.4 8013.9 5542.44 1833.51 6538.3 
9375.53 9701.92 2040.39 7458.73 3773.65 2442.31 1316.59 4374.18 6894.76 5091.24 
1087.85 9661.25 4264.25 2193.35 9749.78 6581.78 4011.04 5869.33 2369.68 7684.27 
6192.81 686.923 5944.16 5394.23 9975.21 2495.03 2962.6 7989.09 8037.46 4796.11 
4527.37 7412.97 4498.02 6567.76 4871.69 8271.67 9010.07 6188.27 2645.84 5904.81 
1279.5 3733.69 5566.04 5543.75 5927.04 5315.8 2125.51 9938.08 1185.11 4495.19 
7622.33 7377.92 5182.11 3566.47 2772.13 5157.3 6061.5 5734.73 3146.37 4098.95 
530.832 7673.74 1511.9 5028.85 4241.48 6383.59 3300.51 3251.53 2571.85 5946.34 
9156.34 3851.35 9680.03 4722.37 9395.1 5607.05 38.1528 1520.59 5545.11 1223.27 
6015.78 3167.43 8601.19 1197.87 6733.9 1373.3 6355.17 2795.39 7108.04 9501.54 
6894.34 7638.87 7175.27 8406.24 2667.71 1416.74 4789.82 5968.21 4668.27 7361.67 
1914.54 3824.59 1213 1594.55 8546.96 608.078 7201.61 8585.11 2128.67 2746.71 
9808.38 8144.45 5914.14 8409.55 9342.32 2648.02 9782.85 5697.47 5443.41 6890.87 
5199 2337.73 4529.73 2374.25 743.957 7197.43 3790.99 5533.77 3165.63 8459.26 
2895.42 5080.17 2283.83 4108.42 6674.72 830.776 4716.5 3876.31 9415.89 6845.17 
6623.02 9224.25 4989.59 2537.14 7633.79 4331.89 5185.16 7416.62 29.3494 628.555 
4307.48 5228.35 2966.29 8837.2 7602.6 3710.24 6034.62 1393.57 9244.02 9200.24 
9852.83 2139.42 4280.39 2136.64 6247.84 955.097 2967.42 964.322 4831.41 2383.29 
7809.49 1454.41 1607.53 2799.06 3991.55 9241.31 7130.96 9176.71 6657.92 7160.31 
9805.26 965.382 2388.64 2771.53 9802.59 9991.24 6481.78 5837.19 1384.79 5725.78 
5037.41 1237.6 7865.2 9317.8 3374.24 4113.02 272.883 6341.67 5077.34 5104.29 
8724.96 2886.81 6558.7 332.469 5685.88 550.229 9573.78 2816.82 9726.93 6231.69 
9977.12 9532.18 7197.07 2365.75 2303.69 6999.64 2356.97 8785.47 2836.81 3741.76 
4511.23 7874.22 4979.36 2376.41 7192 8353.6 6489.43 7464.89 4695.25 1566.76 
2569.16 3420.19 4453.57 9127.86 3752.66 139.431 9678.09 3326.42 2956.25 9405.01 
9558.11 2933.36 8937.17 6755.16 5299.1 1240.85 3754.78 7656.07 26.2992 6591.59 
1397.81 4537.53 4465.79 6377.16 6913.93 1657.77 4730.75 3403.35 9122.66 9425.99 
4970.1 1691.81 2846.17 9423.68 819.652 6598.83 9563.11 497.728 9925.25 2519.34 
9902.74 9483.34 5452.7 8839.89 6238.49 751.779 80.723 9993.27 8407.85 107.022 
6584.84 9805.65 4644.55 1050.61 6182.79 1558.47 2708.39 913.523 4961.81 1831.03 
339.501 9931.92 3522.84 3185.67 9355.58 4342.49 9784.49 8918.67 4840.22 9709.73 
1437.99 4742.94 9193.05 6890.69 3582.81 5431.53 7642.47 3663.54 5424.78 6050.29 
3770.56 2009.61 5855.93 8415.11 3060.22 2038.71 9973.57 5768.6 2952.23 4935.37 
7599.64 3291.73 4867.28 1122.46 6477.4 4222.84 5464.95 6261.87 3141.49 305.146 
5971.58 4579.48 5048.08 5164.62 1470.15 8630.9 596.128 9112.61 2294.42 6020.91 
5162.89 6064.98 8030.51 1018.8 4480.07 1090.71 3057.51 4453.62 6859.32 6009.74 
9389 4458.94 9301.47 4256.26 5581.39 5778.85 8479.09 1046.32 2040.71 1620.56 
1351.47 8012.29 6200.04 6399.55 3176.89 7670.19 5030.43 3773.02 6782.79 7324.85 
9793.93 1945.67 3389.81 7824.42 2964.47 7869.87 8915.14 6021.98 2323.48 5774.44 
2031.7 1712.46 233.361 1333.15 5968.72 5814.75 7112 4447.79 6861.07 9152.7 
6068.36 8212.54 7164.98 2268.38 4612.07 341.852 9938.58 9642.5 4114.87 6721.35 
6967.33 3908.78 8667.02 357.123 1733.19 1631.47 8227 648.313 7653.44 550.458 
6422.75 9685.14 2262.92 6656.12 1018.27 8231.63 2470.85 8130.27 2679.41 9331.92 
7282.96 8747.76 7544.45 4447.91 1016.13 2156.51 4789.77 954.691 1798.99 8904.64 
7676.04 8766.33 2813.4 6343.04 9123.45 4546.6 7974.51 7350.43 5194.91 5627.93 
7900.89 1617.65 5313.05 163.788 8273.76 6331.32 8395.42 744.595 4461.57 1074.81 
76.5036 1744.51 9822.58 7620.95 6192.43 838.693 9777.46 982.175 1793.38 1576.43 
9886.81 9469.43 342.744 2700.2 5812.45 9466.19 7246.8 3786.94 6816.6 2441.69 
9414.87 4717.47 4059.33 4727.91 4881.26 2333.08 1059.21 3276.67 3077.67 5520.79 
4351.48 3154.18 7265.3 4174.04 775.113 3457.71 5012.73 552.554 4439.88 6806.12 
2128.99 4326.68 6275.53 2471.73 7026.88 2087.96 1937.91 4273.66 5874.9 8754.51 
6715.35 5289.75 3471.97 774.667 17.6447 8353.23 3107.75 1076.86 1629.88 6185.42 
6597.65 5981.36 9339.6 3862.93 155.383 114.692 7320.64 5168.12 667.246 1760.5 
1974.22 2796.23 6087.18 8249.75 5267.97 3114.05 337.694 7205.87 7387.71 6212.6 
5960.37 4103.04 1502.33 9432.34 4877.71 1519.98 7785.55 7985.45 2596.84 9415.43 
4170.86 9194.48 5396.77 3510.44 3057.39 5552.15 3625.13 378.012 720.255 4292.37 
2138.52 2694.48 7088.61 8225.7 944.209 2356.56 1339.73 1281.9 9562.43 8727.44 
7494.5 5522.78 2830.46 8996.83 4955.1 7708.17 516.792 2740.64 5693.61 3113.63 
2156.05 9864.46 2308.09 7552.82 3374.88 5365.49 3104.96 7000.01 5743.5 3825.21 
1292.37 7882.01 6519.69 8380.97 6107.69 7463.9 737.512 7447.42 8745.8 299.926 
6174.85 6240.28 5822.71 9005.31 5237.09 777.796 6713.46 5753.89 3518.43 2407.05 
8867.51 5674.48 2271.5 1175.59 3227.28 5646.38 6541.08 6332.24 2646.38 2284.56 
157.435 3938.74 166.553 6677.12 2319.7 6274.25 4141 3057.21 3721.66 2886.78 
3357.14 9896.5 9127.06 9179.85 8901.79 4364.14 9957.64 5615.24 118.012 3476.06 
8022.29 8985.53 9150.54 293.774 161.101 2377.81 5940.16 6702.18 8710.05 8586.54 
8986.73 8867.48 2525.26 9153.29 5544.59 4844.96 5427.52 9685.59 7902.17 9149.17 
2572.36 1259.29 9045.66 1699.4 439.118 7947.43 6063.55 396.743 3562.65 6181.56 
3872.8 1584.92 5167.07 3023.32 1878.7 5328.17 5401.13 7818.86 2030.33 4111.16 
6405.37 1017.05 2978.63 8930.64 170.317 8523.22 3775.58 5597.84 8208.79 1677.73 
4746.99 781.134 2937.02 3792.63 2480.54 3376.14 1740.05 8544.08 3772.88 5302.7 
4725.62 7645.68 6887.62 9892.69 668.99 8766.32 5220.84 6070.12 6585.16 7251.17 
181.269 2990.52 8268.22 3159.9 1921.14 8438.53 1683.1 5696.72 4036.35 9891.9 
7374.45 8783.35 673.013 311.45 2575.96 3153.55 3687.59 4316.01 1697.62 7460.47 
9618.71 6423.24 5106.13 6506.32 6315.92 5775.12 5272.63 1536.74 1845.23 1857.77 
8787.91 2026.5 4848.29 7056.11 5186.4 6769.43 5494.63 6869.5 2466.13 9530.98 
6761.38 9840.58 8314.31 7434.39 152.013 890.256 587.928 3839.6 5206.27 2285.55 
1300.05 4824.97 8708.79 6406.19 1331.27 5024.69 2181.29 6603.9 6561.43 4026.52 
8461.67 5349.32 6053.02 3309.95 2405.42 1239.4 79.3678 7900.04 8108.9 2545.5 
7431.01 4870.27 2386.06 5745.3 2304.65 2538.08 6635.55 2892.57 6377.68 1841.81 
5178.12 7677.73 6666.77 3886.89 4083.9 7998.05 8911.58 6265.2 4601.93 5472.98 
291.701 3063.59 822.288 6344.72 6373.54 3227.7 7584.12 6452.91 1127.73 5693.01 
8998.41 8558.74 563.263 1384.45 4304.02 2867.91 3922.53 939.553 5760.48 300.191 
2781.36 938.584 7977.92 9448.13 4825.47 2061.81 7446.16 3737.03 8327 2048.08 
9210.02 8618.7 5111.66 32.2868 4963.41 1485.19 3259.99 2547.52 7938.09 4387.72 
8240.53 6936.48 2946.44 8803.79 8320.94 7250.45 1671.68 2243.45 8190.01 7432.16 
2543.64 971.349 8370.75 521.549 419.466 3196.2 2583.36 7865.63 6933.24 910.341 
9913.71 6143.24 9529.04 5025.35 6175.52 4492.44 6510.54 9435.51 7039.95 4448.62 
3823.21 5280.46 1385.08 6769.65 4084.24 9706.02 4020.08 5755.92 1949.46 2210.07 
3188.07 4493.1 3181.42 1558.8 5014.65 3600.89 4755 7598.01 1466.5 1688.22 
8508.35 1380.19 7831.46 8037.38 6405.54 4006.96 2529.8 2916.06 3442.46 9569.75 
7364.68 7265.67 4850.2 8749.77 4035.3 8934.43 8455.77 8055.39 4690.34 405.215 
265.445 7878.41 4898.32 3446.87 9437.2 9912.97 7047.76 4192.19 7510.96 8514.26 
5880.41 6019.29 9894.45 3711.85 4056.65 6299.97 7718.82 6586.45 9216.04 1161.26 
6156.18 6580.7 8426.93 1006.36 5330.45 2462.21 9940.79 3786.21 517.586 4631.11 
4191.42 783.031 2509.5 9089.74 4229.9 1946.69 9002.69 1277.64 6138.88 6513.64 
9791.9 2019.27 2532.91 9686.33 5731.13 6589.56 5986.28 3449.93 3175.99 5202.31 
4611.18 9332.17 1782.99 3038.1 338.512 7113.44 5500.31 279.286 899.634 6017.9 
4910.4 5091.06 6800.93 7419.9 4180.78 1030.81 9366.58 3183.46 2308.45 5505.44 
9697.09 2100.33 7524.72 2229.99 1786.64 3255.83 8819.55 7772.92 6705.75 1995.53 
2975.21 1316.92 1327.69 4758.2 4355.02 1666.2 1871.63 9855.33 1945.48 2771.26 
5873.21 6855.88 7862.32 2674.11 4275.76 2043.08 3704.92 3642.33 5226.53 6013.37 
9147.77 4923.61 8113.69 6672.47 7153.6 9900.33 9928.29 5973.13 7673.23 6634.03 
7968.66 648.422 7950.95 9296.35 5406.62 2305.95 962.531 7278.25 2161.26 2908.01 
49.4884 8034.47 9763.89 7911.8 708.563 4039.64 9954.88 4413.49 7681.96 5181.4 
426.839 6829.71 104.992 8540.53 3502.17 7258.59 8440.85 3430.44 3231.71 6114.06 
64.4574 1200.36 6762.48 8015.41 496.69 2169.09 321.344 1459.22 9447.33 2482.6 
4367.23 9496.82 517.052 4131.11 7408.61 1225.62 8170.75 7363.48 5639.1 5852.69 
2544.86 6065.94 2682.39 2649.85 4606.46 6184.55 9908.44 3047.29 9615 3140.13 
9161.35 9679.45 4340.49 5923.82 7694.85 4837.18 8092.91 8016.19 6296.4 7540.22 
498.778 663.615 7037.03 1015.83 4794.73 4445.62 2241.45 2965.46 1809.08 7880.55 
8818.15 4353.94 3946.47 1500.52 7003.79 8552.93 7685.07 6912.21 1600.2 7300.05 
52.3254 761.536 6979.49 4392.81 6685.35 4674.32 9229.99 4778.24 2690.49 5526.37 
2318.45 3189.27 6189.99 9355.48 4205.1 984.698 3801.09 6446.55 3950.15 5610.17 
4327.08 2768.28 9964.1 8273.55 4268.8 6967.87 6826.46 1953.86 3880.07 8426.66 
9253.91 3932.39 9188.2 6233.38 8325.21 5873.54 907.686 7555.18 651.763 3598.18 
3081.54 2970.21 6787.45 9271.53 2325.68 992.534 256.208 6126.76 7439.08 4206.36 
1736.91 1766.14 6974.65 1701 39.6696 1243.43 8668.87 6866.13 3197.29 2548.92 
5292.77 2451.18 6481.31 4480.96 8684.57 4806.5 354.473 9592.25 2361.66 1006.24 
3190.41 5443.2 3976.45 9977.87 4714.71 6302.13 970.382 4970.91 2428.87 8409.46 
9177.27 4165.78 175.585 6151.9 5866.78 215.254 7395.33 4535.63 7081.38 592.605 
7084.55 2374.14 3043.79 3565.84 6855.1 1728.34 8372.33 7209.57 1320.57 733.976 
8215.81 4510.99 6177.17 2192.24 4488.83 891.86 8494.37 5459.22 5862.77 923.221 
3868.66 5040.03 5089 4044.25 1191.92 955.767 4259.5 8587.25 5491.4 1340.87 
9179.85 2575.93 3715.01 2223.62 6141.77 570.089 3951.96 4514.09 7779.66 5272.53 
5248.06 5995.45 9783.52 1425.22 8187.69 4272.33 2317.08 6682.03 9731.55 8179.85 
7605.26 3600.19 3219.86 2694.24 7644.44 4411.78 3650.01 1903.92 2999.01 9141.41 
3244.79 2178.85 1717.32 6959.8 4402.47 7859.09 7529.89 8354.43 2373.16 5309.53 
3626.95 7621.22 1304.96 3410.44 9046.43 9492.64 7682.78 1363.49 6174.66 7414.31 
9543.34 3779.9 1014.48 2763.19 6474.14 8658.92 7174.97 124.136 562.823 173.96 
9265.54 3807.61 2352.81 982.848 767.391 6755.28 8841.94 8297.28 5109.69 1215.08 
3606.79 8736.64 8836.29 4911.74 2147.07 7882.71 4404.37 9829.84 9246.2 579.017 
7244.14 8789.53 4358.92 8258.62 1552.7 833.044 6917.52 8727.67 957.181 7480.34 
8901.63 222.708 1287.94 1254.42 1205.56 2055.33 8009.7 47.4751 352.589 3119.38 
1262.55 3959.38 1856 98.8279 8871.12 4003.07 7981.54 3275.47 3832.89 7227.73 
3854.49 1077.01 6017.24 8213.41 9335.63 7569.94 9046.45 6253.14 6297.59 3.61775 
3733.46 5199.2 226.326 5021.4 6453.62 1431.88 7076.73 4463.3 1479.36 7429.32 
7582.67 2741.91 1388.68 9438.67 2840.74 259.782 3441.72 822.258 3535.26 7274.61 
8049.98 7389.75 8351.63 4067.2 5603.14 7687.24 1637.13 4649.58 3940.36 7934.71 
4653.2 7673.82 3133.9 4879.52 2695.21 9587.51 6311.4 9771.94 4050.79 7790.76 
7201.24 1633.45 532.652 8589.92 1072.1 3373.39 8849.7 4513.82 4195.65 2384.94 
1788.42 2245.61 9774.69 140.028 6312.82 5377.82 7827.27 7949.94 27.3774 1767.61 
5884.64 4680.57 9441.43 9018.54 9560.1 2136.62 8606.03 5871.48 1908.54 2656.8 
3662.23 9109.78 4290.25 4194.88 7699.68 5362.35 7568.27 6549.37 9876.18 1763.9 
8934.31 1664.58 4009.51 8708.98 1804.61 322.31 4086.78 9631.88 8272.25 4114.16 
1399.47 4156.88 8794.73 840.881 3175.39 8354.81 2977.5 1781.41 4226.28 4886.04 
4438.21 7888.51 3995.8 8728.46 2083.37 1695.47 4090.8 9651.64 8244.83 3966.96 
1415.52 7179.12 5631.54 5425.03 5888.09 7436.15 5747.34 9974.88 7068 4019.58 
4089.02 8467.47 8176.45 2883.73 9308.35 1351.83 1238.53 2285.83 3133.23 5464.81 
7171.87 7571.44 3353.3 1167.66 6299.89 5436.67 2863.12 390.676 5088.29 1107.94 
4357.64 6503.81 8287.06 9989.18 1928.82 4175.14 7425.31 7676.16 4150 4493.29 
1695.72 8239.01 2960.75 9872.17 1122.73 2269.08 1223.98 2361.26 4554.92 4357.21 
7826.07 1726.77 1928.64 1179.35 2894.43 8228.53 6616.02 5757.55 8619.2 1704.29 
6865.49 2976.82 8208.1 5152.53 2965.98 136.904 9327.67 391.274 7813.06 3477.65 
4884.57 9508.78 1716.65 7845.31 9380.93 2839.38 114.38 604.89 5200.64 4669.3 
4962.1 3026.69 6396.07 6890.74 4206.05 9290.49 5119.25 822.051 5048.03 3738.43 
2526.34 1913.5 6715.26 734.428 7066.03 9681.24 871.332 6393.68 72.4989 8684.39 
9871.33 4957.07 8193.16 1587.97 2802.36 7574.07 4427.34 2916.74 8178.96 9627.98 
7586.04 3141.04 2654.66 3982.09 31.7613 6860.71 3272.57 5151.01 7682.76 8320.59 
8889.44 209.086 234.075 5604.68 943.514 7300.11 5285.91 1814.85 3693.77 5358.41 
499.223 3565.09 315.454 8692.38 5153.06 3117.82 6266.43 9580.4 6034.56 4445.37 
9208.37 3620.59 7586.42 1863.01 7602.68 7618.18 8723.72 875.227 2769.17 6406.46 
9195.82 1658.59 6615.55 9429.9 7263.27 7559.06 6729.99 2549.16 9373.91 423.742 
7907.57 9873.13 3988.83 8223.02 8565.49 9141.89 1340.82 4831.91 8722.27 7375.39 
9277.28 7930.62 995.956 6863.68 9793.63 8598.63 4481.84 8517.33 9473.86 7251.01 
4923.78 8669.66 8909.61 1539.31 8099.54 6172.86 9098.37 4829.51 8722.03 8472.26 
5253.25 6629.58 8345.37 9242.09 4852.59 6910.85 8383.96 6193.41 1742.74 7106.21 
3568.78 1020 5036.82 4564.74 7883.69 4830.43 3163.35 2365.51 3347.75 2637.19 
9616.53 8271.53 1306.84 8526.12 9810.84 9406.38 4698.96 8909.19 4235.88 3420.97 
7381.44 9489.13 50.5344 5726.79 8731.21 4903.12 2637.63 7115.15 1096.51 4380.36 
4221.35 4665.29 5400.37 9258.17 9230.03 3284.04 4088.58 2393.37 5649.55 7436.33 
5030.56 5266.06 5707.85 6337.4 3792.16 5518.67 5743.77 8491.12 4427.85 9979.65 
1912.08 1809.27 9468.76 1962.61 7536.06 8199.95 6865.73 173.671 5315.08 7962.24 
4554.04 9536.43 2627.52 9954.41 8794.58 1857.54 3238.43 2883.14 4250.9 8887.98 
319.458 9281.46 4154.02 6027.31 5618.85 7946.18 1545.96 1362.6 6437.29 5973.81 
1342.23 8349.37 7783.08 810.973 311.959 5319.12 9010.92 7177.69 5492.79 4325.99 
5139.92 46.8133 3862.4 7767.44 1.20146 2656.96 9624.97 3239.63 5540.1 3875.86 
2127.59 5859.56 3157.31 6281.62 1886.85 8776.15 4227.78 3432.81 138.733 665.056 
9406.62 1480.96 9014.42 7189.68 2291.93 9326.38 2508.78 1302.84 6504.05 8001.58 
5628.83 1643.95 8048.39 9491.23 9411.39 8049.59 2148.17 9036.35 1289.21 7688.27 
2912.19 3416.8 3547.8 6069.5 9698.41 5434.65 4845.63 3926.18 8867.46 4984.36 
4591.24 8274.05 6465.32 3605.64 5463.71 8757.26 2932 7972.5 60.079 9436.06 
5974.06 5688.91 1079.99 4022.44 5180.12 491.365 2072.01 7328.29 9527.71 3361.22 
5016.54 2439.88 6778.01 8564.34 8509.38 6476.41 3998.97 3354.99 402.576 2866.41 
8339.36 4993.81 1140.45 4804.66 8599.46 6604.16 3561.9 1531.44 4576.65 3621.98 
967.483 550.689 9310.89 2047.48 4573.12 4490.99 2538.84 6645.14 1819.26 2066.54 
6.33539 6835.8 4506.42 6784.35 5400.12 3015.78 3260.74 9399.09 6370.78 3663.32 
2265.49 4710.12 8657.13 3405.94 9514.78 7256.57 10.0824 3076.67 8788.01 4586.73 
6698.65 9755.5 5137.42 6009.52 1802.96 9710.54 500.497 4341.8 6355.66 2319.76 
6408.33 6362 9155.56 914.736 3146.33 4555.66 3930.52 6407.07 3954.74 301.279 
70.3735 6220.22 5011.4 8727.51 9626.16 4526.16 5984.06 9636.24 7602.83 4772.06 
4222.95 4301.46 4527.54 9360.37 310.964 6330.49 9070.89 811.461 672.272 5426.54 
3131.22 7080.6 1788.52 2286.76 7995.34 4934.85 6842.42 1925.84 1341.9 797.139 
2227.12 1412.27 7017.36 7238.52 139.762 6643.5 1764.66 6123.82 6279.73 9367.49 
895.861 502.664 3668.93 5423.4 9863.03 3979.89 1753.87 8933.91 4791.36 2426.15 
4360.43 7922.57 9506.75 6148.95 209.317 7502.07 1083.78 7051.74 9427.92 2425.68 
7848.88 1655.02 3837.95 4866.22 8893.54 3977.71 1509.71 658.18 101.519 7789.44 
25.6504 997.38 8292.1 3694.58 6420.78 8155.12 7674.47 8174.65 7089.02 2465.81 
600.779 1449.43 388.371 107.511 7598.38 597.688 7609.58 8682.16 7649.43 7037.48 
1107.82 5498.29 8692.5 4945.77 364.491 7586.02 8923.49 1874.2 8244.2 9025.01 
9663.64 8269.85 22.3704 7955.73 1964.42 6443.15 6110.83 9638.89 4617.78 3199.83 
2104.69 5218.56 4649.26 2493.06 5326.07 2247.63 3090.75 2935.64 929.769 740.153 
9973.12 2037.59 6238.44 8665.61 6983.36 6602.93 6251.61 5906.84 8477.13 4495.8 
4931.83 8140.75 2765.63 4954.2 6096.47 4730.05 1397.33 2207.28 4368.92 6015.11 
5407.11 6473.61 1233.65 56.3536 8966.67 6559.72 2303.98 2057.4 9495.36 3233.75 
2797.55 9468.47 5271.34 9035.99 8134.06 2254.69 5638.9 4385.66 8161.52 4116.01 
8881.46 3093.33 2256.75 1647.07 8047.53 8353.22 6377.12 9444.85 560.48 746.03 
5459.95 5967.59 7219.64 6693.6 6023.94 6186.29 3253.3 8327.92 8243.69 2748.65 
1561.65 1041.22 2217.1 6832.99 77.1881 351.142 9087.68 5716.09 4736.8 7249.19 
9832.1 3618.24 342.502 2088.84 5265.31 8390.03 442.038 1642.41 7834.87 1002.52 
2388.44 3294.8 6970.11 9608.08 9988.4 2994.03 5794.36 3241.68 1321.94 4038.03 
5990.33 2883.59 5079.24 8207.43 9716.58 5156.43 8558.58 8804.25 872.503 3295.36 
6053.42 704.588 6913.59 6395.92 2793.43 2178.88 4785.93 3235.46 3821.3 2620.78 
4237.98 6209.74 5915.58 1208.07 5817.81 5903.96 4202.1 1612.15 9145.64 5524.04 
5650.17 5135.96 8407.63 729.398 3343.38 8124.2 5885.83 1901.94 6928.43 6758.33 
5197.3 2981.83 7462.92 2110.87 9377.75 256.33 4289.76 4163.67 3491.79 8111.05 
6784.46 7729.77 4320.78 2700.02 8937.85 138.564 8603.98 3139.93 1750.71 7749.61 
8663.97 7400.88 2885.55 7071.59 8130.28 6228.93 5195.77 4016.09 8130.87 2124.18 
774.406 3328.15 5106.02 8237.33 5439.02 4483.76 8493.66 9728.78 8647.43 1985.43 
7839.82 5431.87 9715.21 2160.58 8131.89 8653.04 2299.14 6735.85 1792.95 4049.85 
4485.45 456.907 1450.71 7371 7528.49 9580.99 3599.92 2724.25 3597.07 1730.77 
4848.43 4371.47 5058.93 9954.45 2608.78 497.935 4438.19 1102.42 226.699 3085.6 
3087.85 8066.52 8517.47 2803.05 227.074 6649.34 1456.07 2526.21 3385.18 3249.02 
6576.06 7870.63 3705.92 8026.78 5241.61 1234.4 7607.75 8841.53 3958.65 1204.8 
572.291 8807.08 5576.27 5631.22 8761.51 8185.05 6129.15 3199.68 9287.47 6355.85 
6285.29 2375.31 4422.35 4802.74 5178.36 4649.42 1452.07 6634.42 7175.64 4837.25 
9883.44 3751.68 2707.86 3589.35 1778.44 7949.48 4823.75 9386.19 6790.99 8782.4 
590.974 7363.28 7589.46 6167.25 2994.48 6350.95 4352.28 9123.64 9550.63 3639.74 
5479.47 5835.9 6015.05 9901.82 638.628 1193.39 4551.23 2090.7 7827.81 1726.85 
6927.95 7711.24 5478.53 9635.81 1300.57 7256.98 7585.27 6124.31 6643.15 4376.25 
4906.69 7234.13 1739.52 2496.13 3401.35 4734 8847.08 7753.63 3857.62 8397.7 
1393.36 9337.09 4233.59 7408.4 9238.9 4872.21 8601.79 3790.11 6962.91 6429.59 
5516.96 3890.84 4140.81 995.477 3526.64 5441.38 8252.45 1111.89 1565.67 4895.59 
5488.14 6472.37 2129.69 7227.66 8968.5 5531.05 1961.65 7815.56 3284.67 5819.27 
6213.25 4678.02 5156.35 446.815 2086.41 4395.23 5319.03 688.187 8185.34 2281.92 
7117.78 3702.28 6172.77 1258.57 4697.76 9699.4 6699.94 2950.19 811.282 8265.62 
7845.78 6299.43 4737.97 9975.47 3527.07 3706.45 5506.51 5488.72 1521.99 8791.17 
1307.97 7735.24 3469.18 6464.32 8182.06 5555.58 859.53 3501.07 6243.77 9044.87 
5782.99 3361.53 2747.13 1955.74 4620.1 7444.89 1655.13 1320.03 395.072 2466.41 
9585.65 8240.85 8765.84 4323.6 8216.31 2292.89 8030.04 3722.8 7781.61 9552.04 
2513.95 9089.58 7287.26 5983.13 5553.88 5469.3 1538.7 6413.41 8970.37 7782.47 
5458.27 4753.34 1143.98 8205.4 6709.08 5764.09 5650.28 8364.21 7084.12 6045.35 
830.604 6669.75 4286.19 9596.44 993.324 2502.48 1889.32 9023.37 6225.28 9670.93 
8575.39 8739.23 8760.49 5862.63 4722.34 4314.36 1331.92 6261.04 727.76 302.27 
4043.49 6186.03 5055.61 5187.47 4391.41 1764.68 951.544 41.6728 128.873 8035.66 
6087.02 959.477 4705.39 373.193 555.902 5698.71 2875.67 2445.22 4722.06 9100.95 
2116.13 3297.43 7840.17 876.605 9160.07 2562.49 5190.97 491.967 8823.53 5918.73 
794.236 2867 2104.74 5849.85 8054.48 6496.15 7614.53 9006.02 6537.82 7743.4 
7041.66 2624.83 8702.88 1747.04 2998.02 9258.78 7445.75 5873.69 1703.98 2167.79 
4974.63 3820.11 5465.23 2814.78 4696.71 4625.28 5377.27 9887.68 5117.24 4200.78 
5806.39 5911.48 7067.78 7911.13 1761.31 5122.24 4407.26 9375.84 4128.24 945.06 
7119.22 1169.89 3569.89 5822.08 2916.93 6567.91 5080.85 362.657 2441.58 6784.83 
2530.45 7416.21 604.92 7995.68 230.967 5301.63 2620.94 5608.23 5189.3 7738.18 
9809.01 995.674 3649.64 6876.77 8906.8 5410.95 1999 3314.04 4786.77 6127.24 
4259.1 1905.98 7297.13 7828.99 7728.07 214.036 4396.88 2808.9 576.693 6838.46 
9593.72 3107.14 4254.65 198.626 1102.8 4485.61 5500.26 3723.74 93.83 689.544 
1461.9 9902.84 1685.22 5111.55 6779.6 592.002 522.482 8778.59 3906.04 5309.26 
4905.81 8165.14 7215.24 2202.92 5994.11 4943.29 2416.96 390.973 7752.18 2993.65 
7229.43 7345.89 6100.79 1484.06 7544.51 7203.6 5969.67 3044.76 927.325 6063.5 
3734.3 2389.23 5966.33 5419.52 7500.77 2745.91 6011.52 8023.26 1524.48 9917.56 
3332.5 6430.3 8082.69 547.716 8633.22 4076.79 5491 1050.16 4467.76 3243.16 
4043.81 1697.17 589.034 144.59 3181.23 8133.55 7348.19 9150.91 1178.29 8275.52 
5214.4 4912.59 664.727 1180.71 332.088 8165.5 3926.62 6343.61 6188.74 5451.1 
6261.15 9521.24 1881.38 4343.83 68.9371 514.584 8420.61 5559.94 1564.75 2888.36 
8803.1 5608.56 4585.53 9392.14 5753.15 7766.76 7525.67 3101.32 6917.66 8703.95 
1376.82 2132.04 3616.52 2041.55 3312.74 3948.61 207.033 7239.36 292.199 6395.78 
2690.45 6553.35 5917 4571.83 897.16 5985.93 5086.41 9317.77 1545.85 6651.16 
2206.11 348.939 2259.7 6791.64 9741.08 8012.85 4558.39 7266.72 1114.15 1476.03 
5970.66 2490.97 3608.07 9587.18 4532.52 6920.81 3535.77 4739.55 4160.16 3827.97 
1135.31 6850.6 381.302 7052.31 1422.41 1278.46 3038.22 6508.82 596.219 4584.08 
3159.96 2802.33 4933.02 5419.66 9593.98 4674.07 3432.49 4152.35 1940.78 4546.64 
5628.38 7911.44 7037.61 9236.45 7498.6 1570.12 6157.24 1034.35 6309.67 317.378 
4862.32 7444.98 7167.98 5243.62 4497.27 8590.39 6522.08 7535.49 5099.2 7118.3 
2119.55 8259.16 9920.63 7052.57 3678.8 9514.59 1726.62 7111.3 3666.93 3667.41 
1657.92 9295.31 1578.83 8695.54 8531.74 9077.42 265.637 4688.96 111.757 6575.31 
5006.34 4974.07 4020.27 2174.3 217.678 8517.54 764.672 6739.76 6053.01 5863.87 
3858.04 8172.56 4123.01 3778.66 5225.11 7801.82 3293.24 6951.73 4913.1 6960.17 
619.123 6571.02 6255.46 2197.95 5266.54 4787.17 1275.36 5532.18 9476.13 1387.11 
2107.47 4482.45 6361.19 6127.73 6656.75 6578.86 4645.25 7421.42 3318.61 698.242 
3285.28 7176.65 8870.8 7408.29 955.298 4095.89 5210.09 4248.54 1047.61 123.17 
1208.68 1666.73 6694.19 7464.14 3864.68 1960.71 2251.3 5140.04 7492.89 1727.41 
6527.15 9600.35 6209.87 2888.32 5728.07 2866.6 9467.19 373.302 288.007 2785.78 
1071.54 3573.28 9962.43 9942.34 981.555 917.71 4038.22 6191.64 5166.25 5085.83 
6314.81 6374.93 6752.56 3008.99 3839.05 617.225 4969.7 6090.35 5757.26 2462.57 
7817.76 2284.39 2062.91 4027.61 5172.71 7790.97 6894.21 4639.88 8164.28 7182.22 
7425.66 9235.82 755.483 7388.07 9178.15 1737.04 8305.78 3216.35 7928.68 3472.01 
8302.18 4243.48 9846.94 5054.72 7252.46 3685.97 5671.95 2222.14 9776.32 1429.19 
4684.71 7594.07 3713.59 6747.62 1621.66 8886.3 4538.58 8515.87 3526.17 2702.83 
5698.07 951.807 1938.64 6453.55 8339.88 1116.77 8190.59 6645.64 4333.12 6119.26 
117.63 2635.28 362.717 9964.57 7690 7615.18 3650.53 3361.93 9837.32 3426.83 
4791.13 4522.02 1020.88 8504.71 1269.62 2642.55 7391 5808.2 1158.4 917.146 
8511.03 6856.47 1868.95 449.653 3310.01 208.813 1566.42 1500.59 6854.45 5899.54 
7619.84 6972.08 8534.82 7982.56 6936.63 6224.8 5597.72 587.143 9586.73 5435.03 
4013.98 4377.84 9957.05 5034.86 2882.54 1226.66 7677.41 273.521 7034.85 8835.81 
1190.67 5545.87 5692.26 3059.62 5995.52 9002.28 3268.43 7561.94 502.845 122.868 
3461.46 8122.69 7094.95 1996.26 6105.23 4031.57 8221.06 1702.94 4618.71 7807.78 
7137.97 8632.68 2185.61 7095 3667.53 5068.15 8321.66 1344.92 5341.67 5356.5 
180.708 6532.34 902.348 5872.97 9591.96 6897.87 4875.23 2860.37 4459.79 5378.08 
2983.24 7921.26 3500.75 78.1741 9917.52 9605.98 4109.74 8138.56 1308.9 8728.45 
5946.33 8446.87 7361.12 8131.93 5541.85 1028.63 3200.06 3863.5 2373.55 8541.73 
9219.99 2554.25 5074.05 122.323 8427.23 4665.99 7020.19 3302.44 7526.36 1479.97 
8680.52 509.586 9401.22 2181.25 587.76 9318.72 1787.21 4697.5 7457.27 3096.11 
3425.93 3403.58 1542.96 787.035 1535.49 7084.81 1815.66 4735.56 948.291 4189.21 
3277.27 168.266 6743.46 8351.32 290.589 5170.67 3017.29 7310.78 8473.11 543.636 
8790.75 7153.61 1053.22 8191.96 9334.86 1640.98 7510.66 1122.06 6338.48 4967.92 
4218.16 9764.42 8371.5 5761.12 551.437 9906.99 2845.92 2367.1 4642.53 3794.21 
6556.31 7919.8 3962.47 3299.76 6271.1 4253.06 8470.43 9288.39 1563.83 6943.53 
9832.03 354.557 4097.12 885.231 8546.51 3431.97 2526.21 6057.16 4554.03 8864.7 
1025.06 8772.19 8629.1 9396.55 4533.29 9180.54 9303.53 7379.21 1547.62 3946.04 
1173.4 8103.93 1865.82 5135.88 1403.67 8136.91 9388.94 9874.1 7425.29 952.746 
6817.61 7257.29 1307.3 914.722 8142.53 9853.82 4346.69 668.724 5910.96 8900.72 
9533.42 6936.02 7672.89 8162.51 6332.55 2206.17 7343.03 5636.06 9585.38 8890.65 
9582.1 758.767 6994.56 1447.9 5894.64 8398.23 9584.81 5283.56 8272.32 7010.08 
6236.31 5089.92 4267.36 7543.61 6004.64 2409.87 7397.41 351.317 3078.59 3308.36 
9252.04 2612 244.357 6924.91 774.488 6576.91 9131.08 8117.51 2212.96 8716.45 
7008.14 1795.04 9475.21 4002.69 3242.94 5369.84 2400.91 2827.73 653.386 673.212 
9837.81 6889.7 5763.13 4105.15 4433.29 1767.75 6515.02 1830.69 2119.07 9593.61 
5139.05 1371.09 2205.59 5383.4 8296 2980.08 1960.3 7427.06 1097.58 4173.25 
6143.49 8105.72 5968.29 5618.69 2108.4 9211.23 988.513 4509.3 2038.94 1641.9 
5182.52 1876.73 8531.6 945.629 5981.89 2964.87 2713.38 2496.89 4795.56 4832.45 
2090.48 9934.61 6203.54 4296.08 5317.99 4499.53 7276.16 7278.29 1926.57 8373.74 
1451.53 8070.07 6479.44 7419.82 3688.74 8587.84 6631.03 4677.26 3097.12 8669.97 
6319.15 8279.64 546.693 4850.73 9225.27 6528.58 7815.6 1938.63 9025.47 2611.15 
6771.09 1115.93 2545.74 2974.61 5412.01 7863.73 7474.14 2688.15 5142 9400.71 
1061.87 6593.53 7470.77 7541.32 4013.33 1159.49 6129.14 644.348 5836.75 9226.26 
9314.32 2155.89 7505.88 9861.02 7006.62 6731.13 6389.58 4822.21 8669.77 5415.03 
7433.36 5440.84 6530.96 9979.09 8415.45 1942.96 7842.81 5889.57 4631.11 2984.79 
5290.27 5692.99 9578.32 2761.02 3234.28 3591.64 3920.51 9363.42 4235.98 9757.26 
8589.67 3550.29 1913.13 6095.53 3411.29 8919.75 2826.65 9800.87 3741.94 1496.4 
5215.88 1175.28 6937.24 1746.82 1154.35 5352.67 3689.78 8997.16 1242.23 8320.89 
1981.94 6532.5 4013.86 1560.24 9293.52 7248.14 5151.88 3214.01 6611.55 9387.86 
2971.26 5201.2 2938.13 4884.38 1296.71 6349.42 3804.11 4123.36 6150.27 7546.05 
5619.76 1366.13 8721.33 2556.98 3112.95 9875.68 7909.65 6802.73 8872.82 9151.88 
5123.61 854.74 5684.36 9137.46 2414.98 4977.86 6385.59 7566.86 8191.87 2997.12 
6954.7 1163.11 8198.32 9892.84 6047.5 9495.03 6242.24 9851.61 3618.38 2392.5 
7397.65 9238.14 3758.63 6118.96 1795.1 6871.58 5994.62 9704.76 3674.3 4867.42 
8856.62 8797.9 5722.16 4540.97 7935.35 8137.14 9518.83 4320.92 5703.98 7710.68 
7318.04 2658.67 8873.8 5516.34 2551.49 4921.28 5011.36 8793.73 4772.87 8629.73 
1186.21 2170.5 7867.85 4944.84 8289.45 9662.96 1816.41 4284.05 9367.7 5490.7 
9151.48 8224.31 4288.59 4873.62 2765.26 2223.92 3010.75 2284.07 6544.85 8714.73 
9994.75 3862.88 1373.39 8868.53 9379.22 3924.88 3789.79 4390.56 2718.59 8562.66 
3020.28 3904.8 733.141 888.114 8849.65 9022.59 551.056 666.035 3306.63 9918.76 
6156.74 2458.09 8143.05 445.311 7331.72 908.287 2669.23 342.45 3192.35 9214.08 
9057.18 3187.09 3076.94 430.555 2055.61 2456.14 4355.43 5845.4 6846.7 7074.02 
4408.04 9866.98 978.809 5141.18 755.078 9828.45 4163.76 1306.13 494.472 7470.39 
1224.87 6651.21 9928.48 9367.92 7096.52 7260.18 276.189 9765.76 7602.63 3468.54 
8979.82 6659.8 6655.64 2056.75 7090.36 8711.24 4512.89 1445.77 4556.62 1359.58 
8519.79 8964.66 1226.54 9498.6 4105.83 1981.62 9327.04 8269.59 3287.75 9821.51 
5739.96 4512.62 6472.71 5668.43 3880.53 3569.21 2928.59 4156.71 3334.95 531.211 
7625.26 2314.76 7191.01 4280.88 4371.5 4281.35 2992.1 8884.39 5727.12 7548.72 
243.952 4246.9 6513.37 1470.49 3745.49 619.178 3452.11 3072.51 8888.77 6739.86 
2894.01 4628.71 1252.47 9366.72 297.12 5132.99 2935.91 3225.72 9289.71 6270.86 
3756.93 6914.95 8585.62 947.923 1195.81 2957.11 5229.28 4187.91 1841.48 956.384 
1736.62 2085.43 5203.29 8249.98 3555.93 8948.78 8869.16 7008.04 2021.27 7757.91 
3747.88 4915.28 2386.6 5000.35 4281.98 2683.72 133.323 7217.9 5909.44 9423.03 
3488.74 9666.36 6337.96 2074.35 614.27 7533.77 5031.45 5843.55 1721.66 6872.94 
6799.93 3458.28 8958.37 2003.2 1708.24 2514.28 951.957 577.388 9522.32 2973.23 
8335.3 3270.18 7888.51 721.883 8270.53 2170.48 3405.61 8403.85 9388.38 9315.04 
7826.86 2877.1 8981.39 4164.81 4951.45 9595.66 1698.56 9982.91 5439.19 3420.22 
6855.83 2239.1 6878.5 5814.18 4242.3 8586.74 8328.46 5194.26 9164.13 7850.76 
8167.49 7499.41 1120.92 6055.98 8221.29 9391.45 8226.46 1626.88 7795.28 7614.82 
941.909 5622.12 491.91 9923.3 9786.92 5443.36 9518.94 1485.47 5426.25 4958.11 
4905.69 2282.06 7197.21 1784.17 8096.24 1439.49 370.892 6424.68 6633.75 9535.02 
4275.42 4801.22 7034.42 5396.34 857.187 5255.69 4787.77 9083.65 6882.58 2583.03 
6698.46 7824.49 8205.15 7190.37 7747.77 7992.06 2633.71 7266.69 9477.53 8059.96 
2224.79 4383.19 342.001 9422 6167.36 8438.24 861.479 6538.25 4862.9 7495.23 
6073.26 9138.33 2296.43 3107.66 4534.65 3153.62 8363.35 9322.42 2237.25 5245.91 
1905.44 8935.71 3070.38 110.572 6126.06 818.132 8102.63 8759.77 8084.82 7580.14 
6819.71 309.595 1963.32 7161.71 9731.59 8130.68 5599.94 593.057 4668.92 462.824 
8088.29 742.161 9601.15 384.703 3849.82 4135.79 3538.32 2213.16 3458.19 5775.58 
7459.07 5363.63 4711.27 529.435 5474.2 837.314 1347.57 3576.82 9597.08 9432.39 
1156.94 6416.78 9741.99 3120.26 3578.48 9473.56 1250.92 9178.41 66.6035 5919.84 
9641.24 8154.89 6662 9242.37 8539.59 511.801 3378.14 2077.9 2724.96 6836.33 
7853.48 184.011 2199.95 2564.73 713.446 7674.16 3402.05 2061.01 1250.96 2999.11 
1493.39 2407.9 9415.89 1235.36 5528.15 2994.35 708.903 6779.07 2172.74 775.507 
2698.89 1813.96 8930.4 9360.89 1056.32 7469.97 9872.69 4434.46 9547.87 2597.63 
1270.77 7401.33 2781.64 3470.72 9966.07 3495.09 1144.86 3368.09 5556.1 2395.82 
6367.21 7049.49 4803.72 5783.08 8284.84 331.854 8777.43 8993.75 7110.93 950.155 
9769.25 9809.82 2764.12 8699.63 9170.69 3820.43 6169.59 9043.36 8254.89 5717.44 
1640.98 9525.66 3118.76 4422.62 2996.37 3084.81 7917.71 4141.23 6452.91 3473.79 
6537.06 2820.1 523.26 1340.76 8603.18 8808.1 1672.61 7380.59 7801.83 8783.54 
8330.74 7571.07 8593.34 1094.84 6270.68 7764.01 4915.28 2440.26 6807.36 3170.15 
8157.7 8448.34 2695.8 1276.44 2870.94 5692.17 4361.26 788.631 9833.4 814.145 
4262.42 6370.44 3634.24 4785.68 7711.2 2237.4 3593.77 9383.81 9617.99 1395.58 
8167.33 7948.71 8966.65 6760.65 9043.56 5237.32 4524.65 3958.82 7677.57 1331.99 
7128.97 5835.26 9780.33 9824.77 7111.7 2651.25 5516.92 1472.94 3439.88 5350.3 
2287.08 7702.3 1720.72 5921.33 2487.97 9431.92 8158.72 6081.73 8815.71 7776.69 
7477.31 6983.02 5725.39 6443.95 3743.65 4768.93 1681.25 8268.29 8727.75 9358.82 
9600.28 5856.7 5194.06 9380.59 5681.45 2305.74 2031.83 1198.35 3778.68 5471.71 
6548.65 6065.77 3174 8269.38 1987.07 5661.97 7701.28 145.781 1743.68 6516.97 
7922.48 9220.99 3499.97 3647.85 5664.92 7243.62 8416.78 7346.17 5511.9 7144.51 
6704.97 5112.16 3001.2 1899.01 4492.74 8682.65 4204.75 6524.57 9881 7983.44 
1996.26 6429.63 4049.18 5170.26 4698.99 6036.26 832.211 2400.25 6182.04 2575.89 
8917.22 4104.5 1796.87 2417.17 7752.34 7461.79 9660.8 6169.11 4807.94 5172.68 
3313.6 1512.9 284.823 6314.8 3411.91 4777.56 4997.43 7616.66 1302.11 4878.41 
5600.08 3298.38 1308.02 9649.27 8468.64 6007.01 5685.51 9300.85 8407.26 1867.53 
1876.73 7324.46 5972.03 3673.59 9741.64 3724.35 1135.37 9402.42 9893.46 5943.31 
4575.08 3207.05 7456.21 4859.9 9521.84 868.1 9637.46 4519.25 8484.76 939.558 
9397.66 4084.83 4237.94 705.662 3734.08 2706.56 6712.67 9419.59 2007.39 5119.91 
1287.1 3884.12 2444.36 7259.13 7557.71 2185.98 983.468 8693.08 1588.38 876.912 
4636.37 6163.45 4083.96 2092.56 1023.33 3605.78 2960.66 660.778 8125.04 1445.41 
1600.34 7522.68 5530.24 5838.27 8228.34 9264.32 8544.83 4940.99 8683.9 552.212 
60.8885 9971 4436.33 2505.25 7230.11 1994.03 4691.23 8213.58 687.09 6279.6 
9090.49 5323.46 2443.04 3174.43 7416.03 3466.37 6780.22 376.672 4127.15 4905.23 
1822.08 5727.49 2427.89 7352.32 1565.75 656.217 6616.63 110.563 5597.21 5300.51 
662.775 5658.1 5271.49 5099.11 8163.35 2501.58 7093.13 2854.55 715.146 7780.22 
9134.16 9805.64 3103.67 1577.18 2980.05 519.678 5043.56 9760.27 896.35 9170.71 
4665.48 2718.43 4898.18 7093.38 70.7406 6463.93 7749.6 6687.37 6574.49 3346.79 
1987.86 7237.26 9004.89 7259.35 2336.35 7168.22 9760.94 9429.49 22.7525 476.064 
7209.69 9156.91 281.684 313.347 734.073 3261.74 833.025 5777.63 3021.99 1729.38 
4948.32 7687.47 4447.81 9846.5 4780.83 4518.55 6310.41 2530.41 1205.9 2884.88 
5877.2 3193.76 122.131 4882.07 453.098 2458.49 2050.27 214.017 1887.96 2073.02 
690.081 9097.65 1229.91 971.765 9411 1963.99 4233.5 244.006 7741.61 7255.49 
1973.38 2689.92 4942.94 6421.19 2536.4 9723.77 939.723 8846.81 2254.16 2145.63 
1731.68 8131.36 5339.39 1853.81 3013.41 5792.49 4312.29 5063.68 6006.51 6200.25 
7136.7 6696.59 5297.88 8366.61 7668.35 4708.86 330.583 1901.84 4952.87 8072.2 
9157.32 6926.25 762.097 4100.25 3347.42 3298.5 3824 4287.15 2145.29 6078.16 
6432.77 3876.96 4209.51 1772.15 5730.77 7222.92 7564.64 43.044 2286.59 3571.12 
6243.29 9423.29 267.695 1541.15 7789.88 7936.05 6250.02 8120.47 9837.88 1202.87 
6192.65 8995.19 8129.12 6954.74 3095.42 1476.52 253.222 6919.42 5763.67 2398.51 
2997.56 2196.42 6275.48 7207.07 3968.57 2006.23 4429.98 1533.19 2049.27 6716.56 
5104.31 8292.56 6139.83 5372.01 9833.72 3929.7 3308.04 6083.72 2050.14 3145.9 
7286.58 8242.79 2141.08 5415.68 5197.52 5236.49 6892.2 5450.74 2155.89 2655.85 
7849.25 5153.46 4852.28 4124.71 2360.51 8820.85 6130.94 6790.48 354.022 8180.21 
3507.03 5458.34 6472.75 9646.86 830.329 6306.45 3576.54 4138.37 2390.15 5626.68 
7284.27 9676.74 3869.45 9425.35 5092.4 9066.97 4661.82 1984.59 4517.69 6817.72 
4640.44 2366.92 1971.16 9492.72 6491.63 4331.67 8313.55 2622.55 1122.13 8667.58 
802.737 4629.16 4125.9 7275.49 4276 4956.22 3581.93 7852.54 9094.59 5972.08 
3479.2 6378.85 5648.8 7348.66 5804.18 741.19 6415.61 465.982 2725.78 933.281 
7283.7 7366.22 3300.2 9254.85 6858.93 9791.83 3586.5 5172.47 2414.36 4708.64 
3840.03 3217.1 9337.8 7965.92 492.572 3613.78 2922.13 4074.5 1466.31 2016.7 
46.566 4945.51 8395.55 5695.37 2294.15 4199.71 6436.56 8709.76 4665.69 9162.34 
9643.04 1949.37 6528.55 2943.23 1204.21 3387.46 2735.04 4790.71 8559.92 5149.4 
9499.35 2399.93 8366.5 8837.13 365.839 8859.07 2450.9 3287.97 2933.55 3917.2 
5304.67 2980.12 8862.71 3700.21 8675.49 1156.85 7899.92 5112.03 9866.61 2565.59 
4274.35 9509.63 4514.96 802.883 2452.84 5719.17 4190.34 5187.88 509.868 2750.25 
337.268 9.19779 5150.18 8703.77 8846.33 5516.02 7562.82 1297.2 8803.99 496.359 
5214.41 4108.65 3476.48 4077.1 7808.86 2151.95 5233.95 5708.76 7263.99 5100.54 
8274.35 1538.32 4610.16 2789.29 2341.21 7063 8508.47 6531.55 2250.87 9018.34 
9281.8 2588.14 9027.53 4431.96 1291.89 7873.84 9947.98 8854.71 9171.05 8751.96 
9351.07 4385.43 2860.59 2827.53 8462.54 669.428 4979.48 3696.47 6378.18 2243.45 
8797.02 4652.51 3781.78 3407.16 7441.81 6122.98 470.144 5950.26 2654.51 2721.01 
4968.58 1936.29 5309.15 3996.09 6368.26 6601.04 1869.92 6316.22 5455.73 1040.95 
5068.16 4806.78 5426.38 7928.75 7634.31 3888.9 8598.18 2613.78 7585.37 4976.35 
4857.23 6382.37 9628.86 8639 9789.53 7070.65 4761.97 259.659 3020.89 7416.49 
2980.67 7989.47 9352.78 8289.82 1985.54 5721.02 4890.84 3855.46 2037.22 346.548 
4896.41 7105.39 5153.33 322.771 5034.12 2787.62 4211.67 3632.29 5401.39 1797.03 
8608.63 258.607 8179.4 8237.48 8897.61 7968.92 5308.11 3659.57 8228.58 8329 
1076.04 1209.23 6318.45 428.798 9499.05 8304 6149.82 4389.87 2159.44 8187.04 
4736.42 7055.85 5292.41 9889.75 7378.62 326.519 2677.35 1590.27 3958.81 8078.74 
3387.3 2567.43 8337.35 1566.69 804.886 7234.94 9535.61 6113 894.492 7764.17 
4441.98 1970.53 8973.4 760.417 2399.33 8472.43 9064.41 8549.14 2862.29 1223.84 
6736.17 7598.71 8279.68 2028.56 7488.43 5658.28 2355.08 165.762 7248.56 6313.89 
8244.5 635.84 8881.31 6581.83 2202.53 9686.2 3816.76 1738.12 5799.18 4711.25 
9502.29 241.146 6681.78 8475.67 1001.56 9081.1 6948.08 65.9592 7630.23 9810.37 
1289.79 4366.38 7409.06 9569.48 6394.94 4897.47 5227.74 8750.02 5063.23 2476.28 
5063.9 3307.72 3112.12 3945.19 9889.55 5314.65 3631.38 3706.29 7052.77 9430.56 
8417.54 6555.04 9671.71 5099.3 5030.68 673.251 4180.39 1978.75 739.21 1810.6 
1789.1 2029.01 6176.98 9198.15 1598.47 2571.9 4095.61 6826.21 1321.91 9158.84 
9302.49 6385.81 2466.54 2414.59 330.986 2356.07 7729.24 3962.36 6062.36 4781.99 
3392.91 4479.89 1337.01 3064.59 9579.18 6367.69 3737.85 3759.55 8346.44 4477.06 
5570.15 135.523 6506.06 1747.11 9333.68 8104.53 4319.02 3429.27 4930.72 5640.93 
2588.09 4233.19 2026.72 5054.63 6647.78 2357.71 7410.71 4377.01 6320.07 3473.06 
9159 9712.98 7952.94 495.989 2777.55 7532.11 6863.68 6515.4 1291.65 5210.1 
992.44 6861.8 5345.63 7498.5 8608.91 4679.29 5603.01 2927.91 8108.56 533.713 
8568.84 696.632 4766.9 595.541 5751.27 1414.67 2953.25 3161.96 5791.67 9273.32 
6635.01 4950.65 8986.28 4587.94 5446.64 1763.81 2120.03 2310.31 8279.21 3411.67 
7520.41 9271.65 273.454 2866.02 6770.14 8882.36 7545.31 2373.13 1810.26 5653.85 
2906.84 379.077 6350.48 7673.75 974.618 2101.73 9088.41 3927.86 5263.69 4880.07 
3201.16 1898.68 9830.72 2187.42 6486.62 5277.35 3951.23 8606.65 7587.66 2230.43 
2018.31 5108.05 1502.07 2291.76 7974.08 8272.2 1174.11 5519.37 645.316 2984.36 
1173.2 3552.16 3363.44 7523.69 1225.89 4338.06 9625.42 314.284 8265.92 4889.09 
5194.35 1467.07 6787.77 5025.06 3654.49 3274.37 302.395 7605.72 1881.01 7890.05 
9836.15 3899.31 2998.09 1338.2 6191.07 972.147 9610.4 7365.18 6491.52 255.702 
349.525 7664.72 3807.86 3712.96 5188.39 5033.75 8051.02 4813.79 5348.03 6316.93 
9702.87 542.372 7784 6490.63 5567.43 1438.47 9765 5869.83 9044.19 1645.99 
3759.86 8880.33 5545.3 6757.95 218.513 1736.36 7730.1 9828.92 9101.54 4221.6 
84.6022 9451.06 1886.3 3892.46 3164.01 7074.69 8926.21 1215.01 1888.46 4274.23 
7531.94 1591.32 4816.6 5315.92 8081.95 384.018 6754.39 7846.93 6253.85 5798.56 
9492.92 13.6923 4678.87 5038.21 6771.64 4897.39 6774.56 4501.73 4726.29 5876.08 
8723.32 4810.89 5327.12 609.61 8703.35 8491.13 7684.3 7629.55 9706.14 9572.77 
1903.76 7238.07 1164.07 6720.36 2553.97 9246.02 7104.38 9308.36 7092.93 3358.21 
5106.9 6585.84 3371.9 9785.78 1624.02 143.531 4683.15 8398.58 4645.26 9409.43 
4274.65 3368.56 4220.31 9601.77 3978.17 2923.64 8092.88 1662.46 553.175 7799.01 
1235.21 2456.94 5037.06 2399.28 9177.3 7591.03 1645.28 6281.67 6899.37 8738.21 
9639.88 2006.25 5324.03 3011.77 1792.01 6948.05 3155.3 6475.16 5346.62 7800.55 
5884.57 9621.27 1169.1 104.863 9223.02 5147.27 3028.5 7315.88 6809.73 3581.68 
5114.87 8044.94 6038.62 151.914 444.198 5215.9 7742.94 2089.48 1497.55 4642.29 
827.668 1137.42 6648.54 6151.7 4149.18 8440.55 3099.73 7304.48 4915.69 8446.35 
5105.02 800.249 8067.6 6274.11 905.111 7290.6 1421.37 3933.62 4606.47 8231.1 
7515.3 9721.34 6276.02 3553.9 9873.26 6720.22 8769.8 7616.18 8809.69 267.336 
2258.45 9637.36 1404.75 8907 5789.04 5553.94 7347.53 8888.77 2858.4 2263.21 
7335.11 7963.41 3063.45 5402.69 4237.51 3968.57 2693.28 5658.88 7902.18 7299.75 
3889.96 5417.46 7021.08 165.968 8971.36 6894.32 6886.19 7741.14 4510.48 5695.86 
8008.48 6768.93 5333.21 9413.23 5675.91 1122.23 4967.15 3023.43 10.9862 7825.55 
5286.63 7346.09 5788.94 8350.09 2748.77 26.4371 2318.64 5442.05 5685.32 220.801 
2741.78 9575.28 5638.26 9762.85 9741.25 4609.6 6657.15 6627.42 2350.73 1167.62 
2323.27 359.189 7936.55 7656.47 9772.42 3612.45 8778.71 4739.55 6635.87 8789.69 
2565.08 1922.49 6135.77 8354.02 272.557 8884.54 8380.46 2591.19 4326.56 4065.76 
2811.99 7068.34 3641.02 8450.26 6831.18 3382.26 3059.85 3488.32 9.66001 5410.57 
4655.93 2332.93 5769.76 2592.47 9989.4 5542.16 6204.91 8768.09 281.693 2840.77 
7557.76 2846.77 4763.25 3693.51 1200.77 5035.81 2578.03 9581.22 7627 6904.6 
3646.96 438.98 3972.93 7287.98 8889.24 804.089 670.224 1949.07 4292.41 679.884 
7359.64 8948.34 3012.81 3129.38 1540.79 3002.19 8671.55 7745.7 1770.27 8953.24 
586.448 9328.03 1799.99 5349.7 3021.53 3000.76 385.494 5599.56 2581.97 8012.5 
2504.14 6228.93 8451.48 6477.07 3516.9 7340.7 7281.16 4187.12 9289.76 1573.55 
4867 6649.39 521.866 7879.81 9778.77 2062.65 881.992 8450.3 9808.35 2652.26 
7403.52 394.782 1980.27 9203.52 5744.48 5001.8 2204.26 6129.98 601.348 4786.23 
4142.46 3105.49 1015.14 2593.92 9582.56 4532.03 9934.62 6863.7 8719.15 9224.36 
8437.25 3586.14 5873.73 8959.11 1465.94 5652.48 1021.75 2347.93 4102.76 830.083 
5000.19 1506.27 1224.87 6980.47 709.769 6969.35 1982.25 2914.03 3099.31 2583.6 
7700.25 7241.77 5689.09 8715.39 9835.68 5271.64 3247.41 9770.28 2135.32 1966.55 
8994.63 572.55 5552.69 4868.34 9531.66 7018.63 520.802 553.395 9366.56 4623.57 
1383.48 4366.73 6129.84 2608.34 1347.18 6839.61 9577.69 3329.43 9753.63 2676.98 
5913.03 7453.87 9918.75 1602.11 6169.25 9754.42 6873.74 9416.65 9524.69 9009.06 
1383.18 8519.29 9581.61 6935.87 3387.62 9113.26 3954.48 3908.42 9666.65 3321.02 
8531.98 1050.12 7687.75 4661.8 3658.46 9034.93 1501.39 3236.14 2364.35 1255.01 
5913.12 8277.38 8708.88 5831.85 9879.48 4878.11 5586.26 6753.21 4294.75 5110.93 
5762.25 5677.93 3630.2 5343.85 2613.79 7017.82 4457.09 6568.27 926.221 4123.73 
9889.29 9458.21 5173.84 7577.02 4119.99 8832.3 6611.94 5621.39 2068.42 8976.28 
6876.4 7981.54 7253.64 5585.27 3813.38 7133.11 463.361 9399.63 3886.3 4758.11 
4510.54 9648.56 436.03 8140.75 4992.39 3049.82 5158.55 9449.48 9618.09 6084.77 
3573.19 9507.36 5542.96 8747.03 7084.36 9662.95 7579.32 3696.28 5284.32 9647.74 
2672.55 2160.7 7629.26 9926.19 7745.97 1442.62 7059.29 8209.33 842.237 945.573 
2967.42 5352.78 594.115 3403.45 3493.51 5586.51 6453.27 8652.06 5035.97 6071.34 
4736.81 8609.16 5578.68 279.754 7356.18 2663.02 9942.71 4935.48 6359.3 5227.01 
4583.2 9031.85 7387.71 2212.44 8958.02 5133.66 3655.06 6017.29 3342.97 4497.29 
6962.86 6310.39 9850.07 7556.98 9713.84 3343.57 3143.47 6167.09 1995.61 8179.44 
2238.42 6732.42 6788.58 7817.09 7012.18 4144.74 480.098 6954.86 9080.22 6839.4 
2181.86 3663.4 5871.23 9569.56 5875.84 4829.24 4703.2 9530.89 846.513 8046.17 
4028.17 7809.38 4356.54 3878.23 5366.34 4070.36 7221.79 8509.81 237.441 9217.4 
6689.23 2475.86 5949.81 3477.8 292.932 2961.97 7622.55 773.03 9916.84 6702.75 
7612.43 2098.67 366.135 3483.65 1668.22 6241.97 8312.88 6371.42 5772.85 9159.4 
4417.57 9801.02 6968.76 8774.12 3679.23 2335.08 2844.46 901.006 844.878 3081.9 
118.393 7534.11 5557.76 6068.2 1011.9 5850.69 9030.17 8634.45 6623.72 8946.99 
5337.18 4236.14 1045.65 5703.31 7719.78 2713.87 1945.27 6032.65 9085.29 7718.12 
5192.03 3502.85 7519.12 2160.77 2276.95 1198.33 4495.86 5121.41 2099.34 5340.74 
8203.31 2217.73 2874.83 3761.05 8285.94 3886.73 9611.75 7316.09 2521.16 6235.45 
6263.07 7858.34 471.571 7308.72 3561.63 8191.35 22.5673 5506.9 4223.99 9107.86 
3225.01 9416.02 2610.69 744.112 1576.77 4887.63 1942.45 6072.63 9.025 4041.79 
1413.35 8212.34 6259.52 4288.18 1973.37 4545.44 8174.91 1585.1 1861.52 696.05 
7820.55 8124.59 8554.39 8292.12 5433.29 2116 6483.46 5455.85 7622.91 707.43 
4563.69 847.898 123.429 7174.38 1592.01 1700.2 2062 3534.46 7772.83 2071.02 
7576.24 9186.18 283.344 3835.75 3474.35 2256.72 8381.19 1649.24 3841.82 242.695 
2345.29 1662.36 8367.28 899.658 9954.48 3800.55 3015.66 6437.93 9256.41 638.553 
7145.36 3820.08 1486.45 7268.79 994.449 3078.46 8968.99 3056.45 6612.92 6741.8 
5127.47 4189.14 5927.97 5410.82 8024.89 9402.31 7667.53 6406.07 1051.53 1509.34 
6648.77 3396.82 3171.7 5016.03 4296.48 3126.16 8816.58 7312.14 9564.09 8072.97 
7950.7 6709.43 1893.04 9437.15 3978.2 2887.49 2515.59 2947.17 5943.94 9128.51 
9688.97 1071.39 3317.64 5616.92 6482.21 1342.51 5019.22 4149.72 7748.58 6070.75 
5659.06 4397.33 9467.58 8830.76 9413.36 3764.04 1956.9 8229.93 1076.16 1520.97 
6302.88 9026.86 8230.4 8195.92 8463.99 2208.58 1083.39 979.563 5155.75 7027.33 
108.054 4844.71 8098.71 3425.69 461.615 4580.9 4768.2 5480.83 8730.63 2516.77 
1551.57 4389.67 6914.1 1019.13 3220.41 6327.45 4783.17 5177.31 4557.36 5859.33 
6698.28 860.224 4886.18 4928.67 9056.14 3350.15 7137.25 139.518 4329.71 2292.98 
7166.84 4437.77 7137.69 5265.54 7863.46 7599.31 9846.45 2631.64 3080.12 8577.06 
5148.41 4631.7 2966.71 2062.5 5650.83 6187.12 8389.95 433.981 1364.41 2947.29 
6293.32 8062.69 3807.51 1179.48 2991.34 2863.64 4529.63 128.572 3003.16 8859.34 
2421.56 169.982 3297.09 9559.25 5435.52 1160.53 7158.54 5281.95 3792.18 238.642 
3858.99 8940.59 4870.34 6825.7 1003.07 521.148 3012.8 9393.02 955.128 4377.21 
2340.29 7248.44 2439.88 6147.8 8427.92 5431.22 9011.44 2957.53 5559.79 2014.58 
1816.86 7981.35 2184.56 5113.95 7540.58 7620.08 6274.48 4699.1 2902.02 66.6398 
4937.74 6761.01 9007.23 9808.08 3586.69 10.2827 329.208 6599.49 9403.3 1284.34 
976.677 1743.57 8532.78 3416.56 7891.36 6960.68 8847.78 6902.78 9918.22 4407.56 
8917.36 1735.05 2388.89 1101.9 6849 9929.47 8721.98 3123.47 4628.56 1623.98 
3190.11 9566.29 8384.98 2197.32 9374.36 1971.65 2207.6 9703.56 8571.14 1610.88 
987.884 9547.82 3354.45 9520.67 2964.36 1245.8 6481.33 1812.13 8148.58 6399.53 
6219.69 7065.92 8134.59 8608.58 8167.82 4983.57 8538.04 6889.79 8107.04 3166.58 
8513.77 1297.12 2732.86 6898.73 3494.44 2107.19 8870.39 5702.04 1810.74 7441.51 
7312.92 2798.62 6989.31 667.357 2319.27 9953.67 1913.15 8800.61 1765.79 61.7183 
5200.12 7985.47 7127.64 3334.69 6594.04 5295.45 8318.26 5132.06 2185.22 6425.28 
8298.64 698.964 7722.4 1031.48 7597.7 1216.83 3138.67 6468.07 6918.87 4949.41 
3909.56 4231.78 7748.04 898.86 4899.14 67.2923 852.519 6812.29 8867.9 2618.3 
6874.01 4068 603.761 4001.63 7402.69 7197.8 9297.08 5720.93 2329.84 1482.28 
2146.19 628.467 2181.24 9868.6 1659.94 9778.94 1085.41 4798.61 6246.99 8004.28 
9748.03 156.539 2236.04 7496.05 1055.4 7135.18 7563.34 1907.92 3947.45 6431.22 
4526.22 821.443 499.202 5129.98 4823.08 7901.89 2327.77 4120.14 3622.8 4657.61 
5602.42 5769 5286.08 7783.66 5637.58 6946.02 7562.58 6722.99 1744.62 3809.56 
4727.25 1492.63 3966.1 6963.29 8988.67 5021.49 4098.45 6551.99 6929.41 8045.9 
2983.2 1455.62 8867.35 3482.4 6585.6 3690.41 1384.27 8913.37 7810.54 5007.08 
3570.96 3412.95 776.056 8857.04 1196.59 6413.63 5803.05 8759.17 3136.6 7547.66 
2568.71 7863.85 9040.29 6534.81 4827.12 8028.95 1556.28 8925.58 4580.93 8485.7 
6971.46 7564.12 9941.31 5838.79 1046.5 6526.9 9529.2 2430.77 5440.25 7339.73 
7437.85 9011.21 752.654 8213.9 7868.23 1949.24 4627.52 3671.26 708.395 7764.12 
1218.91 3277.11 5627.96 259.185 9811.91 455.064 8288.13 1368.18 9380.64 2869.04 
9853.88 6352.09 433.148 9795.17 2190.86 1479.65 6322.06 1720.04 3910.42 1762.29 
9059.77 1348.25 773.481 9812.42 9562.16 8641.71 1761.65 4189.66 2312.96 2470.04 
1953.76 3531.87 5747.15 7581.72 3791.05 5559.04 8036.79 2079.17 6927.22 7417.41 
4948.21 6781.09 3769.48 5381.36 6576.24 5960.34 6861.01 2898.28 7680.38 771.414 
4660.57 6740.14 2119.67 5434.05 6552.54 1681.8 4075.75 8314.19 5871.46 6388.71 
784.217 7825.23 9920.57 6531.37 5406.93 3711.61 2090.39 3443.7 5790.78 9017.62 
861.093 738.973 5798.69 4630.57 6120.33 2374.92 590.896 2981.32 5273.2 8271.28 
3752.74 9933.77 5011.4 5872.4 5367.8 1563.93 7554.21 9443.55 9878.12 3425.66 
5832.24 662.319 1250.87 5752.8 7193.69 6657.8 9464.41 9284.08 101.483 5255.17 
8301.68 962.576 5994.14 4100.35 5593.15 2114.46 6475.27 6184.04 5095.78 1748.45 
4455.31 8848.52 1682.2 9466.71 4720.91 7050.01 1030.62 2275.1 6493.54 908.722 
5700.76 2325.77 1571.04 6951.62 8078.57 8764.72 3609.41 7542.96 8048.79 3710.89 
2798.12 6350.45 4673.46 8792.26 450.786 266.596 906.703 6926.05 6450.64 6002.49 
8674.5 905.933 4850.99 356.686 372.626 9571.9 7406.69 1403.25 1846.98 3900.22 
2311.97 7547.74 6225.98 3883.01 4499.35 4304.54 2647.72 8108.75 1847.48 696.486 
1819.62 4645.6 7046.94 6493.09 3437.84 7497.72 6759.69 4344.54 4423.76 3210.31 
347.014 3098.24 4116.24 5198.01 3454.93 4488.87 4769.89 861.605 5892.12 6616.88 
4761.82 8204.08 4164.6 987.789 2087.08 8663.95 5292.33 4734.79 6772.68 7139.81 
5431.28 8592.31 1785.38 2478.2 5085.38 5223.22 9975.92 1845.05 9567.77 4399.67 
5055.36 9914.78 7497.91 9171.6 5112.77 952.822 3660.45 9882.66 1814.43 9552.57 
6499.52 6576.25 7756.64 664.104 7564.04 9843.71 9328.05 2856.34 4578.49 6100.72 
9996.15 9.74905 4693.01 1781.52 2487.95 9778.38 7004.74 2463.85 1623.41 6572.49 
6863.52 6678.77 6487.26 4361.41 5850.35 1600.01 5314.23 9510.8 1482.66 7128.66 
9063.35 7982.18 3704.89 6819.97 8646.28 1268.91 6663.67 7974.32 4125.26 1242.14 
4075.02 4121.39 1251.89 8768.02 5902.91 3739.84 8546.39 2907.63 6203.69 169.785 
9480.12 3067.19 6848.55 5967.37 7428.6 2698.89 7567.38 2742.82 2209.68 9050.04 
9871.48 1273.01 7032.2 3576.35 8092.99 5678.46 4845.26 4756.64 3652.76 8970.52 
5998.78 7727.78 3091.89 7250.66 6495.78 8994.8 990.482 5042.15 1902.41 7194.17 
5211.94 1382.52 261.346 2060.47 7349.89 7689.95 4759.36 4917.25 432.749 6969.04 
3967.27 304.21 8242.05 999.445 3880.56 6335.02 6677.91 8725.82 1091.64 330.649 
7696.32 7090.42 8058.42 788.198 4341.07 4554.19 9782.99 5331.55 9596.34 1685.39 
2525.7 4808.26 3067.91 2787.05 6868.73 417.779 476.981 1628.08 5335.03 909.73 
8597.11 9302.29 1213.94 6839.15 301.721 5094.5 3174.15 6979.63 3820.31 4265.8 
7310.28 1516.62 1356.2 5368.68 2304.81 5697.26 9922.87 2087.79 1028.8 9519.19 
3773.18 3554.5 4327.43 6841.09 6341.55 1196.14 7258.87 6818.53 2824.22 2593.88 
7728.26 1421.32 1896.16 8942.2 8260.46 2197.88 4036.68 1434.6 9177.5 7856.99 
5700.4 6487.76 9373.61 7056.6 1856.43 1678.4 2753.84 1779.28 3766.19 3782.64 
1298.45 7539.37 7337.14 5625.88 4380.45 3678.67 6822.03 1639.3 497.182 9646.25 
4233.18 8225.44 1067.55 6129.33 7167.62 9328.01 8327.21 1204.29 762.596 7504.69 
9061.28 6462.99 3992.44 8434.87 3519.57 5848.86 113.257 6273.42 7628.14 3879.45 
56.0395 8926.59 1418.81 7393.18 4552.46 5799.25 1071.83 1374.47 7438.55 1569.01 
1020.7 1671.71 9794.45 2088.24 7801.04 6962.06 1416.24 6128.23 8166.35 2178.84 
3632.9 7227.61 8641.83 7625.34 5662.47 2161.39 3474.18 5775.72 8434.8 1102.31 
9655.17 8490.84 28.8834 1073.96 5884 4581.34 6873.22 6955.83 5955.81 4311.75 
8524.85 6976.51 5983.46 8319.29 9064.75 3784.48 5281.33 480.976 9912.71 3447.66 
2659.81 3545.6 675.26 1301.62 1170.92 6337.73 3463.01 4645.1 2113.43 1897.8 
5747.41 1768.59 388.622 5776.29 2842.55 6272.63 357.62 9715.77 3228.44 6313.43 
4027.5 1753.27 3289.92 10.942 72.5442 2354.66 3795.42 5353.87 2835.64 3708.11 
8801.54 5495.45 7253.71 9476.8 6797.07 8424.63 5814.51 260.066 3069.72 7927.94 
2157.86 8817.13 9696.53 2546.48 4593.41 2539.07 8819.11 4951.03 2254.82 2047.54 
1264.44 6282.32 3800.81 4554.36 6293.26 3873.36 6909.02 88.6689 9227.23 9744.66 
3796.78 8028.75 5240.09 1050.48 7505.53 2037.14 9475.1 3320.02 2297.21 2544.8 
1247.95 4455.07 1361.91 944.46 7001.56 5955.32 3483.53 5820.65 906.327 5738.35 
7868.18 2170.77 2020.65 1668.98 6725.13 8313.92 5542.33 3634.13 8402.59 4769.55 
3378.77 2199.35 2798.28 8618.86 3249.83 303.795 655.985 2724.92 3623.82 2953.19 
5269.72 4871.76 7408.27 6631.63 5816.22 4409.8 2586.94 9299.75 230.433 3493.26 
5038.08 8098.62 5664.03 7058.74 9767.6 2389.14 5372.64 5309.91 6023.27 3775.21 
79.4417 9402.04 5974.56 2877.72 8020.88 9224.39 3181.52 8676.87 1949.29 6805.33 
1630.05 7219.01 1677.08 9038.31 3850.62 7493.31 3448.1 6437.56 6793.04 3678.53 
9930.82 1831.11 1777.13 5594.83 8889.85 1544.71 7983.97 4262.47 6854.62 4007.22 
8037.67 6934.06 3409.25 4012.22 9811.79 1430.11 3236.59 2993.29 106.967 5185.88 
9798.62 1737.01 2404.86 1475.69 775.308 6255.49 8968.99 4223.41 2693.03 5762.02 
7901.94 2623.83 7593.13 9679.07 8218.66 6482.96 1223.76 6202.61 745.406 8078.38 
209.816 8783.08 5012.43 3619.06 2795.28 4824.2 5049.18 6031.87 7817.48 5156.15 
1217.73 7616.09 6893.16 3622.59 9091.77 7668.47 9878.08 8060.75 1891.86 2571.09 
3822.75 9793.79 5194.92 1415.86 9472.84 3413.56 7898.81 696.585 9616.17 8644.22 
8774.97 9825.98 7427.28 3787.38 3445.03 222.546 8611.57 8494.21 6254.42 6429.04 
3650.34 7472.15 4045.11 543.481 1094.72 3136.86 8211.95 972.786 1197.59 103.788 
3543.87 5020.34 9897.58 8738.79 6436.2 9370.41 2152.33 4334.99 66.9732 1768.48 
2979.19 8841.94 1594.45 406.455 2629.3 5039.48 629.001 1240.86 3533.68 6883.42 
7669.9 7184.01 4355.55 1714.99 7727.5 5450.27 4851.85 5939.43 6423.06 6049.45 
6043.22 9966.93 1069.77 5940.78 8705.71 7505.97 5311.17 858.022 1840.94 5378.14 
2626.51 4820.13 4220.06 4220.96 5226.59 6849.36 9260.44 5855.59 8090.22 2794.1 
2738.99 5760.1 9978.11 7094.54 7475.09 7705.59 2544.8 2326.93 3645 8967.85 
8376.37 9688.22 8934.77 9446.15 5628.98 7640.46 6952.1 940.135 8498.48 8793.04 
6318.28 1124.97 3613.16 538.323 5345.93 8839.75 7387.69 4606.35 4695.32 5477.89 
7400.45 7434.31 1237.97 7378.55 4528.83 8713.06 5084.13 7073.63 1039.97 8729.13 
6041.47 9416.35 8417.33 4976.22 8862.47 4046.3 2616.66 5814.56 4986.44 1115.13 
4607.58 1304.69 2240.1 8220.74 1843.02 7586.02 7060.46 9230.7 2192.36 1755.77 
4708.58 9592.81 9190.08 5946.55 6971.34 3718.89 4659.6 2055.45 792.506 5699.57 
784.564 6833.97 5115.9 9201.9 1810.18 3978.35 3248.18 4426.84 9792.91 8234.62 
5541.96 4400.47 9539.31 7782.06 2621.19 1382.31 5368.06 9681.66 613.001 7560.42 
1437.4 5321.58 7153.21 627.464 1268.11 4124.54 4346.36 5927.71 6179.99 5138.86 
1627.26 6964.55 1972.82 6743.16 6166.43 3783 721.494 9414.62 8209.83 514.386 
7649.22 3751.78 4914.86 7188.51 1533.82 7536.05 8570.83 6901.89 7217.69 9183.83 
4462.29 8655.09 4505.39 1615.49 9282.55 5773.5 5740.02 3628.9 1701.19 1919.99 
8767.76 3328.45 8884.54 740.563 71.5943 5050.96 4523.56 793.088 4465.56 2733.38 
1307.47 2114.76 6485.16 6222.33 9303.27 8018.98 3758.36 7874.08 4920.85 976.033 
7057.9 9383.14 9631.12 1563.27 998.608 8913.66 7336.77 6738.63 2542.54 9037.97 
8658.62 1310.28 2366.4 7543.15 2050.85 2438 2594.1 6574.4 3231.09 7059.66 
9307.78 4538.56 9174.42 5792.92 760.877 8477.67 3811.88 4519.24 6351.74 8732.73 
5495.27 3409.62 8115.85 5126.38 4972.89 9114.46 4040.03 2309.65 5853.07 6582.57 
1347.6 4511.68 7892.85 3714 2054.82 9943.7 6152 4648.91 6518.08 9383.08 
1708.55 5825.85 3921.63 882.949 1618.75 4682.51 9360.62 5430.63 9201.75 5712.35 
4163.35 4697 9121.97 2279.18 9823.38 4094.84 1393.63 3863.39 6404.49 7246.7 
445.943 7752.08 1758.37 8338.79 1466.07 3813.18 8282.47 7618.06 8462.09 4800.54 
7001.13 170.626 626.368 922.745 1053.57 2245.12 5605.25 414.181 7675.75 4806.98 
6126.53 1839.08 9503.98 5248.48 4118.27 9327.35 9343.32 5511.89 3190.73 5747.79 
2758.58 3636.67 3499.86 4516.94 1975.45 4965.92 8330.13 257.902 2583.97 6792.2 
5058.44 9585.1 6962.83 5684.81 507.832 8016.4 7929.93 6113.08 8430.58 5605.66 
920.047 4557.09 7444.74 424.013 9805.58 1562.99 9751.36 9148.88 7074.88 2942.07 
4896.65 9833.46 6578.74 8396.51 4350.39 8554.19 3362.42 2680.5 8812.09 5946.39 
9472.7 3870.51 5531.48 6435.51 9555.32 6039.31 4451.9 7485.23 2152.38 2882.46 
3090.87 3072.42 7439.56 535.597 3496.44 7245.12 2098.59 3247.78 6393.98 9173.47 
6189.86 1290.62 9006.92 2768.58 9687.13 3357.29 1322.76 3049.53 6037.79 134.834 
8995.92 5510.47 4005.35 4527.39 1945.97 3560.65 566.679 6397.86 1045.87 2719.06 
9280.33 4136.74 5791.48 6719.87 4672.34 9287.92 3964.97 6770.92 2535.68 358.928 
5944.38 8725.54 1649.54 4951.28 1494.11 1336.66 8308.56 2816.87 4386.19 4346.33 
2951.7 3382.1 9856.8 6957.05 7909.48 1802.75 517.688 8476.16 8200.61 1563.55 
1195.2 7480.92 5700.29 6986.68 4200.77 372.614 6274.58 8165.74 7143.54 8810.26 
8524.67 3087.9 7535.78 174.196 8039.17 9029.89 1510.85 6347.72 1846.74 5897.04 
694.037 4798.44 9279.14 550.824 1755.48 7188.6 2353.58 2273.16 5664.75 554.174 
3836.72 6859.94 8035.1 9537.01 3846.61 2235.85 9909.63 121.166 401.579 7053.15 
8931.43 8926.25 141.028 6467.19 9100.44 8180.2 5497.07 611.28 4527.91 7343.81 
6508.32 5221.94 2142.24 5787.44 5772.77 3897.71 2976.03 8126.34 6170.88 8640.78 
8680.52 7.57881 5500.7 6715.6 9544.59 9347.31 8951.45 9454.2 9468.48 9353.03 
6507.33 8399.88 8279.26 6648.36 4867.06 7379.69 4828.55 364.108 7990.97 9356.45 
7707.92 4499.27 4578.38 9850.15 286.7 351.127 3747.85 3262.73 8477.47 9918.72 
1903.49 7157.97 9926.3 7404.19 3873.55 9470.88 6751.48 2824.99 8925.06 6219.94 
2178 5432.38 4619.81 457.247 2080.72 9486.87 7836.94 6909.27 9850.98 5827.89 
6265.71 7558.88 327.144 844.066 7409.01 613.844 1195.19 1156.84 3876.57 9672.66 
1075.55 5780.06 6830.62 1001.83 3184.24 704.151 472.694 9935.72 3529.14 9397.76 
6155.65 5707.14 4830.12 775.441 6164.39 6910.84 262.293 4001.31 3820.09 113.253 
9829.19 85.7827 7672.13 156.321 929.849 5081.12 770.164 2125.04 6237.97 4646.74 
1797.69 7313.51 426.782 8628.31 8315.35 3611.02 9332.46 8788.04 3546.72 2861.58 
8185.78 9702.37 8568.72 3015.88 477.797 4733.09 9926.72 740.09 8734.4 3746.8 
853.343 8563.57 3832.58 8525.47 8719.89 4762.43 3606.58 9490.06 6887.47 9844.54 
4136.78 8685.16 7158.04 4563.56 7313.45 5473.37 8174.58 6645.89 4261.39 1721.29 
9507.47 2447.15 1423.64 8076.17 5463.03 1901.44 2809.24 5389.74 2641.53 1543.62 
9136.54 3494.87 107.178 2969.1 2020.33 8827.07 7731.53 5626.9 8317.11 4618.99 
5471.43 2453.87 3304.13 2629.45 7017.43 617.567 8102.82 5191.99 7263.46 2364.19 
6913.28 6770.91 4811.35 8336.92 4847.07 274.362 238.343 7656.31 5664.1 2879.87 
9199.93 4800.62 6374.74 9307.11 7769.72 8395.07 8134.16 5501.24 4021.95 6451.26 
120.208 9493.38 8905.13 3424.34 2122.82 5922.55 4041.91 225.623 1114.52 1305.35 
2589.82 8027.8 8076.26 7401.16 6364.71 2923.31 7675.53 6603.05 579.602 3339.61 
9482.92 9779.53 8140.23 5857.65 9086.63 5909.93 4252.7 7220.77 1411.15 8274.65 
3672.01 1531.36 7768.01 2577.13 4955.7 9890.83 8499.67 8997.61 116.439 9614.2 
302.947 2706.26 7641.98 8379.21 107.403 4006.67 1302.5 7782.93 609.71 1882.1 
1122.52 92.6152 1661.62 9262.75 5950.26 748.229 5172.67 202.94 7969 6583.82 
8477.59 1641 8115.18 6245.59 4218.12 3070.87 6136.4 2717.78 2068.46 6252.84 
2331.96 2371.41 8959.1 9973.94 750.601 9066.5 3980.6 2053.1 6849.41 4590.31 
3935.21 7971.93 4682.92 5596.83 7234.67 633.169 6345.06 2407.31 836.109 4314.04 
8991.13 9313.7 5955.04 7106.3 5559.27 173.142 177.147 1695.66 2890.92 2245.61 
7948.5 5222.88 4617.02 6907.58 5196.8 5367.62 5974.06 9177.4 7420.72 2823.46 
3767.69 1355.91 795.377 8450.62 6952.74 8030.04 9083.79 3297.78 437.342 9919.9 
7611.82 9428.48 9233.58 3566.84 6534.76 4792.83 3739.98 6711.9 6488.49 6630.9 
8957.51 4436.97 1853.76 3574.51 1344.53 7050.56 8942.13 7318.59 6227.95 6362.84 
142.038 9995.64 7718.75 937.415 8446.25 4671.48 8967.46 7530.02 7969.25 9404.8 
7449.9 5581.05 8833.26 6683.46 9147.89 5368 1476.27 2887.85 2079.88 7964.76 
9518.75 1037.38 2401.71 1372.49 4611.89 3746.24 8423.06 3554.01 1064.81 4650.99 
9916.85 1206.85 4646.62 7635.58 2144.27 3092.84 2307.04 1111.71 622.844 276.282 
516.491 8072.74 5857.34 9349.75 4756.18 5005.21 4717.73 6232.46 7893.06 6797.61 
4197.2 7411.79 7834.99 6598.9 8784.28 2446.86 345.124 7207.32 6000.87 1409.94 
1858.29 5917.7 2616.79 6504.91 3553.27 4761.06 9597.75 5860.31 5872.76 220.581 
6136.6 6389.25 8293.32 1993.91 5738.99 3049.49 6999.12 456.7 9281.94 4892.17 
7254.31 3479.12 2303.94 5089.28 78.0106 1088.2 7536.14 423.134 8295.53 3537 
1833.07 153.803 9454.7 4449.86 6658.71 3007.95 9210.92 6256.45 8868.26 5083.66 
6477.03 5004.84 1472.9 4770.33 6998.75 7211.89 7819.82 3997.86 7668.59 7101.75 
8890.03 4922.88 580.858 1193.95 12.1473 658.869 2282.15 7548.29 1082 577.662 
1085.27 2915.07 731.465 539.949 7364.94 7390.18 3547.9 6575.84 3646.61 2416.14 
1659.48 123.62 7420.98 3132.39 4893.95 4419.72 344.259 2713.76 8417.58 8012.85 
9815.51 7307.59 2935.71 396.353 8501.54 2947.86 1055.22 783.674 496.134 2137.22 
1361.34 1581.4 5052.3 2092.8 2121.35 2417.22 9482.98 5669.25 8993.06 3129.57 
8085.39 652.522 3253.19 5506.36 3784.91 8147.14 9926.08 4129.17 860.887 8343.65 
2142 676.383 5651.22 5077.71 1072.74 4152.74 8025.57 2127.96 4936.42 8521.71 
4265.18 6297.75 103.093 9317.48 8390.56 2224.45 1734.68 7873.52 7893.7 727.721 
1003.07 5979.07 1380.24 4256.26 1485.42 5165.15 2403.38 1411.48 9294.32 3264.27 
9755.13 1436.3 3940.65 5406.33 6514.01 5013.39 9559.08 4539.57 7141.35 4495.48 
3061.26 1406.51 793.215 3164.35 723.977 9183.77 5388.79 2458.66 7057.27 3282.47 
3186.38 8060.34 9261.54 4566.62 2316.58 746.943 9731.78 4719.97 2158.42 9026.08 
7984.24 1913.53 462.363 1924.87 7319.87 6976.37 6938.26 6878.93 1515.92 4079.59 
1374.39 4577.18 5486.11 2167.6 7741.53 6210.08 1351.36 3130.31 8668.74 8408.63 
6412.78 1855.11 6468.95 5674.31 6421.73 8785.53 6421.25 6153.49 3505.48 8579.67 
5179.56 1489.7 493.191 5641.92 3414.57 7813.06 2618.27 352.823 4691.97 4134.2 
4432.42 6066.36 8711.38 9918.52 8233.96 6452.89 6128.59 9585.32 9583.2 4797.32 
7993.93 5995.96 6652.42 4462.86 1670.25 3074.14 3248.38 8091.5 9227.63 6753.86 
6671.15 4407.17 8243.56 7164.34 49.0709 1658.12 4977.38 2667.35 2010.94 9669.35 
6801.54 6443.36 5735.69 5512.9 6361.87 3969.64 1965.78 2490.44 3554.94 1548.95 
7287.76 1548.85 7544.91 3940.16 6011.71 9215.16 7014.3 9260.09 7306.63 6241.92 
6013.93 3977.77 649.073 4257.48 1142.09 698.144 5915.59 6119.48 3365.49 7926.54 
5788.81 167.016 4369.88 1524.49 5679.92 731.725 5494.12 7645.7 3222.17 9049.06 
9194.65 509.906 597.893 6739.55 4450.07 6609.6 5954.69 1464.36 5869.68 3261.3 
7706.28 1883.59 7239.07 8355.35 6141.07 8381.17 9053.49 2056.65 4500.63 2418.97 
9983.18 289.424 2585.98 4353.04 1813.91 8265.9 5084.77 7308.04 5911.58 8306.93 
6357.08 5106.22 8816.84 6954.97 1845.75 3266.89 3564.56 7800.44 4731.25 9434.24 
1061.73 2437.51 1317.82 8300.8 792.844 7458.89 6681.95 9846.34 9515.53 1182.56 
2265.29 9498.7 1471.98 4851.27 3851.72 3285.9 3117.16 8936.49 593.916 9028.74 
7243.41 6951 4134.95 6060.23 3905.96 5980.7 9327.12 7470.52 3781.12 4058.35 
6904.74 4842.84 6495.86 8222.56 3143.63 7288.7 5681.43 9825.58 7135.02 5196.94 
