600 10
3113.73 3571.19 2874.87 8603.41 4265.96 8164.65 4787.48 7506.98 6616.78 3948.56 
7921.89 3933.93 1824.06 7501 3412.68 3482.97 6728.67 7583.79 615.073 5329.95 
6731.37 2469.44 9124.43 5676.38 7878.48 896.086 6098.49 7162.06 8103.68 1930.36 
5366.53 1217.39 5501.55 8241.39 9820.8 9767.5 6406.02 4608.27 7274.47 3022.79 
8556.83 5196.35 6956.71 380.88 2697.33 369.378 3863.85 9426 7953.17 4478.92 
4755.94 4684.52 6948.36 3880.36 360.885 4826.81 4776.44 6459.37 1988.86 2880.1 
8389.74 7355.39 4097.5 3891.27 5596.76 3918.29 3658.75 2002.77 8526.56 933.208 
5025.55 7083.37 6129.56 1982.25 7464.25 8826.89 2351.63 1328.08 8252.88 304.781 
5807 3008.8 4989.3 2755.34 6889.15 5350.19 7582.15 1665.58 1809.54 9571.01 
4545.68 199.263 6926.38 8643.18 4090.53 2523.13 2561.45 7749.28 4525.89 1087.99 
8682.49 9551.45 8171.37 4812.03 1533.68 5635.6 3638.9 3885.31 6963.68 1891.76 
4190.09 2770.67 4900.56 9179.39 5526 1789.7 4529.56 3108.14 3455.28 6339.1 
2679.13 8000.96 6538.37 9605.52 6644.13 628.878 2128.63 9205.58 8378.16 6654.52 
293.555 7060.63 6205.95 8464.92 1872.65 7739.63 4100.51 5511.55 1624.92 1064.17 
7403.31 5815 3834.84 2303.85 4994.38 9360.84 4093.55 9523.94 2468.96 7548.82 
5863.02 5148.1 5549.77 2401.37 4753.6 2193.88 3030.25 6882.22 1399.44 1408.39 
3536.72 1693 8469.03 9742.67 157.899 341.658 7482.29 4258.4 5853.21 9107.2 
5322.58 3256.5 4922.19 9157.41 5560.35 9916.57 8518.24 9653.9 9440.49 987.185 
7202.7 5303.5 6135.28 2752.45 7704.87 888.864 4946.33 735.102 7771.09 6345.77 
2143.5 1307.79 8038.77 612.508 1050.45 8196.67 954.167 8532.74 2455.05 6807.37 
7639.92 7777.63 63.8557 2562.1 6935.02 5624.21 2478.65 5453.24 5278.08 1919.12 
6440.43 2480.77 7222.62 2575.7 5233.22 4927.47 3464.56 179.54 5662.57 1235.63 
6525.31 7806.07 2543.42 4564.06 8418.57 3593.88 2760.71 9372.74 2126.59 5215.76 
6180.1 9766.52 2993.38 6243.95 2328.6 9928.4 1868.14 4807.25 5381.63 7146.23 
6726.37 1822.04 9627 3948.97 4397.74 4860.2 8876.44 7862.3 5039.74 4538.99 
9097.92 1565.04 2345.04 1641.33 6129.1 763.593 5235.21 8889.81 136.315 7361.8 
4105.56 6316.41 7128.3 7098.94 2560.35 9456.9 7027.32 4428.49 4264.13 2408.93 
1574.7 990.485 4230.97 1201.68 4939.45 8628.71 6061.88 3815.87 6490.99 1101.61 
8354.86 5588.89 2666.64 699.882 7230.23 8795.75 1463.47 2465.42 7685.54 1599.79 
9827.22 1791.08 7916.2 6955.5 8890.02 476.532 6412.39 5917.32 4905.02 676.504 
8326.25 6479.72 1666.99 2557.21 7681.39 6606.44 1185.9 3743.25 422.301 7676.88 
4844.86 8777.16 3265.76 7511.51 9477.05 495.969 6307.23 940.503 2961.38 3992.76 
2540.29 2788.59 5783.84 456.478 9744.09 4673.84 933.01 6156.46 591.145 5838.03 
6832.97 8917.4 2317.73 8499.95 1474.59 9999.12 5106.38 2660.48 3742.36 5528.68 
337.35 8587.22 4305.83 3603.11 6098.71 3782.86 4099.08 2405.92 4723.36 7060.46 
6398.68 7263.65 9849.05 2182.5 7720.13 9593.12 6856.34 8653.14 5749.57 7447.49 
4491.15 2582.51 6364.87 6808.88 1082.45 7839.45 6807.99 6188.83 499.921 550.327 
1717.5 837.271 9137.54 6023.33 4440.38 5236.23 9806.19 8539.46 7642.16 4529.53 
5599.9 4040.82 1793.17 5448.94 6223.32 9513.3 5042.04 3079.64 8166.43 791.588 
527.113 2657.57 3374.1 6891.98 9466.45 4456.55 4731.42 6274.42 645.369 5231.34 
6824.75 2362.87 6068.61 5962.28 8386.2 508.971 1198.49 8192.37 9048.43 8840.65 
2721.88 4648.32 2881.45 4515.06 97.2347 9104.77 4028.34 5139.27 2184.4 2194.75 
5930.86 2711.51 4852.32 9304.96 9603.49 4318.76 3761.5 4334.89 593.159 4406.87 
9566.23 7417.91 6769.74 5634.82 3380.16 5155.92 6143.79 4578.66 3348.27 5192.2 
3419.29 6070.15 9840.52 6300.74 585.191 9937.75 5405.49 4613.53 5077.01 7589.89 
6808.29 1007.85 301.384 1660.59 312.799 9904.87 5979.35 4074.3 4239.75 6572.51 
8481.17 3805.95 3990.4 5250.89 9440.77 7370.56 406.786 5584.54 1949.2 3755.05 
776.723 5368.49 9825.21 617.222 1669.21 410.38 554.956 7074.71 5023.91 5631.96 
4664.58 1832.18 6639.82 4965.97 3492.78 6952.62 4870.82 9472.12 1026.9 9110.57 
6044.61 9508.06 2916.5 34.9937 4758.93 2357.26 7405.55 5165.72 7941.8 9354.76 
8920.77 8718.52 4723.23 8745.96 9335.74 6392.44 9156.34 9890.7 3467.14 4180.24 
5522.65 8131.72 6012.42 2162.45 3097.67 9505.2 9115.06 7968.49 8977.31 141.943 
7079.04 5021.91 9650.01 9995.54 5056.9 4408.92 2352.78 2462.44 9574.64 294.558 
1817.18 8495.4 9013.08 6540.41 7241.35 8348.8 2932.83 6397.67 8239.49 6399.97 
577.894 3762.12 4531.67 6590.32 5924.56 7629.33 6095.5 5039.61 5597.8 5072.79 
5181.55 2676.82 94.6828 4831.54 2672.34 5151.58 9240.46 5025.12 7614.02 8815.09 
5319.68 9431.2 7310.47 4332.74 5971.59 4551.8 2681.53 8904.42 949.457 921 
5304.37 1527.35 4683.12 9836.04 8117.67 607.66 7465.36 4213.15 5647.27 3063.15 
9285.95 828.798 5739.97 9380.63 5660.34 8412.31 4532.2 4900.79 3437.42 2146.2 
3715.86 8757.1 1577.38 1026.32 3089.83 7548.97 5578.12 5771.36 6453.37 6527.57 
6692.36 1757.72 8054.92 1375.45 1593.75 6172.58 1983.11 9059.11 385.715 7630.38 
2122.24 9671.67 8459.18 7862.2 9052.28 4119.5 6274.5 3584.46 9020.28 9711.92 
5730.66 2736.13 8469 7308.04 3762.44 1558.81 4856.99 9340.56 7330.17 1310.34 
5868.11 4022.51 3068.07 3923.02 5397.96 4661.81 95.5825 7381.07 3720.91 481.298 
5011.44 5843.14 152.945 3470.6 3705.33 9205.22 7590.1 9979.83 2789.67 6610.36 
9691.73 8520.33 9346.49 8160.72 5828.35 3108.91 9719.53 685.32 2449.45 7049.68 
1995.66 8317.57 1072.17 5063.73 2240.57 6470.13 9725.54 2336.15 3851.19 3446.43 
2817.45 8862.62 9289.57 2970.4 2333.2 2994.89 2175.6 9923.3 2974.7 4965.27 
6533.64 2666.41 3485.58 5880.11 827.116 9313.93 8989.03 546.628 9999.25 1438.46 
7596.31 1994.89 9756.03 8668.48 7058.62 1996.58 5138.59 6784.14 4332.74 8989.77 
230.556 7150.19 7852.38 9520.13 120.568 185.562 2515 2296.17 108.843 5489.69 
7261.44 6642.49 8156.11 747.009 2522.58 8983.23 60.9225 1511.59 9529.85 60.156 
2950.05 7126.14 2055.05 2706.06 5794.6 9113.67 4702.64 933.174 5897.8 9035.38 
9922.95 6128.35 6185.55 7775.31 5648.46 6306.12 7960.87 8163.46 8602.29 8069.71 
3653.14 5863.72 4712.18 1809.23 6610.72 7234.76 792.439 6671.65 8746.36 322.275 
6731.8 1696.39 7448.42 8786.85 4402.45 3243.01 7900.51 9105.09 4176.18 3798.28 
8140.45 4099.11 9926.64 4325.98 1874.4 5575.08 632.082 9835.27 3738.53 9234.37 
7904.96 7391.66 5098.07 2617.13 9200.89 1708.78 9851.89 9993.33 8380.42 8598.23 
315.589 5112.21 294.601 7764.01 3899.05 4697.05 1007 1799.53 3802.13 5183.18 
5597.82 1942.56 9282.29 5524.44 6268.55 1156.67 1099.51 6900.63 991.924 4838.03 
6134.98 8896.89 2229.68 1233.04 1514 1430.55 2941.81 1365.87 1423.86 1322.22 
9964.1 1739.45 6434.43 258.683 9503.46 333.457 4955.73 510.444 2132.99 8757.86 
5693.62 7730.81 700.407 4975.9 3255.23 6968.95 6132.57 4354.74 3869.57 7124.49 
9192.77 4.53333 6021.36 1422.43 1237.57 7535.36 2852.98 4179.38 8901.23 4276.84 
5501.6 8865.31 6016.29 1936.01 9124 5519.74 2269.47 4079.71 6030.19 4402.46 
2837.56 1723.79 2133.25 3537.96 6699.69 5388.48 506.902 2832.24 9743.22 4376.47 
9956.73 8935.97 4381 5978.08 358.38 5618.57 3513.43 3211.36 9797.95 2414.64 
7488.2 5299.53 1279.94 3504.48 7235.54 403.921 9024.22 9505.01 4483.63 5054.39 
3907.45 7321.19 6778.18 6040.7 859.141 3477.85 1429.16 1366.04 6310.09 1172.37 
5742.51 6266.81 108.321 123.498 2244.87 466.701 5742.07 5758.3 3678.06 5540 
8172.94 1166.24 839.52 9452.88 4670.72 8075.06 9856.8 3694.92 7580.05 4340.42 
8749.31 1487.49 1661.6 5527.47 7528.19 2520.74 9005.32 8957.35 3886.78 5315.4 
129.7 9629.29 1582.19 238.02 9752.79 3827.06 704.721 5494.85 9585.36 4382.78 
1034.83 7758.29 5549.02 1874.35 7211.16 219.723 9949.42 7067.95 3914.64 7529.45 
1408.35 2663.93 9016.94 3069.95 8191.4 6545.11 5590.69 7196.71 5502.44 9477.47 
2512.08 5632.14 9106.75 4094.27 5870.16 8859.52 7921.34 6574.88 4354.35 7506.68 
957.644 5389.19 5264.96 6506.67 7263.54 2476.1 6726.39 7212.94 9544.04 641.014 
4742.37 952.379 3304.95 3759.29 4022.33 1496.33 304.384 9613.02 8693.04 5806.82 
9090.47 1205.11 1438.95 8197.2 5299.38 7309.11 7056.71 3220.7 3883.97 1411.05 
727.365 4841.61 6800.23 5992.32 1348.26 4063.75 8468.42 8074.65 1276.67 8012.45 
8715.66 6019.04 8964.83 2020.59 9778.34 2987.14 3516.93 82.7031 2600.14 2209.95 
5889.53 1690.59 3415.06 7328.47 9887.8 8714.44 4637.56 6944.49 1935.12 8521.53 
8355.54 2662.48 3363.13 5155.76 8654.8 4711.39 9219.51 7123.21 2786.03 496.17 
5135.64 1501.67 6515.21 4100.45 3522.27 6293.53 7087.59 7039.19 6376.24 9687.73 
9249.14 2265.75 1378.31 2664.18 9594.22 1266.09 1378.6 4231.77 8210.58 3313.72 
2753.28 6566.11 5976.2 6116.41 1721.85 4630.99 827.788 941.348 1754.18 3613.81 
1437.52 6889.82 5115.49 7952.73 990.248 8637.75 4246.25 8077.84 5676.93 622.468 
7765.55 4926.06 2888.21 9143.86 7590.24 2482.42 409.927 8968.84 6714.18 8620.51 
2282.54 9467.46 5186.6 8258.74 5583.86 6908.45 2889.71 6411.65 7849.8 4643.88 
25.4431 9287.32 1533.68 5140.93 7240.03 2523.93 3778.67 1486.26 601.75 9455.6 
2108.73 8367.3 4381.64 4996.95 7511.14 1971.86 7479.36 7921.06 940.683 4193.53 
6541.56 3223.22 3660.98 1728.14 1481.94 9244.83 8636.59 4371.65 5656.46 6486.37 
9015.53 5681.91 5773.67 549.195 822.82 3013.69 3073.12 4601.49 4499.95 3674.87 
4057.07 6608.68 2042.16 8438.71 1605.61 9553.29 410.552 9084.98 7474.34 1351.24 
3278.49 4015.88 4574.46 6939.47 5744.02 6056.4 6184.28 4380.59 428.034 1840.73 
866.942 9443.57 7522.64 6640.61 9992.76 8345.46 9654.3 3065.87 2946.93 4154.23 
6740.74 7004 762.894 8782.9 5442.69 2368.51 8336.17 5853.24 1453.46 5810.5 
7204.48 4731.95 9826.38 1778.92 1671.4 5570.38 7835.32 7855.68 9950.96 8263.35 
9696.42 817.889 7706.9 7219.04 7458.5 7699.65 5564.48 7112.78 765.496 8511.41 
1266.99 7506.24 5515.39 2029.89 6289.12 958.06 4398.39 4625.28 6811.3 5851.86 
435.758 4015.76 583.792 262.117 5794.68 2255.19 5832.49 3629.98 110.861 5783.44 
1893.32 9807.28 6601.33 9600.22 7026.29 4059.81 7299.85 2590.76 1172.58 8065.34 
1102.15 2439.57 5571.56 6617.53 4469.46 1860.67 7575.59 8867.85 6485.94 4386.88 
4719.69 6921.7 8402.64 5303.48 7183.82 4197.3 7558.68 3016.29 7827.28 7669.54 
8799.73 9720.6 7476.79 5401.05 9320.8 4503.07 9460.86 6620.63 7093.83 633.424 
4685.95 8195.97 3073 257.498 4813.49 7542.46 2118.16 2389.07 6410.29 8604.11 
6775.95 1129.96 5525.79 5178.57 6433.45 2709.59 9375.87 3992.1 5725.88 7203.14 
1661.62 4525.6 6923.72 9138.42 9926.65 6244.5 3641.47 9387.49 2865.11 735.284 
20.9014 7551.06 8931.26 3093.9 7808.56 3744.73 636.337 9926.73 6133.8 7046.63 
8530.81 2909.73 8176.59 4056.59 8088.3 4610.02 6766.18 7464.15 8602.12 2492.04 
4667.27 263.729 7017.64 1590.97 9402.15 6944.28 7835.47 3043.6 6331.75 700.568 
3778.88 6352.65 8251.63 2710.13 9446.55 6060.17 6454.86 82.872 5986.88 2588.64 
7129.5 4517.68 5498.37 5306.07 8574.27 3586.65 9916.09 5340.43 1050.79 8518.2 
7832.47 5718.06 8781.93 4850.1 7309.03 8184.05 1794.36 5144.49 1227.64 8126.11 
5845.06 5006.52 4478.75 4096.67 7716.65 3925.28 156.828 4171.49 4008.15 6143.71 
6760.13 1137.64 661.374 2258.48 6443.71 9235.64 5845.13 6359.78 4576.05 6895.92 
4877.96 2408.51 2613.96 3659.87 7258.61 9922.99 1843.91 9052.96 5067.46 3071.55 
7179.06 912.5 8078.07 1657.79 5009.17 5794.71 5583.07 5166 9966.2 9591.22 
1309.69 6726.31 728.839 1971.07 8984.79 7172.55 1206.69 4829.9 3532.31 5782.74 
1725.8 8410.28 8191.25 4339.75 2070.13 5449.84 4262.73 3914.04 4502.78 9330.19 
6985.59 1681.82 242.669 5063.65 3339.61 5251.84 858.341 8922.67 417.821 824.519 
8513.88 1727.51 7550.83 9242.72 3698.58 6535.6 6415.25 4905.27 1365.48 9947.56 
687.993 3091.27 8357.82 8879.24 7431.03 427.938 4329.06 1693.74 4341.98 8831.85 
1023.91 1327.56 513.655 1266.57 6391.21 3853.26 6518.42 7249.55 2775.92 6936.24 
8074.07 1289.78 8663.75 5624.88 532.482 2362.31 2160.46 6947.73 7267.58 3525.94 
6895.27 7955.57 6617.21 5253.08 6834.8 4048.22 5681.02 1163.84 5741.96 22.9811 
9995.69 6765.86 1350.54 509.33 8032.44 7741.75 4362.59 4550.84 4991.29 7138.51 
1487.06 3065.34 8428.3 150.787 8690.22 8960.78 2513.1 850.666 5908.49 9780.67 
4376.6 2803.75 7736.23 993.797 8056.83 4571 5042.02 3737.82 5734.85 783.96 
3760.81 5730.52 7549.82 5111.35 6239.85 5582.25 2853.08 602.428 133.065 7844.37 
7740.94 1620.12 909.699 6169.22 1770.91 9599.92 5129.98 4284 450.573 1038.46 
4064.66 4827.18 3842.2 1800.87 5820.97 1899.01 6371.87 862.973 5636.84 2106.7 
1646.93 9397.64 7837.23 9196.76 4508.97 4077.06 4778.99 7362.06 4679.49 4912.05 
5206.41 2420.41 6532.17 6116.11 8589.63 8303.08 5716.02 3719.6 2587.07 6166.59 
4758.06 6651.73 993.749 8600.26 8452.59 6814.72 499.257 4824.45 7677.69 6136.09 
6931.16 9324.63 5533.72 4768.36 8521.37 42.6783 8845.43 3300.34 7404.74 3524.9 
8212.39 2611.13 5945.31 4744.54 8727.24 4534.93 3047.6 4443.25 8254.53 5634.67 
609.819 3012.57 2286.38 1603.57 1612.81 738.959 8418.29 2112.07 5563.41 6095.97 
8248.17 2494.55 5420.58 3781.87 7262.91 3941.93 3824.55 6108.32 7242.26 1229.27 
9633.22 5454.63 3840.4 5578.52 199.159 2567.63 113.435 3246.76 7010.87 8367.97 
8881.44 7620.69 1380.52 1167.8 9224.26 2993.34 1906.76 7642.53 5105.41 7470.17 
3738.48 3353.56 9964.72 9159.06 7135.43 7227.61 3100.97 959.958 3335.92 343.218 
2189.23 2969.13 5797.85 6029.62 8547.65 5997.01 8597.25 8661.08 9243.78 5608.1 
7029.03 8125.19 3228.78 8409.55 9293 2453.02 1402.87 1199.74 95.5351 6508.28 
8669.91 3834.02 9861.84 8634.61 2993.06 6997.25 5862.21 6094.03 7957.21 9198.13 
6437.25 146.416 2167.24 2235.08 6176.04 714.865 8232.1 4773.27 9375.95 7475.85 
381.363 6404.96 5601.03 3610.14 4814.5 4894.01 6063.16 6217.37 6093.75 6158.7 
2725.64 4763.64 9992.71 2587.46 3398.23 2985.76 9584.71 9260.43 9079.79 7541.9 
8458.54 5517.02 7688.31 625.762 7752.1 3864.34 1340.63 5984.18 8637.61 716.555 
3460.02 9018.97 7121.52 9061.05 2629.1 1936 3955.04 8692.26 8153.37 48.776 
4850.94 878.986 4812.41 4843.64 3466.44 8210.64 7829.4 3051.13 7471.06 6909.17 
593.01 5929.59 2426.17 8281.32 6555.35 178.25 2145.64 7895.97 6162.43 783.234 
8612.53 9622.45 9802.21 5734.03 8683.48 2431.29 7670.02 2638.51 1123.53 5823.37 
2687.28 5974.48 6702.36 7499.7 818.098 168.787 5710.32 8647.49 3219.92 3181.37 
5556.64 3812.93 9110.95 7982.81 2094.23 5666.28 8161.06 4239.87 3562.24 4323.47 
5023.11 2174.75 3945.9 4825.3 7908.78 2629.36 7256.59 5578.79 5267.87 8380.12 
1402.14 7955.16 4354.58 8104.51 5454.84 5172.68 8273.29 1165.15 3820.16 1493.19 
4346.51 9376.8 5306.12 3457.45 7359.59 7400.36 9123.73 5520.63 1640.21 2685.95 
9844.1 6663.32 4860.71 3789.98 1488.6 2769.47 6419.35 8745.19 8348.25 1687.2 
7125.3 9750.4 9642.36 1479.86 7854.89 5097.18 6652.54 6128.16 6262.33 472.681 
7621.36 608.825 9849.48 2927.46 4066.27 7209.05 327.8 3189.99 2729.66 1968.01 
5875.94 2573.74 8631.33 736.631 6363.73 119.92 3506.1 2783.06 8865.11 1854.34 
4470.26 5990.39 1604.72 4112.61 7470.26 9459.61 9209.79 4122.78 5587.75 5472.1 
4595.46 3209.09 6080.93 4444.92 6136.56 147.182 1653.95 6464.36 3337.17 4383.62 
8432.37 9213.11 6957.36 7063.68 9949.74 3321.07 7183.6 3455.83 6104.13 6048.7 
5310.16 574.373 2039.08 6914.88 4686.98 9509.33 6374.47 3896.75 3632.09 1962.21 
9368.85 8227.56 5171.3 5449.76 2672.46 1307.84 5596.94 4326.41 7772.2 8934.11 
8710.03 6204.55 8147.21 5667.38 3268.22 8096.93 8988.45 451.802 1552.74 5092.56 
6500.5 6862.91 5666.93 8539.58 3777.77 353.893 8048.89 152.228 4250.64 1680.97 
2114.44 3619.48 9908.52 7285.74 9069.23 2580.97 8593.58 4666.16 6907.38 6365.76 
3600.25 5617.4 2570.29 1747.44 1284.75 5838.51 9844.38 273.184 6290.31 1397.1 
5365.74 2790.8 8260.01 1032.66 1330.36 2037.76 1386.55 9379.25 2189.99 5637.19 
1060.2 4304.43 9256.67 968.708 1590.15 8325.89 3549.68 183.72 2992.03 457.04 
6549.48 6592.28 6074.44 9119.78 8339.72 7359.19 4958.27 8184.08 7632.38 1248.56 
9581.18 2998.1 4039.36 7841.18 4030.76 5369.71 9878.94 5417.31 4748.94 2068.92 
1054.49 5809.14 6373.35 311.139 6777.85 7963.5 8637.02 327.509 8147.22 1629.03 
784.55 4696.69 8221.31 6858.99 3816.45 6561.02 4218.16 8774.71 4745.08 1850.52 
23.2561 4326.25 4848.62 4062.61 2167.41 8879.38 9432.32 2046.33 4296.68 4181.25 
4115.25 5351.16 9990.39 488.577 5662.3 6768.23 8452.08 4299.31 7095.74 6599.28 
5928.34 7880.29 1295.95 4149.64 4739.26 5112.4 710.641 8957.42 3887.09 5455.72 
807.924 3910.35 9781.97 5656.55 7972.96 1949.36 4535.91 7405.27 3995.69 8832.59 
1586.5 8110.94 4183.73 1576.88 8599.52 9846.03 8345.11 7051.58 4145.32 5440.83 
3650.84 73.648 3321.1 4946.79 4223.29 8060.36 59.1739 4933.93 7017.76 3946.27 
389.633 7825.69 7856.61 171.588 3482.22 5829.56 2120.95 8018.13 3234.81 6116.64 
6850.7 4821.31 4227.57 1034.42 6398.19 2827.07 880.432 4743.28 9878.65 5025.75 
184.098 3529.47 5099.4 3505.2 8476.27 9322.69 1565.55 8535.44 4256.6 8583.31 
2481.69 4646.23 6408.98 338.288 4817.82 9891.2 6167.84 6938.77 7909.31 9402.65 
3055.4 4760 4223.95 7282.97 5794.42 622.12 110.018 6674.85 5365.4 9988.67 
1700.59 5549.5 3518.12 6799.99 9054.7 1994.38 6122.66 620.232 529.803 379.244 
9203.54 3011.49 5025.48 5612.51 3349.78 9843.3 5503.69 9517.63 6782.05 3412.99 
8920.26 9837.45 8172.99 3144.19 7120.4 3967.39 3766.31 7230.42 642.219 9131.72 
7219.07 2342.8 4681.2 737.172 9142.79 3735.89 2731.55 5265.44 4356.12 3261.35 
5644.68 3559.64 6272.85 670.14 9172.15 9622.63 513.422 4675.82 9140.24 7295.48 
8088.81 8060.49 7132.91 6261.78 1204.66 4253.29 229.153 4970.97 1483.69 871.371 
4102.67 8702.76 3214.18 8783.87 9439.93 2356.95 2519.74 2171.46 7622.39 6875.86 
5432.81 3267.05 435.49 1705.64 3937.19 9607.64 1328.25 4450.61 4283.45 468.475 
1746.07 2372.24 8528.96 8878.98 8634.02 9733.62 3132.25 8863.18 4704.58 4615.94 
9734.55 8807.25 3318.68 2948.71 7591.1 2758.59 5305.66 110.83 4930.05 2928.03 
6986.69 362.85 6195.07 7422.18 2068.49 132.242 7029.81 3396.74 4582.85 1313.24 
3865.22 6328.92 3685.48 2394.16 5207.88 2319.48 2127.77 8340.13 1182.64 6832.34 
2956.05 917.174 5639.58 6274.73 3865.88 3230.66 9033.33 9171.54 3341.49 3963.36 
2099.54 328.169 4326.21 8294.62 7750.35 6394.7 8426.86 4780.14 9791.45 3009.69 
6093.38 3656.65 9338.61 9778.85 6050.81 4546.47 2098.32 8178.58 2886.58 3280.96 
5010.9 5842.63 4198.14 650.46 2117.35 8064.02 3881.12 1150.66 7235.54 7222.62 
5114.02 9335.08 7550.79 9440.23 7629.68 5301.12 5834.92 6056.52 81.2436 5626.35 
9066.22 6174.62 9283 8404.81 5953.46 5333.79 2951.27 8051.77 3512.35 5837.85 
1332.72 8523.25 1680.46 5530.85 9173.71 3797.81 3594.85 3054.82 4948.47 830.371 
277.417 62.4724 165.434 7828.2 9502.71 7795.12 3129.31 5337.61 3851.62 3210.55 
963.946 2917.82 9385.17 246.929 1322.62 5338.61 5580.72 4273.88 3390.36 9093.07 
111.714 4723.08 7616.3 1792.18 253.92 6790 5589.99 3848.77 9844.82 538.439 
4679.14 122.216 600.911 4844.58 7950.42 103.601 2639.68 1079.71 5441.21 6491.3 
4290.26 6405.16 9409.12 3675.41 6652.09 731.721 9014.01 2232.79 5005.6 2404.36 
1325.84 5117.32 7127.44 8942.15 6909.49 7381.36 5732.13 2499.47 1230.12 5576.93 
3037.9 5909.27 5699.15 3638.82 753.828 3649.55 3742.42 3393.51 4729.26 9183.63 
9884.8 9019.51 5588.77 9293.91 2694.9 2240.84 25.6117 1708.9 4473.63 5031.22 
4113.26 5799.48 148.517 1240.69 4741.61 7058.01 8622.06 473.723 9557.48 9852.18 
6050.65 2595.36 5761.43 1749.78 6234.18 6515.26 5399.33 9976.59 9908.76 128.573 
9160.21 9793.55 9148.09 4748.96 9087.44 1842.97 6989.8 9113.05 3551.88 1463.42 
4144.25 7665.14 7262.9 4292.76 8905.83 2004.49 1350.76 7527.87 2478.21 908.217 
7380.03 8528.87 3503.58 3141.44 278.633 9737.76 9656.7 5677.97 9714.34 9565.44 
5806.54 8874.53 9358.97 4954.61 3623.47 8446.39 6797.58 613.256 7559.42 349.439 
2076.68 1703.66 8014.58 9339.57 5996.42 6920.39 1344.04 7347.18 4448.25 3822.25 
8255.4 1828.27 2351.1 1758.96 4969.71 2629.74 1496.7 4626.39 8307.7 1211.02 
4191.82 4114.23 85.5289 3550.77 9068.83 3709 1997.14 5866.4 4322.26 9556.57 
6215.84 6398.93 1260.21 4230.4 5738.48 7256.63 1150.78 7082.53 4603.79 5599.03 
904.764 2859.17 7427.29 3255.87 4618.13 2396.98 5885.6 6114.83 7023.37 4193.29 
7325.85 1215.17 8307.51 7411.38 4765.94 7376.33 1120.36 6763.09 3242.71 5442.62 
6319.64 9458.55 1841.53 7579.85 3688.93 7580.02 4836.46 4839.71 4662.53 9440.25 
438.713 5567.29 2299.41 7866 8823.16 6917.54 262.97 4708.74 3032.35 7286.34 
8902.03 358.187 8501.51 7209.53 7769.57 3267.44 4585.84 8889.93 30.5086 7828.55 
4332.53 6350.15 7287.08 6174.07 3929.98 975.996 3754.07 8766.44 5815.7 8416.59 
8206.67 6254.42 3983.87 506.06 4120.4 2807.01 7423.6 4383.37 7515.76 455.931 
1669.7 6417.77 814.118 171.195 3627.29 8583.69 3438.63 8213.13 7473.6 3469.14 
6041.67 1806.12 9819.29 3328.74 7980.18 3749.25 4304.73 1734.23 2515.67 120.417 
150.808 722.327 6374.83 4134.68 1228.39 495.216 6941.69 8651.98 4878.59 4457.43 
9107.91 6548.28 875.188 9922.03 6719.48 4502.48 8505.7 158.097 2715.59 5979.28 
3627.24 8757.26 7785.4 3446.51 2085.98 5765.56 7195.76 6390.71 7499.79 9711.44 
6511.13 7650.6 433.746 2885.94 1785.26 1662.13 3381.16 8726.95 314.1 8259.75 
3184.37 9422.01 4808.01 4059.55 9344.03 1527.48 8562.03 7849.71 1685.57 1277.6 
3828.98 5312.81 34.8448 1614.36 8759.33 2120.82 7379.92 5955.07 8511.53 4879.7 
5666.49 5022.64 2530.28 6100.24 7908.59 4315.54 7762.37 1289.73 3042.48 8076.47 
9549.47 6226.85 7498.47 4357.47 286.383 6842.48 5884.95 8848.41 4692.18 7570.52 
125.999 8521.16 2883.32 160.844 135.5 1642.63 2281.67 7515.42 7597.7 793.183 
2395.1 3264.18 5815.83 4925.38 9364.41 3724.4 9240.93 7126.77 5014.13 2283.39 
5203.22 4563.58 8510.24 2701.68 8921.05 8796.62 9544.16 4805.98 7645.01 4236.32 
2376.49 7771.01 2757.46 5259.81 7931.86 2892.96 6902.43 213.507 408.362 4500.12 
1006.69 2803.47 7764.29 6822.52 7728.85 7128.69 546.898 6969.76 4255.44 5561.02 
9253.15 9458.66 124.589 7763.37 2160.32 9045.64 6559.97 1704.46 3851.61 4204.97 
5940.78 6228.1 1975.96 8698.24 1487.89 9907.82 1591.18 8390.32 121.309 1999.54 
2890.42 1128 4803.01 654.693 7950.52 2531.84 7783.38 8497.41 9501.6 2038.8 
4058.42 8754.73 1497.45 4183.01 6518.08 3657.77 3228.63 3078.03 5362.23 7080.24 
7283 1302.99 3308.33 9258.96 1.21602 4796.22 9166.76 1592.4 3186.52 9288.07 
3591.94 6076.94 416.049 8394.94 6731.64 8366.57 926.765 4515 6863.96 428.346 
6553.8 922.364 9183.08 8051.25 5105.37 5701.14 1709 8334 8779.17 7071.23 
5414.23 6062.15 8374.22 8722.56 5321.09 8375.44 3518.76 4487.83 9967.83 6705.28 
3775.88 3559.75 2782.21 4191.93 1954.68 9513.84 2558.48 2881.45 4028.83 9422.44 
3309.79 582.609 344.788 2492.85 8633.86 5450.16 8193.99 342.836 3784.15 6973.14 
7414.06 9198.38 3035.27 5788.27 7920.92 8356.36 4163.69 1439.67 2844.17 4131.51 
8144.95 6620.06 7691.26 927.143 811.97 9645.94 440.971 3370.45 2527.37 4469.8 
2792.87 5837.16 5052.41 3137.66 8330.01 3686.25 8587.82 6523.99 4029.08 2371.95 
3497.11 1443.13 1570.32 6532.38 7231.4 9491.24 4888.73 1395.08 930.892 7732.9 
5526.59 9075.84 4352.94 3217.83 2.96975 5164.91 2863.76 443.941 8535.36 5391.13 
4913.74 1328.22 1228.28 9966.14 4465.88 9558.29 3652.37 3053.68 6082.26 7681.45 
5425.63 9579.37 9124.58 6995.95 6111.74 6355.97 6487.17 1000.45 7751.04 7418.07 
8733.35 3277.61 6493.89 3086.28 6495.44 6496.86 8251.19 9359.2 6940.8 6786.53 
4750.31 1854.52 8114.75 5978.59 1820.65 2580.61 5536.87 5473.02 5634.3 1619.11 
3154.46 1059.91 1198.47 2279.03 8055.86 7310.21 8634.99 4543.02 8310.66 6386.02 
1961.07 7044 9663.63 8454.96 130.256 6159.05 4951.81 8381.44 5518.23 1892.59 
5167.96 268.531 3747.12 3282.69 6247.12 5567.77 5863.3 1783.97 1040.78 1497.58 
3403.09 4195.24 2557.5 4601.56 6474.27 613.343 1911.75 5109.24 5156.36 222.396 
1495.24 7117.43 7266.39 1158.85 5572.38 7396.65 7317.9 524.167 5778.08 2836.12 
2416.76 946.017 3104.65 6163.88 4228.71 9351.78 1731.63 91.9973 1135.73 2772.4 
1589.58 4538.82 6967.64 4147.08 9140.38 3441.89 4760.42 1052.12 8551.13 9916.78 
1274.51 46.3609 7034.2 8540.91 1205.21 2606.56 5937.54 8523.12 3130.72 1715.6 
1359.22 5547.48 2661.61 4463.88 1711.34 6890.32 3815.64 3442.97 6982.32 4951.37 
6215.37 8571.9 9490.19 3183 2718.96 8630.56 6624.89 7479.38 9682.67 5176.01 
7396.14 957.17 5222.37 4430.32 9498.08 6427.58 7036.88 5435.6 4950.68 167.591 
7151.19 6309.91 5715.07 9812.8 773.767 7426.42 6703.11 4589.4 869.368 3685.41 
9540.77 7084.74 2257.29 9030.95 267.722 4976.25 7661.49 6892.61 2455.61 7344.15 
2068.6 9851.76 8301.32 7290.97 4282.07 7799.37 3718.53 1318.93 3234.95 8669.22 
1486.52 386.128 4979.11 7201.6 198.915 5752.87 4628 6902.02 342.26 5497.36 
587.418 9883.03 2582.09 2844.71 8913.97 2849.81 7820.96 6575.44 9742.42 276.562 
3919.57 1811 128.304 2220.87 9101.97 4410.37 20.223 2820.49 5729.3 3255.18 
1489.69 7215.83 3641.31 6468.79 4417.41 3840.22 2221.65 9045.4 742.227 2563.91 
4542.75 1329.64 2446.93 7124.84 4174.36 1360.87 9974.65 1995.3 7936.31 9717.05 
2271.87 1855.86 1528.04 2400.17 4076.73 629.996 6810.54 4096.95 3450.48 2539.83 
7352.13 4940.17 9755.65 993.415 1408.94 4173.04 4833.63 3630.59 3218.43 5575.86 
6194.5 7761.18 6905.51 8641.42 4886 1079.85 2.28177 4860.64 3075.15 7938.59 
4577.68 5347.02 9794.45 6105.72 7747.19 3871.16 6735.71 4557.71 7968.11 186.178 
7097.54 5320.22 5126.35 6853.18 6313.64 6535.29 1026.2 1147.26 165.862 4244.63 
6723.12 6360.36 2005.8 3628.61 5001.77 6891.8 4708.45 5004.05 1752.43 7783.6 
2942.63 6330.1 3130.6 2737.07 2435.8 877.775 6608.23 9171.51 5435.49 4576.33 
9357.69 2533.01 9896.55 4484.02 9386.19 6210.17 1019.29 412.372 7357.43 1185.16 
4657.01 4080.53 7545.52 6662.81 7709.13 2547.27 3554.59 2417.57 7551.32 5307.02 
201.158 493.931 1637.1 3331.76 3231 4072.9 4209.54 9839.23 3244.4 9645.02 
4415.54 2602.08 2178.02 4312.07 7086.1 1564.18 522.221 8105.39 1976.56 7879.65 
9290.55 6633.56 1960.16 6836.05 3296.35 9669.29 9383.32 6850.94 2086.85 6934.62 
2157.94 2288 7428.55 3795.05 5619.77 659.529 7867.95 9829.3 498.738 1112.33 
9474.31 4914.27 3714.41 1652.31 9226.34 800.492 3216.49 9748.56 8905.88 5193.05 
7628.19 8196.41 1826.59 9588.35 5032.44 5122.95 9257.63 4415.74 1973.87 1344.46 
1350.35 4131.81 3632.46 8778.9 7926.86 9252.23 9438.42 5794.79 9081.51 9937.16 
6907.12 8555.81 4851.42 621.517 208.097 4077.74 1422.01 3424.59 3826.29 327.876 
8617.64 1454.46 8524.29 444.214 1042.8 3556.72 5567.16 300.406 7972.46 7541.03 
1644.86 9322.81 1672.83 5277.32 8101.69 9599.69 4529.53 7540.09 5394.46 3611.02 
7477.24 2301.57 2166.81 2328.64 2923.09 2374.91 6406.38 4345.1 5799.5 232.654 
4672.97 4417.12 1687.12 3197.25 4861.33 2729.91 6753.96 428.474 3030.32 4726.41 
7969.5 4675.18 4049.2 9642.33 9952.5 2150.87 9242 4482.01 9690.96 4636.45 
8093.04 7168.18 6938.02 259.832 9496.83 9861.11 2634.74 5903.19 4206.19 8434.24 
6135.85 8879.16 2851.34 7822.96 2076.39 7712.67 552.86 8830.36 8141.15 3583.18 
3556.75 6110.64 8258.36 7605.95 5752.95 8210.84 9756.81 4994.94 2692.84 9447.75 
9631.39 785.857 6615.92 6569.4 1045.69 6112.73 6430.49 3680.43 2015.91 636.663 
2114.65 8151.75 9515.83 4966 5974.7 1592.2 2678.65 6527.56 422.543 819.783 
110.72 3979.29 6930.42 8369.08 1585.22 2683.35 6579.9 1342.01 7678.29 9272.74 
789.752 7309.66 58.5812 7405.67 3879.04 1104.27 3518.39 309.514 4784.7 5534.29 
946.177 6899.36 3686.03 461.987 1865.33 9660.73 2054.19 4543.99 6188.27 2476.73 
5363.77 6298.99 6456.02 2294.17 4668.05 8041.24 4977.52 1247.93 9383.26 2655.8 
520.659 172.992 9965.46 579.24 7578.67 3844.49 1683.51 1097.04 4154 6468.21 
6631.33 5100.18 3367.55 317.341 5562.17 5232.89 9978.07 7616.36 9776.87 6166.32 
93.073 5140.62 2465.28 6549.1 7434.79 7133.33 4590.32 2412.3 8381.27 3973.56 
5068.1 8901.93 4146.56 5033.54 9481.17 1725.2 8878.03 1164.66 2822.24 3032.02 
7632.87 9453.57 8132.19 1000.41 9770.91 3694.34 6233.29 9748.96 1310.68 6010.15 
5915.26 1403.76 1150.75 8380.54 7952.85 8585.54 5513.86 2543.16 997.826 3895.11 
6516.72 6065.92 2797.02 663.261 1099.45 2278.17 2388.47 9977.48 3442.82 5210.71 
3009.47 1075.68 4664.26 1141.65 2076.08 4435.16 4836 8309.37 4184.1 6146.68 
4319.5 99.3446 7550.43 5470.25 8479.89 5503.27 4055.78 3993.73 8046.43 5053.6 
7888.84 4563.14 1119.51 685.843 5226.4 2218.96 2964.01 7614.86 2196.42 6406.83 
2825.55 5205.89 7482.51 7489.81 6347.54 9558.59 1924.95 1183.52 7867.95 6109.05 
7330.2 2187.43 6208.4 4880.62 7657.68 4688.27 383.871 1713.45 8682 8430.3 
6767.05 6570.83 2993.42 7886.56 7256.67 8219.82 105.499 220.663 5834.67 2301.91 
6627.49 8660.22 7507.8 4109.99 6150.02 3855.33 3668.56 8074.97 5038.85 1536.49 
4184.01 2369.03 3723.93 392.39 7249.65 1381.6 5080.66 7633.52 3095.04 3762.65 
6063.8 9862.09 333.461 9057.23 7748.64 7590.13 7277.03 7854.13 7810.8 3111.68 
156.031 4438.27 1771.89 7663.83 8548.26 7921.91 1519.15 2216.81 5996.86 6558 
3753.3 180.852 8927.02 7477.23 573.243 6176.65 8858.83 5653.9 3810.16 1953.85 
9416.55 9873.96 1815.93 9750.01 8931.17 9564.56 7340.13 6208.18 7418.68 5150.91 
9319.87 7574.71 9589.18 1091.74 5238.53 8137.43 9013.65 6757.67 354.215 5010.49 
3315.65 4107.52 5191.34 2242.66 1584.73 5764.58 8419.31 443.538 1418.47 2229.45 
2397.39 835.01 2103.4 4213.31 585.007 1034.55 3777.86 7925.14 7242.73 1196.52 
3076.03 6562.59 8771.23 2665.19 7654.32 4009.74 802.603 6667.95 767.398 1156.82 
1678.43 4083.05 5264.34 6869.77 6325.71 6849.06 2634.34 4745.01 7292.6 4052.81 
6974.46 9689.99 4887.82 9077.86 3903.29 5472.83 112.39 7681.14 3397.95 7355.12 
8877.66 6473.98 3917.69 7648.88 9139.17 1572 1658.6 9941.77 8239.95 2426 
1098.58 9918.38 6509.05 6362.91 6788.13 2834.74 3211.96 9422.47 7579.75 504.545 
3475.26 4554.19 194.519 8363.08 3632.04 4097.81 3835.89 3744.43 1778.93 7233.83 
1099.53 656.579 3707.79 5017.23 8305.45 2846.94 6589.23 9964.05 2788.7 4829.16 
2390.03 3887.28 4747.53 8899.08 250.172 1535.64 1733.8 3462.13 958.093 9313.55 
3966.68 4433.35 3867.73 4161.2 2796.41 7499.77 8259 6632.3 1244.18 37.9164 
3866.11 2343.71 694.495 7573.9 7360.94 8999.95 420.829 3950.15 8963.99 3209.53 
8779.31 1354 7096.81 3526.82 253.064 7346.98 5062.47 1986.87 809.093 6020.56 
1300.4 4775.77 453.892 5168.13 8936.97 3250.3 2667.88 7195.95 9882.6 3912.06 
7233.87 3748.69 6255.77 7928.36 1322.58 3616.69 6928.29 1743.41 7566.83 5892.26 
4952.94 6346.13 7246.26 2049.73 9872.95 7499.33 9396.71 4935.4 9486.19 205.782 
955.94 786.58 4981.55 1409.83 5954.71 3918.5 4660.14 8622.6 1114.43 4542.72 
2534.64 8348.3 8291.41 8790.41 6276.64 9613.99 2407.08 3204.92 1357.38 9973.91 
9097.18 6310.31 6320.02 6343.43 8360.04 6192.96 3842.74 7756.73 1128.34 3328.92 
7962.51 2084.28 4115.5 2944.05 3494.11 70.1923 6862.55 8154.25 8692.79 7976.98 
2696.95 1227.41 6325.26 988.343 17.7978 2601.89 602.315 2424.87 5806.81 1959.69 
2398.77 4903.97 8270.01 8718.79 1247.39 6630.03 4911.73 5090.13 4386.74 6040.07 
8419.04 2349.24 8124.35 2534.52 5293.29 1618.44 2604.71 2155.82 9772.69 1297.48 
132.782 2469.62 2524.89 6458.04 3457.97 2542.69 9059.93 4060.28 4967.57 4866.72 
6019.98 7366.33 9770.7 4289.97 6085.11 1018.07 919.981 996.823 6108.19 5306.73 
7036.89 4527.22 7655.96 5161.23 7061.74 2949.23 6779.67 9666.45 5105.05 6552.35 
963.922 5237.83 9021.97 3488.82 1695.86 2479.92 6031.51 755.776 6540.2 999.056 
5622.5 2560.16 8365.39 5393.18 6850.13 4450.48 6411.25 7770.11 5447.31 2519.43 
3076.82 2484.18 7046.65 732.763 7645.41 4108.37 3682 4425.06 3774.81 8787.05 
977.392 4738.73 4024.86 9999.36 8227.54 5720.72 2479.27 4259.03 6476.5 9019.47 
5258.09 2098.98 1579.61 3623.46 7492.17 8429.74 8073.94 3903.4 6199.83 3521.23 
6422.83 9276.65 6005.42 3469.46 9.39441 3650.81 7577.82 3691.39 8075.87 1352.61 
2478.42 9053.26 6091.34 6503.29 9052.61 4318.87 2223.99 1531.86 8577.9 8700.49 
551.307 3835.97 799.461 2130.92 7459.43 8291.63 560.643 5533.36 2195.01 6760.47 
9054.59 8617.84 6037.11 5059.99 2087.28 6046.5 8710.8 9665.1 9737.89 6786.65 
1017.7 2216.3 5839.9 7109.04 8719.58 4892.49 1427.89 943.56 6424.35 5.77141 
9644.05 6975.65 3841.74 443.498 9106.57 1301.16 8735.13 9667.21 6834.52 930.121 
6427.67 5889.09 9547.96 2464.76 949.066 1635.22 8511.26 9659.86 1300.31 8249.13 
6446.5 2318.01 465.414 2286.38 9427.05 9185 7178.87 854.919 128.54 3603.2 
860.69 9772.59 578.835 4702.43 216.075 9685.41 6003.59 8951.2 9352.6 2838.09 
9881.32 5780.26 8727.18 9429.27 8245.02 9676.25 1064.47 6756.26 9336.1 2364.78 
5005.38 5782.58 4682.79 5470.79 8068.96 4109.81 4655.77 5247.81 4964.73 4784.31 
8851.01 5825.42 4556.89 9429.85 527.839 4772.96 9115.24 6531.43 3724.15 8467.82 
9369.52 3605.45 4248.06 8096.68 3034.7 2493.07 7772.91 4099.17 9249.33 7108.99 
6463.95 4254.69 2891.55 1146.72 9725.48 960.496 5256.53 4381.24 6208.31 221.251 
9165.55 5059.31 6046.67 3722.42 4489.14 6574.51 8495.39 3604.35 3105.93 2219.52 
2072.16 2475.43 5824.97 6320.23 572.094 8859.67 8813.29 8345.01 2958.83 8062.6 
5453.98 9422.78 2317.28 8345.54 569.482 2042.74 9306.03 5826.02 6423.98 5514.33 
6047.27 5589.51 573.614 2093.93 9311.94 5062.75 8668.44 7807.3 8667.1 1774.35 
26.8038 739.247 4249.78 5851.77 7059.47 4821.87 4711.43 5872.75 3166.86 7670.26 
3935.34 8620.85 7093.02 6252.61 6966.37 7662.5 8295.36 6272.38 3488.5 4719.32 
1786.69 9535.77 308.815 2360.31 1629.68 9620.75 7423.05 298.098 7428.04 6090.14 
2072.45 7454.84 6829.39 6322.22 3306.6 3888.84 1144.08 8018.03 9761.59 4310.94 
5688.27 3696.91 2931.77 2781.27 9949.52 9898.13 443.756 8244.86 6170.5 3932.26 
2964.16 7957.19 3468.01 3272.98 317.48 5097.68 2893.71 7740.54 5395.78 321.732 
3830.66 7468.23 7776.57 660.03 3790.44 1083.15 4548.87 4934.51 9101.18 4310.45 
9245.46 4789.43 8007.36 2177.21 7570.71 7956.86 2075.32 8014.46 6201.7 8245.83 
1946.7 9165.87 6203 5414.71 2438.83 6520.48 512.374 5332.54 4261 5908.16 
5654.27 8091.66 3376.37 3430.82 8751.69 7166.8 4513.98 3300.54 2101.3 3615.15 
7610.99 1346.74 8404.58 5618.33 3523.95 5975.27 3575.18 5599.27 3989.71 9776.88 
3845.08 5936.41 8942.73 48.063 1351.1 1381.54 6568.54 1863.48 6714.08 829.523 
7771.63 2368.33 8921.18 1147.98 5799.15 7672.85 8314.79 313.116 973.377 416.073 
3928.26 8584.37 1762.81 2332.82 4202.68 5286.76 8308.09 7777.86 886.018 2297.78 
7554.73 4731.1 8234.19 6497.44 4779.16 9585.3 7878.98 1347.69 1448.76 4593.04 
2177.21 9220.39 6961.37 1098.37 368.354 2760.5 8771.22 8683.14 3073.62 9744.6 
9099.21 7001.88 8328.95 862.012 9334.7 2531.62 6148.77 7642.78 309.463 7034.79 
9940.56 7864.19 1765.87 8174.74 4361.61 6545.04 7760.02 2240.57 7892.72 9208.77 
6833.61 69.9142 8429.14 3794.96 1168.29 8797.5 6555.47 9939.51 7480.62 9629.09 
9684.09 6579.82 6630.95 8013.02 7441.83 5965.64 544.626 3590.59 3608.4 854.09 
625.366 3548.94 8718.28 2391.24 1723.66 3079.87 8936.28 9483.68 5320.45 6828.98 
8692.44 2154.04 6898.89 7121.56 5949 8067.18 5919.05 2504.45 8006.67 3399.65 
2133.52 7690.75 9979.47 8764.48 5703.75 7421.29 4730.1 6248.38 1011.87 8338.5 
7102.47 1637.23 1887.42 5820.73 4028.47 3611.09 8900.6 2964.73 3094.75 4221.03 
9793.71 1787.17 6375.07 6692.59 8908.74 2324.06 4759.75 4827.76 4828.51 2766.4 
8227.42 6962.04 457.132 8206.88 5726.49 6160.88 5628.15 456.576 2409.25 6640.02 
8795.07 9511.71 8277.25 682.479 5332.43 2305.71 4293.57 4233.01 5270.44 7388.32 
8454.04 5064.13 9175.49 4829.1 1756.7 8084.2 7153.15 6516.45 2911.95 1981.65 
9282.85 1139.35 8943.68 9739.99 9346.23 4670.16 5900.85 4974.36 5126.74 8310.1 
1614.36 3921.79 7821.8 9891.61 4604.27 3154.21 2197.3 8897.84 7387.22 7467.74 
6286.14 5841.25 2531.85 5461.61 670.329 4288.55 3545.8 7823.48 804.982 6457.75 
9805.13 87.8187 7597.1 8748.8 9827.8 6943.31 3418.95 5728.64 1917.65 8545.68 
4038.72 3532.01 2467.46 1860.5 3423.6 7071.73 5014.71 5620.9 5969.55 2401.92 
3088.62 2255.68 8243.17 5620.47 7717.28 8913.5 9909.02 1263.06 6736.96 713.988 
7720.81 6542.08 801.806 5317.89 5290.86 629.594 2261.18 8709.81 6358.23 4178.83 
7255.47 396.94 7710.85 9722.93 2257.44 1134.44 6794.65 7272.16 6755.34 2764.19 
9674.08 9843.96 5019.86 7917.23 5464.42 2737.13 6830.7 5373.42 4000.19 3567.65 
6087.41 1720.98 109.714 6889.22 7038.87 5400.58 7518.81 9300.06 4110.37 3877.03 
3478.87 1365.83 4273.97 1189.7 1088.74 6531.41 2324.14 7883.39 3803.55 9079.48 
647.563 3477.61 8923.42 5667.43 1394.82 4387.83 8404.56 8225.52 9761.25 2404.73 
1793.16 5848.65 4125.71 1902.87 2737.85 1164.57 7303.45 256.642 464.606 1413.8 
4133.67 3943.48 2779.63 8407.64 5133.18 3868.37 4939.04 7457.32 1751.74 8742.59 
6536.79 2399.31 2220.18 5460.19 8066.73 3615 9848.02 6471.27 1840.5 9609.25 
8876 3633.66 5457.88 3001.69 5536.53 8195.73 4166.26 2839.96 8452.37 4630.87 
4253.76 2586.02 8574.35 7033.39 993.649 3707.52 901.74 5932.68 1164.82 2653.48 
4675.26 7701.61 5052.79 6895.44 3161.78 3119.51 510.419 3009.79 9590.78 2350.92 
2619.02 8466.77 5984.59 8076.9 1468.45 1521.1 6272.61 5634.71 4361.06 4724.97 
265.558 8614.83 7310.99 8839.9 5648.2 8304.64 2547.4 6549.94 4237.31 3712.23 
9203.42 8912.56 1413.82 4256.2 5807.98 4575.6 7375.71 6318.4 7585.39 6966.48 
8669.33 204.392 5433.23 4653.9 8281.29 6901.67 6175 4553.89 2536.36 536.042 
9278.86 2801.92 9150.87 6589.83 1641.81 4799.05 4894.45 4189.21 1348.97 9131.76 
7901.44 552.373 8044.31 9315.26 4808.57 3852.28 3890.84 2184.26 170.663 1476.21 
9150.74 8839.99 1680.6 4583.95 3493.87 9961.89 1485.61 9668.86 4515.77 4021.97 
204.89 3794.61 6823.89 9355.76 384.422 8465.71 4154.79 5278.88 2654.9 5503.75 
4410.62 556.323 6056.13 2454.92 9871.58 864.682 6307.19 3762.4 3048.95 6477.85 
5238.61 2199.67 5317.83 6919.21 6783.62 8811.7 6881.09 8269.23 8480.54 1396.84 
2291.18 8685.43 5191.45 9115.08 8041.17 5575.87 7580.77 2195.95 854.731 235.651 
7699.7 5265.35 791.974 3755.81 7720.27 663.536 4620.49 4027.44 4425.94 7669.44 
505.282 9664.55 9869.11 5823.11 6583.74 6652.71 4634.79 3464.82 4921.92 3115.32 
4861.66 7213.1 1800.74 53.0881 6328.17 9841.91 5628.96 3908.92 2037.84 6483.69 
4144.57 9737.54 1749.03 4936.54 3493.33 9469.29 5600.08 8113.83 3496.72 25.9983 
5783.25 4002 9690.55 5652.34 9825.11 6274.27 2305.03 4459.89 9739.09 7226.95 
7575.21 4600.73 4440.04 9375.94 4653.82 768.186 9217.84 282.759 4677.1 1255.66 
6766.45 8821.67 993.182 8515.47 3758.19 4486.52 7984.75 9358.27 2600.32 1481.46 
9384.27 8383.57 5483.46 9074.8 4035.89 5308.56 5349.05 6340.92 9768.45 5088.13 
3567.85 7343.64 9688.86 8007.89 6719.56 4342.66 8776.08 5937.38 4625.42 3453.16 
7193.04 1391.85 2274.81 8186.23 9907.32 6033 2672.72 7892.06 5391.26 5273.05 
9373.51 4775.51 3656.6 4856.96 3850.29 7692.49 165.496 9199.34 4033.4 9933.94 
4287.45 7601.25 7277.56 3976.29 5609.12 3997.11 8318.95 4385.18 9934.49 2944.35 
7838.34 7127.52 4336.19 113.133 5313.73 4243.5 6146.14 7986.45 2135.54 1537.38 
3259.48 1509.03 6312.88 6916.09 6365.99 163.157 4608.57 6531.48 9362.5 8641.96 
6465.41 3649.94 6243.19 3742.95 7626.23 1852.3 7740.06 5945.16 6237.48 7674.54 
8889.51 4075.8 4802.04 3225.68 4188.93 115.75 7469.18 335.05 8102.2 9604.71 
1872.43 1361.67 1113.73 8185.31 8277.76 7479.71 8348.47 2886.31 4011.18 7710.95 
1528.25 476.571 1360.87 7771.45 4219.52 8987.1 9623.75 1959.57 4932.25 5861.2 
9634.1 3821.74 9937 4436.13 7047.42 4125.92 4551.88 4516.58 4460.97 2654.06 
4121.28 6333.39 4015.73 5235.01 4518.69 2293.47 2714.7 2867.14 5179.78 6725.88 
578.072 6708.03 7202.46 1938.94 4479.46 1421.96 926.029 4103.19 3381.53 5858.27 
9964.4 3015.62 9680.01 9901.38 7451.74 6727.41 4027.28 2003.6 1243.98 8488.25 
4657.66 5365.25 4821.62 8673.4 600.245 9340.31 966.853 3314.95 2207.43 6146.63 
40.8173 2785.5 2854.65 7243.27 4724.44 7334.11 8665.23 5650.47 1437.29 2046.75 
1508.73 1401.67 5062.37 1188.72 1303.03 2514.09 7916.14 5330.31 4517.7 9160.11 
3818.54 9175.36 4525.35 8640.16 7848.74 5125.6 7980.45 8815.59 8440.55 187.86 
4962.21 8481.36 2973.36 7816.86 5724.62 7697.81 5150.96 4389.84 3348.26 6588.25 
6436.58 4856.99 7989.91 1498.93 6045.72 9292.95 4013.03 3961.84 4623.24 8530.72 
3121.93 8441.77 7706.07 7647.28 7081.92 5554.79 2772.86 5062.35 4370.36 1213.39 
5250.21 9332.57 9694.76 8223.57 7149.42 5419.36 5921.36 2300.36 9809.2 9269.62 
8888.6 6245.76 4126.6 6878.5 7744.7 172.298 6171.43 1757.71 4134.14 794.65 
288.411 7256.07 9236.42 7994.48 4903.34 6318.32 3549.25 7676.2 1380.65 7919.61 
8889.59 6630.86 7252.17 8584.33 4854.41 4401.57 4003.67 775.751 6701.93 3812.85 
45.3541 5590.52 58.5983 4171.95 2469 7803.29 4344.25 8640.43 9561 8478.38 
9435.08 9849.41 5734.44 8671.49 7843.87 637.756 4989.79 1393.1 8313.96 6370.45 
9312.72 7203.53 3001.29 6564.87 5787.85 7855.7 966.426 9791.52 8631.45 7668.35 
3604.36 8676.81 3258.86 3662.95 2848.74 5727.86 1466.23 7192.99 4368.27 1027.21 
5671.36 3803.33 876.607 1405.78 2474.81 8720.48 2043.53 7464.6 113.562 357.472 
3835.03 9426.28 7561 6836.32 5991.13 3348.83 4692.01 6957.56 3140.34 3323.45 
4625.9 6744.69 2000.24 7884.75 407.631 4848.98 3612.59 1873.86 2041.95 7980.86 
2901.08 7713.31 1784.18 3777.68 9119.09 4258.99 2498.14 1162.6 1723.57 2611.71 
1520.08 5558.6 2037.97 9081.08 2394.9 8029.1 2429.9 7086.91 4986.64 5570.23 
410.34 9612.54 2314.91 2410.58 7497.27 2722.54 7259.55 1109.84 4596.4 9301.51 
9090.71 7497.48 7014.8 874.869 1275.14 6133.87 5133.85 3773.29 7296.48 6857.42 
6384.99 8816.55 2416 8422.96 7897.62 4810.91 6452.04 327.493 1897.8 1438.67 
5897.73 2308.14 1051.18 8212.63 4718.72 8548.46 935.156 1978.26 9658.3 5531.56 
1279.75 8748.99 3029.02 8294.55 9623.86 4304.16 4428.4 4757.7 8077.45 1724.86 
1615.1 4462.43 541.398 4031.11 2885.37 8439.01 8842.01 9337.41 8766.51 739.8 
776.062 4664.22 3047.94 1827.25 2876.83 7766.66 375.684 3811.99 9744.92 33.9664 
9343.54 1024.65 8782.96 2372.55 9319.19 8406.8 6676.71 3747.58 3164.48 4754.15 
5472.44 4779.58 9216.57 6013.84 8810.69 2101.93 4452.84 7652.68 1439.32 3219.33 
8392.48 2215.39 7883.54 1440.41 4042.63 760.357 9207.07 4418.32 4572.34 8951.97 
4452.28 3915.87 9976.61 3235.22 6288.42 9295.79 1642 2965.11 3043.35 4806.48 
7719.26 8515.79 9586.06 6935.81 4529.61 8396.73 9037.74 8982.45 6049.4 477.049 
2201.76 4441.86 2692.44 85.2812 5882.27 6735.07 845.638 5089.32 1153.37 5417.98 
4041.27 5605.65 9333.85 4017.87 8840.87 5622.26 3313.64 482.857 8587.37 6356.99 
5289.34 6306.61 4872.76 4875.38 3242.4 9402.37 3272.09 2280.13 8384.8 9321.49 
2757.18 586.543 3763.33 5449.61 671.824 9645.6 2184.66 1517.46 4734.91 3338.03 
6935.44 8776.18 8943.68 6269.28 2794.03 7784.54 1891.52 6107.67 8267.39 478.873 
2464.64 3556.71 6785.48 7337.4 8432.09 27.8691 6739.76 1704.17 2308 5124.55 
1025.64 5065.18 5711.09 4788.97 514.773 6382.91 4434.56 2699.44 7900.38 9169.47 
6037.47 4835.8 7945.63 4981.13 1105.07 739.65 2765.65 2996.59 6847.32 1033.03 
3475.46 9311.97 4589.74 260.926 6649.35 3021.81 288.795 3389.1 4725.98 2596.79 
8513.64 5751.62 7661.97 4224.72 540.571 8176.74 607.613 4975.13 876.162 8507.99 
4144.58 6913.63 3343.78 2090.2 1894.74 4448.84 2829.85 4660.4 7445.43 9677.17 
5693.42 920.877 8989.12 283.143 1181.8 5638.46 3304.96 1470.6 9027.55 8030.94 
4067.39 7541.18 3782.54 1729.34 1765.88 4323.11 9906.08 2373.49 9298.24 782.229 
881.466 3442.8 7695.86 4225.24 5533 9590.6 8674.08 8362.84 4250.98 6119.5 
8039.99 9944.4 7040.38 7029.1 227.529 8222.18 2667.54 3532.49 9692.78 1695.07 
1563.41 3760.15 9236.26 5345.95 5489.49 1002.12 9669.06 5395.56 3375.61 8967.28 
6177.79 4257.08 2410.07 3873.63 8482.32 7943.06 3464.21 7156.39 6305.89 7715.19 
3275.87 4345.86 7659.58 316.232 1374.94 7887.11 8538.41 4042.48 1419.58 8231.17 
5737.55 2982.99 1991.3 4973.79 8328.94 7480.79 5975.91 7997.98 2876.33 9351.53 
6965.24 9054.12 3608.59 9375.31 2927.73 2090.89 7318.35 6391.94 9247.28 3624.22 
4107.12 2523.14 7970.09 1766.68 2839.37 9345.03 9653.8 1377.77 3387.49 1073.36 
9608.94 9125.05 4056.35 1600.22 4098.82 2385.27 9081.01 74.7202 383.227 1957.33 
9426.25 7348.47 1011.43 3034.82 6723.76 3939.16 5125.71 4042.09 331.083 4372.98 
7666.31 4438.2 6896.12 5636.38 6204.89 9735.49 4981.39 5858.67 1113.24 8368.89 
6932.03 722.159 7493.92 988.356 2322.38 1592.72 3373.62 1403.37 1667.44 3756.85 
3360.7 1093.67 1105.3 4372.13 4128.49 7829.06 8311.29 9254.21 1871.13 8642.37 
3627.17 9537.44 3080.56 523.278 5173.81 9285.45 258.753 155.185 5144.1 1371.99 
8524.07 2076.11 2094.15 6017.97 3064.46 4416.53 7610.69 6438.08 5819.91 9278.14 
194.916 9180.61 371.794 1300.22 3552.72 4500.29 9129.27 1863.99 3754.48 1000.39 
506.338 7381.65 537.815 3586.89 7904.93 5711.62 2872.32 8163.68 5866.81 8016.42 
9535.68 4390.86 92.5076 1629.82 408.814 3156.97 6046.35 8019.51 9595.05 1866.24 
7297.63 9789.97 1046.82 7669.42 1090.17 4599.54 2169.69 219.422 6463.53 5924.17 
1219.81 6969.87 3305.81 1757.62 556.743 1210.72 7469.25 3429.07 9374.41 3336.04 
1445.47 8910.07 7726.9 1537.98 539.87 8135.71 4694.95 6586.22 6155.21 4289.98 
8452.45 3452.82 4079.93 9499.28 1122.22 5170.1 4098.8 3291.91 5389.52 562.314 
9216.09 6609.33 7532.18 2521.88 8366.96 8088.92 3732.6 5836.19 1517.97 3106.99 
9172.23 2963.44 2017.05 6899.11 4501.42 2556.92 5034.81 9196.36 9143.14 1189.99 
3486.33 7595.57 4642.81 7566.26 7094.83 5765.03 2736.34 1193.62 9056.95 8125.86 
1755.93 8273.01 4735.18 9288.11 794.875 3102.12 7377.02 4527.48 8938.31 8894.99 
7634.47 8110.51 1858.42 9651.52 5009.61 6359.83 2208.42 44.396 5556.18 1351.54 
1234.39 9042.51 8947.11 5877.2 6608.75 6041.93 1642.22 9345.1 7235.55 699.145 
7470.95 8991.48 8972.16 2206.11 8279.58 9767.03 5308.23 5656.58 4294.49 4246.52 
4551.56 1928.95 2357.01 6409.97 1580.45 7366.62 2769.79 3788.87 7411.02 8325.97 
5140.41 8645.41 7368.47 4087.5 4522.59 3977.2 129.414 6164.81 3322.28 7364.96 
6863.95 793.212 6356.43 5836.1 2999.32 4635.99 5603.11 8307.55 292.56 9897.61 
2554.04 4844.12 1826.54 4911.06 1254.07 3406.99 2277.66 4023.87 7195.86 9688.67 
2349.82 2336.25 8334.06 9718.29 6423.75 2856.64 3695.47 6553.16 9021.45 7017.76 
3918.11 5885.38 7810.97 274.523 1721.46 810.273 4910.52 7324.57 9117.82 5203.08 
7222.16 1671.85 47.1786 9048.7 6582.9 1301.25 2455.67 8860.56 5325.12 9651.53 
8549.22 7674.94 1987.76 6883.27 7393.21 8411.51 9739.91 1088.67 4964.65 8761.34 
8106.43 8882.76 4646.7 5917.38 9157.28 6368.17 6727.66 4067.78 3692.72 5845.46 
9270.86 914.871 7517.31 9318.04 9963.57 4100.19 619.276 2419.23 2960.74 5944.4 
2070.74 1509.94 3619.32 4058.49 8393.21 1012.52 2469.98 8133.1 2101.19 7434.63 
6894.42 207.603 6317.38 1541.11 6124.99 5474.64 7909.28 2852.63 9542.43 1601.98 
8698.09 8813.27 2516.85 6215.38 8131.29 2480.41 315.552 8750.57 4899.64 3276.29 
4694.95 6970.37 4786.24 8314.27 1028.85 3179.43 9326.78 3498.83 1312.52 1427.96 
933.452 8206.95 1635.56 7250.83 9748.06 7760.55 2725.45 7657.32 613.157 2267.86 
9259.3 9311.24 1081.12 1776.14 5526.6 9212.41 4256.55 5842.15 7962.96 9156.19 
9118.45 2657.88 6126.54 3904.67 972.134 7155.4 7084.1 298.901 654.212 8396.62 
1726.86 1587.66 6603.55 3362.42 8838.49 6351.59 1122.95 1563.93 4008.89 1736.11 
3831.79 3268.17 1047.33 4912.91 5044.31 6573.93 4125.3 9300.86 2416.07 2088.24 
8457.03 1534.5 4746.12 4583.56 5439.17 5718.25 1738.93 2523.25 6017.16 2393.15 
919.85 7744.01 3980.81 7523.4 1106.41 2819.29 3874.97 2229.36 4383.21 7883.86 
3965.47 8215.01 1152.01 5012.8 3127.9 6196.32 1586.72 7253.2 5497.17 4002.79 
9341.43 3954.18 5537.29 4087.54 8537.74 976.435 9805.79 276.653 3499.68 5822.93 
2669.8 4419.53 3566.93 6650.61 1942.91 4673.34 9469.89 5817.88 6902.7 3853.09 
3701.72 868.151 2068.08 4853.73 5880.95 5195.98 1050.04 7467.66 2449.16 6547.21 
1470.43 1790.58 501.368 7007.72 5878.11 9039.1 7984.15 5683.89 9315.76 1483.82 
1506.8 1985.54 5903.35 5073.72 8636.15 7846.27 9747.06 8106.03 3664.13 6649.75 
1959.1 7365.85 7517.9 4027.18 2219.57 3398.83 9223.16 3269.61 866.479 1672.31 
9816.81 2336.91 3462.88 318.162 9344.63 9340.99 9357.27 7328.77 5024.86 8673.01 
8812.59 6531.66 658.531 4715.93 1605.37 9294.68 2562.18 1352.42 7400.69 6226.31 
8002.16 9359.79 3592.14 5520.05 3386.95 5811.71 8918.88 2610.1 9081.32 9785.36 
4282.41 8898.11 2122.25 7745.29 9216.27 1466.87 7086.27 8573.52 8795.64 2111.11 
7246.51 7608.21 8642.77 7905.04 2324.12 248.122 7199.71 4886.3 1600.54 4600.38 
1112.59 9602.7 3960.15 4704.73 5122.73 7347.11 516.427 4041.59 9957.21 9597.74 
3826.93 4239.6 8495.84 5949.19 1984.87 7712.1 7416.06 9071.13 6285.6 6211.68 
1182.23 3532.1 3819.88 9825 1437.13 6144 73.1041 8636.84 1030.28 1673.64 
3237.2 2142.87 1276.33 7197.35 6847.6 6399.06 4544.44 7364.02 440.634 4501.63 
6961.75 4267.57 8741.22 5457.57 216.739 726.077 3169.65 7632.8 9797.21 9455.26 
3844.46 979.423 2987.34 7664.33 804.405 4424.47 3808.31 877.509 3061.29 4838.59 
2551.15 6298.48 6981.46 3827.48 3495.81 3829.04 226.519 8040.25 1193.05 667.153 
2541.86 8154.8 4934.72 1283.07 3612.35 5151.46 2009.15 6782.01 2784.24 1806.34 
6237.25 6628.7 2785.76 9224.59 4293.02 3590.17 3649.04 8101.33 4467.68 6710.32 
