100 10
5761.5 1836.4 7367.92 3920.71 1256.19 3399.24 1285.38 729.465 3793.04 1761.46 
5662.2 8975.54 436.133 5432.74 78.7537 8177 2878.48 1293.25 1697.99 5551.03 
8578.01 3424.49 3041.44 7773.02 2560.56 2735.33 8475.13 2279.15 9497.35 9454.01 
569.003 5258.84 1290.4 7936.92 9179.55 2546.58 1336.14 464.912 3276.05 5129.18 
2226.38 8938.25 4104.7 2662.51 4370.98 4183.46 839.49 7249.46 5476.7 2537.48 
2800.47 4054.69 5961.97 5841.91 1827.69 8522.52 8577.24 302.81 801.657 8074.58 
9756.82 1370.66 3333.4 1047.2 9307.58 2512.93 3593.79 643.712 2977.84 6869.84 
5772.89 5204.22 5808.07 9877.6 7866.73 179.032 4061.03 8706.22 7428.49 9537.74 
1243.68 228.943 3592.41 7205.64 6070.85 5420.11 5728.15 4648.08 5722.92 6529.81 
2722.64 5479.72 7900.47 6056.04 6526.93 7208.03 8568.97 120.699 7851.74 1546.8 
6990.54 3624.62 6751.02 2798.59 3502.2 4617.73 2977.62 7563.23 3323.93 406.096 
7100.95 4567.6 635.039 693.35 1773.23 6705.89 6113.46 7501.38 1353.96 1836.36 
4031.17 4076.6 7316.08 1931.62 132.621 3842.99 9139.65 8701.59 3963.69 6991.38 
248.375 954.209 615.979 6999.39 3752.8 4118.18 1617.1 6730.42 1681.39 4941.03 
7136.52 8782.35 9508.63 7771.56 9475.7 1281.85 4477.43 5589.13 8783.22 5831.39 
7425.49 2814.37 9907.98 4741.55 4745.99 40.588 8584.54 3885.62 8742.18 2548.22 
876.982 8990.56 3502.43 1492.96 5989.93 7255.23 5611.14 7607.04 3985.63 7292.53 
2548.05 1122.13 6074.86 2056.67 8893.69 5550.54 3338.51 3371.11 1139.66 2121.72 
9202.49 8565.15 4936.09 9110.46 3306.68 9682.08 9151.05 1891.21 3567.69 7893.21 
4439.43 4444.67 6883.75 7941.85 5937.64 2873.67 5197.06 1548.76 480.686 9182.69 
8841.29 3028.74 304.806 4916.13 5085.4 9198.5 466.655 8423.91 2569.58 1606.31 
545.617 1772.06 171.441 5481.71 882.506 3478.12 5163.78 33.5375 5369.33 8731.47 
7926.75 9808.76 3176.13 4810.49 7750.59 9113.76 7684.15 2947.64 662.501 8164.84 
2130.31 9503.79 1193.56 2435.11 4419.91 6278.96 1633.59 4886.56 4702.86 4203.18 
6492.87 5248.47 5975.24 6664.31 730.168 6857.75 142.422 5893.95 6891.28 5511.75 
4625.4 4818.02 5320.5 7801.52 9628.5 3071.07 6915.27 7312.64 6018.71 7577.77 
5477.46 8149.01 7081.54 6671.02 584.112 1501.43 2949.96 2217.71 6388 7652.82 
6420.88 2880.85 2901.28 2396.11 9545.17 3631.45 9253.85 9687.59 9525.39 6145.12 
5199.33 4150.77 963.12 519.805 1952.28 591.605 3590.88 8867.55 7904.24 9609.58 
6445.3 3381.69 7758.58 3526.83 52.6914 8342.69 5028.26 3002.65 560.383 1416.24 
655.458 6981.27 4297.09 3556.74 9377.37 3842.25 7188.18 8631.21 3529.82 6713.56 
4776.31 8729.14 864.311 5739.43 9248.95 2816.59 6331.04 2839.81 1684.13 4235.27 
2449.38 8129.43 7616.95 207.94 1656.24 7669.65 8550.63 6684.51 672.283 9111.02 
8100.75 1327.74 6092.27 2397.83 4884.48 5469.62 6240.07 2072.64 4100.82 9769.89 
8786.19 8877.13 8499.01 9650.51 4616.55 7747.95 2467.08 947.569 587.739 4151.21 
5182.83 3037.12 2280.62 2799.77 3245.06 3936.86 469.401 1795.67 621.35 1141.68 
906.673 8722.1 2469.42 6998.94 1119.91 7353.9 2468.55 7359.98 9426.54 6569.36 
7129.85 8212.72 5446.48 5628.85 7863.21 63.0079 3376.78 330.27 1010.58 3964.51 
4481.48 6193.41 7001.63 6762.1 8993.18 246.669 698.941 9462.58 2042.34 1320.29 
604.25 2949.01 42.3715 3073.68 9947.95 1162.28 427.559 2416.48 8522.25 9854.1 
8985.85 5652.08 8066.8 4432.31 1280.91 5929.99 4495.31 4657.69 6260.26 5505.89 
8622.2 741.718 1699.28 5623.82 7503.81 692.451 5870.49 8202.76 155.017 7912.83 
9523.05 759.267 861.825 9565.42 3832.94 809.762 727.679 4260.5 3226.24 9249.93 
4114.58 2212.07 4902 2181.36 6644.38 6182.91 8111.35 1139.68 840.585 4371.59 
6645.57 9462.79 5113.31 8344.85 5086.59 2617.11 9037.3 957.057 819.846 9192.32 
8869.88 342.875 9951.59 9731.71 9908.29 3784.51 541.455 635.955 8045.02 3767.7 
9885.89 2159.58 5979.77 4787.87 4340.95 2624.14 970.767 2452.28 3763.81 1811.35 
6823.87 409.367 1274.12 1937.16 8754.22 6360.71 4554.27 7791.51 7317.77 5374.12 
6983.81 6187.64 5716.99 6935.39 5919.33 5625.27 719.884 6460.78 6261.22 8764.9 
228.466 6147.09 924.464 6208.24 934.947 5265.41 8832.37 1905.71 7717.69 2596.17 
3717.07 4541.55 3005.54 4991.19 6478.71 1759.74 1351.88 1032.97 9551.25 8669.65 
6407.08 6535.05 4857.27 2124.06 3470.42 776.583 7749.33 4190.31 7237.37 4010.53 
2955.19 7465.83 157.612 3879.65 3674.05 1092.56 9145.06 2506.41 2998.27 6862.73 
5102.58 6715.34 1404.26 8108.12 1706.51 7882.97 9867.87 3058.4 8915.94 9419.1 
1728.03 5323.01 5954.14 6585.3 7447.07 9424.56 7361.88 5196.38 3614.84 4599.23 
9206.91 6570.03 2065.05 9364.52 449.667 5739.1 457.066 9594.73 8245.51 3455.34 
6457.45 3348.08 170.663 7861.71 1456.18 1877.18 5744.67 1324.03 4935.57 4660.59 
743.117 6663.6 9983.6 6697.25 3248.89 7430.65 6121.79 610.754 2627.01 9736.64 
5209.99 1833.9 6306.65 7275.04 1198.41 6756.32 3014.12 1655.47 6351.03 1259.62 
5110.81 2808.46 4607.7 5281.48 670.151 6063.88 7158.65 6414.82 7387.92 2094.21 
1075.39 8131.04 8757.81 1058.97 4828.27 2006.68 8489.62 950.045 2617.43 1116.61 
686.664 7827.42 2950.51 6993.31 5102.44 4148.92 3749.61 8116.56 5804.39 100.626 
9376.18 915.187 2909.08 3983.87 6196.66 3579.23 47.7334 3355.3 9994.05 7435.65 
5449.5 1069.43 5566.67 4207.29 2128.4 394.923 6213.97 618.003 1344.97 8831.4 
1734.61 2031.63 6658.8 4685.12 9024.95 1761.22 8834.04 2774.54 9877.79 4638.41 
2875.17 9253.95 5553.6 5784.25 3237.8 1750.24 9363.49 3285.53 5105.54 9357.52 
721.168 555.029 426.936 6287.84 4762.32 2555.34 6682.76 976.278 3173.34 8027.73 
9807.68 4907.95 59.3415 6466.46 9593.07 9084.29 8227.69 8427.09 1858.81 8105.46 
3065.48 4733.98 7359.39 8619.07 518.215 597.175 369.3 9881.7 3882.71 5474.84 
9239.21 4603.88 6029.87 9666.14 891.696 792.178 2221.46 7574.46 1768.46 5394.8 
5602.17 1576.12 302.739 5661.51 8042.58 9895.81 4745.78 6270.26 8322.88 6604.59 
4375.7 1388.34 1338.55 1735.07 7.39936 1856.77 2332.25 376.699 1738.45 6214.95 
5851.54 977.642 818.813 1881.39 643.768 1710.51 2673.57 2865.23 9284.96 4442.03 
8260.04 4887.11 6018.15 8562.77 548.602 4060.71 8458.57 5294.38 330.953 6781.43 
1898.95 4706.65 8169.77 3237.5 6441.72 8177.17 5094.27 8773.96 8553.87 6832.72 
4988.9 4405.39 7810.36 5807.71 6286.79 8454.13 7518.22 8960.36 1319.34 6803.17 
3402.37 9579.38 1690.27 9420.52 8142.14 2238.87 3481.22 6600.69 7533.25 3812.17 
3382.1 9432.2 8518.82 1551.85 2669.68 4960.52 9729.02 7763.95 3734.47 8282.88 
4596.66 8723.37 2688.25 2407 4531.07 8975.04 861.114 2049.27 7935.38 2180.46 
8852.44 1337.74 1759.82 542.693 758.242 9901.96 2781.56 4239.46 6502.63 314.792 
8051.63 9884.73 9746.99 6570.43 1436.56 2416.66 1530.94 1165.57 180.593 5265.41 
9448.45 4777.25 3988.76 2136.68 7184.25 8519.83 1111.71 8045.37 569.084 9047.09 
225.807 9421.53 384.811 1985.63 9964.22 1143.05 1887.57 2745.77 5382.51 8390.2 
3060.56 3434.13 8274.91 2807.53 4.54585 9711.48 5224.19 1535.48 877.031 5404.78 
6800.89 325.462 182.011 789.635 2462.14 7366.26 9309.46 3573.85 5411.61 9878.55 
2620.92 5637.42 9300.06 3005.73 7623.05 9264.26 4148.79 9510.62 2010.01 9531.3 
7900.8 5070.57 2965.41 6175.7 7878.1 2969.96 5887.16 3102.27 4505.44 6764.19 
8507.04 1306.32 7089.65 8689.06 2095.95 9551.79 6055.3 1405.4 3125.63 1466.89 
1283.93 5746.55 7104.31 583.968 8752.28 4727.34 9848.23 2901.05 4237.94 1858.22 
2432.33 2138.72 6928.79 5397.75 8314.42 4806.87 8367.71 4201.55 7909.14 2873.13 
965.724 6416.17 4179.45 8055.37 5105.2 6275.4 7607.15 1160.49 7680.8 732.757 
2627.38 8964.73 6479.3 9731.69 9548.69 5231.57 4459.01 9396.91 8132.62 8696.95 
1255.11 564.937 835.656 8183.9 5962.68 9150.07 2990.76 4330.37 3351.61 899.877 
7203.5 4317.33 7316.04 1382.93 2372.69 2421.23 7658.33 9979.84 3581.72 5339.11 
712.578 6209.1 4303.82 7191.88 5940.77 3852.5 2423.44 399.77 3249.39 556.038 
9096.72 4504.5 1120.98 9932.38 2688.39 7083.66 9082.43 5679.14 1414.01 2434.03 
6579.02 8617.52 6751.36 3895.04 0.432153 9124.05 6316.27 7658.77 9103.87 9897.99 
2997.86 9816.45 6107.07 7301.68 7008.32 2047.83 1154.17 9431.75 2447.6 4403.55 
9987.79 1544.3 8908.05 1108.75 1476.66 1596.42 8192.41 559.077 7275.57 9606.42 
2993.1 3854.57 8223.92 9744.46 7749.61 8224.35 8868.5 4065.87 5883.1 7972.36 
