400 10
8868.55 2805.51 2705.19 2274.22 6239.13 7004.27 3182.3 1472.54 6770.69 9139.64 
6498.6 2473.1 5373.53 6719.23 9070.85 8853.13 7976.97 6900.29 6213.99 4498.06 
8997.02 6482.85 9919.78 5730.53 3797.17 2234.76 7688.6 2734.03 5215.94 4789.35 
6101.41 4084.48 7594.86 8806.6 6358.7 3833.98 5810.85 9541 5306.51 2581.53 
8680.62 1805.09 5054.63 4054.14 8524.33 4125.46 2907.25 6501.28 1025.74 9121.24 
999.324 22.7441 5604.07 919.085 5753.27 9401.24 3153.85 3441.86 2135.25 8369.79 
8231.21 8236.67 2454.25 5826.05 7043.25 8812.96 9660.03 2854.09 8353.94 4966.53 
5435.62 7034.54 6771.62 490.233 1088.66 5295.93 4615.69 3995.91 1797.19 5641.43 
3117.13 2796.51 5664.17 8721.2 3715.6 1417.43 8122.43 6869.44 4859.28 257.664 
5239.21 3090.47 8494.33 7693.47 8916.53 5537.57 6506.41 8576.54 8391.66 4860.33 
3543.05 3827.26 1894.85 314.65 4317.5 2983.51 5610.58 8933.19 6979.42 7407.76 
4574.6 96.5306 204.258 238.757 8817.73 3919.85 1656.18 6940.14 789.279 6515.47 
7197.8 6028.49 9605.94 5692.12 3721.94 8522.45 1229.67 228.333 7098.97 9621.33 
5088.66 642.001 3448.57 6983.51 956.651 7766.07 9967.02 6567.23 6699.24 6946.42 
3974.98 1273.82 7042.95 4179.23 1512.58 5860.67 8099.09 3168.77 2800.79 8888.37 
9684.23 9998.6 4916.84 9290.16 5690.7 8638.79 7812.59 6920.37 8867.12 4911.54 
6541.68 3955.76 5553.54 9990.25 939.259 6510.19 7756.3 906.265 3077.4 4455.52 
7852.69 7052.38 5729.35 4895.63 1231.6 7241.93 756.276 9330.68 410.677 3557.07 
8219.04 94.8919 3555.65 3135.86 9385.05 9246.34 1774.63 7197.62 6166.7 641.737 
2109.14 2708.35 4597.5 7662.68 2698.59 5536.76 4172.86 454.869 6443.02 7250.26 
4910.39 4295.7 4302.62 639.723 9191.32 5534.22 7881.65 9947.6 4864.89 8292.33 
3504.65 3083.9 8387.22 7060.3 6219.76 7772.25 6306.62 7994.4 4969.85 2473.3 
8636.13 7078.99 5181.66 3233.62 4741.66 7880.24 8770.38 8914.51 8335.11 5213.39 
6164.76 3245.49 9509.08 467.361 3885.21 8700.39 6001.58 1766.84 8647.97 866.447 
59.1553 2152.6 3950.35 8446.38 9212.9 170.098 6218.61 5519.51 8164.49 1188.44 
7992.81 6800.61 8267.43 3174.45 34.213 3009.07 1054.67 8804.59 1923.57 9389.79 
4017.96 8088.32 2635.26 3527.03 8555.69 6520.47 2227.4 4557.25 8287.31 875.355 
5423.7 8346.47 3027.96 9374.04 6792.82 2240.84 9544.14 3011.42 7760.34 7708.62 
4199.86 5753.14 4509.21 2467.27 8927.58 4543.43 5476.35 9982.26 3348 7399.91 
9372.02 7365.97 5488.22 2007.26 892.979 4043.89 8527.73 3120.38 8601.14 6815.02 
3995.74 4024.82 5161.47 7023.69 3398.84 1954.28 9264.53 2942.97 4965.69 7024.86 
651.574 9165.55 2777.98 5160.79 1632.81 1705.55 9704.22 7109.15 1687.78 3052.2 
4509.05 1059.79 418.152 9997.27 3067.06 1311.13 4041.15 1594.77 4431.51 2642.27 
8409.79 8427.25 6667.08 3571.25 5450.92 65.9128 5525.52 4715.44 3008.88 491.202 
1740.28 3660.46 9656.75 4518.26 8821.25 1289.54 6223.81 8525.45 8398.7 7911.59 
1577.63 2907.73 8971.39 1995.78 2904.99 2038.42 3306.91 6946.13 3633.19 7738.42 
9588.4 2042.97 6165.65 6255.47 5614.21 1616.56 6321.38 1139.72 6332 9330.26 
1630.92 8072.28 2990.7 1287.66 2590.53 1811.93 2577.2 8814.34 337.362 975.884 
6725.92 1914.99 3883.61 5697.29 3910.78 6788.6 7735.71 7217.69 3734.72 1368.89 
4956.1 3323.1 3411.85 1121.74 9578.57 9026.06 2738.3 5899.93 165.768 9070.3 
5230.18 1796.69 7142.56 8220.88 3084.35 9733.09 32.8001 5661.55 8547.42 370.162 
6637.44 5273.32 2285.16 521.034 970.584 6195.93 7309.63 8706.29 3413.61 1044.33 
75.1641 8369.71 4367.43 3487.02 9491.44 3945.98 2513.06 2229.72 9845.91 2678.83 
1300 5076.08 4475.52 8442.56 3296.94 7559.87 8175.64 3329.74 3221.41 6723.04 
3699.91 9858.84 1996.34 5985.06 379.861 2966.92 2180.98 7689.5 1673.2 5594.58 
8733.83 1748.37 3964.27 3101.24 5235.38 3455.7 7047.23 7748.45 5685.42 6893.12 
427.263 6985.42 1969.18 4902.79 5427.97 5266.12 2462.64 3603.59 8595.87 5684.05 
326.614 2295.76 5542.88 2322.95 8280.82 5922.74 5289.88 461.778 3612.22 6963.08 
6056.36 2346.03 8711.44 20.6188 5447.27 3946.81 3476.32 2494.48 1695.24 9161.73 
9387.6 2122.5 6147.14 1356.77 7025.29 1575.09 6622.9 9487.93 5178.68 5218.75 
5171.96 5505.29 7514.5 714.823 7828.24 5795.3 6637.56 3118.1 6257.08 249.763 
81.1642 2313.43 2595.79 8792.61 2334.05 8043.06 2739.4 5810.36 537.529 4434.64 
4972.08 9925.13 6557.14 1119.2 1281.89 3582.41 2694.28 7904.78 3070.33 7872.96 
3123.51 8242.29 3378.23 637.996 8957.11 1206.46 6433.3 5594.66 4324.56 2690.37 
5844.42 4405.73 5003.79 8440.21 3198.32 7337.84 6483.26 5937.72 3148.19 7020.79 
372.34 8120.27 6945.9 6929.48 9239.46 8227.79 511.879 1933.73 6132.55 3582.21 
9806.69 9256.06 1824.48 3184.9 9894.06 781.571 4391.36 6327.34 6376.23 8715.92 
9017.71 2220.63 3121.63 4021.48 660.825 6319.95 1359.31 7144.08 2257.65 4507.49 
4164.85 2629.99 2627.74 1110.74 9559.47 1867.19 9338.53 71.3314 3800.92 5471.06 
3653.54 3607.59 4727.11 5478.01 6792.49 4621.15 6259.58 1183.84 948.479 2635.8 
9899.76 9966.19 4856.43 3021.38 3987.66 5517.25 9341.33 5346.96 2661.32 1598.96 
9854.46 6826.17 4228.94 2482.18 7936.91 3788.4 4349.37 7275.42 3859.73 8150.29 
2746.47 7513.26 1757.86 7473.58 2991.26 8550.36 2094.71 9250.84 9734.2 3043.19 
1886.62 9633.94 3009.36 6743.05 2655.3 6997.01 2260.28 1996.61 2343.96 4921.6 
3595.57 2198.4 1747.75 7824.51 4680.58 9684.66 1612.89 9029.95 6960.07 5472.61 
7180.22 9706.53 2985.86 8938.08 7180.09 5977.12 7488.42 9274.8 5227.94 7222.6 
2317.97 7114.57 6856.53 5327.33 3857.6 9511.83 2324.33 6117.88 1508.42 4668.29 
1039.46 5103.99 6866.69 2787.22 2928.48 1547.26 2471.87 4541.37 577.188 9431.93 
13.9635 7757.41 9138.44 2999.82 6695.47 6318.52 8976.94 4183.88 5593.3 4204.87 
1406.46 7911.27 1319.42 8262.99 3238.59 5177.02 7774.8 5562.92 1294.88 9283.23 
231.193 2334.34 4387.2 7097.88 5121.56 7315.68 8645.14 7593.43 1857.03 9222.33 
7025.34 1870.99 6979.72 6163.77 4870.81 3675.18 2482.27 3847.74 7859.06 8075.57 
8052.61 9265.52 5986.82 9372.02 7528.49 9225.41 4549.02 5303.28 4788.31 5843.9 
4586.49 5019.51 8178.24 8973.68 2117.37 3299.79 6289.35 762.494 893.199 8146.37 
9984.82 7918.54 17.3496 6964.52 4082.29 4888.16 639.683 6564.56 8735.9 8498.74 
4640.11 6788.49 7764.24 626.92 6160.5 5292.72 9852.33 709.503 595.976 4640.63 
6553.4 5182.46 9660.13 4731.63 4156.13 1777.49 8031.42 445.458 2539.98 8924.62 
8591.83 2524.79 6843.14 8609.18 9489.31 925.414 3497.33 128.977 7489.98 2233.22 
8627.72 2130.07 9021.71 6391.94 2756.99 5182.19 1684.64 2609.31 5891.69 2280.62 
7249.93 2445.08 7463.08 6910.05 7176.71 1619.19 8687.54 5208.11 2064.65 1227.51 
4132.7 656.464 3752.3 975.825 9265.65 3241.59 1901.24 2762.96 3370.57 9391.21 
4996.17 1998.27 1521.27 4017.87 8390.21 4278.26 9200.06 74.8283 6887.57 5091.73 
2355.44 4137.49 7536.81 9818.52 1047.52 4713.5 1437.69 9735.06 9921.61 3502.34 
962.551 4054.29 4158.81 4714.85 5030.12 3424.43 7956.44 6931.36 6187.39 1326.99 
6322.56 1183.55 3325.25 7843.83 5201.42 1715.44 2122.07 4401.45 1790.27 9009.64 
9493.19 4145.72 3147.11 7029.98 3964.22 4194.63 1743.46 5401.91 3929.67 1665.05 
8904.26 4892.22 5719.34 3063.05 9607.07 749.444 6487.48 7563.49 7680.8 2674.86 
8890.48 4003.34 3858.41 2215.71 1847.15 9059.82 3931.16 3969.22 3461.26 5721.43 
2978.84 2954.43 9867.14 6125.95 9984.41 3831.35 320.555 1727.86 9233.26 4250.22 
3392.91 8137.5 9142.45 9112.25 1200.53 8749.5 9861.69 7688.01 6312.97 7542.48 
362.849 5203.42 1545.8 4221.26 7419.14 3392.95 3281.06 1350.28 7362.16 6742.32 
7071.71 340.986 9696.75 6938.83 6466.93 9681.15 770.164 6787.49 1408.98 3.40754 
1037.69 4801.89 8140.91 180.122 3914.12 9341.44 8929.62 3775.8 7029.43 5242.57 
1318.26 7392.28 445.975 2864.06 1613.52 7865.11 6257.01 4894.58 9215.39 3619.15 
1636.88 6287.08 3960.14 1333.62 3225.9 427.054 1014.75 3996.06 7214.54 2423.73 
3999.47 8252.23 7225.62 2140.36 8432.36 1139.73 1481.78 7361.96 4915.53 8511.21 
2604.51 6233.79 5903.47 3050.48 9097.84 7516.98 915.579 5354.83 2411.55 130.952 
8973.99 4048.43 6418.03 2934.11 5382.05 9643.93 3361.16 6396.8 3639.97 575.685 
8820.53 7639.44 8827.92 6046.13 9779.79 7260.26 7185.86 1261.55 4622.2 2101.37 
9772.76 7226.71 8335.16 5676.21 277.173 7432.99 3193.18 1192.75 2787.8 5604.73 
1323.7 1761.77 9653.16 7741.73 4695.88 5035.19 7385.64 8057.04 1431.97 1025.6 
8632.72 252.478 8665.03 7460.63 6298.61 8444.81 4720.87 3484.46 9706.36 9343.07 
5585.83 9479.1 6569.76 3920.97 5155.3 6846.93 1353.94 8348.48 8039.68 4141.74 
3953.19 9363.38 5903.51 3606.32 7105.1 599.373 8641.51 4490.73 8656.41 73.4618 
5516.32 7289.12 325.94 4181.34 4749.73 6624.55 2626.13 9470.6 108.989 2332.48 
8813.64 5694.82 1811.56 5383.38 9615.78 6966.86 2230.29 969.706 5315.32 269.957 
5111.45 9268.51 9633.34 1014.94 2874.82 6738.42 1614.31 1516.31 1229.14 270.709 
1589.77 6745.46 7559.83 1915.71 926.783 2309.54 8540.26 3552.91 1780.12 8649.25 
5885.39 593.747 4344.05 7696.95 5977.13 3959.82 4663.8 8207.43 4929.52 9979.12 
8477.38 40.9541 9247.61 8110.71 1055.89 2122.41 4849.11 2670.21 3638.73 6078.25 
2940.92 5228.5 2823.69 500.73 7144.21 3750.48 2810.27 5684.46 7303.39 4590.39 
4333.7 3188.76 5184.14 8677.75 885.696 1161.25 2637.55 5549.49 9368.68 7567.07 
5528.6 7846.04 7608.03 4776.19 5956.73 8663.92 6898.61 805.827 1334.12 537.317 
6884.08 4275.03 5765.82 9707.77 4775.76 2910.01 3458.23 7586.03 8594.47 761.598 
2176.41 2928.16 3950.36 7360.54 1605.89 4836.05 8521.79 4243.44 385.53 7890.45 
1810.49 5914.13 5736.48 9418.52 690.305 1693.19 8082.43 7588.91 2499.02 9416.55 
8126.23 9383.09 3691.56 3892.03 9090.84 8467.32 6802.04 2549.05 6053.34 5396.5 
3310.65 8229.75 8324.66 7261.01 5590.27 9930.54 2097.05 4112.05 4173.96 2482.58 
2002.48 5984.46 8396.7 7738.96 5402.96 9087.01 9432.15 3485.38 6675.9 1931.15 
2901.9 4802.12 1314.23 6593.47 8694.15 405.052 5060.77 5496.17 2954.11 1114.1 
892.659 6264.76 9343.84 9217.32 3525.75 4934.1 9147.84 5622.79 9046.14 3321.79 
8105.37 1048.61 9306.25 6502.06 8787.57 4709.19 5589.05 8219.7 8194.57 2264.93 
150.833 1096.46 7067.05 1465.06 7689.92 5761.18 1870.11 2750.68 1257.33 4824.22 
3864.78 2149.99 1088.96 3208.61 1367.29 4614.7 8142.71 515.119 237.48 7188.83 
3836.91 8342.85 8237.44 3143.14 4844.89 7024.99 7852.33 433.919 5244.68 6046.88 
2698.85 5395.51 7143.34 9765.9 6860.57 4833.25 5527.06 8730.68 7583.93 6784.4 
3554.88 1448.69 8934.39 4643.83 4657.3 301.669 9258.54 2799.99 816.788 9496.02 
9988.82 4653.7 7838.85 8226.25 7796.84 2683.72 5251.23 5649.15 3117.64 495.887 
1696.02 5816.49 5891.4 8839.36 5582.38 2751.95 3672.59 1109.43 1482.61 1256.51 
7893.83 5037.49 2705.2 6828.2 9681.33 7362.51 7129.87 8939.85 162.479 7946.66 
8435.84 151.284 2600.34 6274.68 8377.53 397.158 8958.4 3628.74 6046.31 2076.02 
4124.63 7742.33 7892.52 16.0098 6581.67 3474.88 2767.96 254.25 4584.3 4250.57 
1510.76 2478.11 9288.07 4215.96 9306.31 8969.37 1578.45 6436.17 7909.2 1740.93 
4382.81 6345.03 1892.22 6983.15 2619.69 269.732 7380.31 1578.07 3898.47 3426.6 
3654.09 8023.1 1168.91 1546.59 8039.11 7750.58 5021.47 807.055 8004.83 9605.77 
5057.63 9515.59 2083.87 4345.68 3731.54 1390.17 3315.03 5310 7826.33 1224.22 
7050.93 2209.13 7569.25 8943.14 9192.28 188.918 9212.88 6572.57 1766.99 3111.33 
9999.17 5421.08 1134.42 1168.07 6967.68 9173.53 8918.65 1989.13 9980.58 6923.47 
1594.88 5038.19 6439.05 3678.75 9383.87 170.571 5068.92 2698.88 5480.57 2895.23 
3923.1 2531.48 5104.36 1492.33 1474.6 4296.62 1681.25 687.464 869.176 3448.24 
3798.8 868.331 8869.32 4933.21 2036.4 5836.98 4106.72 955.031 7826.11 4087.29 
7878.5 9420.99 9125.48 4317.53 3099.73 8509.33 4488.1 8168.64 1208.2 9968.67 
1063.86 5131.3 2500.13 6168.22 6623.63 3974.73 464.829 8304.87 4662.19 1334 
1753.09 8460.99 2202.34 622.393 3394.19 4238.73 6459.37 7500.91 5193.76 4285.46 
1588.18 3072.25 3706.43 713.643 7389.77 6806.16 9222.98 1877.86 4974.79 431.158 
1846.5 6038.65 5562.46 4346.63 2206.85 2186.07 8321.36 2671.68 490.922 2983.54 
4005.69 2244.01 1444.51 6208.02 2866.41 4838.69 446.737 9325.78 2339.59 5640.5 
3611.22 3927.76 8712.75 7317.65 4641.41 6102.5 4123.8 3864.37 7980.36 9098.58 
4295.52 9826.86 5137.21 9857.98 4173.47 7344.06 2044.03 2494.82 15.7281 2534.95 
5478.35 4021.41 4778.96 6922.86 229.418 7645.37 1761.54 676.155 6971.13 4101.13 
6316.66 582.336 8028.89 5029.38 7899.99 2670.28 1131.87 2023.77 6534.65 9112.23 
1122.34 830.155 8939.07 6259.55 688.118 3112.53 3603.6 2732.15 5607.35 3619.32 
5267.1 1085.68 7640.74 46.0465 8008.54 7870.16 7691.42 9770.08 8546.31 4662.53 
3871.19 4862.95 5244.87 1900.07 9892.33 3144.84 4570.35 1024.19 5168.61 1104.98 
136.396 6290.95 1935.14 9075.47 2550.48 2623.26 2187.98 6154.08 5355.4 7795.33 
9773.4 622.485 8881.01 7414.12 668.532 6889.53 5284.26 8359.95 6659.6 3830.56 
3022.47 530.777 8693.51 8267.33 2430.85 8585.82 1412.16 7001.2 9610.01 6580.78 
8106.18 9746.41 2871.71 41.2981 8821.86 5422.19 2664.55 1009.82 1576.26 8019.96 
8805.15 1349.64 8642.44 7686.13 8763.77 9310.97 4575.65 4048.01 7670.91 1235.23 
7878.57 693.356 1766.01 6572.06 8960.69 4196.86 5157.87 372.837 1198.03 4767.86 
6953.61 9304.21 4514.25 9825.33 9345.51 3336.09 5247.5 2010.05 4345.91 6823.76 
29.9876 3151.04 8173.4 8672.43 837.157 6937.15 7983.39 5412.81 985.151 5654.28 
6648.04 8863.72 6347.64 8414.05 5435.77 5308.31 2610.89 593.621 5681.15 3808.92 
5361.48 2634.74 3113.12 9875.73 2460.05 2458.61 3211.81 7707.55 4468.66 7557.72 
4531.3 4498.65 708.742 2704.68 3171.06 1545.9 9641.84 1154.43 6958.71 626.97 
6808.71 3606.73 9490.69 3156.33 2020.76 4926.44 8464.64 4631.65 5520.07 4145.77 
8440.58 881.531 6780.51 1553.68 757.248 9240.56 4012.29 3969.06 6948.1 8480.96 
1526.76 1479.38 2979.59 2235.5 4184.06 6150.65 3781.4 3825.88 7305.08 740.088 
4452.85 4113.78 4346.82 3943.53 7270.11 6367.58 8869.97 5734.73 999.219 4390.02 
9880.5 9439.8 5271.55 6660.99 993.462 6028.8 5901.54 5005.76 9997.85 2849.62 
3486.7 1524.6 4329 6466.28 3760.09 8513.06 2616.91 7541.49 2338.93 9922 
8281.58 6791.78 4035.75 2628.38 735.284 1305.84 8995.96 9605.25 7040.57 9995.18 
3995.26 6921.05 9434.96 9266.81 3582.03 428.41 5295.59 9483.57 5434.17 5293.43 
2333.17 8920.86 6818.02 6662.17 5387.13 578.099 5175.22 8004.04 8119.59 7514.14 
7926.02 6401.16 4305.9 1961.76 9029.54 5041.18 3267.6 8025.49 4646.42 308.152 
8020.65 8641.68 7229.2 7455.6 7908.47 811.213 7884.01 3204.04 294.762 3318.16 
8497.47 2627.93 2239.01 5315.47 9290.1 7626.14 5893.57 4465.3 5630.16 4013.15 
1979.43 3556.16 414.286 6285.33 5517.92 9443.83 1326.49 8785.52 7469.3 5972.91 
9093.67 5489.94 4614.58 6322.86 2945.52 2523.03 7134.07 829.517 5727.07 7428.83 
4147.68 4224.52 56.7459 6386.69 9539.99 9346.85 4012.81 5433.54 3812.13 9642.96 
9446.68 5791.56 3199.11 9860.97 2076.87 8717.03 9304.78 3403.36 7502.53 6774.06 
9376.27 6596.18 2263.98 3990.83 2919.02 5209.5 6513.86 53.0704 6039.02 2240.91 
7481.9 186.68 6465.43 7538.65 6573.37 6005.4 6885.48 586.155 1438.92 697.595 
229.103 885.587 6489.15 3428.21 746.541 8566.02 2145.22 51.3047 1969.37 9647.75 
6825.37 1345.62 6243.91 9089.35 5336.46 9162.93 4298.83 1850.3 9216 337.83 
4091.21 6697.89 524.51 556.62 4236.52 7097.88 6562.02 1121.98 7684.03 8000.94 
1819.57 7913.13 8886.52 8308.73 1341.33 9633.06 6874.73 3486.55 9684.37 8844.1 
3134.29 6509.72 189.707 9378.2 5599.05 5526.16 8541.11 9897.88 7376.46 7757.1 
235.689 1467.66 4454.97 760.199 2024.28 8691.48 7858.08 8586.3 9813.46 5542.09 
6587.21 1633.02 3455.21 5473.72 9941.74 4796.54 5106.77 6816.46 8283.09 4791.12 
5660.54 1417.36 1300.82 5850.25 795.537 6899.87 1376.4 9336.65 6797.73 8752.86 
7093.73 7033.42 220.504 1548.68 7793.61 2244.78 240.142 5651.67 831.061 53.5848 
1193.75 7418.28 1686.6 4648.95 2891.98 1628.33 9445.49 7998.75 8444.79 7728.56 
2789.85 4105.31 9145.91 4090.67 9955.57 9941.45 990.526 1331.95 9278.08 7788.25 
84.7947 6371.8 4821.65 305.299 7920.47 2615.25 2550.08 8160.62 8266.92 3381.14 
8214.2 9460.67 799.402 9900.8 4109.6 3691.38 1529.11 3555.07 1690.12 9973.9 
1283.61 4479.97 4079.2 429.512 8570.64 4034.75 370.946 9561.17 5366.69 9649.03 
7349.4 5451.49 6020.81 2171.04 5756.79 3941.27 4786.29 8306.87 2101.87 3053.19 
1688 316.05 2513.84 2487.4 216.835 6623.45 6178.78 1745.95 178.503 7868.9 
1719.83 1462.12 2348.85 5799.03 1891.63 919.473 9833.77 2262.57 480.625 5200.45 
1911.59 7830.03 651.924 7932.4 1.05188 6408.71 1873.65 4787.34 4715.57 3975.51 
7840.53 6403.56 4291.56 354.362 8890.96 4508.4 6977.81 5069.73 6254.35 7156.31 
2938.61 7974.17 8618.43 5287.45 3773.18 510.041 6206.93 3606.94 2772.62 6687.55 
8807.39 4684.2 4517.56 9459.32 2616.58 4518.62 5868.01 4490.23 9305.96 583.559 
8465.74 7146.48 6987.12 2757.29 7500.84 5878.06 7265.68 4478.63 947.773 3520.01 
1634.92 3886.38 1494.17 253.336 9173.83 5267.35 763.376 5380.74 8874.29 3535.99 
2068.28 7681.67 8220.19 6585.84 7140.97 836.76 1104.44 3008.96 5326.99 410.382 
3592.52 3792.71 7556.86 579.623 6550 5057.68 6457.69 3815.66 9536.31 7405.46 
7335.67 1171.21 1291.82 8829.84 1424.55 465.638 4097.18 2187.92 5846.38 2971.45 
5723.92 7914.66 653.106 3944.09 4500.48 7794.07 4780.85 5604.93 803.016 107.824 
6015.31 4395.54 3900.53 3572.15 4975.16 450.514 8629.82 1432.83 4266.18 8166.11 
8838.29 1601.83 9337.32 130.093 431.658 761.855 595.73 4528.84 2949.78 6442.11 
7500.29 8673.7 4356.75 8153.4 2617.77 8857.23 5947.45 7398.62 4462.14 6750.47 
7506.45 477.434 1145.99 1406.97 4049.58 6121.14 1857.48 2679.39 7553.97 6123.66 
845.482 6392.24 7725.49 182.79 6522.33 8157.15 944.645 7118.07 2685.97 3894.42 
3560.16 186.24 2568.1 7916.91 8339.64 5185.87 6774.13 4287.07 2584.48 1236.26 
1037.52 90.9125 1713.69 2183.51 1497.88 5763.27 8304.65 3355.36 8442.66 5858.61 
9479.02 9288.14 2250.83 7204.49 9470.93 8773.17 5361.62 415.557 5891.22 8047.59 
4309.98 9451.38 8233.83 6878.08 7368.27 6573.44 2063.94 4142.38 860.497 4648.42 
5378.64 1898.02 4739.33 7092.33 4081.53 6237.21 2855.58 2386.16 9592.57 1298.22 
8244.77 9071.57 586.34 495.581 6276.04 57.252 9268.75 1637.64 472.809 5159.95 
9685.23 4782.79 4611.3 7919.04 1660.86 1979.56 4492.46 3724.8 6121.94 5352.96 
8373.22 1500.56 7250.98 3112.53 8592.88 1332.49 9349.75 1448.45 3718.65 8942.3 
2746.66 1963.4 8013.85 3333 2458.98 4289.87 3390.26 1727.71 5927.52 3863.06 
6887.66 5612.73 8645.85 1498.94 3531.75 306.692 3478.5 8024.21 4031.49 9600.44 
3377.16 2404.69 1100.98 628.117 5517.22 9693.87 1960.61 4866.95 1142.3 5679.25 
3809.23 3888.96 7642.65 1823.06 7221.96 101.614 6112.94 612.201 1829.32 2040.44 
4475.27 8716.98 7653.17 3121.1 215.908 1184.9 3427.79 3694.41 9209.11 7459.28 
3294.83 2586.25 9863.97 4395.82 3214.36 5381.17 4089.67 5174.97 248.098 5231.96 
854.206 4057.33 9120.92 8496.86 5880.39 6342.87 8598.47 1993.31 6955.07 427.78 
4033.74 1430.32 9144.76 1686.89 4551.42 9360.67 2871.79 7979.21 3055.06 2080.88 
5438.48 6349.9 4667.13 5302.43 745.696 7881.49 683.578 4835.36 3056.45 931.676 
67.3102 3910.65 4989 9188.23 2407.49 869.372 5531.08 1005.95 2862.68 2486.14 
1433.73 6896.42 3916.45 578.472 8583.31 8467.87 9939.14 1455.09 6447.07 2994.19 
3535.97 1885.53 9344.08 8203.1 7187.96 89.7617 6084.57 7871.54 4925.13 9141.02 
8803.21 4992.44 3051.65 3792.2 4180.65 5459.15 4661.57 9711.74 6465.1 7524.25 
2197.86 7898.82 4420.65 6114.31 8477.3 3003.95 4582.17 8416.42 4459.03 1029.22 
1410.59 7995 2914.75 754.654 6198.08 102.692 844.416 2282.64 7974.23 5769.54 
1423.64 6777.42 761.96 4475.29 569.602 4942.61 9934.44 5231.17 4654.33 6399.52 
2755.4 6852.19 4298.33 7176.05 2966.48 2775.61 179.98 7548.65 1192.01 4639.01 
8577.87 2602.6 2634 1492.6 3357.25 8832.08 1595.29 4201.67 1114.7 9569.52 
9971.21 2538.34 6346.93 733.151 7013.63 6916.53 5675.76 6948.06 2147.68 330.077 
3347.56 4903.08 7182.26 7645.89 2079.11 148.725 421.476 2259.09 7697.37 1613.49 
6898.11 6275.22 4216.08 9532.1 7767.82 7573.33 8364.17 9363.12 1774.98 9478.87 
8932.62 1746.18 2017.19 5279.53 2479.33 9030.83 2196.05 8155.09 5978.87 4343.73 
8485.17 9326.43 9246.81 5667.41 6972.3 1325.91 5816.14 7393.77 3585 3513.49 
9007.26 483.09 9788.71 3223.32 15.1776 7556.52 796.642 8379.35 6919.62 2571.63 
7858.2 5852.23 4317.8 9875.39 1131.75 6797.13 8906.2 3327.79 4952.2 4885.05 
7671.52 3437.35 4211.46 6918.32 9104.76 1183.74 8244.22 4920.88 8577.51 1829.21 
8434.38 7584.76 2312.3 8223.07 808.063 2327.47 5779.58 1604.7 706.803 2699.19 
4176.33 8565 8551.42 8494.13 8440.38 9683.17 5291.24 7346.56 3010.94 243.428 
2231.59 682.449 3680.78 6443.05 7600.77 2785.52 7626.8 5844.97 7706.41 6204.29 
7674.18 6140.76 3789.03 9986.48 4363.82 4597.09 2313.93 143.382 6201.8 3020.74 
2842.57 378.112 1585.72 1393.97 8872.24 26.0779 1077.11 4163.47 7372.64 4088.06 
4406.9 9604.23 4770.51 8087.68 6047.27 2371.25 873.183 3674.05 8216.23 8579.59 
9878.34 5890.39 4720.34 3667.35 5876.85 9084.16 8264.45 8190.78 9227.54 4466.23 
1211.5 2070.09 4844.34 2797.22 3464.06 3716.57 2823.3 4541.17 7880.04 195.919 
8629.23 2286.92 9800.15 3399.72 374.577 5847.4 5770.97 1247.76 9521.45 3987.18 
9827.35 9399.77 9877.57 4547.67 3067.11 5754.41 3631.81 1331.54 3945.17 2859.33 
5797.77 5156.67 4929.42 642.093 7953.89 8393.48 4358.66 777.175 2934.64 2238.68 
973.094 1563.85 4525.6 773.226 4963.56 4900.18 6620.63 734.516 6147.94 6142.06 
4721.7 5975.27 5541.81 4599.25 522.922 8608.92 353.642 4154.73 9940.46 4298.81 
7014.07 5738.21 9455.49 1943.47 6380.3 7409.36 336.938 738.945 8186.54 3271.57 
2977.63 9159.63 4835.42 7503.23 9932.86 9798.98 2403.39 6553.47 533.481 8551.32 
2695.51 5255.18 4526.58 8237.32 9854.43 5049.5 6846.22 208.058 9204.23 6786.65 
4506.87 6218.28 2524.84 3962.34 8161.75 8905.15 1371.68 8498.69 9644.09 9558.22 
1770.25 2621.7 8717.84 6605.67 124.911 8650.68 6404.63 2528.3 5204.13 6938.11 
1079.6 7899.63 2193.27 5606.18 6136.93 2047.69 655.66 2983.13 2255.75 9859.89 
9769.79 6762.62 6078.15 2294.61 724.94 4239.89 1199.74 2096.62 2738.56 843.817 
1654.83 4508.81 3465.52 372.648 1114.46 3590.43 9023.32 7519.09 6118.73 4227.43 
4457.18 7198.33 2127.05 6650.46 2804.5 8263.98 8698.15 3460.16 1247.1 953.876 
3320.03 1016.87 7716.49 9398.18 3311.48 8441.43 3638.05 4511.22 538.042 6376.61 
5355.04 2192.87 885.405 8820.56 2565.52 1999.86 2410.97 1588.83 9518.95 8529.7 
5816.26 3976.12 5728.01 7943.31 626.561 8532.51 6207.28 9324.71 1992.65 7454.37 
278.566 5312.67 8471.24 7995.06 4710.84 1782.7 6436.48 8348.89 6293.93 6974.52 
4725.49 1648.95 9167.39 5610.89 469.492 1732.89 7610.75 2880.46 3321.72 7129.69 
1410.14 9137.98 1105.79 7138.15 7081.27 1732.35 5670.65 3288.53 1057.04 7663.29 
742.887 1335.61 2975.95 9214.13 9330.67 7686.79 996.815 5767.13 6035.66 7290.74 
2741.64 761.128 8939.69 1909.01 6372.02 9409.19 3641.9 3982.75 2289.63 6963.62 
1112.43 3699.77 6101.58 2218.22 837.909 3182.84 3950.57 6508.55 6471.37 5007.62 
4171.83 7214.25 6343.23 7147.78 6428.37 5673.88 4834.55 7425.18 1441 870.191 
4715.91 4182.63 1631.32 3655.58 6091.64 8003.34 3064.75 9733.54 1986.08 5354.38 
6697.15 3098.5 9054.15 2798.71 5316.72 9892.06 5981.55 9267.3 6400.6 2452.9 
4274.9 572.411 9667.16 618.108 7720.19 6095.51 6291.99 2554.72 3520.67 7732.98 
3424.91 8236.58 1915.6 5056.23 1892.14 8007.24 3059.55 4956.89 7740.76 5045.63 
311.257 4437.89 8144.13 9365.41 7236.61 3460.84 9257.46 3218.14 2728.12 5658.04 
5671.04 7003.01 6230.45 5338.19 7621.12 3950.62 1433.67 3913.09 6505.34 4954.34 
1646.06 9930.25 3190.9 3561.66 4986.47 5083.04 1568.88 8046.02 39.9201 9309.64 
3091.63 351.177 3747.51 1235.74 9716.59 984.103 4696.58 8974.03 4202.24 7424.69 
4632.05 9873.29 4427.69 862.478 5211.46 2048.79 4813.1 6645.13 5961.89 1318.42 
1599.46 7607.95 1248.66 4790.36 1169.59 6235.12 9873.4 2738.46 4281.12 9913.32 
2048.08 7372.75 264.484 5795.6 8608.49 9981.07 6779.7 3305.04 8955.08 981.928 
729.721 3587.11 855.2 5157.41 4449.59 6066.66 7206.21 9262.69 2711.77 3168.08 
581.09 4311.23 776.008 1829.74 9101.59 1945.59 8064.86 8974.97 4684.06 2345.97 
8888.28 6732.14 9718.71 9152.76 2527.72 8327.18 9133.82 9307.42 1632.21 8088.88 
289.333 2361.93 1675.98 1144.53 7519.34 6125.56 7211.19 4725.53 5388.23 9922.96 
7893.61 5969.32 4234.17 8669.62 7799.07 3335.74 615.195 5863.92 2310.7 5299.25 
8209.88 1198.96 2031.38 7928.58 351.705 4559.1 6255.75 9485.52 3866.5 7887.96 
7574.39 4155.84 249.871 9250.36 5300.37 7769.21 5375.91 2511.54 2494.73 764.125 
2434.49 388.32 6733.45 6668.66 9057.94 4532.5 4.37922 9673.13 396.397 2315.08 
4972.37 8606.28 3514.03 7003.74 6534.84 3865.74 1562.83 2790.57 3351.25 5429.33 
678.512 925.617 9585.17 928.383 175.963 4885.52 8697.6 5551.87 7397.06 1192.31 
6316 9831.54 1580.63 3049.43 6500.18 638.547 7581.93 6504.56 311.662 7978.32 
8819.64 5284.03 6584.59 2333.66 2287.76 3119.41 6199.4 3850.58 5909.99 9550.64 
9279.91 6588.5 476.241 8865.06 7516.88 652.203 3750.56 6214.46 6204.08 1147.6 
7406.77 2520.06 979.129 8987.39 5569.48 7479.31 9625.94 3151.39 3983.86 9937.6 
1129.7 2803.48 5221.61 7714.28 5137.14 7509.37 833.681 1336.51 1359.94 6743.67 
887.137 639.829 3332.15 1363.38 9504.89 849.014 2015.58 3255.43 7063.47 8219.66 
4403.03 4470.22 739.695 5382.16 3457.6 6309.18 2861.45 3083.52 9460.57 6845.31 
3021.11 590.25 9648.79 8242.72 8304.54 4785.91 5752.08 9138.22 6122.42 7112.01 
5881.87 7009.56 7751.84 9214.02 8372.94 7256.71 63.0127 388.503 512.125 7126.49 
8608.16 4915.15 1596.69 9347.85 297.297 5054.29 5657.02 3158.75 8137.82 5117.57 
4.04721 1158.91 5707.82 9652.84 9401.64 4012.34 4438.73 5153.7 3150.54 561.139 
2265.7 9032.4 7570.7 17.5209 8246.4 5943.62 7274.23 8309.41 6332.13 7786.36 
5435.88 4940.27 2701.5 7032.58 4288.11 2998.79 2086.86 9945.12 6157.54 224.658 
5062.67 6161.59 1383.57 770.474 5814.41 785.192 4782.81 253.129 5938.89 7933.35 
814.269 8204.59 6965.73 8384.97 8222.11 5212.12 4328.57 5496.32 3521.51 660.684 
3282.67 8957.4 5600.95 5984.16 5989.96 9889.06 8982.95 8076.81 9834.16 5140.48 
8301.47 4896.82 1302.06 9685.04 5667.29 7116.47 470.218 450.086 7369.6 6409.11 
8383.43 8183.87 4613.68 5349.15 6568.82 2835.77 561.245 897.378 8332.1 4082.76 
1558.06 1614.74 3040.14 7159.01 7598.9 9030.1 7048.06 6581.84 7106.89 6882.2 
1722.31 5408.35 1779.01 3024.36 5093.37 7446.3 140.814 5563.59 7896.38 7510.41 
1972.68 6279.8 5694.26 6586.36 1628.93 2263.07 9422.14 2190.17 3160.44 7754.21 
6272.93 4718.5 9368.96 9313.07 1877.5 6967.85 8343.15 8925.56 3549.67 5450.02 
5807.74 5271.98 858.354 7586.75 8296.34 5951.73 5033.03 8437.15 1515.3 2929.4 
5947.55 3487.99 9209.2 1641.79 74.3321 838.108 3904.86 9496.47 3028.28 7065.3 
7250.66 9301.21 1783.79 6619.6 8614.26 3661.29 3587.43 6957.4 2586.83 7137.1 
2407.4 8394.57 2409.06 3265.76 5981.31 705.38 9217.49 1014.32 9142.53 732.769 
3943.72 5090.06 4220.75 3152.9 6731.85 4295.09 3991 636.691 3791.54 7019.29 
7701.99 1042.18 6320.48 9485.78 7661.79 4934.73 3147.05 1249.2 1892.11 5733.88 
8386.3 4299.51 4128.44 795.348 7565.27 109.727 1500.73 6782.74 1124.05 643.242 
7515.51 5067.76 5733.3 1736.24 8220.66 2465.13 6031.33 2211.65 3101.82 9822.87 
9230.93 803.799 865.035 5551.4 289.562 8526.82 486.107 3436.61 9776.03 2378.22 
9170.5 8162.31 6677.73 3298.92 8957.66 4242.98 3408.65 458.373 1025.7 4532.69 
1101.61 8541.21 9600.45 6834.92 277.436 7821.09 9300.05 6308.77 32.7226 2401.86 
6131.62 9263.65 3205.66 6996.65 4815.03 3495.22 5523.46 5301.14 6931.83 5299.47 
7679.35 6102.31 3461.76 4357.07 9401.23 2419.41 8600.05 2809.86 2877.78 9625.75 
7342.55 3979.4 8166.94 6942.99 814.294 8444.37 4764.06 114.327 4753.12 4796.79 
2516.18 884.727 4060.42 5721.84 7881.38 8875.46 9217.06 3404.82 4176.58 6148.88 
8704.29 1855.92 2251.17 2166.04 6212.98 1652.39 4585.45 4813.01 4462.25 7463.23 
4438.74 1804.78 1442.61 2605.66 8747.76 2256.9 1050.02 3511.81 2371.23 5803.14 
8308.6 4887.41 6687.87 2369 609.236 4569.23 1244.44 9826.3 7974.06 5421.02 
5975.16 6678.33 7276.93 8226.33 8844.37 3489.9 9878.72 3429.8 8302.91 4340.94 
893.011 2741.63 6145.72 2335.62 5347.29 4893.47 4592.52 6397.31 8405.28 6963.74 
2200.44 6713.86 1851.14 8888.31 9082.86 2460.37 3457.52 327.279 2286.65 1431.57 
5748.3 8261.81 8109.9 3025.21 6488.12 6954.25 6515.11 6366.82 384.035 4818 
707.748 1277.05 7559.63 6853.47 3612.66 2906.9 1746.92 8205.18 9304.21 152.181 
5168.91 1504.63 6866.04 7020.04 392.917 5948.88 9480.42 3850.44 6276.16 1767.06 
5282.01 2024.43 28.8509 3391.89 5049.65 6516.97 346.123 1564.74 2883.78 730.158 
6382.73 3591.53 2007.2 3942.34 444.979 5619.87 6849.24 2191.9 3825.03 6153.43 
2344.08 8993.94 7658.06 9210.12 6013.96 8050.98 5158.98 5494.37 1901.4 1435.12 
7261.42 7183.41 3459.55 7290.27 575.28 8509.2 3807.23 921.403 73.9136 6691.01 
1651.56 6456.65 282.521 3658.77 398.97 727.499 9278.63 7248.21 2919.4 3103.65 
3401.63 5263.48 2097.56 1059.67 4473.58 8111.53 9110.65 9632.55 3605.88 1012.04 
1067.65 867.287 8195.45 4527.2 8157.56 8770.73 3036.38 1964.78 9692.13 3110.29 
8655.79 1343.67 9566.94 8938.31 5002.44 9965.91 9665.81 4281.05 7214.1 2585.19 
7384.7 615.714 7848.67 9482.26 1675.39 2322.23 7593.78 786.021 1954.76 1199.64 
1798.06 3022.41 2066.93 9993.5 7549.62 224.471 8764.21 585.98 2189.25 8456.33 
3696.27 845.02 9800 3263.2 9783.33 4802.42 3229.09 9449.12 9083.47 443.174 
2034.29 6468.16 1058.89 9882.96 5950.4 2734.27 2205.17 3544.16 3520.29 4159.93 
4743.8 5318.35 7182.35 6810.73 5311.84 4731.95 7035.2 4076.04 5317.93 9224.44 
2532.35 9014.2 69.4473 2332.33 2277.38 9852.78 7134.75 5506.47 9301.88 6218.21 
5949.64 1336.16 2686.34 7008.53 1219.1 8636.75 9742.8 3424.27 2180.89 3263.08 
7584.2 6924.69 8581.43 4766.53 3735.4 3893.25 9498.48 770.577 7969.29 4816.39 
9995.02 501.619 3830.57 64.4521 2833.95 6107.95 9917.23 9968.7 1614.41 9219.09 
6186.89 7564.05 555.228 8873.23 4572.56 1774.33 7509.96 4315.34 5198.59 9690.85 
7578.42 2782.78 6615.52 6159.83 7549.31 350.903 53.0706 7047.77 1121.48 8022.36 
1864.15 1116.48 8523.98 5694.72 1180.94 1357.91 1802.66 1098.15 1326.59 3417.06 
317.221 7513.47 981.094 872.449 6386.69 5553.65 2646.77 3896.63 9869 7845.37 
3587.46 7447.4 628.132 202.968 3607.22 8177.44 553.871 3660.29 5225.2 1675.35 
1682.63 7089.35 2791.83 206.595 2784.05 3972.77 1564.5 4586.71 5070.92 2891.09 
8003.77 5388.14 404.55 8984.87 6260.59 6791.24 4538.5 8907.36 687.853 4407.48 
6752.72 4275.32 1854.87 7380.85 4478.28 5462.09 5558.27 5032.16 9122.38 783.457 
6707.51 804.994 7872.8 9499.34 1011.59 656.838 3472.1 2576.09 5243.55 8543.01 
5467.18 3247.31 3931.14 5871.73 2232.16 191.709 2662.96 6770.66 9099.07 3350.81 
1178.13 5851.77 7626.12 3033 3232.6 2104.39 8495.09 8790.88 7136.55 7617.45 
9574.33 3844.04 8422.44 7447.12 3343.36 9434.03 8103.96 6815.46 2010.11 3347.49 
5358.46 7477.29 6594.8 9289.59 3349.01 8826.95 9481.3 6011.96 5597.6 8580.36 
9362.77 6775.73 4432.11 6988.88 9808.72 7664.72 9093.28 8303.79 6455.58 6229.81 
5921.23 6029.89 73.8264 4343.65 3477 3417.19 3777.66 1580.94 232.628 5787.77 
4928.43 5591.08 3265.04 1523.21 4880.66 6614.05 350.141 4361.94 2626 5947.74 
2942.29 1988.75 2723.45 7374.4 8977.64 2532.16 5039.1 8070.9 835.934 1494.66 
4300.68 6757.16 7524.55 4374.51 1100.79 1001.53 7791.7 4878.45 2582.47 8024.33 
666.204 7510.89 3615.39 3931.25 9034.1 8496.05 545.278 9384.24 2857.98 3171.28 
5331.96 5800.26 5160.03 8055.41 3174.65 4137.65 587.552 8213.74 2208.53 1423.49 
9708.4 6509.21 8180.65 7232.93 883.707 9281.44 8234.46 8675.41 4159.87 816.913 
6699.71 4826.08 8327.81 315.09 8757.32 7361.89 8811.14 9302.6 6746.11 1669.1 
2473.86 2078.06 7469.37 7633.89 133.453 643.997 1771.52 721.005 8857.74 3980.05 
2144.49 8566.13 489.247 325.119 5799.04 1372.95 9606.56 4033.49 48.3418 3766.41 
4850.4 6748.06 8592.49 3178.19 7063.15 7349.79 540.064 5874.27 6652.38 7286.18 
7543.37 9126.23 9364.24 5012.72 6760.1 9497.69 5656.72 8531.63 218.676 4514.44 
2511.66 2363.17 3080.55 3000.91 2688.29 8879.6 4373.86 2294.82 2913.07 4422.2 
6061.23 7763.47 1170.24 4653.71 941.648 8233.39 2003.48 1481.71 4107.64 8655.85 
8767.89 1651 7782.07 8132.11 6663.72 4542.16 7629.78 2320.42 3073.77 7848.46 
6834.87 5585.43 211.605 9915.42 8586.34 2899.89 8795 2960.19 5194.72 1708.05 
7382.39 1255.93 9471.52 8552.63 5909.64 413.155 6786.01 7913.12 1894.87 893.633 
6568.96 662.739 2544.63 4351.01 8794.85 9208.35 8893.17 6424.61 1528.76 1966.92 
4273.05 8363.63 7552.35 4484.65 8279.03 6138.68 7384.54 7074.01 9098.87 2579.24 
8782.07 6481.24 3835.17 8253.57 5033.86 9744.81 8666.73 1819.85 7657.91 561.578 
2713.48 4226.85 1224.32 5258.11 8577.86 19.1457 4466.45 7471.01 6443.75 5995.21 
