500 10
4303.64 3680.51 2518.32 875.284 2441.23 800.449 7840.28 8894.1 9326.29 3039.64 
7403.29 1683.24 5626.44 1449.06 5119.38 4701.61 4198.57 9154.8 3295.73 6029.13 
8501.99 7232.42 2438.68 412.582 4751.88 1518.3 7837.36 8606.36 7056.92 5364.4 
1838.88 1360.55 9044.9 4357.2 2235.83 1486.11 5157.65 76.0963 380.198 4483.92 
3115.73 7783.49 6167.17 8742.18 9232.55 1286.53 3443.77 3431.11 441.314 6739.5 
9460.23 8943.3 3971.9 1898.89 9355.88 8723.79 3417.2 7193.22 7330.13 474.1 
2557.6 9169.01 1834.65 1602.49 3526.19 4070.48 3088.6 8683.84 4146.58 3468.8 
3167.74 7262.31 1252.27 9334.91 6004.48 484.809 621.42 9448.25 3915.92 1062.73 
6187.73 3376.13 6.01826 159.613 5275.02 9361.9 8883.4 8692.22 6555.11 6213.51 
9166.32 9112.71 5382.51 1000.95 715.176 8908.7 5071.44 3803.78 7592.52 9218.01 
7272.57 760.241 6480.31 8524.85 95.1344 2484.77 9009.66 716.555 1933 2925.56 
1779.29 8120.72 6301.69 1785.31 8280.34 1576.69 1147.19 7163.72 268.897 7702.3 
3377.22 9435.22 6814.99 8759.72 436.152 7530.16 7668.41 5507.59 1333.92 5260.9 
4725.58 8606.5 6021.15 1205.88 7131.33 6116.28 3690.65 6140.97 6832.83 5623.65 
9066.52 8612.12 3744.36 5368.19 397.415 2024.68 6944.89 1544.61 9188.4 7213.78 
9246.9 2565.6 6648.99 6061.88 1325.3 7085.14 3592.02 8993.71 2592.71 4925.94 
4254.6 7318.29 3532.42 275.725 8524.17 663.732 6392.01 2214.8 6804.7 3224.82 
7838.45 5871.21 1836.93 1582.79 1239.38 2234.34 3607.47 8184.27 3778.95 2795.85 
5398.04 3025.84 5361.45 2047.01 9087.71 6686.75 9132.15 2679.72 5680.44 1724.84 
7605.66 9935.04 9043.13 1138.07 210.748 7567.28 1801.8 6602.75 9782.09 8606.5 
9827.58 7620.52 4477.69 1664.49 9203.31 5717.07 3898.83 2810.76 3901.33 7677.78 
5606.61 9299.37 703.606 968.039 1346.36 9791.32 7654.79 478.49 2471.02 3335.21 
2203.33 76.6625 3270.24 1246.44 1214.73 3480.98 8813.72 3016.52 83.7203 8595.79 
1623 9911.3 6216.3 6100.69 1575.77 5419.59 1817.75 5474.6 8230.35 5719.08 
3152.37 3836.95 5018.43 3855.97 4804.99 6364.79 3647.28 2459.76 6843.28 6118.29 
5794.97 9046.61 6194.96 9065.21 293.029 7409.68 2546.18 9106.75 426.192 2629.9 
7702.53 2049.2 2541.18 3918.81 8149.89 4116.95 9338.4 9967.64 9591.55 7568.74 
5686.7 2743.9 1405.67 705.107 6599.87 6210.65 7069.9 247.13 8670.41 3913.16 
6365.42 4465.37 2959.75 2560.36 3530.56 3252.78 9970.05 6076.74 2359.51 396.225 
8706.64 62.0214 2445.42 1247.8 3980.83 595.295 5364.75 3319.21 562.915 4956.28 
887.927 6249.61 7700.17 2293.59 6954.72 4300.03 8504.25 4024.6 4547.16 7174.64 
7937.76 912.565 1639.99 897.488 3472.93 5170.56 4150.26 3442.96 1247.28 6509.78 
3839.19 9953.92 6571.8 6284.61 1201.71 552.608 6879.9 6566.45 3871.82 7442.82 
1522.71 4759.74 3692.41 9222.89 7053.34 647.115 3522.9 5557.57 4671.71 8070.05 
2732.19 2609.45 8982.62 4372.18 3506.94 2455.53 9542.74 7657.2 5898.49 790.004 
4166.96 9737.68 743.909 738.744 6022.27 1945.61 1291.35 2902.16 8512.07 5163.17 
344.963 34.7622 9922.91 4037.38 9257.65 6976.23 4684.49 2780.53 2533.78 9356.2 
850.565 5265.97 1965.64 9833.18 9638.16 5472.58 2288.7 9180.88 3129.77 8187.19 
9970.88 7296.73 7924.86 714.772 8035.48 3947.12 2660.39 9326.83 6849.28 1172.44 
4489.98 7194.24 1207.2 4412.88 1231.6 464.83 1389.09 5916.09 3245.36 3922.88 
5272.28 4095.92 9188.85 7237.92 3929.09 8826.99 2710.48 6217.79 8007.85 5840.25 
4404.97 7978.71 3136.96 2329.81 8693.48 1172.42 6276.93 1353.85 499.23 3126.19 
2526.29 4989.21 320.41 3733.49 9402.09 1552.01 4198.32 791.167 7468.1 7443.68 
4714.04 2740.36 1539.58 3902.88 9978.28 5468.67 2729.85 2688.74 1686.44 737.675 
8528.99 6091.41 8716.38 1665.93 8421.22 7409.85 2838.35 4698.13 8763.7 3337.58 
7824.32 1289.97 8326.79 8144.73 5023.46 7728.86 9696.74 9221.78 8520.03 7164.82 
6665.44 3234.06 9905.18 8205.02 7136.93 9883.44 3673.68 9866.78 2572.16 5360.12 
604.438 1101.13 1451.51 9320.82 2767.06 9872.73 6730.66 5605.4 4570.85 5494.34 
8942.98 2395.15 6784.32 7269.76 539.859 1807.76 4998.6 236.578 1029.53 3518.62 
7401.4 7694.97 6752.68 7306.56 5899.97 3889.6 7189.97 9573.65 3756.36 9762.13 
4933.75 4360.8 863.242 6385.26 3681.6 3630.3 6257.98 412.242 9235.7 828.808 
5906.58 8178.67 3223.96 2690.88 5448.41 3763.82 4498.65 447 4000.39 5528.17 
3965.62 1401.77 3223.12 718.28 8708.33 9123.1 4607.88 5898.28 8696.73 8364.23 
5660.4 3630.46 2725.01 6523.64 15.7037 6406.62 153.921 6273.68 6818.86 9389.62 
7102.49 2725.42 7568.28 326.43 5416.31 3016.67 4090.24 9914.95 3463.67 8090.64 
5443.11 7429.29 9492.41 8666.23 8147.57 8200.72 7789.31 2755.43 4098.98 6486.02 
1119.64 9759.38 116.466 3844.66 6283.01 132.169 251.256 6436.93 6405.85 7070.11 
5826.53 3508.32 9795.54 3394.79 3834.75 5211.83 6411.47 7925 5126.76 9875.14 
6015.62 569.853 7304.41 5508.01 9236.09 5451.96 3708.71 7025.38 8207.39 7807.7 
3511.39 9327.04 7567.06 3627.85 3171.68 3850.05 3760.02 3422.93 286.965 165.857 
493.03 6113.5 3674.18 288.549 9508.29 7508.93 5500.38 5919.74 5433.92 627.119 
5794.86 1449.52 1196.97 3099.25 6957.53 433.04 8551.22 666.227 7458.42 6758.59 
8473.92 969.792 6085.61 6040.97 4597.65 9257.29 9891.03 8357.67 2680.21 177.975 
8523.52 3173.24 6291.47 2197.69 3461.78 5799.75 9706.62 8962.16 1719.47 5140.52 
9589.28 7514.34 6590.04 786.233 613.574 3547.55 1219.27 9164.79 4213.78 8677.69 
5923.37 2687.69 9647.49 2008.96 8728.66 4245.11 1266.23 8619.67 2602.76 3946.44 
8797.65 1126.27 7119.68 5089.1 3323.96 581.444 888.837 3030.57 9543.6 2608.31 
8171.09 9132.87 122.632 4761.11 9919.1 736.206 8308.67 1138.35 9901 2522.43 
9816.05 5824.35 5210.12 9463.52 7833.31 3938.76 3708.61 9099.55 2558.42 6311.38 
3045.97 1356.05 7437.65 165.63 6445.15 761.594 747.074 7333.99 3792.16 290.661 
9942.3 1963.23 9423.53 64.9146 6724.35 9342.61 801.121 5033 480.944 702.102 
7555.43 296.974 6526.45 2765.53 9760.49 4359.74 6704.29 3469.09 3459.27 9262.71 
9780.46 6505.24 618.739 7218.1 6670.87 7063.89 7979.69 7417.95 4397.86 1771.84 
7708.61 4340.14 3735.07 7132.12 4405.06 459.398 6474.71 5206.18 5492.39 6955.66 
5908.28 3047.8 7252.63 2434.71 5813.33 7013.1 6794.46 2517.61 482.171 253.714 
1780.3 262.618 6758.96 2399.04 7480.71 3429.82 9462.93 5460.39 847.747 3860.77 
7232.22 8556.36 8200.91 967.276 5688.46 2605.95 1426.67 2163.15 7812.13 6919.07 
9118.81 3720.39 9966.87 6371.42 6155.1 5780.18 3384.51 2949.54 8297.79 3866.68 
3203.25 78.0724 4129.3 9962.21 2477.11 1609.99 3392.01 1940.02 7070.38 4239.76 
5800.79 4302.59 2796.1 4001.68 5269.86 8484.56 6607.63 6696.54 647.693 4419.74 
3615.59 9766.5 8140.13 3582.44 6137.9 4295.21 9362.62 9522.41 7244.75 7660.4 
3389.07 447.989 7738.47 7518.37 410.185 215.564 9128.36 3802.2 2155.58 6198.73 
8041.95 7956.37 501.299 838.033 1958.03 5771.16 9322.59 8565.66 2467.68 9970.28 
2985.38 6083.27 9736.77 1125.49 9665.71 5874.65 5420.7 9028.32 5397.05 2665.44 
6688.7 8786.12 3113.43 4427.16 6304.47 3523.61 4642.72 5432.82 7325.81 6798.3 
1631.53 5367.74 4754.65 2132.83 6205.78 6712.68 7903.99 5528.35 5278.33 371.659 
5498.61 8263.71 6454.93 5235.36 9389.2 6120.63 1110 4809.88 5148.93 6507.05 
7475.32 1837.62 5293.15 588.732 6264.77 1597.61 4112.34 907.476 7030.43 1438.13 
7705.78 8661.96 6805.88 2460.41 794.768 3011.64 9173.1 8698.76 8539.99 4451.41 
9070.42 4038.58 2715.1 5525.33 9273.95 2104.28 1645.94 383.929 6914.17 6794.87 
6890.98 4389.47 8632.49 2184.12 4978.2 4897.25 3781.73 9090.55 5804.72 812.139 
528.662 3510.48 9474.1 7334.54 5970.9 268.848 346.159 5143.98 8967.61 8886.14 
9595.39 8038.01 2924.71 2310.47 3563.32 2198.64 4414.75 5209.27 2582.57 1328.89 
2004.12 9473.54 5718.36 636.599 1657.64 696.549 5533.85 5439.37 9787.09 1338.55 
6251.51 315.74 4849.04 5725.59 7650.28 819.919 5994.44 7996.44 5963.9 4962.03 
6882.57 5559.27 3000.02 9807.27 7869.73 6563.35 2005.9 2284.46 1772.6 4588.46 
3613.36 3776.72 4061.99 9331.72 4413.32 5719.63 28.2518 9947.17 1158.99 9815.35 
1285.7 7410.5 131.07 6134.74 3136.07 7781.35 6954.66 9130.51 5777.77 2918.54 
4092.52 2660.32 8477.81 7092.54 2467.58 6347.52 3655.87 4473.47 8631.98 5428.47 
9061.93 2245.32 9205.19 3123.91 1577.03 3618.49 8843.54 1605.28 3565.64 2.51169 
1420.61 4851.34 7413.01 1551.68 986.064 549.064 9333.03 7940.72 9679.57 5110.78 
859.245 3772.08 7771.1 9337.05 864.604 238.658 5684.56 4520.48 4712.13 4316.52 
9948.94 3774.04 6561.85 9154.11 6897.95 8138.87 2772.59 5741.48 9744.15 6338.23 
5743.99 1164.74 1189.55 3156.98 2716.42 2175.61 3706.04 2049.43 116.32 3385.6 
7160.21 975.565 7157.68 4931.29 312.598 8022.28 5169.95 5997.15 2542.74 9882.08 
313.66 2491.67 3656.1 6875.51 1645.76 554.038 5014.36 4418.35 6295.51 4758.49 
756.56 2039.48 5923.24 1946.11 5196.46 8639.65 4121.73 8902.51 689.064 4238.05 
2288.09 7849.27 5213.61 9445.77 2780.54 5526.21 7468.03 7950.49 1523.34 10.76 
7832.55 1837 2502.43 1488.64 8712.51 4148.19 2042.67 3726.86 8566.54 8338.19 
8485.35 9323.1 377.654 4408.57 1269.2 5574.12 3048.21 5390.92 4476.61 3737.27 
9628.97 6764.7 1586.52 4842.56 6210.45 4367.07 368.751 3678.47 2317.54 1892.1 
3689.23 150.072 3729.1 6191.65 1638.71 2441.59 339.829 3681.38 6168.45 8906.37 
2019.55 4653.78 8229.46 2397.2 9062.35 9498.65 7971.32 2110.54 4889.56 2447.91 
5847.81 4518.51 9212.61 7434.33 9361.07 5423.04 1801.38 9729.82 9101.5 4118.92 
1621.9 2790.71 4268.99 5351 8982.37 5907.7 7792.6 9322.19 9589.08 3961.03 
8228.55 1608.61 8614.81 6457.99 4005.82 7677.15 5956.63 1977.12 9787.69 846.167 
4425.03 5635.48 5364.68 3637.62 3069.79 4725.73 9060.66 4871.18 4455.53 8162.15 
8990.1 6077.43 952.843 3259.08 1428.42 9935.21 9166.78 9221.01 9257.39 8755.84 
3182.02 7485.92 364.438 1796.82 3943.89 4370.26 9473.97 9900.52 6347.38 9261.64 
746.667 772.396 4897.1 6111.34 4410.02 7966.89 837.055 3470.66 2838.05 5292.59 
1632.79 1828.14 1370 2585.63 5087.21 2798.42 2520.83 4253.97 2019.41 1778.2 
3009.79 5201.44 9264.12 3374.23 6998.25 3207.99 7744.49 6472.2 3108.49 4091.85 
5733.82 3855.16 4864.25 630.904 9966.5 9274.27 8597.8 803.538 2744.91 1435.83 
6096.12 4377.71 3263.97 7466.13 6963.34 8351.18 264.527 9484.17 2605.14 2283.94 
1262.35 5614.93 7485.38 526.447 8989.17 4483.61 3734.44 6733.64 955.798 6842.93 
825.476 6689.62 698.066 5689.73 7320.52 664.549 4963.98 5918.3 1468.09 7708.89 
7354.14 7564.21 2086.58 618.09 5030.32 9049.92 8969.27 5294.85 8534.08 1574.39 
7578.79 9796.42 7189.32 5064.14 322.853 6178.47 9547.75 4057.29 2912.09 503.536 
900.198 3737.57 7193.16 1598.26 9427.29 4513.66 2262.81 4391.26 431.948 3730.9 
2100.13 7786.08 1295.09 4186.71 8404.17 6325.41 3236.62 7373.43 1620.24 1770.68 
8947.82 9199.03 1567.08 6137.13 4263.15 1889.94 2315.58 3810.89 5947.23 5227.68 
4314.43 6847.42 8965.24 1507.57 8445.69 8392.52 6021.23 708.485 2783.76 6453.18 
4439.38 4883.89 4239.24 5734.48 9070.6 2643.4 2059.87 2307.21 16.8154 3680.11 
4077.89 8964.64 2879.12 5644.97 5101.75 7142.28 7534.91 7417.33 953.154 3482.12 
2644.99 5267.58 329.527 1610.22 6775.15 8775.22 2.72249 2796.36 9483.7 2786.48 
9249.54 3923.07 7670.37 3488.76 9657.54 6740.96 6132.17 1717.4 9048.17 6148.98 
5397.51 3126.04 5113.6 8276.64 8771.01 215.335 5418.9 6305.9 7632.67 6372.05 
9788.02 277.642 1639.62 117.529 1887.86 8414.77 8892.75 1890.58 1211.11 8376.43 
4677.06 460.63 2299.48 2347.42 3949.39 1957.01 9088.38 81.5441 3674.4 8136.53 
6230.53 9071.92 1262.55 1344.11 7348.53 33.5416 1559.45 2767.41 6339.44 9192.11 
9139.46 6127.44 9469.75 779.064 6244.97 1357.6 9193.83 5137.7 3248.18 404.922 
3514.11 7925.25 865.552 5813.59 272.648 4814.95 7770.6 9361.03 4896.49 1444.99 
7497.54 1127 516.885 8760.09 2471.11 7865.42 8793.63 4030.56 632.816 5133.06 
3222.65 9772.28 1260.49 2692.39 551.327 7505.46 4049.99 9745.16 2643.14 7298.17 
150.062 6157.26 5223.4 1015.61 1970.83 5496.05 5830.56 9741.43 4857.06 727.035 
1186.4 2354.58 1854.04 1703.29 1114.66 4325.15 9568.7 9908.29 8355.71 201.504 
5041.33 1578.34 9973.78 6301.81 4270.74 525.095 3807.26 8320.73 270.234 6450.4 
5618.88 420.296 2607.64 842.264 1435.91 4578.48 6338.31 7266.47 4319.89 1195.35 
7993.51 5506.29 3549.93 9847.54 7209.58 4664.59 4172.67 6778.27 4572.86 2528.36 
6979.77 9614.19 4106.7 6953.54 5915.99 8377.44 7478.63 9723.25 6698.15 7748.87 
6173.63 2317.01 8169.16 8781.27 3159.28 9605.07 3359.73 9497.59 6871.53 7679.62 
692.924 4865.02 3185.9 4242.86 4712.54 395.458 8907.45 8885.21 7173.72 3480.29 
1413.56 4153.48 3094.47 5520.26 1107 9010.45 3897.68 8585.63 8733.68 595.813 
6334.48 4907.3 2912.83 4503.62 3688.55 6072.11 4108.68 7048.28 5569.68 980.187 
4727.89 6262.6 5845.2 7913.78 505.443 557.727 8309.24 9412.89 9442.94 5482.95 
2893.16 856.479 9636.42 5987.63 6376.74 743.401 4998.07 274.402 9329.03 3731.73 
870.216 5663.49 8639.03 3783.04 167.092 2327.56 9855.15 4275.77 9375.84 5424.81 
5255.96 4103.71 1687.39 1101.14 2017.48 2192.84 1658.87 326.703 1605.71 1101.79 
5809.65 4498.87 1958.27 5446.06 486.486 8335.01 6189.46 5484.55 8609.41 5518.47 
9216.28 9479.63 1181.94 7855.29 3262.65 1349.03 182.838 3117.78 5624.8 9558.68 
8542.59 880.739 3662.38 229.97 1981.88 5679.85 2422.81 3640.75 6006.56 4028.51 
4742.54 1816.19 8527.39 6700.81 7262.25 9013.87 5035.8 3451.69 4498.41 3645.2 
8970.15 3714.68 3124.81 152.074 1569.95 6387.46 1501.1 1752.79 9505.24 7125.9 
1311.45 8047.82 8006.64 4973.83 8277.79 9988.52 653.668 700.578 3629.26 6660.23 
4729.09 8371.8 8476.42 3256.46 5072.59 5738.65 2270.32 108.377 9190.33 6768.73 
3753.57 8160.47 483.39 6878.38 8312.54 2053.34 3265.82 9813.65 3806.13 2771.05 
6939.53 5117.59 818.851 4946.16 91.4023 9096.64 4934.67 745.071 9797.22 8563.92 
7405.3 4526.29 6935.71 5881.7 7782.76 2008.28 1620.32 53.0632 2116.66 810.639 
6821.79 5870.23 8971.11 7305.18 2748.59 7283.63 9358.53 6014.42 7097.26 3164.64 
8785.46 4036.78 8282.23 9604.32 8982.94 8373.63 8700.94 3917.59 9118.71 8498.14 
2481.5 6523.98 3024.42 9417.21 2405.66 807.159 1425.47 4025.99 860.222 3542.13 
4836.63 7682.02 9412.36 3807.72 4987.18 2160.94 1091.33 4345.69 8175.35 8188.6 
7510.33 6960.8 2225.36 5792.55 6565.1 1208.29 4166.17 5266.02 5125.88 3284.85 
3764.15 7607.38 9808.84 6788.56 7024.57 2214.48 7595.72 8450.04 6240.47 8455.94 
1992.16 1077.08 6137.94 1404.5 4884.8 1125.11 3565.44 5976.13 5470.8 1740.77 
4164.71 2981.12 8701.58 6390.07 8773.67 5266.66 7598.35 2939.81 532.665 2724.22 
6224.67 4296.81 331.58 6033.49 1085.35 7356.15 8247.97 8681.08 5806.18 4488.43 
7137 7798.33 5565.51 3274.93 9202.83 450.285 4400.03 2768.25 6426.41 9870.83 
4509.03 591.105 2851.93 3210.58 6981.17 1625.58 8477.24 4579.51 4565.39 9009.91 
7303.73 790.045 3306.7 7635.31 6823.53 4392.06 4991.44 5071.49 3073.11 797.602 
9559.92 210.097 8595.94 5125.4 3485.02 7798.75 5575.69 7885.05 566.985 2002.09 
7755.87 5076.01 2593.19 607.78 8286.59 9574.36 2233.36 6763.82 4153.86 6798.75 
5773.71 1457.57 7588.8 9080.41 9092.87 4412.31 3472.45 4084.3 9483.8 6545.57 
4881.9 9043.7 6755.66 3477.82 4169.09 240.669 1276.55 9744.78 8125.72 1843.54 
1746.85 5881.57 6919.55 4340.04 6489.35 5206.12 3914.38 8722.71 1969.93 8068.24 
5521.45 7743.64 9525.81 3110.23 6824.04 8618.66 7522.54 296.472 2702.94 7006.32 
6842.04 7584.84 6050.01 3597.68 1062.64 219.08 3838.35 2339.2 9963.86 1964.06 
4182.73 1710.68 7845.63 1102.26 6050.72 4334.97 6308.39 9965.1 3057.67 8278.31 
8033.32 8579.11 6021.94 7559.11 1689.32 2845.96 6177.76 9211.86 3142.43 8880.7 
6218.17 9984.47 6465.52 2268.16 3582.14 7528.17 2487.24 7420.49 9867.36 2451.08 
9384.55 4050.08 4161.77 7230.16 5152.34 212.469 1565.12 1460.71 177.554 4622.78 
9739.02 8210.88 3201.88 5760.94 5769.97 4891.2 8606.9 1947.71 4103.05 1749.31 
828.391 321.2 1733.76 7293.91 2589.36 5315.9 4822.06 5076.6 2736.37 4689.41 
7527.68 2120.9 8739.49 1689.43 9351.06 3891.81 1901.9 916.158 5352.52 2079.46 
5538.94 5091.52 290.316 8740.82 852.443 6060.29 3632 9459.34 8008 7735.05 
1208.64 8836.39 8056.25 2942.4 6130.28 645.596 8258.3 952.331 5722.2 994.648 
5641.74 3249.87 3115.55 4381.21 4939.3 2466.59 8273.02 6841.2 3382.75 3625.52 
8920.66 8921.69 8717.04 9210.97 7662.49 9569.48 5271.24 1294.48 9028.8 3279.22 
9029.53 237.422 2115.59 7085.76 3179.82 8245.88 7731.36 1438.1 9198.21 3453.54 
2432.75 4839.93 6703.41 5548.3 9221.14 1642.69 8014.88 7494.14 8483.89 1397.61 
1119.64 7404.53 319.284 9836.67 6615.49 7981.77 9406.14 1886.71 9276.25 8434.92 
5165.94 8305.76 8672.34 7281.53 5391.51 1852.15 5527.4 3122.85 3290.25 4725.59 
6576.39 5723 9565.52 3279.78 1271.28 8786.64 4922.47 9286.17 6280.77 3406.35 
683.764 7400.41 810.861 1003.05 7237.07 7426.35 8984.82 6643.19 9313.06 8261.05 
5078.09 4478.98 6566.8 3750.42 1760.5 1958.29 5602.57 7287.89 5081.14 8892.82 
2013.46 1657.52 4615.8 1578.97 4937.3 5887.09 365.595 9859.78 5173.24 6646.36 
3266.11 5857 4046.76 4076.97 6860.05 1283.81 1503.3 5844.85 7926.99 816.345 
4105.89 3005.07 5295.33 672.67 6755.48 7055.83 2630.96 2358.03 4343.71 7712.1 
1250.84 6357.17 9369.62 5866.64 7936.14 4306.91 1753.71 8301.73 4166.67 6926.95 
4948.08 7432.77 2783.93 8994.83 1509.72 9643.98 278.623 3013.02 5488.81 8205.62 
3829.37 9594.7 1210.66 9124.7 267.354 7966.15 6180.51 2898.31 324.166 524.195 
610.401 1575 6881.36 9980.02 7441.64 4817.49 4286.91 9195.35 3119.2 8453.58 
6122.28 8067.28 5886.33 8906.21 7062.1 7396.06 8550.17 7340.72 409.062 4038.97 
5546.32 4238.43 3633.65 6756.98 3363.11 3901.01 4723.11 9543.62 6799.32 5047.28 
67.7943 7409.72 6622.28 6949.16 7389.73 4063.91 1766.63 1676.62 3259.25 4885.83 
130.181 9381.53 2953.09 6016.51 8287.73 15.1698 3412.55 6837.88 7355.89 3821.61 
876.835 2902.19 8060.04 4510.49 9659.17 1423.14 8411.49 4382.27 966.734 5210.8 
9429.54 1034.53 2620.5 6051.81 7983.69 10.212 115.7 9750.32 1686.83 3374.95 
4636.13 1817.01 2756.46 7589.22 7833.53 1044.17 7604.39 1246.06 7882.05 4960.26 
5067.68 8758.88 7862.45 3127.7 3269.35 7521.6 4550.84 1680.83 1903.85 5517.57 
6891.63 1333.38 6552.1 9512.13 7385.19 4535.77 9522.34 7500.89 4286.07 1209.16 
875.815 8922.2 3026.17 3632.27 6511.4 859.683 4676.44 4115.77 2105.74 2558.47 
9076.03 7173.42 1317.34 6938.46 301.105 4586.69 4460.04 4851.94 6267.52 6363.89 
369.496 3159.14 7697.27 6921.6 2671.25 5082.44 1457.35 2193.58 2583.31 5743.42 
3402.74 3459.13 4665.59 6428.91 7091.4 1176.97 7288.59 1767.82 5292.74 9394.34 
4326.29 4368.75 6567.74 5643.63 1307.19 6868.85 230.304 5767.23 1720.77 6497.83 
2131.1 2090.27 9656.96 9828.37 9011.86 2328.2 4910.79 469.195 4521.78 7494.1 
6212.61 7924.52 953.214 878.188 4353.41 8044.61 2055.16 1641.99 9812.43 7347.9 
1036.31 4138.71 1716.63 7604.05 9782.34 3023.81 4472.88 12.6224 8791.04 6193.66 
6510.45 922.126 8283.93 6167.4 750.481 7295.78 8495.59 5661.28 7764.97 3017.35 
3155.36 3977.57 941.853 4108.58 4855.75 5295.26 2153.17 6910.91 6937.25 1965.59 
4258.8 7973.56 6104.29 5975.42 5577.6 5886.61 8999.24 50.4646 5899.24 7790.26 
6244.12 2409.67 8712.39 4528.03 8577.07 9462.87 1823.79 7072.64 5124.13 9588.76 
89.9819 8279.49 3566.31 1031.83 2388.05 8422.06 6327.1 4541.23 5332.96 3264.33 
6506.81 9591.76 1237.87 2611.09 5567.16 6815.47 8497.71 4566.39 6865.94 4396.92 
2356.63 3110.04 6806.59 1069 7638.08 5383.64 531.858 9461.87 2456.27 5655.99 
9050.62 2546.25 3935.46 2616.91 3578.09 6323.52 1038.96 9905.18 864.724 6371.92 
3169.5 7371.54 5963.66 4407.37 9982.63 1530.81 1222.83 8480.32 6097.19 8088.76 
2877.23 8453.82 1198.79 9683.82 9522.83 8836.86 5067.44 54.67 8298.71 7523.71 
5710.66 7349.31 69.9473 9646.12 9966.23 3648.03 5969.62 1005.17 3553.2 6834.34 
7377.09 6722.7 4205.86 3340.73 1130.05 4188.48 4871.54 2352.88 2668.78 968.712 
441.624 5546 9422.54 1640.41 5229.8 8945.35 477.257 297.23 9000.02 8775.97 
7820.94 4710.66 6125.27 7890.89 4356.76 6091.48 1538.91 326.363 7096.64 5092.11 
7160.71 4473.71 1814.79 1366.55 7814.44 2944.84 5555.03 2685.96 5297.72 8223.8 
3654.68 5739.34 3769.79 3077.2 7379.75 8999.59 2022.53 7857.01 9296.82 1022.53 
6632.96 7117.75 5733.19 2758.22 5008.62 89.9299 8849.69 6547.53 416.293 5946.32 
1639.62 7577 420.015 3454.4 8943.55 8234.46 6399.24 4498.56 920.406 1696.94 
2722.35 4575.08 7436.29 6492.14 7652.28 4816.02 5491.71 9674.8 2673.01 4788.51 
697.314 9305.98 1906.24 6430.5 2064.18 6914.86 6520.43 913.85 3462.37 6936.72 
6860.17 5101.99 4513.7 7280.18 8556.39 3457.24 5514.62 4955.61 7955.8 6435.03 
6652.56 678.13 1010.1 4088.83 7170.27 8662.37 8904.85 2661.96 8337.16 1577.84 
7450.47 9034.48 883.803 9356.72 5464.96 2947.98 6271.56 1985.37 3861.83 9733.93 
8922.09 721.979 4835.9 3435.78 8002.16 3392.27 6893.02 3516.77 8347.89 4848.8 
9951.8 5000.43 5526.93 961.883 9089.25 2697.18 9624.26 7994.08 5359.14 7961.4 
9571.93 2809.6 6995.86 455.712 2166.3 2460.8 3403.69 8437.86 4446.17 7265.52 
8171.78 3368.25 7987.5 3007.66 6804.03 5989.64 6399.94 3697.03 9506.42 4747.81 
8545.83 9458.2 9748.23 4072.74 420.067 8837.47 6769.93 44.3071 6831.54 2129.05 
8005.71 6403.45 4938.65 5001.55 6859.16 7104.94 7462.35 262.831 5542.79 1908.51 
7528.35 3714.54 5276.75 5515.83 6722.21 2080.77 1505.46 3122.12 5777.79 1011.86 
7869.93 4323.61 470.041 7618.15 8396.35 890.108 6455.6 5166.26 934.415 3287.12 
7295.31 8940.12 9690.56 2233.94 3941.66 6549.7 9338.88 1403.99 6812.54 4881.65 
3312.5 4340.87 8596.2 8589.26 9856.7 5318.38 670.004 1362.14 8440.51 6447.8 
2374 6310.42 771.39 2844.04 3928.55 9167.74 3734.15 384.13 4333.99 4668.56 
3671.25 1629.28 3608.67 3361.79 3863.22 7550.33 9911.5 3202.09 8954.32 6724.02 
8083.74 2266.81 1064.87 6679.92 856.045 921.549 1998.29 1526.05 2283.69 438.777 
7973.85 4657.69 6749.2 8745.24 7501.73 677.729 7912.96 1235.86 1061.86 2246.93 
5904.42 4733.1 3876.21 9513.09 8094.9 7739.43 7063.4 8006.38 941.499 6017.71 
4730.38 9025.24 8284.52 5795.24 5705.14 9140.56 6716.79 7703.42 666.595 9000.48 
8142.2 8640.44 3658.15 4891.38 7385.66 1159.87 5569.11 5298.61 2395.73 6630.97 
7545.54 8300.15 1364.05 1421.74 7813.22 9458.95 9161.17 4876.61 7465.31 102.65 
894.304 2195.67 9127.89 9178.82 7990.91 4833 8319.37 4707.69 2536.41 8985.96 
3708.15 678.591 7626.39 7366.3 5569.97 5012.04 8526.17 1139.06 310.629 921.878 
7770.03 7856.17 9222.03 9134.08 9277.91 7035.23 8593.01 8439.06 1911.83 6058.31 
8541.71 2806.13 8253.98 7669.58 1984.94 6244.88 2502.57 304.285 952.544 5038.98 
9290.25 4660.69 5717.57 6916.62 2026.98 1287.52 1928.64 553.136 2426.58 2239.26 
1475.01 196.589 95.4188 697.023 9330.67 9373.33 7732.26 7923.67 7812.37 9644.08 
3981.96 6354.06 2450.2 2235.92 4023.62 4435.13 8480.79 6526.19 4739.42 9433.34 
1565.15 4029.65 4094.02 7282.72 946.25 6121 8570.24 2874.89 6674.14 996.801 
5114.15 8149.15 1193.39 5209.57 8846.17 524.042 4582.88 6578.41 8447.71 2395.23 
6222.48 2429.65 8749.3 8672.68 4665.57 2772.9 3107.79 3146.35 9299.1 7847.21 
2579.67 864.229 1876.84 6673.69 8146.95 2823.09 2794.67 6717.17 5697.98 9468.81 
7713.97 812.109 7617.94 8907.36 6021.68 6464.1 9431.4 604.539 3042.49 7879.09 
2999.77 9264.97 308.724 1749.05 7937.63 4974.29 4521.96 1045.4 8120.64 3821.04 
8892.61 700.294 4685.26 769.439 7373.98 2832.19 3592.53 168.637 9549.36 9290.51 
9637.44 7263.31 102.6 7255.37 6170.65 6124.28 3719.45 5602.04 6728.82 6761.94 
3481.11 9728.59 6026.89 3789.84 1477.62 3964.51 8764.13 5999.58 5009.91 6884.75 
9820.62 3902.51 7585.05 4505.86 4671.94 4959.01 7338.06 8264.48 5127.65 6887.4 
7554.97 4765.08 4150.7 7657.57 2020.43 321.332 3781.83 5739.88 5923.37 510.628 
2501.8 9404.48 239.201 8528.69 3194.3 1716.83 2493.18 1958.41 7716.41 7503.09 
8843.17 7537.01 1405.58 6428.2 2042.85 6077.52 1387.19 9380.91 4341.98 6514.84 
6268.29 1896.93 1279.9 418.972 9554.5 3300.33 740.304 3336.31 9040.21 6663.67 
3846.94 1542 6068.14 4086.14 70.6731 9262.44 5802.97 2563.86 1220.83 3519.35 
66.9307 63.98 1056.34 1472.51 6492.18 3099.2 7550.04 7879.37 2480.09 1892 
4394.19 8748.38 3788.93 5674.1 9167.36 3343.42 8974.43 9907.66 6679.73 8014.63 
6571.31 526.652 9556.62 2639.43 4612.79 9627.29 1901.85 415.74 2191.13 3122.68 
3935.1 2258.06 3186.67 4991.44 3730.57 9678.84 8090.64 1280.59 7558.19 570.71 
3172.59 1952.37 9319.09 6961.53 7626.47 8486.43 304.931 6600.88 8394.07 6984.66 
4615.49 4965.37 7511.31 4172.1 7604.81 2124.09 3799.38 9506.66 2539.83 5990.51 
2629.33 6474.92 8248.57 5815.99 1466.35 1979.13 5494.82 9556.98 3259.73 3052.99 
127.676 6432.32 5005.36 9446.77 3393.83 2631.82 7933.18 3698.76 9232.7 6327.24 
683.407 3848.18 1292.59 8194.72 8020.28 8897.4 318.789 1819.63 8404.04 2858.62 
7810.14 1033.35 9333.54 6058.7 6849.34 799.868 8037.83 2344.14 356.834 1297.54 
5397.13 484.51 7729.86 402.476 9931.28 1123.68 3034.29 7864.45 4822.44 2266.97 
4191.67 5505.85 6115.15 5484.26 3700.55 4135.41 4381.64 4019.34 5955.04 2785.67 
6877.96 3765.17 3819.02 6211.48 9823.87 668.34 7011.35 7861.68 3012.48 7368.18 
9159.22 8409.61 7852.69 6889.07 8812.08 7783.95 8012.74 1846.36 5648.38 2835.17 
4113.33 9840.05 8341.02 228.464 5324.3 2041.55 4363.87 9705.94 6060.89 318.896 
2491.59 2938.83 4084.06 6310.61 9150.31 3907.92 6978.95 6161.64 1769.58 9991.43 
3529.81 928.788 8401.02 1382.48 7817.86 7213.09 9166.44 5830.58 9059.45 4814.8 
8665.75 3172.76 4654.84 7006.75 3401.22 9979.13 9048.31 7765.1 9685.06 5109.18 
8083.99 2176.63 8048.01 2168.04 8487.24 7198.31 6075.95 5466.17 3359.93 7845.54 
5457.58 6889.74 8774.32 3858.59 8272.22 6592.16 1071.66 7438.65 2422.73 131.087 
2253.43 1088.47 3303.85 6908.27 8095.22 6705.07 6887.38 7143.51 4470.15 6572.42 
2252.67 2554.12 8749.06 300.671 4722.16 7236.28 7498.98 798.1 2702.44 858.897 
8643.64 8160.02 7748.64 7417.94 2018.6 6020.85 4010.09 3090.25 3459.48 6432.82 
3221.34 5712.91 7521.28 6525.19 2621.15 5616.49 3230.24 9508.54 2759.98 7700.39 
6080.94 5012.65 254.496 4829.98 5313.33 4976.66 2066.25 2812.29 5774.76 4768.69 
3671.19 4418.38 2928.7 1419.81 1836.3 4947.29 7440.66 5846.39 8037.55 900.114 
2279.19 1258.87 6613.02 9800.48 7784.06 9234.17 5416.95 1014.28 8742.69 8176.93 
8714.67 4823.62 3189.57 8969.17 9653.6 8502.89 3945.81 1719.84 1315.17 9720.57 
6488.52 4986.35 4138.93 9417.22 6406.16 5975.23 4364.5 3846.8 1821.61 2402.02 
4746.91 4100.8 3660.89 1359.91 3901.26 1444.94 594.072 9318.21 2459.22 9336.77 
7495.13 1173.87 4160.37 684.677 143.019 3813.96 9187.57 4088.83 5533.79 502.719 
3809.38 2022.3 5489.07 7948.3 1439.5 1895.21 3923.52 5804 5742.01 5745.13 
8206.02 488.906 9845.93 1866.9 1848.82 3747.17 3311.84 2442.89 3065.37 5771.05 
1779.64 560.478 6944.92 5940.01 1245.16 7087.94 9753.97 432.709 1176.75 5287.74 
935.429 4986.13 7310.04 6424.5 2934.41 8749.55 8319.71 6857.93 4553.53 4061.71 
2603.04 2759.53 4550.61 2448.95 4626.43 6399.43 6196.13 7938.27 8842.33 9261.49 
3709.3 621.952 9821.97 654.21 6561.96 1067.11 7742.15 6315.92 1499.82 8918.9 
1603.64 2435.25 3905.01 8913.69 8859.75 6839.43 7663.21 7179.44 3697.34 2216.72 
1241.13 6300.38 4976.26 5791.74 8749.34 9602.69 2191.16 4945.45 7540.94 1033.47 
4206.92 1250.23 1655.42 4028.88 1904.44 8217.39 5095.99 9646.59 4533.29 6595.81 
8565.48 6136.93 9031.06 2470.47 5050.6 7890.79 9309.89 2713.79 5070.21 3007.22 
4930.52 6311.34 9307.6 9906.78 2103.07 8056.92 9509.45 4294.23 3002.35 7050.38 
5327.7 7209.28 8300.61 6983.13 1238.14 205.035 5200.5 6334.12 9851.63 9733.79 
2929.91 8417.09 5870.7 1960.95 887.538 921.277 9851.74 197.416 3635.07 4921.93 
3204.64 8565.59 1233.26 2512.22 8472.35 3336.33 569.13 7981.78 7630.56 3571.48 
5032.14 2958.25 780.742 3332.74 9941.38 2018.88 3537.77 5141.86 8353 3389.38 
4875.63 1282.9 1806.45 746.312 3243.85 2693.99 1667.59 3095.57 2891.4 5302.66 
8017.5 6096.04 3868.23 9250.77 8608.26 2340.56 2587.08 9177.39 322.328 217.629 
2748.86 5354.47 3175.88 3529.6 8687.2 3117.24 5548.48 2224.96 8259.11 3901.46 
5614.34 3134.72 5184.36 7420.79 3881.04 8428.21 114.755 5548.62 1523.76 3006.16 
851.267 9541.27 9102.2 4719.5 8792.02 7710.44 7060.06 1379.08 6887.81 7382.39 
1596.71 9636.67 2736.84 4772.59 3166.25 1424.03 7889.83 8714.72 3648.99 6148.93 
2616.16 9263.33 9283.65 7800.52 6684.09 3164.67 6228.71 6798.85 8713.29 7752.48 
9805.01 9564.56 7293.73 8907.19 4284.04 6085.73 6617.61 1344.09 7464.81 3505.4 
8726.48 9061.51 3142.05 1463.3 3834.09 6308.3 2887.33 1723.9 5023 6536.32 
7872.83 7639.16 5799.63 7156.46 5439.67 2483.71 321.109 1668.37 9282.56 9034.4 
9420.84 9087.55 8598.94 6714.55 7994.72 2882.96 2800.26 4612.31 4227.05 265.05 
8117.71 2953.51 9326.57 1259.74 4416.81 3160.64 7568.04 7304.14 4884.54 2591.02 
3840.45 2757.35 230.167 9640.08 9913.81 5669.84 2123.77 234.903 7338.2 1406.31 
9269.3 6759.03 493.841 7868.23 3473.56 8488.56 751.172 6273.82 3100.85 4978.22 
6538.87 1218.54 7931.73 5865.42 2478.28 2348.52 9026.05 46.2972 9652.67 3910.58 
2637.32 3493.1 6667.93 2867.48 3133.16 6581.72 8537.32 5256.93 6816.63 5875.5 
6663.24 6085.91 2634.51 7157.08 3954.12 6108.07 5645.62 4705.29 2381.88 8746.47 
9683.51 8920.75 9965.01 7615.22 4786.15 2443.27 9963.75 3812.18 2489.57 9616.39 
7722.76 5126.88 3109.48 4390.67 7994.37 6242.63 972.373 6531.67 1499.55 7789 
2407.15 8162.78 3874.89 5041.67 5319.85 7829.01 1149.72 965.451 2534.29 3531.6 
9711.92 2217.78 2452.32 9676.91 9833 7238.47 2120.16 9796.73 1050.64 4609.73 
9413.11 8773.39 9736.61 2522.57 3164.05 7730.96 8765.2 4136.42 4262.61 264.731 
1925.4 6669.77 8427.51 5800.29 1711.42 3747.34 3629.29 2861.14 4712.79 6163.57 
6392.74 4424.7 8381.36 8845.06 4101.59 8214.34 6083.52 6221.76 8011.06 7134.15 
831.47 7424.15 5907.53 568.067 9946.72 9071.58 8299.03 8711.91 3207.98 2561.63 
8976.64 5133.38 9231.4 7404.14 933.658 942.799 1151.46 4562.95 3803.94 5864.26 
726.504 196.659 288.939 9107.86 9041.72 4390.53 7322.18 5125.22 612.271 5333.23 
2259.36 1443.74 2757.36 8166.89 2011.81 2704.06 7238.45 310.821 1415.95 446.409 
2872.45 392.572 5579.79 2103.83 7796.71 6513.45 3046.63 8948.17 1076.38 6850.57 
4812.41 1802.88 7047.23 5101.35 910.723 6088.93 9491.88 8232.91 1214.13 104.133 
3566.11 3473.49 1547.87 6323.47 1640.36 3559.68 9027.54 8878.8 3870.5 443.471 
9325.21 6742.95 836.043 4904.99 8846.78 8632.75 1418.42 1893.39 7580.9 2494.79 
8743.96 2393.3 4297.67 5791.17 7494.64 5208.39 1880.09 6986.51 3441.28 3094.22 
7090.64 7007.4 6567.71 8638.51 3330.86 8208.07 2198.18 2358.38 7086.86 6068.68 
2801.85 6412.05 2811.62 3637.89 1317.02 1658.38 2270.62 2735.44 3551.78 9851.53 
5230.23 2295.72 2244.81 9527.9 8086.9 9739.45 4736.28 9966.98 6725.94 8177.56 
3061.19 3816.56 5184.94 9628.9 2455.06 8515.8 7836.95 4653.24 874.161 4923.79 
721.905 3676.01 1335.83 3533.52 7313.9 2652.85 5191.9 9584.52 5388.29 8743.68 
9436.03 618.496 1039.39 1680.82 146.379 9126.28 1420.25 4882.66 9093.25 8146.19 
3060.2 2154.42 1962.74 8245.15 1783.3 4417.8 6760.93 9620.25 9071.04 7635.09 
4544.02 9792.95 1311.08 5879.85 3326.45 8624.98 8532.7 8518.36 8209.49 3920.97 
7262.02 7645.5 4539.46 8301.41 9326.33 4685.84 7427.67 746.563 9568.5 6520.9 
8892.76 2628.68 8675.32 855.48 873.812 458.599 5273.28 7634.74 78.8313 4344.31 
5269.82 4622.85 4137.23 6580.9 502.687 7463.69 5205.87 9035.39 5982.02 3415.34 
2956.34 3244.03 1060.83 7495.8 1545.42 387.134 2181.62 8973.09 1133.7 1750.1 
5493.97 26.4366 4378.79 4169.27 881.917 5252.6 4627.87 6155.2 2887.33 4706.7 
499.486 8157.14 9329.56 4636.72 4738.03 9832.24 2100.39 9943.89 8867.61 8082.41 
3359.21 1823.93 1326.42 4420.04 9319.73 2871.84 4807.17 1501.33 1844.91 5940.87 
3251.44 7338.88 5967.31 7630.23 1508.13 6849.22 2882.81 6136 3004.41 5770.13 
842.686 3503.89 3927.26 172.224 8140.61 8665.29 4.44952 240.982 8609.16 8872.06 
8323.39 1968.36 695.973 9649.82 6388.4 15.6842 2521.64 1195.55 1517.02 4366.55 
7136.42 4768.46 1705.41 3103.71 2398.67 3213.54 9952.94 5281.48 9349.54 2957.33 
1051.59 192.212 6461.22 4978.85 364.436 4601.81 3644.12 368.886 4842.79 2253.26 
9240.95 3166.17 4221.62 9936.92 2815.97 609.999 9952.6 5337.61 1805.55 1469.61 
9704.16 8941.98 6238.06 1409.55 2045.67 8636.73 4623.09 1998.6 3918.19 3972.62 
4955.92 4969.78 4164.83 1417.12 9948.63 4529.27 6018.93 3592.73 4898.15 861.71 
5846 4139.08 4027.88 67.5992 4075.98 6843.85 677.599 4028.57 2181.44 2483.15 
5498.18 1885.58 1425.11 1736.22 3295.13 3470.78 372.933 7918.22 5469.38 4291.12 
1890.83 425.286 9260.9 6055.66 1842.41 9209.51 584.904 7861.34 2802.23 5483.06 
8723.05 8648.22 9622.14 2750.91 8715.82 3698.1 9594.77 9393.42 7726.67 1776.19 
1876.56 3224.83 3661.78 3301.67 4961.05 6956.91 6772.45 5333.99 4875.12 2241.81 
9625.11 6765.94 2667.1 8885.99 2821.58 4509.51 8095.48 3406.49 2370.83 897.691 
8889.54 1093.87 9545.91 8511.66 3844.78 8261.72 2209.75 3439.53 7655.12 9936.42 
5215.72 9531.68 3161.24 8877.5 2833.33 8122.29 5834.39 9605.78 3456.26 709.493 
1847.58 3081.35 7475.44 4514.68 1967.32 297 9024.19 62.7853 3703.49 1395 
960.476 2593.01 2488.87 506.373 1104.65 6333.65 8768.09 3314.4 9773.18 6423.2 
3250.8 4988.89 5954.86 6412.04 3866.37 8788.19 4534.32 9700.76 8393.95 7990.58 
410.239 241.509 1071.91 7885.68 4756.19 3039.23 8182.67 3780.35 3102.02 1886.14 
5175.36 4062.49 4479.15 7664.22 4568.87 5583.8 3997.86 3336.94 8898.2 3771.02 
9760.14 2148.99 8759.91 5714.99 8561.03 2626.26 4503.16 3095.33 2327.01 2897.09 
1085.89 2737.25 3138.6 2157.8 622.908 7894.78 5197.03 8805.58 1675.12 8299.05 
691.708 6850.48 2361.53 5170.86 4514.68 6930.4 754.647 8512.54 267.322 9652.85 
2283.55 27.4466 1801.82 1043.44 5742.43 362.835 3669.71 245.571 3458.16 5996.72 
3142.66 4544.05 8733.97 6281.26 6701.85 9356.88 4176.02 1898.87 8162.44 5851.14 
197.901 8854.15 2701.6 2559.43 4024.99 7216.29 9489.82 4779.64 5728.81 9757.15 
4432.47 8012.36 9784.59 6234.3 9055.8 5527.01 6597.13 2725.49 5772.58 55.2774 
8722.21 8915.24 4599.33 7456.16 5196.48 1301.16 6813.02 9372.5 3200.03 4975.44 
5223.63 3397.93 3829.57 7925.23 5957.36 7854.56 5141.5 5447.17 2634.19 870.3 
5204.3 7066.66 8882.66 4988.87 3300.94 7938.44 515.864 9898.07 663.916 6288.44 
9953.35 9386.12 5203.66 4552.66 6842.26 400.125 5853.82 3655.26 9772.63 9053.85 
8630.7 4996.24 2451.77 2460.26 2921.46 8409.13 314.805 8062.96 3856.28 2948.99 
8933.26 9060.58 15.6338 7815.9 4049.44 3316.57 5754.33 4565.3 3214.62 6418.25 
853.725 3167.95 5804.35 6057.39 7720.61 2646.6 6457.51 3574.41 6301.86 6230.12 
2628.25 4932.55 1226.35 5080.02 7392.81 4147.81 3489.13 7707.61 2210.75 7345.42 
656.589 1144 6405.98 672.223 8959.9 455.398 3988.79 4714.22 5020.7 7203.42 
1132.45 5874.42 371.351 6936.8 1931.79 8091.96 9583.4 8389.31 1666.36 5885.25 
4619.41 4294.61 817.783 5845.76 9374.63 8210.59 9993.57 2863.75 5918.19 2204.3 
209.147 6574.78 3348.3 6615.13 7247 2308.18 7070.52 1235.78 7022.4 2091.21 
8439.2 8154.84 7965.63 8810.55 5091.63 9897.42 6902.49 4675.01 8286.71 8568.85 
560.243 2906.11 2863.44 1378.03 8751.87 2238.05 9588.62 8745.42 5101.8 5506.79 
949.707 5310.95 2081.55 4298 1926.06 9328.55 6606.19 8996.58 564.317 3628.57 
1087.77 9003.51 1783.39 9053.4 7814.04 6875.02 8950.8 4716.51 1550.01 7237.5 
3285.34 2110.26 143.595 6148.79 3488.28 8895.47 8386.84 3076.89 7640.87 3488.62 
8583.68 8590.58 8799.57 665.213 2888.57 725.607 9993.77 9494.75 9722.19 558.067 
3123.31 809.94 9561.58 4906.7 9863.34 7375.6 1781.7 8814.12 2092.1 3331.72 
6051.61 5377.45 5441.98 6195.2 1526.21 8930.26 5090.65 9913.05 2007.13 2731.51 
3401.66 590.787 1322.07 2201.21 1256 4210.64 2926.82 1249.75 3705.38 2648.99 
1807.82 6828.68 3458.93 1369.38 1735.37 3322.25 8744.98 3517.07 2136.36 837.067 
6848.79 8187.96 6214.51 2290.75 4383.15 7740.73 1220.99 9473.81 7653.76 3228.12 
2205.3 1055.4 3818.91 3527.37 3256.61 5074.9 7738.01 6183.43 6324.65 1443.37 
8832.42 8132.47 8272.06 2291.33 9501.85 7.40683 5613.58 8246.82 3524.48 7749.93 
9083.88 373.251 5937.88 5298.38 2664 321.014 3039.09 3884.99 9794.82 692.839 
7113.11 2000.1 1748.24 931.999 5527.47 5004.86 6006.9 3265.47 1188.27 2331.54 
4708.84 20.672 463.997 2980.88 2312 9965.85 2988.29 7925.58 8212.65 6512.77 
5675.49 7296.51 6886.02 1613.35 2594.88 9550.02 1934.37 5633.97 3434.99 1729.17 
6326.81 548.085 3729.27 8075.05 1480.08 9256.74 3079.89 7486.99 2522.19 4268.16 
9818.53 7231.04 4288.83 282.51 211.899 6600.83 248.34 3200.19 4526.39 8460.99 
9712.95 201.867 5757.48 6598.95 1815.22 8352.36 6148.95 3749.59 3986.31 9583.94 
5478.76 313.101 132.012 9208.03 8388.15 1612.1 8464.75 1468.02 9099.08 986.929 
5736.19 8917.6 8217.96 25.0033 9200.11 8429.86 6625.84 9448.45 1630.03 1152.21 
7909.42 1342.97 1354.08 3666.88 7941.92 3169.3 2019.22 4090.86 6918.89 6005.54 
3674.79 2397.63 6318.64 3806.8 1605.64 4706.77 5418.89 70.37 6174.8 4517.96 
1057.3 1910.97 3435.54 9275.26 1935.97 2635.63 7705.11 8561.81 2084.06 9335.14 
9714.02 9993.47 678.096 1068.08 3660.34 8620.02 4237.38 5679.56 2710.86 1156.25 
1685.08 6385.65 3553.88 8003.72 192.431 5159.52 2710.47 5611.33 5229.88 8885.27 
129.269 6287.18 796.216 3564.81 5562.43 2732.19 6200.44 3267.52 1293.97 8284.5 
2602.65 1007.98 8277.95 3280.74 2076.06 1938.27 1900.75 6313.44 7617.83 4611.61 
7469.7 9302.92 997.243 1023.56 7306.62 1189.67 6183.07 17.0697 6801 1412.94 
8902.34 6930.27 7700.13 9698.55 495.061 3262.54 2430.72 6695.5 6530.06 3724.7 
4979.98 9132.71 4732.67 3257.91 2413.43 6808.74 5196.19 4314.18 3122.16 2814 
8925.79 591.842 2116.9 9923.03 1615.4 9423.52 1112.69 7798.48 9440.59 7913.69 
9211.42 8342.91 4843.94 6911.53 8041.44 5339 174.048 472.148 2034.48 6704.11 
4196.85 7014.46 5836.8 8929.52 272.357 8250.23 5738.24 5468.54 2564.39 8860.4 
8282.54 1490.17 9452.24 399.428 1413.18 1067.63 9822.94 2525.87 8866.1 9263.51 
439.547 8077.5 7606.4 5283.49 4989.01 5647.83 622.474 5163.06 6119.98 2656.96 
1867.15 316.804 9671.42 7703.95 9246.32 9943.78 5954.16 4984.54 5412.3 8518.56 
3844.93 3694.83 8.70695 3297.15 4094.25 1421.89 4364.78 3917.18 3947.77 3230.86 
3180.68 4387.31 1308.35 787.061 9670.8 6297.36 6434.89 293.258 1460.4 2554.85 
2950.22 3327.55 2871.65 2621.62 1031.48 2117.96 2565.38 6985.65 7102.5 7977.68 
5504.18 947.414 1672.49 5512.89 4244.57 5766.74 6934.78 8609.34 9683.92 882.531 
1840.19 2864.58 5269.84 3148.54 3651.64 4940.63 9445.9 86.5147 5233.89 906.284 
2641.36 8184.1 4233.84 5513.01 805.702 5265.32 7630.97 3371.08 2250.95 4733.46 
1348.74 7755.13 5680.87 3021.22 3268.01 9925.43 8787.96 202.775 8534.76 8471.87 
1085.31 374.936 1336.43 6355.15 3523.47 4988.07 1295.76 2969.36 5074.59 6529.64 
3875.64 7715.95 4713.73 8109.48 3228.95 5519.43 3374.78 859.898 8890.51 5625.73 
5593.35 239.228 3380.85 1274.2 3260.45 6648.86 1199.62 2048.39 6851.63 9734.38 
520.245 7936.94 109.303 1856.68 4292.07 3632.78 6844.75 5587.83 6602.13 1919.32 
2117.46 477.756 9635.27 6831.19 8587.23 2864.2 2350.6 1962 3724.1 1241.09 
7587.73 9317.45 1480.32 968.564 591.642 4740.77 7617.42 1791.26 6789.16 4469.04 
1525.63 7309.41 2405.96 1634.93 9166.08 6698.03 5267.71 6010.82 2285.84 1869.83 
7930.14 4403.3 2347.58 7565.4 1234.47 934.8 429.583 3585.07 2896.8 4153.68 
4826.16 484.513 3471.12 6306.48 1453.08 4062.76 1047.23 9070.5 5854.03 7836.39 
3539.52 7379.66 5145.79 5945.48 9014.59 4311.85 2643.5 4282.29 322.655 4929.34 
6152.12 8252.8 9332.64 8499.7 5818.18 567.093 9434.5 6247.76 4152.16 2331.28 
401.428 8978.32 2815.79 3872.55 5284.78 4268.87 7935.31 6332.01 3339.35 3789.32 
4168.39 6878.87 1168.97 9314.17 2824.34 183.545 3626.01 5467.84 4465.83 3948.67 
397.164 617.933 2201.45 9729.81 9117.63 8019.62 296.883 8552.11 4267.37 4449.04 
883.378 4668.79 3427.35 3699.17 8541.34 8712.13 7968.04 6476.64 5044.12 1307.38 
265.949 9212.51 8186.25 1434.92 8526.67 1010.57 1618.46 2152.66 6478.41 6084.29 
6101.32 6875.58 6702.23 8302.77 6605.37 5819.84 6322.38 6902.25 4371.94 589.725 
1351.28 5255.32 5258.52 4778.62 8954.49 3799.85 3490.73 6922.51 276.471 8534.85 
8229.89 542.421 7747.34 6416.12 1977.34 6273.99 7426.7 3595.8 8426.65 3905.09 
9680.09 4527.96 780.654 6382.3 2830.71 7386.02 2202.13 9153.08 4288.26 6574.07 
9742.81 5639.53 1829.37 5001.31 418.139 783.836 8801.16 3908.87 7706.35 9077.63 
2443.71 5936.22 9620.05 191.034 2352.32 1597.37 6465.03 9779.02 5193.17 4891.66 
3684.09 4873.25 9419.62 4464.75 1255.53 2250.31 1850.75 3457.66 1403.38 6139.01 
31.706 1146.17 1778.52 1861.07 6147.48 2196.66 2644.91 4948.63 6105.53 351.237 
4026.24 8549.24 6287.45 3646.28 8740.27 8639.78 5243.65 5205.28 8418.78 436.8 
96.9247 2102.85 5310.04 9516.54 6567.6 6565.58 1766.83 8418.35 23.2157 3170.21 
4557.34 54.9217 4316.38 6335.87 1915.99 463.848 8532.53 4560.9 5412.47 4638.05 
4912.14 9438.71 3187.27 1199.57 3084.97 1927.53 9839.35 8328.62 7132.81 8258.11 
8765.42 7229.74 360.945 4075.45 6746.26 6928.55 641.006 8513.09 5346.88 664.222 
