1200 10
8732 7707.74 8142.95 3572.56 6955.9 3594.64 4490.13 7923.3 1481.69 9347.2 
8130.23 8183.24 5990.21 2530.7 1898.78 5775.36 5438.77 2529.35 8459.05 6479 
690.933 211.704 6969.47 9025.17 6577.31 5738.34 6092.35 2940.18 3372.86 7672.15 
7460.07 2104.84 5379.87 5603.01 5677.4 2335.75 9197.65 167.511 259.027 679.322 
9514.71 8389.26 8862.57 5504.9 919.938 761.33 1280.24 6358.7 3290.68 9739.29 
2837.69 3981.61 9951 9807.16 3006.77 6528.29 5545.48 9099.12 9468.47 8918.34 
6771.25 6928.53 1023.17 2151.1 2531.52 6700.57 4486.85 1729.15 6868.08 4745.87 
2408.47 6382.78 3135.11 1271.02 1887.66 4055.05 2032.35 3167.9 413.737 5323.03 
2907.17 3251.42 9304.64 2858.15 3058.56 2311.39 9386.44 8604.05 1410.48 8854.9 
7522.38 8181.73 5783.41 8545.55 332.81 8314.92 5246.1 4819.66 44.0545 2114.16 
9565.53 2452.52 8496.94 2700.62 3723.54 384.581 6755.67 5755.89 3552.48 7169.41 
1078.9 6459.65 420.815 383.516 9317.81 3479.38 2694.9 8704.23 2083.41 4105.39 
7559.12 9605.79 2287.1 3342.51 8151.32 2619.91 1657.41 3397.4 7439.56 1701.47 
5511.56 7005.08 4153.99 4008.49 9705.7 7877.53 4393.07 6461.36 3633.4 7945.55 
3630.75 4712.3 4405.18 4051.57 5095.81 3722.97 7530.95 7790.72 2427.19 9614.36 
1896.08 9986.31 9220.13 4183.18 3328.79 7371.43 6803.09 4986.21 768.817 4242.64 
6687.67 6280.38 1247.7 841.648 288.85 953.382 8719.18 4681.92 7414.74 2352.56 
2627.45 1045.47 7064.86 7032.63 5097.04 2160.66 755.585 2627.97 9951.37 3182.78 
2242.31 1847.44 3169.06 1462.42 6030.62 6497.86 8833.85 2833.7 1484.05 9602.67 
7076.33 8171.72 5883.04 8324.03 9013.37 6171.89 9277.41 7732.54 853.786 6692.14 
85.0823 3481.23 7737.61 7149.94 513.844 2834.63 9310.6 1269.43 5462.6 9261.96 
4452.2 7704.91 1109.38 7621.27 9167.33 7140 4119.11 8001.17 9973.7 5603.16 
7603.82 7050.01 3774.87 3486.84 5374.03 2788.22 9658.73 4651.43 520.742 512.497 
1343.55 605.825 3993.73 9081.16 7755.77 4507.57 1915.77 7066.35 5777 7378.36 
6328.29 229.189 5083.25 7437.68 7850.46 4250.57 4577.66 1969.55 2251.71 4551.34 
7572.71 9855.54 1601.34 1347.56 3342.36 6975.37 4135.79 3001.07 1626.78 4656.53 
3513.57 2970.33 5262.36 7507.3 2051.46 3018.11 2014.85 3967.23 84.4438 7791.86 
1345.58 6412.74 8021.04 6428.83 3850.4 5871.49 679.381 8428.06 7841.04 2931.1 
2979.38 5413.73 2786.62 4580.72 6761.3 6128.98 1556.07 897.068 9130.05 3182.85 
5553.6 2643.6 6153.18 815.938 150.879 8204.64 3834.05 2165.73 2171.86 3918.49 
9957.59 3517.44 331.21 7978.62 9946.27 4181.61 3850.08 625.636 2609.65 1691.1 
3556.73 5589.03 7104.84 6343.35 169.73 3866.12 2472.31 1725.8 4763.19 1602.34 
4908.66 316.768 4245.94 1061.82 1132.71 4396.81 9266.46 4966.75 6562.55 1438.31 
8885.24 6520.12 4955.74 9216.45 4498.72 4902 3398.04 8348.81 5527.63 6007.69 
39.893 9084.37 1596.7 7144.73 5427.7 1766.43 1010.83 7900 3492.23 5774.02 
9502.34 8400.89 6090.79 3748.26 9462.71 7223.49 8145.07 8729.15 2190.23 4707.6 
167.442 1075.45 1227.71 5123.19 291.885 5726.43 25.1656 3689.93 4075.21 5552.8 
9697.61 4115.11 4637.15 1294.29 1259.82 64.8253 3060.72 2270.65 7964.83 6552.95 
8044.67 7467.15 4953.82 4135.44 1215.39 4416.51 1358.91 9360.46 3145.65 3549.14 
4068.05 3313.09 4624.59 5295.75 8436.27 4916.47 1022.16 8461.44 8606.4 5097.38 
4014.22 8303.99 9212.48 8651.37 9598.29 472.288 8716.19 2658.99 2742.94 6681 
9211.94 787.593 4148.14 4165.74 4923.03 5363.52 8582.25 6281.94 4723.97 1727.88 
9831.08 8792.01 5040.97 4455.66 4087.75 3477.22 9372.13 5109.91 1938.64 7978.51 
207.272 5952.86 6282.49 9419.76 4604.22 5880.76 9892.04 3320.39 8539.74 2634.97 
1.37737 7751.66 3422.56 4149.51 1917.38 8345.59 9513.04 499.614 4627.52 4236.99 
2227.49 4458.58 3028.99 7268.46 8914.24 7116.74 745.661 8286.35 2226.63 2684.3 
6264.85 2433.9 8637.17 2547.32 1853.64 3241.37 8428.08 1745.67 6561.76 6967.81 
4380.64 6563.14 4719.45 7803.2 712.632 6636.83 6148.77 225.652 7136.45 776.275 
4462.64 9363.94 5234.86 7491.62 6632.38 4149.08 4608.34 7378.04 2435.42 6834.97 
62.3261 8700.27 9268.87 8699.5 1247.57 1122.5 1940.85 9675.65 2868.17 8502.61 
6643.44 7248.8 5065.72 1362.87 5051.98 5778.36 7999.71 1200.74 6004.01 5136.14 
1977.01 466.631 4500.06 7211.87 7958.25 1132.42 1360.94 2566.58 8510.46 3796.36 
9401.55 8572.79 2496.61 8670.41 7272.26 3744.19 9792.91 9213.11 3419.82 2661.06 
7715.7 63.2418 9909.86 2781.41 1426.12 4961.83 8559.76 9425.82 6162.56 4563.75 
4561.95 8139.58 5030.38 9062 5351.44 2988.62 194.409 6712.38 5555.2 8704.87 
508.719 4956.74 7277.64 3005.33 3627.13 4549.88 6749.52 3420.02 3762.98 169.319 
6081.08 1478.66 232.56 5990.92 4260.06 1658.68 952.727 2819.81 1084.48 7115.29 
7383.56 5646.43 5254.85 2413.93 4708.42 606.271 5402.55 4902.83 7318.65 957.737 
3607.68 7827.36 5914.47 885.295 832.68 9541.6 5435.18 7582.2 2961.61 9198.16 
7751.51 9042.68 676.795 7984.07 5033.59 4936.86 9642.75 5986.31 7756.67 727.216 
3101.59 5140.21 6373.64 8356.44 7554.14 1082.04 8962.71 2956.68 5984.87 6281.34 
3914.41 9592.54 4108.69 9828.89 477.822 4941.37 9370.47 5913 2523.55 2332.07 
5111.14 275.044 1374.73 5787.93 8259.12 6408.32 724.775 7901.85 2394.62 8481.44 
8629.07 5496.2 3621.64 5002.7 3852.63 1175.76 6084.74 2815.32 4132.44 2069.59 
9096.66 8046.85 1662.12 3205.33 7875.72 2139.94 8146.7 7246.18 8052.94 670.227 
9578.25 3164.06 945.271 952.962 8951.99 9204.39 7361.28 9676.77 7106.23 9755.9 
8158.19 5735.28 5252.08 1779.81 737.957 9104.71 2955.58 6822.7 1920.01 7088.02 
8892.29 1016.66 5134.85 554.384 4221.99 3010.56 2694.32 2368.67 256.725 747.244 
3038.89 9834.97 3911.3 3984.17 787.917 2863.28 3188.54 8149.2 2540.03 294.747 
7905.08 698.207 6030.03 3157.14 2478.02 6767.98 2261.84 5433.6 3590.66 4181.85 
2521.6 2482.93 5198.5 7656.46 3037.31 9420.49 666.998 5731.64 1789.14 923.723 
6478.88 4828.03 758.677 390.166 8812.2 1546.59 3253.45 2000.72 9695.79 5793.48 
2295.47 7600.85 6491.68 8325.49 757.98 8969.71 5093.46 3019.82 4403.29 8684.12 
7201.67 6924.89 1167.03 2400.15 4581.33 4204.35 1820.63 5248.33 9935.98 3609.77 
6172.05 6414.85 8437.8 6930.73 6805.01 7249.99 8477.32 58.44 9250.71 8173.09 
5851.92 1546.16 5773.93 2343.58 9871.65 6531.91 1313.27 4965.09 9551.73 5716.56 
3649.2 6753.38 2641.43 4816.23 9153.53 7222.76 9020.58 974.142 2471.07 8956.54 
4583.91 8643.12 5371.37 3021.7 5573.83 2176.37 271.665 4051.13 2234.81 9522.37 
2224.21 8086.72 1068.51 7998.14 430.29 940.147 4530.03 1743.56 5905.24 4081.74 
7460.12 9554.44 835.1 101.536 4370.65 9988.63 7324.3 3391.21 962.755 9795.36 
2347.74 5546.67 8438.46 7719.12 8568.36 4012.27 9895.48 8840.03 8063.4 2130.28 
8362.38 287.591 216.983 9430.89 8285.73 647.273 371.024 2815.74 2390.83 6276.27 
6897.48 9850.95 5830.69 7732.58 9952.49 201.322 7721.19 7276.77 3592.54 8683.95 
7072.12 5940.28 4230.6 5510.56 3659.38 2798.94 9522.84 3554.84 1638.95 7586.22 
5685.12 1.31565 7873.81 5902.1 9432.21 6159.53 6549.37 9803.23 8975.27 8940.21 
6079.48 5872.73 8791.15 1910.15 3605.29 8743.62 2111.47 1326.47 6020.37 5704.01 
10.4011 3092.47 1644.27 4241 8603.03 5303.65 7039.94 8125.85 8858.49 8678.89 
5712.06 4543.59 8680.21 3585.86 445.676 8112.4 9745.38 6995.05 7915.62 8720.63 
5935.24 3995.08 4593.34 4726.37 5905.23 8198.63 3469.97 8016.71 9525.1 9490.34 
3720.7 9535.5 2582.79 5364.97 3776.49 1185.81 668.602 816.411 9311.67 9527.09 
9495.3 5023.71 4070.67 8175.49 8609.57 4516.34 6287.88 8354.94 1511.38 4203.48 
7075.55 7446.62 8198.56 1668.88 2172.97 4103.78 9867.51 5642.94 2120.47 9392.6 
5133.27 5841.17 8928.09 7716.06 1206.12 2704.56 8901.87 1874.73 3520.97 8213.52 
1401.8 3016.26 3237.22 5472.47 1191.73 1846.77 9988.81 7479.61 201.689 1500.17 
1683.07 7277.24 8946.79 9881.63 8946.12 1119.74 3985.39 8813.61 6762.68 6105.86 
8206.2 1895.93 1947.01 7134.27 9611.99 3153.14 9838.83 8513.84 5027.86 3359.78 
6727.35 6429.66 6376.04 9964.56 1902.11 7567.77 1811.32 1890.91 5047.36 2013.01 
3391.08 6730.43 9290.25 2337.84 6612.05 8236.34 3457.58 597.421 7049.94 220.244 
6703.28 5256.12 2116.17 8650.29 2390.37 1728.14 1803.41 2229.18 241.966 6831.28 
5588.96 6969.31 3260.92 1964.98 6933.86 5163.04 9532.75 8745.18 7053.94 4580.09 
758.167 445.002 1310.5 48.3945 2782.85 7922.55 8284.74 6240.43 8519.97 5334.66 
6460.67 5223.24 590.766 8576.84 3873.51 2981.14 304.968 5676.93 5210.32 546.933 
2508.19 799.258 7516.25 5769.11 2764.24 4450.09 932.129 2296.96 3195.25 7986.07 
6877.05 3953.42 8431.07 8187.56 4001.81 1213.9 6110.09 2286.54 7454.33 4630.05 
7621.2 3914.99 9853.29 8211.96 2491.82 3726.78 1193.08 2796.78 9403.71 6403.4 
3343.72 1911.88 7202.66 859.948 7680.99 9966.89 5310.04 8613.11 2263.84 8505.29 
6599.17 9140.9 2458.69 5030.23 7328.44 6460.5 6244.13 3438.51 8747.04 3698.45 
8068.56 6368.22 7613.44 7921.83 4580.17 105.239 1648.59 5773.25 2902.02 1052.28 
2176.63 6245.74 2964.16 9379.29 7105.69 645.131 9346.17 2415.71 9258.25 1609.99 
920.987 5857.4 750.868 3379.68 887.609 8079.3 9840.19 7131.74 1517.8 8587.21 
830.173 9586.36 4955.41 8443.61 7508.18 9535.58 8548.85 9156.77 5308.81 1450.86 
209.037 7485.45 7696.6 3173.2 6864.72 4802.27 3818.33 6210.87 7217.99 3076.56 
7820.86 8138.98 8933.96 8571.73 1518.64 9821.57 6651.01 1358.81 6953.29 8168.81 
9946.01 7783.46 7755.16 4901.41 6227.06 5263.32 4436.97 4775.89 4420.07 9745.79 
6226.75 4629.11 7231.22 3923.33 7802.31 4095.92 8725.61 1620.62 306.77 5943.58 
4697.18 8127.63 4082.53 3631.12 6699.34 5601.17 3452.67 3350.33 6959.98 405.944 
1519.13 6905.97 8189.41 9274.29 1807.37 4416.45 4537.6 6244.34 9192.34 8957.67 
5990.11 5419.07 3586.76 3221.3 9342.41 1389.05 7317.22 8068 3009.68 7623.99 
4011.55 7706.86 5751.6 8094.09 1337.96 2450.93 3695.24 4790.63 5801.26 655.204 
5196.57 7320.39 7561.18 3385.97 6594.67 9368.54 7802.42 1132.25 5612.86 6994.74 
89.9025 1602.95 2413.8 3676.66 4824.26 1756.19 5065.72 2141.46 9824.18 8075.39 
9765.46 3835.72 5782.23 5517.04 1929.79 7120.19 7967.97 5625.03 1910.81 3769.21 
6280.24 7107.38 1089.59 3841.4 493.328 7684.26 3209.93 8295.74 8816.51 8822.79 
5290.47 8906.41 425.725 7704.26 2583.06 5249.98 9460.45 7648.78 7391.45 9284.61 
5724.16 7156.89 3120.31 1506.37 2673.91 5050.1 8626.56 641.867 675.123 537.352 
4411.08 6955.36 7644.73 5500.67 796.745 8138.06 3184.92 4006.67 6433.79 2001.41 
2829.44 1724.24 907.809 3255.17 9428.5 3490.87 8505.15 8888.93 1139.63 5896.58 
8173.53 6863.79 3053.45 1293.82 8370.16 5727.36 6343.93 6996.71 6369.23 7019.05 
7534.06 780.294 3974.4 5178.78 6280.97 4771.14 3316.82 9465.88 8777.81 9750.61 
1467.28 1607.24 1474.83 2375.09 4862.41 903.308 5865.96 3367.54 9792.24 7005.59 
9264.12 7965.75 3869.36 2317.55 9259.57 2239.51 8044.92 5603.48 9236.22 4414.13 
2622.52 6770.26 5194.42 6596.91 1949.02 1475.37 1368.04 5265.84 941.239 145.83 
5016.43 2408.52 1753.07 6491.25 4783.6 6615.47 7394.56 649.54 9983.01 7186.78 
7655.13 9247.12 5152.52 1524.47 1564.66 4412.07 3763.98 9609.57 15.5372 3000.18 
4023.69 2638.05 9770.44 9218.11 9234.97 1719.44 693.467 602.986 6985.28 1634.71 
748.816 2001.69 4043.22 2501.88 8492.94 8826.82 9117.36 5887.49 9476.36 9100.36 
3074.26 7131.47 8347.46 8226.77 8655.95 9912.12 2638.83 2419.91 9521.67 2654.36 
5420.09 3545.34 5292.42 5190.51 2763.44 4527.37 6909.95 3456.9 5130.36 3895.21 
5091.61 5879.17 5896.9 9134.83 8381.06 4389.83 7961.64 7498.4 277.3 7437.98 
6598.74 3351.56 4569.44 4946.18 1578.31 3225.37 4858.27 4217.14 5645.28 4379.93 
6871.51 1065.35 7925.27 2163.91 6255.86 688.689 6691.28 3165.79 4145.59 1821.62 
7061 9237.2 7700.79 2957.88 8372.02 6081.83 7347.7 6333.64 3580.21 7625 
3771.6 178.925 976.543 8341.04 5125.1 2554.86 1566.4 9983.38 6772 7211.68 
4363.29 3643.49 8277.03 2288.54 5807.4 4532.86 2977.23 2498.66 7698.65 7122.82 
4320.28 4759.63 6360.01 2021.05 7717.51 4732 8102.88 5065.19 1065.62 1683.07 
2690.18 4837.23 1861.99 3666.72 3178.25 6987.1 6221.58 4744.65 6970.45 2993.56 
1956.3 1333.72 6637.05 233.313 3622.27 2444.43 4766.18 6599.49 4943.1 2464.81 
3722.3 9263.37 7224.44 82.2879 1284.41 4941.93 4814.29 9387.29 7.10481 5879.92 
1070.34 2697.28 717.124 2932.34 6364 3895.38 9919.43 2585.57 8640.02 6889.87 
5579.13 596.309 8223.59 2216.16 829.622 1845.84 4660.6 5595.8 8445.34 9603.69 
8060.61 2167.62 8867.05 5285.03 2249.91 151.442 226.946 7064.2 9538.73 234.051 
2944.1 609.055 2931.33 3661.22 3541.39 9295.34 7556.6 3460.8 1880.89 6196.6 
350.657 7460.02 6792.91 8574.25 9676.18 7622.53 420.076 4336.76 3218.32 8865.41 
3940.43 1278.91 1033.02 2807.46 6563.94 3282.92 2958.91 6790.89 347.105 2497.62 
7024.94 3291.2 3106.67 9956.27 6952.42 6648.07 9251.6 4509.01 108.853 1132.47 
705.59 459.51 8592.48 7498.5 9033.76 8268.65 5121.02 9453.84 2605.39 8339.33 
8319.23 6545.82 9618.24 9352.25 9353.28 6182.17 2635.15 2312.17 2973.04 2982.26 
4809.79 9997.98 6273.46 7916.47 9954.24 3225.87 4564.52 9205.82 7734.87 4673.37 
338.268 8440.46 5132.88 8930.75 5938.95 4166.62 7199.38 1059.95 3620.45 9804.77 
9399.28 1939.66 6350.57 9017.51 1291.89 5703.84 5199.66 3927.05 8016.01 8172.7 
6909.31 2825.79 8170.66 3182.75 742.24 8124.88 6408.62 5306.76 7330.68 4143.48 
9980.13 7668.95 2583.92 5112.99 6599.69 8522.87 9279.62 3799.05 9582.82 2900.04 
3603.8 8982.08 4839.71 9954.37 7999.57 6131.6 5658.19 3199.21 58.6293 3674.18 
1371.89 6967.93 6499.97 9542.56 150.667 7242.21 7667.42 6559.28 2548.95 4998.09 
702.742 2529.06 2667.02 3286.66 7642.05 9266.71 1809.52 6921.65 3065.74 1392.32 
9821.7 6669.54 374.381 4661.39 6623.89 8373.95 792.97 2282.06 1573.15 851.599 
5956.24 2945.04 7819.53 2456.2 2487.58 7970.2 9698.41 154.983 4529.47 2247.34 
5153.07 5232.21 4776.41 7820.09 8518.87 2418.44 7086.78 328.373 9340.1 152.502 
1720.69 9161.78 6822.04 2095.07 3823.15 3445.91 469.005 4616.12 5727.97 2042.15 
5467.72 1684.2 4987.19 3287.23 4140.4 7474.77 1257.42 3838.79 7629.75 5786.88 
6086.13 2782.81 1019.08 862.52 602.884 9537.95 3280.96 7689.67 9866.32 2621.04 
7842.17 1587 1782.8 4664.19 3682.07 5605.95 8110.1 4151.07 222.049 3838.05 
6193.22 5689.77 5522.25 1180.4 8977 9662.65 8655.17 234.397 3501.42 6284.91 
6021.28 9587.55 9067.71 7040.36 450.049 9670.6 6578.29 3731.01 7360.25 6444.6 
6352.05 5202.4 8031.6 8134.85 9866.59 1713.65 3740.79 7976.67 5864.72 3962.84 
1814.7 2057.92 9652.6 7336.96 3238.32 8629.58 6999.58 1893.47 8863.98 500.982 
8178.38 4885.24 88.5111 7246.08 1925.58 538.56 6916.66 8503.88 4269.57 4276.89 
4948.46 621.609 9479.28 2980.04 8756.46 9345.85 4693.68 2497.23 7322.5 558.384 
6460.07 9137.21 2616.31 6112.65 6474.15 5854.63 4742.22 3473.71 7748.1 3606.18 
3974.7 5926.46 8491.42 4063.21 3172.52 416.988 4601.77 89.1609 8920.86 8871.34 
4366.05 3869.31 9492.95 3845.32 6849.34 8249.39 3191.15 1543.01 746.611 513.639 
2101.4 7206.68 9650.85 4717.7 3319.31 6124.98 572.311 8061.53 9598.69 8320.41 
1667.69 3573.37 4246.85 159.099 7636.58 7419.37 576.087 2238.33 7508.54 9496.95 
1109.65 1874.57 3366.24 602.585 5719.88 215.568 8851.98 8911.03 1758.58 9598.59 
9424.67 3859.97 6805.25 9075.5 8577.68 124.552 5200.47 9149.99 8186.08 4799.14 
7470.38 9853.78 8372.52 1717.22 12.8599 6009.08 9136.59 588.947 8247.41 6645.11 
85.8813 9357.07 8519.68 3452.12 9959.65 4239.54 3667.69 8811.62 3150.56 5426.27 
8410.19 2575.21 9286.24 5215.43 1650.7 7863.9 5339.98 6851.17 7013.87 3526.05 
1650.29 4484.23 3379.81 22.7952 6201.45 3392.67 6031.88 5338.02 3981.61 4279.27 
1983.12 4067.49 3636.32 502.776 7519.62 3595.96 4742.32 1187.29 2407.56 7892.87 
6613.56 817.731 468.068 5899.78 6033.16 2118.77 3763.67 1373.12 8969.93 777.523 
4899.17 620.21 5261.76 8278.97 643.005 1463.19 1671.62 6674.88 6801.21 5653.23 
954.138 8784.33 9720.73 4590.46 9287.11 7240.33 8186.42 4029.41 8427.62 593.962 
1922.26 5041.16 1411.69 2390.33 940.926 7444.85 4509.1 4704.6 8817.97 3479.01 
5482.12 3717.12 4099.22 743.857 1996.07 4742.23 2207.05 3667.7 1417.09 9008.26 
9320.93 2371.23 7792.57 9041.64 6961.69 7079.67 6281.95 5148.1 1109.05 4709.55 
5742.06 3031.32 9750.71 7153.75 5421.65 691.622 4598.59 9930.74 5396.22 3416.54 
3409.74 878.317 7133.66 7508.96 1622.17 9129.74 2251.17 3829.22 2797.42 3668.27 
2837.46 2118.33 6039.5 630.022 1159.95 3001.17 7709.69 7441.91 8149.27 8818.74 
2151.44 3891.31 1850.04 1902.14 1045.05 7271.69 2593.76 5643.64 7202.42 7989.98 
9060.18 612.141 8868.29 6193.83 8121.1 490.45 5323.55 372.261 4319.67 8120.96 
4040.53 7157.14 239.276 80.0077 7787.16 1399.23 3081.18 5496.83 8841.13 1230.43 
4315.55 992.559 5121.75 6165.6 2894.7 6166.8 3437.27 5488.46 1810.42 639.671 
3478.41 870.582 1251.81 2346.69 7064.41 9372.92 2837.14 2387.94 9745.18 7156.81 
508.888 3785.69 4313.93 748.163 3865.7 2101.07 2147.39 6946.88 7597.9 988.509 
8177.31 1913.44 1981.07 3299.04 8079.03 4875.76 9465.84 1516.29 364.202 1276.24 
2155.96 3842.62 2146.82 3407.77 6189.31 9211.23 2780.67 9026.45 1599.16 2525.83 
6183.24 2108.04 6311.51 497.153 2856.21 177.192 2598.22 5003.6 7124.07 196.107 
5992.11 5301.36 2109.54 7973.18 8600.4 188.559 2848.92 8066.22 1704.84 3213.12 
9342.46 3860.8 7055.74 1489.27 7268.57 3245.03 700.483 49.22 2271.46 2299.64 
2575.05 8454.7 4407.68 8886.56 8951.85 7263.89 9063.75 1550.06 2267.47 6187.81 
1746.16 8259.58 1489.15 3855.71 6232.74 89.5363 4044.27 9081.66 8155.76 5749.11 
2294.77 7498.21 9609.91 9350.51 8987.48 6878.46 2595.52 9687.96 6927.68 4866.98 
1987.58 9502.73 3321.66 6395.26 8389.28 2273.49 3659.14 7453.01 3823.55 5926.61 
3640.8 5569.71 4186.17 5129.95 9425.42 418.891 5219.49 3469.67 9500.55 3375.23 
9218.78 1795.3 873.423 8828.67 1145.8 9860.9 5707.12 3741.32 9548.84 2634.78 
8608.3 1536.41 2137.5 1929.94 7931.67 526.758 4203.43 1590.79 7979.77 8026.98 
7517.4 1620.56 3596.67 1703.55 6750.51 3022.07 2122.44 1969.98 6491.74 1622.98 
5345.21 5710.49 3418.28 6218.63 4539.15 4564.07 6079.51 246.247 8305.39 5628.34 
2881.03 6913.67 7164.75 5018.53 8843.61 5096.4 5545.29 3047.02 6687.19 3525.04 
1073.98 4204.57 5145.6 4670.65 5908.12 1896.09 7692.72 8030.56 3866.07 4184.44 
9653.53 9211.28 9894.94 3071.8 5429.9 4434.07 7635.87 1509.39 4680.32 5941.25 
7137.73 7561.35 2854.9 4302.46 2579.86 1698.49 9398.86 8125.15 4745.51 6086.03 
1650.18 5819.49 290.583 6795.78 490.131 6198.7 8691.87 8182.85 4229.24 2557.92 
2367.28 3882.76 1769.18 2262.2 6954.56 7199.07 6696.27 4590.41 8708.47 1376.57 
531.636 5846.18 8937.92 3386.53 148.629 1517.76 5085.03 9547.49 9642.91 9830.54 
5633.5 1293.07 5650.02 5924.09 8088.85 6140.15 2122.77 6780.69 4322.98 6352.01 
9338.61 6690.27 234.755 1107.77 8952.47 7189.31 8306.85 5648.72 1779.7 7015.3 
7025.29 2311.34 2861.47 5963.19 5697.87 3010.09 7480.95 782.882 2557.57 7123.85 
613.403 8191.07 8416.92 6263.42 4115.14 6505.75 2403.55 6237.91 3286.43 6726.53 
2589.91 2625.02 3416.78 2824.66 3732.8 2369.23 13.9553 2039.63 8017.95 1793.66 
9054.93 5043.23 4105 1916.37 1006.41 9802.87 4926.47 8487.36 585.735 7484.04 
5611.19 1199.14 5675.09 4028.1 7462.56 9790.23 533.829 9866.1 6028.12 3820.26 
6592.62 8618.03 6445.28 9.38001 1442.67 178.056 2378.61 1456.63 2217.68 396.548 
3250.29 1272.59 5439.78 7355.28 3188.96 6446.18 7158.14 8115.43 4933.53 7743.87 
5599.45 544.703 8943.01 1274.53 4572.8 6405.55 1064.74 5106.63 6271.63 7092.86 
8926.88 2864.23 5710.87 5372.14 2873.61 7153.55 5550.2 5252.22 8610.18 7767.88 
5648.77 1860.45 9040.47 1088.53 9215.73 2229.42 7534.72 6373.85 344.838 2468.23 
4117.7 5944.29 3012.93 3060.69 7218.82 7585.73 9466.24 8283.56 2692.34 5737.86 
5376.4 1619.21 8602.09 1087.26 6991.35 1475.69 8240.81 2541.54 6727.91 6850.97 
309.404 2376.67 8711.42 9349.88 3465.2 7927.13 1579.28 999.902 4300.96 1924.12 
3468.13 8418.66 7868.41 6481.06 1479.34 5087.21 4066.78 945.563 3370.75 6759.12 
6683.42 8747.15 8378.33 5285.49 9834.41 5369.67 6761.18 8075.2 7911.21 3489.07 
4926.15 8220.61 5865.74 3637.54 7570.47 9330.94 1564.65 9149.75 330.824 5865.61 
1073.85 3798.95 4284.26 8942.26 279.999 5763.6 4029.46 4346.77 6709.16 7400.2 
1105.88 3392.56 6147.34 9484.21 8678.06 5981.73 4853.85 5439.22 4056.9 2765.04 
8928.29 8983.05 985.634 4794.01 2620.58 8556.1 4124.93 4185.23 7705.84 4455.76 
50.8271 8779.69 8254.71 4335.09 7721.94 8534.71 98.6703 1751.38 2881.47 6807.83 
9151.58 3987.34 200.38 5298.9 3471.53 8878.44 1280.61 8325.39 4317.64 5337.51 
1090.41 3245.91 4320.54 2076.05 8039.92 6941.12 632.133 2164.84 1126.33 8337.97 
6620.59 1177.16 7117.65 4875.29 5512.25 4839.57 3409.98 5610.92 6590.94 6291.45 
2418.73 5742.51 278.774 2619.11 1041.39 3750.31 1497.53 2322 2075.67 5815.17 
7659.51 3166.09 9061.08 1980.04 5242.13 7100.98 8921.16 5874.26 9265.81 47.4728 
4212.22 5886.39 1224.63 1329.85 761.658 6736.88 6169.42 4171.64 2347.78 2760.34 
463.067 4766.51 8502.85 741.841 7385.62 9544.25 4492.15 8883.15 1866.23 6567.82 
4698.3 9525.74 9733.91 3759.36 1505.77 4976.02 860.321 426.909 850.268 126.118 
474.382 5062.49 6012.51 1699.01 6392.33 6774.17 8435.89 2561.73 945.786 783.648 
5322.07 1408.85 5550.15 3824.91 2150.69 2935.76 3369.14 6642.84 1818.89 5235.37 
3210.64 6517.19 4761.1 2944.53 276.533 6266.86 7920.56 1136.85 6693.77 8770.82 
1262.97 7168.15 3833.29 7275.48 8867.17 225.611 4049.63 7303.04 2787.34 4995.41 
8086.69 8109.42 6404.27 3636.83 1934.31 8554.96 6572.58 5303.45 5197.78 8391.47 
538.801 8408.43 4908.65 5299.9 1352.95 5185.18 1566.74 9273.5 6322.03 8260.52 
8044.31 7585 5428.65 1877.59 4860.47 4295.81 2103.2 8910.09 1598.83 4890.54 
3905.49 9685.52 2999.94 309.74 3322.33 4934.25 8864.7 9894.91 237.681 4062.47 
8286.36 776.482 2470.88 3194.99 6076.38 3823.83 8380.17 7643.12 3097.31 4702.19 
5903.62 1141.61 2287.17 1332.26 3019.19 7147.64 5628.06 5122.39 6057.72 7226.89 
12.9088 9963.21 6912.39 3012.85 272.931 234.7 7947.1 9137.63 129.591 8184.78 
3200.08 8415.96 8961.26 5670.97 1610.93 5037.62 9494.79 9991.1 2680.73 2592.09 
4693.27 8584.35 3733.7 6980.44 9916.61 6752.89 4128.07 5544.66 1875.26 185.766 
2771.53 1888.17 148.957 9683.92 4901.01 421.887 9918.63 2848.09 9559.52 48.1998 
1032.86 2759.59 8464.16 9994.12 8430.55 75.0689 5031.73 7925.33 66.1534 7712.45 
517.404 4759.42 6296.79 4251.1 1739.85 6213.38 1003.97 5867.92 1758.03 2879.23 
6053.68 4529.56 4767.39 6202.64 4213.47 9668.41 6624.53 4132.08 2516.48 6184.03 
4180.28 3549.34 8943.62 2644.41 3543.44 7374.15 2719.48 8575.17 5299.46 2785.64 
6287.6 5816.87 7545.06 2584.38 67.9504 9284.91 8797.76 1071.92 5152.81 555.77 
3951.15 1206.48 5085.33 8718.54 7409.12 9298.8 8386.93 4033.63 3430.86 903.392 
217.641 7611.13 4452.73 9161.26 255.529 7996.17 6535.39 2975.01 6571.32 1834.84 
5760.65 2858.91 7651.7 3305.69 5443.29 7719.65 2590.59 4241.03 8791.58 7743.4 
4796.8 2742.7 8949.88 9882.13 1461.23 6358.98 9180.91 9848.15 392.587 2611.75 
751.527 610.228 222.862 5204.26 9771.48 478.39 3200.41 6306.86 3453.4 9771.74 
8141.69 9214.05 2630.63 5793.38 2519.72 8073.92 3513.02 5110.31 2314.93 2304.58 
2853.69 7111.73 5047.28 1803.55 6993.84 6508.51 8162.52 6174.73 6356.64 8555.11 
8786.48 7108.17 9165.34 9009.34 2312.41 8936.81 9487.73 5512.83 5243.65 2941.12 
5284.55 3385.32 2155.15 7915.17 9178.71 4674.87 5989.07 2691.71 9785.18 8304 
4996.28 2638.86 5415.71 43.5489 4442.41 2409.54 6552.06 2604.91 8584.27 2908.68 
1160.01 7370.73 16.8322 325.331 6380.06 2329.24 9262.14 5867.77 7842.07 4505.77 
8808.89 3126.6 7891.09 964.021 1041.76 7069.78 5638.9 7030.83 9761.49 5424.06 
5334.81 4757.76 8062.92 750.512 4801.31 2505.31 3160.05 1353.34 5110.22 1744.3 
4262.03 6270.23 9115.04 4278.86 6595.56 5495.08 6608.1 5857.68 1362.84 4450.15 
363.431 171.707 7576.75 8254.52 1135.73 8618.5 5324.29 6774.62 5649.32 5085.76 
2198.67 984.113 9843.52 261.569 1734.62 4644.81 2766.88 4894.67 5998.15 7877.1 
6638.98 260.162 4147.31 5754 4539.02 742.85 1249.06 1147.1 6600.53 2611.9 
5597.26 6963.96 2783.61 3173.99 5218.47 3919.33 1792.48 542.74 693.94 7441.79 
5628.5 2892.61 8425.9 5472 3154.18 160.512 116.796 5921.05 5055.19 6114.95 
3798.13 1694.15 6375.11 7945.44 7448.15 914.114 8688.29 8697.21 2061.22 5288.8 
1309.1 7658.47 2252.75 4092.7 832.443 7471.22 8012.04 2624.92 8013.96 8705.98 
66.693 3642.44 1598.57 8492.6 9114.45 4752.74 8653.11 9231.24 673.78 3708.28 
5346.17 4471.91 5402.43 1721.27 2417.34 2850.56 2635.38 1105.61 1547.76 4696.6 
6394.41 2856.86 2355.06 8647.16 6949.56 3187.5 6118.36 4961.58 5812.42 4132.3 
3667.54 5879.11 7774.74 5266.11 4371.69 6889.17 18.8385 3024.78 6120.39 692.618 
6733.06 1466.55 5164.53 2135.47 3187.81 7581.87 4986.03 5823.2 8687.48 6533.79 
519.78 5081.87 9390.65 2874.84 3729.02 6340.2 6062.33 9847.37 1301.76 1874.73 
3979.65 4969.31 7753.84 1754.37 235.402 2125.52 8643.54 254.241 5150.3 4763.91 
946.859 1883.34 6230.45 6111.39 4018.81 9418.27 3693.24 9004.85 5241.45 2380.7 
5538.63 5761.23 7462.57 4929.26 8636.06 1191.57 1269.44 4698.38 1038.93 2571.21 
6573.11 5018.58 7540.51 4326.94 6772.95 7775.92 6452.46 5416.47 8030.16 1602.74 
180.362 8977.02 3486.08 6410.82 5088.39 7504.89 5829.07 8781.63 6509.72 1070.5 
1162.32 2048.33 6831.73 8624.89 6977.59 5467.78 9816.46 8247.04 166.14 855.372 
818.224 6739.25 5873.95 8358.74 1066.18 2646.89 6134.64 7518.63 8063.36 4164.78 
9121.37 8243.72 3141.78 2607.43 4654.52 8230.17 112.308 483.569 7011.78 6622.03 
1554.07 8174.1 8670.36 8385.8 6798.97 5647.94 3853.56 6615.42 3894.96 4019.7 
7470.79 4713.18 758.936 3344.72 3071.9 1825.11 5991.61 9206.54 9343.75 4054.95 
3371.3 8465.1 2298.65 6513.08 1072.52 6953.16 4743.23 1184.82 7436.73 1755 
7806.85 8990.8 9929.1 6477.2 7376.58 6728.05 2125.12 1230.12 3343.45 6020.08 
5249.82 814.218 733.243 6008.76 4158.94 3805.15 7833.87 150.528 3011.67 7177.6 
4205.47 6382.97 5642.68 6504.12 2896.03 6715.2 3457.27 7639.26 7900.02 893.981 
9394.26 5706.86 9884.78 9323.33 2184.04 7261.35 6051.37 4309.17 8491.47 9394.82 
329.228 3741.27 209.016 1062.47 9750.03 4367.96 4867.62 7583.88 4518.48 7879.28 
4761.47 8723.96 4262.23 404.132 5228.06 7158.26 7119.33 8685.33 4797.51 5019.33 
9579.31 4191.75 726.174 9464.07 3515.06 2910.22 6725.4 9566.43 7219.38 5216.85 
8961.23 7548.61 8958.13 9170.25 8611.08 8708.14 3538.19 3478.68 6292.01 8056.67 
1357.94 1053.46 6780.61 5620.18 1457.59 2008.65 2778.42 8576.92 693.96 7575.93 
3596.23 273.249 1767.66 4322.41 9737.32 5282.72 7232.62 6462.7 4849.14 4451.99 
1679.54 3810.35 2000.58 637.646 2980.58 611.642 9345.79 6518.76 4090.32 5637.78 
4575.42 5448.26 6691.23 1356.01 1068.42 8148.82 3364.66 3846.85 6725.72 4058.62 
1422.76 321.936 4331.87 3190.42 4644.34 4069.17 8473.14 1876.95 531.854 3322.26 
6328.94 2211.39 7132.61 8329.52 2849.04 113.169 8941.16 2194.8 6631.93 3031.46 
7832.58 1207.33 8479.73 4523.8 2563.34 9548.15 2672.6 5928 3394.98 9398.32 
9986.62 4817.74 9720.26 4318.47 8008.16 4364.58 8387.64 6481.28 6241.53 8919.5 
9803.53 2570.45 1130.87 6936.12 899.951 3979.91 7049.29 9841.11 6174.71 3681.21 
2872.55 4007.28 4888.54 1352.26 8531.07 7451.88 900.396 1203.66 3379.87 4295.38 
601.958 3366.47 9113.12 322.198 7684.94 7121.25 4686.78 6072.57 3602.51 928.295 
4992.05 3406.03 3498.75 6122.92 342.137 4398.7 102.812 7391.43 4239.79 6277.52 
1072.62 7112.34 284.784 5961.16 8464.61 8815.86 3413.02 9365 19.4945 6792.89 
3660.36 621.453 159.344 2773.46 943.651 7844.29 9894.72 5630.43 3916.84 3497.21 
6558.73 8908.89 6903.25 57.4566 5031.79 7245.38 4456.15 5134.61 4636.79 8695.94 
1412.11 5709.41 5808.27 1696.9 1670.55 4272.86 512.737 5083.58 3637.84 532.231 
1876.45 7298.21 1153.68 2035.79 71.6517 2097.34 9880.08 9966.37 7727.77 3796.91 
3463.57 4286.48 2705.78 366.795 4343.93 7737.57 7612.18 8800.09 2872.16 2248.95 
7496.01 4284.28 7958.36 3304.27 5981.17 9628.92 7577.13 6493.91 4712.48 1214.95 
7026.14 6588.92 8513.16 8179.83 8624.72 8584.81 277.145 8504.78 8551.16 8004.91 
2301.67 2014.71 2291.37 5007.45 2381.51 6635.31 2745.01 9993.69 5435.38 5617.17 
2242.62 2931.37 9901.45 200.968 6235.64 5882.6 9829.88 3812.75 2376.5 4542.34 
5027.7 9402.64 1131.25 3540.85 7582.45 9755.97 2125.64 7859.6 8260.73 676.789 
5864.49 562.382 2691.5 8155.86 5569.83 5073.01 4791.15 8314.84 5066.68 226.51 
3931.99 7309.3 3157.88 3833.42 7510.27 9393.52 9716.02 7340.14 3206.25 2092.5 
1882.46 8233.95 1495.13 3013.71 1774.78 9077.58 2769.66 3900.42 6937.16 1030.37 
4577.21 2801.63 1592.75 7268.72 957.481 7162.59 2341.71 5748.63 5477.4 7408.39 
5975.14 9409.39 4717.67 9133.02 3242.79 2227.92 8526.53 2958.8 9568.06 1732.76 
5051.3 1450.5 9966.72 6546.43 4464.21 1741.48 5623.99 7233.87 5641.91 2561.14 
8264.24 219.105 5362.77 9857 7487.82 6320.25 7019.57 9829.53 2068.87 2496.95 
7237.9 8044.01 1906.33 1955.55 7177.02 5149.12 4183.47 5703.53 8107.92 3751.51 
7436.29 3159.21 5202.01 7403 9705.64 9666.23 9144.48 5329.61 6900.08 4786.37 
7890.75 5164.31 5005.48 3253.5 5021.29 2493.28 9573.76 2040.84 2322.79 1642.61 
4537.79 9560.69 9686.62 6444.12 1516.22 6863.62 1593.23 5699.7 2567.13 9701.15 
9451.21 3.40657 2860.34 4653.2 7406.4 2565.96 4319.41 6550.87 7895.57 1219.48 
1337.22 5786.31 6383.78 6342.7 9039.81 1405.05 8835.97 8613.55 3445.89 1158.75 
256.141 7983.68 719.421 9942.76 4427.79 2235.64 6806.36 6021.02 7935.34 9373.48 
5722.15 7386.53 9376.89 8582.49 2039.72 6783.28 1148.43 6359.13 3334.13 9044.01 
7578.61 4671.35 4830.3 3962.37 1014.02 3870.1 5367.43 9850 2483.63 8813.32 
1008.73 2739.77 6796.99 1728.15 2682.51 1224.76 3963.8 9488.87 7245.78 1899.12 
8862.34 2967.91 9285.65 8239.21 1550.38 1325.35 5022.47 2698.82 7684.48 8356.6 
1742.81 5263.07 3027.93 6573.11 9225.45 4041.95 443.185 4592.86 3891.93 2926.82 
3406.16 4900.66 5666.59 203.132 6628.82 8349.1 1427.89 592.595 7837.95 8673.67 
2491.71 6700.27 1641.56 1777.35 4939.47 3191.95 3102.7 9961.94 5890.76 787.165 
8318.52 7633.57 6050.24 1346.43 4206.66 5275.67 5388.38 4649.85 9868.53 9280.31 
7576.66 3274.67 4180.95 3243.23 3477.81 809.753 1592.32 4905.7 1402.35 9430.27 
3579.35 3894.06 6130.53 5220.92 5671.41 1069.98 8412.86 8774.11 1031.9 4303.61 
9561.27 9350.42 1937.16 5611.49 696.827 6143.82 887.148 6085.2 793.651 755.66 
5365.49 8370.31 4030.33 9546.45 1613.53 7508.14 356.182 3205.85 2413.82 1758.53 
2636.11 5993.17 5652.59 8766.64 1214.07 1323.98 9836.62 9626.94 98.0703 868.501 
3930.53 9659.34 218.903 5867.69 5270.82 915.73 2011.5 6157.97 7000.93 2805.15 
6913.63 2366.41 1175.44 943.943 1912.84 2788.98 8452.08 2269.02 5994.83 865.888 
4027.55 8630.93 6859.06 9680.14 7397.55 8073.13 1004.1 7234.16 7700.05 1102.17 
8102.66 1630.57 761.495 8321.56 7498.26 6032.31 9237.29 9509.75 2190.26 6238.2 
2314.89 9103.89 8604.61 3490.33 47.8168 517.429 6279.31 8499.9 2786.45 2274.12 
9365.79 6813.99 905.034 6224.83 6494.11 8302.59 4297.95 7498.21 5536.73 1997.99 
8600.38 3639.37 3628.55 9361.88 1960.91 1126.79 5394.17 1198.18 636.53 7584.44 
7436.38 2951.42 6688.31 6040.98 6441.75 6736.13 6558.41 2721.04 5236.01 9344.85 
4995.16 4601.78 6158.83 5900.19 826.596 2652.92 4202.76 5124.55 151.113 9739.49 
7122.53 8751.49 3378.84 751.068 8113.35 5339.75 1877.86 3507.51 6537.93 2514.39 
1091.92 3974.3 5465.81 7780.23 15.2572 1907.54 4516.34 6573.66 4628.58 9752.35 
5918.5 9623.73 4354.11 2077.31 5523.91 5180.71 4730.23 9726.67 305.238 4881.34 
9466.14 7427.77 3632.82 2844.96 8178.84 1746.15 8184.71 56.681 5253.66 4722.62 
2571.07 6345.58 8696.92 8036.88 4125.8 8712.17 9944.41 8642.14 5285.82 4572.97 
8394.47 1204.3 4196.69 2748.57 3281.61 9720.59 7929.28 8011.84 9447.24 8234.52 
2893.17 8913.37 5662.27 6525.99 1758.31 3841.09 8272.14 9943.02 3897.77 3525.78 
4665.62 6468.84 9871.37 3362.53 4505.7 3997.15 2074.68 4450.1 2639.27 7360.5 
9023.07 1033.73 8564.81 3219.74 3782.3 1846.4 2940.32 1711.56 9858.25 2387.54 
9946.08 2751.4 1300.89 5608.33 9277.38 3059.2 9449.42 7549.51 3002.21 3347.18 
1075.28 7667.83 9816.02 946.625 1030.34 4321.71 4943.77 3105.02 8771.8 7583.04 
465.511 7794.86 8616.77 9030.32 1014.58 2399.05 876.707 3954.9 4110.61 734.936 
6342.44 4056.67 3486.33 7643.33 9665 2763.7 702.521 9114.4 313.194 3704.73 
2461.56 1388.47 1372.54 2277.57 2335.09 2402.88 6599.27 7278.87 5507.91 5371.06 
4861.9 5973.42 3165.9 3478.65 5003.72 4180.49 5877.7 5880.42 8135.38 9988.31 
6615.36 4477.81 4044.96 101.677 2121.13 3709.95 2865.38 2823.65 2824.33 3178.57 
6528.38 5285.89 4567.04 7900.92 7563.46 6902.14 303.782 4162.72 4180.99 5811.69 
9533.78 9042.88 1785.09 2699.66 2521.52 6788.8 6880.15 8399.22 2669.21 5015.51 
8387.51 9284.57 9493.32 2432.46 9386.25 1614.43 6142.41 2251.61 4438.08 8966.74 
5430.19 966.438 4252.62 9997.23 8867.36 1816.06 6899.35 9171.14 5978.77 1080.32 
4982.81 5512.53 123.189 6767.9 8212.2 2644.71 3556.68 5092.33 1043.91 6225.9 
107.825 9431.42 5510.45 9601.15 1863.87 4896.69 1215.57 8006.28 7148.3 5653.65 
6973 2578.47 6620.08 1225.6 2575.68 5487.42 3041.65 9475.03 4658.54 9020.43 
555.337 9641.35 4532.94 678.526 6409.23 2745.12 3323.23 9965.91 7837.45 4367.14 
6191.79 7945.27 3798.54 1702.22 7546.41 5662.41 6598.91 8761.97 3668.67 3747.19 
4415.6 641.651 6325.66 1035.67 1867.25 8901.34 6523.09 4908.9 8376.36 1181.61 
3929.31 8931.69 822.949 8462.25 9610.22 7232.18 1207.36 2933.43 7198.07 9044.81 
7300.57 3389.84 6990.06 1099.1 5092.07 4536.45 6761.51 1690.96 3298.41 430.162 
5438.15 7714 1071.81 1763.79 8749.67 2939.06 665.115 5272.74 7847.96 9041.47 
6454.36 1777.26 7973.15 7277.31 239.492 7583.35 4509.47 1446.85 516.763 1707.52 
491.642 7817.34 5097.37 7481.71 8916.43 189.418 2018.14 5677.93 1880.38 5316.55 
6108.09 7318.53 3030.54 7179.9 9082.32 1780.19 118.946 9747.44 7052.94 7966.91 
8788.89 3507.28 9744.16 6762.02 784.565 9983.65 4345.35 5294.03 1430.49 4862.11 
7001.55 1922.13 2679.43 2098.9 9403.84 1595.85 2288.32 1421.96 7273.77 4168.7 
6738.51 3381.84 1487.21 9769.05 561.728 569.517 1549.23 680.673 316.936 8602.16 
8647.58 9105.83 2109.42 8391.73 5867.83 2893.99 8375.36 213.159 8188.02 9805.85 
5075.27 5189.56 1727.97 7754.7 7288.46 1131.79 9350.55 9576.78 2553.75 6624.3 
3745.47 9292.27 6.12878 5232.68 9061.3 567.857 5802.19 610.513 1248.53 6119.13 
9212.68 9896.11 5224.94 1322.08 8287.82 1092.75 4216.07 6663.16 1305.91 2404.07 
6469 6381.18 7593.62 8196.96 4135.87 4882.06 9328.75 3486.4 4458.83 1882.49 
110.682 8204.29 1174.74 116.811 3436.96 236.02 684.667 9239.15 846.533 1933.2 
5358.26 59.1924 1829.29 583.187 1381.27 117.092 1675.94 5597.34 6780.26 2981.85 
8001.41 3249.24 9363.03 5595.01 1446.19 3498.88 477.061 774.92 6985.27 4935.89 
2657.41 7095.96 3140.17 3832.14 7212.77 6577.12 4068.16 7897.43 5816.25 4914.7 
9830.63 1174.5 4973.89 1659.91 1757.69 6355.16 1777 3433.63 1952.48 8557.25 
6415.47 9953.89 1806.47 5778.48 5548.89 3252.66 9277.36 6025.95 4027.58 6262.62 
961.82 6684.99 3358.56 4101.99 517.112 571.308 679.092 4585.27 8468.74 6495.35 
9499.97 8299.36 7669.85 4473.84 9959.26 9427.54 828.984 1736.24 2861.14 2781.47 
293.479 9276.62 2735.34 2099.95 5055.09 8284.23 5352.61 4332.43 4310.16 9380.19 
595.033 5271.98 6065.16 3953.59 9373.96 6582.28 4524.9 53.0405 1167.53 2993.63 
6548.39 667.486 1292.97 4218.22 5141.33 1252.21 3645.74 5970.31 2988.46 6506.88 
8751.78 3281.93 5783.48 1487.1 5381.89 838.552 9771.33 734.484 5170.98 4081.47 
114.661 5766.02 9353.45 6179.82 9719.61 8727.4 2762.08 4244.49 8780.44 3929.62 
7238.11 5328.81 4597.1 8531.08 9547.03 9738.43 9783.29 3192.75 5708.73 2771.73 
9699.63 4460.49 6053.66 5483.1 5947.59 1435.53 6321.65 5718.91 2170.02 1492.62 
9800.38 2284.68 7258.63 9153.82 8464.5 6978.22 7881.2 1226.57 1222.69 6661.63 
5156.19 8460.81 1990.42 9753.29 6991.87 1537.43 9491.71 6775.15 4730.18 5200.42 
9546.88 4429.8 9660.91 5600.52 9912.9 5608.48 7036.06 6234.54 1327.37 9206.08 
7727.15 1127.74 1490.74 4985.77 281.543 9955.24 1963.97 8162.74 1181.8 3186.66 
4824.35 6337.99 1647.46 6814.77 6091.26 8639.33 8352.21 5582.96 5414.46 3082.38 
783.355 4961.32 7512.18 444.244 561.825 7425.06 6052.73 7597.88 3659.58 7380.1 
6803.95 1386.71 8507.84 8294.69 6372.48 8789.38 8249.91 8336.45 6952.11 9431.71 
1523.1 1776.45 5769.68 3170.56 8591.22 1860.93 1809.87 6943.42 7443.88 7224.32 
25.7742 8227.24 2185.62 7537.95 8671.48 2747.45 4963 4724.19 345.317 8622.58 
2104.28 7149.26 9.27251 612.102 5443.93 6381.75 9401.49 3693.83 4718.19 6353.58 
3125.52 6241.29 8130.03 8895.2 9411.85 6721.24 756.112 1221.7 3664.64 8200 
8446.02 3690.41 6427.22 631.624 1228.35 5098.68 3379.07 6191.34 9822.88 3724.39 
4813.9 1927.13 873.634 4823.17 2539.24 6317.57 1204.91 1940.71 11.3752 5923.1 
8294.29 3136.9 2164.37 6424.3 2032.08 1576.2 3145.53 2788.19 2797.9 6810.16 
988.17 1243.9 500.559 7415.39 1875.52 1728.91 2514.05 5254.6 7920.25 2336.91 
8978.99 2734.13 4264.04 9852.62 7557.3 6803.28 6170.17 8762.21 8743.99 6181.54 
4685.29 7038.26 9318.44 6849.67 3462.54 1350.5 8425.87 6608.07 4138.69 1223.75 
3418.22 5126.86 2467.65 3918.78 2542.23 4343.17 5647.68 5056.28 9597.77 3567.91 
7393.19 8576.74 6302.04 1657.22 8429.34 3859.33 8460.5 4599.49 2621.52 7204.47 
781.019 7306.81 4242.71 99.4409 4156.46 7705.25 1449.94 2582.32 4313.3 5588.64 
3806.07 7731.52 715.481 6273.72 1650.28 3257.71 616.877 7297.96 8314 214.631 
865.859 5707.17 8791.37 7167.9 7364.39 7220.69 1027.21 5824.87 1820.17 3648.73 
3029.32 2601.19 955.529 7272.02 2700.63 5111.99 4977.25 4150.57 7694.31 9290.56 
9739.21 1500.36 7022.06 454.671 7774.08 8672.35 3712.38 8390.96 5970.29 2026.36 
8605.59 6836.15 7733.53 7396.94 4004.04 5097.9 4617.62 5031.25 922.748 6437.79 
8679.98 3952.06 9038.98 9635.51 1224.07 1739.59 4747.48 6201.32 5890.16 2441.77 
5491.86 5629.35 3942.14 2513.91 6084.02 1716.2 1186.24 9796.4 107.136 7156.53 
1822.75 8712.72 3992.67 9556.28 6109.65 7996.71 4654.16 727.244 3027.94 5576.91 
7165.03 1707.9 9528.97 6203.99 1343.39 753.021 7943.58 6090.87 6954.34 3833.72 
8532.64 2446.19 9463.07 2474.76 4960.1 5547.08 4190.96 6146.34 5343.46 4298.1 
3302.86 7166.21 3010.8 7295.53 6722.47 9120.45 5292.22 1376.61 9847.69 8320.16 
6953.52 7012.7 28.0347 6482.47 3216.68 1371.42 7235.5 1160.24 7462.29 4189.82 
4993.96 5994.92 6636.01 4457.01 8469.68 1596.1 4.07464 2660.62 7742.45 5347.54 
6958.72 1045.29 2513.73 9969.52 8340.82 9236.21 9089.95 3633.02 612.804 8937.62 
1953.16 7566.32 5950.31 1981.2 4048.78 9166.99 3352.62 1284.26 327.208 814.89 
5474.08 5321.17 6809.81 2110.08 9778.18 5279.47 3706.18 9782.26 7940.09 1448.61 
5129.78 4898.79 2493.9 7643.51 4868.29 834.703 6879.7 3958.23 4467.73 7492.51 
2895.83 6420.89 5058.81 8846.14 8402.08 9107.6 8013.11 1754.68 391.841 8340.32 
2569.57 5865.92 3661.47 9379.38 7976 3439.64 4658.83 1682.17 3221.88 2598.91 
3130.78 8351.65 7497.7 5624.68 5995.15 2365.98 6459.38 2874.84 6324.21 927.088 
367.326 9220.04 7347.98 5426.14 8066.17 5750.04 4533.72 6079.26 7504.72 4925.56 
4419.57 74.2802 791.468 8081.04 9453.66 8767.47 1520.66 4112.48 449.623 4742.53 
6711.39 3580.4 3094.17 4209.07 9205.08 9089.32 6575.06 5664.44 1964.14 2899.25 
6591.53 2331.46 2119.27 3939.49 7757.6 185.418 9689.53 2291.31 6264.68 7194.23 
7216.87 684.229 7268.51 8008.34 8765.27 6722.16 6775.79 285.904 834.621 7225.41 
5028.44 7546.01 805.797 8122.6 1755.07 10.8571 7211.9 8330.12 5675.3 9176.04 
1229.35 2266.81 1507.49 3348.62 6206.29 9265.09 3534.04 5895.8 1556.38 9798.72 
3090.02 8773.25 482.931 358.518 6781.56 9248.2 7080.68 3557.34 9534.1 7915.3 
782.734 4562.52 5461.29 1588.53 2685.1 7216.36 1599.39 9897.01 5546.46 7274.69 
9073.03 6775.81 9541.49 580.5 124.416 5747.77 9845.59 3658.45 1643.55 1401.95 
3457.16 4733.58 175.18 3940.09 5092.09 6956.74 3188.27 2172.75 514.065 2722.35 
88.0317 1296.8 7284.87 5549.32 2885.33 9969.97 2765.66 4484.72 9866.96 8312.12 
1759.39 8939.98 5087.92 1300.86 9520.48 5212.33 7048.63 9366.05 8870.79 8692.19 
767.982 2327.93 3425.75 943.162 6268.01 8517.84 7899.91 9456.28 690.573 8413.97 
2178.61 778.605 9710.77 9463.48 6327.93 2596.09 9433.44 9093.58 7080.8 9300.38 
7405.69 8840.19 8240.34 2493.59 141.04 7760.8 7705.92 7189.67 7126.83 6576.69 
5881.84 7894.82 8904.61 9307.59 8837.98 5172.61 7825.41 6737.87 4628.87 8515.98 
5151.82 6807.48 9294.59 4862.58 6270.95 5622.5 7458.66 5704.36 4716.06 4539.45 
5004.73 2121.74 3379.63 3245.05 4615.32 3520.66 1005.84 2321.22 710.319 8132.67 
8897.91 6592.16 6027.47 7802.51 5899.73 4865.43 2975.1 3725.12 1603.28 7603.97 
2241.09 6755.1 4411.44 1535.66 1617.66 682.366 7158.15 9076.32 6386.73 1874.2 
3615.75 1391.44 3995.94 6995.38 4636.49 8611.26 516.027 5642.33 932.465 1226.35 
3774.98 9830.38 7818.51 9802.45 7632.87 3718.22 4667.87 607.949 7443.35 6271.15 
8211.92 9684.43 3026.23 2623.34 1220.08 4643.89 3305.71 8378.23 3720.2 9692.43 
252.413 7335.95 1083.86 4248.35 4331.32 5720.35 2859.59 4847.34 1362.66 3792.05 
6073.69 5137.65 3622.41 3892.18 4940.08 1255.26 7610.41 9607.95 1863.21 5053.73 
5879.08 75.1157 4738.15 8905.31 2698.46 5958.23 3549.19 6004.16 4336.44 7269.39 
5696.58 4588.85 4605.33 6780.44 8837.2 8936.65 2500.77 1696.78 3783.97 3863.44 
5488.83 9857.67 9001.08 9111.24 3749.83 3941.15 366.491 1360.22 3549.08 2229.7 
6413.95 9428.16 2304.82 1152.09 8333.46 5003.27 7110.32 1882.63 1007.42 1446.74 
9152.03 6704 6035.59 3757.34 3484.42 4872.78 2693.97 5985.19 6569.55 6477.94 
9848.62 2058.37 6335.59 8849.69 1169.59 85.404 2790.82 1536.08 1445.62 6339.9 
3765.79 7859.58 5768.05 6070.61 9011.67 4101.49 1073.86 6121.97 5984.13 2081.28 
7568.7 5136.14 8785.28 3604.28 8893.47 2269.68 8477.06 1587.42 8254.87 5046.59 
8065.37 8103.48 7104.96 4400.94 6953.15 8274.55 4486.34 9743.97 9810.64 5931.97 
6083.86 3576.41 3791.53 1851.89 9647.02 2803.18 5953.38 720.862 8925.14 1937.49 
2802.14 6493.83 7073.63 1587.41 98.0911 5967.09 3857.09 8575.15 7554.51 2111.94 
3621.73 5619.86 215.406 726.671 20.7821 7168.56 9001.22 4507.12 6912.52 8811.85 
439.075 2996.36 2388.24 4230.6 4848.25 2035.24 7033.78 801.618 2756.1 5958.9 
2739.11 5558.24 2452.71 9812.74 7145.65 2550.8 5779.81 1002.72 1125.93 3334.3 
3114.67 4747.66 8954.16 3330.07 5474.33 8974.95 498.616 4475.54 3482.05 7411.13 
3287.37 3921.13 407.472 5675.61 8151.73 5255.72 7710.85 5185.49 6057.34 466.93 
1144.37 8796.45 6025.17 3597.08 8609.18 3170.81 6147.89 4388.97 4173.53 7273.82 
7723.27 7288.2 2021.46 6677.42 618.261 7495.79 5652.35 1116.88 1971.32 9134.4 
8528.01 5258.69 3055.51 8935.48 934.28 1207.23 4191.19 8645.13 6392.72 248.511 
9112.06 7537.09 9044.96 5137.21 1134.15 7654.12 8308.03 7282.04 2043.08 2481.54 
4555.84 9766.35 9769.75 6577.31 6443.75 387.991 4073.08 2096.08 1504.87 6044.4 
1230.47 32.8585 1303.07 4285.98 8968.34 2237.35 5493.21 3159.51 882.461 1885.91 
3408.02 9994.52 9422.99 2452.97 5131.72 557.131 107.073 3439.72 7839.17 2150.15 
5921.27 2394.99 1916.48 5691 8972.3 8360.23 6078.99 3045.37 456.299 7583.86 
9089.77 1686.77 7616.71 392.822 5972.75 6585.04 2630.17 1465.94 9744.54 3512.63 
3351.85 3152.55 3507.13 2774.82 5605.51 8638.85 3331.95 5712.59 2078.56 1171.11 
7862.74 7999.83 3566.1 9779.22 3690.81 2538.39 8139.43 9769.79 5583.75 8595.73 
7353.63 4673.5 282.482 4970.33 5066.32 6255.23 1555.35 7696.5 7721.17 1299.88 
1209.11 1073 4452.43 4716.25 3847.82 57.922 3355.08 7179.78 5770.51 5433.64 
8350.88 3633.23 3433.45 1916.97 3412.43 7124.25 4455.35 1551.84 6894.03 39.0875 
147.558 4247.65 4712.59 430.04 9217.98 9778.91 6685.27 773.309 7475.39 4406.42 
2073.19 8684.5 5479.42 6525.61 3400.73 9327.25 6583.53 6755.81 6507.01 2354.03 
2189.43 4857.87 5987.25 5622.88 6774.84 9399.68 2747.12 1230.18 951.507 9641.15 
1269.27 1099.06 3888.78 5981.86 1529.1 3106.74 5760.75 8214.38 3880.04 3236.13 
2620.78 5953.23 1920.62 8100.21 2478.83 5321.35 7427.44 9062.36 2077.15 3934.43 
1416.37 4266.58 8792.3 7403.62 9889.46 5567.13 6803.28 2636.56 6797.31 7754.79 
2277.69 8066.57 8853.86 6166.47 4048.41 382.944 9273.2 9809.17 8597.32 3153.23 
3045.28 1218.08 9106.46 4965.89 9318.29 1585.27 287.225 6745.71 647.611 2364.37 
680.125 2063.98 6630.95 9472.43 9467.6 6520.39 5039.54 6270.87 9156.95 1836.83 
4025.64 1434.63 9903.41 2879.48 7601.09 3951.8 3262.42 6874.28 3760.95 1859.72 
27.4883 6806.22 3077.81 9133.95 1772.1 2396.08 719.2 2059.32 9141.8 1366.81 
4423.7 9821.92 3430.79 1054.63 9294.33 2898.37 7575.02 4333.86 9169.23 6731.96 
6170.69 3194.86 8166.59 6074.08 6074.34 5767.66 25.8625 9336.76 2641.92 3786.81 
1196.46 2669.41 593.02 4274.27 1803.34 2365.12 6670.36 2522.54 4424.44 5812.14 
3889.35 8848.14 5634.04 7320.14 9902.77 4928.36 218.494 7477.78 9262.21 9387.73 
4209.72 5432.88 2582.57 2376.29 1506.95 8656.9 8143.95 1532.81 7993.64 785.859 
5319.62 9190.11 3455.27 5912.64 3464.37 5258.61 8277.76 134.706 7781.15 2702.19 
5946.84 1670.49 1550.31 1580.86 8990.63 1453.06 6509.22 9209.12 8930.83 5771.42 
8596.84 3140.54 1204.28 1179.39 5516.83 2711.23 9836.29 3660.76 4244.04 7829.92 
4446.62 9563.66 7020.01 7901.89 5476.28 484.359 3160.49 3754.02 619.065 941.623 
6456.21 6565.91 2612.11 8006.52 8146.77 1602.73 9459.58 4655.97 811.835 8390.4 
427.371 9408.67 1530.92 1631.65 588.04 7047.75 4342.88 424.314 708.494 8586.92 
8254.23 5155.12 8150.56 5274.23 3056.99 3626.82 5758.58 6217.48 7380.85 6377.65 
7159.1 3837.04 2943.54 9771.21 1843.54 1090.29 1373.93 1303.1 5746.26 2185.76 
9693.5 6173.63 1594.41 1224.4 7805.29 2182.45 8272.15 2148.15 2606.77 8980.64 
735.058 860.982 4135.74 8885.62 6135.21 7192.74 2512.43 1893.77 3410.2 9893.28 
8271.42 569.283 3730.3 1214.95 340.481 5573.84 2305.24 1714.41 6876.95 8051.5 
3900.17 6570.43 4225.12 5494.58 7794.83 2030.39 7677.03 6066.97 4178.55 283.782 
5047.6 4913.6 1144.76 9183.34 3799.21 7279.97 6376.06 6311.63 9173.75 9786.26 
6204.89 7445.15 355.522 9935.19 8660.1 696.003 5509.02 965.318 2410.41 2385.94 
9016.82 6310.58 8956.38 3241.92 1805.14 6751.19 5272.31 9482.17 2818.14 9450.86 
9765.95 7865.74 4364.45 910.698 7049.06 8163.65 8190.67 3425.1 4475.27 7364.4 
3211.34 680.144 4809.53 3566.86 615.319 3469.61 4262.86 6124.33 4434.93 6673.27 
8510.28 3451.73 2983.83 7466.64 6693.66 4788.97 4217.81 1965.95 4271.12 7035.96 
1416.79 4037.06 4901.68 5781.24 4947.75 1950.72 3944.87 3138.41 5375.82 8420.14 
502.787 8587.16 9100.29 5312.32 2154.01 9715.61 8781.93 6416.87 5839.92 3216.85 
3090.13 4350.18 6668.58 6073.96 1816.8 3362.22 862.911 6034.62 5328.18 5134.03 
3070.56 6744.97 9171.09 7972.23 2526.19 4118.82 9922.95 6471.06 7257.23 5298.76 
4891.19 7760.02 3885.91 3991.46 3072.32 6039.91 3707.05 1854.24 2456.77 9546.97 
5071.09 5546.9 3897.14 1739.65 1620.84 5713.94 5101.88 2483.75 1748.54 430.035 
7617.78 4819.1 7175 6788.85 2791.32 9701.19 907.654 2714.25 6172.24 8164.88 
8013.01 1063.41 5924.88 1898.9 5054.87 8997.2 7938.81 8761.92 851.418 395.564 
8308.88 5922.5 5942.46 2206 7662.16 7563.3 7919.95 2764.01 47.0267 9668.49 
3194.05 7664.81 4487.57 369.036 4453.64 7278.89 70.2122 5361.29 9993.14 6242.45 
3526.16 8006.14 7305.87 9451.04 9905.04 2360.72 8448.22 7843.83 1122.63 9299.64 
8239.4 9431.51 5222.12 4181.84 1637.49 2884.26 1745.12 9557.44 5648.28 1792.15 
9225.92 8842.33 9456.95 3713.47 9211.36 3910.57 992.342 9281.58 9271.86 985.467 
5524.01 2798 8991.6 2829.86 2249.02 8896.62 5190.58 697.225 6740.44 6313.21 
9996.86 4979.82 5744.7 5218.97 9161.66 7382.2 8103.23 906.765 6939.62 3751.49 
2698.91 6165.52 2593.8 2155.84 9878.99 1805.15 6066.42 871.313 1086.7 5338.26 
1856.78 6610.71 8136.26 848.367 9440.57 385.267 9744.99 4631.14 1082.49 6485.42 
944.332 1079.34 1465.22 6689.03 6298.31 626.868 4071.21 4401.52 1533.63 1010.82 
8153.01 4232.54 7176.34 746.794 6388.39 7055.31 2551.94 2454.79 7926.62 3638.64 
7793.05 9783.4 249.341 5929.29 631.75 9689.91 6314.56 376.725 4321.04 7397.05 
6862.14 5265.37 8476.39 8327.36 1954.39 4774.68 8954.23 6025.6 9176.2 487.848 
7036.42 7329.19 4720.39 4212.74 8075.99 1108.76 1268.03 627.912 3563.55 9194.65 
4266.56 1356.58 8978.03 4515.9 7285.87 9609.78 4205.8 3600.42 9986.51 8526.83 
997.451 6848.63 3792.18 9473.84 5175.98 5746.57 4248.5 4130.19 1772.15 3424.69 
4618.04 8808.57 753.863 9338.43 3021.29 8829.85 447.175 4289.31 9457.76 4010.72 
3483.94 3724.3 5367.3 2461.96 8240.2 2653.16 2071.72 2445.98 6253.58 2058.21 
972.792 7251.03 8906.84 4764.97 6724.85 4082.8 511.523 973.337 8212.99 2283.67 
4398.02 2831.01 1092.22 5151.89 2169.42 4113.51 3981.72 2616.6 8402.82 3439.47 
6627.32 1886.75 7163.77 1994.61 4348.71 5403.95 4647.77 6420.43 7849.93 901.328 
8478.64 8822.72 8152.35 7385.46 3587.68 4877.19 1468.24 4099.2 5850.52 9681.23 
6382.87 248.529 2512.23 7475.1 5400.42 4681.65 1588.59 9382.14 7298.25 9991.41 
2821.59 3925.56 1878.14 9985.35 5920.17 6226.85 5389.29 567.922 2647.26 3239.2 
1469.25 1125.88 2061.9 9621.6 8511.34 5649.58 4498.77 9979.59 9748.78 349.278 
9660.8 6131.64 597.807 2173.01 3606.71 5998.22 6854.66 5195.3 5380.34 4152.9 
5186.7 8201.93 8078.45 7064.84 8187.26 3998.61 3291.68 3576.54 4566.53 5938.94 
6815.74 6035.78 7064.82 8877.64 5657.36 5576.15 4527.21 156.119 5555.71 4275.97 
505.397 5216.5 407.589 1103.2 7389.51 4014.3 7101.43 4244.16 9209.61 2481.75 
8397.05 4396.29 683.659 6475.49 1461.11 8870.92 474.079 4752.79 2447.44 5040.61 
691.706 9263.18 1076.37 7756.53 8140.8 6733.73 3332.65 2667.99 6889.85 8888.37 
6943.96 7395.25 4104.85 7351.55 8498.45 1494.34 1365.83 5599.86 5738.5 575.423 
8081.61 4135.54 4971.71 8765.27 611.009 6432.82 7636.17 1085.09 1185.59 83.594 
6125.69 1877.29 9346.77 7202.06 9633.82 7487.56 3935.77 2966.45 155.529 825.607 
1854.81 7099.49 8220.85 5959.66 4451.02 6719.28 7454 5816.85 2319.12 3192.49 
6392.28 400.714 7328.02 1363.97 9165.98 7939.03 7796.79 6802.13 9024.12 8982.37 
6885.73 5149.8 859.648 6232.48 2351.84 493.448 3720.02 6287.62 3459.9 3875.55 
7113.22 5314.71 975.019 5334.06 1274.35 5426.04 2053.33 8728.36 1242.88 4372.45 
1920.83 7635.15 4773.16 9248.85 8999.12 3939.13 7187.86 6795.89 741.243 6211.97 
5778.25 7626.97 1361.75 6637.9 3859.43 3713.59 7131.34 7579.45 1.18669 591.23 
1454.98 7114.41 5905.94 2430 2448.45 7180.29 7856.04 4501.78 5908.63 9098.92 
8874.23 7829.46 6734.06 3647.37 7078.29 5733.16 7586.5 4266.14 2529.04 8327.74 
478.086 8307.29 5954.7 1839.83 4945.17 9814.13 5553.42 2076.49 7393.57 5554.61 
2667.72 8848.55 2669 8573.66 1278.54 5117.45 5753.94 9134.58 9619.23 1662.55 
8233.48 8493.43 9492.01 4967.52 2140.79 6570.28 700.667 9727.29 836.398 3229.7 
8055.02 1314.48 1536.97 4009.7 3154.32 6482.14 3823.81 8707.74 8558.63 1217.36 
4262.33 1226.34 65.8962 6931.33 9800 1344.43 2048.76 5553.92 478.997 1667.97 
7216.47 8712.48 161.387 6708.46 3679.98 2302.18 3278.72 4380.65 2029.45 4115.12 
7610.36 84.4562 5429.61 9147.33 4094.16 8583.92 5629.45 7917.97 7291.64 4188.06 
9135.33 1553.95 5414.4 9201.23 8485.28 5214.38 545.643 534.023 768.284 1024.64 
2201.99 7984.75 9737.12 2363.38 4693.2 3417.09 4665.56 7971.92 7797.74 6695.01 
2087.02 5408.08 6779.47 7516.63 4555.39 873.606 6100.53 184.823 8791.57 3392.16 
4372.89 7926.89 4946.11 9787.29 7128.1 3431.38 5001.65 7673.74 3965.4 5769.94 
8698.38 6167.39 3754.67 8435.48 8530.77 8447.87 1852.55 3196.31 6419.77 9650.29 
9891.32 8506.8 5058.35 6670.77 6023.41 9613.74 7544.38 2123.93 9798.56 6335.94 
5516.09 4171.43 4262.81 462.183 3958.7 1390.89 3893.56 8960.36 9064.62 7858.96 
4730.28 7762.99 4026.34 8484.95 6198.45 2557.09 6932.81 8051 5753.4 3352.56 
7701.27 5644.71 1859.34 2759.6 2315.47 7882.75 2373.32 9859.85 6.66107 2171.86 
6195.77 5522.75 6343.29 458.56 5984.93 301.978 1849.45 9878.49 9262.33 914.055 
7737.43 3992.6 8677.04 1763.75 2477.53 4875.48 4320.85 9410.34 2926.46 74.2346 
2762.89 627.716 5718.95 4622.23 3387.32 8034.42 2504.96 5760.64 7894.25 2511.63 
7932.5 4090 8034.37 4275.77 4548.56 4019.29 4577.75 6398.01 3897.76 3840.07 
7312.06 1635.18 7832.66 5989.09 3398.93 310.18 864.551 7719.78 9720.52 3791.01 
7794.01 2483.39 4418.73 3512.94 7105.62 7806.04 1547.34 9610.58 3566.66 9441.59 
2122.19 1499.15 3531.58 156.548 5774.92 8080.14 4175.83 352.653 4478.13 8073.6 
4192.72 1790.18 9708.77 2025.37 7779.27 3107.69 2335.55 8643.82 827.452 2056.05 
2434.82 8621.47 4539.44 6853.54 2134.39 1645.04 4659.57 3681.73 1255.61 8226.24 
3123.31 3377.8 9725.38 6654.89 3534.35 5500.28 4735.01 7710.18 5852.94 9213.14 
5783.76 45.6427 1003.31 5492.52 2071.01 8782.58 8600.21 4406.56 7426.38 9427.66 
6462.61 9861.2 8049.11 1002.03 6714.73 183.481 2647.07 1374.28 3865.22 3902.68 
9600.52 6988.53 7280.48 9325.89 3643.4 814.808 4826.16 8378.41 8524.99 679.077 
7591.53 4308.73 724.719 8594.84 9801.25 2795.73 7377.4 8401.44 7202.29 4803.76 
7829.08 3664.89 4664.95 5878.17 4666.92 1379.66 6061.65 7314 2753.94 9926.86 
1216.66 2354.45 6915.37 8497.14 1680.32 558.75 9311.94 6506.47 8937.16 7836.92 
7185.55 6528.67 2145.63 7910.27 5123.49 1946.86 705.985 2500.87 348.285 7908.28 
7304.63 8177.36 1573.15 1969.56 4055.51 6240.07 3349.22 117.141 3554.05 6103.17 
43.9867 4770.71 8457.61 6959.36 3267.82 137.915 7518.11 2579.75 6644.39 6455.25 
416.653 3829.92 2983.9 2562.29 1740.18 8107.39 4509.15 2446.16 608.242 4857.43 
354.422 7912.88 3034.78 1927.57 9882.44 7090.29 8167.64 3231.65 7207.43 1721.67 
9334.81 7251.42 6492.37 7792.41 4210.76 9760.2 7930.32 1728.85 2339.93 4574.7 
8184.1 2756.59 8404.62 1167.98 5318.87 144.777 9275.37 9828.02 2590.94 9883.61 
4685.44 2945.36 7796.47 7720.22 4872.93 7678.89 4810.49 3040.55 910.524 2017.91 
4762.22 245.319 9269.32 1254.57 8037.73 3480.07 1014.75 5968.03 5208.92 3354.69 
542.713 3393 6111.27 8947.33 4560.98 1430.12 9092.11 3836.33 1258.13 1683.03 
3719.92 5943.56 4628.39 1516.37 3663.76 9501.32 9195.27 8474.26 2541.85 105.772 
492.145 7304.07 351.091 9761.47 8558.64 8388.82 3241.52 9573.4 4356.84 8450.43 
2928.07 4899.55 1843.41 9039.34 3846.86 6404.39 469.445 2938.95 240.699 1727.57 
4621.98 3960.62 7671.14 9250.37 5476.99 1334.88 8751.68 4672.24 9809.14 1293.51 
4778.01 301.268 8597.58 5129.1 62.7198 7156.21 3517.9 3304.24 6729.59 7874.74 
1754.66 9657.66 2774.27 3598.07 8696.98 6621.13 2.442 9166.42 9560.09 243.141 
893.98 4182.05 4203.76 8565.12 3432.41 9680.75 9900 2184.07 4352.97 9709.13 
3477.58 9130.97 10.3768 2075.15 4260.06 73.0966 9231.36 7777.96 3377.33 5960.93 
5652.68 5131.99 5618.58 8426.95 8730.06 4315.54 5048.07 8732.5 3481.95 4608.14 
8975.64 4375.93 8790.2 3179.38 2941.03 2222.59 2860.11 2841.01 4406.66 7213.08 
2550.12 7884.24 6344.03 2560.5 9959.39 604.074 2633.59 9190.73 8382.03 6010.93 
5151.64 4034.7 1142.9 770.204 2461.63 9872.96 5085.74 7509.7 8605.44 8567.69 
2117.83 7581.07 2943.6 908.007 760.431 5884.63 3130.6 3620.54 8725.64 7537.25 
833.601 1275.74 5421.48 7177.64 3836.24 5380.85 7781.71 6469.83 4571.56 6163.73 
2480.74 9723.2 198.407 3623.64 493.389 2660.04 3496.58 5579.13 169.728 2102.01 
4146.8 2287.56 9683.08 7090.4 3195.56 443.489 2975.01 6326.16 4064.03 1700.63 
3863.4 4897.63 2976.38 9284.87 2075.25 6812.61 4665.7 9856.96 3282.43 9237.26 
6020.67 5763.17 8960.44 6219.08 9386.81 9453.83 8879.12 2883.38 5032.95 9048.84 
4985.39 9179.75 1336.38 4668.45 6270.14 4531.95 5111.94 9245.15 858.089 9175.97 
945.765 4721.48 4073.58 3922.14 4006.34 6148.83 734.737 8672.04 6005.78 4017.17 
7909.28 2026.43 9780.34 6869.7 8245.5 9167.14 6323.52 7124.6 2050.5 1356.45 
6173.43 7035.89 536.179 7509.82 1704.32 6806.32 2041.75 6816.26 6051.45 2899.84 
5992.21 6997.21 7621.32 65.7799 919.335 1627.64 6214.61 1654.07 299.663 2220.37 
5671.24 8208.94 4246.8 5451.56 5078.63 2492.29 4618.68 1402.13 9616.89 6669.18 
2758.57 5790.31 3705.05 3294.75 3300.11 5409.38 101.052 5341.85 2225.62 6152.5 
8241.69 8217.84 3149.69 5863 8283.62 4069.03 7490.64 4498.21 5723.1 7790.3 
6718.58 1394.32 5999.22 965.366 6845.88 1077.83 3457.65 1464.54 2479.96 3074.53 
8133.71 5238.54 8864.83 1838.75 8533.29 2164.92 7248.12 8634.34 7506.78 9473.75 
4786.82 5748.45 7691.57 7936.52 1611.43 5975.17 2005.53 9102.07 473.36 7728.63 
6892.35 7191.94 9122.95 2891.56 8157.31 5968.81 3969.39 1614.94 7433.34 6449.35 
4689.47 5567.04 1687.87 3554.29 7405.79 221.141 5719.21 4653.9 8855.48 3225.97 
4127.63 3642.29 8974.42 1819.18 1578.79 585.828 7794.34 3584.31 9687.89 8267.7 
1312.92 6580.23 5459.63 435.852 9471.78 3616.92 6404.66 3441.15 5231.86 3837.99 
9890.5 9921.34 9405.03 1578.36 3475.6 6810.8 1799.5 9194.81 1464.68 654.962 
2420.76 5592.31 4297.25 1395.16 7411.48 5876.04 1980.99 5205.8 9460.35 1668.87 
3473.49 773.253 8249.09 8933.11 1209.1 7720.85 2550.02 7613.76 1161.99 7781.88 
1451.73 1052.48 7703.2 856.743 2630.83 1178.79 7667.54 4430.33 373.583 9132.22 
5085.29 2794.35 4724.51 9382.54 4189.51 2135.97 5258.56 6170.5 7341.78 4718.89 
7839.36 815.245 5492.14 6088.44 9748.36 6701.25 3809.27 2298.36 4315 4971.27 
80.2254 5766.73 6023.74 7783.43 6623.47 8654.58 8962.21 4291 3084.89 9335.8 
3423.2 8170.18 2130.13 8147.71 7552.71 6319.63 283.662 2811.25 2490.11 7625.44 
7530.14 329.458 8440.68 3022.27 6417.9 8189.03 9723.52 227.153 487.369 4038.49 
5198.42 567.595 9805.22 1222.15 8351.02 6428.68 9876.72 7313.22 719.657 2961.6 
6649 4142.86 1131.77 8779.12 2290.55 8684.48 5098.74 2574.21 1495.71 7588.85 
199.631 9025.85 7918.31 8640.31 2048.11 4336.19 6829.32 1771.61 4563.34 7316.69 
5810.1 9761.76 7884.29 5615.31 983.891 6235.29 2043.97 860.598 3548.49 2763.62 
3822.2 197.472 6906.48 4953.96 8976.6 9197.03 3638.42 4075.32 1771.22 5134.13 
1664.15 1970.85 4159.97 9582.46 611.148 6208.08 3918.64 7440.47 7979.68 8481.98 
4757.15 3789.76 8243.72 2641.41 9405.07 9227.61 8876.71 1449.02 88.1936 2425.18 
4212.64 3910.39 2622.65 1119.1 8864.35 1599.23 316.115 2502.76 5674.55 2087.33 
7636.89 7338.7 4058.19 1796.84 6921.15 4669.33 8004.92 839.77 2109.79 5984.58 
9321.75 6866.93 9774.34 7565.45 9508.35 9179.4 6793.05 8385.03 628.398 6881.24 
810.196 4841.04 791.616 3432.85 5960.14 9655.97 5032.08 6276.26 2158.71 706.611 
8363.59 9795.6 8045.31 2421.76 1592.42 4966.45 7091.1 9597.34 5806.22 9200.88 
5581.91 5127.95 6067.8 5356.23 2693.39 5576.12 4535.61 9486.43 3961.14 5164.01 
6367.66 4771.34 5.03412 7159.28 8204.18 5965.18 6815.23 3236.25 2241.42 8973.94 
3942.86 604.996 8769.52 1988.16 3026.76 361.928 6954.6 117.837 9959.27 2760.81 
9318.72 5541.16 7888.76 5386.5 897.376 582.124 962.606 5432.99 68.542 4923.75 
596.983 6436.2 9695.08 602.017 3595.46 7899.25 6567.2 410.672 1135.48 8808.61 
9384.61 5078.34 9413.61 8154.11 7066.5 2440.35 8516.04 4021.08 2558.19 8475.29 
6781.89 1876.89 4016.43 4670.63 7263.39 4913.81 5252.75 8226 346.782 5321.29 
3149.73 943.765 1757.48 2844.79 1545.78 5352.94 744.031 8112.98 5763.61 1879.51 
6921.58 5148.21 6957.85 6335.17 3302.3 4024.33 8775.52 1818.32 8045.42 1333.69 
293.599 4827.29 3210.58 4310.03 9497.92 473.956 9223.84 4750.65 8699.95 9570.63 
71.9288 1849.66 514.375 1829.41 4694.45 2060.16 7182.35 5438.49 173.119 2945.95 
7318 7094.69 8094.15 4275.84 3429.85 1396.44 8300.17 2205.35 3214.76 6345.57 
3539.04 3508.36 1172.84 6749.63 7818.39 670.74 7223.58 7042.22 5421.39 5923.52 
6612.83 5493.32 7773.18 7127.21 7322.73 2467.62 9187.36 4505.06 7906.1 9360.48 
7451.01 5224.08 6455.16 5545.14 9499.92 9885.01 6941.58 7800.07 2090.34 156.319 
4145.62 5629.38 3664.68 5318.47 2378.99 1483.05 5989.21 9602.58 8525.27 1410.58 
5526.08 5138.09 6903.9 3299.24 2265.28 4226.61 5766.86 1452.62 8731.67 3672.94 
813.088 6182.66 8897.03 7268.25 1727.79 8396.93 7153.24 8669.36 6196.99 9243.58 
8825.68 342.595 4872.94 2490.34 5661.06 7251.94 3973.4 1650.25 6854.5 2498.65 
3060.83 2380.56 7636.74 9964.73 5679.81 9902.02 4191.32 1446.65 1354.63 2922.98 
5119.59 2167.71 9105.64 4016.6 9435.96 833.405 2413.51 6589.18 9502.77 8610.5 
5832.74 8328.43 8953.09 705.666 818.756 4614.14 7957.6 4792.15 6264.39 4812.09 
7290.81 9325.21 7192.65 4927.53 9289.92 2872.44 4829.53 3481.23 4319.09 6184.16 
6404.2 9438.68 8351.87 5509.82 3455.26 7787.82 6343.23 5868.77 4376.98 5845.98 
4479.25 209.701 4174.39 3432.33 915.367 4993.15 8046.47 8872.97 9785.3 4310.84 
3685.04 7076.09 3636.03 877.674 2003.6 2925.94 3750.11 6833.13 6407.17 8069.2 
3017.27 2811.35 7507.86 1369.13 8321.17 963.099 9156.94 4664.38 6831.87 3533.9 
510.344 1311.11 3743.61 4684.73 4743.44 4658.97 9677.88 2789.89 3531.93 9463.16 
7100.73 7216.97 6539.23 736.746 8094.64 8542.83 3662.69 1844.74 5375.95 69.8355 
9913.94 8393.22 2881.19 7421.78 9762.35 1202.35 8384.88 8919.28 5866.73 5216.73 
2453.16 6377.07 6527.84 6196.77 1061.79 1271.26 855.725 739.657 4061.15 4387.65 
202.802 1161.86 1604.6 6742.03 1898.61 9699.24 5284.85 5561.29 1543.96 660.779 
5631.13 1457.88 9054 8512.32 8879.66 8816.33 9714.66 7264.52 7735.59 5581.38 
2481.23 188.736 1958.44 9009.07 6385.51 3020.23 280.312 7241.23 3759.89 4341.46 
1628.87 3962.69 5503.33 3233.47 704.704 7401.93 2932.69 5989.55 2963.21 4476.66 
6650.33 8594.34 5934.54 5704.32 7106.64 4814.18 4520.63 6821.29 2078.68 2256.2 
2402.65 4559.91 2444.94 4361.08 3568.97 8830.45 7381.31 3849.28 6071.66 1141.18 
8190.74 7700.52 5103.87 3694.05 933.975 5808.57 1095.97 3866.67 1798.11 4059.18 
8343.32 8448.44 2653.5 4277.84 4152.74 9760.15 9092.02 8673.37 6581.42 1170.69 
929.554 8984.07 5730.61 3374.49 3345.13 9299.57 2204.92 726.429 3148.83 8276.58 
1867.61 1339.56 5977.09 6971.48 5033.61 6911.07 2780.03 6129.58 777.716 4578.14 
188.743 9121.04 3026.56 2842.25 3398.87 7179.29 2602.38 2490.87 5852.64 9183.8 
3661.56 6782.2 8167.85 9392.17 156.673 1512.96 8691.73 2361.6 2239.39 1840.54 
638.162 4107 3180.1 6615.25 1078.46 8213.71 3526.3 3858.49 4343.28 4304.02 
8436.63 4532.02 3425.04 1463.17 7374.27 6823.9 8642.46 9976.65 9314.78 4495.09 
9160.43 2976.33 1277.27 7328.26 2368.48 1433.94 8841.22 1060.19 3795.53 1080.6 
2900.73 4433.7 5187.6 6080.83 1048.93 6266.06 4294.53 4575.23 124.534 8637.81 
8879.25 8561.16 3169.82 2304.27 24.3126 544.068 9128.18 8666.77 520.698 8442.94 
3161.84 9681.12 1419.25 4439.11 7009.36 3787.73 5873.05 5850.57 4847.91 9668.58 
6931.16 7748.64 4102.26 2118.74 3829.46 5151.19 8384.8 8123.99 9726.43 8509.34 
6761.79 8605.66 7070.48 9931.6 909.921 7094.79 475.653 38.0835 5761.55 996.351 
8481.02 8923.39 677.459 9900.27 3362.48 7686.82 3687.98 9235.53 3537.37 8535.9 
8904.09 468.515 6284.52 3006.33 2587.26 113.968 8157.53 972.042 8237.96 7883.94 
9481.38 4999.73 6489.58 6551.84 4931.32 7399.5 3646.62 5406.97 7437.59 9408.17 
6403.32 5918.59 8331.54 7080.78 5818.85 1694.01 4767.59 9506.83 929.519 8304.96 
8042.71 9833.61 8773.47 4327.22 2839.92 1360.71 4441.19 997.433 2332.75 2679.13 
8881.37 1814.11 7678.87 5370.94 8365.96 2610.17 2770.42 2012.56 8017.14 207.993 
1420.71 4420.44 6126.59 9752.26 1501.21 1945.42 1446.25 6268.79 1452.24 2375.77 
4573.73 9494.95 2209.36 3347.19 3822.16 5049.29 4707.9 8263.35 6046.72 7040.65 
942.463 4928.07 8854.76 8621.33 298.991 7220.71 1231.48 3069.41 9233.27 9248.62 
3277.41 653.963 3669.04 9403.99 406.204 5170.25 1349.4 1852.45 1439.03 2801.64 
4228.22 6012.76 2296.57 6437.59 9359.94 6118.73 1486.86 4067.82 4382.06 7533.57 
1108.45 5324.52 2461.63 9963.22 3945.83 2760.62 7183.9 5177.31 5830.03 6417.15 
4425.91 9107.44 7071.12 8094.96 8511.42 7477.32 3265.19 9860.81 9329.78 4704.22 
2662.43 3557.98 716.955 4959.01 9995.57 76.8799 1077.72 1482.41 4144.7 5459.77 
9015.98 5253.15 784.278 1477.59 5216.35 4730.11 4238.22 2400.24 9907.42 68.2319 
8817.39 4333.32 9175.67 5888.49 2428.26 7687.07 3365.8 5693.45 7547.87 2695.56 
397.648 210.287 6253.54 1114.6 5169.29 6249.09 1191.48 6247.01 7731.5 5336.18 
1706.77 6747.47 589.319 2491.04 8225.06 5805.67 7221.15 2463.26 8205.91 7128.56 
2531.49 7023.29 1461.86 1707.15 2911.77 3890.12 9394.22 6277.57 9583.57 6942.07 
8973.12 9981.22 7152.36 5226.64 1095.8 2321.63 1475.72 2287.29 8568.64 9207.22 
7623.47 275.392 5954.67 8212.79 2766.44 4179.71 4018.44 9987.59 6642.97 2224.34 
7116.14 9174.46 9247.63 8578 881.588 2159.38 2468.1 275.788 8436.95 2051.66 
7217.86 7410.05 2032.86 4370.2 2636.68 3128.66 6691.83 4112.4 5415.95 5260.46 
3319.6 3039.4 5535.85 9274.27 1252.17 8302.28 3453.96 5270.62 8289.86 96.914 
7494.96 5405.98 9271.37 6742.57 3983.96 152.944 8901.95 6452.06 428.732 7338.88 
8503.72 7646.59 4748.92 536.557 2016.77 7385.6 3665.22 8708.6 1497.98 9081.16 
3969.04 4817.58 2120.55 9504.88 4091.83 3372.72 7807.15 7545.79 8643.34 6097 
7642.7 6138.28 1502.96 6914.06 2880.83 5486.92 7067 1782.77 1938.96 7495.73 
9121.65 442.661 5142.31 3870.55 979.218 7159.08 1256.13 4644.44 5867.66 2754.11 
3725.58 9836.7 7571.68 5846.13 9341.57 1663.49 9218.85 7148.7 9209.28 7862.17 
3245.68 6851.97 4000.43 4748.64 3766.01 6881.26 235.536 832.993 8664.03 2174.5 
8328.73 7785.67 2617.16 3471.02 1656.2 3596.38 630.079 2912.33 8240.81 6497.74 
5666.44 1966.38 6334.42 3238.11 7812.51 5675.97 4901.6 7031.34 2824.65 4110.86 
4893.49 6070.33 962.813 8893.92 818.955 4728.82 5775.16 1054.49 5561.81 4439.18 
3228.99 3890.52 2224.83 5846.15 7361.54 3881.03 9442.52 7991.62 6793.36 7683.32 
4489.34 2459.79 9649.7 823.746 5697.9 7462.19 6499.72 599.48 4493.51 9324.37 
4710.34 9387 5394.69 5673.16 8280.9 6213.64 401.961 4056.04 7268.13 5963.77 
8495.22 497.107 9854.3 720.025 6343.25 7215.82 4601.05 5785.76 5207.43 1394.4 
3469.06 9696.77 3854.19 3118.74 520.502 9552.08 580.91 7020.22 151.545 5074.42 
6344.57 4861.89 4461.39 1739.24 535.029 2742.27 7952.88 936.99 6798.31 5221 
6900.76 5293.51 5718.11 6755.05 6013.54 2061.35 3970.85 614.574 7847.11 9178.28 
2008.97 1316.15 8875.04 5863.16 4434.9 9395.54 5415.23 5015.81 6415.74 5566.77 
90.206 2760.29 428.643 4551.6 4499.53 963.672 7293.87 2452.4 1900.66 4092.17 
7673.4 8801.43 9385.68 3391.49 5556.46 5399.2 5452.84 9527.31 6013.77 3299.93 
8705.58 8022.75 4616.08 7580.6 3885.89 9050.98 6976.12 9301.12 4066.77 3391.84 
4867.87 4156.98 6152.14 5296.51 8708.58 651.651 6260.18 6002.43 3104.05 8160.85 
94.5823 777.435 6962.26 9480.26 4168.93 2518.7 4879.45 9621.77 2045.99 893.205 
2921.68 751.548 8915.95 7537.76 8332.15 2801.83 6588.73 5308.25 2102.93 655.479 
8700.09 6970.8 4812.46 4852.21 2267.29 3521.01 5503.86 8527.48 9523.45 8607.91 
6688.31 9618.03 9385.35 3650.55 9098.27 3554.26 6169.24 3977.7 3176.01 8215.23 
4870.91 6097.68 8966.78 3786.85 3635.43 7298.91 6588.67 224.139 2607.14 8691.6 
879.618 1307.21 5662.38 5692.07 6159.42 7929.67 9213.09 1663.27 6457.13 8736.52 
271.162 3145.42 8354.53 9656.51 6795.96 7452.78 3210.75 2965.19 1430.47 6386.75 
1180.4 6301.38 2484.42 147.163 88.2087 6119.85 7446.07 6676.88 6343.99 53.1905 
5368.46 7223.61 1360.4 1030.83 2915.66 7519.83 8960.5 2128.73 9183.09 5417.61 
865.234 9454.25 8563.03 9219.76 9110.75 5358.98 6672.53 2321.48 8324.17 8103 
8708.23 9504.57 4404.36 1192.63 9651.73 4492.57 7312.48 7097.79 1169.44 3656.46 
7150.98 6537.9 880.048 8511.38 7568.73 3795.71 6031.19 6529.21 5924.45 5214.27 
1946.8 6789.68 4668.5 509.819 6009.42 3779.23 5868.8 2681.93 6100.71 4192.95 
784.917 4808.92 3697.51 5189.28 6001.55 3349.22 9681.85 3314.02 446.994 851.269 
6970.48 7597.97 7389.17 7850.53 6109.33 4957.88 1646.22 2140.51 1487.07 7570.67 
7354.77 3433.88 4360.33 2023.26 3943.7 369.739 5802.49 9812.5 3051.67 1903.18 
4005.43 3836.59 6712.1 7702.94 9025.87 2713.64 1052.14 8707.7 6027.66 1499.14 
9558.97 2998.13 9097.11 6948.12 848.639 5206.43 1905.99 2494.86 7346.93 3393.06 
65.5156 4701.69 6826.94 4425.85 6724.95 770.617 4795.59 2527.42 583.096 7847.26 
4430.6 4588.53 1683.83 1142.69 2291.44 709.686 3856.33 3343.59 9417.39 9883.99 
4842.72 8976.34 2882.1 3939.81 5924.45 3730.74 9146.24 7830.44 6225.61 6493.15 
1223.48 6291.12 1194.82 8050.42 716.953 7919.77 8821.03 5512.54 447.177 9404.13 
3359.78 4877.78 3992.64 5043.62 6020.47 6284.08 5753.3 9876.8 9627.67 5170.68 
9760.78 4470.37 4147 2642.87 8410.18 71.4357 6373.61 7556.4 7901.87 2599.2 
4049.53 9125.35 8890.32 5244.36 7175.76 9607.27 3164.11 5996.77 5119.79 3611.29 
5400.89 8479.58 8489.07 9393.52 3523.18 4509.52 5677.59 9276.48 4386.31 5305.24 
4447.14 4147.07 9775.61 8594.14 6789.93 8185.77 8665.58 3163.53 5742.16 6567.44 
5762.72 9791.69 5692.77 4653.03 5036.03 2868.51 4260.28 8200.14 8865.28 9380.08 
1811.42 4266.15 7859.64 300.468 3659.66 1382.8 4809.99 9337.25 659.266 9196.3 
4642.47 5106.41 3343.35 4418.07 3700.54 133.267 2603.83 2366.1 3296.79 8345.98 
8933.54 9059.52 8137.66 4626.29 3712.52 3173.67 7494.8 7972.8 1373.8 6360.07 
7352.86 3185.21 626.208 5212.48 3485.68 4285.87 6595.28 8295.67 3623.1 7254.55 
7491.95 8265.58 2360.94 835.287 2683.63 6061.48 968.554 5287.45 8427.58 4265.35 
3633.42 7361.1 3324.85 1771.06 1987.37 7037.37 4944.73 9482.18 5010.16 6318.53 
5842.23 2363 9503.74 6468.44 7575.49 2989.41 754.292 4170.76 1285.06 4377.39 
1425.29 8777.02 2642.95 3786.23 9612.3 5326.58 9847.71 580.842 614.016 8275.27 
4846.19 4247.43 5636.35 8171.03 6018.49 7623.72 5208.39 963.208 7105.88 218.528 
7281.74 2948.09 2581.53 6785.46 9416.54 157.005 9774.87 170.81 4327.76 1059.92 
4548.2 5753.05 9836.93 7191.16 9539.28 9449.22 2517.72 9386.97 30.0434 3131.74 
7662.22 4876.23 7379.17 3298.55 3047.25 3397.65 922.255 8255.64 4360.86 8028.14 
8474.17 1642.58 976.213 1055.68 8428.04 392.731 1212.69 8202.89 563.541 5540.45 
9262.81 5111.75 1293.48 9099.72 2302.89 832.74 8548.92 4820.61 219.694 8578.97 
7952.35 7881.92 3455.18 5331.5 1180.45 6502.43 8729.15 2102.71 4758.05 3089.99 
130.824 3232.2 4732.56 1107.04 4287.88 3160.59 1499.77 5500.57 1363.46 2063.31 
1040.99 626.251 7175.05 2334.47 9725.97 9477.94 3167.21 8274.88 4298.53 3386.91 
6853.83 2250.86 1268.8 308.993 7582.36 2449.26 6811.42 6311.49 4551.96 1569.46 
9401.48 4682.79 4801.66 4134.03 5789.82 9089.54 7294.61 7289.59 4590.09 8658.07 
9352.9 5631.08 9284.32 6527.94 7965.56 9010.28 6005.86 1132.75 7285.14 304.38 
4519.66 4138.95 2555.24 5788.46 4447.95 137.587 8237.72 1259.35 6449.08 2789.66 
2828.81 5850.54 7472.45 7630.47 9984.57 3262.25 6719.99 7279.17 551.827 1310.07 
5937.22 9904.73 6941.15 5221.53 6432.65 4906.69 4231.79 2438.49 6039.44 1516.92 
2742.87 559.08 5655.87 5298.12 6347.54 103.799 5435.7 4585.24 1363.15 1884.77 
7374.9 4191.97 7735.31 4847.33 1822.42 7719.86 8109.59 8542.42 4999.01 8661.42 
9852.48 936.214 8566.12 6793.62 6157.74 4998.76 1700.29 389.518 7437.25 7739.73 
1906.44 180.107 8298.81 7562.31 5478.22 4646.33 7666.1 913.909 9231.58 9029.26 
2798.67 6606.46 3221.21 533.966 1453.78 5043.63 8253.83 9563.37 3586.03 3252.82 
8224.77 3438.5 4189.03 6790.88 232.1 346.759 1789.62 1932.39 736.277 9226.87 
9672.12 2642.71 9406.97 7970.91 205.001 4885.18 2617.22 7871.1 5799.09 1848.78 
6900.35 8597.76 8455.25 121.537 9131.73 9909.03 5165.17 7385.54 9472.38 8751.2 
638.341 7697.14 2189.68 4827.37 4488 2421.78 5174.13 6277.61 4354.17 5910.41 
5504.46 4026.27 8553.12 4911.42 1997.16 8758.12 9796.6 4614.38 6629.21 5595.67 
6463.17 3529.54 4193.41 4918.4 3651.08 3325.13 4827.41 8816.25 710.649 4299.78 
7567.43 1348.99 1996.9 9757.11 6176.36 6484.89 2178.88 1350.48 2762.49 6533.05 
7260.89 8266.95 559.305 5813.99 3178.35 2556.47 4572.1 2974.93 7170.85 1201.29 
8570.6 3634 4730.83 2763.99 8552.4 8381.91 6089.12 3379.79 7198.14 6799.77 
7679.57 4765.55 8148.76 9676.47 4522.65 4325.1 6161.34 6701.53 5675.58 8923.83 
3234.56 2936.45 7190.76 3793.86 8750.44 369.09 6350.33 3322.52 3344.02 3521.16 
4523.81 1914.6 7155.16 9254.64 4678.59 5707.55 7636.53 767.693 9087.34 4834.65 
7567.46 6766.89 9600.2 5716.2 6443.34 4122.83 41.2912 2604.67 824.339 5716.87 
1528.48 4058.9 8653.32 8719.24 7852.76 7403.75 9088.33 4203.08 726.255 2432.33 
7724.24 5250.07 4346.93 4879.39 4504.7 9025.52 586.915 2141.21 9793.21 9674.25 
6975.87 7360.66 6441.13 6576.05 3076.84 2884.46 698.865 3118.13 5489.12 1523.2 
8835.01 7017.6 5582.1 7488.31 5736.83 3434.85 4892.05 4825.14 7637.92 5618.3 
7257.47 5362.15 868.353 1604.38 241.516 5373.05 629.879 828.432 7514.26 423.072 
502.669 4490.11 7783.73 6943.8 1066.15 860.555 9828.25 1765.01 3978.69 5317.36 
3288.22 2813.68 2334.95 8870.32 301.976 8071.77 2305.15 5194.02 2896.89 9943.07 
812.307 154.343 5305.2 1680.66 1758.72 5546.72 7053.71 2388.6 6375.15 4567.96 
2811.67 6877.82 9058.07 595.384 3821.6 124.201 1455.94 3649.84 1889.21 5434.63 
8967.2 5177.43 8248.31 1302.13 4047.73 8550.29 9373.9 6352.88 3744.29 2270.77 
6295.94 4556.6 2425.12 1601.12 6237.26 4183.84 7147.84 3290.95 6572.44 3522.97 
7858.91 9384.11 400.774 6916.96 9979.5 4222.38 7041.16 1435.42 7872.21 8930.38 
6870.05 6839.4 4107.79 5118.34 8141.52 8155.52 3668.61 7515.41 4508.38 7412.9 
9786.18 804.298 1969.48 2211.28 2405.42 8206.73 6395.12 9553.26 1497.67 2967.55 
3076.21 9356.57 2351.64 3476.99 6273.52 2331.12 7699.36 3314.66 3766.54 5571.56 
2245.02 636.571 2410.94 6352.81 5754.91 552.447 4508.31 9423.52 8067.85 9016.69 
6836.4 7854.02 9820.99 8805.88 65.2847 2226.39 7012.59 6460.41 1779.63 8510.26 
9427.95 4855.84 7866.82 1779.58 8332.82 4140.32 4110.7 6032.17 7454.98 7877.24 
1603.71 9700 8513.81 4014.65 6052.79 4268.7 4567.09 561.079 3692.2 2634.93 
9577.77 528.586 488.933 9398.74 9334.46 554.218 1625.11 6347.04 7014.62 3404.73 
4857.28 6442.56 8260.57 2724.09 8222.14 6593.38 6864.4 2332.82 2625.53 4319.37 
210.038 4229.24 4019.35 8723.85 8243.89 72.1195 2992.53 2810.96 633.198 6684.74 
5445.89 210.949 7213.33 5934.83 9609.69 6547.77 6489.05 1234.78 2894.79 3503.65 
4639.51 7752.08 9946.21 2900.07 476.145 8168.33 9493.45 7340.55 501.133 2118.96 
1659.9 711.171 6348.2 5679.25 9435.02 4592.07 5751.37 2427.54 7403.03 6384.57 
9112.27 2848.91 6595.51 6325.58 8783.74 6205.18 2873.34 5272.77 7439.96 5768.13 
8776.42 2079.46 3520.19 8722.62 4979.52 3996.33 6890.93 4472.95 1336.87 7392.07 
6591.91 2996.77 8103.24 2940.09 8676.01 7538.24 7532.16 4427.37 9965.77 4935.18 
811.915 9078.03 7784.09 7407.43 5403.6 6567.81 3612.6 8276.93 1840.56 1052.54 
4045.05 616.959 3132 7565.24 9339.58 8111.52 1561.55 6230.49 2584.45 2898.42 
3622.54 9176.37 5895.19 1725.76 2116.45 4571.19 9264 9648.61 8998.55 9229.76 
4583.77 9810.47 8307.77 2367.84 7217.88 3711.35 8935.65 830.459 1988.27 776.186 
1883 6033.32 1393.15 5014.99 3598.54 732.704 3126.49 5160.09 6963.19 5710.95 
8058.51 585.717 4887.3 3953.68 2311.48 7003.74 8524.87 1575.46 6652.33 7523.4 
805.196 1236.09 7333.85 9112.97 3603.93 4551.72 2824.3 2539.56 5382.17 4812.57 
3315.74 7265.17 845.875 4708.89 2280.15 4444.41 5441.59 5406.64 9604.5 2404.77 
1117.57 7663 2990.49 6004.87 1616.67 5301.96 3008.6 141.519 6877.42 9660.94 
7664.92 7682.62 897.005 4998.76 6795.57 4500.93 9550.47 9619.87 7040.49 4932.63 
4432.43 356.215 2197.79 5278.3 5065.1 4477.93 9722.72 506.68 9884.58 9327.21 
2911.45 1002.14 6990.19 5901.94 7007.01 8606.86 1203.89 15.5925 8748.38 8081.31 
9676.53 6413.28 5763.91 573.515 1412.02 2559.46 5074.45 962.479 2179.32 2114.92 
5895.11 6611.75 2471.13 8092.9 1890.03 7536.24 2570.81 1612.73 8042.92 2455.37 
939.924 954.35 3457.51 7930.11 6856.29 464.502 6536.95 8060.17 480.094 5285.31 
6141.46 156.605 1698.58 1905.36 730.12 3110.6 4464.82 5804.57 4073.08 6644.13 
7919.49 9968.19 3255.86 390.602 8061.07 5145.89 7926.84 631.862 6758.63 5969.74 
3087.24 7698.55 6924.09 6544.74 5628.65 3780.36 7009.25 2165.58 1840.52 7489.34 
7450.9 7981.98 7645.94 9149.47 9887.34 8376.06 2260.06 4352.13 4180.61 6333.14 
996.248 2100.08 6301.31 4252.11 2490.69 4362.36 9398 417.509 4994.22 6156.61 
6387.25 8081.45 3855.14 3311.32 4626.18 9483.79 7091.68 1635.41 1649.36 8932.2 
9124.75 9100.25 6914.16 6770.68 8249.71 6801.48 5146.73 509.753 1153.6 9327.34 
6842.89 2149.85 1427.41 3144.18 6401.95 3918.1 7506.54 5799.94 4335.6 2500.74 
1956.53 722.836 582.178 5811.67 4034.16 5208.36 5295.45 1125.82 6843.77 6944.8 
58.0056 5968.51 6045.04 6972.17 2739.17 4294.74 3773.63 7885.9 4804.49 4927.23 
7213.22 1647.36 7077.08 8640.63 4791.54 3479.02 2558.71 2298.06 9278.95 6894.31 
4798.8 1235.47 7617.15 5380.98 7047.14 1651.29 589.324 2342.57 2777.11 7433.1 
9287.37 2835.12 3401.58 5332.39 9807.29 6140.75 9627.13 3580.91 4026.63 4431.6 
8508.14 1239.84 6078.96 5585.2 9880.47 870.489 9064.22 2439.16 3168.55 8343.16 
9333.47 7967.35 9578.62 6950.61 3348.32 6625.75 8601.9 3937.64 8968.31 1379 
1370.72 8255.67 4214.12 4772.3 3588.04 4021.39 913.04 3215.16 7602.29 4939.67 
7646.76 6110.42 6179.51 3725.71 1695.6 6059.96 4596.19 759.805 8499.12 7764.75 
9102.96 7832.57 5732.08 8681.57 4783.17 9080.4 5307.3 3385.05 3018.03 4275.59 
4764.04 4388.75 2531.24 8978.16 9161.05 6119.28 2999.53 74.0761 9334.44 601.813 
5013.75 6981.18 6712.23 1193.24 706.87 8407.83 7253.19 5303.06 9167.64 5752.29 
3067.79 8270.58 3584.85 8799.88 6952.13 8368.02 7880.26 2259.41 1753.05 898.273 
6535.01 6517.09 5287.02 9066.25 5495.24 4448.06 5185.52 8494.77 4522.13 4519.94 
9096.58 9535.88 1501.1 5808.8 729.102 2207.97 4216.61 7982.3 7511.04 3384.23 
3734.57 578.813 1654.8 7319.42 9378.69 8606.93 5687.42 7258.94 866.328 7440.47 
8157.21 7401.33 3957.54 3444.21 6467.57 9452.78 7892.27 1653.07 7947.54 2414.39 
6173.01 7044.1 1950.26 7674.11 2852.88 2679.36 9882.08 7069.5 661.637 7393.1 
453.714 4396.21 7971.92 2108.51 1715.62 7350.59 715.426 7403.04 4609.51 1581.75 
4843.49 2766.7 8983.09 8801.04 6210.92 5450.64 8253.8 4103.17 7103.7 6201.32 
6517.56 3276.69 3245.4 8467.82 950.787 6098.29 1147.16 832.854 3167.77 1808.8 
8225.96 3621.49 6205.01 6197.86 5730 7920.62 3548.43 6445.42 5323.64 8157.94 
8027.18 167.118 924.629 7010.25 8968.15 7135.54 2460.87 7221.94 1238.7 9564.57 
3423.24 7756.26 2841.25 6668.64 6224.06 3792.04 2766.92 7371.22 4624.89 5934.69 
9180.02 2850.83 9556.17 5385 9048.69 5286.15 3305.61 2597.11 1731.56 8629.25 
755.039 9758.73 8796.37 1679.67 6768.96 7764.51 8815.21 9229.83 4986.43 53.893 
8794.39 8409.67 7810.15 1635.62 5078.29 4034.2 5427.66 7845.21 1405.4 52.5347 
3779.88 585.402 2903.37 3336.04 5970.41 1952.05 8622.19 9276.02 4549.16 353.729 
7905.25 5304.2 112.446 6701.61 6983.86 6881.41 4466.1 5799.06 6111.23 9452.53 
5852.95 4905.6 7862.18 3663.09 6541.22 2940.46 7697.29 1968.87 785.652 9102.69 
2021.4 4565.53 9688.09 4924.77 7901.57 5658.48 6876.81 6523.74 4934.48 1425.96 
6877.47 2839.72 6730.15 6989.92 9541.33 3714 3871.31 4007.41 9513.06 9982.54 
3459.92 5365.99 4888.12 1322.08 9029.08 1429.33 4262.54 6726.35 3398.19 5048.19 
5829.03 5419.59 9613.73 5517.1 344.346 7515.28 1175.57 7221.16 4039 6110.05 
8647.12 916.454 8949.76 5377.25 7906.37 8491.07 9091.25 1777.66 2498.46 8604.29 
1760.18 5958.38 3970.27 6648.3 7280.47 2999.33 8077.63 1542.99 9725.69 1475.8 
6591.18 5554.7 6895.39 6204.89 1071.78 7239.74 3720.15 2247.35 4460.88 7759.15 
8357.39 3107.98 8675.61 7307.14 8485.23 6581.96 5798.2 7576.47 8359.62 8296.66 
6180.74 119.784 4255.02 150.995 6768.08 1535.47 3150.33 4845.69 3078.46 2876 
6321.49 9669.64 8430.7 3216.87 5874.52 9502.48 456.594 9594.67 1749.81 4917.48 
7353.8 107.183 8025.46 6029.39 7414.32 6510.68 2611.33 3212.5 4087.13 970.938 
1509.14 267.853 1090.72 5764.17 418.848 7858.81 7299.64 3569.18 2704.48 378.086 
6445.18 9025.98 47.7122 4875.86 2242.83 5922.23 4378.32 2699.42 5516.88 6128.13 
7616.9 2870.66 6235.31 5642.35 8900.06 3649.61 2153 1511.37 6862.12 6240.13 
2482.31 8371.26 6507.99 3573.04 4135.41 6926.83 1431.83 1435.04 495.994 4136.31 
1813.12 6941.17 3162.27 1860.84 1817.01 5405.1 7783.06 6195.33 8104.52 3299.93 
2323.44 5721.41 6170.59 8558.75 1363.74 5070.63 2208.35 3516.74 6582 9070.46 
9756.87 9064.32 7441.71 6264.84 2637.34 1577.11 3191.66 4069.16 3012.14 3687.65 
8205.47 4825.27 628.808 1367.72 6686.11 2445.82 6772.82 4469.15 8641.15 4877.33 
7769.08 964.579 598.716 3939.65 9523.33 1962.45 9010.28 1731.66 5479.19 5592.27 
802.106 5236.05 4656.57 8243.82 1500.87 7293.91 9820.92 4692.53 1363.05 2833.05 
8380.19 9568.52 7658.32 9008.99 936.223 4344.41 1454.8 7709.04 8813.56 95.9365 
2586.35 6582.62 1060.52 3185.07 522.261 583.826 5147.52 9532.54 2315.48 626.696 
5124.8 3117.59 5862.75 9781.37 1361.39 7363.62 7075.26 1182.29 2056.14 8438.31 
4015.34 436.306 8006.82 1673.64 9445.3 8943.04 6018.04 900.083 6652.06 4831.59 
996.019 9238.42 1414.19 2056.53 2423.46 1936.45 2640.36 7570.98 1468.98 4955.85 
8197.68 6593.78 8073.44 4060.41 6375.14 9434.82 1424.01 3450.38 617.098 3480.15 
1888.68 4632.44 3916.45 9895.5 6306.08 3361.74 8838.52 2324.1 4261.82 5490.57 
7155.69 5257.84 4728.96 8569.89 7314.38 7152.43 506.324 9954.74 4723.4 1975.31 
4910.56 2921.06 8569.09 2983.98 6981.47 4944.21 2418.79 8405.48 8394.6 3035.89 
1885.61 283.26 7668.32 5802.06 178.74 3974.38 9163.8 9017.26 6298.49 3425.6 
4507.81 3454.16 8683.45 9236.78 2024.03 5997.8 6389.19 2530.35 5952.52 1112.57 
4505.66 863.069 4033.63 3074.73 3847.05 1015.08 8018.94 6265.84 9420.55 6413.52 
9301.73 1306.15 6696.78 6970.03 7108.21 6875.52 944.401 6271.99 5892.77 7242.89 
9697.6 400.56 697.032 8381.03 9637.33 2721.06 4378.81 6026.51 5251.42 331.317 
7139.07 9757.08 1194.39 1172.68 2831.79 5041.44 2187.76 850.721 1307.26 1608.29 
7264.25 608.971 2914.44 3961.01 7579.01 22.6304 836.519 8523.41 6294.62 6729.29 
5766.28 5992.2 7129.85 6463.31 4373.21 6767.16 9184.37 8752.02 2793.65 4435.77 
9083.34 9932.72 4192.83 277.71 1105.39 7024.62 5319.15 3293.14 7875.34 6626.41 
4901.44 5139.57 7235.38 7815.88 9100.58 4814.37 7838.51 9937.1 3337.76 4133.11 
6666.37 9104.04 125.299 3796.2 5567.33 4498.51 563.345 4751.68 3250.52 3357 
9187.45 2333.84 3289.7 3380.26 2611.55 4395.09 404.87 7930.7 7688.23 8280.21 
4557.09 2589.66 3419.77 1792.45 405.515 2520.34 6606.82 8244.02 2457.42 9944.58 
2377.12 9123.79 9048.6 2502.42 2919.98 4615.9 7000.93 3483.32 9367.59 251.429 
6840.32 8555.02 2585.27 130.002 1935.27 5196.82 4525.09 2340.14 3127.5 2213.31 
620.333 7684.59 4802.96 4040.1 9477.04 5208.48 6560.44 6083.85 3452.48 9017.86 
6028.41 5829.6 8141.64 5076.99 8332.02 1061.6 9692.89 5332.93 4544.92 9060.46 
5584.36 1385.22 7615.46 8169.63 1515.22 9550.73 3366.43 6040.31 1890.85 6493.94 
8253.62 2511.18 4178.51 3056.57 6551.28 3655.54 8265.05 3111.71 9739.39 1717.52 
2129.55 5767.78 7547.12 271.175 844.749 5879.12 1332.77 537.623 1212.03 5877.69 
9598.08 6796.39 7262.91 7213.53 4966.01 8778.13 6764.24 8332.44 4818.43 8655.09 
4826.36 3072.04 1166.25 9004.88 6128.61 7717.54 2660.4 4393.64 829.227 2399.77 
6111.15 2958.78 8167.55 3658.26 3229.96 9012.3 9537.38 4562.73 9549.92 749.392 
440.404 9147.99 7545.79 7703.32 6361.5 2511.77 6481.43 3125.72 844.197 1299.84 
1780.79 5670.56 4371.88 2947.04 4675.42 500.469 664.562 7335.82 4894.11 1493.79 
9735.59 1005.24 4452.57 7903.12 4663.5 7682.52 6915.4 4200.86 2245.23 6465.31 
4950.25 2685.64 5613.28 2496.02 388.938 1974.76 5007.79 6870.37 5100.48 5851.99 
8170.21 6881.27 1522.53 2542.08 9828.32 6197.95 3042.55 492.86 3533.75 7936.65 
1986.65 3269.32 8941.9 6439.22 1172.42 3605.38 4121.72 8087.83 7806.24 6366.96 
4553.12 2756.47 9052.6 166.382 5252.49 9441.53 2141.14 260.265 6311.89 7241.62 
6112.25 4482.09 4122.88 7634.79 7024.17 3951.18 3832.72 66.6952 4444.04 7366.46 
8003.35 6430.69 635.765 6945.23 2869.89 1808.19 550.593 6991.61 9896.02 8356.83 
3358.55 4449.12 1113.29 2411.13 4615.5 6365.78 1852.64 6756.64 6626.04 8164.53 
3998.25 2738.28 2646.6 8121.13 373.047 9670.77 2072.29 4205.76 9737.46 6516.33 
1572.21 7740.79 2947 2207.98 4686.01 5816.89 4016.16 5236.6 2808.48 3912.16 
3593.41 6167.02 8361.28 4706.7 8578.15 2976.76 1072.46 430.778 9733.4 7698.5 
8595.31 3731.64 436.763 1241.89 1852.75 809.811 912.643 3925.04 5015.57 650.088 
441.356 6587.78 8390.88 3388.36 8795.76 3076.87 9205.24 2811.91 8313.47 2013.7 
6724.07 1906.87 8180.73 5085.33 6613.57 6758.86 8062.09 7686.03 7189.64 7795.48 
5384.51 5784.93 1527.1 5821.27 7026.83 3379.85 6631.08 7939.47 7304.9 1646.64 
8589.56 7746.25 8234.43 6980.42 1134.59 7030.17 57.2765 339.818 9842.07 8370.75 
2353.52 6566.13 277.597 534.231 1651.44 6891.16 7293.09 9713.54 4577.17 4482.71 
7509 9961.68 267.631 9036.1 5782.94 7294.46 2415.94 2414.01 5233.91 9720.83 
4060.65 3823.45 7467.07 2295.06 803.858 8601.66 9325.23 861.135 8941.48 9167.28 
9231.88 1294.98 5733.39 9509.48 1829.21 7384.83 6400.63 9122.3 7098.35 977.782 
3605 4607.34 939.448 3872.63 3643.42 6722.39 1167.07 6059.36 9136.4 6400.98 
5780.18 3197.03 224.42 3247.23 5492.09 1028.28 1848.88 4817.3 1889.41 790.337 
3984.57 1121.28 2085.32 9717.96 630.739 3914.53 7102.78 7031.36 3036.82 4201.11 
8009.15 6641.82 8808.45 8948.59 514.436 2451.86 5670.97 1681.51 8511.22 4807.35 
8082.49 4291.38 8004.38 8306.91 7538.61 3496.45 9335.19 9387.49 8313.75 1224.59 
177.811 2298.3 2345.87 2263.13 2016.24 2976.61 6177.66 9119.02 7.95426 9214.48 
3320.11 8017.1 5856.28 2128.54 6965.68 6370.72 4580.4 2636.63 8052.23 3091.6 
7443.98 6134.7 7382.99 5448.34 4441.6 4921.59 8944.79 3776.78 4309.06 7258.52 
5001.37 4486.87 9556.82 7347.23 6750 1573.04 323.823 2927.64 692.038 331.778 
2142.1 4012.15 8348.88 7998.38 6140.69 5314.54 4369.08 721.079 7951.17 2421.29 
3812.68 5395.13 8556 1195.65 843.446 2997.58 6117.24 9788.23 6774.36 426.282 
7046.74 1775.71 4913.15 6603.54 9122.94 1663.13 8176.58 9446.77 4590.77 8868.62 
9778.54 6732.88 2880.75 8127.4 4731.24 9021.44 3441.93 9100.33 9742.52 1393.08 
1521.6 3555.19 6788.2 77.5856 4750.84 7631.65 3075.17 868.067 7419.87 9849.53 
1294.35 4466.59 1625.22 6207.5 1070.11 748.143 7870.63 9246.68 194.892 2461.39 
8115.28 9973.44 9194.26 996.013 8100.82 3925.49 17.4386 1542.73 3025.8 9759.96 
2935.81 4547.41 3315.13 9724.01 4624.99 8065.98 7355.64 7700.16 8934.04 4775.49 
7549.67 228.375 9242.08 9174.89 6435.87 312.166 9923.03 4306.49 9558.85 117.905 
6767.88 7674.11 91.3228 5962.12 8670.13 8192.14 9887.62 8687.57 9734.88 2913.4 
8447.51 2670.67 7460.81 1762.63 2394.66 2085.78 9828.6 9750.31 9785.94 8762.63 
4525.78 7335.6 8991 3767.84 6510.47 5426.86 4080.01 6433.48 9733.35 3638.84 
6551.38 6501.21 1312.94 6642.71 2463.32 9983.06 4834.83 2350.92 8670.61 4569.69 
5264.32 7118.1 7240.36 2725.11 8880.73 9635.02 4810.89 8709.31 9385.31 4596.82 
7471.93 3911.08 1932.4 6462.91 7678.92 8442.86 1889.76 1758.91 4876.32 1623.09 
5397.75 1427.69 8124.3 6710.68 8070.4 587.605 6693.73 2905.22 2938.52 5364.32 
7474.91 8202.84 2482.41 4715.26 927.934 1363.12 4350.26 5738.83 72.4137 3735.56 
335.628 7544.34 7646.63 2268.02 4007.24 5325.53 710.87 5897 7084.44 5587.19 
7520.09 2482.17 7014.88 5644.38 9192.85 5085.27 6231.98 5886.56 7990.48 9170.5 
1250.86 5465.37 7373.33 3733.27 180.613 8301.26 5096.39 4530.87 4040.07 5168.8 
8266.43 4375.7 2713.12 5913.05 6643.73 6720.36 1238.57 7354.6 2617.34 8323 
2941.77 137.414 805.155 9956.66 5781.79 9998 5041.91 2013.76 5884.55 3032.37 
1184.24 7135.41 8497.75 8557.57 868.664 8678.36 6858.82 5965.05 3209.22 898.878 
1133.83 1475.63 5274.58 3846.96 7388.68 1918.29 567.302 8627.25 9272.89 3184.64 
6950.23 2214.64 3322.06 7755.39 2171.28 9103.85 7753.38 7213.19 1117.59 3637.91 
245.547 2301.83 773.304 8743.29 859.385 1641.97 7421.64 7718.21 7607.02 630.835 
8617.08 8740.85 2106.47 3891.65 2587.79 9495.15 5809.94 3155.1 8122.38 5082.81 
6339.74 5072.6 7297.45 9661.8 2827.97 9468.73 8765.63 581.329 6681.91 9883.21 
4219.24 6927.46 2185.02 4992.54 5670.73 3044.41 6634.51 3092.35 762.598 4241.51 
3723.19 9379.68 2982.35 5829.65 3271.31 5570.14 5324.79 9081.25 8725.24 3447.15 
4164.03 5064.96 8519.74 1461.47 4726.74 1347.69 930.182 3492.35 1929.02 7612.09 
3375.55 6148.26 4539.53 5560.57 1140.79 210.244 8604.98 7775.29 3302.59 9367.58 
2016.79 7025.78 8747.24 4999.14 2855.42 2018.53 569.262 8180.2 1099.76 9294.5 
1627.34 5263.8 4359.44 147.062 6725.26 9086.18 1494.76 7655.45 2578.52 3423.78 
5267.52 5954.06 9572.04 9807.05 1514.61 712.81 17.275 119.577 8488.1 3319.87 
9487.16 504.876 345.634 8234.38 5504.01 3201.05 252.898 6073.27 1381.24 1352.66 
5367.76 3008.57 6616.46 9727.2 3155.64 3341.71 8813.37 4650.39 997.135 1391.87 
8074.17 6264.65 7345.93 7646.2 6071.68 8860.54 8359.01 6088.96 8980.12 6847.1 
9408.83 8467.26 7351.97 9754.46 6701.62 2855.97 2955.5 6954.52 8929.24 4336.74 
8307.18 4296.98 7345.31 4923.62 4024.17 500.933 8265.33 2837.52 5151.33 9262.47 
4229.39 3225.48 5527.1 1575.3 871.665 1598.77 435.825 9230.67 7687.73 9415.95 
6077.75 7096.54 7883.19 3429.71 6850.99 4584.8 6285.67 9806.49 1539.3 5214.9 
4143.21 9846.48 9511.88 1488.5 4770.09 3536.03 1989.44 3035.4 6373.55 7140.76 
2297.85 602.92 366.229 7824.96 2178.22 1237.89 9423.73 2614.04 468.549 7111.44 
2029.97 6546.3 4207.96 9913.16 9976.01 1058.93 4497.94 6261.66 865.405 6037.24 
1476.55 5008.61 5883.71 988.411 6497.12 653.782 4524.44 8486.55 3689.19 897.978 
5627.3 5987.04 1500.9 5993.53 3811.98 3679.12 7231.42 3235.69 6293.16 7699.97 
347.111 8323.13 4246.25 4555.07 8236.28 4222.24 5614.01 2734.21 483.888 6479.41 
8771.45 1960.43 1488.01 4655.14 2948.84 7985.12 5308.92 7473.29 6471.66 8998.11 
8371.27 2098.94 4985.13 9872.16 8092.47 8797.11 3551.26 5323.87 2032.78 9844.42 
3023.82 2379.89 8167.54 7270.07 6934.97 6403.8 1492.3 2548.96 9138.01 1976.19 
9028.38 7909.44 3936.62 516.367 2564.57 6885.46 8501.49 7873.49 4358.73 4973.13 
6871.58 2729.98 7072.07 1856.7 2602.13 5164.52 653.79 6153.39 488.373 2686.57 
5997.8 3512.19 5066.47 4165.32 782.249 2001.42 569.109 2274.55 4550.38 9707.12 
4250.73 3578.74 7616.55 8187.35 4095.11 181.096 5072.8 2596.58 8054.58 9431.53 
7569.71 4926.15 2161.5 4641.77 6782.84 4763.63 9806.29 7436.63 917.006 294.649 
123.19 6914.81 3806.84 5189.66 1080.11 4589.09 7191.08 1649.22 6863.64 1741.44 
1356.32 1114.36 5320.18 8972.87 9301.71 9415.29 9153.96 4374.49 2011.85 7208.53 
3806.01 9581.56 2134.66 5967.5 4223.32 8917.51 731.118 4029.59 6354.12 1648.12 
4324.24 6477.31 8562.93 8131.09 1666.95 9643.04 2720.16 8858.03 1292.24 9583.8 
599.458 2648.57 698.139 5919.64 1621.42 9999.85 5334.91 775.367 4374.32 7346.76 
7983.9 8180.32 6928.3 118.545 4147.81 1151.61 9036.05 4878.93 5181.2 5390.16 
6527.05 9505.44 1867.45 5089.97 7636.51 3534.41 4732.99 356.656 2392.42 6025.24 
9940.46 2991.88 8673.8 638.579 8911.52 295.207 638.409 4246.41 1070.57 5012.73 
1593.15 9054.47 3193.04 8521.46 9173.02 7340.85 9673.06 8209.05 2219.76 4854.24 
3599.19 8746.82 4359.67 5466.65 3836.77 1996.16 9001.05 8569.76 2352.82 1393.46 
4594.98 2293.26 4385.34 3268.77 2931.84 3296.85 3563.97 3570.25 7543.26 4634.55 
8582.98 9136.41 3689 1776 7657.85 2862 9116.84 7330.9 1071.04 1336.59 
2185.13 4670.23 83.3872 6544.8 136.858 3920.15 8540.96 9137.91 2489.9 893.765 
531.358 7084.88 3187.03 4916.7 353.625 6118.87 8213.55 3917.6 9689.11 5756.79 
8552.14 8272.08 4893.19 2241.13 48.0532 2551.03 5103.13 9164.9 9881.93 6174.17 
501.467 2067.04 844.378 584.854 8611.83 981.236 4505.01 7152.78 119.131 6994.91 
8046.54 650.489 4079.76 1233.55 5567.19 4433.39 7352.42 3780.72 8350.99 7041.51 
9537.52 6903.11 5313.57 4430.69 9144.24 5361.63 6981.72 4247.35 4526.5 6863.62 
421.504 5027.97 8930.66 1265.88 5612.83 7542.48 2247.12 117.819 4695.24 2366.25 
7112.73 2741.76 3016.74 1192.47 3975.32 8583.93 5625.86 1327.72 2364.64 3976.83 
8369.23 1902.14 879.929 3682.79 6332.83 24.1535 9044.41 3314.53 4271.51 3570.9 
178.134 4693.01 8598.87 9108.79 5958.9 4211.68 6651.25 8206.01 4329.5 1346.48 
572.247 1442.21 4088.24 3588.99 2634.68 8063.56 2172.9 8260.54 9391.27 4537.53 
2237.36 7760.48 6439.67 3117.29 1443.25 2772.48 3141.44 487.647 6087.01 7412.95 
4058.55 6265.14 2105.94 2657.4 5373.92 8064.84 6869.08 2025.16 6270.84 1198.57 
3371.63 6843.08 2640.78 7459.88 432.052 5275.46 5523.41 2604.95 3535.98 4914.67 
7142.48 5773.34 2675.13 3582.14 8890.63 4118.39 6354.62 2032.05 4606.03 2441.61 
9445 8664.58 8706.75 1550.93 1321.97 4080.66 9615.77 8191.05 6105.82 5886.59 
9389.62 9477.45 2729.66 2030.38 6937.31 3161.71 7305.84 2460.7 5766.66 841.806 
7375.37 2909.13 6615.15 50.4878 6491.26 5505.76 4168.87 2845.87 7537.82 8774.91 
5287.48 6982.8 7439.47 3994.21 8533.73 8761.44 8074.87 8149.49 6952.47 4180.67 
4036.06 6342.08 3658.1 6765.72 8372.46 595.395 9927.43 5678.28 3056.1 5694.07 
6520.08 431.453 8603.19 3135.22 481.941 5094.44 8640.98 4650.82 7940.31 6178.78 
3425.71 3227.77 3161.56 865.163 7221.98 1695.28 9626.6 5296.83 9844.76 6579.06 
9477.5 3880.81 2921.12 3135.59 646.507 1293.56 3730.99 573.917 6971.83 6787.08 
6267.99 3491.9 7218.54 4871.16 6627.12 7700.48 9965.6 5268.08 2351.28 7905.9 
1446.84 5776.98 1133.65 4608.4 6642.15 8355.63 6303.68 6268.73 3652.44 6148.42 
2847.77 3129.93 29.2113 5768.89 6265.52 675.719 7062.45 9996.51 1249.64 4034.27 
6783.58 7517.62 7526.17 4002.1 2388.77 4153.27 1702.56 2354.36 9421.34 4053.84 
260.235 868.163 9830.82 1393.88 5476.56 6472.95 9749.51 1780.22 2741.66 3401.94 
7928.64 5589.44 6531.87 7957.85 1358.31 2797.37 8633.57 8420.76 2793.86 9883.21 
2455.01 9577.44 7400.81 9981.17 3579.52 9789.58 4134.42 5282.08 2143.92 3555.75 
9335.92 2404.15 4423.91 9166.72 3798.03 9900.47 5639.65 3547.53 1680.67 8381.31 
6949.46 9609.32 3970.73 3481.31 7567.15 5329.04 6278.68 6200.7 3749.78 9072.55 
6083.89 6204.79 8649.97 3484.69 6185.95 2229.48 3274.25 320.354 7511.56 5418.17 
3876.1 6847.46 7822.32 8300.02 6014.16 1620.34 8200.47 1653.79 5167.87 9881.15 
35.0879 2117.31 9490.45 4005.82 5598.62 7057.58 9334.86 1877.29 3258.27 3084.63 
949.82 9342.16 9289.42 9599.79 2826.83 5475.35 1829.25 6101.08 5795.71 9340.81 
1519.23 9671.81 6188.25 9341.55 7971.81 2202.4 961.876 6172.26 3856.19 6129.74 
6053.4 3891.27 8247.05 5543.82 7897.09 3845.65 2601.39 7231.94 5722.94 5859.65 
316.552 6672.76 5201.79 9605.97 6272.54 8028.62 5081.3 8101.79 4129.68 876.992 
7442.59 5648.91 548.784 3630.82 4990.45 8520.59 5833.22 5952.32 4692.84 9689.41 
2082.05 746.218 3580.66 329.082 6290.04 1477.74 4174.73 8891.43 8709.68 9897.67 
4751.06 9026.23 6570.42 9952.86 8632.19 2842.94 7981.46 3713.47 944.713 2111.13 
4590.47 8387.3 7760.04 5139.25 2018.11 2750.48 3659.83 7851.33 8702.8 8352.67 
7540.71 784.834 9098.88 1121.36 1113.92 5388.91 2599.1 5288.65 4280.32 1308.76 
5186.31 9031.38 334.979 1756.71 8984.23 8967.16 4599.65 6965.67 2680.62 5544.36 
9076.8 7271.09 3931.65 6836.83 2410.32 5949.75 9587.31 6070.15 3801.06 8290.1 
4422.8 1341.76 9074.93 3521.66 2463.12 188.831 8910.57 5062.22 5477.48 3190.88 
6370.98 663.774 2222.24 6705.96 2420.49 1206.45 5673.11 7020.13 8172.13 8353.73 
2564.48 7248.92 5624.8 6496.12 4085.73 8035.12 2445.86 3673.03 4105.25 6246.92 
1963.11 8528.05 7588.68 1038.02 2049.69 51.7853 1226.85 960.247 5114.01 6704.33 
4151.12 1484.97 7368.11 6373.37 8190.94 9788.59 7579.82 3864.03 6808.71 5751.93 
2217.74 9373.19 3000.83 7842.54 5869.3 7086.56 5877.65 8315.16 759.574 9982.9 
4562.07 2722.68 8510.93 2150.73 3760.7 560.606 2202.52 4987.55 1520.85 7316.52 
1691.87 5671.98 8801.5 9059.98 2045.33 6992.41 8848.55 9625.15 856.425 5657.25 
5377.06 3074.17 5030.42 8377.89 916.696 899.701 5464.44 6794.35 9214.86 6224.01 
6777.23 3776.91 8946.69 5288.14 5927.64 2707.38 5848.75 8130.16 7694.93 7369.6 
5446.66 9386.8 3041.56 4248.14 8446.76 5086.89 1240.54 7295.29 4712.02 2096.96 
2952.52 89.0612 5171.13 7982.94 8466.95 6087.83 8882.64 3931.38 2882.15 8097.49 
155.372 9659.38 1874.38 9102.07 4947.51 7802.02 1809.43 796.242 5932.16 9504.36 
8165.84 1378.8 8891.14 1207.39 5626.95 7337.88 6294.27 6867.48 4633.15 1006.27 
8964.44 7585.67 1095.33 4135.56 5568.6 9562.29 223.366 4451.22 3493.65 3105.52 
2548.69 3649.02 2764.89 4423.07 2751.07 7712.4 2225.07 4560.5 8508.64 8157.23 
4064.83 6674.47 9536.03 2955.95 7881.85 5162.96 293.813 4176.11 2030.43 4926.97 
5182.38 994.857 2512.62 6277.72 5130.41 8081.22 5839.99 5353.78 2532.43 9333.64 
8459.3 5081.12 2982.64 1224.17 9504.19 5733.71 8936.57 1729.25 294.19 7445.19 
9886.48 4359.02 4119.64 9422.49 7314.98 2001.48 4585.44 7608.79 6177.59 6615.87 
2535.74 1359.95 7610.73 5048.36 7637.67 2741.12 3129.57 3477.65 8094.9 5662 
2811.27 6554.19 743.106 5793.91 7778.36 247.281 1527.61 6714.91 1976.53 1821.8 
4160.08 1862.98 6180.82 8279.72 1285.46 3495.78 281.174 5870.9 1104.55 6458.76 
2486.75 3640.29 7818.71 97.4595 8688.65 5456.37 2838.58 1818.21 8934.02 933.468 
7480.21 1745.27 7487.65 8223.31 7539.18 5265.99 8470.59 9066.79 1980.88 447.103 
888.567 6140.96 2310.09 7069.39 4420.66 3595.55 565.147 4701.83 9466.45 1669.7 
1160.58 1953.18 5309.99 8979.29 2050.64 3998.62 4435.65 4889.22 5816.83 3369.65 
5822.69 3297.02 5114.92 3310.33 1520.31 2654.08 8576.32 9990.91 1720.85 557.188 
437.993 2609.42 6698.15 2748.08 9678.81 1118.79 6343.63 243.938 5820.63 5810.06 
1913.64 6981.2 7763.24 7223.62 5960.48 9813.88 1222.23 396.11 4703.09 7039.06 
3765.76 525.762 336.058 8880.68 3836.09 1856.37 1534.74 2412.4 1847.26 3255.6 
2969.58 2285.26 5865.02 9667.73 5033.34 5543.81 786.507 1376.95 5787.75 6607.13 
7187 7701.38 3588.32 4950.23 4924.99 9548.8 4764.09 6147.22 9944.91 9467.18 
3186.26 3710.65 9992.94 3522.31 2591.31 3829.02 5378.68 4126.05 6241.41 7225.95 
7381.65 9211 9511.2 3246.65 8878.71 4544.52 8790.45 9665.22 5921.47 4578.18 
6272.34 3108.45 2279.55 9860.66 8058.68 7204.54 9409.44 2822.76 3351.74 9354.33 
2289.92 6537.99 3064.96 2282.85 60.286 5656.27 6111.87 5438.97 9782.32 2353.26 
2664.9 7163.95 1564.24 2176.09 410.58 442.938 6720.61 9201.03 108.141 2642.06 
3779.2 6380.48 5750.51 6058.75 6241.11 3809.18 3263.27 5650.54 6631.93 6615 
5004.85 8921.86 3152.98 8069.81 1204.69 3213.26 3726.07 7316.55 8652.24 3508.37 
9669.82 1317.12 672.305 1234.04 3493.2 1082.88 1676.98 213.792 283.902 1785.12 
2855.85 4063.1 8165.6 8606.36 121.837 4406.69 2415.52 3385.11 57.213 9047.45 
0.0950416 5062.06 7969.29 3153.07 3131.86 9173.98 6366.34 6857.92 6490.52 5018.56 
366.275 6160.32 6335.67 1038.58 7394.36 9828.88 2121.46 9071.34 42.6534 2405.37 
