900 10
4058.53 7401.1 9658.22 5938.77 2835.07 2398.61 3390.43 6429.05 1882.59 8425.74 
2265.93 2363.59 4091.41 5015.04 5746.78 3054.32 7824.62 757.073 6452.34 24.4256 
3822.87 4237.7 4648.91 681.124 8147.08 1056.45 8749.52 1074.81 4554.75 1970.96 
8891.68 8613.28 9372.06 8549.88 4552.04 2207.12 948.474 7942.47 8636.17 2831.07 
6368.19 902.078 5194.65 459.574 5917.12 941.418 3513.9 3741.72 1698.49 9966.24 
3766.14 5521.36 4203.92 8415.05 6202.49 2350.98 9471.51 4951.99 3425.8 4026.24 
6922.95 2317.46 2639.5 6295 867.32 7191.54 8502.11 1815.79 5133.99 7138.26 
4646.86 1502.15 8040.34 9841.52 1961.73 3957.44 782.917 5475.63 7699.15 2481.41 
5441.85 1465.28 8002.77 9645.76 9880.33 4205.24 1996.73 9351.82 9157.23 5422.53 
3378.04 6080.17 7739.98 6017.54 2375.15 8607.3 3209.06 877.241 423.081 8343.05 
8015.5 5069.94 9845.2 6055.82 4911.44 1806.91 13.24 5694.36 7282.54 7712.39 
8175.77 2724.37 9177.67 6178.52 2370.12 9057.99 383.748 4366.85 8409.79 9540.98 
9789.38 1787.82 5621.13 7529.34 7805.36 7996.28 6136.63 1014.4 8873.52 6559.71 
9357.45 6889.01 1629.64 9202.63 2944.81 6541.08 1009.53 2958.05 2235.42 8292.07 
670.426 411.166 1016.42 9848.1 6589.69 3386.54 8906.07 6973.44 7753.39 7315.85 
6514.4 7542.74 9103.67 2135.52 5072.07 6909.01 131.784 1208.68 7923.41 9005.31 
7768.39 7280.84 5894.3 9398.03 6483.46 8839.1 5939.09 7492.98 1797.14 8174.51 
5785.03 2467.56 8585.67 6801.45 2315.64 5175.34 187.976 1221.7 2148.76 7941.36 
8537.54 8663.17 5484.09 7641.19 798.667 556.143 4550.19 930.451 1764.83 2473.58 
9935.76 9533.22 9754.42 5830.04 8931.23 6237.86 4669.13 4870.3 3730.83 6466.26 
3044.79 9515.87 8933.83 1630.45 6317.3 1249.45 6805.79 6505.28 2471.15 8954.55 
4446.62 1008.68 7617.7 9930.71 8649.87 8416.37 486.838 3200.04 9346.82 2251.66 
5673.62 9282.56 1784.87 5428.02 5112.58 716.08 1665.87 9781.71 5586.38 5396.7 
6247.95 8631.17 4912.55 5181.76 261.603 1229.83 6431.21 7067.39 7735.11 8902.36 
6021.93 2181.72 9911.04 3639.61 2112.41 8560.89 2055.96 2599.25 1760.91 1402.77 
4850.92 7434.53 685.31 6635.78 2862.54 5797.89 7351.86 4528.41 5579.58 2938.23 
9925.11 1827.52 1569.38 4837.64 7009.28 1830.99 6067.48 3440.48 8898.38 3802.58 
2342.82 4920.29 5984.29 2253.85 8559.91 8096.71 814.719 615.853 695.942 2575.63 
2018.62 5546.86 10.1441 2703.93 2182.62 2872.68 8501.82 9534.48 7401.09 4081.39 
2472.69 7326.19 5908.91 4042.07 2163.81 2918.17 5873.06 8231.29 6358.65 4771.42 
2033.85 8701.48 9691.71 8018.15 955.306 8251.6 6114.84 1770.03 8867.45 6810.78 
4345.66 886.056 2357.62 4355.8 3589.99 4540.24 7228.48 2091.79 4074.7 4629.56 
6173.18 6547.39 1955.73 2082.07 589.448 4119.54 5000.25 6462.5 2350.82 1358.88 
1233.91 4384.67 60.3428 925.601 2402.8 1015.65 9177.2 8517.64 2785.67 8044.64 
5328.4 7131.33 8930.69 7686.02 1487.11 2520.66 2226.24 8715.59 4612.45 6300.94 
3345.14 785.615 2848.32 5300.86 2867.69 3437.77 9420.41 7867.93 9900.27 1771.21 
9226.81 1134.16 6155.88 9287.16 2059.76 8558.68 302.789 1236.95 7076.3 3088.46 
9281.58 2404.68 219.776 8212.26 90.6838 1706.89 732.904 2316.92 422.467 5345.36 
8617.87 3767.6 6130.97 1466.17 9068.47 8998.66 4903.94 8488.86 6866.57 4804.19 
260.048 6093.37 5938.35 6415.93 5380.51 7998.12 4974.59 5683.3 9235.07 2050.88 
8771.76 8516.64 4455.56 8991.54 6728.88 4546.25 698.413 7461.78 6863.17 1120.88 
2807.12 5481.02 4888.48 8938.09 6947.19 3956.93 7936.73 1851.11 2445.77 4803.29 
6655.3 2705.82 896.646 2593.64 9121.75 6277.16 591.74 4096.33 1960.44 9826.81 
6147.21 732.19 8343.42 602.753 9723.73 5072.29 5149 422.127 2534.05 2012.15 
1543.01 5341.17 7493.17 6431.49 4279.25 4440.34 388.406 2215.97 6291.45 2834.18 
7019.26 2946.73 5540 7915.91 5540.37 4661.73 4193.05 6132.11 8758.06 6153.49 
5958.9 4905.25 6885.68 4302.31 5508 6609.39 9374.6 656.983 7031.52 1908.63 
2669.14 8574.53 7249.81 162.29 5006 1529.04 4602.63 5394.4 3745.01 894.069 
8228.58 764.25 3840.8 3768.56 8680.16 9381.17 8430.29 2873.18 5513.27 7188.34 
9026.67 1472.15 2093.57 5912.33 5774.46 7601.57 2521.71 5149.04 8258.55 9553.23 
7057.68 927.668 8127.74 4307.47 1089.96 3133.72 5836.51 5692.59 8528.12 9581.51 
6586.66 6756.69 345.747 427.448 525.234 9025.9 9808.62 8955.53 1899.07 5321.88 
6143.85 925.726 6794.03 8237.42 6838.06 2568.48 5838.96 9359.77 7717.52 4097.5 
8912.98 4775.18 5025.17 7040.7 9082.65 6115.12 174.402 4919.14 1807.7 8702.52 
4500.64 8394.36 5459.2 4846.38 8821.81 5984.43 3872.27 8630.42 4939.94 5771.34 
3952.28 1083.77 6697.06 746.289 9321.19 3535.11 3314.77 5160.14 2894.86 1032.27 
9257.63 1807.82 5807.46 4282.78 8848.52 4890.09 397.891 9022.93 9809.23 2205.59 
7725.43 4309.85 599.937 3184.61 9156.24 9421.75 9169.04 3028.49 8052.15 4108.97 
8799.83 2004.41 5192.74 5496.87 2750.7 4513.91 9031.98 6065.46 9674.05 1926.82 
7097.74 8931.66 3734.65 2905.18 3214.43 2583.15 7795.27 3612.32 1606.06 7604.49 
5817.91 9331.49 1914.32 6417.85 2516.09 1070.54 5839.58 1685.11 4099.03 3891.71 
5794.08 2898.84 5896.12 986.802 8395.71 8646.81 5500.71 7427.67 4712.26 5174.74 
9354.49 1809.98 4106.39 3089.12 4715.16 7320.82 5672.27 2510.42 933.125 7278.34 
114.886 6751.04 6609.81 2029.21 3168.87 9125.9 3099.75 9008.45 810.997 7198.77 
2900.15 6605.08 97.594 8796.27 7591.88 8493.3 7443.06 3092.57 5920.96 2155.3 
8267.32 5275.44 3965.29 2373.69 8364.56 8680.45 9694.51 4036.82 1190.85 627.616 
1315.13 1305.73 7378.65 7924.95 3334.94 547.51 7050.83 6434.69 9555.96 7861.83 
3633.45 2456.09 4466.89 3731.04 1252.34 2058.75 2224.33 8695.41 5151.32 8145.28 
850.694 3418.62 3420.7 4815.98 5792.31 1785.24 3496.41 5486.8 5822.06 4687.26 
6114.42 7137.19 5992.99 3493.05 5062.12 9327.93 4040.56 2112.94 5762.6 3596.51 
9974.76 9396.05 6052.6 4441.63 3127.07 7304.95 6500.38 5351.4 6000.34 1651.69 
3496.67 6851.03 5070.31 6917.37 1666.99 862.596 8702.61 5163.4 6349.4 4524.65 
9850.66 2463.79 1661.83 5843.63 5956.85 6723.95 5171.54 9997.41 8836.89 934.129 
3593.9 8811.64 330.159 9646.51 3253.25 3457.23 6951.44 9753.63 8808.63 2951.76 
1405.3 2305.28 9802.79 6475.61 9222.64 1469.77 7338.2 7925.24 6633.17 3687.58 
2449.87 6483.82 6151.38 4111.7 2327.43 2108.2 835.636 7498.98 2105.6 9672.53 
8433.11 5699.5 8484.14 8763.27 5345.99 1737.38 2220.48 2297.41 1491 1029.09 
5249.17 2896.3 3334.37 5051.94 9371.91 2557 6521.71 6710.09 482.217 3154.87 
397.659 2932.09 9638.68 6549.03 7043.79 1966.1 8657.24 7879.43 9465.08 762.817 
7551.94 7898.17 6462.31 6036.06 6661.42 1808.29 7773.44 8881.9 4105.7 9264.44 
9910.99 9354.86 2160.72 3245.34 4406.79 1532.62 5802.34 928.484 8242.71 6284.56 
4083.35 8640.37 9216.65 3722.02 5189.39 6260.42 5688.12 3846.61 4139.83 5153.18 
4609.42 1691.75 3051.33 1071.72 7727.81 9712.75 2880.01 5501.24 8594.63 6985.7 
4765.66 8505.6 6340.55 6926.39 1750.93 747.324 8459 7553.27 1675.81 6701.7 
3837.8 5759.16 5342.05 3054.43 9481.18 531.418 9314.85 5169.28 4378.03 3454.67 
322.446 8987.45 5146.42 3373.78 59.1551 2874.21 3086.51 2939.16 8375.45 1681.13 
9924.87 3141.1 186.715 6265.4 67.4692 1937.64 7012.73 8526.47 9490.91 8688.53 
5228.15 3328.69 4447.68 570.182 6383.13 3928.84 1101.6 5697.96 9098.12 5479.63 
9152.63 9420.56 4467.06 4299.03 2794.33 4526.21 7173.24 5880.84 7465.38 5548.68 
7561.97 7390.23 8689.77 7748.68 3655.61 8757.24 9686.33 668.321 7283.7 9177.22 
9356.85 2511.83 2505.9 3804.51 3082.01 8889.02 7733.35 4183.62 4586.97 6831.45 
9663.24 3739.58 6252 4130.28 8038.61 9046.33 8656.5 5211.83 4927.15 6121.85 
760.489 2489.1 3512.07 9450.26 237.767 7167.68 8207.49 9924.09 7836 5491.17 
9101.29 7192.84 8003 1607.17 997.335 1085 496.176 8730.69 5268.62 5083.14 
5562.12 4931.84 8822.72 1814.1 9062.12 6861.31 860.412 7718.6 2073.12 5787.56 
3840.44 2833.61 8276.66 7352.5 2283.86 8514.43 4520.17 491.331 8438.51 2356.15 
5982.5 7539.78 9548.99 3985.49 9146.95 546.304 5070.49 9643.13 9276.99 339.09 
4726.26 4839.1 5270.93 3548.96 6653.2 4333.04 410.255 7513.61 2051.62 2483.38 
3301.16 5892.06 5316.99 1577.8 3244.54 7600.85 92.2125 7764.71 8092.18 8530.72 
120.841 4074.67 6070.48 9669.83 8060.16 5217.42 216.115 3130.63 4860.53 9493.11 
3469.72 9586.79 4332.18 8740.65 3135.73 985.365 3073.67 3545.99 8498.98 5125.29 
6029.37 1800.11 1017.33 1346.34 3377.92 4261.87 8947.19 3470.13 2026.56 7039.35 
2000.83 2147.41 1114 8071.31 1817.22 9174.16 3288.72 2033.33 2304.77 8149.25 
1526.42 5774.49 7736.02 5858.6 4515.12 871.741 6843.97 7588.79 4417.73 5342.93 
2714.06 447.079 7143.04 3731.39 1793.42 520.94 7993.26 740.593 3991.07 19.8078 
7779.95 5991.9 2167.21 8893.95 4063.19 3984.43 8068.09 7351.91 6017.76 372.849 
5501.14 7544.18 6147.34 3237.15 3402.77 662.448 4108.89 246.719 8251.24 8526.62 
5589.65 965.286 8973.7 2732.67 4696.67 767.1 3253.61 2689.92 1507.69 7244.68 
2709.73 9287.64 3236.56 4876.94 8181.58 7299.75 8861.37 6249.65 4651.64 4879.11 
6622.5 152.769 2423.28 2769.82 3389.92 5826.04 3432.27 7498.81 6072.76 1683.5 
6025.41 1662.39 2648.78 4999.09 4395.07 7345.46 5766.19 7648.68 35.3576 7273.88 
4893.34 2745.08 6561.51 8129.9 7622.02 4743.07 5429.64 6483.38 992.702 81.2637 
1362.47 7615.2 234.033 3785.75 385.012 3623.95 9611.8 3817.28 1122.74 5684.54 
5500.78 7148.15 7346.94 8149.56 2147.22 1741.99 5495 7913.41 9390.66 5530.36 
5187.28 4283.99 8275.44 1748.77 2413.87 5897.45 6491.83 7843.51 2380.81 7484.54 
7924.77 3743.28 5099.72 8158.8 7529.03 5484.73 1782.74 7140.81 9302.02 2905.48 
2825.34 4802.78 53.6101 172.259 2952.33 2200.83 1914.24 8447.33 114.223 1304.89 
3977.67 5301.5 5588.88 2253.09 7050.26 8002.75 8150.54 3542.08 5846.24 531.334 
1026.6 3771 4274.62 6126.32 1929.79 1803.63 1611.04 3712.52 8944.44 913.039 
6618 1769.77 5715.82 6671.61 1942.03 8668.15 8872.44 3856.27 7115.46 8986.67 
5161.16 1093.11 4288.15 750.023 3346.2 1338.4 8752.77 1496.73 4880.48 4599 
2028.06 5907.07 8370 6302.68 2033.38 299.767 8106.31 3644.41 4012.29 7050.74 
4557.45 630.278 8820.5 273.258 7301.89 762.514 8941.41 6174.32 4618.78 6056.85 
5160.97 9779.95 7149.96 9449.12 529.951 496.143 787.494 9282.72 1992.87 5667.97 
3881.71 4020.94 1575.03 2251.69 323.599 3608.4 2551.45 8429.91 7252.82 6563.74 
5480.63 1810.25 7194.02 4301.12 2083.51 4495.9 5063.64 1024.9 670.197 9682.42 
7081.75 5831.16 9462.35 4231.69 5280.26 9992.3 4727.83 6067.76 9275 6720.7 
1735.71 3156.69 741.621 3310.73 5408.38 1065.22 6919.14 7959.83 9495.13 4171.94 
4523.56 4975.75 5982.19 1717.57 9276.87 8065.71 6213.46 4340.49 9090.61 6883.66 
4022.89 6172.34 2714.81 3485.22 404.006 7995.07 3477.5 5131.83 4062.81 2752.49 
1852.52 5798.52 5909.18 2594.14 9109.25 1317.55 3659.36 6028.37 9277.38 3154.48 
200.293 3800.93 8130.22 6182.49 5518.5 7407.08 4248.18 1731.94 1747.55 3338.77 
8615.6 5770.44 9511.1 1330.39 9255.66 9915.11 9325.46 2733.14 5046.93 3388.25 
5485.63 6899.45 9186.77 1394.8 9493.59 8296 2712.34 3152.93 4324.35 1989.71 
6307.41 4524.65 5790.64 4437.62 707.118 1309.12 1844.68 4955.29 3041.06 3592.22 
8294.06 1656.64 9362.66 7805.15 2987.04 8618.3 7720.24 2312.48 1351.42 2767.15 
5700.73 6837.05 9666.6 4887.48 8231.85 9160.17 3183.47 944.174 2313.09 7507.82 
2933.88 8620.5 2032.45 8724.52 3058.1 2739.57 33.6189 4902.78 7694.86 3074.68 
8495 5988.91 4731.32 7857.64 3794.04 7718.36 6475.93 1514.26 30.8212 7827.35 
4281.42 5731.55 4664.38 3948 619.019 2896.22 3108.16 3802.48 3840.39 5421.25 
1310.29 6774.27 4041.73 3342.74 5498.78 7099.83 6082.31 5532.4 2002.59 3777.15 
8607.07 497.575 9766.06 3338.38 8355.22 3560.08 1056.72 4831.12 5074.35 1087.54 
2658.46 9355.76 6819.09 7322.84 3303.75 7438.11 219.039 6411.9 1240.58 4059.43 
1833.14 2550.87 833.685 5874.87 5893.61 6332.46 2974.69 1975.9 1864.84 4977.28 
5753.05 471.894 5474.86 5519.09 3810.27 3830.06 9079.18 4866.99 8661.18 4153.5 
5954.52 1319.62 3509.25 2773.6 8642.46 6812.99 211.693 8861.5 3224.88 1452.27 
2920.91 5058.02 4003.14 3754.6 932.872 9896.74 87.0389 3907.56 1872.62 1951.88 
8884.84 7625.67 2423.77 4359.68 3144.75 6234.04 8189.73 2223.91 1101.01 6850.9 
6377.41 7055.54 8170.52 9886.66 9829.14 6812.96 6699.64 40.8129 5674.45 9924.52 
1493.08 8595.36 4982.52 5496.22 2349.93 5915.39 5392.95 2436.97 9822.95 7265.57 
4388.85 8707.78 4891.22 6812.62 3067.44 8035.97 3046.65 1257.16 259.864 4147.66 
8108.06 6637.28 1203.18 6278.56 6523.92 1032.3 3091.5 3223.54 1073.11 8765.95 
3148.04 2566.2 7361.29 8130.56 8062.42 9711.22 4045.94 3455.35 2148.18 3868.88 
720.903 6537.03 2576.64 5612.13 3349.63 5644.08 3648.08 6396.28 6901.23 3907.95 
543.924 5009.27 545.208 1747.1 1287.81 7069.13 2779.4 4379.32 292.652 3852.51 
3145.25 3440.7 6418.71 506.522 1571.24 4481.11 217.728 5617.18 7936.46 2365.91 
9486.06 8657.37 8902.94 2062.68 4269.48 2252.55 7706.75 7917.56 8648.83 4607.97 
1825.49 9192.76 9617.24 2370.7 939.845 905.039 9439.83 3719.25 5284.36 9732.48 
7571.76 8429.61 3173.16 3990.46 8936.13 4744.4 8471.57 9153.86 361.566 6408.02 
1519.75 9847.63 5065.36 422.665 1910.29 9334.84 2675.22 9617.04 7252.38 1324.04 
4225 9077.87 516.778 3842.22 1448.56 1456.62 4747.26 888.365 5175.87 31.6017 
620.826 2747.62 8461.21 3793.98 6738.08 7397.32 8538.38 5209.63 6551.16 8899.95 
1617.63 8070.91 8747.56 6682.99 8493.57 657.829 6017.81 1168.78 274.856 3270.18 
2492.81 4499.85 2348.04 3009.59 8342.08 3796.59 4466.21 3089.32 4684.95 9642.08 
3120.92 5305.78 2389.69 1582.11 9099.76 9127.76 8979.44 7638.13 4337.37 5530.58 
6538.06 5955 3601.47 5285.6 2637.97 2095.03 5943.43 8655.79 3263.81 6218.28 
1925.95 5756.62 718.119 4273.98 8766.21 9060.2 8070.57 3232.4 2149.5 2755.51 
2874.47 5270.42 8061.29 5264.16 6852.54 7161.04 4391.9 5831.96 4799.15 8729.27 
1362.52 1337.19 4684.25 4964 6622.79 7322.22 7059.03 2566.2 5977.99 322.816 
8784.48 7903.94 6079.43 9502.6 2177.91 4845.62 8562.78 248.462 8078.03 712.262 
3003.97 952.482 5982.68 1065.25 6216.64 2835.2 8226.29 608.52 8667.16 3025.42 
9337.79 29.6637 4362.61 4022.03 4993.66 985.379 1344.23 2052.67 3551.58 7322.23 
2375.48 2336.04 5226.15 8454.92 1838.63 7404.05 3300.52 401.389 7652.52 1378.54 
1113.65 656.473 2331.02 7096.33 1721.72 8547.66 9931.54 9948.01 9156.18 8598.68 
2973.41 8493.95 8628.34 7336.02 2515.96 3621.99 8321.39 3860.19 5674.65 1872.95 
1182.4 8050.14 4209 6408.55 6505.04 6047.62 3812.58 9805.56 6449.01 1465.08 
1184.08 7562.66 2121.56 3515.1 4658.98 3843.28 2062.74 4590.5 3791.27 1218.9 
3189.17 6764.67 9712.85 1817.49 4100.67 2228.79 5439.48 2422.05 6088.98 1114.11 
4295 7271.38 9164.25 8504 3679.91 5669.27 4551.61 7492.49 5474.82 1000.6 
8957.58 6658.9 8563.27 1079.11 173.986 3222.23 4922.39 2236.72 7812.74 8713.66 
3455.62 1001.89 5478.31 3168.45 2819.38 9578.99 5397.24 8258.85 2001.02 1486.2 
9372.97 6296.02 8757.58 8537.2 4800.01 2437.47 4206.46 9351.61 9929.96 9681.28 
352.202 8887.52 6340.17 8915.47 9966.63 6514.15 2137.69 4889.01 8750.88 9950.42 
3602.65 2206.48 952.293 9080.96 5374.93 3771.67 8659.93 772.154 2030.51 660.935 
2258.35 1403.46 6956.96 1015.91 9940.66 1756.95 3453.38 4147.1 1108.54 3383.32 
3828.37 1460.74 2270.82 168.516 376.198 2237.44 6682.67 2513.89 7126.44 5433.53 
2464.3 729.076 7640.01 3416.59 9810.04 3014.92 7188.26 8469.96 3787.08 9218.77 
9130.89 6045.43 622.207 6087.83 7061.34 562.851 7844.78 514.707 4709.95 8953.32 
3898.03 8538.32 414.046 6168.85 8706.84 790.244 8406.29 5389.49 3304.13 5532.72 
822.999 5768.43 6261.79 8463.01 9185.02 6071.81 1477.91 6373.26 4541.75 5264.99 
5592.01 3672.63 1310.4 6214.21 9760.46 8371.75 6777.06 7605.22 8886.45 1487 
6558.52 2784.47 25.3052 6972.56 8953.32 8732.14 7762.81 7359.59 4121.61 1066.92 
2892.29 4944.61 6835.35 9154.08 3407.6 6020.35 5225.87 4885.52 2393.59 9767.63 
150.488 7985.59 3440.24 1460.89 4199.79 3200.68 9832.64 976.837 805.879 8719.07 
2463.84 7364.4 1503.52 2489.14 4336.94 456.824 1221.27 2099.74 7816.41 5342.88 
3166.66 708.683 287.477 1.99032 9862.76 3695.08 6022.34 5088.62 8580.59 8415.93 
4856.23 8731.08 6401.5 8296.47 191.956 601.276 1497.13 24.5763 1578.11 2303.01 
8743.65 4041.95 9667.4 247.158 6531.09 4004.33 703.982 7752.36 6104.07 8520.4 
3095.23 9270.72 9229.08 3382.7 9272.71 9091.82 7077.78 5295.04 4180.42 5658.36 
3710.95 9036.65 4389.42 112.431 7333.1 4581.38 713.707 8830.23 4605.96 2291.82 
1133.22 3349.59 6333.77 800.606 3596.75 2864.84 4804.94 4300.73 617.188 908.987 
2821.11 3712.41 179.695 2050.17 7095.12 9452.41 1141.98 4172.88 4747.43 5322.4 
9831.24 8458.37 4359.04 4220.65 8570.81 1692.12 8802.03 9284.51 522.336 3407.97 
1576.31 1655.56 6757.56 7910.08 2456.16 354.287 774.91 7261.1 4655.02 1392.1 
8170.09 7476.12 5104.51 8349.78 9526.29 2199.61 7802.17 668.253 6372.49 2549.59 
5990.65 6203.71 1007.94 349.673 424.344 9578.75 2041.8 9226.37 8863.24 2564.13 
2634.32 439.54 4219.69 9391.88 8349.62 6675.85 9746.16 9124.53 3936.93 4401.16 
516.612 2107 1877.27 5621.12 456.76 1403.55 7820.73 8258.93 2071.8 4193.21 
808.503 8062.46 396.904 1816.45 8412.13 821.249 1395.18 453.906 47.6034 258.404 
3018.04 2681.92 697.943 7237.72 2073.78 9047.57 3913.55 1819.93 8172.08 7850.48 
6221.09 8688.69 9957.48 8098.37 4309.8 414.222 9501.91 2130.52 8673.16 1573.7 
6323.72 9481.66 9636.15 6720.63 1298.09 8048.26 7541.88 2693.27 8502.17 7589.48 
2951.67 1520.19 271.386 3649.61 8757.91 2345.17 2697.16 2671.45 4165.1 869.224 
521.912 386.179 9557.92 479.374 8484.54 3867.7 893.596 7986.44 5998.21 9566.75 
9560.14 2321.92 9048.39 9196.28 9042.55 346.464 7244.52 6584.4 3039.73 5746.68 
4173.87 5991.4 7266.87 4445.25 9641.01 6024.76 6790.42 2338.15 8696.21 955.507 
3207.38 9218.12 1341.69 2765.28 9697.5 9826.23 6632.98 591.075 7812.65 2631.17 
157.81 7372.77 4953.09 9206.2 6569.03 3995.62 9552.67 3813.54 580.01 2592.38 
9560.22 4753.88 8583.78 6827.06 9199.13 8224.77 2851.81 5989.53 562.907 1548 
6945.04 3770.29 766.108 8286.73 6535.56 463.587 8112.94 3168.52 1054.66 5925.57 
5799.7 1212.47 3298.33 752.775 418.657 9867.37 4748.4 9971.32 3680.89 5328.41 
2563.69 3241.09 82.2675 1147.45 68.138 9281.4 9372.22 2919.95 5270.91 9935.12 
4467.95 2215.94 3705.39 5234.06 502.648 240.937 5697.64 8615.59 3409.46 6752.31 
4541.15 9209.16 7964.78 7839.48 9961.93 8383.43 7706.83 4710.32 8354.74 1387.7 
38.7067 918.41 4628.79 120.974 2065.86 4696.93 9402.37 1438.05 7616.88 4673.27 
1373.16 2084.81 6889.21 5078.55 7318.87 7391.85 5319.49 3016.5 6007.42 8728.95 
9768.8 548.553 7938.09 7733.56 8388.03 7900.01 6116.98 6094.84 2610.31 4471.7 
7482.55 2649.01 5390.11 2111.32 2769.99 7455.97 6808.25 2172.34 8894.02 4425.12 
6845.61 267.166 6509.93 3734.8 5345.71 3828.78 1126.63 665.184 6845.28 7134.06 
9394.13 6614.06 7682.61 7332.2 4347.61 6070.63 5232.19 464.573 2165.45 7842.5 
4936.28 9648 491.494 326.375 1759.31 3261.48 7782.34 8567.56 5433.82 6676.35 
2992.66 2279.41 6943.52 9502.59 6014.21 2289.21 3331.35 7140.84 2954.4 176.61 
4274.89 2348.51 6790.67 1957.48 9680.71 1138.27 8028.11 4912.89 1602.84 193.544 
2755.37 6539.12 9841.55 3246.86 6865.49 1600.84 6508.34 4647.82 168.38 1942.15 
1324.15 3161.04 4221.56 8267.67 2663.61 235.753 556.865 5994.96 7376.6 3511.26 
6171.57 1651.46 5859.77 2962.22 3608.95 5540.47 4100.49 1637.04 453.343 5703.33 
1830.58 3208.71 2242.43 1672.11 6455.58 9107.92 3272.95 2963.91 3755.72 3441.32 
4906.06 5079.87 6602.36 9127.62 3347.52 9265.97 9363.37 3904.39 5260.91 6739.95 
7415.65 1432.46 8391.41 3275.41 4394.69 2000.34 8815.88 8495.18 3637.38 9269.22 
4198.49 5467.96 2477.92 6440.92 7140.07 8933.5 5548.82 412.996 1897.39 9304.53 
3854.32 6803.44 4384.39 456.669 5931.04 7731.91 9722.64 5294.39 1636.28 4983.54 
2034.32 9051.93 6416 425.721 2327.32 810.675 2426.06 1143.18 9305.85 6063.44 
412.383 3504.32 1531.38 2890.3 9945.24 8671.45 1823.78 5494.04 9084.45 3721.17 
4798.56 2938.75 524.594 9182.94 3395.42 6455.63 6914.84 3118.05 1750.01 8551.11 
8101.58 3784.34 7603.02 4517.57 4210.06 9930.34 5328.25 6636.12 1073.51 4634.08 
2699.54 1485.89 8138.41 4230.93 4376.19 8083.63 2902.36 6199.97 3577.65 1986.79 
9921.14 8376.21 4925.54 445.717 7559.13 8320.96 6901.35 4473.95 1438.99 8651.36 
3025.05 9540.57 2435.68 628.055 4058.13 6645.74 558.381 9386.37 3281.84 1631.89 
4020.44 5981.38 3117.77 2158.83 212.29 7493.97 242.441 3114.65 3693.92 3820.09 
5101.44 3615.04 2196.28 26.962 4060.76 9755.41 8347.92 962.097 4229.35 9786.91 
9613.46 7254.4 9327.47 2049.12 7882.45 3385.58 8694.86 8440.83 2771.94 1976.68 
72.7022 6792.38 7958.06 3190.48 8951.2 8170.35 684.425 9193.65 1284.99 4378.35 
3013.72 6386.42 7993.39 5210 6413.39 2054.14 4965.4 4761.29 3016.23 9194.75 
4548.19 2629.68 6449.12 3875.64 4678.8 4331.56 7261.22 3373.65 2772.38 33.1387 
5350.33 2845.08 6825.51 3308.38 6035.55 5776.7 1478.71 6719.98 4970.33 2763.7 
1098.31 7984.05 9150.12 9091.7 3194.03 5563.49 1145.82 8159.43 324.767 4162.05 
7354.16 4872.96 6791.73 3803.27 8748.59 1470.51 8134.83 6009.8 4844.16 907.185 
6042.94 194.468 3752.26 2868.43 3502.84 9787.82 8645.13 4981.56 6507.78 3615.45 
7745.26 7606.09 1599.48 6895.36 6697.77 4793.51 2458.84 7843.59 2952.92 2783.61 
2005.62 307.067 7656.56 8797.35 4110.33 6405.14 267.845 2245.14 2414.92 5112 
3152.33 8457.85 5306.47 6904.59 1326.27 8809.31 6692.39 9971.4 3790.85 3200.16 
3586.83 1536.09 806.229 5186.31 8431.46 7504 9979.82 890.277 5347.57 2932.73 
3673.88 7353.2 3239.8 1330.43 6150.53 7350.13 7735.56 6418.38 9595.27 150.464 
1530.36 2747.59 8608.32 6836.83 9652.18 9934.59 5646.13 6344.56 9905.97 9436.98 
9544.71 3492.79 973.055 350.924 8679.1 9404.51 7854.92 8658.91 294.771 3202.48 
1591.62 3968.65 555.662 4831.41 5299.08 6706.19 2181.53 3034.62 3124.55 1776.79 
3185.09 4654.91 4524.37 1793.39 1491.73 4176.54 1727.96 7137.85 521.074 1633.91 
6574.81 65.7695 5126.7 7547.87 416.694 3805.78 6952.36 8271.62 2464.67 7247.13 
1474.08 4056.29 1215.77 2029.75 8887.7 6514.85 8735.94 1069.21 9549.47 1860.48 
2846 2734.54 6515.39 7370.37 4527.93 8007.12 1546.89 6255.89 5144.95 2067.96 
7889.8 1719.75 2133.73 3016.49 9267.62 2550.43 6822.27 6219.96 822.028 9286.94 
3467.08 2296.11 3343.21 4682.85 4325.86 2230.9 1197.68 3061.78 3300.11 747.134 
4922.26 6146.11 3481.68 1437.63 3516.46 8009.61 9444.75 5063.35 4265.48 4589.68 
7131.31 2155.26 6309.43 9265.05 5171.75 5577.03 1815.46 1994 1796.98 2637.49 
1280.92 5264.06 4933.6 4624.13 9946.91 9259.46 6855.03 1144.57 2321.22 155.127 
1891.71 7243.48 6301.24 5373.38 8681.11 9817.7 3382.97 8125.84 4881.04 7648.45 
2715.5 2012.33 9803.71 9024.94 1277.37 4975.44 4601.95 3092.82 6969.44 6398.93 
5730.31 8250.36 1662.98 663.888 2874.48 1609.87 9923.34 9729.51 2754.44 2244.55 
9884.64 4646.15 9488.02 6185.86 19.515 8169.11 6003.54 3402.49 6294.93 884.563 
1050.92 9010.43 2896.9 854.614 8035.35 4174.26 5830.05 2637.29 7267.09 2799.48 
9036.22 2997.38 1049.82 699.181 3661.27 3924.3 2309.05 3584.59 3653.79 5063.5 
5829.14 3538.42 9709.65 5317.14 9724.28 9729.16 3486.24 5727.8 3131.63 9781.17 
6612.37 4182.55 8791.59 9509.26 5037.16 6826.92 3683.51 867.202 9464.21 950.579 
3666.68 8500.42 3947.96 4716.5 9199.6 7609.22 8640.8 1508.63 1193.8 2294.58 
6572.13 7022.93 5833 6281.76 2340.06 5557.25 6010.9 5826.3 1285.04 9142.53 
5607.45 7897.4 3325.06 4399.02 7406.65 8362.23 1225.93 1090.14 9229.43 690.125 
2040.72 2896.09 9190.54 5988.68 7612.59 8390.12 3597.88 6253.37 9898.75 4791.68 
8547.95 6470.86 1814.59 4380.93 2752.6 4154.65 9938.18 8763.5 9980.95 1223.21 
7906.02 5588.38 9120.61 1231.06 9987.41 6527.24 9593.29 1213.32 7617.39 8822.7 
1903.44 9658.11 1718.77 1093.97 5646.77 9331.36 9484.09 9244.65 5584.71 9382.83 
4036.31 4132.65 5853.68 5850.9 8513.58 8606.28 5.53497 8451.75 7369.77 9986.49 
9674.95 5275.76 5574.85 8795.54 6506.82 5562.24 5322.77 6100.09 6775.56 2940.14 
4922.77 8679.01 2598.23 6641.54 9772.98 8245 5972.88 9257.05 7489.63 1557.58 
8639.86 1525.92 5690.23 4493.52 7376.82 4203.79 3099.78 7382.35 2655.52 469.53 
7368.82 2330.45 5745.29 2943.66 1125.98 2252.1 8505.9 6448.75 8352.19 5281.45 
9388.89 3274.95 3960.44 1987.1 9916.49 3733.4 232.085 5889.35 2990.43 7721.71 
7446.93 1630.28 9247.63 3137.14 6123.79 6624.44 7340.93 9223.58 4006.77 9996.45 
9693.11 1375.58 2326.88 5438.38 4319.24 3452.86 7690.48 2825.12 9901.61 6042.66 
8106.57 9290.48 9317.6 2066.99 1277.57 9234.07 5800.39 1509.65 5123.41 8790.82 
9231.37 2570.32 421.08 8478.99 5707.46 6544.87 5103.41 3048.36 5768.43 9110.18 
3044.79 5461.52 485.744 5371.67 899.888 4804.98 8824.53 8590.37 7630.11 8726.13 
4633.01 5736.66 8016.59 3950.6 7803.65 9294.16 3184.65 3604.03 803.8 8308.06 
2394.83 35.1517 878.357 2815.91 8514.14 6585.81 9360.79 3617.53 9634.18 5129.2 
2727.69 2678.95 590.709 3213.43 8050.63 1490.6 8018.42 6875.14 80.95 5648.51 
5601.26 4713.96 1385.15 3617.83 8664.56 9188.81 2911.98 1849.19 2792.82 3715.78 
157.23 5187.65 3750.93 1035.59 8003.56 2265.05 7621.4 7364.33 5882.58 7255.56 
2493.52 8610.26 9934.51 3084.22 1823.68 7985.12 4574.82 9842.1 4860.25 4655.77 
5490.59 461.487 9369.73 6875.74 4079.32 8034.27 6064.53 6991.3 9883.46 8857.35 
707.059 40.6725 4044.98 4457.99 1076.26 2048.53 6723.04 8697.66 9412.85 2605.6 
5953.2 1906.35 1215.85 5887.69 4990.58 3039.53 3872.8 9565.4 2881.61 8733.05 
4221.15 8372.2 9194.53 3590.87 5247.92 3273.83 1625.12 1312.44 265.115 1508.56 
169.768 972.174 1549.23 4214.75 5430.16 2625.49 6263.27 2153.19 1323.13 5676.11 
4758.79 7276.33 7582.47 5974.63 3164.01 2573.03 9014.16 7036.81 2138.41 1895.76 
5769.84 6359.56 267.938 4964.36 9950.42 5515.86 8238.19 1575.52 6828.3 8503.31 
3084.08 6998.06 9475.48 4633.32 1212.8 4905.63 7258.81 7476.07 7058.82 8581.94 
3152.17 1817.59 5858.26 734.615 7792.22 9022.27 3307.64 6806.37 6059.06 5446.05 
8702.12 1828.89 1805.59 8970.06 6793.24 1755.99 4485.9 5031.42 3331.52 1314.18 
3534.71 6415.6 8312.25 3010.17 1048.9 9525.04 7915.8 8307.71 7001.1 4974.6 
6889.64 153.247 6792.18 2747.88 887.862 4584.39 1770.14 4195.5 1390.74 7829.2 
9641.55 92.8459 9658.09 1447.12 9062.91 6451.32 3203.11 3548.8 1482.72 6534.63 
4862.98 5017.43 2950.22 3175.21 8027.6 3999.12 2700.24 5943.38 2306.82 9701.33 
917.961 9196.46 9854.58 7710.14 1944.33 742.426 2294.52 3714.47 4937.93 3685.25 
1543.66 4579.46 3778.1 1201.73 6026.58 2840.99 7653.05 9229.69 6389.79 9135.76 
5764.31 1252.75 4153.17 8714.53 4427.96 2180.75 2713.64 7128.19 8124.13 5020.46 
6829.51 9042.09 4216.9 6684.07 6752.22 6161.23 7426.5 9046.74 9875.7 2364.41 
2731.97 1419.34 6943.87 6510.07 2621.07 2970.43 9351.07 274.098 2200.11 5740.83 
9409.86 7964.42 6993.58 3563.02 6678.93 1421.52 5743.77 9392.57 8549.71 3867.89 
4413.01 5379.21 2909.96 8629.91 2063.26 9662.18 4791.13 9489.76 8708.9 4666.81 
1854.16 1440.86 6086.15 8798.03 7950.94 8707.22 1768.45 7301.98 8981.32 3968.56 
3042.8 8391.16 1932.96 36.3649 1954.16 8611.89 1457.89 7697.93 8004.44 7.58385 
1565.8 2417.43 5386.79 4475.76 1047.32 7450.05 4137.93 5838.45 6939.8 2846.82 
505.242 8793.96 4287.68 6591.39 7591.97 2238.6 5298.59 9360.42 9540.58 4279.9 
3328.97 2583.36 2671.04 5261.93 2619.73 4625.2 3873.8 4077.61 2323.12 1878.22 
4085.2 3888.92 4295.65 9471.99 8364.68 5342.98 6922.03 2502.59 1181.41 3861.81 
5349.41 1686.65 2655.75 9637.09 8278.04 247.712 1875.67 3576.62 9608.14 1416.23 
7856.52 2937.08 3999.59 527.538 8199.01 6619.32 5152.74 2072.79 696.921 7475.85 
3951.02 4782.12 1364.75 8246.67 4254.09 9729.43 3589.63 1176.1 2232.01 4771.04 
5037.91 7581.41 6457.69 7693.67 7218.48 4735.71 7941.38 9094.15 8312.33 7549.5 
510.366 6168.83 486.566 4509.96 6696.37 8685.58 1129.27 1849.09 758.352 1826.19 
9324.94 4709.37 6608.31 689.68 2956.02 862.381 419.095 6545.65 2038.48 2651.1 
1316.66 7076.4 232.498 7774.35 4770.05 7450.98 2510.04 2711.41 6545.12 822.356 
260.895 7055.48 6991.19 747.461 1565.43 3687.54 9433.04 2694.69 5536.63 191.372 
4520.88 4861.55 4900.74 1129.17 5551.23 7856.76 1991.55 5970.33 4402.39 4030.03 
8621.43 5719.05 1106.41 8853.93 3493.38 5876.46 6304.89 6003.43 8587.87 2850 
6825.78 8848.77 9905.48 3816.95 9596.23 1470.89 7504.49 9029.25 4165.58 3041.1 
9220.62 8686.46 7902.65 4121.34 9815.63 3453.87 1978.08 1807.16 9424.2 6380.47 
5837.2 8045.61 2099.51 6943.61 6899.52 5592.89 2820.05 3204.4 1596.3 1407.91 
6054.4 8422.09 256.661 5959.86 2239.02 9852.89 7430.75 9743.51 8882.12 1596.31 
2784.59 8102.73 282.761 687.226 2224.05 98.3745 4141.09 4202.14 1905.54 3565.27 
582.592 7742.73 1610.87 2682.1 4686.33 8510.39 8274.99 7506.38 1714.77 9871.29 
8914.29 7769.17 8293.36 9170.95 3729.01 532.367 9023.83 1159.74 275.86 7905.93 
2756.05 3060.45 6008.64 3038.81 3747.68 8232.69 3137.19 7888.77 2434.81 5042.73 
1454.03 3017.41 2785.44 3064.9 5699.5 7471.77 1575.27 3974.48 4978.14 3290.04 
3845.76 3892.41 1059.19 2139.1 3063.34 4788.2 2671.47 2087.15 5947.94 2947.33 
9993.08 8703.99 6007.78 6001.7 1742.79 9755.46 4234.38 4879.98 7644.21 6669.19 
9922.7 9098.24 9686.6 2708.13 2163.12 5386.09 179.885 3738.39 9360.57 5158.02 
7028.43 3206.3 9050.43 8087.62 5345.4 2113.75 2875.79 8016.87 4200.9 8823.73 
964.182 4193.97 7527.7 6971.96 195.656 9270.49 6727.4 4430.04 4150.45 4371.59 
1099.21 4073.13 3469.81 785.796 6781.27 5632.93 6171.88 6961.15 9371.32 5532.43 
2119.15 6399.73 8738.74 1169.57 4487.33 4084.12 3283.32 7363.12 2100.98 7484.22 
6186.83 3065.16 1678.18 3714.52 37.1017 1873.83 2984.99 6764.5 6303.87 7135.44 
1136.08 7403.08 1208.56 4605.89 8188.88 7989.82 238.804 4360.75 4950.96 9610.12 
9893.18 7070.11 6009.83 8631.9 8239.68 497.144 2716 1522.98 7860.27 4816.98 
9007.2 4047.08 7882.14 685.362 7761.6 7919.24 2559.2 746.577 4683.72 8863.07 
7882.02 5819.8 6266.13 9090.58 425.67 4455 7080.38 664.474 8815.74 2031.32 
274.58 8708.9 9101.43 6284.42 7340.78 7341.09 6781.56 56.7679 8864.07 4641.81 
4873.75 7871.25 8688.89 2755.87 8556.62 6450.48 675.091 1115.79 7197.05 5358.81 
9978.86 5079.05 1178.6 6244.97 4169.61 1604.27 699.953 1249.98 2268.74 9515.7 
3281.3 2543.32 8224.58 2382.71 8827.74 5565.35 9723.8 5609.28 5622.12 8587.85 
251.068 495.845 6459.09 8939.96 3251.71 5015.68 5390.42 3926.8 6131.48 2587.45 
9285.62 6110.32 7666.5 464.197 2355.27 1836.1 2068.46 3055.23 3086.08 4337.2 
2570.91 6367.37 6880.52 795.47 8750.08 5708.24 6360.82 8473.87 1317.5 1982.92 
7061.7 1568.57 2478.76 3520.77 508.513 5730.47 8536.45 5898.93 9657.28 4667.91 
8486.38 8942.88 778.212 6152.87 9407.08 3133.49 7988.97 1475.52 6188.71 1075.03 
5812.73 8759.62 7442.4 2693.24 9555.09 6192.47 8401.48 5915.89 4666.32 9718.99 
7898.81 1728 1287.54 377.549 5248.77 1796.05 6108.02 3785.21 7694.98 5765.28 
8453.12 6181.35 4708.15 9231.33 2334.2 4115.21 2364.8 323.147 5590.73 8553.51 
1398.17 1403.44 7313.12 8840.57 4096.68 6868.19 5033.02 2498.14 2784.06 9699.34 
2217.11 682.853 1427.33 3504.65 1060.4 6676.1 5300.71 7168.42 461.286 2995.67 
2933.69 8914.4 9177.02 7641.84 8145.72 1511.2 1757.03 510.498 1834.35 7347.76 
9064.01 3232.52 8751.21 6377.11 2073.08 2847.87 3245.28 7106.1 5346.01 6029.35 
6805.43 7563.12 6712.2 8232.75 1067.76 7772.6 4908.83 6368.47 4941.01 5370.12 
9364.14 7874.7 4284.5 8541.15 5516.52 2430.2 52.3296 7273.55 2940.7 1886.68 
4621.3 2004.69 5119.2 3372.49 8381.8 7192.27 6220.35 1627.07 4298.36 1566.35 
7656.42 1103.77 9129.48 4368.6 9336.52 197.221 2141.19 4245.33 6565.69 7082.2 
9615.45 5929.82 4956.88 3899.94 4470.95 473.391 6330.14 4523.28 7746.94 9270.84 
6409.95 2368.23 1275.52 1529.13 5740.71 9657.32 8721.41 1961.05 1284.38 3019.75 
3527.4 8940.8 4123.52 2656.86 3309.39 3460.02 2854.08 5450.58 7705.35 9419.77 
2532.76 7320.78 5349.57 7489.64 1220.71 9820.52 7963.03 7550.85 4343.78 5709.96 
6821.67 753.712 8078.19 8097.19 2282.85 3818.88 7754.5 1004.24 5779.93 9038.88 
4023.99 9307.33 7979.66 8147.5 1964.17 1289.03 1607.5 4818.25 6739.6 9312.85 
4238 9272.36 6633.62 9587.57 6761.99 7854.33 9408.07 4725.01 5405.16 3751.83 
434.949 2226.81 4505.54 8513.13 323.986 6788.39 2332 8078.48 7792.62 8111.93 
7117.35 1816.59 7419.24 5096.99 9964.09 9383.41 6386.02 1571.58 4201.64 3125.61 
884.414 8439.64 2397.95 7518.03 8027.19 9159.94 5372.34 7435.24 3884.93 777.483 
1187.05 4319.88 3004.3 5692.59 2833 3328.28 2480.96 5165 1406.75 273.567 
3276.91 8524.09 2090.16 696.126 3621.07 2054.23 79.5159 7.0667 3625.81 4281.15 
3132.67 4510.23 2720.78 5530.62 2028.24 747.949 4690.55 7400.59 8183.19 8575.48 
8178.07 9370.25 2895.34 1182.35 5062.82 5728.34 4510.63 7543.78 893.318 5917.38 
7817.35 4170.22 4441.46 9907.51 4866.35 8062.52 1961.72 4945.86 8069.59 5587.54 
9227.02 1202.24 97.744 1947.78 6732.87 2125.99 2695.73 1423.4 9526.57 878.902 
9998.88 7704.63 249.131 2894.2 8886.97 5311.95 8622.54 3397.59 2855.72 9515.86 
9314.96 673.053 3686.07 3756.4 580.544 8552.42 1818.91 2542.27 3498.26 9888.49 
8129.8 2725.27 1090.72 8227.55 4673.04 7823.59 353.518 7368.77 9246.99 9880.09 
8247.67 9245.85 7584.7 8496.8 2140.04 6471.66 3808.74 762.566 9869.24 6664.46 
278.411 9184.19 7337.51 3964.48 2940.57 7918.05 2516.88 4759.48 460.305 6015.14 
4647.96 8590.11 8740.41 5738.68 6817.64 3413.43 3562.25 7171.16 782.184 2809.22 
7051.23 9029.85 2055.06 4635.91 7526.64 4195.1 1107.55 1335.36 4957.66 976.777 
7999.82 5236.07 160.947 5337.31 9200.55 3101.52 3255.34 1717.41 7861 3715.65 
7732.55 2508.94 2305.74 6472.94 8247.61 9123.38 9886.38 1809.84 6294.52 668.544 
4619.07 3345.74 9698.4 6674.12 7981.65 7225.02 869.201 9089.21 8560.38 5826.86 
65.9675 6560.18 1062.92 226.915 1897.47 263.453 3328.43 5152.81 1980.87 1189.42 
8868.46 9713.42 3698.35 1174.19 6186.35 1945.95 297.551 6072.71 3755.79 6592.08 
6741.25 8374.86 9937.82 6439.63 5048.96 7919.45 3664.64 5918.16 7008.64 2225 
1745.01 7074.61 8785.17 2807.93 7301.53 682.624 3071.38 629.943 5835.44 5052.25 
1819.36 4703.88 4765.65 5517.71 5878.06 951.983 7463.66 6175.62 7024.69 1219.43 
2767.67 3765.92 9594.29 2705.47 205.539 4643.24 624.909 3870.17 561.386 7633.55 
6095.17 2306.4 4708.15 4880.33 5114.33 2009.66 5562.95 8185.71 2639.6 1398.37 
3237.94 4458.96 6102.25 8003.59 9976.67 1980.3 8955.57 7440.31 8155.91 5980.25 
8659.74 923.571 9746.17 8254.01 3629.04 9951.71 2897.23 4253.95 3821.87 3458.62 
1887.49 9917.04 5765.02 6595.64 4797.35 879.326 8605.29 360.282 9065.03 1244.87 
1758.65 2302.95 5703.83 7860.9 306.528 5680.48 9841.2 9262.1 3120.77 7997.09 
5242.33 1780.49 8920.66 4988.48 34.4844 2549.69 4940.18 2931.72 6803.64 8762.04 
6390.34 8691.13 8679.06 2155.34 5286.75 3476.39 3034.67 3892.03 3836.68 2099.68 
5136.9 5595.33 4402.64 840.711 3456.21 4709.17 6521.19 3297.39 3971.25 9641.96 
1294.47 9213.58 1422.43 215.112 4202.05 1456.91 2764.8 9142.22 4388.63 9568.45 
7904.25 778.953 8259.56 6583.3 2934.29 3546.3 59.6727 5968.96 7438.32 3896.35 
8068.64 2575.21 9491.68 2471.26 3415.92 2947.87 7180.43 9937.11 6245.26 1151.66 
9579.04 7539.73 365.224 1001.45 7754.84 4567.27 2458.37 519.623 3709.48 6847 
88.0518 1613.71 7625.95 8347.61 8197.01 560.226 1893.89 8256.68 6529.19 9332.22 
2153.01 4597.81 1907.41 1644.67 7069.07 5323.33 4592.54 4249.48 5260.42 837.781 
5401.14 4839.44 8377.51 5766.37 5840.9 6132.33 333.622 8299.26 6651.95 4043.1 
5146.24 6740 5656.81 2772.18 5087.6 3853.8 3332.4 6981.49 2110.46 9861.59 
6313.69 4263.47 4459.38 8221.1 5908.14 1528.44 3544.41 500.662 5777.92 8804.83 
1338.44 1179.05 3644.26 9715.95 6945.42 9485.15 5848.26 7279.04 7784.4 2500.19 
1322.12 2930.63 9240.19 6978.93 5702.81 4327.78 832.715 9035.21 1309.25 2943.18 
8896.78 7622.95 7206.65 3356.15 5844.03 3114.77 4884.58 9388.45 3615.43 662.491 
8193.26 4953.88 1841.54 1837.49 4669.81 8786.96 1322.63 518.053 6065.98 9107.03 
3018.25 7388.11 2037.65 2258.42 4367.02 7740.45 6586.2 5199.74 6775.64 7895.46 
8142.92 5672.4 5518.39 5349.54 9028.55 1362.4 8464.32 3913.12 750.832 2079.73 
4575.61 8944.09 7033.61 6417.15 781.566 1703.4 5204.09 2104.2 2221.45 1270.06 
1211.21 5239.7 8658.17 3248.86 7498.13 3025.17 989.295 4084.31 8224.91 7764.94 
1979.75 6367.81 3437.32 7498.13 1717.34 2465.86 8860.54 181.635 6378.97 9611.37 
2261.37 954.565 8555.44 9294.97 7371.72 9337.01 998.359 2575.79 1441.19 3219.81 
3845.85 2652.4 8459.52 2504 5901.26 5957.62 5529.17 6890.56 41.9189 3754.07 
4655.48 2021.67 121.857 8092.8 9519.8 1839.19 558.641 8380.32 2020.83 6937.62 
7991.68 4282.2 7892.18 6547.1 3577.15 5263.88 5884.09 4575.51 7839.67 7325.28 
7795.33 1685.5 9977.68 6254.83 4189.5 5878.93 2212.43 9718.68 2769.47 2254.35 
3472.72 7424.94 4276.02 3594.58 5517.73 3795.81 5433.77 6076.37 2176.11 7454.6 
3013.97 167.77 1736.78 906.132 6714.87 5313.94 6170.01 2598.94 9889.45 4009.66 
9924.22 7684.76 5695.17 9901.88 3939.57 9884.67 5780.79 6152 9603.33 8550.26 
8406.35 3076.04 5975.19 2682.36 6670.62 1492.9 6478.16 2104.38 7569.27 8654.28 
9558.98 583.22 8822.05 1295.75 1489.35 5536.9 6609.68 7659.36 8135.84 6499.12 
1669.01 8060.04 4183.86 7364.18 7961.91 8123.43 7248.83 3742.68 4275.41 6852.15 
2292.92 2681.75 9928.18 8268.11 5364.11 6598.78 9761 1842.26 8703.16 7330.25 
496.515 8262.12 7913.47 9318.56 9557.87 9402.83 4855.44 6167.54 7062.17 2991.26 
2666.64 8731.18 1051.29 6850.5 6095.34 9013.19 4973.91 3344.16 2755.86 9249.32 
196.287 5048.78 1931.06 124.451 3316.86 7295.17 6723.23 3077.85 9137.42 5426.38 
408.089 9633.94 3688.48 8321.56 8952.48 3246.34 7724.37 3807.91 9413.87 4786.53 
6799.17 2080.49 3517.69 7850.46 8930.99 9613.04 6863.64 3904.88 2957.18 9619.49 
3154.19 3153.47 4668.25 5085.25 3277.92 7985.11 2380.4 1.1358 1062.95 1517.81 
5427.51 1471.04 1151.73 9116 9792.6 104.196 2362.32 7516.96 3912.1 1776.17 
2303.47 711.258 3856.67 5821.16 8561.72 2787.64 5434.18 5425.33 6692.52 8391.36 
5044.81 9846.71 1544.81 9713.06 4931.94 4822.73 7698.16 7312.34 4823.87 8761.11 
8830.15 251.364 232.127 9981.88 9367.36 24.7105 86.0581 1729.66 7541.67 3998.16 
3505.84 9845.13 4709.42 7362.51 5666.28 3271.12 150.129 1100.45 8696.45 6842.65 
9491.81 3741.25 6689.35 1036.61 3454.29 1621.27 5859.34 1152.43 8933.62 683.19 
9913.54 7763.75 934.554 145.647 7745.61 301.899 170.357 7831.67 2031.56 7712.02 
1829.81 5537.4 7557.14 6539.23 2899.89 3223.41 9810.35 3050.02 4323.85 8506.79 
9892.67 3815.65 2248.02 6582 4852.26 5702.3 8203.27 711.581 6854.73 7136.87 
1394.77 6768.25 4900.6 2329.33 6913.9 2646.19 2631.22 7084.26 477.842 4662.79 
4796.27 2307.65 200.166 2353.39 8846.88 3100.05 5576.8 8657.22 6150.07 9900.65 
7163.99 6042.72 3716.28 9412 2624.7 8568.54 5114.29 827.953 9280.12 1969.01 
7964.82 674.877 8737.26 2865.41 3004.2 5651.15 5511.6 5635.43 2735.39 5989.44 
298.195 7531.65 8297.09 498.361 9885.04 7143.96 3598.41 5461.82 5801.16 9748.48 
5362.46 2965.13 5791.18 9078.74 2377.12 8415.88 7647.26 7491.41 9243.83 6927.37 
9460.41 7208.64 7602.25 8197.66 74.0274 606.432 3848.78 5585.63 6241.86 6584.17 
1575.05 6540.05 4115.8 9872.14 7038.41 4000.83 7016.09 636.809 9462.65 2817.23 
385.271 4825.09 5782.36 6176.45 3903.81 8159.48 4592.31 1551.06 5650.87 3836.13 
8478.43 5111.26 1044.75 6080.66 3308.9 1118.78 6687.09 7157.69 6704.4 2928.93 
3741.84 8279.45 9468.98 7857.64 8151.58 6507.38 1858.46 5167.65 7144.19 1321.09 
7984.88 7529.46 6146.18 3767.22 3705.89 49.9719 1926.69 8298.2 1601.03 7577.55 
2134.31 79.4381 2688.8 3179.06 6160.09 5997.7 4297.84 2847.16 3155.37 1002.22 
5776.09 6897.21 9281.67 5245.06 4754.83 7433.23 1752.42 6613.29 2600.86 8896.6 
7934.38 585.723 6426.05 4080.54 4352.95 131.921 4130.51 6279.63 8430.13 5731.54 
3857.17 564.424 5810.98 6545.97 3743.49 1971.06 2543.65 8041.33 4818.22 5699.02 
9043.55 594.295 2596.21 8325.21 5839.35 7351.04 5758.42 7591.77 3964.31 8359.29 
6488.36 1898.68 8945.01 2914.39 5979.22 3297.94 3046.31 109.718 9577.57 1476.42 
5841.26 3434.72 2040.84 1652.23 9980.69 5784.33 3623.28 2524.32 3825.64 8441.5 
8223.33 2869.17 9035.8 819.524 1194.36 4875.13 8170.56 6952.79 2466.88 2134.86 
5312.06 8955.24 4033.54 4257.05 1869.61 12.7461 7554.99 4915.92 122.464 7132.54 
6392.33 5963.73 567.25 8433.17 7615.95 547.921 4217.48 1239.22 3072.24 8043.11 
9680.72 1295.56 912.267 8716.5 2115.08 2106.63 3591.62 285.63 9059.42 6058.5 
2420.49 4371.46 5013.73 6454.03 8628.5 6883.34 6466.78 6183.48 1799.23 6589.25 
3316 8191.56 2552.95 3883.25 6624.72 168.888 4431.17 842.176 1408.11 7503.42 
8885.29 1088.81 8798.97 9797.56 9805.31 914.038 1904.17 3396.91 1199.67 963.57 
9455.42 3620.16 5335.03 4469.13 74.1787 3963.51 1352.45 6540.96 146.974 3151.68 
3130.19 3462.98 1343.23 5683.14 7346.23 7967.94 5852.03 1777.39 8810.12 7260.13 
9280.8 7695.39 8348.94 8079.76 7492.93 8154.24 8993.8 9397.1 1551.14 193.45 
360.657 1006.54 3813.61 5695.68 5475.67 3887.79 9659.2 6828.11 428.732 9806.17 
9979.79 3558.92 3269.13 1323 9242.06 615.346 9290.94 5094.07 2392.73 8101.05 
2354.19 1673.52 5796.42 703.118 9753.28 3289.34 8857.36 8747.06 2686.43 408.478 
8940.51 3047.08 1415.02 2754.11 8742.77 6890.68 6641.9 8401.95 3718.78 7070.63 
8208.1 3698.55 629.532 1477.22 5021.55 9871.59 2092.56 4312.48 4965.65 4485.3 
2413.51 7319.84 6158.82 8209.93 8022.96 5912.08 1499.26 6880.3 4659.13 4185.68 
7288.78 3599.62 7232.77 8703.79 6353.73 5975.52 5594.46 2995.61 4377.45 9313.23 
66.2253 2585.53 3011.77 695.757 4062.74 8033.32 567.333 6155.31 2345.78 5532.98 
640.583 4759.29 2852.8 6799.4 2969.21 875.746 2711.46 4468.47 7756.05 7370.59 
8654.15 5044.81 970.201 5886.9 3748.58 7323.93 1862.4 9343.04 319.528 6239.84 
8656.25 385.754 8825.37 1668 1081.51 2888.1 9701.32 1648.84 9043.4 2047.08 
7181.83 9683.99 6806.38 34.6143 6483.37 9775.59 910.361 9194.83 4244.04 8666.41 
6565.41 2898.17 3711.19 7535.61 8785.06 7459.77 4859.53 647.442 6802.79 5179.05 
6887.28 5459.03 5564.81 5712.64 7127.03 6646.32 8600.73 6828.33 8295.16 7644.12 
8875.41 5476.97 7328.08 5681.77 5511.59 3811.44 5457.34 6421.95 3006.25 9701.38 
5088.34 9571.66 2599.53 8799.53 7107.25 1384.57 6259.29 1966.76 2032.02 3062.07 
7145.81 8919.3 8521.09 2710.61 4631.92 5648.1 9356.92 3232.63 2476.42 7652.07 
876.729 1351.81 3129.03 8204.81 7033.58 8640.61 2016.23 2490.91 5062.54 5022.48 
2192.27 150.862 4594.13 4791.8 8950.39 1701.36 6176.37 5209.66 3668.12 8208.39 
8271.73 813.922 7127.67 6792.81 3524.53 1759.57 2440.9 2881.44 4992.2 4917.31 
533.489 5868.93 6269.12 3662.51 4073.73 3302.69 2303.11 6089.96 5793.6 7365.65 
1112.42 7985.87 7516.52 5706.55 2777.65 6466.89 7407.91 8954.03 1676.54 1076.02 
7162.4 9948.27 1889.94 4290.05 6741.06 5414.47 6049.62 9181.96 8295.9 1041.8 
4099.25 8829.39 6910.73 368.359 2491.89 984.442 3671.05 4795 7074.4 9464.65 
2160.64 8186.82 7450.51 9677.15 3893.35 228.142 6144.03 1301.25 9182.17 7820.57 
2377.26 6344.55 7768.82 4267.2 634.581 4509.86 9681.67 6684.2 3691.8 7977.55 
7726 7791.05 6806.93 4636.72 8159.41 9298.82 5621.16 1830.44 4093.8 2695.54 
1295.08 6254.44 882.35 8745.58 5931.57 4775.7 8973.73 2075.58 6076.95 8155.88 
9896.15 8454.22 4500.41 7664.95 2721.4 5134.99 2174.79 2403.05 1819.17 5866.59 
380.592 9545.18 3657.62 7187.52 4181.88 1817.01 6486.32 9803.04 3647.46 580.104 
2498.57 4942.53 6834.54 3380.92 3688.1 2766.09 8156.63 2661.81 4841.67 4233.56 
817.667 4737.8 2687.76 5318.07 2402.73 5409.16 453.045 4577.52 7812.22 2272.22 
444.091 8192.81 1817.38 4101.71 5380.31 5999.26 5918.72 1866.62 5802.29 9566.18 
2446.72 8300.86 4508.7 9281.26 1681.76 8196.8 2047.34 9838.39 858.588 6889.01 
4071.93 1676.26 1626.8 6759.69 6994.33 4029.53 2168.84 7447.37 8607.05 9981.05 
9719.59 9051.14 8173.85 1536.95 3152.83 3554.14 7536.21 9071.56 5420.76 3338.48 
8637.72 7867.48 1639.33 3146.4 7148.72 3321.09 1343.18 9196.05 3159.46 2201.77 
6085.05 7231.4 3878.02 7711.84 3991.07 872.337 1741.35 6159.91 8319.71 348.383 
6140.95 8039.29 9399.52 4314.78 9576.24 2552.34 7868.92 7112.44 1623.88 3289.66 
450.906 261.578 1157.12 2090.23 3407.98 8305.84 5411.32 4751.16 7501.88 8570.79 
6952.93 3586.91 5802.17 830.934 1298.73 9793.25 1703.27 3040.09 5953.14 22.9651 
3388.47 2094.07 8062.25 2787.97 6408.85 7638.48 5340.31 4277.75 4750.9 6964.19 
7567.41 5201.8 7225.76 8724.53 7292.04 633.725 7030.36 2703.35 5384.88 4532.22 
1274.12 2337.79 8119.13 7076.29 3168.73 9417.86 6869.52 4872 2457.93 2822.64 
4894.96 5846.4 4916.72 2957.2 8634.38 1325.55 595.658 3974.67 5603.31 5346.56 
938.837 3170.71 548.343 8164.6 1895.22 7840.38 8798.33 8925.58 543.708 4183.19 
3457.78 1817.83 6520.99 1576.89 8894.12 9689.72 994.733 5763.62 4561.7 3452.66 
8586.26 9456.66 9299.07 3502.96 2413.84 7933.42 4828.52 3009.5 1908.08 431.806 
8356.06 2846.91 3602.51 8904.4 1011.5 5497.73 6744.77 9809.82 4423.3 7288.47 
3993 7881.08 9106.3 513.971 9457.97 8000.4 203.67 452.685 3764 4765.37 
3905.35 2350.25 4222.01 3204.4 5853.21 6635.86 1137.81 681.708 9645.36 3045.88 
1113.51 8001.4 5892.79 4716.03 6905.79 6904.29 213.743 3650.54 6714.1 4637.04 
938.995 707.08 2518.1 45.2785 1221.05 1976.05 8045.68 1424.72 2428.74 1809.66 
6190.09 6334.09 4159.91 412.087 9538.49 13.0997 7047.95 676.273 694.807 6693.29 
3722.15 1808.32 4694.68 9614.95 6524.35 1600.45 6519.22 6738.09 5250.99 3233.3 
1375.11 6189.99 3940.38 3893.22 6235.27 5161.43 5869.27 4280.93 6586.15 8298.01 
6090.59 2776.23 4632.08 250.48 3188.31 4170.54 263.579 236.242 4846.82 958.387 
6929.53 8568.97 2766.71 1624.2 8183.9 9291.06 3224.65 4703.1 6029.13 8475.64 
7936.41 7404.24 4665.61 1876.77 1297.44 900.864 7038.2 7166.71 5181.79 3624.34 
5464.7 1272.36 6400.56 96.7568 1522.84 9588.88 4267.3 1786.42 9825.12 9114.12 
2744.81 6754.64 7683.07 5511.52 8378.83 5866.95 4802.56 1603.47 570.042 831.666 
79.0971 8506.45 8235.91 4744.71 383.201 9533.35 5645.58 7421.4 6700.04 827.349 
1045.72 2164.72 2099.71 7446.29 2261.48 3622.55 7035.15 6528.78 5408.98 6860.25 
5642.88 8153.78 3614.87 3325.93 3665.28 1993.69 9192.89 8467.84 3597.16 9762.93 
9299.51 3676.25 8269.36 7535.4 8420.97 8652.56 7068.73 4066.52 6073.95 3768.75 
4893.87 7119.67 5933.47 6993.58 4565.94 8194.95 616.122 1601.07 4723.71 6025.1 
8461.32 366.57 4178.86 2076.17 3692.5 7844.15 4069.86 2885.37 6311.97 7667.02 
2648.28 5611.46 1343.25 917.62 3146.84 9764.22 9570.18 215.551 3830.73 5644.11 
3984.3 8724.6 2763.76 9917.77 5718.17 7329.7 8112.7 6334.29 8930.77 2836.4 
2359.37 7392.08 3202.97 6538.23 9468.25 6895.47 4382.37 3538.09 9780.83 694.32 
1205.09 2429.1 6305.78 2548.35 3346.72 9452.62 2312.55 2916.88 9668.17 6143.27 
8560.99 3652.46 4867.85 1324.73 3570.21 586.004 8654.43 1682.9 6920.29 7585.19 
4519.29 9279.66 4977.25 7722.26 5817.88 4445.48 4617.71 200.226 7983.58 4398.53 
894.545 9188.67 6827.63 7200.32 1737 174.325 6652.93 4049.54 3091.2 6321.08 
192.799 1652.17 9973.54 5060.65 2976.9 3543.73 5646.66 1631.32 5226.63 2566.93 
9216.5 9745.92 1846.58 4193.73 7468.17 7664.45 8639.21 2085.86 7864.68 6622.77 
6484.39 8759.22 5811.42 3312 5959.53 7548.42 3486.32 2612.44 1597.95 6577.53 
8933.52 1790.75 8229.7 8907.04 6851.4 1206.58 2450.75 2498.04 2837.9 7677.38 
5064.97 2054.38 7423.29 6911.55 6248.12 4891.44 4575.98 4887.31 6977.29 2440.64 
1510.07 3461.67 1199.85 7321.49 6773.66 7159.38 4869.9 259.967 9771.83 6467.85 
6837.49 8705.33 8258.59 5067.17 7612.36 5109.97 6273.76 63.0949 7608.01 9111.66 
7740.48 2672.96 1166.02 5163.75 9584.51 7414.14 55.165 4160.48 2301.44 7032.46 
6601.12 3811.51 494.109 7800.97 1132.98 7267.77 4960.34 6002.88 7527.74 4732.15 
2470.71 4365.21 3437.47 729.283 9432.39 1049.81 5839.26 5706.13 1112.9 3447.25 
4817.77 8853.38 6120.21 5983.79 4017.11 5704.71 3397.91 4072.27 9865.18 5699.35 
1104.72 6466.29 9510.85 1598.83 4267.24 643.817 8866.6 9227.58 6646.7 6394.32 
3959.72 9117.41 759.517 7397.19 9846.69 191.889 8446.99 5685.93 5898.02 9559.9 
9133.18 715.771 8413.26 5253.38 6699.56 2430.35 958.066 97.4536 6502.63 823.233 
5796.8 7607.35 7289.52 5307.63 9206.17 1556.74 5951.45 8072.75 784.31 2598.13 
4467.06 4744.03 1715.52 5226.57 2141.2 1562.19 5418.46 588.173 7248.12 1316.46 
148.054 6381.28 2032.23 8561.32 1634.64 8731.79 991.653 2592.71 8829.25 7494.28 
3415.94 4626.03 5101.61 705.444 9933.66 4307.77 2262.19 5885.1 2380.5 3046.5 
8483.23 6847.56 7790.53 198.731 2074.11 9931.72 1760.93 7492.57 519.878 9009.05 
8809.04 667.932 5390.32 841.256 9229.25 7024.96 9573.05 220.884 9617.67 8402.28 
7715.17 3033.59 3028.29 2816.76 3739.04 2961.94 7124.53 6001.23 8847.04 9505.03 
9047.72 7330.25 6352.57 6838.23 7528.98 8426.68 6769.94 9289.9 5919.24 7289.82 
8298.94 4728.26 7957.75 3689.23 5569.52 7186.98 714.175 5142.55 7407.86 331.826 
3544.82 5123.01 3365.42 6573.11 7939.77 7104.45 9535.05 5064.28 3105.66 8382.07 
4569.29 2153.37 5712.3 921.849 8991.6 3241.27 9348.53 5761.52 2531.15 5267.76 
3051.32 830.072 9996.02 1009.06 4519.31 5565.52 8196.03 5233.48 708.059 5603.88 
5565.31 4252.88 726.874 8930.72 825.97 8666.64 6035.16 361.005 3730.91 9140.82 
8743.08 8300.2 1294.18 4455.36 9222.05 285.763 7696.63 8570.57 6047.29 227.765 
3838.31 9098.61 1057.84 3834.32 107.65 5577.14 9399.84 8303.68 810.606 107.883 
3907.55 6375.91 4360.76 4634.42 5306.62 5186.73 3301.05 1341.76 5547.73 7031.96 
482.572 4290.79 5332.14 1776.75 8746.16 4554.18 2062.51 6442.77 3124.73 8109.8 
6670.53 6963.04 7208.39 7728.37 797.341 7316.04 3305.5 197.164 5619.71 4116.1 
305.047 9527.26 491.999 4665.81 4161.66 5798.62 9852.53 7462.71 7140.38 5400.25 
4494.65 7622.96 9691.05 9826.79 9399.7 8437.19 4380.96 1462.2 4879.94 7505.69 
9572 1550.46 4468.71 6780.37 9278.83 5266.05 4096.4 2584.31 5463.22 9716.11 
6700.41 5768.26 9243.35 7192.41 434.053 3405 2991.01 286.571 867.691 131.375 
5686.82 5362.34 7754.33 5377.85 5189.12 7154.02 3815.02 9570.08 8616.21 8694.96 
7075.75 8188.19 245.397 1544.44 4968.55 9524.22 6810.5 9064.95 2108.51 2273.7 
8781.04 8808.92 8041.96 8024.38 6001.31 8476.01 1429.36 8992.32 8762.58 2297.05 
9123.69 4449.39 7659.39 6878.01 9827.24 2848.49 4032.01 3642.24 2418.55 2648.21 
2337.18 9494.3 836.383 2582.58 1038.73 5804.93 2106.79 7849.22 4869.87 4215.3 
122.903 3650.89 3024.2 8164.86 1675.25 9025.51 6640.86 3104.61 8017.81 5403.42 
5401.66 7141.49 9852.81 3061.03 4019.48 9680.04 5909.53 8051.49 3322.26 8328.08 
699.675 5659.45 7822.37 1536.06 8242.03 8861.1 7340.99 348.798 6710.3 2210.84 
4564.1 6833.21 5861.73 7588.3 4998.05 7536.99 6613.8 1638.89 641.58 4631.59 
7042.32 6043.24 1773.07 6895.11 9104.27 5792.54 6575.13 5013.78 3844.01 9897.39 
3341.84 4543.69 5556.82 1164.19 6079.75 3798.83 25.2729 3420.72 4147.63 6735.58 
5631.56 8711.73 3568.77 1493.28 6300.01 8566.82 9030.27 2913.79 205.695 9671.85 
7545.38 7248.01 5715.07 9318.45 4143.11 4819.32 5110.98 718.223 9833.1 8954.99 
615.599 3174.93 3498.66 6172.42 4339.12 9578.41 9971.25 4364.4 2999.12 4118.87 
1099.96 8630.68 2830.58 4668.72 123.949 9130.59 3235.52 9154.22 2044.36 3441.22 
8826.05 9589.74 689.214 4541.11 8908.17 4832.32 9360.43 4019.13 5550.55 9193.52 
2974.11 6166.15 2368.43 6472.77 2338.55 6707.55 6051.17 2309.78 1071.93 9050.28 
6428.65 2171.88 7680.95 9259.23 6840.61 7804.9 8389.8 76.114 6959.1 434.14 
3517.33 5785.13 23.8662 4206.55 326.223 8932.04 9038.87 9686.65 2951.16 4589.4 
8880.15 5925.27 755.528 1248.56 2398.02 3094.08 7956.11 8449.19 5403.86 9028.04 
7499.45 1832.5 1199.91 5180.39 1091.7 8040.51 2985.27 9481.5 8116.63 9944.37 
9915.64 1633.94 5729.49 9939.51 5840.49 6055.71 8871.53 4879.35 5742.35 1822.67 
9468.75 4622.48 7747.94 224.256 5871.04 145.942 3318.33 3827.13 8595.13 8722.19 
2855.16 6094.57 554.673 4055.06 1274.94 1646.38 2095.56 4260.21 1127.86 212.173 
4204.56 1043.49 1846.12 9934.05 982.975 7686.61 5989.74 9854.51 2565.94 1732.07 
1677.16 2034.67 6354.55 9425.1 2258.92 2225.57 9571.04 5577.25 6052.7 8166.15 
4299.43 8907.86 4260.7 4854.1 2962.91 5535.64 6500.48 5058.47 9795.85 7628.34 
5270.64 4000.39 8671.83 7116.76 3934.42 9654.8 4803.35 9924.16 9509.29 7369.29 
1656.21 1186.44 9403.96 8010.76 611.519 1662.86 236.317 182.542 7240.12 6289.02 
8348.7 1539.53 5196.86 2609.38 6393.64 8159.77 8145.02 2894.1 3218.22 7940.85 
522.43 8488.87 1941.22 9194.26 5605.61 5875.64 8849.04 408.947 5799.79 8358.32 
7778.24 7456 9544.76 7182.18 5466.75 156.258 8845.04 5703.06 338.801 6085.15 
1992.07 8687.5 7624.68 7188.93 1296.86 4018.3 5348.69 9441.88 6912.41 8566.91 
7382.71 7434.84 7055.76 9323.94 6629.08 2661.35 5199.56 5478.1 3070.3 999.331 
3836.41 848.524 8455.33 3381.15 8030.71 3922.06 3537.41 6875.73 9625.13 3876.21 
2960.86 1617.18 2563.69 585.528 8806.11 3860.54 4603.83 4154.78 3302.41 1516.22 
2721.67 685.103 8951.06 9777.44 9.02128 5580.12 2438.77 5208.58 1058.2 5509.07 
6207.91 4894.61 6357.6 4663.23 8275.76 4388.29 8585.29 1813.15 1264 8210.4 
5689.36 4224.87 9827.58 8253.04 4810.39 8633.67 2113.57 9414.23 2788.44 5415.98 
930.428 5510.11 6101.08 9881.48 5287.53 6110.1 5461.58 7726.3 1318.67 6519.79 
3235.36 7526.58 1414.38 9592.96 2189.79 9690.14 3981.23 775.069 1503.27 5245.23 
8985.47 7192.63 9470.1 8813.04 5445.65 4280.48 7446.69 7559.22 3694.69 235.113 
2975.18 4625.11 5745.23 9076.26 4506.58 1032.74 5186.34 9968.16 8759.04 6505.01 
6487.93 1994.39 4031.57 7902.31 1587.33 6221.36 7592.43 5568.56 6996.43 9095.71 
813.78 5981.89 6288.31 283.865 4794.9 1733.95 4564.34 2241.58 9293.17 8259.03 
2476.69 2268.33 2884.13 8221.92 1344.57 7390.71 9254.66 6530.91 7358.86 8013.68 
3035.9 3846.77 8.05478 7067.47 1749.07 1595.39 3288.81 9341.5 7163.95 285.227 
8437.19 7977.73 6267.11 4725.49 8261.59 1062 6459.43 2825.92 3303.58 5752.58 
1084.94 5780.27 8020.91 3969.07 4002.18 9365.48 1359.76 3256.81 5896.37 8718.62 
1270.48 8932.27 2565.37 1278.54 5999.72 4314.44 2873.92 9288.54 3655.92 37.8562 
9573.76 2093.09 8015.59 5840.86 6818.58 6277.16 6902.86 3277.99 9103.09 206.424 
9030.58 188.007 5986.7 7051.47 4157.07 9988.87 6416.94 5516.83 3245.67 2313.29 
4235.43 4516.15 1245.55 6800.8 5794.69 7245.27 1115.22 8668.61 6533.79 4771.14 
8706.47 6107.53 6864.23 6722.04 1948.38 3682.79 2999.19 8851.24 6960.78 2102.26 
9057.66 5991.34 2290.26 5044.34 3042.8 6447.33 5033.2 9459.74 1964.15 8278.87 
1773.01 6199.58 2795 3018.56 3000.37 8589.69 263.814 4115.59 7258.29 6797.6 
8886.72 5964.74 2905.12 5750.94 2686.76 4853.49 9433.73 5685.94 3704.71 6394.49 
7788.2 2762.36 2385.82 78.4432 7806.7 5428.62 6525.78 2839.88 4888.34 8489.93 
1118.73 6661.36 4689.49 3913.73 9679.92 7689.86 2503.41 9943.73 1805.43 9761.69 
6741.32 692.134 5726.41 9646.43 6443.07 8413.17 4499.91 5876.78 4099.1 8204.62 
2271.25 1887.28 966.96 4657.07 1965.72 8773.66 85.6753 8491.5 1613.52 4974.02 
6981.41 2732.24 1635.36 1670.88 6645.97 1315.26 9360.74 9149.38 1258.97 1166.15 
8911.05 8000.29 1858.28 4637.45 7646.7 8301.35 3050.6 2146.6 4178.12 7149.7 
351.2 6449.37 9036.97 1318.16 1106.43 1002.68 91.7998 1192.1 9494.18 1705.31 
6166.12 6475.57 4437.56 7801.47 8146.45 1083.51 9116.73 7507.18 232.872 375.684 
8673.33 9143.92 8375.97 531.594 3781.35 6022.66 8832.95 6831.95 8169.25 3011.05 
3981.63 8520.45 9460.42 3018.59 9838.61 566.825 4021.27 9930.41 1758.93 3515.43 
1635.71 7925.04 9991 6073.27 5726.5 8137.43 7156.78 4843.21 5644.59 7389.65 
5218.9 4317.9 6533.56 3594.85 4849.5 314.892 9617.51 3682.43 7146.84 7786.74 
6693.48 1128.46 6307.17 6153.88 4147.05 6145.77 6720.7 8168.32 6076.16 8479.63 
1683.73 7711.87 6404.65 1674.71 3785.12 2131.14 9812.14 941.884 6974.35 5456.72 
8331.53 2193.23 9774.62 4865.07 5788.08 4624.1 5179.96 5405.57 8306.53 2326.79 
3192.29 4999.99 3455.25 9499.46 1153.85 7602.3 5645.22 7874.55 5770.6 1721.37 
6354.16 7454.33 9433.24 2758.8 9129.04 3218.35 4889.93 8941.17 4160.23 1864.27 
4397.87 2491.75 4057.5 4172.47 7356.82 9845.58 8796.58 2536.77 5251.13 7103.09 
4863.56 8443.42 2103.06 8318.81 7942.87 3256.91 5921.09 3588.07 1131.45 1691.68 
5309.43 7485.61 9146.01 4742.65 244.387 8275.03 7961 5134.32 7216.18 2121.21 
6998.59 1614.03 4612.96 1056.07 5786.5 1969.76 901.626 4583.06 4506.52 6152.75 
1686.14 9370.08 4596.15 3789.2 7688.87 2539 7046.11 3609.95 6127.07 8177.56 
5301.63 1436.48 5663.15 4447.62 6179.14 5907.54 2722.63 4140.12 1041.84 9938.81 
6261.33 8040.43 1552.83 874.272 9096.5 7339.33 2844.03 9998.12 1922.37 7350.56 
6150.86 3608.51 6720.62 746.993 7397.71 4409.48 3286 4443.8 8019.43 9413.07 
2621.35 3321.04 849.533 8284.49 7768.65 7028.67 4192.01 491.27 1168.78 5233.85 
430.065 7430.11 3274.26 1982.89 8304.38 2370.74 9322.22 1148.39 2368.84 1244.57 
8498.95 8519.7 4853.08 5219.55 9266.69 2250.78 9629.03 2552.67 6694.58 7648.44 
1965.72 9315.93 969.456 2815.25 7600.4 8738.11 9843.93 1792.4 9229.38 1012.69 
7026.25 9659.45 8442.79 300.494 1642.32 6747.16 2671.23 964.52 7895.55 5040.08 
2209.09 6394.48 3559.76 7062.18 1614.02 2826.44 9312.96 1243.03 5379.11 6007.52 
8891.46 7344.83 5323.43 9860.92 160.073 2923.81 8599.01 3.98299 4716.21 7828.38 
1016.67 1742.44 7487.81 9459.46 2042.94 9130.12 6206.6 4714.17 94.6266 4102.13 
9754.25 2303.72 496.598 3314 9365.9 2110.61 6140.44 8678.84 3353.64 1519.53 
4686.34 2245.09 8864.37 9.74907 2105.99 9024.44 2933.56 704.991 9028.42 7649.77 
8533.37 45.0743 9392.21 6021.16 9504.54 1435.13 5151.26 5711.12 6149.3 5245.89 
9813.25 5903.53 7549.61 309.832 9217.53 6915.49 2420.45 5357.95 5594.31 5774.09 
6877.48 280.638 8019.18 5741.83 290.387 125.159 4766.25 3223.95 830.15 3794.66 
873.701 9363.52 3839.73 265.897 5384.66 3344.25 1701.03 535.901 9055.37 7850.33 
5781.79 8868.61 3753.85 3331.38 9178.44 2971.36 246.86 1598.87 8329.31 5841.18 
7372.96 5206.77 6121.81 5392.12 948.587 6412.2 5517.28 5714.84 9636.15 6347.43 
9509.5 509.832 5710.93 3349.22 775.728 1095.57 6693.47 2476.76 1631.47 5748.82 
327.069 7413.26 4617.41 4080.92 744.628 3795.83 7052.28 991.488 5394.7 5381.57 
6832.66 2767.64 588.325 2954.46 8159.76 1536.91 9366.66 3677.02 7251.75 9002.79 
24.4364 6761.24 9512.62 5735.37 110.436 288.332 6830.94 6803.9 2765.09 8462.41 
2552.71 3092.16 5875.65 7170.12 7173.07 6620.28 965.939 4225.33 7611.77 6360.64 
9606.9 4444.41 9128.28 195.211 7398.87 7288.02 1732.12 6765.51 965.031 8983.88 
5768.29 989.468 5745.1 5280.89 6724.83 5855.53 5569.22 3555.75 2659.42 8334.31 
2018.14 5212.13 1426.45 7893.8 2382.24 8599.53 4514.06 3348.18 2824.84 2125.81 
9708.82 2431.73 6570.22 8837.08 2626.94 3969.08 6125.09 4359.06 734.579 7090.12 
3342.92 6502.87 8079.58 9088.02 1783.74 4804.4 4943.53 7352.96 8360.16 7602.95 
5687.26 378.283 2815.06 7113.71 8272.08 5197.3 5713.22 2786.12 8545.48 8538.06 
4911.93 8254.28 969.776 1482.14 7091.34 3596.72 5451.22 3216.41 7955.78 6185.8 
306.507 1298.69 2688.65 8386.09 386.686 4472.39 3190.48 5330.22 1825.33 1550.62 
2933.15 7512.59 1928.9 5748.21 4626.29 200.961 945.496 339.492 2987.08 9490.97 
8877.56 7899.02 7745.23 9847.33 9381.16 4836.55 3444.03 4832.36 8052.96 1399.79 
1018.14 8359.46 2698.48 3706.79 6745.54 3085.17 8179.18 9936.02 8415.38 4.49329 
1486.62 1348.52 7517.09 3415.51 7096.73 2143.36 3616.48 8042.23 2482.85 6603.56 
7533.18 1360.39 4502.56 5278.39 1207.7 3883.7 114.929 4651.74 8716.05 8167.89 
6051.53 9734.2 6527.33 8750.01 3440.97 3272.86 1835.16 1620.13 3208.86 250.525 
1624.62 4695.47 1599.04 9141.71 8110.99 8695.77 1285.05 1727.44 6737.98 3767.89 
8331 4271.14 5128.28 2833.54 9549.54 6335.99 6717.24 9664.46 987.705 5433.28 
7832.33 7039.24 5167.46 4359.65 5789.23 8608.42 7632.51 7624.39 228.533 841.347 
7874.91 1853.15 5536.82 9473.95 994.841 3647.79 8169.71 2279.89 5375.23 4907.67 
6047.78 3706.22 9178.81 1176.05 6539.76 8728.33 7512.03 3256.98 8392.77 8499.74 
8690.26 6225.09 5538.96 3857.7 584.723 1328.17 2466.11 8217.23 8952.56 2694.64 
9058.58 6827.45 4547.79 4595.38 6301.39 5542.63 8243.17 4471.08 7822.52 3618.38 
9378.75 3870.29 7324.6 8557.54 5046.33 3864.34 7285.85 2558.35 7121.32 5678.6 
1058.07 5811.57 1903.67 6597.03 9669.27 2488.4 7925.2 2135.36 705.61 6877.74 
4830 9764.19 3705.18 9377.79 4359.55 6.54891 4920.41 2602.7 4477.63 2742.91 
6221.08 3856.36 6613.19 3545.66 2413.88 1659.51 7410 9699.72 4217.86 4531.31 
5378.3 5275.93 342.857 7281.98 1872.94 12.1075 9770.37 9798.14 2147.47 475.966 
6675.87 6977.46 240.137 381.026 6355.24 4599.69 387.575 1275.63 7202.39 4865.2 
4018.54 3423.45 8721.56 631.714 6969.11 1135.42 2291.22 4379.1 835.12 6509.08 
8910.4 6213.42 1785 9253.26 3495.38 3657.94 9265.37 3265.74 3456.07 1412.82 
3741.71 131.92 8390.28 3981.84 512.946 4745.5 8581.53 900.522 6021.12 5783.9 
5765.72 39.6423 9207.35 4487.27 671.356 6176.45 5622.68 2962.58 555.531 6457.8 
9471.66 9465.93 2671.21 1256.65 8719.18 6166.59 4914.59 7984.53 9432.33 8370.66 
9397.35 3174.02 8502.58 7787.61 7155.87 9015.53 2533.09 5737.38 9916.05 8554.21 
1521.27 5681.76 8593.86 728.604 169.005 9265.21 6905.06 5791.69 2227.78 7460.59 
2249.47 1699.42 6926.5 4920.68 2956.07 5645.67 1087.26 7870.66 3630.18 519.575 
6241.3 3027.51 3693.6 4743.86 815.1 849.446 3759.37 3348.19 6586.83 3675.41 
1902.39 8108.09 9357.16 496.227 8836.7 9526.17 9761.44 5741.74 5317.84 1989.2 
3202.3 7567.31 3688.62 128.791 2487.98 6644.69 5774.46 3575.24 4515.33 9404.63 
4094.81 756.614 2432.13 7788.41 5500.48 3247.23 8637.85 9259.85 6595.42 5224.66 
2935.24 8497.8 3332.74 2292.38 8994.03 2169.42 1818.53 8755.45 7911.16 7136.37 
744.634 1113.44 4703.66 4433.25 1242.23 7191.64 1077.93 7016.69 766.858 5593.26 
6421.31 4861.67 6349.87 8853.43 2650.06 1850.33 2100.64 1287.9 1110.17 8696.06 
6512.56 4045.41 7193.85 9845.3 6337.79 6187.86 2014.71 8156.33 4943.3 9925.86 
5292.68 5687.93 1039.29 9996.34 121.168 2281.52 7187.97 1199.09 9298.21 7954.82 
6792.35 5719.51 2816.48 3142.2 4572.92 5466.54 4992.54 6673.57 6754.44 6102.7 
5369.61 3266.98 148.096 2563.44 3112.27 6485.89 8751.3 5126.98 4642.2 3694.58 
5052.82 9934.88 9382.51 6092.11 9931.2 9503.68 8373.63 7119.15 702.757 7671.83 
5073.96 7495.11 3391.32 7890.43 637.295 7964.24 3356.95 5629.83 4637.79 111.372 
1732.52 7.38782 3378.35 1880.61 2570.83 6490.62 8366.5 1322.11 1617.58 3008.68 
5016.69 6670.4 2943.55 4399.19 2762.49 2874.73 3902.85 1136.11 9993.88 4605.61 
8807.94 5067.82 2100.7 2199.24 2958.24 2737.99 163.465 6315.19 8367.83 4801.26 
6426.56 100.327 4808.65 9804.92 1980.94 7379.48 6295.52 347.429 8701.59 7913.1 
3356.11 3718.26 4583.48 6299.66 8117.45 7345.98 9174.39 2020.28 8482.08 9168.26 
6625.89 7290 4236.06 8726.58 9489.24 7194.3 1464.56 9652.7 3509.48 9832.39 
4453.95 9936.04 9932.71 9262.59 9740.94 1913.64 6642.05 6036.45 2261.07 5343.62 
3949.53 5617.18 9061.88 8533.02 1916.82 7179.31 5878.98 1091.2 9199.6 4361.04 
259.435 5825.47 1651.02 4495.5 4552.03 1140.25 1689.78 6016.59 792.934 5199.26 
5848.96 5246.88 5135.29 5781.66 4509.46 4876.22 7695.3 1151.49 912.649 9956.36 
6495.11 4862.18 5573.53 5556.98 3395.18 7490.35 2736.28 9274.16 8581.54 1935.85 
3635.18 8840.98 7761.32 5286.21 3336.46 2313.34 6426.46 5026.24 8329.93 7219.39 
225.489 4178.88 2466.25 5360.78 9960.54 6975.71 236.978 7655.81 8127.2 1149.63 
7612.16 4622.3 6011.81 3185.67 179.257 9406.99 676.003 2915.53 8681.14 9257.55 
4851.39 2316.3 8098.51 2612.69 7602.51 1434.95 4926.02 4028.95 6461.19 3255.94 
1248.32 6686.68 7434.81 3714.58 2047.44 7395.33 690.27 2284.42 5051.13 8817.47 
3434.05 2663.27 3439.75 9445.86 5848.95 3619.01 8852.83 6524.95 6534.54 7533.95 
5782.48 1385.91 9850.25 3880.97 3998.6 7452.75 5315.92 8924.62 1481.68 1777.1 
2180.54 2730.01 8463.78 9615.36 6444.58 511.205 7010.67 7134.85 2795.63 2061.78 
5952.31 6229.67 4725.06 9392.06 5675.52 573.987 3011.05 4528.33 7098.93 9545.59 
2062.27 2881.39 931.481 1912.5 6762.36 4930.08 9365.25 2078.26 3854.68 846.917 
3855.36 6035.23 3576.92 2319.12 5650.57 21.4888 2830.32 2661.22 7156.34 5625.95 
4723.01 3108.63 1855.61 9448.07 2500.67 7531.12 22.0364 5511.72 2059.44 7120.97 
5057.29 4121.7 2.34788 5988.77 6034.21 6764.71 918.834 5399.44 8842.97 4773.52 
6246.36 2698.32 808.73 9823.28 5017.44 6459.3 9844.77 7847.76 9120.52 7001.09 
3473.69 3843.51 109.709 5329.3 3291.56 2610.38 2860.41 3313.6 8122.1 4919.85 
434.554 3179.37 9041.55 436.902 9168.15 5075.74 7201.61 86.9625 475.166 6044.57 
4860.48 6721.52 8742.88 5669.21 6544.79 3760.3 2128.49 6389.54 1608.05 1249 
3390.62 5081.74 5092.51 3500.33 411.027 8384.08 6110.71 3271.44 1697.66 4232.79 
8191.29 2132.22 7412.16 7232.82 2569.12 6580.29 2308.55 9770.73 6667.25 2783.71 
5815.28 1527.72 9505.24 4558.15 7196.93 6050.01 8318.45 9325.42 2439.53 9926.5 
574.407 5830.15 5008.22 5666.92 9330.48 5419.25 4050.98 5441.17 8690.69 5748.64 
9673.96 6881.96 7880.86 7086.1 4114.77 449.961 3666.38 6423.31 220.674 333.614 
9207.03 6035.96 1861.33 8712.25 594.089 9058.26 4762.24 8912.54 8383.67 7201.77 
8839.02 8958.08 3031.91 3847.23 4624.98 2362.36 9266.48 8675.96 7803.53 7957.15 
4424.59 7477.47 4839.09 2305.43 4563.55 8953.86 2755.39 8229.93 5377.16 2976.07 
8563.54 4584.17 9012.02 424.86 3296.4 9606.11 9483.12 8058.64 8518.64 7866.78 
5260.4 7357.64 6824.84 8292.3 1204.86 1449.8 654.651 471.317 125.75 8458.18 
8428.47 4550.34 5935.63 3267.54 6855.77 499.17 2221.38 9611.17 8729.1 7598.54 
2587.22 7292.63 2182.69 1599.22 7717.49 5479.09 1205.32 7200.59 3537.72 9723.96 
5067.35 8798.11 7081.58 1892.17 7090.4 8286.44 3341.98 7745.05 8757.76 3467.73 
6203.22 7186.21 8018.07 2138.83 453.731 4873.82 2638 2675.11 4484.97 1367.09 
273.636 7072.19 8659.71 2456.33 8671.42 6377.18 7935.42 9876.74 3577.76 1473.12 
9600.68 8645.11 271.212 6682.24 537.266 7361.61 4968.67 3879.24 5106.65 3726.41 
7346.97 1309.85 912.595 5365.02 3448.68 1366.33 238.823 6086.68 4041.44 4723.8 
7453.77 4315.08 1795.97 6113.46 6771.4 467.369 2490.63 4706.8 344.089 6068.38 
6179.92 9944.77 4713.47 6451.13 6626.99 5250.74 3812.72 1595.64 9129.98 8919.37 
5322.05 6476.93 229.201 6234.64 1841.93 3677.88 7600.97 2080.75 9764.56 1642.39 
6804.55 7218.31 5957.47 8600.52 3331.76 2728.86 9067.89 5822.39 7435.66 9411.98 
1890.75 3615.56 9356.73 6604.23 66.6729 5983.7 1854.95 3879.4 7579.34 984.913 
2798.75 2901.37 7461.85 3027.95 9136.02 9303.78 6705.83 6736.97 1384.52 6470.38 
8379.36 8189.07 3688.68 4336.82 6789.57 7020.44 7065.68 5857.44 2842.81 4501.32 
5269.4 4733.56 8116.88 4626.12 1337.77 8183.55 609.8 3192.72 2062.93 8189.14 
4177.63 4861.68 1090.5 1639.46 7889.64 226.503 943.223 4595.46 6963.47 2327.74 
1065.82 5342.82 516.787 4754.5 9679.64 7306.36 1774.92 6745.3 3163.78 4617.73 
1246.6 8433.19 9351.29 9363.48 3059.29 689.048 7547.01 3669.09 3881.77 9609.94 
1858.21 8059.4 4471.61 2948.72 9698.86 2361.23 3175.22 642.069 6956.69 138.677 
2969.81 8022.51 5481.5 3486.59 2776.99 5161.12 792.935 4551.91 1906.4 3956.72 
9169.64 3153 2389.89 8520.92 2516.46 5449.18 9209.97 63.4601 9118.26 3091.72 
9673.4 976.461 1151.11 4145 3925.18 849.953 6506.23 7100.4 1492.02 3462.9 
7239.07 4461.83 1485.39 2720.55 7948.42 4262.38 7881.68 8741.36 8814.29 9788.08 
2698.06 7983.92 2941.07 5087.95 6504.82 5457.53 537.112 5714.78 5520.99 9655.38 
8806.5 5194.38 631.819 9957.61 9339.38 4557 807.542 5845.59 1657.38 2299.56 
9308.49 8896.45 6761.39 793.864 1616.99 4709.8 5056.24 9498.67 3451.14 3870.52 
9286.73 6149.21 1854.42 2227.78 1237.14 8359.25 7685.31 1774.25 4074.01 3206.28 
1429.61 2880.49 8400.66 2061.43 2838.08 7740.02 6618.43 3645.62 3585.59 8275.8 
5945.18 2894.07 7172.24 2706.56 3687.93 8789.22 7416.36 8744.18 8287.87 867.49 
2614.68 7574.58 7016.7 4469.1 9802.36 8253.83 2828.33 7487.65 28.07 6902.33 
693.917 1457.68 9782.82 9094.58 3519.11 2620.88 6834.58 137.518 6266.5 420.156 
8413.32 2211.67 3314.22 5585.54 4918.23 7002.16 4374.75 2334.58 5746.31 2662.6 
3202.07 8360.99 237.17 218.747 2830.07 39.5148 8472.58 5658.4 7527.17 8500.65 
2560.71 8221.08 9958.33 2343.52 7315.64 3477.42 4964.4 4150.21 3614.94 1230.89 
4570.36 2028.25 3442.56 7884.58 7613.79 8360.79 4886.72 1988.52 695.355 633.02 
4651.12 3897.42 8994.01 4888.29 4116.17 1824.07 4927.8 2588.74 7482.47 2454.95 
1089.37 43.1629 676.021 1047.69 2386.68 7991.67 4525.11 7351.08 2141.85 8140.05 
8581.97 6712.22 168.283 2024.52 4596.78 7782.07 385.292 9483.51 9770.58 1080.65 
116.51 4421.68 4978.07 9110.52 9309.97 9094.24 934.571 4237.76 1682.96 8417.04 
6692.71 2772.33 8460.2 7368.73 3820.02 846.864 5360.38 8345.13 8197.95 7502.24 
6485.17 6779.9 4214.43 6653.46 8804.42 8811.22 4435.51 9189.71 8294.71 4206.07 
270.341 8411.22 8627.76 5248.41 7521.72 7937.71 4342.64 8456.29 2175.45 6025.6 
6873.31 8868.17 8797.93 5333.5 6236.88 2617.94 6180.36 1597.25 963.058 4378.29 
9099.49 7448.23 1158.18 3313.9 4101.67 9962.6 2125.1 8537.17 9152.29 419.796 
2743.23 9422.63 8831.02 1370.97 4671.03 6352.72 9308.68 9013.66 4809 1484.12 
5039.25 1682.29 352.267 3837.16 7015.79 6589.15 6455.1 3196.13 8186.4 7418.16 
7574.42 7285.87 4866.38 8732.6 599.756 8968.04 8695.18 2724.86 7505.2 7847.45 
3144.66 248.414 7270.07 1975.65 1619.38 1941.08 8328.38 928.044 954.722 3137.36 
2412.16 5993.97 4819.65 2764.43 9831.13 1835.42 9353.58 6286.22 5031.55 7539.96 
3704.36 2605.96 4825.82 8570.74 1338.54 5425.57 7538.77 33.7031 8150.43 5043.95 
7881.15 1295.07 5292.37 5151.2 3270.73 6911.75 7092.28 1599.09 7839.79 8047 
4736.44 251.934 4040.95 9556.1 3016.36 3872.07 1391.5 2369.92 158.272 6423.06 
9909.89 3862.64 9029.02 4735.69 2433.36 367.542 161.243 9972.13 401.245 8311.68 
5016.06 8282.4 9606.75 308.412 3433.59 2877.46 7220.16 525.85 4476.55 5059.93 
8572.85 9212.99 5311.87 2613.79 8769.07 8328.23 6485.86 160.558 698.135 6644.13 
6583.62 608.005 506.749 5612.62 5343.69 2940.11 5980.16 5504.94 2912.22 6381.4 
3816.59 7928.28 4663.79 3423.33 8236.7 8097.37 6300.79 5456.84 8623.22 777.321 
516.755 7196.06 9990.32 5828.62 9809.85 8759.37 4156.83 6295.69 8919.93 4854.97 
2939.8 5503.53 5462.97 3446.55 1116.12 806.647 6386.66 7096.28 6311.58 9298.88 
3477.67 128.16 7227.15 8141.45 3551.49 5463.83 6238.81 9852.28 920.647 4862.01 
629.583 1437.4 2058.05 619.881 7266.02 1867.88 9379.25 1422.84 8163.57 8299.16 
6277.8 1103.35 3802.67 1740.76 4549.9 4918.8 2547.41 936.544 2015.06 8858.99 
235.407 5492.73 8987.15 7462.55 3634.16 2538.62 2926.36 9872.97 2390.88 3847.01 
4734.96 3020.47 5284.41 6793.02 3640.35 2550.41 8660.9 3019.58 3973.25 6824.45 
1318.73 251.04 7927.81 5121.4 1991.8 2477.69 40.1745 4539.21 3414.24 2055.23 
3398.18 3649.64 7547.96 2385.31 1112.18 1182.11 4923.93 4038.54 1055.06 7314.82 
7885.55 5790.02 335.265 3169.94 2583.02 3975.61 5720.35 1243.91 6995.19 9693.6 
8068.36 8313.92 9944.64 5996.15 3435.3 1936.43 8473.84 3475.47 6475.63 1888.06 
5530.7 9873.81 5537.7 3078.65 2259.11 6649.88 4260.76 7183.04 688.399 5315.81 
4497.84 8573.95 1105.82 4833.11 1743.87 3688.84 8808.72 7464.22 4932.75 5803.89 
7157.81 3001.09 4117.79 7102.43 8997.23 7553.09 9038.86 7471.06 1028.54 5514.48 
9359.11 6559.25 5388.28 4896.79 9637.9 7647.39 1546.65 3898.63 4830.42 2235.05 
9214.45 9328.26 808.982 320.249 4161.35 2552.85 4009.09 2970.05 17.0516 8941.84 
8773.95 7174.86 1942.91 2891.72 4277.28 940.125 444.796 3316.12 8411.18 1473.34 
8830.6 7770.27 8032.58 4218.87 2667.05 7670.46 1866.24 4213.71 1569.08 6696.65 
6448.76 783.51 6024.9 7257.74 1103.76 186.229 9810.59 5112.85 3156.28 9827.64 
4054.67 1930.21 7002.48 5997.58 4821.94 1279.74 6937.7 5266.73 4595.87 5348.86 
6740.07 3426.45 3119.12 4772.64 7645.32 5786.17 2443.08 9511.56 9999.88 4012.16 
6208.19 6448.62 4795.67 2233.07 3706.34 5899.43 2419.3 3516.91 1012.26 5575.58 
3344.54 5066.93 7505.79 347.003 1064.49 2327.71 1626.75 8002.19 7594.45 6222.61 
3351.04 4334.5 9649.06 6470.16 9107.14 7294.36 2256.31 1550.2 6805.9 2256.18 
5562.37 3014.08 8704.8 358.024 5247.15 2411.12 6257.46 7666.45 5928.03 7269.72 
3242.02 9272.57 2336.63 747.793 9619.58 3401.12 3075.51 1246.3 1403.29 669.936 
7468.91 4754.33 5004.44 7117.96 1224.47 4111.56 4412.31 3480.78 5661.76 1218.19 
5736.96 1224.11 4232.27 4441.74 1582.13 9479.42 6852.86 7839.59 7145.86 2780.88 
5109.29 387.857 2053.43 7445.92 1135.65 1672.99 847.024 4211.16 2919.3 2250.32 
4881.09 388.192 7004.65 9885.53 7506.15 8229.12 3997.07 1918.44 1709.88 9658.83 
3136.64 7446.84 882.919 7368.91 1888.57 2465.05 6848.32 8741.43 304.622 3994.16 
1522.29 5413.91 4382.01 3575.72 2859.81 5517.66 5248.71 3706.84 9728.82 8168.01 
5957.16 4609.9 8556.2 2961.79 4495.41 6062.34 1190.89 8492.48 7980.78 2900.77 
8151.29 1117.4 347.598 9034.21 8486.3 2236.17 1499.24 5334.6 977.575 1803.86 
9328.76 2499.86 7217.77 3710.75 6075.58 77.5727 9228.42 1324.28 3784.41 8957.22 
9492.29 9741.57 3567.1 8048.47 2703.34 8062.51 4110.79 3894.22 6554.98 2091.55 
6794.99 4706.25 3208.95 7142.59 3740.44 1695.23 9378.76 5239.68 7029.83 356.316 
7043.54 6358.58 2856.18 4261.3 69.312 8931.76 4338.88 9297.73 256.028 8123.29 
8254.93 9748.32 7864.84 1822.02 7796.77 568.16 9884.54 1907.55 4462.38 6439.5 
3999.1 1257.36 1145.73 7208.05 8399.95 4886.17 8903.28 7778.69 125.831 5933.1 
8135.01 7169.38 2291.66 991.174 1430.66 2360.97 9922.94 5769.54 1658.68 178.949 
3892.81 9913.62 9927.27 1757.63 1735.62 7724.02 2325.79 1620.14 9631.57 6788.17 
8059.64 3630.65 8045.53 9205.36 838.684 6445.47 4091.51 9741.96 4224.15 4217.35 
5675.05 2359.14 1386.7 7966.7 3350.32 2817.37 327.653 3273.24 8586.9 1986.33 
3452.19 2479.69 1899.93 3379.43 4237.32 3635.55 1103.44 6563.11 5255.69 734.994 
