900 10
4223.31 6951.42 3525.07 4537.77 8065.72 8314.47 9815.52 4989.65 2653.11 9835.59 
6331.13 2635.88 9783.27 1852.67 3315.6 5439.49 6965.26 2667.85 1695.43 3518.42 
6795.82 775.139 690.953 708.994 905.942 74.3132 5945.88 4846.65 2901.44 8677.46 
1940.38 7124.75 5628.86 5465.45 1662.5 3694.56 3779.9 1478 8684.22 6433.01 
1313.57 5015.33 9068.89 1096.83 6868 2384.47 6536.31 3833.24 5052.32 8231.74 
7351.66 1848.12 9006.88 8042.62 2557.12 9912.82 8116.93 8503 4759.45 1018.35 
7180.44 6699.83 8143.1 2809.29 2165.26 9805.6 6503.85 5945.16 1283.57 5188.05 
2378.15 2597.15 203.367 1447.03 3693.98 7071.36 3831.5 230.272 904.584 8883.82 
8462.01 8256.25 731.929 7468.88 6298.84 3289.04 7381.68 4415.75 1792.03 2141.11 
5434.1 8972.47 8840.94 3577.18 1781.74 1006.18 3382.76 8285.6 6951.34 4666.34 
3473.63 9329.49 7263.48 3677 776.508 957.443 748.347 4608.01 1187.72 1652.93 
3491.82 9649.73 9909.18 4223.75 7118.59 6208 7512.79 4500.25 623.743 9304.82 
6641.37 6057.85 8277.27 5482.29 9635.03 58.9985 6488.47 3017.78 8344.6 3439.8 
7684.11 1818.21 2769.28 4947.58 5495.21 3545.78 5905.02 6243.56 8153.8 7092.74 
7896.49 1645.6 6742.45 7805.65 5869.35 3861.02 4013.64 3382.12 8361.27 4637.38 
2686.93 5002.62 695.212 964.182 484.895 330.226 1023.18 6973.37 3348 9367.78 
413.149 1032.1 1185.97 3182.43 5979.68 6681.18 6728.21 1884.69 2924.72 4881.99 
8977.43 821.198 6527.59 5719.86 8626.85 2396.92 9580.88 2640.47 5779.04 7942.14 
7277.85 8465.97 2944.74 7973.07 9430.15 3429.63 8303.29 453.315 402.986 1651.28 
9821.09 816.135 2683.38 1007.04 3998.56 8663.06 7688.23 726.753 547.725 612.933 
5608.74 9525.15 1434.13 2136.31 5244.99 60.9644 4533.23 4825.86 2701.44 312.26 
2767.98 9979.29 8778.23 5712.72 7952.34 8208.36 9142.35 6255.62 8661.68 9545.34 
7906.9 8482.75 361.457 590.256 9489.8 4360.02 9253.31 7178 5086.77 9801.04 
7790.94 695.496 9326.17 9225.07 2831.81 4571.15 9286.03 7365.04 9397.01 1987.45 
7677.3 2164.97 1966.73 6455.52 7877.69 9919.07 4663.86 7020.03 6174.67 3325.53 
6565.35 4081.55 1808.26 6926.81 4671.81 1298.04 1286.81 3925.1 8476.04 6373.58 
3726.12 6266.96 7069.07 3052.28 5492.01 9900.88 7623.43 4778.03 7265.91 7020.42 
6765.48 4943.19 9185.39 8732.21 1398.69 7063.07 8651.26 6062.56 4083.08 4825.92 
9388.08 648.409 8907.47 1196.33 7575.21 3579.26 2494.37 8862.02 7504.36 970.392 
5235.58 1230.47 7237.36 2304.63 4282.75 2729.35 2205.5 1906.16 7507.38 9471.4 
8926.58 4272.85 4414.58 8111.96 3005.04 5813.28 5175.01 1656.28 1875.82 9258.09 
6482.2 1263.88 9906.5 5389.65 2460.21 7481.69 8968.91 4954.58 6343.69 6473.26 
5924.97 1579.26 7703.72 3162.31 3883.89 1986.45 5891.66 6089.38 3892.61 3399.02 
5560.77 2819.18 7671.87 9975.35 931.116 676.892 5788.61 6106.12 2333.18 7664.43 
5364.19 8815.38 8928.31 5270.67 4205.01 1388.51 2752.35 3173.91 6343.09 9096.04 
9647.16 2268.04 675.281 7350.87 5430.35 4559.17 9337.32 1321.99 648.536 3229.91 
4721.02 6209.31 6049.09 2392.87 6184.64 6980.21 3069.77 1973.24 3086.31 5402.94 
9637.67 8450.51 4218.3 8565.97 3721.16 8423.31 9954.48 6473.51 1597.2 6297.55 
5569.53 1244.34 8565.59 6244.82 8595.21 3995.92 803.968 7932.51 5317.92 1452.5 
1162.41 38.9214 7661.81 7211.5 2431.79 3846.44 4191.69 5501.56 5819.67 7278 
904.484 5457.33 5728.49 5122.78 4023.28 9449.66 3546.08 3977.74 5923.15 5143.28 
275.266 1492.67 6387.62 8840.86 7737.48 4982.81 2836.76 8541.45 2915.31 8154.68 
9993.95 4077.72 8193.6 7655.75 1289.2 625.38 1502.17 5480.89 6126.94 7321.84 
2758.87 7031.43 2779.15 8487.37 2154.19 6802.43 7937.01 5700.27 780.144 3860.14 
843.534 1055.41 5352.81 7231.16 9896.27 3090.27 2213.95 2733.01 1631.71 5129.26 
887.675 1625.64 9206.98 9081.28 9281.39 496.164 9706.66 783.54 5977.05 5833.58 
8105.38 8735.93 2864.99 884.515 7223.28 5019.18 7686.94 5160.27 719.437 8467.08 
9020.41 1562.97 9522.49 4373.2 8794.13 9418.74 7463.47 1008.06 2151.74 9095.18 
6137.33 3039.41 720.804 5344.29 2120.67 2.17753 5840.45 1827.31 785.718 1817.49 
7660.89 8891.1 553.401 525.866 9775.61 7776.68 5545.05 7462.54 2936.93 6264.48 
5929.61 1957.33 7827.46 5452.08 6330.53 6621.57 4870.81 3793.98 7629.63 7022.55 
2889.14 3766.94 61.9401 3609.95 9111.23 2182.61 3612.12 4951.66 4009.92 4397.84 
6769.15 1670.8 3288.92 7322.55 2196.67 3064.52 5099.22 7741.72 527.043 8036.15 
4006.18 6456.65 9993.48 1833.62 1908.71 6323.99 8455.19 6779.52 117.955 6084.8 
3802.05 3007.1 9851.74 3863.99 6617.05 8962.95 6046.6 229.153 3914.59 56.51 
4626.99 683.729 1727.31 7915.92 8006.28 3923.98 980.424 3105.48 1665.68 1507.47 
1141.62 5671.86 7964.11 1135.08 7505.48 9872.83 7459.07 5960.66 6652.33 7577.03 
2045.44 454.366 584.111 1897.16 4318.36 7201.16 860.09 364.941 7430.31 4774.68 
421.451 2057.29 5458.41 2148.76 9973.21 3464.68 6072.74 953.614 6570.16 7738.42 
2461.08 7711.78 3410.26 425.178 8846.87 915.731 297.989 6305.93 6876.39 6950.32 
3882.94 8921.83 7404.69 4467.05 818.968 1723.03 1668.19 1679.06 2087.97 9098.5 
6453.74 2509.42 1155.77 1912.14 4658.18 1128.95 5376.82 730.905 2082.57 1946.96 
8469.32 4543.65 9658.75 1879.57 4968.83 8505.6 2795.3 5266.82 4811.51 9671.69 
2217.12 8694.45 8593.5 9621.81 3161.48 9412.46 1344.82 4829.67 1091.5 3432.78 
3928.14 7545.25 5942.2 5083.91 9457.38 600.364 6212.86 4834.18 1331.27 8295.43 
6781.15 9800.59 2839.06 6439.88 1680.15 7807.89 4945.46 4475.45 3074.69 9756.97 
4147.12 5291.81 8451.4 2740.6 4913.6 1612.86 2153.04 6258.42 6442.53 3244.55 
9691.2 370.658 789.776 5633.38 5454.57 247.142 6233.75 1667.42 5081.33 7565.02 
9962.85 1862.46 7365.59 2801.9 8302.34 9045.74 609.77 3247.79 3521.17 3684.46 
3004.74 7668.29 8976.27 1456.13 408.87 3889.85 3068.99 2561.91 148.254 9511.52 
5806.46 9839.45 9882.18 6596.24 5472.82 5336.73 6843.38 1706.55 7004.15 1924.69 
9271.56 6966.98 3787.15 6637.14 9768.88 2089.47 5682.86 378.629 5337.25 9204.03 
4063.09 8341.99 6872.31 3039.34 9798.12 7281.18 6929.2 2867.1 9843.09 7077.45 
2378.6 5649.53 6916.89 2260.77 2245.75 2389.69 7597.5 9089.13 4096.24 4601.63 
1013.8 3367.78 1568.59 4800.95 4.90727 1337.45 6890.41 5687.77 1716.08 2227.65 
4891.79 5779.17 569.624 1764.07 8818.51 367.729 9045.25 5747.69 3234.83 8888.32 
2825.13 5613.43 4537.83 9742.01 7874.2 6783.59 2131.68 5471.68 5872.7 6227.92 
73.2976 6886.51 9595.7 1641.89 1687.44 9600.61 2979.34 8577.85 5288.36 4695.42 
805.484 180.133 474.578 1375.11 1944.21 9293.09 1742.84 989.438 5040.77 4977.66 
9877.76 7865.89 591.078 4415.58 7607.89 8465.28 1199.15 9739.57 3936.94 7071.85 
5967.48 4010.24 3958.34 5563.16 5652.13 5645.78 5163.76 8631.48 4223.61 452.106 
3326.88 5029.1 632.239 3801.46 6404.21 2576.45 3094.54 8147.04 3565.88 8135.3 
3124.69 3443.62 6001.18 3715.77 7859.2 3609.05 2181.03 9058.35 3348.61 6117.97 
6130.18 9316.09 128.194 88.5008 4879.23 5780.33 5734.28 42.9756 4411.78 9957.89 
495.082 7738.67 4986.97 1127.32 1540.11 1391.16 3703.77 4634.65 9538.21 7269.65 
2769.93 2662.88 713.258 8771.11 6378.65 8572.46 2380.15 8559.68 7630.79 5728.76 
4677.63 3760.95 5044.83 4805.82 3849.45 9924.06 586.132 9583.73 9967.04 4997.92 
9541.6 462.103 2736.57 4528.56 1589.42 4276.68 5919.72 5293.19 8911.33 5457.91 
2562.82 1681.25 8120.79 3276.08 452.344 4499.42 1848.52 2832.49 3059.07 9479.31 
8561.25 7736.7 3240.25 3606.07 2542.51 7089.7 3530.11 3128.64 6673.41 3497.13 
8126.56 6215 3959.23 863.107 743.538 5548.66 5139.79 6663.26 841.832 4051.1 
2121.15 3404.66 5732.35 241.915 6680.74 6184.69 4741.33 8529.26 9017.18 7800.41 
8008.56 7578.42 5537.09 1248.79 1184.47 8079.6 8338.49 4714.58 1208.23 5011.88 
8211.71 9334.78 1226.86 2170.93 197.873 1970.4 7719.59 5337.66 8633.66 8561.42 
9388.76 754.786 1966.06 5121.09 996.702 8646.8 1305.76 5738.03 7176.05 322.928 
3538.42 5184.59 7901.35 9075.51 6433.38 9085.82 7155.1 4771.85 3800.38 8363.32 
9783.73 2012.08 7698.09 1010.57 4183.01 7895.96 2980.97 1902.58 3233.6 1614.61 
463.982 2622.35 2369.4 2430.04 7743.43 3366.1 1076.83 9049.2 9104.13 8252.87 
9372.12 2642.54 3437.45 7273.46 1718.03 9870.82 6359.26 8873.13 4642.66 159.622 
7236.44 4426.37 2171.7 4934.51 5436.95 6354.7 2830.45 8417.92 8257.28 6064.05 
32.517 8721.26 8686.4 2401.92 1151.29 6429.82 5768.02 2228.11 5478.99 4872.14 
480.97 4851.1 7514.68 3918.42 2124.54 9232.71 3789.22 8483.8 8105.83 8431.88 
8643.42 5342.25 2858.23 815.103 276.734 8295.18 7169.81 3107.18 6713.08 5427.07 
9171.23 6745.6 4148.32 7857.62 9147.52 5299.61 4287.41 4915.52 7527.72 9766.41 
9787.66 8008.69 4617.49 7302.32 1927.09 6742.04 6535.01 5716.32 5225.82 4640.82 
4148.18 3869.22 9983.07 7006.41 4684.32 259.784 5301.58 1854.12 3366.97 2014.64 
7281.19 2538.18 8760.25 1429.49 395.784 7907.75 6729.1 4683.2 2823.25 4256.81 
4449.59 2610.89 2265.48 9067.08 9913.21 4192.58 5809.1 6448.21 9908.89 1034.91 
1089.01 4057.05 4904.13 1072.06 1063.45 9588.45 1331.85 6365.03 1442.55 4698.81 
8379.68 8723.74 7237 7139.9 153.211 7632.78 5047.63 6882.31 2315.96 7870.88 
1139.1 6765.55 481.76 3404.58 5832.62 394.953 7597.16 1641.71 6843.16 7506.03 
2676.62 7932.17 1563.07 7580.74 9004.24 2626.52 7169.18 336.067 8991.55 8611.73 
5034.88 7371.21 7335.45 2271.86 4511.1 7488.66 9904.65 9558.73 4370.95 2220.59 
7429.6 5510.05 8986.15 7911.36 8914.63 4818.76 8306.31 6511.78 6460.47 5149.46 
4017.79 9137.08 3081.61 5580.86 6717.81 2085.83 8207.39 3886.97 2421.9 7198.92 
2498.68 7456.78 4570.12 9834.13 9728.65 9081.22 7322.77 9633.28 8639.93 1693.71 
1853.85 6069.52 7203.76 839.985 3980.86 6118.38 5658.74 2287.16 2630.13 2119.19 
7436.62 6647.93 1256.25 518.217 2228.77 7974.06 2604.05 436.14 1861.01 5025.95 
7635.06 4359.68 2482.71 2205.16 4193.79 2211.34 1286.37 1516.54 1844.6 9926.3 
3210.25 3698.46 5995.8 413.991 4538.44 9976.67 6532.37 197.164 2263.81 9162.5 
2316.35 9700.43 5810.41 3572.6 218.632 8039.18 1546.64 2822.68 8475.32 3407.65 
7848.63 6110.37 7767.33 331.33 8315.53 1961.11 2542.67 9601.9 3477.65 4387.28 
9528.18 6687.9 8085.73 5523.97 7101.89 2624.16 5500.62 3634.24 2821.32 7764.43 
2796.73 5137.67 7464.85 8607.14 8710.28 7683.48 6646.31 256.903 506.146 5121.61 
3664.55 8354.78 1231.97 1431.87 8686.11 9547.5 3392.98 1228.77 9149.38 6870.63 
5616.04 8677.55 3558.52 3701.76 4201.5 660.399 6325.91 9702.12 4294.64 9147.23 
7466.53 7091.37 4284.89 4931.36 5698.5 2995.15 2614.83 2344.79 3252.05 3120.97 
7466.4 6916.6 1475.73 8698.37 8348.47 161.826 8245.85 1741.44 1390.59 7395.21 
8612.07 7006.63 6072.74 2170.58 708.374 274.225 2830.97 7034.29 9976.34 7125.62 
6181.5 7442.86 4216.97 466.372 2374.2 9915.47 3461.52 4989.03 2260.24 6713.57 
8110 9726.64 3630.15 9585.74 8425 1978.61 9747.56 6670.83 3720.05 1138.14 
4066.03 2332.1 8144.77 138.755 4502.68 8853.14 412.98 7333.65 5887.41 389.304 
4459.25 2068.9 7832.16 8676.23 2535.27 206.348 8591.68 5996.79 5195.38 851.908 
2710.34 3305.36 578.535 6340.49 2891.08 9003.53 8319.1 2638.63 5674.34 2039.13 
3776.76 9740.37 4371.23 1921.52 9879.12 8873.91 774.646 292.087 6207.55 6662.06 
681.392 666.784 8730.96 8513.55 9343.01 1266.21 8719.9 7934.68 7263 3915.26 
8786.59 9973.34 7220.62 9365.12 6313.81 111.689 8368.63 4632.9 2750.32 4042.96 
6672.03 6527.08 3783.31 1043.24 8448.6 3662.42 9917.15 9223.24 3954.51 6124.68 
5885.29 4635.9 6791.46 4616.23 3149.44 6134.46 5882.44 1869.32 4069.12 3145.43 
5784.58 2855.69 3118.75 3005.19 2220.79 9432.57 3116.88 589.411 4065.45 5867.19 
4632.37 737.46 2394.26 8415.69 1780.7 842.838 2078.09 1697.83 66.0643 6032.6 
7822.51 5951.35 668.481 4613.96 567.563 3817.92 748.402 6450.01 5687.24 4817.52 
9595.44 1471.8 7673.21 2714.17 4476.99 9894 2146.73 7593.87 483.399 6212.18 
3461.04 5115.77 6949.64 5855.3 3531.44 8730.34 6698.14 5609.53 428.155 6764.2 
1642.11 8250.67 2715.54 2310.59 2864.61 3283.1 6128.51 3613.01 9733.11 1815.73 
8430.54 9328.53 3287.53 6103.73 2042.69 7764.52 5997.72 4189.41 5358.37 6481.12 
401.574 8819.42 1596.87 7351.21 4674.7 5128.31 6081.53 1372.83 737.822 6509.69 
8137.03 2379.93 4760.34 852.551 4690.52 7624.95 4135.65 819.013 1237.95 3868.74 
2634.74 9668.49 3197.25 5922.27 5772.2 5239.94 3686.77 1769.9 9429.35 9045.15 
8251.02 9830.93 7864.55 9847.89 7182.12 2539.23 4976.18 3263.64 3912.06 5714.01 
9773.33 2049.07 8093.94 4533.65 2901.62 2784.44 2158.59 7037.27 3603.46 3396.54 
905.998 6238.2 3065.01 4103.25 2160.45 8837.21 9343.19 5847.23 607.093 8772.53 
4892.35 8858.11 8603.44 2756.88 8705.98 5785.55 5296.12 3682.15 9049.19 9208.17 
9396.16 8822.5 1257.22 7490.08 3356.13 4158.84 274.501 5514.72 1196.1 3877.96 
8911.26 2102.1 116.135 1976.25 6205.35 2276.59 813.441 5548.53 8123.81 1420.53 
4321.04 3016.15 278.628 2924.47 5773.03 8984.61 8710.02 1069.13 2666.74 7759.19 
277.288 2062.88 6581.68 1534.51 9552.96 9937.81 5693.36 9827.46 5452.51 6889.46 
3705.4 4363.76 8991.56 3821.53 6340.01 5196.89 6098.12 7153.45 745.402 4221.91 
8573.98 5066.45 7238.06 8852.61 7990.92 3011.08 7837.21 6700.92 4080.21 503.933 
4460.09 4357.5 2566.82 1041.75 5892.01 2119.76 979.546 1585.35 1947.2 6432.06 
8474.81 5652.6 795.799 7466.35 9474.13 7135.81 2663.22 5572.23 4289.24 3408.62 
9794.15 2863.2 8475.07 7032.19 1715.79 6465.97 43.2486 9553 3166.87 4123.46 
56.9159 7626.96 8480.95 2623.73 8668.71 4372.94 4743.49 9648.26 5958.29 6690.69 
6080.3 4433.08 2343.27 6876.1 1899.41 1817.39 4011.89 4562.63 7389.62 8301.13 
7971.25 7183.75 1164.31 6446.3 4215.92 2880.11 2912.25 4259.17 2433.09 6079.11 
8382.63 2490.01 3706.06 6863.56 5113.74 2374.75 1236.49 9857.23 2023 7194.78 
6547.9 8103.3 1627.85 8891.18 4979.38 3527.26 708.547 8991.27 8089.88 8098.17 
7292.38 6061.11 5281.9 8456.7 2507.39 9497.83 1336.79 5419.64 3756.99 3769.88 
1498.73 2139.6 6259.88 5204.79 9003.16 1373.6 7579.54 239.636 1230.82 9602.54 
7434.42 7778.72 7705.82 9062.26 6669.88 2685.19 2589.5 7378.42 1676.44 679.368 
5476.58 8968.83 6740.48 758.465 7425.51 9247.87 256.278 8762.3 4667.5 4013.26 
2532.16 6166.23 6152.86 8792.04 1371 5156.01 165.627 8950.55 5395.64 1396.44 
8553.07 2830.04 9175.16 6258.87 1892.29 5845.02 8944.06 4481.79 3223.43 620.489 
5161.16 8700 9589.32 1901.62 9458.47 7014.81 1149.48 9714.75 5777.09 5816.98 
3727.99 8309.25 1983.19 9880.85 7101.27 3354.19 5036.84 7266.9 2304.72 432.467 
8663.34 857.775 3262.51 7838.48 7116.65 5154.8 3683.49 6060.69 9636.59 6906.91 
6681.18 4797.74 5606.9 6270.48 6699.36 5065.35 3285.28 7848.84 4780.08 9062.37 
3665.8 8508.08 7371.6 5648.99 8388.91 4472.85 9003.19 3425.74 1739.73 1307.89 
3858.21 403.051 2165.67 7120.72 8241.53 9282.32 2275.5 1925 5342.99 1912.07 
8831.92 2024.16 6709.81 4438.8 8294.64 3409.15 9504.15 1579.9 1257.98 4284.22 
642.248 4923.78 2792.28 8013.84 572.752 1181.18 2486.68 9575.94 4606.92 4226.41 
883.811 8465.12 4629.46 3049.48 5585.82 2870.97 2331.78 7861.32 4795.97 7674.77 
9773.39 3627.87 9698.92 6483.19 8066.67 7993.55 9892.34 7570.81 9573.45 1150.29 
1855.01 215.675 6074.07 4647.29 8229.52 6646.82 5828.47 716.179 6222.74 435.371 
4942.58 7106.55 8900.5 9572.04 156.016 4486.3 2443 2487.79 2347.61 7238.97 
162.544 2120.98 866.824 9861.47 8604.17 8933.49 7855 8496.49 6504.28 7428.43 
9646.78 8359.29 7644.1 5720.84 3006.57 5873.6 2367.64 8835.04 6589.78 8590.39 
9270.41 1532.35 5696.92 8170.89 1104.37 5852.94 2657.17 3547.37 8340.73 5004.78 
786.322 8503.28 7125.77 1653.15 8364.73 5729.92 586.623 6219.71 4226.39 7090.91 
3648.12 3873.16 5450.18 1292.21 9594 8456.75 7165.81 1961.62 7291.77 3755.58 
551.99 6562.17 5287.93 6248.91 4733.04 6392.3 2101.84 7390.21 9939.67 442.553 
2394.97 725.976 8945.83 9520.74 2379.12 7310.54 5250.64 2965.74 3530.24 9477.04 
56.634 7178.36 3350.18 5506.82 8470.56 2944.15 3963.55 5636.35 4905.77 1255.31 
9391.93 5457.76 7817.47 4679.84 1706.66 2550.49 1072.13 3808.5 9940.7 1011.78 
4251.05 2335.66 1737.76 3196.87 1856.39 4116.88 507.392 7107.03 7082.62 4037.63 
6584.05 7139.26 1215.97 9934.22 2646.06 9686.53 2878.36 6609.61 5322.87 7784.13 
7864.92 4714.78 3241.88 5682.38 9394.62 4948.54 8232.87 466.732 8757.04 8173.56 
1478.51 3008.08 509.203 3216.27 6204.95 2365.59 7333.15 6712.34 9472.62 4415.76 
749.95 6056.65 1555 1965.92 5990.86 4201.06 1652.43 8869.22 810.651 6975.29 
6653.34 8675.57 1690.06 9895.22 4357.93 1084.66 4843.75 2590.79 1551.39 3600.78 
764.329 3029.91 6608.86 1273.53 6246.18 2813.79 3639.12 3579.31 9526.13 3111.72 
7995.07 276.058 9168.38 9550.07 2241.97 5159.22 3751.11 3894.4 4028.42 4561.76 
869.678 681.737 3237.31 2559.73 576.939 7595.25 3644.4 5420.69 186.016 5195.79 
9021.46 950.345 8225.69 5630.3 2223.88 4471.85 8444.09 5863 8051.16 7970.2 
8974.72 6046.21 8246.25 8143.08 5596.26 488.212 3302.28 9347.37 4382.61 7330.7 
3909.11 5252.29 8012.44 7146.42 7812.03 8589.38 4741.65 1456.41 4010.05 4927.67 
6652.19 3031.49 5878.01 4877.87 8661.79 8101.89 9349.72 7105.86 3964.87 7400.87 
5076.04 2939.58 3447.07 3322.28 1082.64 9043.33 3810.49 4384.93 8390.68 8193.11 
1715.61 2299.78 3445.38 9728.05 9446.2 1257.39 8317.41 4187.83 2713.8 2327.44 
9115.5 9365.99 5358.93 4993.49 4243.84 4020.7 3095.36 3593.54 1126.55 7060.23 
994.396 6202.59 9999.81 4441.46 9524.87 1082.44 3484.77 3335.35 5467.37 1875.44 
1528.44 7182.98 4175.22 4973.82 6911.01 3621.4 6231.21 5228.4 7809.23 8945.01 
7555.83 6924.71 8310.98 2914.74 1918.19 2554.8 6935.44 5013.55 6148.35 8061.99 
2073.76 7142.74 4264.57 2073.56 1584.19 3789.42 3156 5068.96 7124.77 8623.36 
6944.4 8653.2 5806.32 1119.6 3627 2717.31 4741 9858.21 7945.71 2550.21 
8803.2 5501.52 9474.92 7114.17 8416.26 1393.09 9668.97 5351.69 6406.64 5817.3 
3413.66 8480.41 2960.03 7678.23 553.949 4544.21 1467.63 3709.95 9613.17 8592.39 
2333.29 6557.56 7245.58 8139.62 7677.16 872.565 856.911 2418.14 730.761 8802.62 
4968.36 9533.96 4304.12 4443.26 6648.11 2720.37 5836.36 6317.06 8072.05 2242.98 
2134.34 1485.7 723.372 5094.37 9163.93 1277.32 9638.58 631.538 4987.27 9251.74 
9223.93 7320.56 5809.28 6469.5 5460.16 3486.42 7342.06 6317.07 5904.57 8072.82 
5119.67 872.906 7606.77 9423.79 5316.17 4254.86 2144.14 1152.51 571.91 216.177 
3395.49 2706.25 1701.88 4118.87 7800.62 865.784 5396.19 7439.19 1497.32 383.437 
6690.91 721.238 7704 2500.18 7190.73 3164.14 5986.6 4532.78 9481.21 1891.15 
2605.58 4600.87 2764.06 212.334 4024.64 8080.23 4467.2 6168.78 9232.74 5039.11 
6384.96 2628.21 7745.36 8086.83 6747.08 5545.97 8952.62 2143.25 2985.14 449.921 
2526.69 9676.05 1171.16 230.667 2176.21 8361.89 3394.81 8162.81 2894.65 2876 
53.9442 5500.24 7476.87 2818 5712.57 1501.49 898.209 179.752 7670.27 130.93 
5218.86 4055.21 2759.14 2964.21 2142.03 9506.22 8510.17 1094.62 1649.46 1495.3 
1544.55 4176.14 1171.34 2715.71 4406.81 3347.55 1077.58 7801.62 1510.35 3972.24 
677.603 1564.29 9472.47 8154.47 4382.29 5185.03 9655.96 5280.5 5364.78 7326.21 
5411.43 583.622 1381.4 8170.57 3547.83 3523.43 7676.78 2057.99 4618.05 9326.24 
3553.29 6162.6 3502.36 4724.62 8878.3 7909.17 8072.17 9955.89 5710.77 9582.52 
3928.11 6388.38 1146.79 3400.56 4542.83 5529.08 8585.59 4198.77 809.563 3950.35 
1524.96 6220.99 4533.97 2906.37 4391.55 8081.8 6429.8 2068.31 139.77 1047.84 
1394.53 3693.06 7210.44 4896.89 8417.68 6088.72 2806.05 6489.84 6044.59 8516.82 
6072.34 9972.7 4905.18 7219.13 3373.24 9448.01 2748.2 1958.82 3646.76 3557.76 
5909.17 5171.73 9778.75 443.123 8078.1 4170.28 8524.92 4507.88 6238.59 8664.7 
5555.71 7633.12 2357.73 2766.13 2529.99 775.399 8854.85 5336.04 7265.24 4899.43 
3852.84 3337.56 4872.11 8758.02 556.679 8245.36 8206.01 3304.88 204.154 1852.76 
6862.64 6113.32 7024.49 6641.38 6556.44 5102.56 811.641 5081.35 9610.44 7050.23 
3746.03 5166.14 4683.34 6103.77 7932.27 7213.33 6879.16 6787.1 2549.35 4144.38 
1686.52 6402.2 7481.95 6558.63 5160.2 8038.63 4803.97 3366.2 1343.49 5008.12 
5218.96 8206.13 1121.42 2243.43 4847.49 7677.87 7345.99 5659.13 2759.2 6956.42 
2709.34 6505.23 2122.53 7392.68 2608.98 54.7847 4605.99 9488.14 6841.89 7155.34 
3632.51 8528.4 3557.52 1114.44 5087.01 8717.72 9153.07 9890.98 2083.9 496.539 
4899.08 7302.86 8702.67 6020.5 9546.29 3550.13 3698.36 6892.26 9209.26 6457.56 
3848.66 1918.59 2962.77 5971.19 9311.26 5571.75 6025.98 3917.24 5059.88 2867.85 
1072.56 8692.39 1396.23 4630.08 9806.84 6483.25 3347.78 8959.89 6374.21 5431.69 
9456.43 1273.28 2734.53 8159.08 7293.78 2280.8 1709.19 992.119 9173.05 918.436 
7449.68 3021.7 2837.02 412.435 8992.89 2148.27 5984.19 5018.85 6065.5 1044.05 
7886.69 7138.06 9736.45 9282.93 1768.13 9543.27 5766.16 5115.91 8503.14 2140.35 
547.578 7959.55 3413.63 3282.11 6118.61 707.391 5562.9 7827.8 1699.51 4735.94 
8746.24 9149.19 7757.63 1583.24 9561.62 6750.5 3731.51 5545.79 1769.33 9797.01 
6589.85 9656.03 6935.06 6326.28 8938.94 8703.19 5869.53 4705.08 3819.08 4372.66 
6845.43 4366.66 2332.19 259.044 7648.76 8450.8 966.435 3211.65 6278.59 2665.94 
7947.59 5024.81 1815.12 5705.2 6608.05 1376.72 2455.69 339.548 6922.52 4225.03 
136.545 3512.35 3881.04 7071.6 9838.63 2819.96 5774.77 5708.15 7525.04 9593.85 
80.789 4370.45 3960.49 2412.98 4629.5 1609.24 863.767 5595.93 4820.88 7142.35 
8261.88 2768.45 2167.15 76.9753 8473.66 8775.2 1453.7 929.33 9114.75 8376.21 
5154.35 9251.29 1888.54 9035.39 6322.88 1727.15 1855.33 2097.64 7435.3 9380.37 
1691.47 7516.09 3750.81 5651.96 9929.07 8380.3 7261.2 792.823 3976.22 2082.07 
7935.18 2238.08 4850.52 102.309 2315.05 3324.16 8877.51 3768.75 4253.48 7992.24 
2144.94 9407.84 7243.52 4033.49 8443.21 3566.38 5760.64 298.527 5664.02 3195.93 
9678.9 7355.5 712.001 3429.68 3007.44 641.057 1809.97 268.626 1433.88 5786.19 
2350.69 9369.06 8024.27 7201.21 9471.37 339.305 525.347 8348.86 4108.05 4778.83 
6341.09 6253 4186.65 3584.59 286.467 2629.85 7150.97 6047.11 2928.38 2814.98 
9243.03 2607.26 170.456 9955.03 6036.94 3177.9 596.074 7846.91 3446.53 2029.95 
3633.09 5797.22 1399 1657.34 2998.41 870.346 1996.64 3523.76 9219.21 6104.7 
8302.59 5560.28 2357.68 2489.23 9144.86 2644.14 5119.08 6295.82 8691.25 8047.46 
9110.8 7934.27 654.695 9281.25 7889.28 6691.64 2459.14 8485.36 4538.53 5905.66 
515.296 8171.62 1702.86 1914.29 9828.95 4701.27 2784.64 1825.58 8225.02 2003.83 
7930.27 6527.6 7564.1 287.933 9016.82 6708.95 2932.08 4135.88 3004.75 1623.31 
2183.32 2115.53 9557.58 2838.02 1396.77 7446.84 9529.65 3855.9 5932.19 4068.17 
9761.56 6447.48 2239.77 1464.41 8361.77 2068.7 6165.68 1146.39 3894.28 4390.68 
3150.22 1824.54 918.263 714.308 2112.47 9935.08 7423.26 5044.55 4070.95 427.996 
6667.86 6254.27 2543.53 6225.42 9092.29 3940.3 3672.24 8621.92 7796.2 9604.43 
2690.07 7557.75 6051.89 4929.84 9022.16 4413.65 6998.54 5187.82 5560.04 892.809 
9578.5 8710.26 2717.35 496.748 9424.57 4829.82 431.816 6847.81 9874.37 4502.77 
7275.81 6542.21 757.018 9819.34 2767.61 9849.3 3759.62 6439.85 8471.21 1555.81 
6044.26 1161.26 9113.56 2096.13 6091.1 8135.7 6509.78 3089.63 3323.5 2069.8 
3982.44 2901.99 780.049 6699.78 3398.74 204.603 1529.59 3830.55 7052.42 1403.94 
8333.32 4328.21 7946.14 9090.33 4147.53 713.732 8939.62 7907.15 7153.58 7410.81 
9462.96 3197.82 8572.07 8576.5 5293.95 4663.15 6712.19 1803.71 7752.78 35.6706 
3873.52 1735.2 2937.66 4653.57 8434.98 6336.39 4858.17 9964.57 166.927 1910.57 
1368.49 8500.24 6238.78 9314.63 7590.56 386.292 28.3471 6530.17 8293.44 7181.93 
3940.96 7756.38 379.731 2513.01 6332.87 5673.68 7176.17 3045.04 7477.4 4928.93 
3080.71 1350.9 6664.13 6018.37 6004.47 5099.09 2354.74 862.622 5063.64 2521.67 
2773.19 6432.13 1021.9 9011.97 5746.75 8612.46 9398.26 5775.09 5142.6 7691.69 
2957 9083.56 5448.06 3336.74 1596.56 1780.91 9010.42 8772.72 4825.94 6487.8 
3701.64 7906.65 7838.7 365.745 3925 3843.15 5464.84 6279.74 4705.77 528.463 
8801.41 7478.97 6960.59 9823.31 6490.92 2707.32 8435.75 5889.17 8482.42 3578.33 
3580.84 1439.4 2661.88 9028.89 4776.14 4258.44 809.785 3786.54 3031.14 5635.73 
274.325 6732.78 3542.36 8113.03 7098.52 7467.36 1956.16 2563.34 3747.09 6661.94 
3091.81 2548.48 4140.88 52.3859 2371.77 631.787 2759.71 807.499 6520.95 1242.11 
4385.83 101.774 2681.51 7047.71 9130.67 7457.65 1306.13 9940.45 1244.17 4337.28 
5576.17 1518.5 1070.04 9118.53 9631.52 8168.56 6585.88 1587.67 731.891 332.945 
8249.6 3823.7 2881.43 2390.47 3876.08 5253.2 3022.26 6635.79 6060.7 9543.21 
7877.9 446.511 9644.99 559.398 7494.22 8775.64 8017.05 8800.36 8716.07 9261.22 
3137.61 4292.22 779.701 4207.65 3410.74 411.208 2376.2 9996.61 1998.88 3108.09 
329.539 248.464 6931.79 3210.97 2638.94 807.856 8464.16 5661.2 7443.65 4524.84 
5204.39 5321.54 4971.35 4849.36 5880.93 2465.56 3624.98 3897.97 1265.9 2341.04 
3159.17 4403.51 6633.26 3938.87 8611.17 43.9806 4350.08 987.348 40.5742 6348.95 
4095.44 370.113 6597.42 1027.21 3581.08 9236.36 1835.07 2045.22 4897.53 9278.72 
6570.06 101.907 4600.24 1541.4 4951.27 481.153 4006.96 8576.25 4379.12 5272.85 
917.272 7538.29 9676.37 7550.53 1477.14 8287.51 7594.51 5827.22 9274.86 7635.09 
2176.16 3370.28 8005.2 8773.58 4397.49 1586.26 8009.91 6232.56 3631.49 2907.43 
5511.25 201.533 3009.34 111.473 1742.93 7960.6 592.626 5749.89 6536.84 4971.74 
1022.72 7454.11 2510.01 699.07 5004.63 3987.15 8986.58 2599.12 9814.37 8261.43 
234.195 1990.51 1631.69 8239.4 764.068 6029.18 9825.66 8773.98 2261.72 3457.13 
1681.39 7772.98 3658.66 4690.73 7884.45 5401.59 2651.32 8477.08 1151.46 9188.15 
3448.8 2174.18 6642.25 5958.82 2873.25 1646.85 9945.97 1859.82 4245.98 9760.32 
121.232 4480.17 1750.82 1752.93 2719.55 2514.89 7782.11 2545.2 1288.85 43.8147 
6002.32 2970.24 7816.79 9660.99 7660.97 5701.23 5062.56 312.269 4178.28 6214.02 
9500.42 7627.09 8388.21 6142.65 3585.88 1261.44 7789.5 3531.84 3121.27 2035.46 
3292.14 3242.5 6515.63 5042.96 4995.42 9235.19 7557.85 2777.52 1780.36 8846.7 
2821.33 7782.69 1816.92 638.105 7443.66 9477.89 6339.33 2506.21 9790.16 517.596 
8720.23 9290.56 8144.68 7108.42 5433.2 1730.55 8369.87 3222.68 5262.39 1491.11 
5258.15 8554.53 4733.61 1773.77 3597.48 9729.04 1008.94 1155.31 2506.53 2789.3 
1.98831 5327.87 571.974 1818.91 5965.97 8015.63 1296.78 2305.28 521.822 1086.93 
2822.88 9242.05 377.473 967.545 6350.46 5810.67 2698.1 4720.3 9033.36 7960.48 
6211.42 4291.49 6515 945.012 6065.25 112.459 674.031 7074.19 1267.77 3180.57 
9863.49 1269.76 8508.43 435.447 3088.66 4474.38 8451.08 4385.45 6779.67 8972.9 
5472.37 9602.55 8214.94 5849.85 570.077 4565.38 1660.5 3268.17 9285.68 693.839 
1228.64 5497.08 4985.33 7743.64 6442.09 1050.56 7856.09 7116.12 8124.75 9123.86 
296.673 7988.22 393.6 8805.1 8423.67 3482.26 3279.47 6874.73 7867.71 59.1227 
5847.62 3340.07 9661.67 4062.54 9189.91 231.731 8627.92 850.397 3499.9 7913.58 
1544.24 4728.54 3410.65 6529.56 2472.16 9852.74 7580.12 328.237 6968.85 5704.85 
9452.1 7265.52 3693.06 9845.7 6070.61 2116.71 3327.95 9350.08 8991.45 1195.64 
9409.2 4839.05 4535.71 9070.86 8901.59 3725.61 9302.59 7529.49 4576 2802.47 
5443.06 6120.24 7531.02 8853.7 2649.78 3.15784 8706.43 229.888 331.395 5675.26 
5934.74 9783.49 2940.76 9627.8 9629.18 9011.37 1744.5 2957.1 8361.43 735.93 
4152.75 7770.61 5574.98 8688.45 6841.45 4476.56 2414.04 6144.02 2006.03 6990.05 
8946.5 7449.09 3110.27 6477.5 6302.78 5760.05 6480.65 5009.19 5989.94 6812.05 
684.429 1924.66 6595.52 3625.19 1552.45 6224.68 2636.54 3296.95 9181.79 997.955 
4032.88 3334.52 8768.57 9607.86 2022.95 5610.01 4084.4 4436.99 1754.01 6090.43 
1427.02 700.493 3539.5 4537.29 7177.99 9842.28 297.324 3658.62 4851.45 6287.26 
470.655 5535.88 8211.93 7066.18 9161.07 9764.38 3290.85 1797.59 3061.31 2472.62 
2795.55 7094.19 5807.13 1564.1 6702.04 7830.08 7174.11 786.42 2267.06 8928.12 
6876.85 3694.08 9628.62 416.337 8231.37 6806.59 258.602 8528.7 465.194 5110.05 
4815.94 935.85 645.918 3027.85 8002.03 9806.99 2792.21 1292.86 1604.57 5853.53 
3765.48 4400.12 2947.7 9572.61 5964.22 9649.74 7402.67 3138.31 436.142 9669.73 
2066.42 7312.99 3363.8 1695.01 7729.33 1595.16 8501.6 7987.93 123.836 8966.8 
3097.97 4939.78 9902.65 3743.89 7967.63 7904.66 3550.86 759.826 9197.52 5155.42 
6613.35 2962.98 9555.54 9561.05 2535.57 5519.74 9210.77 9938.24 8658.05 9646.92 
9607.96 724.449 6959.89 2971.74 2419.46 4689.2 4566.9 921.048 2677.12 4690.74 
9887.84 5775.09 9630.51 9790.47 9518.97 7598.13 7695.11 3069.81 8357.95 6892.61 
8225.24 4971.29 9855.59 7780.76 4532.32 2391.14 3300.48 3743.08 2329.36 1958.51 
3389.98 1937.31 2682.96 349.854 4909.05 5102.43 5039.06 9475.95 6023.47 7716.18 
4166.67 5911.3 3491.25 3797.16 5701.76 3010.2 1395.27 3396.85 6080.02 9753.22 
289.451 4305.24 4724.49 145.025 2085.98 9256.82 2536.17 5386.46 2999.88 4865.53 
7344.97 6389.86 6802.84 27.9202 6739.71 1711.87 5130.35 1778.75 1187.8 1153.8 
9494.93 5354.47 7065.11 2986.16 9151.63 2766.85 5996.37 546.885 6163.7 2076.36 
300.092 6453.15 6381.6 5024.59 6598.18 8467.58 4281.39 9134.34 3854.02 7281.27 
3999.86 1198.98 3671.11 802.675 1226.9 410.802 2514.54 6357.25 2189.56 3702.34 
7511.05 1684.47 9056.81 4576.14 4670.63 8208.42 7342.99 666.978 8755.31 3506.67 
2743.34 9055.4 9959.82 9124.94 4079.97 6557.98 7592.51 8361.35 5692.3 1446.51 
5642.6 9692.16 2645.49 9313.71 494.818 3872.39 9724.51 3009.36 229.614 1914.05 
6711.71 7740.66 3598.52 5768.5 2316.79 8269.15 3976.91 9659.77 8936.13 2732.2 
3166.42 1679.45 1787.58 3126.23 804.38 5867.55 9684.21 8396.89 4228.88 5376.49 
9843.4 9871.49 5068.64 2488.87 9185.18 5563.45 6361.25 8909.67 8572.82 6590.87 
823.706 5284.51 4331.52 4422.22 1052.99 6648.3 2691.36 5029.89 6308.06 1627.47 
7762.09 9474.48 3306.92 9549.67 2600.69 4111.3 5417.2 2284.88 2508.17 9646.08 
7661.37 2351.55 9517.55 2729.99 4840.42 8702.71 8293.44 1201.66 7612.37 6866.24 
7792.52 8436.08 2150.73 2124.02 2858.28 3203.72 8772.33 5549.64 8233.61 5080.37 
7177.11 5995.69 4554.83 484.01 5545.34 7155.52 4595.31 962.52 9440.39 7103.48 
608.586 7101.74 9455.03 126.121 9831.73 4295.43 8828.84 8125.15 5497.09 6441.19 
4991.38 3289.59 4877.25 7142.11 5413.62 7735.53 345.805 4185.92 3285.15 8579.42 
9266.29 462.245 4575.08 3821.1 946.255 120.405 976.6 5541.56 1082.92 416.976 
2645.03 1691.51 7518.72 2100.04 1817.63 7350.43 6395.47 646.451 5475.57 1892.54 
7087.64 466.932 5182.13 1964.87 7609.04 595.73 9700.4 7954.84 4781.65 2985.54 
6534.24 4047.93 3447.78 1109.31 7869.03 4394.04 1229.71 8845.63 9935.6 2312.64 
9262.6 2580.61 4004.15 6781.31 4680.65 5821.78 4131.73 1076.1 6468.23 9607.3 
2968.64 3555.86 74.2115 8150.77 5520.73 7683.25 8746.5 5221.11 5638.07 3528.14 
8206.65 2172.3 7576.07 1654.42 3281.61 5445.08 6048.45 4511.32 4290.69 5984.04 
6823.96 3553.28 8564.66 828.092 334.57 3245.29 6649.87 4466.29 4321.39 3118.09 
4073.57 7290.04 6673.94 4147.79 5440.79 2194.65 1831.02 4187.28 7415.76 7469.09 
7715.42 5622.39 9641.39 5291.47 7276.81 2922.98 736.533 3325.25 7434.3 5027.22 
9309.29 4258.24 8580.5 7873.93 5086.33 8915.07 1119.2 1736.19 3381.35 5440.59 
4854.28 7454.93 2730.61 1528.2 1602.7 8171.41 3722.86 3433.71 2358.67 1138.6 
902.786 74.0677 6761 544.156 5365.54 4037.79 3467.13 6102.07 7363.04 901.412 
1129.28 6672.31 5159.65 9709.78 4546.22 245.964 8624.84 5665.42 1982.15 2006.17 
1106 6836.43 9461.1 3836.62 8364.63 1063.78 2008 2087.47 4497.49 4366.67 
3226.07 5400.28 4440.74 9987.06 5944.44 9806.28 4024.83 9411.57 5908.33 1387.86 
312.962 7037.61 8060.17 5472.61 6747.37 2606.37 5718.58 5372.2 8271.79 7700.73 
7378.37 9377.8 4537.14 6839.45 3214.4 2901.75 7903.23 5222.4 4989.21 2400.71 
9589.07 8215.28 7800.99 4029.79 8202.33 3745.4 3836.05 2227.14 3156.95 9744.38 
3615 3469.92 6781.97 1675.15 8942.53 3529.33 4281.52 4661.09 8901.53 2553.3 
2361.8 6279.88 1931.08 6898.93 3119.32 5145.48 9800.68 1022.54 367.858 4789.88 
3423.24 9956.93 3005.14 1224.21 3986.7 1207.45 4969.62 7822.75 3434.59 8126.57 
7567.12 7049.59 1596.47 4349.07 8724.74 538.984 7878.4 3006.24 5200.07 6779.92 
5559.54 7561.87 3059.78 7490.62 4460.79 6179.1 2636.08 4261.45 7201.64 3003.94 
9051.33 624.862 2960.85 2056.46 1849.08 6947.55 3263.91 6818.69 4770.29 6698.5 
4945.25 2337.39 3748.07 6541.72 6686.46 2472.8 7080.7 4564.85 5479.04 2280.76 
1344.75 1038.56 9842.63 4404.53 8529.19 4303.4 583.611 1165.25 8564.86 7785.25 
4169.19 7616.17 8410.11 7130.03 9672.63 259.167 4077.57 2936.52 7077.86 8847.86 
9635.01 2023.09 1185.23 3383.07 8564.81 7871.69 5855.87 5645.5 2436.52 1334.89 
7926.26 3781.27 2373.45 7768.87 8185.8 902.622 2072.26 8769.41 2067.87 637.102 
6554.64 6237.05 8253.27 4964.73 3367.07 7925.89 5223.9 7444.64 862.386 2301.74 
6292.48 497.384 4324.83 7477.71 3880.46 2889.62 5349.38 9736.32 8535.12 7785.91 
1071.19 6461.36 1567.16 3444.65 4230.22 9752.96 4347.27 6302.48 8522.35 6415.14 
6939.58 5076.98 2652.18 5192.84 41.6897 6019.25 3118.71 5265.59 3463.87 3981.09 
7567.33 9756.35 4478.48 1892.14 7234.04 8358.93 4781.77 2583.4 8095.24 3316.87 
369.294 9166.43 9778.23 1936.45 2611.06 4008.43 1689.4 6958.33 310.892 211.734 
3373.45 7250.47 5288.71 6025.63 2443.29 5330.4 2044.86 5562 595.97 5508.73 
9543.09 8163.3 5265.06 4021.55 55.4234 2499.08 2380.46 4837.19 5082.49 475.685 
8154.06 5451.78 9642.12 7932.28 7388.23 2253.16 1940.69 9077.63 9211.49 2251.58 
9289.37 2584.92 9502.05 4578.06 8610.55 1945.33 9908.46 655.386 7507.33 504.413 
6164.11 7050.4 8667.71 1429.15 1071.93 8723.13 3928.24 3452.4 3560.31 9010.72 
3928.08 1714.35 4462.48 3570.18 9646.63 1850.7 5823.34 1587.3 928.315 5034.81 
3838.89 217.664 7619.73 3340.93 4795.72 6230.26 5286.26 4704.17 6885.64 2793.56 
5208.58 3049.74 9843.96 3876.27 4478.89 915.878 2599.39 8407.13 4368.27 6159.7 
7417.83 8296.35 7874.05 1880.3 1866.52 7520.66 3731 7689.85 9107.97 4659.31 
2724.64 2946.84 4876.98 344.35 6287.76 9672.7 6574.6 1574 4376.85 3460.23 
4367.57 9585.43 6509.97 4211.51 3461.68 988.84 5127.39 6061.07 9395.97 9495.66 
2220.75 6813.78 7792 94.787 8694.08 9658.52 7615.45 2425.06 7348.35 6723.4 
7084.37 72.9758 9670.23 1961.33 417.326 5957.98 1634.01 6991.93 7531.98 6010.86 
452.143 1899.53 5596.27 6962.11 6111.04 9057.95 7950.95 1238.42 5119.01 7346.9 
734.062 7339.76 4160.66 8526.06 7434.55 2854.72 8184.56 5049.98 5279.78 5532.9 
1773.36 2364.13 5605.87 1443.58 4325.46 6023.2 7401.56 5959.47 3015.11 4933.52 
1970.31 3467.26 6833.05 7566.58 429.348 2944.08 6624.51 8380.3 4182.49 1743.5 
5727.18 4916.56 9083.26 9887.84 3442.6 6517.79 2742.54 1627.15 1567.75 8022.31 
7160.05 3341.11 386.426 2765.9 4784.68 4711.88 8789.1 2186.22 671.331 1804.2 
7119.74 2641.64 5271.45 3952.78 208.197 5700.8 6896.86 6832.7 4081.08 1079.33 
8576.2 9808.26 5995.89 7659.44 9696.08 9438.49 4177.21 2438.6 1065.62 5744.96 
460.898 8225.67 9086.07 847.324 991.556 3870.73 5559.21 9780.66 6056.95 6230.54 
1584.84 3176.68 8872.18 6856.29 7129.46 9080.37 2557.08 4026.3 5913.06 6638.16 
5105.63 4489.25 6446.4 1101.5 2148.67 6142.46 539.978 6325.88 8581.06 1605.6 
2070.82 9041.96 9831.27 1156.87 9889.28 822.81 5027.6 5448.47 603.45 1084.54 
1678.99 2188.29 4261.22 551.152 9044.58 1390.66 9631.53 1601.64 5416.96 5544.57 
8239.8 522.572 33.7991 4686.19 1624.07 2182.47 828.631 2164.05 8508.35 9409.69 
3769.65 579.159 8451.63 3600.91 1736.03 8340.9 4423.72 6763.63 3789.36 5027.17 
7848.17 5468.35 7215.46 2109.38 6019.5 6260.02 3500.04 5651.01 7861.66 8917 
1195.56 6101.45 9439.57 1229.36 787.619 1063.62 3411.83 1616.25 3227.68 1920.17 
1025.92 6997.33 2499.33 9477.56 598.22 4235.36 7818.44 5021.94 998.975 1607.78 
49.0868 8847.15 7076.13 7264.54 956.508 3095.62 3524.55 4456.55 8746.63 1386.19 
3373.52 9942.2 7487.64 2813.07 1171.54 8275.26 3876.7 4583.38 9891.51 7104.38 
6503.55 917.419 4101.69 9002.87 394.962 4699.91 3238.21 8213.41 9721.84 4237.19 
9821.19 9770.93 3084.32 6897.31 7035.46 4040.83 9992.93 559.986 8497.37 8739.54 
1946.18 1870.88 8681.72 9433.82 4683.96 9853.27 7709.07 8560.65 4436.63 7600.56 
5665.01 940.156 8517.98 9766.7 9943.03 8912.94 4466.59 3181.23 7126.33 4188.42 
7418.41 6947.51 3959.33 502.717 3844.8 994.768 4543.55 3837.71 1554.75 3040.9 
2577.24 3500.93 4911.78 1258.94 2934.74 9595.74 1112.2 643.792 8156.38 5548.82 
8244.36 3821.37 6488.98 6762.32 3588.05 6431.99 5675.25 8054.64 9613.22 2801.56 
2243.04 7031.61 9749.07 6202.37 7534.33 3593.85 7197.14 2077.86 7431.56 8751.89 
5118.76 8.77797 2252.81 30.5317 1267.72 5187.55 9626.27 2379.92 5831.34 7782.63 
7928.74 4075.68 1603.98 4417.7 837.981 5192.04 849.679 6513.23 3246.66 462.88 
9314.79 5489.7 7494.49 9063.84 1692.05 5028.81 2657.67 8889.18 7106.67 89.2114 
7641.05 2225.42 97.9893 9893.86 2255.95 1365.71 5081.39 1882.2 3745.63 912.715 
9664.83 1674.36 4988.39 1268.8 6092.06 5826.37 6460.84 6941.74 2339.58 9707.49 
7404.62 1654.36 5197.17 4899.1 718.178 6889.22 9927.9 3375.85 5778.39 7034.56 
3465.06 3419.42 9259.97 3563.05 3313.27 1515.9 4928.76 8394.66 3398.1 8674.39 
9307.38 3062.92 348.732 4295.75 4331.72 6440.79 122.109 792.539 3382.52 2461.69 
500.016 787.118 4116.05 5697.19 5686.21 4834.23 2586.39 5614.1 8210.08 8364.78 
2648.64 1675.12 1784.18 1908.6 5238.17 5097.45 3424.5 166.913 3492.1 6822.6 
8841.31 2799.46 9885.52 9190.04 7095.21 4217.23 5630.81 7217.32 5009.77 9013.33 
9679.01 5509.78 9800.45 3795.04 1206.95 5486.64 8629.27 3793.35 1100.73 6839.33 
2158.11 3749.37 8514.45 3942.29 5657.97 3752.6 9039.75 9082.47 3919.51 2531.83 
5905.05 2760.8 5331.28 5790.56 1950.82 2426.48 7.76887 7581.64 9643.79 5017.53 
6594.95 9322.79 527.299 6395.38 3117.82 1734.25 1882.01 1747.07 5527.6 2982.73 
8586.4 7685.71 6732.1 7100.83 1627.98 2390.06 853.412 667.711 1472.5 4772.93 
3199.54 7377.56 7533.73 8530.82 3168.1 9484.55 957.278 3175.87 7066.17 601.055 
8193.4 3661.1 9923.84 8720.7 56.4611 3041.64 454.935 1938.47 4788.71 5982.53 
4921.2 3375.09 3668.22 1653.29 475.906 5296.2 4043.34 1329.32 5963.92 5515.85 
6102.24 9163.45 2893.39 3635.95 7694.25 6061.49 3120.49 8651.53 9237.35 186.641 
9252.59 7430.74 3847.74 9176.42 6151.42 3904.2 2218.04 6606.35 5842.67 7006.75 
2588.87 763.853 381.831 6257.09 2417.14 857.736 1553.28 6460.49 2187.05 7517.2 
1976.32 8289.3 6680.63 4869.71 1925.23 4374.87 931.175 5045.72 3026.39 168.511 
5232.36 2278.96 7599.25 9080.11 1455.36 3750.65 2984.29 3673.4 356.989 8826.96 
680.137 2945.86 9590.81 1061.97 9202.96 2007.94 1919.7 756.22 8468.43 4106.76 
8273.42 444.727 2396.04 4954.03 5314.43 4321.27 9328.9 6245.61 9367 2355.27 
6414.12 4599.34 4634.23 4013.35 3679.43 6089.59 7764 6663.72 9762.99 8120.99 
5490.67 443.106 1066.83 5081.46 1505.07 269.773 7089.4 3424.78 1025.99 5557.81 
7531.54 9299.41 6002.54 9927.58 4253.42 1316.96 4248.83 3582.31 7562.56 3615.81 
5937.58 3976.67 8215.15 571.79 7990.01 1894.57 6661.38 5754 8558.29 6424.34 
3874.97 4048.95 6867.45 4941.8 9130.41 8372.53 5211.58 6219.8 1797.29 6237.57 
1777.59 9328.82 5536.96 7780.13 9256.38 9790.39 9097.09 3505.2 3372.68 6659.64 
7121.01 9310.26 636.284 5336.15 9882.05 8626.3 7230.71 6543.4 4380.28 5788.99 
2967.73 8255.25 9837.94 9835.18 3197.04 8968.33 8207.69 8408.62 5188.11 4.96235 
4646.17 6965.71 9333.79 183.114 4745.82 8590.15 9973.5 3842.89 2095.33 3346.16 
502.512 9216.34 2656.4 1138.8 4552.47 2538.43 9765.09 1783.17 9081.83 4145.36 
7572.16 2049.55 2400.59 7410.08 1884.72 5597.63 6378.39 92.3922 4006.23 1566.49 
97.3546 8652.39 8532.19 9431.14 8835.51 3277.99 8021.27 8808.99 7120.89 116.588 
2155.14 7623.4 9332.93 4811.54 8762.2 3885.38 7349.96 8527.27 5668.54 6431.78 
2672.61 3240.68 8481.33 5073.21 650.744 366.031 670.817 7029.14 458.423 4677.04 
8595.62 555.778 3329.42 7127.79 9986.92 2164.91 405.772 8008.18 973.888 7526.66 
8124.76 3129.02 5150.04 7457.67 7940.56 3912.22 1343.03 5290.51 2439.48 7011.58 
1722.27 5112.09 252.244 203.586 185.283 902.988 569.617 856.1 7932.12 1028.04 
5533.14 6527.73 1583.82 8862.57 3655.51 1570.72 1027.46 4061.28 9578.89 2001.35 
1587.92 7703.64 5130.37 6737.96 5161.3 3070.92 650.168 6504.33 8361.42 3089.65 
3515.9 83.6784 8201.74 3768.14 287.264 8387.03 4671.13 856.881 9243.13 2603.23 
1884.92 4776.25 9130.96 3468.74 3638.8 2786.45 5039.46 4666.26 6847.73 4618.34 
6667.61 8435.65 2321.96 1797.97 5173.59 7483.26 4868.88 5823.76 3987.58 3230.29 
8913.41 7503.47 3313.97 7115.13 1271.59 3601.23 5502.14 5942.72 4458.12 4745.25 
8545.96 6343.04 9521.5 7676.9 9811.78 3160.29 463.331 4851.22 7826.55 7311.06 
9469.55 4494.15 5746.69 1791.5 6292.12 920.261 9274.76 1160.98 6744.02 3262.32 
4391.27 5657.41 765.776 7705.25 2772.53 2037.37 1306.46 8274.67 7980.09 5764.58 
3019.91 6526.03 2107.6 2541.4 4202.91 1919.36 5701.69 4666.24 6770.58 3528.22 
1977.28 6240.11 8022.37 7723.97 8031.61 4314.47 8644.23 7306.36 5475.45 5388.24 
568.659 9866.72 1045.63 1334.43 7571.95 3818.16 3371.8 8878.41 2092.82 1351.88 
4642.97 5112.73 7877.91 6750.57 7654.13 2080.8 8669.93 3355.79 6747.05 5440.49 
6884.01 8724.33 1680.59 4906.36 6448.28 9712.2 9220.83 5092.5 7018.54 4696.26 
480.715 7587.2 4562.97 1526.35 8921.63 2134.9 5344.51 2293.42 1013.3 7437.33 
3645.3 5656.27 2550.04 1523.19 2406.83 204.152 3604 1076.74 3559.95 351.027 
6517.23 443.943 9075.36 8197.82 5350.31 5523.62 7910.01 4571.12 616.102 4928.53 
9267.38 1096.82 2515.71 3830.33 2623.17 1437.33 5965.23 7967.68 3730.75 6978.53 
5404.99 7376.05 2634.79 7955.03 8899.25 5041.62 8159.18 2503.23 6118.36 1719.11 
2854.25 2635.58 2163.06 1929.59 833.383 7513.36 7453.22 8743.39 2084.46 8069.32 
3671.91 1351.83 9166.13 6187.62 5182.16 1789.28 7624.95 1147.37 9756.96 1355.69 
8125.9 5161.93 8731.74 760.674 3116.95 7630.97 5802.29 1276.11 134.175 1920.63 
2995.23 2988.43 4556.21 5158.28 4918.02 5389.59 2671.63 2371.22 4132.97 4756.09 
440.517 7804.87 6107.92 9606.65 3992.47 1290.06 1395.92 1617.41 2437.44 1152.86 
2973.09 563.323 6314.79 1704.82 1324 9431.74 9335.78 7126.29 707.833 9469.96 
9046.92 3703.06 2458.37 3603.11 8861.34 7376.38 8992.7 1532.95 9747.6 3125.65 
6289.04 188.102 930.506 2396.95 9794.75 4922.98 3687.01 1190.65 6540.39 6124.45 
2343.51 9513.49 6687.77 8658.3 1218.28 8011.77 8090.02 554.048 5138.04 8797.85 
23.9882 4184.94 2500.9 2482.35 7788.05 1362.22 9858.74 6780.73 2895.17 9606.32 
9906.38 9184.22 9794.43 836.875 1581.15 9589.16 5759.86 5268.16 779.8 2300.23 
1392.59 3123.31 1813.7 8080.36 1781.6 3031.98 6092.1 9871.62 3586.03 1230.12 
8669.46 3610.02 5415.06 1170.34 6092.37 3203.09 2532.56 5951.09 9983.83 5427.73 
5557.4 9890.19 4611.93 5351.81 727.051 6193.08 4940.96 6486.91 1461.22 5720.75 
8787.14 2853.81 8844.07 600.816 934.151 625.649 3632.8 7026.26 497.253 7218.83 
8256.38 9166.71 828.825 3671.42 337.032 6921.2 6874.52 2869.59 2872.27 6858.32 
8297.32 8429.67 6748.5 2909.24 3781.47 7475.55 9102.32 8722.42 3962.44 563.523 
4443.16 2749.56 3417.33 3287.21 3350.38 4351.48 3912.86 6983.17 1377.72 4410.11 
4201.98 9634.1 3576.81 5030.81 3305.51 3913.84 1951.99 180.007 6783.43 4824.26 
7038.33 5080.74 3253.92 3786.81 7989.97 7035.38 1262.35 7092.27 5757.79 5224.79 
7655.79 200.93 7974.35 1073.11 3488.14 1324.71 5424.6 7401 8307.89 6802.32 
1811.1 2509.85 6436.4 5387.91 7540.66 9741.91 9301.75 9492.65 9921.92 6085.16 
4316.89 6960.23 1165.88 7570.81 747.03 9155.85 4606.17 2009.38 6248.1 363.94 
7234.17 3903.88 564.87 5208.51 4977 4053.01 6533.22 401.575 1453.99 4841.09 
7203.89 3265.09 7350.95 3640.28 8653 4891.59 3382.18 7954.73 4384.22 3304.08 
4039.87 8701.11 264.299 5205.75 6271.9 1011.33 4361.58 878.055 3020.71 609.671 
1242 254.862 4513.55 1806.86 5463.37 9490.55 5859.88 1996.57 9892.12 7313.87 
6837.66 7096 578.946 4188.59 736.266 9231.95 9080.19 4118.45 7186.66 3464.39 
7422.53 1226.51 2165.49 7686.83 6432.26 8437.39 8698.16 793.826 9315.45 1718.85 
1403.5 557.424 1973.71 5917.05 2364.29 7437.08 5407.58 8224.16 9433.65 5299.69 
5538.02 6271.29 2395.67 6116.96 459.87 3131.94 5348.89 9540.06 7250.39 2535.53 
3004.43 4672.9 3762.04 5169.92 2359.71 194.286 3607.29 1057.84 988.112 2922.72 
2776.69 2391.61 3480.15 4750.4 8308.66 5844.44 2187.46 3716.23 4068.58 1621.09 
9015.92 9606.6 7892.38 1411.57 5723.55 8352.25 4543.52 1072.43 7892.29 1793.88 
3607.96 896.704 6466.78 7370 6066.62 8826.49 7564.29 9673.92 9884.33 8552.4 
2596.62 2661 943.992 6076.77 7411.4 9252.65 1921.19 9598.86 2968.86 5989.77 
1219.93 1984.76 5596.36 9112.31 3396.34 1319.89 7464.54 7939.85 2392.31 5356.82 
9733.74 6000.27 6253.52 6200.5 3370.26 2320.13 5026.97 934.528 1994.03 4911.28 
9486.93 4590.65 7572.29 430.904 667.402 4983.67 9683.56 2588.59 4582.51 2652.4 
8578.36 5802.44 4637.16 4174.7 4914.73 8033.5 5494.59 2379.26 5973.34 7886.9 
7736.08 5707.06 3887.16 3989.59 1907.54 7257.42 6309.72 6934.51 8191.94 8303.75 
1845.77 7678.86 2894.38 9418.06 8109.76 3561.78 4401.71 7793.3 6150.37 8984.22 
445.684 4728.71 4786.65 5082.85 8903.42 9701.38 3116.33 4397.99 2080.63 9089.67 
2284.87 9816.71 4796.71 6172.03 3806.28 6704.25 3429.43 115.974 3638.74 1621.36 
8419.72 5484.51 9300.21 1314.08 4902.56 7409.95 4875.86 9304.27 5203.24 1026.22 
8288.47 5648.92 5754.93 3075.11 731.751 4658.33 2776.47 3848.08 9056.31 4857.09 
2937.74 1341.17 4673.78 7734.44 7513.2 8480.06 4438.67 942.612 8596.03 8077.41 
2563.97 7015.73 3561.91 1864.16 8329.82 8464.46 9274.11 3205.66 7768.71 4477.33 
4231.88 6057.17 126.236 9986.81 9132.28 857.987 4645.12 1908.73 4706.07 3701.42 
6765.82 7643.81 5042.59 1439.59 5378.23 2555.77 9919.65 9816.9 3498.38 8515.66 
7894.3 6062.35 5531.38 1456.19 7926.51 3861.18 9920.65 7200.61 7066.84 7689.34 
1677.92 1298.7 3746.5 1804.16 1285.49 2878.76 2662.15 5930.61 4787.48 7368.22 
9632.03 1553.29 5012.01 4674.59 2992.88 390.223 7230.36 2912.51 207.111 728.729 
1428.15 8101.41 6791.08 6959.54 9557.6 4717.57 820.697 9478.23 1918.16 7887.54 
7167.56 3596.09 9186.23 914.036 5400.25 471.706 3792.79 8062.4 6402.31 8580.27 
5430.6 6034.32 133.546 442.589 708.9 3126.42 832.813 7939.26 6038.93 1039.92 
8667.99 7467.09 9141.33 5459.05 4426.61 8698.91 176.609 5247.3 8177.13 2094.77 
3134.82 5344.66 5690.86 2321.04 6258.7 1091.09 2792.75 51.4749 9153.49 9195.06 
8631.75 4584.07 5229.37 8765.3 5026.66 5938.27 1891.7 5859.47 3877.51 7930.64 
6899.4 2545.49 5397.71 6040.71 8004.54 9824.31 4739.61 8181.15 5071.6 2916.72 
275.908 8206.42 8261.38 5966.77 527.441 4520.07 7057.86 3320.19 4571.54 6211.33 
2515.23 3203.27 795.385 7744.59 1968.55 5822.04 3682.84 3860.25 1681.5 7560.36 
1790.87 8580.89 105.829 7188.58 4621.59 8110.37 7012.87 9361.2 6291.51 2084.45 
2277.9 6567.42 290.856 539.265 2534.17 818.297 5059.33 9592.03 4138.48 9630.87 
5803.35 6653.71 2834.13 6598.73 4398.29 4802.68 2420.76 8081.13 8662.93 4102.26 
5641.47 453.789 2683.13 5747.3 7642.37 7304.72 3857.66 4655.22 6665.91 149.151 
6739.68 8943.81 6716.57 7030.53 9483.07 9250.74 7848.83 4542.39 8842.75 1987.3 
4173.24 4646.08 8641.01 7007.37 1244.79 3039.28 1810.03 3665.55 1120.4 472.946 
7767.81 6761.88 926.735 450.922 2509.16 8569.1 7755.65 6366.82 3224.31 4421.54 
6515.97 9963.99 3365.32 3232.52 6994.5 2848.38 2483.25 4843.32 7390.76 1325.98 
6830.62 1563.99 5972.06 5471.61 8571.35 7216.85 8510.89 381.366 882.385 9631.29 
854.312 8650.19 6393.15 1781.05 9101.11 8902.31 350.133 6856.74 5269.12 3574.44 
1278.26 1785.07 3538.41 4643.59 5017.59 532.902 7491.96 7500.84 5376.22 4882.71 
8826.82 2206.82 6446.7 4798.86 7678.43 5018.04 2015.7 6189.3 5399.4 2898.08 
5820.58 6253.71 1548.26 2213.72 8034.76 649.352 1116.01 8384.9 7506.09 6385.13 
1959.32 8784.36 8170.2 5497.74 3427.92 3187.77 6030.64 919.873 688.594 1406.84 
5802.59 9515.41 3613.66 2249.27 4314.26 1292.07 7267.31 6329.95 7481.38 2666.69 
9228.04 3301.94 8920.41 776.275 5515.65 6955.15 1425.63 6631.67 5340.03 8931.72 
3016.78 7299.35 7716.06 1186.96 2797.07 1143.97 4374.73 8827.71 2063.84 5063.32 
234.536 7866.43 4578.72 3848.2 115.677 8892.97 5140.27 7382.98 5222.91 2621.63 
49.657 4450.93 5923.57 8970.06 5227.21 1439.2 5925.2 6652.83 8070.87 1265.21 
5584.54 1087.63 8564.56 3300.58 2274.58 1361.62 4444.55 6649.31 189.313 6508.39 
1712.62 423.849 4374.8 6291.34 4272.05 4490.47 5184.29 9412.32 1873.44 407.189 
2033.93 1923.09 4858.12 7957.49 893.141 85.3074 9396.69 6818.34 6738.14 7467.54 
8083.55 2322.66 8555.17 6648.1 5623.24 829.737 8009.72 67.7676 7479.05 8199.03 
6576.15 9191.67 8622.88 950.932 5482.99 2894.91 5441.4 667.262 2307.21 7314.84 
1074.45 4341.14 9237.94 5932.57 2298.61 131.061 6017.88 1695.29 6949.4 2756 
9162.83 5032.94 5078.66 7717.98 1681.02 701.88 8547.72 9690.74 769.647 6026.75 
7889.76 7345.8 5218.4 6512.62 8296.73 701.371 9407.54 3738.12 1368.63 1714.73 
1052.95 2443.08 6055.86 290.866 8375.65 8354.47 421.926 4393.51 49.7413 7371.33 
7149.51 9212.57 2404.25 2228.16 6930.54 4085.27 2930.03 5478.25 3775.99 3699.68 
1504.98 1665.74 1045.47 6723.39 8178.36 9342.2 7424.76 7585.88 3080.3 8793.39 
9300.61 4133.25 1236.46 5356.45 4424.12 9612.11 3710.91 4846.04 4005.61 3760.65 
2217.35 1155.1 2973.2 4621.6 3383.26 9903.74 8706.87 6313.29 5381.97 2482.85 
12.9596 6886.95 4148.58 1058.43 3610.32 2326.93 400.609 1035.06 9912.8 3480.91 
9828.45 9213.39 7614.16 1064.89 4569.83 2038.26 676.985 8280.74 6884.31 4682.59 
2041.37 9101.66 5837.7 5014.57 3723.24 9220.96 4918.3 2430.1 5534.23 300.252 
4912.95 5547.19 7187.21 9061.53 6605.62 797.512 1388.44 7006.23 1832.57 1301.23 
487.126 1661.01 514.605 8101.29 2725.9 5084.43 139.536 3402.89 3365.15 7023.84 
8085.48 5406.52 6125.48 3923.16 421.075 9848.73 3144.1 5339.37 2278.81 8678.33 
5639.62 7191.76 4225.51 2826.81 6253.27 831.112 3624.33 7641.71 7837.34 5456.9 
8942.94 8324.47 7117.91 9457.55 6425.74 9843.81 4541.96 6565.28 3246.68 7907.12 
3589.1 1332.14 3313.62 9714.59 5255.3 3734.69 9563.3 8399.4 9074.07 1842.09 
7077.71 4713.67 9033.85 1303.2 7540.49 5287.1 2134.31 1164.8 2928.8 9971.66 
6621.7 1871.73 8296.11 3739.59 1329.26 4721.83 3583.38 5871.22 1287.09 6830.06 
3778.32 4876.19 8162.2 7091.94 4590.76 3417.48 826.615 4154.04 1816.86 9900.68 
5996.13 8894.57 4614.34 5029.96 197.753 2154.81 317.05 2332.07 3319.61 3245.85 
2303.71 9941.31 5117.58 599.795 3680.88 6446.83 5321.62 7264.26 2318.03 6608.71 
4094.31 6096.35 1484.88 2256.49 3188.27 6075.64 5673.97 4014.89 229.658 7490.82 
3915.55 6225.79 6385.37 8529.89 1255.73 6583.13 684.687 1572.78 8915.19 4004.3 
4818.63 1218.88 3945.59 9936.21 1818.68 7626.47 6383.02 7140.3 4890.72 8701.06 
3749 8985.02 4797.39 5233.88 1241.49 7985.66 1309.5 6915.46 2000.53 1539.16 
4406.26 5916.08 7764.94 791.618 4445.95 9020.68 7374.74 5130.64 593.443 6289.92 
9134.94 5412.08 7508.81 3080.51 5348.27 9327.49 706.965 1731.28 6467.77 5597.68 
432.314 216.752 4582.69 5229.7 5450.63 5824.18 3215.34 6760.13 2739.62 5215.87 
8299.28 7145.88 1131.93 6064.21 7937.5 5577.89 5084.87 5312.23 708.51 5678.31 
1602.13 9843.45 1090.37 9110.94 2923.94 6438.64 8438.41 3630.91 8169.91 4906.16 
9228.59 8602.23 5122.92 3811.26 3831.91 573.527 9635.44 7047.26 7333.65 2375.04 
2263.11 5632.92 9520.92 3395.05 1697.1 7458.4 8972.93 6781.97 2770.61 9681.45 
2460.26 4372.75 9524.88 3550.63 3483.67 2448.8 9989.27 1922.06 6079.71 8159.17 
6828.22 5308.28 6761.38 1951.12 9119.54 593.272 2524.65 8754.96 7640.53 9858.3 
1129.98 9903.64 5491.2 650.883 3298.67 7188.3 8109.29 2271.59 3970.26 879.884 
1953.02 6430.52 5252.63 1477.88 9981.15 8736.3 3926.68 9970.4 658.34 6.36619 
8129.55 7486.56 5314.64 4890.91 9437.68 4434.16 5484.18 1962.31 3189.1 3124.7 
1820.59 4319.08 3028.32 7311.79 4969.96 6326.99 4500.08 3079.23 8598.58 8470.33 
3959.12 551.584 4900.83 9211.75 2029.46 4881.97 7948.03 5956.14 4852.35 8606.37 
5962.5 2981.89 6092.91 1277.13 7872.8 5530.58 5711.29 3356.96 7492.89 8900.39 
6481.66 9313.48 3219.46 9509.98 6625.26 8189.42 5836.95 1125.32 1268.63 4435.52 
9595.65 5227.75 4987.1 4496.47 4439.48 7016.57 9378.43 2387.49 2972.69 4230.76 
993.843 8935.19 7212.65 7086.76 212.304 5085.43 2617.32 5923.6 8442.39 110.191 
4823.97 4924.03 9423.68 8043.43 4434 6048.92 6232.83 270.933 7174.24 7501.47 
4706.45 6769.87 2729.2 9693.56 1266.32 7168.68 6710.11 644.731 9556.17 9682.79 
4875.5 549.999 8617.96 2088.13 7636.75 8830.27 7173.56 254.055 4753.85 5615.93 
364.246 9577.82 539.951 9787.92 7621.23 4973.95 5836.82 3854.05 5244.88 3011.04 
1355.5 9951.33 9780.91 4084.7 9644.87 1047.21 1253.36 6354.96 1691.94 809.52 
6037.74 6567.44 1359.52 4655.69 8655.57 8996.27 3485.94 5829.11 9250.33 8239.79 
1445.03 9614.57 7817.59 1984.98 9402.48 5438.81 6958.93 5239.29 9292.86 2203.79 
8250.33 648.342 2155.1 8031.22 4733.04 1799.96 9078.44 5986.41 8154.92 770.362 
6795.93 4192.64 7337.8 8155.44 8848.33 5993.35 7151.7 2334.25 1822.45 6402.01 
574.021 3267.47 6016.57 8391.61 5252.45 5419.03 3830.41 2211.36 658.3 3123.25 
4415.15 8908.63 3771.59 6570.26 6939.83 8504.63 8370.22 6018.25 4491.02 6525.12 
6788.61 1286.93 717.748 4126.4 9442.38 9566.08 119.733 6594.06 1900.31 1942.18 
2996.06 2474.33 5209.65 9012.63 865.928 462.091 4431.64 4696.33 2673.45 5089.94 
7819.58 7088.61 3998.55 1591.16 3658.85 938.368 95.7731 2029.05 6956.62 4586.79 
8554.17 3745.22 5873.73 9271.92 7871.61 5316.08 8837.97 7991.35 1910.13 738.269 
9933.53 4906.18 3212.6 5143.16 3918.79 4078.53 5605.25 8350.43 8774.86 8278.71 
3440.36 6594.43 5367.3 7438.91 8185.59 9026.14 8377.27 8281.36 1055.17 5333.88 
2868.14 9609.34 9079.09 8741.86 8881.24 6950.69 4057.93 7719.19 4942.02 5968.06 
8457.46 4875.53 874.223 1670.05 18.677 4793.02 5748.57 5623.93 3143.43 4523.42 
3902.62 6583.79 1117.83 9269.92 4022.68 9303.42 8296.05 2399.93 7584.76 9351.22 
7733.81 452.88 8960.54 6812.89 9194.74 7841.76 3763.56 3252.65 5560.94 8705.58 
9220.71 4018.39 3581.1 94.918 5688.43 3599.77 4887.93 1436.99 9223.7 8031.36 
5960.41 3126.31 4615.13 7078.24 2396.22 8637.81 6381.64 692.247 1037.73 3966.38 
43.4498 8771.54 4419.26 9003.99 5584.41 3613.99 6845.74 9347.97 6866.64 2406.66 
8053.54 6087.34 6425.05 1634.61 6182.26 2113.46 5234.39 1070.17 3550.45 4458.07 
9101.54 9510.86 7584.39 3716.65 6589.09 9980.6 2354.44 2970.71 672.83 3392.17 
6937.1 716.28 2163.69 1356.34 9720.27 7748.1 4970.33 6565.99 7096.05 1836.96 
8972.65 5149.57 7924.29 5397.68 6784.18 4106.53 7511.14 2018.55 5176.71 1061.58 
6476.62 4278.22 572.424 4060.99 7994.88 7161.51 4041.58 349.303 132.205 4714.41 
3741.47 7069.3 5430.69 5905.16 8425.64 5150.94 3653.24 3395.96 1716.91 749.27 
5232.91 689.549 5898.84 3157.19 6087.23 2683 7263.73 3598.36 4701.55 2440.41 
4659.94 1178.16 6718.64 5232.36 5239.15 4713.5 2393.85 9280.73 5062.8 2526.06 
3995.12 8804.27 9595.36 9425.8 4709.41 8020.98 4576.73 8362.65 1416.92 6293.64 
9111.92 6649.84 6983.19 5010.74 9807.03 3070.4 7693.74 7070.74 6668.76 2395.28 
9511.15 1328.68 3573.44 6229.77 6561.04 8812.59 943.257 8954.89 8093.3 6006.06 
1480.93 2088.4 4810.31 1076.27 1514.18 9519.73 9097.26 6090.91 7882.36 514.163 
2384.53 6994.27 7164 9367.72 2005 6971.01 2438.1 9698.74 4041.73 9106.86 
2094 3552.87 435.523 5667.43 9782.64 6996.56 4480 725.881 5951.43 2573.28 
6731.94 7432.36 4661.68 1542.24 8508.64 6175.86 1061.95 7605.88 2266.75 8944.31 
8120.04 4651.28 5938.56 5284.02 4018.98 7943.56 2255.02 6457.09 7642.28 6296.75 
5563.93 9736.28 9849.62 5999.45 5403.69 9632.24 2996 9883.7 358.106 8947.43 
2456.96 7090.05 6379.78 7118.64 8632.28 4888.4 3294.48 9694.23 2494.26 5561.24 
8638.52 614.281 212.499 4577.07 5898.3 4231.48 2520.61 8153.32 688.549 162.88 
4450.05 6252.48 9899.16 4299.65 2251.92 5302.84 3931.88 5247.92 5186.52 4289.98 
4195.33 7643.48 1380.01 575.09 4762.1 12.2744 5463.49 8056.58 9706.5 7957.75 
3617.8 8345.01 8572.03 3830.3 2922.06 4470.31 8061.78 5442.68 2623.62 8750.33 
5605.56 7073.67 5002.8 5504.7 1373.31 7254.71 807.518 5305.18 2502.61 5994.03 
9595.16 6697.94 3637.49 975.157 7273.03 8399.59 987.432 2736.5 6456.16 693.918 
694.233 73.9492 9038.93 9266.26 3904.25 1960.97 3736.56 1966.02 7403.65 6360.17 
716.334 3009.19 3433.83 5719.13 8513.89 4807.13 2973.83 9321.41 112.297 5476.44 
5315.43 9707.46 2174.36 8952.92 682.601 9447.4 7352.5 1670.03 2183.88 3808.64 
2363.95 2878.12 3882.59 1402.86 2144.36 7786.84 3363.84 5880.92 9752.86 767.471 
2241.07 469.181 3776.66 5674.9 6188.31 2290.54 482.016 9162.14 1611.94 594.313 
4638.56 6927.36 301.757 6812.93 5880.27 984.358 6260.31 3232.75 2654.39 8444.19 
7041.39 5018.34 1322.29 923.969 6421.2 3466.65 8710.81 9785.04 9347.57 8463.66 
552.493 1588.62 8932.84 4329.16 7263.52 5121.13 6619.7 7745.54 4283.26 8231.63 
8339.85 8921.82 5158.98 8641.61 5734.73 1039.23 9625.97 1995.01 4271.98 2280.34 
439.185 1313.36 7298.68 1761.47 2237.33 3719.87 5228.12 948.125 3504.89 4575.67 
9411.79 4057.39 6164.29 8344.61 8386.54 3427.8 3465.73 5006.22 1173.32 7748.98 
3237.84 9513.17 6670.78 8396.83 8154.76 2405.49 9436.06 7780.71 4400.51 3708.03 
61.0381 4839.69 5021.39 7359.72 6601.16 7258.71 1079.58 1829.27 8206.84 4584.47 
6404.93 7618.61 8641.85 2569.21 5963.2 7028.38 5997 9428.92 2034.59 7170.32 
7177.89 5272.43 6683.48 3848.65 3669.24 4838.23 6254.15 3105.28 2618.92 654.633 
6813.31 2679.96 5494.32 1834.67 39.6654 2095.47 9093.39 1119.24 3924.73 7300.21 
5703.71 329.65 4918.8 4345.54 2898.86 881.984 1373.9 8895.86 310.891 3408.49 
6066.17 7488.78 8680.92 2749.63 1337.42 2350.14 7587.86 7591.56 5455.42 206.763 
8246.19 2268.71 2886.72 3740.5 4103.38 2926.39 5835.97 3196.76 4045.63 9760.7 
496.95 9749.34 90.3349 5415.75 4094.86 2989.19 6297.74 5468.77 1885.04 6608.63 
8877.26 7951.21 4097.39 7558.16 700.821 5434.8 9908.3 8288.68 3026.35 5363.71 
8495.44 1272.53 7632.42 1382.15 5013.02 1735.78 4308.54 848.975 4932.54 8354.16 
609.66 5429.49 8103.48 699.995 845.222 2198.33 3689.19 7142.96 7667.1 5574.23 
3751.57 6544.34 3525.42 7848.96 4102.49 4226.24 3283.74 4010.77 2514.9 6310.09 
9374.48 1010.32 7582.62 7006.88 2392.47 2595.62 8742.66 6701 3444.6 3675.18 
5055.15 4054.26 9104.67 3158.62 4754.25 9949.89 5356.95 8443.44 7092.83 3024.03 
4017.65 844.384 9568.37 7543.07 8693.34 3670.84 1769.28 1977.07 7681.61 4284.18 
8287.16 7056.08 5294.5 5869.76 4062.94 7686.97 8465.38 2805.59 4387.96 1909.97 
6480.77 9443.11 5964.23 5585.42 2601.71 718.464 5535.3 7958.66 9161.91 2628.12 
982.671 3179.54 3472.5 551.023 722.586 2165.82 4221.86 2491.87 4142.89 1903.46 
6776.05 2430.03 8959.54 2070.54 8299.79 3022.46 9757.51 6765.16 5828.05 4145.45 
8675.12 2308.8 3588.55 4639.33 7894.23 6190.26 5357.8 3429.51 4148.9 4519.68 
6057.63 5131.57 7699.22 9530.13 5682.59 8421.81 1695.94 9904.45 913.663 5838.82 
1807.9 7689.72 8268.86 767.417 9760.26 6568.63 3789.88 9517.75 3333.77 9617.93 
3663.19 2008.87 1926.71 7251.73 6648.21 9820.94 3441.97 2005.99 3250.43 7590.87 
6525.67 9308.06 2722.42 4224.87 8838.17 8405.01 2646.67 534.091 8309.45 3560.33 
6372.92 117.328 1250.03 4641.76 884.745 1010.27 1210.37 4674.62 528.004 4544.14 
4292.54 4191.19 6553.01 6219.25 1442.91 3201.2 6040.17 4884.88 5207.19 9290.61 
2475.74 1732.84 8598.65 5198.16 5957.71 7436.81 3603.15 8604.38 7970.9 1912.58 
2164.69 4343.8 2029.91 3414.72 8985.55 2914.65 4424.99 195.906 7589.28 4952.99 
4740.04 1881.8 9144.19 1293.04 8101.05 587.079 4494.24 4141.2 5471.96 9701.43 
3431.79 7947.7 1434.25 2030.43 3145.84 7391.97 9467.24 6748.99 5996.33 7438.12 
8661.57 8161.02 1781.91 691.458 1575.73 767.444 3606.11 6000.72 963.35 1195.37 
953.694 5703.39 3077.17 97.8632 6996.43 1178.2 684.943 1490.66 5319.4 6156.9 
1192.07 8751.2 4104.58 2626.32 781.611 7250.42 18.2719 248.835 3999.39 6014.6 
7686.96 2660.94 4175.61 9468.86 3352.39 5751.34 236.29 6958.51 1752.04 1199.64 
8153.88 2705.73 6903.03 1231.03 2803.59 3899.45 2409.23 3488.53 5390.11 7728.63 
9645.44 6582.18 6479.81 3750.01 9208.5 7261.42 1000.41 9226.77 7510.26 4999.8 
5241.36 5197.2 7660.74 9416.97 4666.04 1013.11 5168.28 4902.33 7971.62 6920.32 
6101.98 6125.48 9626.05 3004.99 7356.51 2429.62 6904.44 9765.74 5918.16 2294.53 
7494.35 5563.58 8876.71 3974.15 9313.59 8085.2 1235.55 313.98 7311.95 8745.81 
5313.78 2553.29 3942.99 2974.5 1970.24 8609.03 3987.61 7138.52 3511.35 1959.21 
4058.83 9613.32 8084.69 3684.86 2618.3 5441.18 6114.48 9522.74 5206.91 2032.62 
1817.26 2701.24 7596.2 693.954 6675.39 6909.77 8779.15 7910.94 7223.75 6091.08 
6656.73 2537.51 8644.38 599.698 5512.01 614.599 9208.73 9499.62 7753.12 2720.06 
1458.81 1811.93 2333.37 9543.5 5496.79 4951.67 4984.67 1611.25 4474.39 191.558 
3643.88 6291.65 2892.8 1240.06 6985.6 9568.19 8149.83 5764.73 7479.11 5373.57 
1855.8 4135.82 7911.09 500.16 4735.52 3423.08 1114.76 3944.23 2922.68 8867.88 
6664.29 4381.49 679.799 8997.66 3924.98 6176.59 3949.31 8909.65 7787.84 8423.7 
9101.21 1431.7 4715.33 1993.99 2671.77 1700.91 1562.16 821.584 7465.65 9041.27 
6195.16 9321.45 3177.07 4106.22 9821.61 7912.59 7529.3 936.352 1856.8 451.968 
9804.24 8521.09 4833.46 484.017 7518.74 8758.44 6660.61 1468.03 7668.08 4448.43 
9891.72 6769.27 5880.14 4607.03 8763.26 8551.9 6307.95 325.399 9373.49 3773.58 
9366.67 5568.63 3095.01 2543.72 9674.85 2916.6 456.293 7204.14 3852.96 2313.1 
7656.1 3657.17 834.175 2489.55 4141.19 8352.91 1247.98 801.779 9820.94 8916.05 
5250.21 9712.64 5685.3 1130.33 4319.66 4448.54 9682.24 627.593 4773.94 9055.71 
4401.17 4140.59 4624.31 7496.18 6684.31 4299.15 412.769 7140.6 1503.27 4265.72 
9453.7 9159.37 7922.9 287.859 1648.9 2064.07 8640.77 2896.88 2865.85 8461.69 
1812.91 8116.06 8174.32 7498.21 9246.4 2493.96 1946.74 8928.61 3121.56 6720.68 
7984.3 7522.73 861.251 2608.6 5018.89 7545.56 6907.74 5431.66 4686.15 8411.01 
9697.39 4139.83 7570.36 7620.27 4427.69 9219.26 9684.34 3068.45 2116.12 2550.17 
1530.12 3929.04 666.221 9704.44 1427.23 9912.62 2198.39 3373.97 8841.21 5319.95 
94.6351 6825.5 2842.66 955.887 9434.09 7861.55 8501.45 6341.82 3293.2 3187.58 
4752.82 2990.57 7327.41 2323.16 610.821 1755.09 1542.41 295.145 4823.53 3658.53 
2845.32 6353.65 7587.57 3511.54 6058.08 9014.8 3424.14 8256.46 2388.76 2265.33 
3576.39 2483.4 9090.83 6419.05 3439.28 8524.91 4280.58 1940.71 4866.71 7573.78 
5128.29 9619.53 564.335 2455.69 1942.67 1175.16 4210.78 3485.08 1470.3 9034.31 
7143.62 4315.62 5387.95 4731.17 7827.16 1446.01 3745.96 1251.28 9702.47 6134.72 
3516.62 3278.84 8618.11 2607.43 9697.89 2057.38 1132.32 3978.46 3998.09 5999.03 
1552.23 9126.38 5618.55 2116.56 1582.06 7561.22 3291.72 5792.84 1046.29 4762.02 
4827.13 8189.9 9077.64 215.064 2921.06 6904.78 1661.07 6667.01 8156.07 1363.52 
2801.71 1672.66 4642.37 1419.8 4280.09 4340.24 3477.18 5412.41 8318.71 7475.27 
1411.43 9870.93 6601.64 7029.98 1987.48 8183.7 4591.18 5279.2 3976.52 5637.47 
41.201 8803.65 3827.36 9118.84 9018.71 6748.41 6023.61 679.769 3415.41 4179.66 
2043.29 6217.12 5852.32 6685.66 7636.92 132.396 1025.89 1114.09 5544.81 9344.59 
8589.36 6956.24 9215.51 5190.98 3986.2 1202.97 3374.66 8577.38 6482.17 7351.18 
4214.84 6523.37 6154.81 8042.19 5642.19 5173.51 4790.59 1665.79 5853.28 8206 
5845.44 7896.57 4423.1 1697.75 4582.21 2060.01 1830.14 5608.1 3174.09 7374.95 
4952.68 1763.43 4331.17 4168.17 6954.41 8317.37 5371.14 329.052 6894.73 1853.29 
7680.23 1109.55 8376.66 3835.02 9151.75 4018.84 9008.53 3942.32 5684.62 4861.8 
2148.3 1530.05 2758.35 6571.4 3227.8 7340.56 8631.41 5057.94 2948.65 1805.48 
2432.87 7901.33 3568.92 6764.04 2069.48 523.307 5081.4 7440.62 852.359 1976.11 
9293.91 8532.59 3085.66 7670.56 2367.6 2237.39 1689.38 1376.11 6179.72 7374 
6237.91 8328.02 8904.05 8996.26 4899.41 2131.83 6336.81 3530.8 7189.77 9285.46 
5336.29 9622.64 7186.76 8905.2 6386.67 9256.25 9428.51 1468.04 6696.85 280.85 
3444.16 5990.75 8813.44 6529.82 3661.28 1181.02 8767.21 5350.66 2557.13 4946.91 
2724.65 8795.04 3274.92 1628.68 7791.28 8174.32 3760.51 4128.07 1705.11 950.261 
3413.51 7041.4 572.884 600.254 5946.58 6959.55 9856.5 5375.07 8427.59 6553.33 
5655.92 1871.73 2544.06 4469.34 8401.55 6205.34 5650.36 7168.75 1555.99 8207.49 
2115.64 4280.64 7002.51 5390.56 5909.32 4793.77 3564.87 9669.83 8921.84 5269.98 
620.07 2335.33 2311.35 1192.95 2935.58 8257.93 8152.5 2792.07 3632.99 6580.08 
9345.4 9288.91 8451.81 1889.44 3758.23 6853.34 8094.78 9408.59 4022.07 9650.77 
7616.06 6137.71 3931.39 4618.55 1528.25 9840.71 9412.32 5093.12 9510.52 8334.15 
363.079 130.569 669.457 2674.43 1323.52 3605.04 932.351 9476.03 6397.11 4565.34 
6056.09 5742.49 3854.23 4507.88 7631.92 7612.46 1361.2 5726.69 7021.04 5383.27 
5377.45 4637.08 1520.96 9308.84 9255.63 3049.22 9149.53 8667.94 8142.34 8660.02 
7002.07 8505.42 8790.59 7671.52 1179.83 114.1 1276.55 2112.19 9590.13 7673.65 
6677.52 5646.2 3416.12 531.737 154.055 1048.03 8144.2 1515.26 6774.72 5165.22 
6898.52 2152.15 9802.3 8419.49 1460.97 9057.91 1468.69 610.478 7725.84 9611.03 
9270.5 4727.89 8116.43 8061.08 2399.39 9296.26 8175.18 3675.94 1408.43 7765.29 
1349.58 8085.95 3411.47 4765.7 8617.69 3565.52 5813.73 6761.87 5080.78 2588.44 
1927.07 1979.29 4740.59 1729.36 398.757 6201.56 787.253 1867.45 6812.04 8513.09 
1478.46 6082.52 3240.96 9594.88 4143.58 5640.35 8891.13 2318.75 9316.3 299.542 
84.0172 665.859 8385.5 3495.48 5431.56 7003.17 7061.01 1245.28 3765.03 2141.77 
3833.72 5692.1 4121.05 8574.31 7421.46 4519.81 4775.85 8208.71 6387.26 1587.87 
6721.78 7865.71 7670.39 9962.74 7460.58 1813.96 5603.08 6351.69 4132.71 4919.36 
6651.23 4216.72 5585.22 5036.71 7712.21 1016.76 2039.86 4773.2 2262.04 5804.89 
6914.96 6095.76 1496.98 1036 4670.05 8918.43 5555.81 9445.91 7127.13 1943.05 
1033.76 3848.9 9808.76 8704.16 3811.62 7269.32 518.099 9414.7 3620.99 4650.81 
4334.04 272.208 8867.53 9919.25 5308.92 6579.72 935.998 7348.78 1352.9 3198.04 
3153.66 8267.87 9293.8 4650.64 9303.87 3963.84 3569.05 4859.66 3409.73 696.165 
6802.7 4443.49 4545.06 6611.44 3147.62 8356.68 3880.75 3665.72 7771.36 7501.74 
8316.53 2105.39 7773.95 7184.04 2024.62 3082.85 3763.75 2960.62 431.619 5116.65 
6158.66 3585.28 3384.5 5452.44 8235.91 2688.35 9416.28 1804.95 7548.01 2825.99 
2501.11 4350.7 7269.47 7046.17 962.122 417.081 5402.84 4842.87 4082.8 3174.18 
2344.59 2399.32 5279.57 118.522 9583.36 7304.19 3201.37 3347.1 264.794 3632.99 
8463.75 6423.45 7218.27 1848.24 1875.88 5454.17 4536.59 1292.14 7259.12 2084.58 
4118.13 9760.23 6435.28 1387.58 6806.39 7397.4 1804.66 2209.21 2240.25 5887.47 
5383.39 4584.84 8286.79 662.947 4703.36 7870.13 7967.14 7904.74 1217.21 8231.93 
1537.71 9680.96 4655.37 8755.98 1529.18 6531.25 4210.13 6065.77 7823.39 1469.23 
8150.35 1941.5 1229.45 4585.61 3329.08 8035.84 1982.99 5133.74 245.028 4223.24 
1021.19 5628.42 8808.08 9307.98 6291.37 3511.43 7178.1 4258.49 1416.15 8395.31 
2490.41 2953.86 8076.26 7145.78 1709.83 9605.44 3677.01 5919.96 5671.19 1500.37 
7389.19 3821.53 3441.87 8618.64 8407.14 6770.95 6654.46 390.113 1904.67 6899.48 
4613.35 2925.86 2527.89 3421.42 2233.83 8819.26 6932.85 9411.93 3077.73 8349 
7807.22 5568.14 1302.84 5883.46 2713.9 3012.66 5488.88 6390.9 8932.62 1160.06 
7891.28 6321.79 4981.59 1333.13 4940.42 3388.71 8104.08 1594.85 3778.83 8.73235 
8494.34 8392.18 2934.6 1022.21 1813.58 5168.43 9841.47 8746.43 4580.33 2919.19 
7095.4 2387.54 8487.33 8398.24 8271 1201.21 1410.89 3759.87 7592.12 343.492 
4919.93 5483.38 6665.29 9901.52 6816.51 1605.69 3290.22 4920.57 3200.54 7069.04 
4929.3 1694.86 5461.2 7863.9 2717.07 7274.78 3032.31 2558.53 6021.19 7612.64 
5477.71 3116.58 0.161846 3965.03 1514.8 8271.16 5166.24 2925.69 2031.01 2758.33 
3269.18 6950.94 8241.71 9934.47 6852.44 5058.2 1540.14 142.642 9978.77 4740.68 
7211.68 4908.05 6435.54 2672.87 2771.93 9152.61 9947.65 5804.24 1711.12 5968.82 
3416.86 7188.84 9085.41 3417.03 1153.85 600.192 1688.17 6320.08 3525.89 3719.18 
9078.42 6795.07 670.106 7320.11 6729.52 7522.55 2378.3 8269.67 7665.19 2357.05 
3010.33 4876.86 7265.1 9445.87 7549.72 37.0208 8598.46 7497.36 5841.26 309.571 
3466.16 9258.12 7498.41 2551.55 2675.13 8652.26 3151.74 4363.3 4972.32 6677.63 
8082.48 4050.73 3472.68 8752.59 1370.82 202.19 6275.12 3749.12 8471.85 3940.3 
6106.17 1482.17 8817.15 3371.26 928.017 6366.86 3408.28 9526.48 3864.2 9249.54 
9836.05 7330.36 8507.65 7334.45 9881.92 1182.76 5986.69 3033.64 5546.06 958.992 
9711.27 3628.53 5009.72 3183.94 2381.1 6380.54 3386.13 8656.23 129.641 1857.96 
2596.51 6235.81 3340.13 1413.64 9607.07 4268.15 7780.5 3015.33 3794.61 1644.68 
2264.85 3630.65 8975.05 772.478 965.075 8856.95 1955.24 6951.76 1890.57 7501.3 
7910.75 1601.83 1129.82 2920.45 4785.76 3510.92 9300.99 8171.89 2167.13 9430.63 
29.8379 4763.64 5666.43 3369.97 6177.28 5273.48 7638.11 3957.76 8288.8 1432.71 
5602.45 553.636 5063.35 4577.48 1326.11 6028.43 3434.41 3281.35 2980.17 5324.98 
782.639 890.905 6926.81 1912.46 3811.36 1712.55 5423.38 3112.33 9884.45 7590.51 
2542.95 9914.28 2354.13 8209.37 3284.23 8531.41 3482.83 922.329 2489.16 1771.62 
2355.03 8091.61 2325.25 7418.39 2669.07 3651.36 3446.8 6103.48 6932.72 6426.97 
1428.44 7715.36 7317.87 8355.25 9627.81 1129.21 67.7849 5051.17 4241.54 9952.23 
2641.67 6784.49 9866.5 4995.8 4993.84 3150.71 3527.19 8476.67 4073.04 6016.35 
248.269 6428.08 4107.94 2573.52 3846.44 6777.01 6224.89 7293.24 2880.47 3157.59 
3720.19 4308.91 872.926 1038.04 2664.14 500.722 2167.25 2731.92 5551.9 6408.8 
2684.14 8193.56 3193.27 2550.61 3189.35 8187.11 5701.33 6716.54 6663.76 9774.37 
2732.87 6912.03 6202.43 6840.81 9485.55 48.8561 3617.8 5710.42 7342.1 6498.27 
8868.01 1062.27 807.158 9740.93 2100.31 3471.29 241.637 4267.56 6203.22 5793.53 
676.343 8887.35 3987.08 3869.61 1437.95 7176.43 2056.7 7139.28 3892.95 8720.46 
6913.63 6625.82 5632.47 3116.04 3466.62 5118 3164.9 7084.42 828.404 506.976 
3582.67 9696.41 1569.24 4389.83 9437.33 3669.56 7861.12 9678.96 7937.12 4064.32 
5472.48 8613.46 2951.65 9459.56 2483.05 4389.6 6635.97 4539.75 1528.86 528.907 
3260.19 8442.49 7154.73 8892.66 1558.52 621.331 4010.65 4723.41 7705.75 4839.05 
5230.39 1288.4 4535.44 6799.63 5678.23 3972.75 469.173 3539.34 3651.7 8406.29 
7603.66 9124.18 7019.74 555.296 8583.72 9502.79 4944.9 5219.68 4042.52 6473.76 
5748.58 7302.72 4916.24 2903.3 6195.36 6474.75 3524.63 205.987 1198.15 1230.36 
5045.04 6428.54 2518.77 9580.48 3228.16 8197 3553.21 3697.33 1736.32 7204.91 
2103.6 9339.98 6329.07 9123.34 9895.27 4912.77 8626.12 4840.16 132.435 2668.62 
1313.9 5881.02 9971.34 6230.14 8784.32 6166.68 2704.88 2308.93 6372.67 3903.03 
3539.29 1417.69 331.547 6058.06 998.151 3559.7 4255.04 4551.36 7257.03 5991.36 
1756.26 9360.64 5331.32 8085.33 8483.96 5226.58 2998.08 7110.06 66.7168 3130.52 
9778.69 1380.62 9011.54 9750.01 7610.76 7795.84 5916.67 315.616 104.756 2289.33 
4218.64 3644.05 3707.01 4550.19 9702.11 4705.16 8109.89 3957.13 9256.53 5366.91 
9948.49 1012.77 4727.53 5279.8 9098.1 3211.48 506.358 2096.17 321.521 573.074 
5226.69 100.19 1953.69 4238.21 9850.2 9564.45 2034.03 5766.86 9880.07 2138.79 
8056.18 4098.69 5782.84 1763.18 8648.88 5484.93 6468.34 6758.75 9442.07 5724.86 
2125.65 9390.54 6737.62 6853.18 4670.32 5835.71 64.6354 5176.68 7931.87 386.156 
5749.75 3158.54 486.346 7703.45 7396.75 336.529 7267.88 9430.78 6103.38 7147.93 
1569.55 4159.55 1246.6 7352.39 5922.73 9895.48 2837.3 2391.05 6654.22 2279.35 
8115.91 8779.87 1669.88 4853.52 5633.03 6340.2 689.205 5697.66 1516.86 8621.08 
6083.82 7266.62 1779.6 6570.17 4970.05 9176.34 6906.69 2237.91 8607.11 3010.06 
9385.84 176.641 7169.61 632.43 7529.03 3092.32 527.897 366.318 5483.38 7182.12 
2645.67 3599.27 5961.97 4315.55 8452.78 1594.98 655.732 9141.99 7292.65 2172.59 
7763.05 3376.45 9439.21 9542.64 9946.61 4409.24 8718.97 6853.29 6647.16 7326.06 
9863.35 6032.98 7502.7 7032.95 6665.41 5031.71 125.253 7193.31 5398.03 5608.63 
4375.41 8043.7 9207.89 337.364 2359.23 7660.66 1932.35 3014.96 6802.63 9224.99 
5187.56 4565.66 2601.42 4626.75 4108.28 2548.02 9036 2827.23 9401.31 5683.13 
153.275 9264.65 1716.1 7655.97 6297.58 8381.51 2687.67 6422.83 5574.8 8085.7 
2031.44 9950.21 6129.38 1239.32 287.559 8488.61 8899.98 2219.9 1503.56 5702.59 
1444.88 6691.11 268.23 4046.3 1317.85 4376.51 6594.31 353.83 7203.75 5995.61 
6036.96 7357.02 5260.24 7753.06 5012.98 1557.8 6134.56 7700.64 7980.63 1709.34 
5786.32 12.0503 1659.54 1915.69 1251.37 1947.09 404.281 151.327 4167 1907.84 
5853.92 5611.87 8598.95 6122.15 9658.17 9916.8 498.643 6252.47 270.617 7702.39 
2248.06 6307.58 5059.4 7508.3 4060.63 72.3555 9066.09 195.166 7773 7046.7 
1904.51 3559.31 7058.75 3564.04 5474.99 8310.12 5511.14 5879.27 8461.45 9678.13 
7787.11 4315.35 5289.99 6386.05 437.477 4948.14 6302.84 936.12 1200.6 6573.45 
8638.51 3448.66 2881.02 3697.89 956.936 6941.64 3770.24 23.012 7136.81 1543.23 
7069.71 9041.32 5102.53 4128.45 2605.34 577.51 2438.55 8116.48 6456.78 899.985 
7794.59 4243.88 5215.33 3084.57 629.909 5652.81 8032.71 6932.74 6588.93 9233.31 
3506.18 5227.42 2681.95 6387.2 8925.31 3638.88 3328.82 2695.54 3661.9 465.619 
4238.77 731.594 9506.94 9341.3 4860.04 2112.26 9918.81 7298.6 228.723 6375.58 
8198.58 8023.32 619.439 3413.9 1107.87 1249.35 9066.71 9140.58 8182.09 5655.62 
8373.87 1688.26 883.029 1055.8 8075.45 9808.34 4694.68 1404.26 2503.86 8356.58 
1869.88 6742.63 9088.17 1376.8 6083.92 3948.2 3489.06 6002.71 1246.78 3717.78 
2378.27 9445.36 1741.08 2997.71 2859.25 2848.95 4247.06 1925.94 1989.51 2429.13 
7581.56 363.359 4117.39 8464.59 1419.16 2192.82 8272.92 6113.84 3597.08 776.764 
