600 10
4208.86 5260.8 2192.78 5512.16 972.19 64.019 7809.01 7414.83 6298.52 3084.21 
8971.37 2150.42 5668.36 3227.95 9368.62 5672.91 3393.98 3493.71 7686.68 1811.75 
2056.32 1928.64 7096.42 1893.54 3558.71 9338.57 9485.17 269.478 1140.3 1470.56 
2345.42 5349.16 6731.37 4538.2 861.296 7703.56 4602.21 8670.31 5118.37 900.714 
1754.5 4089.72 3051.14 7422.86 7317.67 2419.73 3095.76 711.633 5913.44 782.42 
2523.39 7969.76 2711.06 9619.81 9863.3 6269.76 8958.36 9348.45 6539.24 98.6423 
818.998 8884.66 5447.8 7550.36 3422.83 6309.09 5253.9 8025.05 4979.38 372.255 
8925.76 6733.89 4461.98 1976.88 4156.73 1779.63 4396.61 7252.49 2491.26 310.035 
8034.91 5014.65 8279.8 745.953 4634.44 8143.08 7015.71 3592.78 7491.52 3554.94 
3691.43 8310.51 2439.58 9139.22 5860.86 5862.41 5448.3 1114.75 3887.44 427.668 
1487 2813.19 7161.56 5948.98 4790.07 1318.27 7728.61 9186.68 8570.77 219.854 
9496.71 6605.67 5234.5 7776.5 7351.62 9868.94 5919.56 4367.32 3461.71 3411.06 
7922.25 7153.14 1721.56 361.812 6292.34 7582.42 6224.22 1740.63 8697.16 111.645 
2168.3 184.148 2924.83 9329.85 6133.12 7714.9 648.109 3861.72 6901.56 9218.88 
4081.57 6398.26 5824.53 9316.07 4174.74 3176.13 9185 94.2781 7543.45 2646.69 
3505.34 5465.68 9799.83 5226.89 5827.49 6092.15 2809.29 2051.7 7832.78 1506.44 
2163.34 1.05759 1690.58 5088.17 9330.91 7823.71 2803.05 9979.02 1685.41 9704.61 
9197.88 5766.98 6102.85 5022.39 5083.03 277.571 8198.52 4268.01 371.849 5741.95 
6914.7 3877.19 1207.61 6714.51 9104.08 7035.11 2806.64 1913.35 9086.8 639.404 
3419.79 1250.13 640.462 5110.37 6338.3 9971.37 2934.07 9141.36 9950.38 4619.47 
8845.96 9148.24 386.435 4948.79 4170.61 5469.47 5226.36 2369.11 9737.48 5598.21 
8111.06 6652.17 9475.4 9318.67 3366.66 8579.46 6353.76 6173.3 492.791 5440.55 
6812.71 3912.58 6690.68 7453.17 9022.95 3028.97 7424.52 1957 2170.31 7374.88 
6576.48 1016.25 6523.1 6962.91 5965.04 693.694 2432.36 1191.38 3062.81 2169.83 
6789.59 1173.85 8821.99 6264.97 492.507 2188.63 4844.41 6846.27 8361.93 5337.21 
2286.8 5174.62 9249.78 8977.48 2627.77 8272.72 2006.43 52.2749 229.704 4176.74 
7427.15 6806.18 5192.99 3950.24 3769.07 1158.01 4643.93 6201.43 2349.39 7706.74 
8371.26 9138.99 8880.59 7193.23 5403.95 9373.1 9381.87 248.342 6219.35 7743.78 
5585.55 8506.15 2918.38 4835.31 7483.62 5546.15 3108.02 9490.05 5598.43 3337.72 
3666.77 3025.57 143.884 8859.76 6975.8 3912.96 17.751 1619.72 114.374 2367.14 
9326.46 8485.63 1506.12 8207.03 5678.85 6910.06 7580.11 5060.7 7158.4 3799.45 
2804.47 2743.93 2305.58 5722.85 7579.25 9789.2 1268.99 687.25 9279.23 6867.41 
4024.97 2945.98 9892.98 4168.85 1805.72 6868.77 8081.81 1823.47 8488.49 8196.19 
4190.62 7814.93 6681.8 5696.73 6021.95 2360.64 2606.78 3602.04 7421.34 9765.18 
7401.49 225.789 2509.1 9707.08 5948.64 88.3328 9496.26 7217.62 775.583 8775.47 
4085.02 4800.55 1721.43 3977.98 8969.41 3527.16 846.735 7051.2 5350.63 9335.22 
5247.37 9541.25 7150.13 1929.16 5237.97 3172.06 4289.8 7844.75 6774.11 1711.12 
7609.91 4175.58 1936.91 118.995 3882.64 7885.55 207.328 3378.88 5103.15 982.91 
2154.34 9188.17 5783.46 3875.77 3166.14 4752.86 7402.93 4012.87 1804.04 2753.54 
3348.08 7051.41 2294.77 498.197 8980.57 7532.74 3670.26 3270.35 5377.47 444.35 
4981.47 2987.36 4619.93 6918.37 3106.36 8502.58 4803.9 3313.68 1881.44 9907.05 
4296.59 4035.78 9095.21 80.0417 7911.55 2261.33 4832.9 5314.45 6274.21 6636.94 
8067.99 9622.29 3688.33 362.749 120.467 2668.89 7895.49 3790.73 5939.23 3272.94 
4235.08 920.683 6260.3 8855.01 7839.06 9366.65 7357.57 2642.94 2680.32 9239.01 
2549.98 6976.92 3274.77 1645.17 7056.96 1186.3 3906.51 1889.84 6500.75 180.698 
8526.78 4568.73 9802.99 2215.09 4931.48 9923.45 4883.98 2826.95 3714.16 823.193 
6099.88 7949.24 1743.88 2360.16 6804.23 9582.93 1726.8 4161.78 2225.86 4407.12 
3400.78 4775.84 1384.02 6675.55 6421.01 8440.98 7861.84 327.505 330.8 4362.58 
508.203 8857.58 8931.3 311.171 1072.65 3862.76 234.607 5956.63 6689.71 3948.77 
6779.82 2789.58 1897.99 8523.7 5149.74 8702.23 8106.61 6876.54 2863.99 332.455 
1283.65 6264.77 5108.3 2667.67 2940.3 1529.29 1108.64 802.124 1856.8 1439.44 
5164.7 2365 296.995 4095.99 2676.17 1369.65 7958.75 2910.78 7326.27 4648.45 
6859.55 4106.08 7438.03 8757.54 2629.75 2587.75 7459.75 736.35 9464.3 323.725 
1068.81 747.929 6588.5 6177.1 3415.6 9528.79 7706.39 4524.24 330.901 9563.19 
5963.67 5495.6 1928.18 6260.67 9591.59 4604.35 7630.31 7550.32 7515.12 4956.57 
2198.75 4374.66 9062.64 9636.78 3132.18 1692.38 2224.51 591.909 2428.73 1688.79 
915.634 3497.54 2436.72 7504.13 9674.64 5852.32 7032.91 7381.02 376.542 7363.81 
6944.19 6340.21 2859.39 8872.37 2600.86 2450.96 3476.7 231.159 1.27041 991.803 
5187.73 2200.02 5366.46 4250.35 1836.79 8498.64 5942.73 4061.3 9090.55 8371.47 
5750.09 6.16222 1868.99 8186.81 7510.29 1543.61 4039.12 4543.18 8924.62 4415.66 
1906.97 5868.8 755.86 4766.36 4741.15 3356.72 7217.32 8217.84 3587.88 7218.59 
9209.65 8775.61 9418.62 4576.09 3025.95 1255.39 3074.71 8968.68 5316.69 2165.24 
7340.13 1066.77 2171.4 9209.12 9253.58 9681.69 752.709 3292.69 4224.85 9677.33 
7708.35 6131.82 5546.11 8464.21 898.167 287.244 1820.92 8115.49 8505.09 5408.8 
5334.07 7714.72 4184.39 4752.67 2290.79 7210.34 6008.06 5365.49 6179.01 1324.74 
7530.73 3519.12 2391.5 9702.13 2728.22 1645.07 9383.8 3480.93 4937.75 3608.64 
3158.25 2646.08 9740.46 8704.36 1110.27 638.607 8991.6 2931.19 8754.1 7496.67 
8339.99 4088.15 5211.37 2524.37 8840.82 7502.16 9734.71 4848.87 2867.64 5913.69 
6173.6 398.351 9432.81 8565.1 100.462 2161.02 210.153 9484.26 5641.95 5147.91 
3092.88 8800.19 7793.99 2833.32 7504.53 8904.26 3471.93 6496.12 1835.44 2226.01 
3992.78 175.408 6314.16 9204.15 2699.77 5154.96 6706.29 2434.46 3.8104 9573.93 
8348.16 6177.41 9972.28 7780.96 4742.5 72.7242 9941.97 4952.65 9556.99 5583.9 
100.539 2649.85 4384.07 7894.53 5483.17 1888.59 6798.77 8955.1 8384.71 8634.21 
1181.09 2377.47 8809.62 7495.25 1581.6 1509.38 2650.19 8287.89 3943.84 2654 
7861.8 2291.98 8831.41 7834.07 72.9173 3573.89 7906.79 14.8719 8526.54 7463.76 
5598.77 8627.08 113.59 9982.85 6521.59 5596.76 1871.42 3320.35 4551.84 256.111 
1954.54 5732.93 2633.58 764.14 3228.15 4215.18 2273.52 5878.35 2503.05 6217.35 
8532.35 364.838 8509.33 7363.74 8198.9 8582.25 937.616 6105.68 8597.12 9464.16 
3569.42 4195.88 8091.22 3683.01 4178.71 4612.8 9279.77 6050.13 7933.14 3831.59 
6306.24 9887.68 9564.52 8939.81 651.807 2792.65 3154.98 2925.32 8671 5658.03 
9142.68 7203.33 6022.87 7651.99 4567.05 4221.75 6234.23 5504.67 327.411 4831.33 
4968.81 3896.83 9027.21 3060.02 7579.84 3205.9 7672.81 6859.59 9256.03 5605.94 
691.161 5562.25 5493.6 255.66 4502.04 6145.41 3048.31 7657.02 9070.73 1719.3 
3315.03 8213.39 8922.62 9337.9 5865.37 3489.66 3559.63 2099.58 8994.33 3887.04 
6930.91 3963.12 7783.87 5958.1 7023.14 5363.69 9164 4695.93 2223.26 8420.01 
301.852 2914.42 3982.24 5795.46 3170.08 8484.28 1940.85 6218.4 6141.28 1011.56 
7937.69 9456.31 9224.95 6860.3 8794.19 5090.3 349.944 2353.81 7189.88 9344.27 
6240.85 4120.77 3307.38 4024.7 78.8526 330.499 9388.39 9242.85 5026.43 1611.64 
7662.85 5328.28 4526.07 1645.07 1123.72 7696.15 129.329 3064.57 3914.53 6270.61 
4076.13 1852.21 5726.91 3301.07 8712.51 4521.08 8391.37 9062.45 6874.89 5581.23 
8406.71 3115.72 9702 1714.07 7140.42 9780.86 2044.57 6528.8 9023.69 7071 
8140.44 6686.52 2399.27 2666.49 8331.58 3522.99 362.625 8460.91 6587.56 4277.16 
4731.51 663.672 6129.37 458.399 3964.74 4841.86 4979.48 2356.1 3904.3 1854.35 
7937.33 2310.99 4970.07 7639.32 4025.06 2110.48 7420.15 6069.63 8639.28 6443.83 
3140.62 6779.7 3130.33 5539.89 9446.19 1461.9 9062.87 9808.82 9922.81 5650.41 
4085.96 4654.3 6314.09 215.307 5112.7 278.811 5057.17 92.1662 2634.91 8961.46 
1946.52 572.22 1272.44 6916.59 8211.54 5297.5 9027.07 5631.67 1367.12 7666.33 
2075.48 4507.73 4446.02 5205.81 47.6034 3892.19 6667.71 9110.48 3700.99 6590.51 
4760.88 7786.95 1244.79 1074.94 8002.26 6357.49 1353.76 3059.41 6449.66 3988.66 
2020.85 8396.18 4560.88 3293.29 5312.75 2772.4 8590.79 4339.81 8404.07 9957.91 
2006.12 479.539 4465.62 6452.14 5685.35 4513.23 344.315 2353.05 3623.69 4045.31 
8943.55 8384.56 1832.24 188.328 9459.51 9834.5 6545.82 813.245 2893.89 2995.46 
4801.91 4914.74 1391.63 9362.79 8208.03 6704.38 2135.17 6798.8 1044.17 539.229 
6756.69 3050.3 1018.77 1222.29 9502.44 6704.12 5735.52 9846.75 9057.17 9359.21 
3892.04 8000.7 7743.75 5724.28 8189.03 7203.24 5558.76 4734.84 8016.48 8452.65 
7730.3 2818.38 3367.37 9121.93 2181.15 1575.38 5826.29 4316.32 8374.18 6870.46 
4855.55 5130.86 9920.76 5874.32 6353.15 9423.17 2578.42 2088.65 9269.91 1635.57 
1447.84 3161.93 9636.27 9191.59 8886.21 7825.29 6394.81 4444.96 2560.11 4411.28 
2897.59 290.391 7229.66 6264.96 9412.32 9410.8 7840.35 5238.59 3727.11 6214.51 
2109.03 8582.66 1345.35 2029.77 4456.96 7698.51 1452.93 7035.38 9787.16 722.822 
8670.95 1234.98 3884.75 8307.21 426.559 2770.95 6132.48 6821.37 7215.91 8692.59 
1232.64 113.484 8982.98 8462.29 6378.45 8395.28 7873.08 4218.78 3633.85 1600.17 
433.276 5742.88 182.814 1778.63 7772.65 4639.77 9477.14 9225.58 1675.14 9264.28 
9948.41 346.068 499.246 3833.14 8653.27 925.806 6604.09 4785.73 7747.18 3819.99 
3478.3 8979.82 3933.47 2461.26 7442.09 311.902 856.523 5315.16 4530.68 4490.37 
6915.33 4963.96 233.236 7098.14 6742.59 8005.89 1737.9 6219.71 7231.46 3413.03 
5483.97 7179.85 3759.1 5983.21 1012.97 2412.36 6909.02 7617.07 7198.09 4656.18 
1437.04 676.381 3635.98 5370.51 3137.64 1078.06 5682.41 3994.17 6393.22 213.074 
8484.54 3308.53 5177.03 8717.77 406.655 1919.6 6723.65 2144.55 8139.3 3955.09 
5557.59 3623.25 1134.92 9316.69 9606.47 2147.89 1729.03 6515.47 9764.96 8927.13 
1171.63 1201.98 9603.51 4807.62 6572.49 2741.14 5885.67 2254.88 6735.3 2278.87 
2467.96 5219.82 5587.4 7644.99 3937.58 5994.06 9564.58 661.213 8138.61 7703.87 
4616.3 3696.18 1327.11 5751.22 3012.86 933.561 7899.11 4741.89 7449.03 7664.05 
3669.01 8620.67 8866.03 3272.5 3428.27 5438.5 6013.63 9313.94 7693.39 2748.92 
1592.8 161.326 7968.74 7180.2 7806.31 1906.31 3174.24 7370.88 2567.52 1312.83 
5074.74 7183.82 5009.02 6401.85 2935.03 8021.88 7335.41 834.12 2763.76 4784.42 
8498.17 6432.76 3405.07 7364.19 9705.26 6833.34 2802.67 5718.87 6147.26 496.04 
8467.79 7740.06 657.366 6436.52 4920.24 8463.68 8342.83 8094.48 5834.54 910.338 
9407.31 909.262 8094.16 4416.31 7311.11 1029.17 2438.17 4646.5 1863.29 5201.93 
9430.92 361.448 1634.67 2835.98 7725.63 1339.91 9669.32 528.29 7058.79 5816.56 
1024.33 5526.57 3556.61 1681.7 1963.07 8476.85 145.357 305.886 6571.31 5979.9 
1216.22 5978.6 6889.16 9310.39 394.897 4200.25 339.542 2833.07 8846.75 2202.83 
8035 8277.66 2564.28 9669.67 1113.62 289.901 1009.57 782.923 818.191 8068.35 
6599.49 1842.52 3594.9 156.076 3524.22 5557.97 8632.92 3669.57 5863.86 5204.21 
9649.47 7080.08 1182.8 6538.62 6390.45 1577.69 738.851 6730 4410.76 9585.6 
8932.83 2445.74 7863.24 1497.1 2115.4 8976.87 1787 3124.96 9759.79 2605.19 
1193.3 6359.26 4447.71 4788.2 6515.33 7971.92 346.161 5148.24 1641.48 6210.02 
352.434 1290.94 3290.09 1535.23 7829.55 9680.54 3112.92 8568.4 6410.52 7523.69 
8153.99 5343.33 9969.43 6017.22 6840.43 2084.81 4994.06 8627.42 5209.78 4753.84 
1232.6 6403.08 1113.08 5680.3 1191.27 7628.41 3652.21 1537.43 2776.63 5293.69 
7747.45 3129.07 6584.63 1037.52 4664.3 4414.16 718.042 7777.22 2982.55 7128.56 
5300.89 1136.52 2471.87 5270.31 7153.74 9312.3 7355.12 2147.78 7939.71 2564.89 
6901.62 9172.31 8967.96 8014.7 4852.59 159.216 5643.09 8504.8 1696.64 8419.73 
3798.48 9444.09 1548.78 383.093 481.595 6213.08 4797.26 1199.64 3990.29 7779.8 
8328.2 9291.18 8916.32 800.053 4561.47 6070.04 112.337 1916.58 8217.83 8052.05 
4481.47 5119.43 7224.34 3449.41 3134.11 2076.91 3608.63 8777.2 581.699 5305.27 
7196.92 4380.18 4749.35 8745.7 4763.27 5230.95 4958.76 9560.53 6430.58 8949.04 
7340.32 4758.76 8240.21 6256.62 5558.81 2801.66 2326.65 5671.15 4718.24 544.455 
3723.18 9199.71 5663.88 947.5 2649.11 8797.99 3024.41 6257.74 7575.18 3606.11 
1563 4772.08 7986.29 6312.35 3517.76 2749.55 1543.27 8476.52 2310.06 7973.86 
7425.54 9650.38 2732.6 5665.73 5906.98 8291.42 8467.39 8233.63 3962.55 3185.62 
8778.08 7685.73 2385.31 4441.95 8633.23 5034.42 3239.93 1657.63 1292.14 815.09 
5263.74 2855.13 5587.17 3250.01 9167.48 9104.93 5999.56 710.738 7581.43 8309.62 
8684.59 5006.95 7959.98 1417.18 672.663 3866.94 9708.6 9140.06 2100.55 3671.13 
2325.66 878.622 1356.84 4710.97 5320.57 9990.08 9745.39 8560.5 1647.69 1037.51 
9375.59 6911.42 3892.64 4962.74 161.416 3060.11 4067.65 6160.97 3770.84 1649.06 
4470.57 2455.42 6656.01 2430.53 3872.6 7328.67 6297.48 3581.18 6468.71 8398.03 
7252.31 8794.37 9276.65 8609.16 3505.32 4597.21 8599.22 3250.69 3157.69 246.884 
4288.2 2533.26 7158.31 8180.84 7496 7319.72 1240.93 1563.64 3480.68 5011.78 
3212.7 7951.25 7467.2 9868.71 381.772 1339.78 7197.36 6679.25 4920.97 3666.06 
5077.26 2173.26 2460.41 4353.9 782.398 5965.73 8951.11 9381.61 9216.42 2108.78 
9628.5 3504.61 4642.04 6786.79 1685.43 2138.03 4106.49 2926.36 3701.67 7587.17 
7938.14 6914.36 5538.41 5405.32 6783.05 5920.18 6745.11 3980.4 2599.41 1666.05 
7646.46 7676.68 3839.31 106.858 2030.56 4621.71 6072.59 981.651 4003.31 5289 
3090.43 3631.79 8793.6 7732.47 418.558 479.018 9870.5 4525.05 3405.38 3572.15 
2112.21 1343.5 486.496 7650.62 6748.82 7269.55 3570.78 3493.91 1249.93 6170.19 
5159.97 8896.4 3846.85 8999.28 9003.25 5877.41 3620.97 5075.83 6859.06 7624.28 
364.81 9949.5 1256.05 9158.42 7681.95 1674.61 9637.43 7552.44 6199.66 3042.8 
1124.57 8311.87 4386.3 1611.07 5962.47 1135.11 8880.62 9533.25 4629.02 130.532 
5703.42 9788.99 9026.93 9550.28 8788.25 8030.17 5427.67 2409.21 3105.98 2286.72 
33.4751 3470.79 2236.2 1289.53 2629.18 9918.15 2964.14 2266.6 7470.57 9163.8 
5309.4 8595.14 7475.65 9695.7 206.192 3438.1 830.79 9086.81 2971.33 5459.81 
9217.34 8674.76 5248.78 8244.25 8225.02 4037.02 6274.4 3652.67 6446.23 9380.38 
5939.39 6479.7 2851.15 8175.59 7769.23 5480.33 8093.73 733.354 7746.93 5564.28 
9897.15 3056.31 4159.41 7372.79 2752 4365.6 810.877 3582.79 3452.39 3782.21 
9042.6 2669.71 2456.95 4291.36 913.943 681.952 8328.38 7188.34 4334.62 4774.59 
6568.7 274.001 1254.28 9419.85 8449.59 9023.51 4900.16 6543.3 9756.87 2647.08 
2107.56 9654 5703.39 6266.97 7026.78 8455.39 632.55 7837.65 2038.16 4084.94 
1619.85 1080.74 6754.65 4076.8 5372.1 7668.59 4758.75 3700.46 4856.92 9093.38 
8475.06 1425.6 9367.38 9729.34 845.432 7816.95 8752.83 5745.59 4360.24 8509.68 
8392.67 6467.8 8163.67 4096.05 2734.75 5190.43 2551.42 3367.3 3028.07 4589.57 
7452.24 4647.91 5670.31 4206.87 8724.71 1042.39 1875.45 3483.45 4742.86 6732.36 
2576.81 3217.9 8157.96 1944.17 2947.22 9003.39 9761.12 1700.04 4748.97 4121.34 
209.701 3141.63 589.128 8373.37 7237.67 3323.88 3563.78 9789.09 6691.19 6591.85 
4378.65 4143.41 1239.74 48.9381 8350.29 9964.46 1091.33 225.713 3447.89 5834.18 
6958.07 6024.7 9052.08 5116.02 7968.87 1999.28 4119.4 7729.97 3699.32 8868.37 
1851.3 3909.02 2009.98 2440.43 2282.37 9247.65 5764.31 5846.15 9036.72 2455.48 
2437.98 3415.35 6598.9 3677.72 3464.29 4949.16 3642.16 4555.62 5174.88 7090.05 
389.787 2132.93 3114.73 9441.87 7248.95 1083.58 1441.14 1368.33 8813.56 5140.45 
236.681 664.841 9049.47 2246.66 3105.27 1331.83 1494.29 8869.58 7177.98 530.994 
1325.05 9615.96 3946.35 7923.94 3293.67 7410.64 2873.09 6935.83 1966.24 8047.96 
4025.87 2356.03 180.879 7140.6 1797.88 7429.83 8224.18 3239.01 8798.16 7037.72 
8379.47 9034.84 7702.56 7428.92 1281.48 807.816 8760.75 2775.77 9677.4 5938.71 
3306.77 1002.43 5554.65 7253.11 8926.37 8848.32 4663.73 1799.44 5784.13 6629.97 
9847.4 9810 8985.99 28.2628 6950.58 783.854 7458.1 5174.75 4022.87 6256.24 
2212.45 2402.31 5291.07 9915.02 9831.24 6572.55 722.816 8591.97 9348.32 400.197 
4530.66 2655.07 1402.62 85.2929 9908.19 328.974 8933.61 4571.9 2128.41 4717.73 
1201.85 1975.79 4527.71 187.828 2004.06 1478.27 971.682 9462.15 6653.02 4994.55 
5718.38 8865.47 7396.86 1009.43 8780.47 7228.08 7581.98 9503.29 5820.03 6930.29 
9903.49 350.674 9585.36 1306.09 435.967 9493.53 1635.07 9369.58 4065.41 3763.48 
4087.29 5267.26 5739.27 8614.99 5455.09 7743.33 93.2499 6426.77 7205.46 6746.27 
1421.31 2923.82 5611.72 8818.17 3933.25 4392.18 6046.24 1515.22 3895.45 1866.25 
8445.51 3798.92 2216.92 8030.85 5105.01 2652.89 7524.36 6740.08 2022.45 1589.76 
503.537 6109.74 6857.02 6242.81 4724.72 2312.1 3986.12 4817.97 8738.87 1191.57 
1564.22 160.161 4115.39 7175.94 8978.33 8048.65 1568.11 5024.55 9563.86 5463.56 
6890.8 8009.35 9262.48 9107.72 6040.19 4367.48 1760.6 3564.53 1107.54 3783.05 
5154.29 1611.07 9892.79 2011.3 7853.88 4617.49 4323.4 1839.98 9435.46 3062.25 
3031.55 999.659 3222.41 7146.94 8175.6 2200.73 5195.57 9743.71 7225.28 4759.42 
5207.25 4116.06 2768.75 4469.72 3223.77 8808.94 8837.19 4984.37 2373.46 9944.73 
8767.42 7527.75 1555.78 8660.19 9539.05 9409.66 3277.66 3862.44 1249.63 2713.1 
6924.69 4281.18 3712.76 147.088 1428.11 1888.35 2347.82 6623.68 1632.04 9573.09 
1383.08 6839.29 3689.13 4151.83 1308.99 6912.9 2960.76 146.165 1897.25 5334.21 
90.8752 664.65 2861.95 1646.66 9324.84 2400.99 1056.3 2602.49 6263.43 2305.93 
5315.59 3188.1 6587.11 9028.35 3335.19 8015.22 916.68 5683 4638.88 2548.72 
5256.08 6021.95 9388.01 8945.21 173.769 696.986 5858.1 3134.52 843.152 7755.35 
8468.74 934.027 8420 1330.67 2580.68 7744.82 3731.66 3636.99 347.288 9995.09 
5942.92 5662.88 3183.17 2530.01 4691.21 6518.36 545.214 5607.89 2201.35 5184.09 
8156.61 7457.42 1206.03 7544.61 6402.62 1379.8 8241.59 2260.7 4514.32 9084.74 
16.0288 2983.04 18.7537 8436.03 4313.72 2599.44 6180.83 8045.38 6236.43 6528.12 
8040.46 2179.33 2190.98 1223.62 4709.34 6882.19 7741.98 5254.56 2490.06 9943.32 
438.63 646.653 7400.73 1644.66 8191.26 3803.34 3024.46 6432.83 6064.03 7538.78 
5517.56 6080.06 521.806 5536.31 4516.07 4835.53 8135.75 696.882 2880.89 4372.16 
7225 921.335 6551.49 9415.98 2144.95 1260.81 6298.14 9886.93 6515.37 8788.21 
9830.24 6954 9434.86 7230.95 8598.66 7626.1 1034.27 1623.1 4058.92 7098.31 
9161.87 9576.47 3178.35 9683.68 5112.77 7694.42 4519.19 3248.51 8391.31 7400.08 
7620.67 5616.29 8321.42 4172.14 5032.25 466.352 5432.95 1330.37 353.264 1948.3 
118.561 183.483 8902.3 9553.42 7414.44 7500.94 7179.5 8448.71 9124.04 1238.4 
5547 8285.89 814.857 8725.35 7969.56 5927.63 6419.75 2488.73 9176.13 4811.04 
9888.81 6796.78 427.314 8210.21 968.902 5459.56 8676.56 6401.85 6789.93 9029.83 
8350.15 6908.49 9213.31 7252.44 6461.9 6627.73 4753.36 3641.38 5076.42 3877.38 
4879.78 623.396 2163.25 5694.64 9348.74 132.788 1622.25 5768.48 2621.52 798.362 
579.506 2510.31 7595.14 1006.82 720.502 8564.05 6466.38 9397.06 4965.88 3256.3 
8426.87 3316.02 164.774 7640.17 568.434 6626.67 4267.88 5321.79 268.032 9344.29 
9199.17 5147.81 9967.69 1362.4 842.429 9316.42 1495.19 2464.67 5084.88 4116.7 
3263.04 5664.38 6627.01 858.164 6671.2 7347.51 9422.21 3137.57 6744.56 4388.07 
6393.86 5171.42 7704.09 6558.64 2811.57 8272.52 3185.29 7079.45 3594.3 3453.32 
6423.72 2793.45 8601.13 6391.4 4155.84 9443.56 5707.8 5651.03 1908.22 792.656 
9767.74 5171.26 6457.04 6394.73 6029.42 3128.23 3742.23 5451.61 6265.8 486.774 
9839.69 2659.64 5658.19 7543.76 9218.28 8469.76 5816.27 2403.55 5549.19 9410.56 
5856.88 1972.9 2203.99 4457.99 8364.29 6359.84 3901.54 4072.07 2010.85 5809.76 
4864.73 1778.57 980.996 1321.75 8173.3 7010.42 4449.98 1915.51 2462.01 715.756 
2402.29 2301.68 3375.4 8060.48 9845.44 2593.66 6530.23 5661.69 4997.21 2079.4 
5072.24 854.073 4052.29 7276.23 5312.06 2416.57 3636.05 9213.6 6488.64 5646.9 
5023.34 1353.35 7425.47 6004.34 2675.1 5598.76 3014.73 7125.07 7514.27 5476.75 
7840.83 9916.56 7778.43 1216.21 7977.03 7623.85 3809.87 4507.23 3285.53 8807.09 
6586.63 8357.77 9661.16 638.908 5633.98 4973.21 3055.48 9270.03 4186.79 9544.11 
4916.92 9210.13 897.443 2342.37 5214.45 3572.54 7941.13 8229.18 697.595 5455.39 
3705.92 8538.42 5371.94 1484.33 9754.64 3348.95 9108.18 3564.49 7856.18 2393.69 
2371.56 4442.8 751.442 2032.7 5081.7 6385.42 7005.91 8137.18 5655.43 1192.68 
7681.28 572.331 402.796 8578.72 2914.7 5617.25 2151.24 855.82 3846.41 2848.84 
6311.21 7552.33 1387.24 1683.13 9036.66 1141.86 5032.08 8144.82 4706.35 2888.24 
538.497 7077.92 7331.04 1289.94 9110.62 2412.72 7675.36 6116.51 549.886 3330.78 
7309.19 8231.16 3903.11 7711.99 6809.87 6817.81 3329.22 8961.11 7673.63 7175.63 
1809.93 3984.83 4727.94 3197.17 5667.95 3764.58 4339.03 700.013 1909.39 9045.39 
3588.25 2447.89 6123.29 919.27 3737.82 5233.89 3331.99 1413.17 1350.38 3881.88 
4743.94 8659.57 2113.02 8647.05 6371.54 8922.89 5464.85 9700.76 7883.98 3138.46 
6876.38 9693.91 7123.28 1604.3 2891.06 2791.22 5368.89 7230.09 3491.24 7278.28 
6275.46 7079.49 9726.16 2398.73 7998.76 3463.97 7632.62 1330.73 4877.14 8983 
5212.61 9621.08 7642.55 7325.63 8268.11 4014.08 6248.51 3732.94 3714.82 4132.47 
6871.4 591.178 3826.36 3994.67 2195.48 6717.42 6785.89 7564.37 3947.49 277.108 
4842.63 222.94 7356.6 4568.77 2621.67 5355.33 8032.74 254.277 6686.07 2909.86 
9237.28 1898.66 2530.92 6879.81 9224.29 799.015 893.872 5472.78 4531.96 4608.69 
9605.25 1403.34 5199.87 3431.59 5398.01 7395.35 148.989 2183.88 4959.7 4096.48 
2460.99 9802.33 4319.42 9817.58 4371.08 6941.1 5172.9 2403.8 7195.37 1858.95 
5313.66 6432.63 3757.61 7844.58 3312.42 2981.88 8643.6 4206.3 8454.67 3175.53 
8814.99 8059.9 4578.87 4014.84 1491.47 9976.88 1410.18 1640.46 2160.74 6369.88 
5736.94 4621.73 6172.19 56.3461 4439.29 543.257 6997.44 9612.19 2947.06 4192.8 
1471.12 8260.72 625.409 5228.73 6105.29 3937.83 8210.62 4748.87 8144.13 6665.26 
7924.4 6959.1 4725.14 2503.26 973.93 6216.62 2480.12 2384.11 7857.07 4640.86 
8753.99 3594 9262.59 4926.16 3650.35 3701.87 5469.42 647.769 3314.04 8416.48 
4840.57 4785.17 6677.19 5465.97 13.8806 2782.46 9403.81 8224.5 7531.33 7547.92 
4889.74 5455.72 4507.01 9614.89 7958.98 5480.94 5831.49 439.082 7865.05 3688.54 
5079.94 6619.02 7282.54 4342.52 1545.16 932.871 8044.38 7014.58 1580.64 1358.41 
5431.05 6421.21 6143.57 2108.22 1887.16 6157.45 4890.68 1290.96 4381.93 2421.99 
8838.88 9271.68 7877.71 3345.87 8886.55 5836.67 8826.81 4718.02 6275.75 6691.84 
8406.56 1355.68 3310.84 5689.09 5698.2 4856.01 6621.96 3742.56 1870.57 8202.6 
5100.97 7301.62 4623.79 1244.52 9409.84 6510.95 7401.98 4300.51 7801.9 1783.89 
6722.5 6640.77 1055.55 4600.19 9986.64 9942.09 436.846 8813.43 4660.09 6712.6 
5505.25 3066.64 8068.28 8816.1 8755.72 3766.46 3672.09 5377.66 7509.02 5542.66 
3580.24 2609.97 2844.27 8204.03 3854.5 2254.09 4714.96 1256.45 6554.6 2516.85 
3040.34 3277.08 9157.61 4095.89 7877.28 9144.23 4037.97 8314.12 7957.64 8698.06 
5026.7 3462.88 1764.68 3094.97 2278.96 520.389 6861.42 5951.05 5898.05 4370.43 
1493.7 9478.29 6980.4 4337.97 7682.31 834.877 6592.06 2397.25 2091.33 3146.65 
4914.1 5131.67 6423.73 4071.69 9227.57 4300.99 3215.9 3265.52 2615.09 1173.53 
1963.56 7641.8 4636.41 3728.25 736.747 6915.38 4248.64 7598.17 2866.41 146.672 
1968.58 4360.11 9624.97 8948.98 8698.08 7307.26 9783.86 5290.12 9704.5 1875.17 
8436.77 4618.58 7006.84 4860.48 8690.27 6234.39 9161.47 1906.16 9499.91 1776.55 
3079.69 1463.46 9418.34 7716.11 5191.71 155.074 4631.47 9440.34 7753.24 7497.88 
9587.01 9721.82 1857.97 9211.96 8670.78 556.035 6519.2 8454.62 5846.16 6223.69 
329.773 4282.91 842.256 7336.62 9143.39 9532.53 3570.99 8304.84 1438.67 3070.88 
81.3651 4518.36 4534.34 9499.71 2234.45 9726.05 9654.78 6865.92 9166.37 7408.01 
4363.78 8753.37 7129.81 6221.76 7965.32 5800.58 6777.79 4484.5 4255.19 2623.93 
708.177 4584.96 6906.84 1550.43 1921.56 6050.21 1082.94 5492.55 4355.03 2521.61 
8563.43 4436.39 7039.98 3097.75 3936.08 9274.43 2823.78 3590.85 6140.33 1990.14 
998.841 504.097 743.492 8128.66 6725.85 8708.81 3929.22 3503.63 3193.3 8184.41 
6127.56 3901.47 2769.35 3034.38 5451.91 4690.9 9084.58 6534.85 183.432 3439.59 
9056.46 8746.86 7875.98 6096.42 1844.6 1812.05 5370.84 4668.38 5402.9 1511.15 
6658.52 6401.74 2015.25 7402.01 4530.38 8741.1 6110.81 8459.6 2244.71 9304.1 
6643.99 8372.27 3205.56 9413.33 1406.63 8657.47 4104.22 491.199 5192.3 4287.65 
3930.79 4248.74 3034.49 1806.76 345.152 4879.09 3618.8 5715.99 9547.48 9021.7 
7227.14 6205.98 5423.42 9242.39 3607.98 9953.8 7983.48 9718.79 8413.38 228.176 
9022.87 5057.35 8600.45 2228.42 4470.66 7.06344 885.864 8574.88 498.262 6078.16 
2862.51 4429.05 326.889 5897 6235.81 672.041 776.079 9854.61 6388.03 323.538 
8876.3 3615.16 6529.52 4299.7 2857.53 137.482 4253.48 840.994 9856.27 2666.84 
1069.17 8879.12 7724.19 9669.62 1107.52 2194.84 9676.68 1993.39 769.7 174.927 
8071.55 3632.21 4603.98 8398.44 9529.21 839.772 9070.48 305.276 694.367 5458.49 
628.815 9570.66 9073.65 7158.33 3870.35 1931.16 7295.82 8123.83 2772.16 7152.07 
790.658 3841.33 6031.18 8514.85 3510.93 7138.7 709.673 3187.6 9132.09 1479.37 
3362.52 7203.62 5111.58 7966.5 5602.04 4640.78 8806.27 4672.5 4946.06 9500.64 
130.98 5574.87 9071.29 9204.63 2733.19 2941.62 1135.78 28.9882 1065.43 3907.94 
7181.06 1856.09 7749.26 3212.21 370.922 1260.18 350.895 1080.59 4447.77 9482.98 
2559.97 7810.3 6686.58 7671.55 5776.78 2288.61 2312.32 4583.04 6961.11 7258.37 
4083.66 7092.09 2833.23 3154.94 6296.7 5566.42 6096.55 7432.48 5595.4 7161.98 
1340.4 2776.44 9018.07 9089.66 5988.66 9389 349.821 6339.55 469.573 4797.59 
5822.52 3029.54 2607.87 2509.08 701.076 8384.66 4797.69 3013.39 2967.68 1758.78 
271.746 7051.35 8850.87 3104.97 206.264 5147.55 8671.39 6302.82 2580.01 4266.77 
3464.79 3920.41 7043.22 2482.84 3010.05 3031.85 1871.82 3359.87 9371.41 2341.39 
8157.47 5193.91 5370.93 765.325 7702.99 6072.01 9149.98 2500.66 9085.4 2117.65 
4259.44 9357.15 9168.99 3110.29 2462.1 9375.25 8257.84 1133.47 5678.06 837.84 
5400.25 9142.84 4758.25 2443.44 1625.66 7768.3 5475.3 3497.48 1128.16 4846.69 
5838.88 9285.62 40.5793 1209.79 50.9302 7743.57 7281.8 9200.91 244.211 6367.19 
1318.54 4503.65 5724.32 487.513 7613.94 8186.42 9862.77 5871.77 9319.89 5540.81 
6709.61 4720.12 4683.63 1467.84 7163.57 6309.29 9236.14 2638.85 9806.78 364.278 
7485.54 5645.64 9649.9 7526.12 6855.43 9700.83 5269.67 4137.22 8901.73 5513.88 
504.388 220.249 17.5144 6228.71 707.762 7631.46 4415.11 570.513 3503.21 3734.98 
6111.32 212.801 8455.11 794.932 1680.64 5618.66 7104.23 916.765 8257.5 6910.99 
1281.04 5743.03 2556.61 930.926 3269.13 9412.04 631.74 8538.8 3549.24 9533.47 
4052.66 4053.63 9753.71 4070.18 282.315 461.46 1701.62 4697.42 1031.97 5204.83 
8432.41 7143.29 5417.63 6887.49 7938.22 7098.27 2506.13 5042.43 8015.03 763.621 
1953.4 9296.08 6506.65 4510.01 226.986 9775.78 3922.03 858.726 8314.56 7471.27 
392.175 2367.21 1524.88 145.872 6437.38 1807.2 607.332 8139 6504.62 1639.31 
3343.81 4937.01 8782.6 8761.44 1824.49 6720.8 5859.69 4330.62 1763.22 3874.71 
5094.24 3716.62 3170.77 1600.87 8226.63 3397.75 1376.63 2148.65 4256.48 9691.19 
9619.92 4648.65 2058.38 1144.78 4794.53 8495.76 2951.98 5401.86 6634.75 9456.59 
7041.16 9978.56 4393.59 5823.74 8739.98 6218.07 2544.53 4599.65 548.672 4307.75 
8474.36 5642.91 8024.37 1645.11 7243.78 6250.99 5042.86 8620.41 8399.64 9299.34 
8311.58 8019.54 3947.98 369.944 9164.32 8742.5 8865.71 2116.28 4144.34 5500.44 
1572.86 1185.49 5478.98 5966.45 7009.23 4218.94 2184.5 9553.77 8818.59 2733.17 
3861.5 7292.93 8376.08 1885.86 8938.04 5619.84 8136.85 3980.88 4240.24 6536.47 
3280.2 2551.8 4555.99 7228.18 2921.75 3720.3 5970.66 1787.44 5836.58 114.99 
7287.87 7409.44 1300.48 2766.83 3375.87 8309.71 6985.77 5560.37 7863.46 5804.34 
8293.54 1724.95 3097.25 6669.6 3610.8 2035.27 2289.43 1747.63 6016.15 6529.67 
8284.1 9296.35 9081.47 2840.08 6524.52 2003.2 6560.37 2495.17 3790.64 2396.94 
2610.16 1078.49 9806.38 3910.64 3845.32 3182.23 2220.33 831.068 8742.6 83.7777 
6635.41 7036.12 1808.72 9732.65 3705.71 5419.53 1767.91 5995.14 7167.16 7784.06 
2524.79 5451.24 7080.39 1606.24 8291.32 3604.9 3609.44 4851.68 6100.06 7400.08 
7248.61 8710.22 8478.57 7054.97 2620.84 2323.87 237.183 4841.17 3154.94 8979.78 
4924.95 9790.34 6015.88 6733.67 9522.98 9721.59 2153.18 1290.87 5716.71 9320.34 
9074.93 8241.5 4771.56 6155.31 9847.75 3062.87 9760.2 3457.17 7914.55 5860.25 
857.237 5163.14 4570.45 9335.81 2218.1 7191.28 1659.66 2455.28 2032.43 4814.6 
1435.04 6957.38 4604.93 7450.93 3691.03 4127.89 7172.5 5844.21 5418.76 2889.19 
5164.53 4493.67 1130.68 9936.1 648.963 978.409 2998.95 409.148 4435.58 913.477 
6269.39 5292.82 6076.62 839.825 4628.61 8294.72 8031.11 6288.27 749.984 63.5259 
1102.85 2185.03 7020.91 5707.78 9635.96 711.924 9835.67 6808.44 6556.14 5254.41 
9697.63 1720.65 9748.09 828.291 1656.73 397.035 1806.7 4655.68 806.183 6242.28 
5569.15 7075.58 1535.09 1645.76 7915.4 6163.7 9940.48 5946.49 2451.95 690.443 
6010.02 3554.8 2875.47 3030.91 9262.58 2511.41 3742.83 9098.23 9319.85 298.954 
4352.63 9017.46 2019.61 4100.7 9845.75 3676.34 4497.73 1652.43 8332.01 5303.92 
7894.72 3901.15 2379.48 9429.8 5546.91 294.864 5593.48 5487.37 6241.36 8045.43 
6177.81 2251.36 1600.22 9053.28 5282.27 862.778 1564.67 9025.1 9961.01 884.502 
9324.06 4313.62 9901.96 1343.65 8414.32 9747.69 5019.98 2912.04 1400.11 3351.98 
8215.96 9294.83 7253.13 595.419 8724.61 2800.02 890.283 4318.08 8287.39 7131.64 
2363.5 4465.18 9383 3963.71 3518.44 4665.25 4826.49 5083.12 3690.34 4787.48 
5967.62 3014.38 9101.1 5869.56 4358.03 7515.41 5617.24 9378.01 427.43 7017.35 
2729.97 8643.39 6312.15 9983.1 9238.81 5036.75 2783.1 129.072 9354.83 1070.47 
7260.71 1718.31 5535.65 6643.7 5682.02 9054.09 1308.93 508.492 4137.19 4999.27 
5295.97 104.792 8013.65 4397.06 5974.35 2371.66 1912.45 1591.57 1749.65 2339.88 
8608.92 4479.62 983.251 4921.06 4462.7 222.04 9957.81 7245.8 351.113 9312.62 
8316.28 7611.82 1030.91 3851.91 4255.5 6712.93 2905.99 5564.43 7221.42 7043.18 
563.688 2517.38 7147.97 8577.34 6914.44 3122.31 948.982 8826.89 4713.88 2698.63 
1166.75 3322.78 7178.25 2150 8243.84 1640.94 2372.04 8201.63 8886.74 2723.16 
7514.23 7203 334.965 8545.14 1054.9 4590.47 5258.05 3960.89 154.886 2479.45 
1004.05 718.574 4996.83 8152.02 9295.91 1911.25 1274.31 244.877 738.121 5988.19 
2943.51 1904.87 9310.97 121.746 4054.88 7554.79 1762.68 6426.92 5756.4 649.41 
9150.08 3270.61 7852.41 9485.04 1815.73 8907.31 4075.5 7073.78 2868.18 4230.38 
9553.23 3872.23 4948.95 4550.04 2024.23 4244.85 6461.29 3298.54 4489.73 7199.42 
9286.74 7433.24 9104.29 8597.69 7554.98 3159.15 6152.47 9317.67 9586.07 1908.85 
9967.08 8736.14 5179.46 7819.47 8221.16 6995.2 6726.77 2296.64 4068.96 9594.95 
6527.02 3622.17 3467.16 1475.96 8172.22 5491.39 5720.81 4633.5 8789.93 210.519 
1832.89 8076.65 7643.76 937.167 6674.33 5198.72 4096.32 2826.78 4516.37 3682.37 
4735.63 4483.43 2418.49 9915.09 2302.89 639.637 6910.27 9029.66 2936.28 979.211 
8624.59 9463.3 4601.39 2091.73 939.241 2773.59 7583.12 6660.05 7407.08 6373.03 
6870.57 9239.98 4449.67 4514.31 177.126 1123.97 9713.03 4273.44 3950.75 4229.39 
7955.82 8686.38 8712.82 374.291 8601.45 1015.69 1013.93 5511.7 45.334 3950.2 
6490.91 8669.92 3413.49 1092.28 761.63 4352.73 3865.87 8344.75 1012.76 1272.93 
4717.76 7883.33 512.894 9167.43 2397.62 690.02 291.384 2110.64 4963.46 4242.13 
6340.02 2919.26 2928.49 5052.83 3293.55 1529.93 6068.52 4307.48 7041.63 6113.85 
8257.68 3532.53 4783.76 1671.15 4624.81 5545.39 6023.88 8490.68 3890.12 7036.64 
9763.61 8607.88 4919.95 276.492 7775.29 7317.57 966.512 8066.67 9428.21 5929.97 
2308.79 5768.22 8849.24 5237.28 821.025 2142.77 6767.21 6889.55 6450.25 3808.82 
3003.38 4707.92 7341.35 7787.14 6379.07 1966.15 3332.51 2402.94 456.808 7222.63 
9439.58 220.406 5830.49 4359.52 496.897 3605.76 1677.07 1463.41 1672.41 1105.27 
7393.38 3981.2 6873.48 6242.6 9218.49 7694.51 8385.37 5985.68 4584.04 4835.61 
9794.51 7587.42 9543.53 7135.84 5374.54 5922.59 9101.99 8707.06 8325.53 9558.79 
5929.67 7765.09 9779.2 1760.14 2124.59 276.081 5365.9 3801.66 1739.49 7038.31 
4906.93 9132.87 1019.5 1780.4 5375.46 237.97 9474.91 3760.82 6223.65 4058.93 
8596.43 6018.14 1646.33 8139.94 3153.96 7020.87 4062.51 2255.93 5727.91 2388.02 
1814.71 1657.56 153.09 1593.9 3417.7 2277.68 1869.98 8783.6 6079.34 3609.47 
5821.9 986.26 2742.32 6841.4 2766.66 8117.78 7079.37 2241.55 1878.58 3303.01 
6300.47 474.988 9321.15 7946.8 8614.93 2475.09 4967.66 2677.42 4731.03 695.551 
5065.43 6545.74 2353.11 5218.52 8139.64 5770.82 7496.2 9.59557 4554.4 3575.53 
3619.06 376.287 4561.79 6361.38 7217.69 7328.45 4479.15 4297.04 9570 6357.73 
7600.05 5870.45 6832.71 6921.18 3817.24 5447.62 9396.27 8784.89 8125.04 4127.28 
9480.44 3190.46 673.005 1833.54 8408.98 8812.64 7604.36 5905.17 8822.24 2158.74 
9480.7 2441.28 2535.03 4042.47 8802.67 9752.72 1370.91 3281.8 4049.75 940.887 
9639.52 1649.78 6811.34 6472.22 8570.96 628.56 1919.83 7967.21 9413.45 44.8501 
2094.48 8893.88 3235.31 2767.48 727.406 1644.27 1580.11 8331.76 7549.44 402.326 
490.493 7030.12 2843.61 3025.52 1072.58 1646.26 2778.23 2443.49 4928.05 6827.98 
3384.38 4567.56 8477.75 195.698 1039.76 7048.69 824.259 2959.58 5015.89 237.696 
3004.43 7110.36 9131.58 6239.74 9877.84 9858.98 7884.02 1457.93 8190.73 5433.44 
1860.26 8681.22 2463.55 4703.86 1706.73 3536.13 6350.12 4484.96 5979.62 1278.15 
1312.92 9363.99 5845.71 9790.67 9559.69 6885.47 6839.35 383.935 9845.05 1855.22 
621.63 2849.47 8965.58 9753.21 9089.21 8843.41 9612.17 6973.21 301.322 7802.89 
2406.63 2161.58 6484.1 4870.18 6865.44 8190.83 8406.31 3215.55 2675.77 4385.91 
4493.7 3988.69 3749.89 339.394 3779.35 3309.57 7224.86 618.679 3693.5 7069.9 
2473.9 4315.13 9919.36 1439.46 4068.32 9008.56 282.851 3680.48 5981.75 584.173 
1483.35 8388.38 2745.75 7967.45 3258.55 9611.2 6158.26 1664.84 2826.73 8834.03 
6050.75 7320.43 2822.71 9800.65 7659.82 6602.06 3110.2 4884.67 7220.74 6803.7 
1954.54 9694.63 1118.81 1873.89 1134.08 5187.13 882.432 1416.93 8867.61 6864.18 
2001.1 350.948 5252.55 4746.85 8318.4 8511.09 4358.03 4476.64 175.92 7184.76 
3310.66 6226.67 4505.17 6133.37 6027.3 2164.97 2735.41 9137.5 7049.64 9956.14 
5941.18 9004.18 9650.76 7059.99 878.058 784.821 2247.1 1760.49 2201.75 1114.7 
8624.67 4202.85 1465.65 3877.2 8949.71 9784.05 2388.28 3307.72 4260.67 2564.2 
492.464 7571.33 8790.88 4997.63 3704.68 4818.16 7162.61 6440.09 3955.64 4212.23 
6396.22 9896.82 3216.4 6046.96 6956.79 4094.46 6831.78 9203.9 5854.95 9033.53 
318.582 4479.6 3236.36 1784.23 8356.8 2186.05 1568.26 745.069 5493.77 5828.93 
3309.27 5986.24 3400.24 2100.13 983.855 7104.93 6918.29 8146.46 3545 873.919 
2358.68 9941.22 770.723 5575.08 5988.16 7727.52 9669.53 2819.93 6931.4 5524.46 
1853.44 7249.98 4.046 5089.81 9034.21 8360.85 7275.86 602.453 9105.92 2769.62 
6431.38 2415.17 8755.85 9831.63 4515.3 9739.71 6936.54 1433.58 7886.16 481.522 
2307.5 244.818 422.724 3078.22 5819.89 6410.89 805.718 5489.41 9230.82 7737.12 
1013.86 1084.24 4987.08 1017.9 6174.05 4021.27 9378.75 3449.89 4623.73 8484.65 
6219.51 1055.09 899.809 4975.35 886.703 5415.11 4715.04 7823.24 6848.69 2601.18 
8304.76 9156.18 2846 8727.49 2234.38 8665.89 5138.36 3040.1 4155.28 4369.15 
777.202 5169.14 5453.4 5764.28 6187.04 1627.43 9785.55 5565.78 5077.32 4409.26 
4050.41 1296.81 5464.35 4950.22 6272.15 6351.06 365.316 987.177 4174.28 7214 
3588.35 2479.02 6370.17 6434.35 1206.49 8604.55 5100.23 6344.85 1644.64 9255.51 
713.987 2421.84 4424.63 6167.38 8186.12 611.658 7794.81 7971.66 6177.43 2872.11 
2380.9 227.831 4168.92 7845.25 5178.05 441.056 4196.29 5543.37 1428.23 8370.57 
2757.35 5016.59 849.581 9127.52 1450.92 2056.07 7732.06 6551.15 8400.92 9376.7 
5806.64 9114.91 1798.52 231.256 5282.28 9984.64 842.914 3077.07 7956.28 7020.35 
5949.18 337.163 7248.18 118.08 8182.42 2426.22 559.135 2378.69 7969.59 1987.37 
749.25 726.923 7003.96 1598.83 9854.45 8454.88 3654.91 7586.49 5006.01 2055.81 
6963.17 812.632 1170.71 8761.69 1043.89 6452.99 8746.31 1886.8 9530.05 6702.57 
8907.15 5479.22 7039.74 6155.31 5597.3 5222.14 8581.53 6156.43 7600.83 6551.1 
8143.8 8350.08 7278.02 5147.74 9948.91 7132.45 3602.6 3603.8 4718.92 8608.61 
5659.61 1682.08 9421.24 6830.32 443.747 465.11 3283.29 9190.06 2351.91 2813.33 
5892.61 1259.05 8292.55 2932.33 7414.36 3889.83 8154.47 5995.88 46.2413 5755.28 
2546.96 8190.04 4105.35 9824.98 3337.76 4054.24 6957.42 6940.36 7658.04 1676.32 
5548.95 3317.64 3358.4 4970.17 147.946 3802.15 5435.29 3431.24 2992.19 7787.2 
6244.57 8884.8 9046.24 4537.1 1817.11 6460.59 8426.92 9971.58 2456.45 8473.16 
5726.85 5003.41 6663.19 9832.19 4828.37 0.934598 3886.42 1785.77 6941.3 1544.44 
3462.09 2490.23 4862.08 6820.49 7460.41 5010.03 622.621 2895.68 8441.26 3614.81 
682.856 4685.81 2499.59 9729.1 9222.91 4316.7 6189.67 7649.82 4288.27 8646.12 
6122.96 15.0977 3649.51 2786.13 9847.29 8477.88 2787.07 3733.69 263.633 9728.37 
5278.13 3725.72 2218.58 140.19 546.199 9678.99 5150.22 1168.82 2574.65 3591.46 
4783.63 3257.51 8277.27 7283.22 2986.59 7500.17 1599.91 9176.26 5149.97 5888.17 
7822.37 1272.91 5903.27 1471.86 4059.05 5750.54 9949.74 6846.12 9484.23 213.359 
6574.46 4762.34 3939.08 8793.05 4902.53 4485.28 8472.02 52.7294 5654.1 1046.65 
3644.19 437.714 4304.16 1921.45 7720.93 7290.75 9421.62 9320.84 6466.99 4571.56 
5209 4289.34 5844.48 1112.25 5761.2 9903.52 6862.8 5710.93 6749.62 6347.01 
5924.29 3324.07 1109.33 9863.37 2117.1 6011.87 4348.64 589.102 6064.59 2.72435 
1635.75 9708.79 440.439 5939.91 1630.22 8161.37 3230.64 1051.81 7482.19 9697.63 
5623.38 2691.17 3986.96 1467.84 3803.42 9748.16 1371.34 666.202 5459.07 8120.96 
7013.21 1383.34 1445.01 8122.55 1246.7 3562.11 4134.4 5595.34 4151.21 198.973 
5598.06 5786.97 9907.76 6038.5 1726.86 1537.96 4199.85 4957.5 2589.77 1682.03 
4655.12 8213.15 4373.2 8642.07 9680.98 8176.63 8390.21 1052.31 8842.83 3849.27 
9173.27 5856.02 5232.62 618.267 3978.55 6479.32 4180.38 8112.95 2074.64 8331.59 
8311.92 7672.7 4118.55 8219.66 3711.18 5845.41 9757.62 7911.04 802.892 2347.37 
9593.07 5458.01 560.504 3966.25 4100.06 241.472 2142.86 2490.26 1293.78 985.672 
6339.53 467.034 6841.7 1572.13 1085.3 820.232 8051.45 5265.68 8933.18 126.065 
3597.26 7245.08 7798.76 7715.8 5464.73 1509.93 3561.2 5222.33 9420.96 4364.09 
7569.7 9014.01 9822.1 8130.21 2980.25 3922.14 8371.68 5123.11 6412.4 9665.46 
6108.78 2751.92 132.477 2950.46 4324.05 1217.78 3770.69 2375.48 6483.46 2703.86 
2501.54 80.6991 9948.94 300.29 7796.5 5413.65 1810.22 1357.68 635.967 1231.17 
5721.77 8205.67 245.162 5543.85 6335.86 3225.41 9465.99 4707.52 8348.52 5878.38 
4372.97 4457.29 8630.29 4505.44 7407.75 2954.33 5723.22 1178.42 5329.8 2206.66 
3882.28 7831.35 2287.36 3831.2 8131.64 83.848 9244.85 9941.86 1441.53 9880.82 
1173 7163.3 8086.48 1418.17 2707.13 4422.32 4643.58 2173.1 9129.85 2992.08 
8051.48 3502.8 7449.37 6681.76 8008.24 4857.1 9636.08 3731.45 6035.52 4965.87 
5938.11 9917.79 2797.2 8225.47 3748.98 928.819 8309.32 2993.81 870.659 9750.85 
2874.62 2043.66 6914.13 961.077 3461.83 9621.26 5383.4 8105.41 1794.35 4513.23 
1097.47 9845.83 8016.02 8546.84 6527.57 6024.25 3403.92 6163.63 9755.69 9439.44 
1129.48 5693.78 9357.21 3926.68 3919.24 3106.18 4855.5 2228.54 6099.99 5726.16 
1979.37 8974.61 7769.82 8893.5 9935.69 1231.63 8514.74 5319.07 9337.04 309.071 
9832.29 434.499 154.882 7848.3 8981.34 6682.45 3872.53 2385.24 2846.06 3628.2 
1824.66 3975.54 9321.99 1181.86 7902.22 3241.21 4288.04 2757.7 5469.74 388.01 
8483.86 7449.11 9362.62 6253.67 6342.59 9298.29 7485.3 4857.31 4617.34 6822.33 
5166.38 4449.62 7256.82 5321.27 2297.9 6238.15 2003.7 6170.43 8623.39 4849.76 
9798.63 448.038 8825.3 9120.6 1629.9 6727.5 2361.79 5917.94 9485.21 7831.54 
6305.95 7969.05 5280.63 5668.55 4222.7 1623.2 4966.82 1707.98 6480.51 9584.16 
8530.31 1646.88 4033.76 5787.12 6968.14 6331.66 2025.25 8971.84 2502.07 648.623 
3821.58 2300.69 1096.66 2646.86 1421.28 2726.56 9374.37 3783.07 8644.49 8859.56 
1614.59 4950.42 6828.59 6895.21 618.954 1051.28 8518.41 5585.78 2759.26 4998.9 
5169.92 1289.55 6645.78 9203.68 7076.67 3613.9 5535.32 9101.92 2585.73 8037.4 
9750.54 6407.3 338.07 847.186 9054.17 1759.35 3573.75 8428.51 5542.41 2218.22 
7288.05 7157 7168.65 4116.63 4052.19 7787.6 5167.9 2570.59 3373.36 7927.17 
7569.49 8543.28 9216.72 4215.25 7746.94 6293.37 7829.16 3282.25 5395.28 414.868 
1319.63 5145.8 6822.17 1657.7 5992.99 5876.32 3417.04 9566.73 4304.82 8959.46 
1784.94 1592.85 6116.44 8953.58 5709.48 168.616 6741.17 877.367 2739.2 114.509 
8804.53 308.677 8657.79 8021.23 4523.93 6404.71 4314.59 2353.07 9686.96 9709.87 
2767.94 1006.57 4855.65 9590.11 2664.27 848.62 5466.42 6081.32 415.336 9771.23 
5040.76 2200.27 1364.07 1157.18 1153.84 7073.55 1325.8 7895.01 7950.91 4065 
8009.52 6755.43 4373.68 6667.29 4776.65 8897.61 3071.98 9091.24 1250.67 2758.93 
8801.08 4018.61 3765.5 3656.72 3608.7 6429.77 4505.34 9075.12 2511.07 4920.67 
8846.34 7551.83 7120.95 210.385 8709.01 8274.79 7283.93 34.7874 6169.78 5234.83 
4099.79 4179.29 1990.24 8473.46 846.557 6766.88 7371.05 3918.54 5858.1 8621.72 
6677.47 4659.17 2640.31 442.946 8315.89 6249.01 6872.72 2821.21 5324.12 9383.79 
7741.88 4170.44 6935.6 4862.81 4380.82 5644.59 3137.58 1664.74 5679.38 9307.37 
6899.56 9779.16 3486.64 8889.8 8252.61 4333.19 5656.67 5623.65 8251.73 1514.76 
4245.35 4929.18 6173.93 6885.66 5372.13 4489.8 3134.66 2244.83 7311.01 8458.78 
1628.6 5052.87 2629.2 8564.2 9915.69 7010.02 4208.77 3053.25 8674.75 9888.15 
2360.6 5574.3 9667.29 5847.24 4464.08 7919.89 180.413 120.734 3543.52 8432.15 
1635.49 7788.87 3361.31 7809.42 4674.52 8733.44 2299.2 7809.18 978.246 9610.21 
6267.94 2606.84 4663.06 8897.13 1171.02 4578.73 5907.13 5379.79 7631.98 4581.87 
5267.92 9992.58 156.154 4935.2 5839.81 4620.24 2855.06 6020.22 4740.97 6398.58 
4452.35 6376.46 4187.44 7813.66 4185.86 8861.95 6547.08 6485.06 6671.11 7525.32 
6095.25 2939.03 132.148 758.291 1836.15 1303.17 5337.02 7743.28 6682.96 2968.99 
2325.14 1950.86 2961.55 2481.29 6886.06 8801.36 7101.53 9741.12 4821.56 1842.48 
6139.69 9273.91 8218.94 327.109 7087.55 2404.79 9189.06 3634.61 8889.84 5860.16 
1159.92 4985.07 8799.19 1292.07 5743.36 635.317 2595.24 1080.37 8378.6 9278.2 
4049.35 703.718 1229.04 7010.91 3185.01 8115.1 5812.25 286.519 7856.2 633.8 
2129 3995.88 9907.71 347.927 4322.98 6995.25 2752.71 3512.03 629.842 1642.54 
9372.18 1789.76 6627.61 8171.35 3081.82 2370.96 8806.67 5677.06 3451.33 7185.25 
4955.24 7500.68 7888.97 6184.28 4511.57 1073.96 4299.36 323.81 1360.48 2155.55 
957.61 3489.48 6151.42 865.305 3837.41 474.391 7860.55 6590.12 3986.42 8490.39 
8232.66 3358.59 280.136 4860.26 1529.92 3361.96 7231.21 336.578 9039.02 682.525 
7521.83 3994.24 8183.21 5410.78 178.505 2694.76 6484.75 4477.87 3018.57 7845.23 
6633.41 3976.18 1334.69 2784.82 4841.49 5172.11 3259.21 2702.02 1762.21 7245.63 
1192.4 9994.87 604.201 1472.54 4855.11 2134.13 4834.5 2086.31 2470.7 3873.5 
2768.84 9992.53 7867.74 952.026 5403.3 8046.25 3646.79 1888.03 2524.1 6665.36 
9733.26 9157.51 641.532 1067.94 1942.32 5483.02 6240.04 5201.53 8185.05 8002.25 
2447.14 9377.45 7997.11 3051.35 849.967 2852.2 5185.47 5684.46 4938.52 7656.17 
9557.97 7707.35 7648.69 7425.69 8659.38 3051.97 5471.92 2306.15 4940 7996.02 
8971.51 4673.24 7153.52 9613.04 5741.18 9095.83 5096.05 1981.2 4297.35 3281.08 
9983.46 6744.49 2658.51 7980.55 9795.83 3508.47 832.735 4981.29 9192.94 5771.25 
2637.44 8750.89 3478.58 286.117 6176.56 2137.94 3338.09 1648.47 4444.09 8278.09 
9644.49 3415.59 2951.32 6797.99 3028.62 8692.49 5893.8 8124.67 673.679 191.133 
1405.73 657.117 6935.62 4064.24 8637.67 6731.44 7572.71 9470.4 1712.71 6765.63 
5241.63 4350.16 5516.5 8720.22 4636.27 1693.04 858.145 7974.36 3341.51 5302.24 
6252.43 2985.98 8717.83 9203.75 9783.97 1746.43 7896.23 5677.76 9871.1 8569.91 
5868.89 1276.81 9227.02 2804.49 5341.05 7864.67 9535.93 2913.74 7335.05 1248.63 
9679.37 2576.67 5598.78 5195.85 1296.87 235.04 6888.9 2155.02 8209.4 230.39 
7457.25 4461.82 3216.37 6175.07 3665.55 3000.33 7921.5 1561.76 8678.08 7792.58 
131.653 4546.95 9069.39 9358.68 7351.45 4410.42 7223.33 6887.37 7324.16 4558.37 
8135.99 7003.51 7135.04 3734.76 2199.35 8431.91 3969.8 9088.24 586.907 2179.19 
9318.63 8044.16 6641 2534.99 4219.21 306.541 5535.31 2140.69 1868.3 4213.38 
9933.27 1999.96 8760.33 9002.65 1358.62 6111.77 3413.05 8581.95 2999.12 737.194 
3140.3 1135.09 7740.71 275.322 4869.86 9940.05 8707.23 8839.66 9028.28 9294.14 
1018.83 8346.9 7338.28 7659.83 881.87 1557.47 7966.37 6417.19 3698.17 9834.67 
630.549 3631.42 1834.62 9390.88 2634.05 3193.23 5502.63 6047.1 1775.17 8501.75 
6784.3 4915.47 9636.84 4524.99 5190.79 4506.68 4465.02 3898 3346.32 3493.29 
3192.12 4365.15 1840.17 530.384 2024.96 2722.04 2087.86 9991.33 9139.22 5786.03 
9825.99 9769.77 9417.45 1660.59 9160.64 2051.49 4853.82 4663.26 8098.59 6628.99 
3164.99 4882.87 1544.44 2801.82 9407.86 6735.22 7308.5 3872.87 633.207 654.801 
7366.15 3825.33 5019.95 9206.32 4355.71 7044.91 1928.34 6443.57 7036.22 1067.54 
2229.58 6862.19 837.299 1647.01 8522.78 9997.94 3698.5 3376.58 4661.18 1797.07 
5.55239 7826.17 6679.94 1549.99 627.964 6087.78 8285.21 7936.46 9960.65 8918.42 
8591.26 7326.78 2743.73 3611.19 6533.09 7099.44 656.084 8461.43 3543 7692.3 
9528.97 5772.58 4554.48 366.253 7419.59 3077.24 364.175 1118.07 6453.83 5025.35 
2915.14 6459.38 2851.5 9595.08 8009.37 3479.47 5682.85 6294.56 1415.91 5643.48 
5212.96 7.15564 2970.25 7956.69 3618.35 9503.34 5056.11 4274.43 7964.75 8599.11 
1966.72 7493.7 4371.67 6521.2 7859.95 1791.24 9598.44 8224.13 2909.31 6052.25 
3249.46 5824.45 2511.61 6100.96 5419.52 520.96 9580.43 1102.35 6815.52 996.321 
6745.83 2028.46 1003.48 9716.08 9985.15 4621.83 9219.4 5041.25 8896.26 7184.13 
3640.34 862.964 4677.81 8012.01 7384.16 2537.75 9803.25 6982.59 761.86 2712.54 
3034.82 4011.32 8536.99 5546.44 112.268 3956.49 6067.4 9692.7 5058.84 2882.9 
689.001 1804.65 4911.36 1692.48 1520.72 4896.5 6314.3 740.102 9937.75 5210.55 
7924.23 3578.07 6073.51 2602.03 1590.06 3457.66 5139.78 1393.29 440.23 5901.64 
4105.82 3475.05 9912.96 2642.79 9021.49 25.2127 6599.28 5088.87 9717.91 1658.1 
7971.77 406.893 3462.75 2883.12 2099.37 4983.47 7779.62 8413.67 5723.57 7717.34 
3624.2 3647.79 1295.4 9697.71 6249.82 2885.45 3155.35 1389.58 4278.74 3595.58 
7291.22 8384.56 7070.63 7204.17 1027.34 6092.11 7229.38 7626.62 1180.96 6947.27 
9284.72 9152.73 7354.16 2747.46 2035.83 9453.53 7730.93 9815.45 7867.19 3454.49 
7532.78 1491.37 7102.28 8828.17 1189.07 3352.08 1713.61 4344.42 4741.67 5992.35 
7939.99 2032.87 4376.89 5010.61 9237.03 5404.23 1102.7 6466.4 3030.84 2283.66 
3413.65 2315.54 1436.38 767.794 5063 3472.21 221.31 2793.92 3287.65 8088.5 
6248.41 820.407 9579.87 3350.67 9648.58 768.921 6702.76 1362.17 5113.34 1444.4 
7354.52 3053.31 3477.27 1731.4 8063.93 2714.29 7135.63 9166.63 9180.68 166.453 
1450.28 2594.32 2482 2886.66 3362.11 7545 6358.87 3583.42 338.902 9646.52 
1671.9 6587.31 466.908 1251.76 9937.98 115.471 2020.68 6640.72 1477.64 7134.01 
8085.13 8832.17 187.312 1562.38 563.547 8251.24 4276.67 7699.18 7417.85 3457.34 
7865.63 8868.12 6051.66 347.612 1754.76 9413.76 7892.61 8113.63 2997.17 8231.51 
7760.13 4669.07 4818.81 8227.04 5920.82 4756.78 8342.51 7941.5 1397.48 9820.16 
5075.5 9482.61 8652.3 5262.81 1044.97 9215.85 3514.03 5321.64 6915.01 931.863 
8778.98 4780.63 9799.99 4830.62 5128.24 1554.73 4244.37 3020.84 9668.37 7241.54 
1252.33 7428.48 1910.59 6071.14 5655.51 7831.41 827.901 3998 5772.9 2225.38 
3818.14 848.381 1707.97 2470.43 6111.19 2752.94 1686.26 9625.22 8074.59 8601.28 
557.07 6853.55 3381.89 357.04 1684.15 8510.13 1911.77 5928.52 1530.95 1580.12 
3170.04 2783.29 9008.6 5080.63 8854.43 4664.09 2912.03 9682.33 8662.09 8684.92 
1907.7 2480.21 9533.31 3615.67 4950.64 5644.48 6368.61 6636.9 5269.69 4443.18 
5238.16 5826.76 1296.71 8620.05 6183.8 2980.87 7130.17 8095.57 8909.39 8661.12 
9675.69 2079.41 1444.39 8684.28 7160.04 298.807 3348.35 72.0535 9981.14 2010.42 
8756.98 1888.82 4490.64 8290.27 5504.49 9441.28 3934.73 1873.08 6078.17 9204.42 
6316.26 1316.31 5031.16 7612.97 9936.37 1214.94 593.82 7066.52 9310.51 9503.21 
5727.63 8986.18 1582.61 7172.02 7670.44 8742.65 7470.83 1018.78 8814.7 7451.95 
3029.2 7571.67 9340.77 7519.84 5861.92 4845.24 6961.1 9796.65 6718.32 3039.25 
9001.05 3034.57 4355.57 4032.19 647.521 4291.92 5247.14 1241.34 1358.42 4557.63 
744.533 7086.05 3543.8 2327.14 4258.05 1214.22 1069.77 1728.87 2233 9884.47 
9180.82 5262.2 7456.12 8521.57 2782.02 3318.02 3366.8 9743.12 3114.65 85.1058 
