1100 10
8310.16 9401.99 510.785 8934.11 1759.99 1730.77 1072.84 4154.52 4496.36 5121.36 
998.595 481.828 1037.18 1383.2 7043.21 5719.54 2801.46 1397.88 6331.44 9729.57 
8650.63 1009.76 1453.79 7374.98 1958.94 9047.75 7858.55 2265.22 485.149 4875.38 
54.0781 8795.31 4277.35 564.863 7729.4 6037.34 2295.63 8802.24 191.838 6791.99 
3923.59 1190.43 7273.82 4960.77 2573.63 4317.01 680.295 5375.09 5714.9 7011.73 
5104.65 4365.51 8021.49 6558.44 1740.47 9980.43 5606.17 9599.02 2245.64 6091.32 
4474.39 2299.71 4886.61 8751.74 2864.58 2616 4789.06 5160.21 1418.22 4980.89 
1952.18 5341.81 6171.33 9226 302.569 8744.96 3542.99 982.864 4120.04 9257.89 
7994.6 9224.68 3623.38 6016.07 5783.11 5363.85 5996.48 1389.26 4962.86 8242.12 
7480.58 9437.25 541.818 2367.18 8188.96 3406.4 4983.18 2978 8566.6 6401.4 
7958.9 518.768 1743.2 4130.21 9744.76 2045.77 2875.15 3287.74 3028.63 6995.19 
2545.61 1023.21 6219.85 6168.99 7039.29 2002.94 1532.83 3035.75 3392.21 6495.69 
1277.86 872.773 5932.91 1819.68 3239.95 4121.86 5226.07 8223.13 7099.86 3792.66 
4624.52 5058.74 4311.43 6367.72 9188.95 4056.18 8413.49 2064.08 7343.92 1442.11 
9059.27 9889.52 2465.32 5279.1 6058.5 9504.61 7282.04 7591.32 2540.34 674.234 
4086.99 3818.2 1547.01 19.8902 5637.88 4786.96 4141.75 863.93 3010.08 1241.6 
4656.59 7634.6 6300.34 8968.02 4002.3 5489.27 3024.18 2415.77 7553.35 368.073 
3857.88 6612.6 257.581 6323.2 1891.69 6316.08 5827.79 9173.73 3907.39 8368.13 
9847.97 7994.38 2186.32 1394.96 8014.27 7824.19 6181.92 2156 8688.12 9191.99 
3397.6 3344.69 6826.57 9697.94 2312.7 828.854 5187.2 5336.87 3244.63 2740.54 
5704.94 7102.51 9353.14 5962.53 3425.69 1244.81 2278.59 9253.48 418.527 6185.97 
7621.59 266.477 4180.33 9807.91 1661.43 2194.58 7632.08 7843.35 4350.59 6320.19 
7035.33 7748.19 9664.88 3861.88 7446.11 1977.56 4690.74 2633.3 7314.43 7935.36 
5373.83 3019.36 5037.85 4726.96 8981.89 8463.54 5971.77 1260.46 7717 6390.29 
7446.43 5338.58 6656.77 1626.74 5146.47 8318.21 3821.33 2778.54 6161.54 8171.92 
9098.73 3196.85 5920.09 8763.6 7058.73 3366.18 741.143 1749.45 5999.48 8055.58 
9684.82 1373.3 1074.92 4722.65 6100.25 56.7881 3186.18 2072 1317.24 903.162 
8462.3 8763.67 6241.74 5119.05 390.4 1388.2 3437.24 4211.73 4166.74 9598.78 
2383.63 3265.45 2795.61 8303.71 2029.04 9854.35 1669.88 2770.18 1603.78 7669.36 
825.737 1288.58 9042.65 1900.66 6011.23 5142.89 1957.44 9197.41 7214.89 3274.69 
100.553 5677.17 2038.34 6342.3 796.208 2428.74 7730.49 4233.45 6640.47 1897.22 
3832.22 9024.1 5162.67 6627.83 7327.79 7191.71 6482.16 8997.67 9961.89 8085.94 
6667.01 787.607 9374.53 5709.65 2688.26 5385.74 852.517 4645.71 4583.13 8067.41 
7920.4 4683.69 3744.56 9958.74 1025.96 4540.77 2387.47 8756.46 8774.22 9027.94 
653.659 2606.42 8052.02 5816.33 9234.25 5379.8 3008.02 5716.39 4377.46 2969.89 
3802.32 1044.45 3757.5 3176.83 6754.1 6445.76 8562.57 7606.62 1091.45 3145.68 
5674.01 9011.85 7829.37 9418.57 8970.57 8855.33 3959.32 1358.03 7611.77 2733.53 
385.951 8265.43 5339.95 8437.98 4081.75 4574.18 3817.76 7089.77 290.552 8195.22 
59.646 4092.87 9239.67 3817.15 7269.7 5993.75 262.89 5832.25 3600.35 1354.34 
8977.93 9274.36 366.176 6807.28 8692.91 9336.75 5662.6 2652.21 694.758 3274.36 
5385.74 1080.71 1539.77 725.668 9518.68 5621.52 5299.84 3336.43 2711.27 5590.4 
1531.63 2770.92 9683.27 771.285 6588.06 6952.95 6765.04 6850.95 2785.18 365.371 
8205.3 1763.09 9639.73 8571.47 8570.38 8332.62 7908.21 4232.96 984.818 8602.96 
7507.32 6370.56 9683.67 9047.09 7096.23 9202.34 4668.59 2396.05 2538.75 7379.86 
7986.45 4070.38 150.766 7669.7 4841.67 6738.83 4622.63 1606.69 3589.77 7407.81 
1972.06 1795.05 9170.9 1611.77 366.503 7741.27 9944.39 8274.71 1974.21 929.192 
6877.65 9481.53 7299.75 6561.31 8528.6 4395.96 5763.63 3197.17 6792.01 8302.39 
577.02 4778.45 2372.75 727.786 2448.13 7214.42 7466.62 7070.76 8821.11 1056.36 
4478.56 793.155 2851.41 3649.44 2404.93 3217.91 1390.69 2349.3 1492.61 3364.9 
3278.49 8370.26 2846.41 578.227 4931.55 1374.99 4974.19 695.17 4572.17 1766.18 
8997.56 5149.19 6544.63 1370.29 5876.97 8992.76 8584.72 3343.57 6063.51 7405.81 
4399.94 542.052 8198.97 7251.35 4191.5 603.875 469.246 5582.19 2953.18 1961.85 
8947.09 6231.67 332.095 1793.49 6809.9 5263.65 3168.48 1784.07 5958.82 7740.65 
3550.25 4956.36 2889.82 94.8689 6326.65 8766.79 9087.63 4911.35 2110.35 5151.13 
2317.14 6510.28 5693.18 516.093 3761.61 9884.68 1119.97 4230.86 5466.85 4073.15 
6192.71 4413.92 304.8 6524.81 6207.41 7114.7 1788.44 9375.89 8898.77 7747.26 
7116.52 2449 2703.6 6.31997 2543.87 9030.25 8773.11 1631.49 3941.58 883.441 
6782.62 6258.73 7393.72 2475.78 6774.82 1155.32 2360.44 7894.79 5386.18 7827.29 
1967.92 1578.87 2241.19 2272.72 8103.68 8448.6 9387.42 9892.12 7824.47 8286.17 
7639.35 4940.97 735.153 342.935 4947.29 3279.03 9373.18 3720.39 4910.52 3314.75 
4603.83 1693.12 9573.48 1997.53 4168.9 6348.28 3152.85 6529.34 4243.05 8539.03 
4356.61 6210.97 117.885 6597.8 8483.69 8221.56 5046.38 7871.08 8113.66 2870.83 
6157.23 5753 7811.8 6892.39 6095.93 2759.08 171.394 5469.1 6479.46 5081.91 
8783.85 1083.27 6775.03 8357.31 3080.8 943.907 4705.58 6233.65 7473.25 8948.63 
4772.67 1829.84 5159.59 4890.55 8427.64 3643.25 3112.1 3474 1514.32 1225.74 
6344.83 7671.56 6978.74 4156.62 4563.92 3074.65 6915.69 4735.32 8543.75 3395.14 
9817.23 7327.59 4478.41 6592.24 5684.88 7559.21 7536.14 390.446 3792.84 5009.37 
9339.08 8565.51 6839.21 4498.65 3456.04 5266.83 8141.9 6568.14 8740.83 9656.22 
7793.88 5085.64 7327.76 4772.6 9242.26 1891.67 7847.25 6157.93 6626.99 6390.99 
9553.07 6444.2 3718.56 4031.46 3036.42 9403.45 1590.65 572.545 9793.89 5383.49 
5581.92 9132.95 3948.98 2421.11 3631.58 7405.03 7687.94 1773.47 3973.15 6428.75 
1429.67 1767.01 1514.37 8757.44 6539.61 756.608 649.088 4386.85 6914.54 7276.07 
777.826 6467.59 3720.25 4496.39 499.033 6756.67 3899.82 2089.68 7329.22 3693.7 
7473.18 2911.12 2826.63 1422.14 5332.23 6458.22 8827.17 3020.15 8231.69 2800.3 
9448.9 9661.36 4567.31 963.248 8418.78 1106.91 1719.86 9067.87 5493.76 8634.4 
6343.92 6271.58 5101.97 64.1608 767.955 5601 6820.83 4667.77 7690.68 4150.03 
8361.47 5163.84 7061.15 1188.09 6585.99 2393.36 7646.31 5413.14 5413.51 5877.97 
8213.44 4862.39 5539.32 2780.73 5825.63 3958.08 3887.64 7545.49 3025.93 9381.4 
6179.87 9369.85 5652.96 1281.82 9434.01 6420.92 6882.83 6254.83 1088.68 4573.49 
404.843 9450.15 9737.34 7465.99 638.218 6323.3 9859.35 8284.52 1736.43 5272.85 
4162.48 9949.86 135.216 9701.8 2730.58 5960.85 3659.86 6618.22 3506.32 6685.79 
5999.6 9686.2 6055.62 1652.54 968.001 5489.62 8073.46 7850.83 1744.43 9162.13 
2424.3 2149.27 8612.26 2161.62 9615.26 9250.48 8484.93 9474.6 7534.99 221.338 
4747.43 1697.45 171.184 4882.65 1399.23 2901.76 843.48 5059.09 9519.98 4349.8 
1744.86 5519.56 4035.98 7800.48 7172.1 5003.98 3290.08 5245.54 2854.79 5034.51 
4407.66 5279.1 7183.78 3019.91 7440.72 6799.03 2270.37 5925.64 6273.61 9805.36 
6146.97 1021.03 1502.79 6318.16 5903.67 2902.03 9219.92 6747.15 7961.11 8739.88 
1096.94 9705.97 4259.42 5132.92 7506.44 1431.51 136.888 796.502 6677.05 2991.68 
5831.01 1084.7 8270.78 3014.78 4104.6 5711.49 9813.81 6374.98 1637.11 6087.4 
6180.32 7784.08 7108.43 7683.11 4102.22 3012.08 585.123 3322.12 9759.24 8546.24 
2061.99 856.157 8252.2 6321.41 5989.08 5758.62 7752.92 6125.97 6555.12 4429.96 
9117.65 2386.11 5514.65 7388.41 5400.89 9619.26 3099.88 5214.68 5994.22 4736.99 
1302.06 2174.52 2521.05 8410.49 9857.64 6623.27 1422.56 442.745 9945.39 1181.77 
8988.98 2007.36 2037.93 7241.16 8328.77 8027.01 2999.76 6081.68 4152.96 9554.88 
511.618 3270.59 1940.97 6026.27 658.99 7341.86 5645.51 3758.87 2556.52 1639.72 
8495.86 3858.58 3814.24 1016.89 2269.05 3671.86 7640.16 3691.61 4114.6 7585.54 
4873.38 3103.57 9592.9 6911.31 344.715 7921.65 4938.31 3344.47 4003.31 9091.27 
2899.33 4514.93 2361.85 4840.31 541.187 3020.84 2182.15 6186.7 6779.71 4738.67 
7826.42 5275.55 8597.25 1640.64 6292.45 866.282 5312.5 3932.59 4557.89 9427.11 
1518.11 9431.27 2530.66 1110.99 6342.57 2875.37 9032.65 1280.86 6219.85 3035.95 
372.116 9119.18 7550.88 2733.96 3959.47 8092.06 5754.8 6141.62 4278.75 2534.49 
880.269 2105.15 7810.04 9477.52 3745.79 4102.47 343.78 9058.29 8035.06 4901.67 
8485.38 9553.18 4332.93 1016.02 664.153 675.483 3891.4 9696.8 1956.35 111.23 
2732.73 2328.46 9230.41 283.589 5062.43 3189.87 8375.65 817.206 9331.49 2654.39 
3351.69 211.738 4759.54 1161.72 9689.25 8505.33 5264.19 33.0167 7563.6 3299.23 
4934.69 6048.96 2852.39 9267.62 7064.99 3516.54 9943.1 956.367 3213.33 1899.43 
1067.6 5946.06 4227.89 297.993 6229.65 9290.32 3487.86 4605.28 107.506 2819.33 
7259.67 3459.2 3031.07 2019.19 4620.92 2720.3 524.496 9885.11 2753.32 8088.1 
3184.32 7688.01 4137.04 6036.71 6955.61 1202.01 9553.26 6898.69 2158.38 2766.57 
8798.12 3225.97 8712.63 3025.99 3523.97 4942.26 2316.29 7011.83 9547.54 2423.8 
9831.16 6807.19 5883 2862.21 8826.38 503.902 5582.51 9350.87 388.991 8335.83 
7438.95 3573.31 6023.83 1575.98 9610.03 2979.42 2777.99 9163.27 9878.11 4936.36 
1929.82 8676.21 8162.34 642.428 1702.18 1686.29 5584.68 4018.48 8698.12 5132.21 
6442.27 8529.26 1939.38 2325.26 1391.45 765.743 2829.16 6973.96 116.601 3218.15 
5309.78 7555.55 6791.46 1333.58 9131.53 6401.47 4313 1909.5 5564.72 4191.09 
6845.86 7494.54 2867.28 5008.19 8136.97 4569.46 6694.47 3721.64 8587.93 5392.57 
8853.84 5030.19 3921.81 793.207 7355.45 5313.26 1558.95 184.593 2287.2 1675.55 
3402.74 7596.98 9231.1 194.191 8930.56 8362.62 6595.66 3243.54 272.099 2160.37 
7434.63 7117.96 9654.91 301.892 2126.13 7791.86 4871.35 8820.6 1513.48 3459.27 
4213.16 367.307 8489.46 8134.97 1160.51 5844.89 3448.21 2719.46 6029.49 5735.41 
4395.01 9432.23 3332.37 3626.1 9626.42 2262.91 1988.7 6222.07 5506.46 2260.8 
8382.44 2941.07 9378.76 8037.33 3242.96 1504.88 5829.17 8114.31 325.464 7342.66 
1573.56 4538.62 7709.96 63.005 2673.58 8870.48 5907.9 6121.79 1589.92 1937.37 
1857.18 5984.94 1369.58 5189.55 9611.04 995.985 7452.46 1599.72 7218.05 2958.9 
3860.52 5600.47 5899.97 3239.27 3637.78 9142.93 4744.15 9466.96 7257.23 5069.61 
6809.6 8830.79 9608.23 4519.54 8893.79 2281.79 3390 4801.67 8403.58 4979.93 
6739.04 260.746 964.851 8108.62 5450.3 575.874 9104.61 2902.74 2175.6 6322.64 
5861.64 6036.12 1923.1 1761.6 9275.39 5560.88 904.512 4019.52 5027.82 8161.74 
9089.13 1837.4 6992.51 8697.35 6356.95 5886.28 979.125 9746.95 687.942 9382.71 
4726.87 7426.98 9643.45 5691.72 5535.59 5093.73 6267.59 4640.18 7996.48 8443.19 
962.801 3858.1 4479.3 2885.9 5619.7 3754.67 8446.78 6524.21 7774.19 3474.59 
4685.93 6863.31 5311.99 1678.43 5560.64 1668.92 7564.71 6539.77 1415.86 8252.65 
5922.46 6142.73 5679.62 5565.89 1834.43 1215.19 659.608 8102.02 5855.36 8656.08 
6545.19 6818.17 2514.17 1024.47 9704.06 8133.87 4779.14 8150.83 4658.07 2553.32 
1625.4 9344 9416.63 6937.39 1022.41 4977.25 8606.31 8587.12 1517 22.1565 
6839.75 7439.46 6164.88 2519.35 3005.33 7999.31 3734.54 3664.94 6101.31 9589.91 
2321.01 2646.49 6408.06 4835.18 3670.96 6112.1 2969.03 8450.1 4262.91 7627.1 
1003.4 5888.31 6971.08 420.006 2825.68 7993.49 5397.26 1431.97 6580.59 6914.26 
1454.13 3420.33 4353.69 7619.01 5939.69 7359.02 5618.31 9674.23 1023.95 1719.61 
9264.12 3344.95 4366.09 5672.16 8180.13 8037.05 1784.24 1149.14 6487.13 6047.15 
8776.24 7490.53 1935.44 5747.3 7910.54 4761.12 3740.77 3307.77 6193.1 321.35 
222.013 7647.23 3741.68 4575.71 5266.23 9681.37 1934.71 884.518 9355.58 2958.66 
2604.12 8619.68 6303.61 6970.22 4291.81 4483.72 5007.25 6076.05 5632.86 1494.36 
2123.19 4409.08 8984.89 4058.63 156.364 6895.41 8819.75 3897.14 203.168 5012.83 
4218.49 425.18 2660.04 7960.17 5000.89 7926.27 7641.52 6935.6 8810.79 6997.08 
9894.26 1414.89 5616.74 6197.86 8385.11 9908.55 681.561 3392.34 5984.59 6314.42 
4886.71 8107.78 723.485 3871.58 2166.39 879.849 766.976 986.127 4776.99 970.143 
5998.96 8995.47 1395.32 8659 6955.62 6396.21 6585.25 4597.12 3331.8 5396.03 
1594.18 3226.04 6810.92 7210.92 9423.9 5196.01 7119.45 105.441 8588.35 3104.02 
6419.86 3475.04 1211.78 7143.35 7346.63 3378.17 8023.2 8113.6 4364.29 2800.17 
9083.75 363.237 1795.62 479.052 9022.24 8751.25 6875.26 5607.48 3348.35 207.041 
1003.49 4942.53 3433.08 7814.41 2153.43 2856.96 3010.4 9272.88 2962.4 1598.74 
2376.89 9382.27 5073.78 3588.66 6525.6 2420.39 6966.83 4548.78 533.975 1331.11 
7348.94 9617.72 1694.35 9144.56 96.7549 716.57 7895.79 6972.02 6324.05 1244.13 
7179.06 7327.54 6186.66 612.123 5141.92 8340.1 3469.08 8152.32 7612.96 6431.49 
9751.06 9989.85 5813.74 4824.82 3578.5 2339.32 7245.21 545.314 6888.09 7779.19 
1876.42 4237.01 7396.89 3570.77 3381.56 7493.65 4287.34 1277.33 4465.65 611.371 
2521.46 1644.69 7938.91 8708.12 2256.81 3080.81 7048.2 5725.9 1233.12 4661.15 
2157.37 984.162 4650.99 7971.1 5808.99 8229.48 310.401 3054.18 8774.8 7198.49 
833.354 651.203 1435.49 8230.25 4221.97 4817.05 5723.87 8509.31 6094.38 189.505 
9120.68 8615.85 1834.19 7059.57 7323.95 4091.01 140.368 4372.14 9816.9 1373.49 
9033.29 1974.25 2357.65 3684.26 9945.36 8166.63 1913.72 255.74 1220.8 688.505 
7454.23 2054.15 1339.71 8889.72 284.383 5561.68 3706.75 6008.26 4070.98 9801.14 
6197.76 3191.64 8416.97 8031.96 251.199 5740.9 2122.94 391.567 113.025 1939.83 
1765.05 9146.32 3914.08 4122.7 2830.56 3859.42 2289.32 4744.28 4115.16 3510.12 
5432.79 1569.38 5564.27 6772.5 459.081 5848.66 2334.16 4165.83 1856.9 6405.14 
3966.96 8054.66 9596.78 2383.91 6086.6 9847.98 8124.81 8209.54 239.529 8237.83 
149.358 2004.58 7384.13 4063.44 6127.28 214.671 7922.86 8416.6 4958.95 2038 
1926.71 391.722 3607.38 7490.98 7164.22 4066.46 3339.62 9498.38 8232.3 5196.52 
5903.5 2199.24 3251.16 5500.26 4583.14 9337.76 5348.22 2707.93 7547.29 5587.75 
945.748 7696.65 7592.33 8329.88 1760.07 3719.6 8544.55 9682.93 2136.19 3503.49 
1720.92 4062.89 3895.21 5328.3 1553.86 1059.41 9394.76 4893.48 557.769 7627.04 
89.9811 6461.27 9826.28 3341.15 1961.51 4409.4 2678.89 7309.73 7117.34 226.168 
2897.47 8063.08 7922.82 489.785 6392.95 9682.89 4209.39 4937.48 9365.81 6345.57 
8440.96 1086.71 408.452 2336.15 6415.02 1962.31 3395.56 5809.77 6855.79 3953.33 
3436.79 6945.77 414.581 3263.06 286.898 2376.09 7672.46 2965.79 9685.82 4789.78 
3191.96 2583.27 2852.85 1114.76 3073.06 9245.79 797.633 7282.45 4183.25 163.425 
3628 2624.2 1250.14 4036.46 4960.35 7665.16 5998.77 8355.92 3474.9 2854.54 
2309.23 6911.7 9800.31 2723.81 174.735 87.1881 5099.9 7847.19 3052.98 4785.71 
2636.96 6244.94 7368.98 5489.8 7359.69 442.026 4735.58 8157.33 7724.47 8918.83 
8320.75 1352.46 1543.01 9570.89 5388.91 6503.37 7236.03 1387.66 4859.27 710.914 
4242.2 7168.5 7622.61 4042.49 9892.31 7797.34 4129.68 4992.2 5644.52 7182.66 
9777.91 8281.48 3427.58 7146.87 3771.26 787.253 7588.9 8506.84 8944.58 5313.35 
7425.65 7265.31 6665.81 8968.66 6836.19 2054.71 5472.01 4072.2 3442.37 331.258 
4783.11 7684.57 7499.76 2405.71 1727.05 7392.05 203.033 5856.73 2384.23 5847.56 
3039.37 2162.12 4129.02 6466.95 9308.99 7900.28 7254.2 6897.87 6407.1 6198.76 
2211.2 3832.73 3464.06 8877.02 2801.38 300.229 931.706 8273.38 4372.43 4374.08 
8604.64 9155.54 2058.63 6104.38 1561.23 3785.68 3496.42 1764.26 9642.41 5880.64 
7611.82 2681.76 8042.76 1740.82 9148.71 7351.73 9641.09 6402.89 4249.59 6048.18 
2601.63 6460.79 9880.91 6065.69 5337.79 2682.27 6365.92 6269.5 955.635 738.332 
643.557 9560.28 9893.87 2702.19 5664.64 1455.08 6487.87 9161.06 3219.35 6130.27 
5041.69 831.149 8812.03 3084.43 2571.97 7960.72 436.148 2213.04 4363.59 4685.73 
8261.22 6965.22 1146.51 8142.11 3030.9 6484.3 824.364 9396.82 2753.78 1780 
135.135 3397.33 1340.26 28.9903 6099.52 7004.9 1484.08 2587.38 6165.95 4703.42 
8717.65 1207.61 5534.57 7529.66 4292.04 8106.54 5490.36 4728.19 319.564 9853.95 
9413.93 8580.79 6819.16 560.418 6722.88 9850.06 7044.72 7547.25 9246.86 9798.49 
9327.24 9381.99 3195.81 667.487 9410.98 9295.33 7672.39 895.043 1882.7 3838.32 
5598.47 600.329 5045.93 1133.02 8129.99 9337.98 9239.56 3620.33 4066.15 9559.12 
3474.27 3480.06 8139.89 293.412 4040.48 4862.75 143.452 1085.18 2409.98 9390.31 
883.655 1737.21 8772.29 4079.46 2404.7 8183.26 3374.78 77.0694 9078.3 5257.48 
3915.39 4676.75 5857.8 8961.32 5809.77 3987.78 8299.28 5049.31 7608.11 2365.42 
4608.41 1082.36 5845.48 2748.29 1375.77 9885.96 7611.04 1519.23 971.122 21.0073 
909.521 1854.78 1758.22 9681.81 5934.24 4162.91 7865.05 9309.02 4239.98 6943.33 
4566.48 8155.37 1620.06 424.264 7116.67 7429.83 4412.04 5415.94 2479.12 2020.13 
7781.35 7087.54 3102.5 3626.81 9835.82 4478.27 3512.76 7446.85 5997.5 4483.88 
7467.85 6907.02 6338.65 9226.07 6588.81 2272.88 3388.97 4453.84 1581.88 7628.95 
1397.16 6148.35 5784.31 3017.22 6572.62 2900.96 447.034 984.641 8316.9 2926.16 
3004.78 6098.23 13.6762 6107.27 9725.05 9849.5 585.527 3237.78 7296.33 6583.03 
7721.66 4764.17 3490.03 4060.3 3990.22 78.8213 6333.17 7379.19 4532.66 7915.05 
5008.12 5929.82 4063.39 792.41 8947.04 635.989 3693.37 9394.08 1620.63 2010.25 
2320.22 4625.41 8108.49 2333.89 732.661 7833.52 2183.38 1318.19 1071.28 9479.7 
7901.21 8792.95 4243.85 1391.22 2853.23 8234.07 1470.04 9186.4 5613.24 6002.71 
7101.44 621.347 1932.51 1164.81 1413.76 879.54 1800.8 5107.13 273.6 3421.43 
7117.38 2593.82 8046.83 5225.85 4927.71 8779.49 3059.35 7111.09 97.6636 4130.63 
6590.77 7998.88 2923.56 834.607 9390.1 5776.79 9068.68 860.127 4963.17 4681.9 
6862.84 2064.59 5303.25 8795.35 3229.4 6717.01 9674.89 5030.19 1824.12 9948.49 
8451.62 8941.5 2542.29 6498.43 4167.33 7470 5277.91 7226.68 4581.07 5375.57 
1357.29 1171.83 3374.43 4280.85 2006.43 2764.52 57.6228 1075.09 3624.64 5020.79 
5757 487.462 7085.38 1060.23 9282.81 314.765 7777.23 8957.69 5344.96 9601.35 
8906.16 3796.56 8542.83 1448.44 294.977 2710.15 8918.44 5572.89 9936.83 3499.49 
948.443 1294.1 4671.32 4322.88 5574.96 6677.75 7087.39 5632.58 7752.85 712.017 
653.356 3509.83 1199.48 7738.74 4570.06 482.276 8053.51 2347.27 9439.96 3398.45 
1948.61 8346.11 7195.01 491.426 9794.55 7489.99 3201.57 8712.97 3062.86 3138.38 
2212.45 4011.3 4432.49 6883.77 8334.17 7.42636 3561.5 5421.55 5640.01 1314.34 
6133.56 6293.36 4824.16 7333.04 4032.09 9394.22 7815.32 2085.58 1741.48 7255.27 
5484.02 3690.08 5601.36 2679.02 4181.51 5395.89 168.984 7383.08 4108.84 3231.84 
521.451 6321.29 7243.14 4953.94 3205.04 5577.29 4961.36 6766.54 998.825 601.353 
8080.88 7132.39 6894.72 2905.02 4465.42 926.784 2299.23 2280.72 3012.36 4040.7 
9535.98 8496.38 7730.79 5137.32 1175.38 1912.28 533.195 1344.37 9295.36 4642.04 
4576.21 9816.81 963.305 1819.33 4770.74 4168.34 7396.62 9732.1 934.869 8395.44 
333.437 9015.75 5527.82 7228.15 1920.76 9993.23 8154.94 4219.98 2273.93 1167.28 
8260.68 1809.9 9663.66 5991.45 6947.23 839.028 7903.73 7480.42 2183.39 7199.07 
2122.44 6759.6 7015.87 3085.74 8578.92 1786.59 7254.09 5975.53 1518.67 8188.96 
4370.95 1852.11 7204.69 9898.77 9080.26 9125.44 9891.99 7235.18 3345.41 2165.9 
8402.46 1606.07 3975.8 8066.11 7597.52 923.01 8905.13 5501.23 8403.43 1088.51 
2700.29 525.852 7848.11 9716.16 3611.6 6427.02 1502.73 865.666 2402.53 3021.4 
9054.62 6773.48 4873.51 6259.29 6672.23 3953.75 5384.72 6564.2 1188.92 8730.13 
8730.1 9591.38 336.179 2705.89 7657.47 7933.7 3628.9 6562.58 3434.91 2032.31 
7651.09 6135.2 2558.16 5499.18 5851.33 6169.76 1926.18 7354.06 7035.42 4328.71 
375.447 6090.03 1102.17 5248.96 2349.3 7774.4 9202.71 7734.02 4338.59 391.613 
6464.13 3068.67 9982.99 6800.31 5774.56 7640.44 4733.99 9403.45 4203 8168.9 
1435.74 1854.08 4304.08 3993.9 7353.26 155.399 163.643 9279.45 7509.46 7199.06 
3608.14 7884.91 3289.08 4710.31 3133.85 5638.38 2484.7 2336.55 3372.39 6823.28 
2728.16 9836.52 9891.95 2711.13 6636.82 5666.49 351.555 1370.79 5069.93 4554.56 
9539.7 6505.67 6408.64 3843.76 499.558 3761.89 3999.16 663.201 3041.32 1508.6 
7862.27 6649.45 9393.51 1151.33 1359.75 2527.35 6789.71 3844.44 4863.89 162.078 
667.708 7592.05 9998.6 559.644 303.166 6635.4 6226.14 654.72 8006.19 1296.05 
5209.28 7545.87 7801.72 1617.9 1389.61 8301.28 5379.79 5388.77 8964.48 8421.1 
6897.37 6826.73 5070.54 6290.87 7978.05 6430.29 8818.21 4767.74 274.715 3682.09 
4929.82 942.424 1274.12 4928.4 1502.07 1577.29 1563.78 7728.21 2232.01 9569.97 
9024.25 7441.29 7115.83 6825.96 9059.19 8505.44 5127.22 4438.96 3894.19 4091.68 
2860.05 791.541 918.385 7930.59 7082.41 8896.44 4360.86 5900.6 3664.16 4635.57 
9582.69 8593.98 5578 856.796 3522.36 7080.07 2434.08 5086.15 4808.25 4666.09 
4656.1 3832.49 2107.36 1771.91 658.429 1166.53 277.329 5785.64 5605.49 4171.52 
9877.32 8465.53 4963.06 795.689 6396.1 2045.45 9692.13 756.947 7946.05 3356.27 
5392.52 7528.73 1950.23 970.503 8385.52 5472.6 8050.57 819.591 558.725 2858.81 
5485.68 5214.83 6691.3 7593.04 6986.74 7349.73 8759.57 7264.07 3135.36 4365.04 
1435.57 3012.66 2830.56 6398.62 3808.35 9226.66 8444.07 3500.46 9983.61 6390.11 
6856.73 5376.12 3918.82 8806.96 6346.62 2304.33 4279.54 4397.17 3123.92 4838.26 
7255.98 8609.6 53.0735 3947.26 6202.62 7039.81 1296.97 4962.18 4303.86 4432.33 
9327.22 5739.43 7444.98 2157.76 2138.03 1253.32 1384.41 582.09 4753.77 1368 
6972.2 1610.48 6744.12 891 417.422 3090.72 3195.33 4696.96 7487.89 6319.24 
9535.22 4743.85 4928.83 9588.3 8691.11 1131.43 6628.09 9988.08 6093.61 931.936 
4420.39 5420.81 6671.36 1865.36 7578.57 8809.4 3118.67 8962.98 9391.49 7872.44 
330.967 6363.67 9482.92 7075.08 7254.67 9900.35 165.786 449.978 4597.29 7653.68 
6769.22 4132.49 2397.51 1698.03 3720.77 1088.6 2829.46 348.847 1076.66 8923.07 
1280.78 5497.05 4343.86 7952.15 7362.41 1922.42 6761.53 481.067 885.379 6153 
8353.51 1216.35 2516.65 7836.42 8291.43 9771.32 7736.75 8457.22 221.283 2334.02 
6110.88 6990.5 6466.51 8508.38 8688.54 187.269 9596.99 1517.98 536.116 673.633 
441.029 1816.9 6170.69 4784.89 9769.05 3533.08 6707.3 6530.56 4014.15 7592.68 
2683.54 2367.64 8809.03 5200.2 204.043 7100.44 4971.5 7940.79 5557.64 5192.78 
274.791 1668.5 2183.27 6741.3 176.867 871.789 6928.57 9773.85 2389.77 7464.69 
447.468 2830.8 9281.59 6618.15 7615.69 9050.62 151.219 4322.97 5581.16 4165.37 
1915.64 8264.7 6533.01 724.651 3464.88 6737.05 7825.09 8436.38 4677.83 3382.72 
3629.14 4952.62 5051.22 5812.41 1693.9 5228.09 6684.2 8622.47 5001.92 9073.97 
6087.15 5449.39 1904.75 5368.71 2067.53 9520.43 4419.31 2218.74 3843.39 0.453792 
6384.11 5759.03 8265.15 2917.1 6483.68 1730.01 9654.16 4308.76 166.374 4331.96 
7691.48 3795.52 9284.58 2742.68 9607.93 978.465 7970.76 6292.12 9600.94 2972.67 
5366.07 5688.07 8422.05 7270.82 1056.76 489.561 6791.24 5476.08 2708.3 634.613 
5476.53 9092.42 6393.64 3741.67 2009.5 2877.31 5471.68 1663.64 7186.06 5638.06 
5995.6 4877.52 9433.57 5280.17 7620.2 9041.49 6258.63 5590.94 5333.59 5859.55 
8563.61 699.644 1547.6 6985.65 7970.47 2604.37 7475.21 4761.69 8080.44 183.495 
5396.3 3556.96 9275.91 1789.92 7298.63 1285.4 4667.23 2770.29 2949.04 1853.28 
8408.35 8944.64 6730.8 7841.9 4224.79 4350.98 6883.37 483.404 9941.93 2216.95 
6342.96 8505.52 2916.59 7890.56 5491.15 887.038 494.91 2966.34 5648.72 8575.35 
3149.83 1045.01 2132.3 2425.73 2834.93 9430.92 3711.12 7502.16 2201.2 6660.16 
9355.44 609.528 5604.78 6086.23 8451.43 9829.57 437.192 5334.79 312.957 379.103 
7551.73 6655.91 8884.62 468.305 4546.46 4375.76 1355.34 5041.37 7342.09 7004.07 
3616.7 491.911 8049.08 5749 2917.64 883.99 5179.91 6628.76 8386.15 7381.11 
3288.9 7741.58 7990.63 8893.68 3827.79 6442.05 8723.23 4264.98 1776.82 9036.19 
4644.08 9328.55 5692.09 3528.69 9796.85 238.529 7904.44 1152.18 5279.9 5246.52 
8156.25 8896.6 5738.43 6205.3 4645.58 8656.07 7089.29 9825.49 5284.81 5475.43 
7206.58 8573.71 3216.99 5197.19 7467.38 7044.78 1639.22 6190.59 1309.74 3416.04 
5226.77 5953.82 2744.57 918.841 9482.51 2541.4 1157.37 7386.94 3693.58 6437.26 
2633.44 1849.81 5333.85 8371.88 8055.12 9979.43 7027.93 5144.39 9804.9 2312.73 
619.806 7011.46 886.423 3836.8 2208.64 8353.8 881.558 3847.87 4544.38 2191.3 
7263.9 9771.15 8145.12 8.45704 689.97 7627.62 2549.86 1847.34 5014.54 6243.44 
8284.6 7647.98 8093.26 3618.43 6019.85 6148.36 3597.85 3047.76 1292.73 3402.73 
5360.49 1912.54 414.179 6246.91 5749.33 2622.82 4600.69 6630.89 6470.69 9145.07 
8822.19 3734.58 8916.2 6967.3 3743.03 9606.17 4594.9 6292.89 1453.49 9609.44 
2536.32 9738.09 7257.4 629.561 3356.51 3277.23 6777.92 6954.36 6324.99 8070.65 
357.072 1685.46 9983.18 771.251 7932.37 5732.5 3394.07 2533.04 2363.38 9864.76 
1678.09 1185.55 3599.32 594.276 8152.85 7342.35 200.427 2747.73 3635.23 1653.92 
2357.15 6171.55 1391.99 9614.55 6801.11 4748.5 2891.77 3579.01 1702.84 9216.76 
1649.64 2059.92 902.202 1632.81 2831.17 8834.57 7365.31 6225.24 1367.6 9728.68 
6089.98 3045.69 914.214 9689.3 3639.97 9067.06 7031.63 3840.39 1814.77 666.843 
5494.31 4171.92 6838.39 6886.3 3786.45 3639.48 1634.79 6678.22 7218.49 3337.64 
5894.96 8868.13 5397.55 6797.16 500.919 8228.72 5631.72 7866.22 4453.94 6999.31 
7594.89 543.904 44.9861 8509.1 233.186 3684.95 7576.14 7264.82 7525.35 9390.91 
7931.66 3019.64 3562.81 4770.04 9905.95 7349.26 8409.52 1540.72 4027.46 5627.99 
4878.36 9922.42 4496.11 275.89 6719.57 4997.03 8504.61 2351.27 2863.23 2958.53 
9350.58 458.105 3502.43 9395.57 8967.21 3735.62 3080.5 6543.33 1000.42 605.831 
5934.23 8932.08 3625.47 9497.04 3702.1 3531.4 6846.29 2111.6 5072.12 873.737 
7739.6 9950.47 796.144 2235.69 226.348 7515.71 7232.71 8730.96 9866.98 95.9316 
1689.47 9217.54 554.036 5191.9 8613.09 9521.24 8927.52 1693.57 6064.56 9927.94 
2299.41 1998.77 8860.01 5924.88 1495.8 2562.09 9456.28 8342.09 4673.69 4528.38 
9215.83 2413.27 4478.84 11.9542 4648.96 4705.19 7527.67 1881.66 3436.12 7394.63 
1977.59 5125.59 6612.16 2531.63 317.475 5225.23 2052.85 9245 6918.8 8117.41 
9172.92 9218.21 116.169 8032.91 5143.07 1611.97 594.98 4599.33 9954.06 5268.67 
9127.71 9169.87 7681.94 3606.53 9181.82 2330.89 8311.71 6709.47 4212.55 1747.82 
4104.09 6190.14 6873.41 716.225 8721.76 7190.89 5941.45 774.6 6435.86 2860.24 
8892.01 5608.77 2078.43 9008.18 3641.66 7221.5 620.134 4236.64 1820.81 574.177 
9505.31 948.505 9744.05 7187.24 4555.03 8925.85 9518.12 2866.73 5635.31 3730.66 
4614.55 9739.4 9920.79 1487.95 455.606 8642.54 8678.83 6397.06 9417.14 5114.68 
9257.3 8309.13 723.43 1335.71 7317.3 4365.09 8557.21 7937.43 8601.72 378.012 
8511.61 8107.02 1326.52 8255.64 5294.24 5881.55 7181.48 4812.34 8748.28 2816.77 
8543 3362.82 2556.15 8463.77 4850.77 3011.76 7106.3 3529.58 9408.82 6523.42 
8644.26 8666.1 4832.54 9367.69 1.79487 2149.82 3732.76 8559.01 87.2385 2334.47 
8937.02 8598.85 441.47 263.521 6854.47 5735.7 6145.07 4035.93 548.031 4893.34 
6852.7 9091.03 8256.16 9408.85 7554.79 3106.91 2420.59 4661.07 6636.49 1829.39 
1184.47 5280.74 495.471 6017.01 4648.41 497.266 8166.83 8381.18 9056.28 8254.07 
715.632 7993.28 6852.9 1157.1 8256.8 3707.36 6892.81 4401.86 7743.29 7440.84 
9295.2 4595.97 6531.85 7551.34 4004.81 4086.62 658.228 6425.4 8747.69 7294.72 
8254.79 9932.16 2575.44 8750.26 5949.15 7223.85 9247.53 4115.96 5605.01 8303.79 
2370.02 6320.64 6297.05 9222.92 7477.75 4553.84 2930.26 4370.54 8955.69 673.529 
1811.36 8250.87 5269.5 8343.21 5802.19 9274.31 2429.81 6460.42 5699.69 1177.48 
3755.12 3954.47 1109.62 6330.56 2704.71 7058.77 3554.39 1952.22 1174.72 9159.4 
255.993 3544.74 5480.03 6553.04 2767.64 2957.76 1106.86 5697.9 7328.29 62.5372 
6371.43 9139.65 8313.41 1640.91 7482.84 4115.59 915.205 9912.65 575.991 6614.9 
1090.12 4331.11 569.348 2199.74 661.655 3274.06 9258.51 4216.05 5226.28 433.22 
3375.43 5482.28 3977.96 8855.46 2035.3 6745.6 1813.2 3142.16 2443.48 9141.5 
3204.7 8814.91 8281.13 1518.09 455.8 5763.96 5633.68 1371 5676.59 6209.67 
7985.9 6766.7 540.767 8555.25 8966.44 1202.42 1829.29 8224.94 5418.47 7055.58 
8658.16 8793.9 2537.84 2636.1 7649.35 4573.14 9381.7 9462.55 7715.3 1825.16 
8604.03 919.983 640.053 6885.15 2438.08 1095.85 2649.09 8071.76 2466.86 8325.68 
4281.41 452.742 5092.36 4822.18 9007.99 4058.79 6024.6 837.271 2283.72 1443.05 
7892.85 941.859 236.937 430.667 3577.96 7886.28 5003.8 2959.65 7348.82 2719.09 
4784.81 5952.84 3639.07 5424.86 2837.97 6077.15 6520.72 5487.06 4148.89 8987.57 
3812.72 8430.3 9440.31 8905.08 3252.46 8448.29 2963.85 9277.06 9285.56 5247.57 
720.093 7178.39 6189.43 957.029 7609.06 9767.39 8843.31 2612.85 2727.02 6192.12 
5331.93 7511.83 2144.94 8971.01 2936.68 4982.91 5048.14 9457.4 469.947 9197.02 
8444.95 4282.66 7627.3 7885.25 3187.73 879.745 6333.52 6151.58 156.787 5619.07 
1399.13 876.879 2797.45 7588.56 1833.91 406.489 7355.94 677.206 3019.34 82.9407 
6869.32 8351.27 7594.77 9014.26 7322.26 531.437 3997.15 2370.38 9988.83 4467.1 
1567.39 8433.77 8749.76 9194.69 6319 1937.47 74.4188 2652.51 8089.05 231.205 
8271.58 9488.18 1108.08 1069.01 7076.73 2941.99 1475.5 4432.65 3619.2 4494.83 
4515.59 488.505 2846.09 2110.34 9502.77 168.328 2641.78 3499.9 2538.71 2630.6 
7967 4106.09 1064.35 6716.74 3300.77 7383.35 8654.21 3375.19 35.8416 6743.24 
3606.39 8307.42 6231.41 4714.48 9376.43 3308.12 7656.47 851.905 7740.77 1275.65 
5346.74 2256.33 1764.16 8192.82 4366.68 1266.91 8361.15 7008.46 4766.81 899.841 
9639.06 2733.79 5005.94 703.388 9450.53 8306.7 8086.74 8104.72 1681.87 8122.58 
4847.94 5288.27 6429.98 1079.34 2.72537 5806.39 4387.45 7659.2 6658.3 2128.2 
8934.85 2005.02 4384.54 698.99 197.82 8751.22 1965.9 8558.97 5759.66 6732.7 
9458.81 5398.7 9466.49 4464.73 6102.09 8917 2771.42 4188.81 7021.7 4453.29 
2311.37 1869.63 9741.56 8741.35 2948.96 9744.28 4547.73 7336.42 7403.46 1206.01 
9464.62 6338.29 3211.02 3849.14 7037.28 3408.84 2600.34 9003.18 1967.79 8360 
5735.86 1426.59 3758.68 5202.34 5891.32 9860.76 4119.32 8662.74 4049.55 1141 
3116.01 6360.92 3010.63 2857.55 5102.26 5959.59 2601.81 9649.99 3295.99 5.25294 
855.975 2760.59 6343.54 4067 6609.73 3380.81 7475.84 9210.06 2383.97 9443.63 
7570.04 8119.84 870.207 1328.7 3322.16 6761.53 1189.45 7441.47 5424.24 5239 
8582.47 8540.25 1599.91 1593.08 1397.78 6702.17 7552.67 3999.59 6352.14 848.638 
4004.84 7208.11 3609.23 348.372 1275.09 218.935 3729.18 8750.93 9429 6113.15 
8194.55 6999.02 4232.97 9064.75 8327.73 7555.12 5826.26 9517.18 4996.58 1250.49 
4756.16 3579.04 9790.74 6356.07 5172.12 1188.51 3058.22 2724.77 5188.1 9410.36 
3573.41 9192.94 6618.45 7182.63 9541.31 7893.54 7401.57 3270.48 6644.46 6830.55 
9383.63 4838.99 3829.56 3616.58 3903.73 2157.27 1171.69 9729.99 1674.43 6168.27 
980.463 6430.59 9747.3 771.188 2786.64 4919.4 1959.69 5844.86 7644.17 7147.79 
5255.2 1217.56 6340.72 1873.63 8400.19 5882.01 9767.17 5801.75 9152.49 6411.61 
2632.28 8536.1 1250.58 6461.84 2152.66 5154.31 8619.11 3324.35 4884.28 293.518 
9492.61 5864.74 6724.11 9239.9 6635.93 9510.75 4159.28 8595.62 5355.59 1803.43 
5743.4 610.77 3021 2084.1 2484.4 1421.17 7966.11 2251.55 7222.92 7118.59 
8663.16 9855.2 5654.67 9913.74 6317.02 7807.33 5068.03 4936.11 1131.66 9952.31 
5229.63 624.259 5817.04 1953.72 9864.16 2452.95 1464.45 4023.42 1048.56 6820.04 
5826.85 6791.96 7430.81 8847.85 8876.06 9915.21 269.005 6842.15 2166.75 7491.92 
3960.72 829.892 7347.11 9615.39 743.619 3664.11 7422.71 5811.65 8600.22 8554.37 
5763.94 3829.84 9178.63 1580.96 5783.56 9042.77 4033.91 7248 3066.17 5082.47 
4068.03 8893.03 1874.41 1498.82 7740.86 750.446 1414.01 8009.86 7592.6 3580.76 
5501.77 1553.3 4410.65 2848.86 1168.68 5154.27 6512.97 8591.39 965.9 5113.18 
7145.74 6729.84 8943.01 6324.35 8310.81 4726.55 5367.11 2344.7 1974.54 8433.28 
7427.17 6042.57 7326.29 9301.58 7541.38 5067.13 52.0079 8955.39 3076.98 7644.61 
2536.13 8578.75 9197.91 6946.78 1427.59 366.572 2101.03 7940.56 8957.96 3066.93 
3053.72 6103.68 9796.78 1996.72 2428.02 8107.57 6723.27 7795.13 452.252 8697.81 
6228.39 7879.42 4740.36 3554.66 7180.98 2281.73 8621.79 7232.99 1237.1 1698.75 
4877.58 3773.24 277.482 4075.48 719.999 1705.07 4442.05 2821.03 9645.63 3399.99 
5887.96 2699.34 9503.67 5684.72 4696.06 1931.68 3792.27 1419.31 9726.81 4244.52 
117.106 5955.19 2123.92 4857.47 9509.85 9304.91 7139.19 8131.63 6537.88 8376.29 
9830.38 1415.45 2149.51 107.847 5490.92 2869.51 1812.92 9932.97 5690.54 1458.54 
3332.95 1578.48 4157.88 2836.6 7263.2 8853.94 4768.28 1055.45 273.231 4495.08 
5299.97 390.337 450.249 7423.89 5247.8 9960.1 6728.78 2386.98 8091.71 3266.65 
763.256 7922.08 4682.1 2912.77 8029.92 173.007 5782.28 9842.84 105.963 1472.81 
1301.36 3438.91 3051.29 5459.24 6275.51 314.473 4313.16 1043.78 1369.92 4586.39 
5538.86 6669.89 4976.73 5989.11 4093.76 224.513 5949.19 822.53 2611.49 4040.89 
4089.18 3374.75 1962.95 8771.28 6287.52 9992.87 8944.29 2069.78 9835.7 9050.25 
3542.59 1137.05 2489.14 6593.88 6596.29 8764.65 6908.35 909.428 9808.43 8278.27 
5495.82 5347.28 4948.14 472.528 1336.37 9041.91 697.041 7285.56 9864.44 3308.53 
1326.43 3953.6 6683.28 3289.38 2724.86 2970.78 3282.23 1669.14 5040.56 3117.92 
719.369 8583.15 4254.96 3208.51 5177.01 851.23 1973.15 2085.34 1760.66 1781.56 
363.592 7256.48 7128.84 5311.73 7729 8465.21 4353.62 8426.04 5750.75 4218.04 
1734.56 7077.18 8171.65 8417.84 366.543 896.492 1388.6 3648.78 2565.63 6429.16 
6766.69 3285 5012.29 1021.64 6493.51 189.278 1872.87 8466.65 2274.62 3633.52 
248.202 2638.21 889.984 7377.04 7949.94 8618.99 5842.23 2303.55 7045.01 1592.97 
6521.59 8779.57 8670.15 4693.22 7197.4 9036.69 5589.72 8586 2685.45 8155.34 
5015.14 9452.14 1440.32 27.4126 473.764 7933.83 216.691 2346.63 6400.46 2491.31 
5980.16 6648.67 5129.51 6870.14 4025.69 3079.44 5489.11 9867.93 5382.99 2534.11 
1460.88 1904.57 1313.67 131.008 6597.79 8511.06 9167.7 2187.49 7097.04 1853.13 
342.814 2112.17 1305.26 1783.14 2139.58 1779.03 9716.96 2356.27 4125.66 6117.41 
4847.58 105.796 2766.06 9977.09 6975.94 6791.75 3056.51 2465.03 6659.66 8439.5 
4999.14 8120.54 344.053 6312.8 8251.55 6941.84 4823.85 7419.23 9129.33 1920.87 
9272.36 9472.14 4033.04 577.61 1255.26 6172.62 2356.64 972.21 8528.89 6482.29 
7089.62 3376.45 6588.09 9855.68 3353.52 3564.01 6647.42 6410.04 6029.04 3307.07 
4849.52 1028.16 1427.59 5193.58 7340.96 9679.13 2135.4 2164.79 7098.35 1264.72 
4085.66 6370.7 736.845 8118.71 6948.31 1992.11 4291.31 9304.94 2964.32 2820.18 
5787.22 53.9225 6196.63 2375.29 9909.61 9550.16 5939.29 6557.01 5960.18 1968.31 
9864.07 809.683 2996.47 1291.64 6003.26 337.41 970.761 8138.66 2502.2 8069.11 
9403.38 6587.86 4439.79 140.208 4706.55 1388.08 2132.32 8997.86 693 5096.63 
1818.02 6480.22 5150.56 8014.66 8855.5 5060.15 7564.8 4794.78 1617.14 3524.95 
6763.09 1481.19 4334.64 9759.56 2772.84 337.88 96.9521 3743.6 8476.54 2599.15 
1812.69 7879.91 9187.01 6252.48 8020.12 3893.55 7640.55 152.415 2891.39 8333.55 
5249.05 4709.42 4813.75 399.59 2724.06 3669.24 5459.74 288.835 8464.02 7076.87 
3813.79 5227.09 8558.07 8148.43 4986.63 1330.89 8486.31 5083.58 5074.48 6962.83 
7682.74 6887.17 4842.72 6869.73 3139.63 2862.82 763.266 780.172 3015.24 3654.66 
9113.73 8264.29 8364.08 3927.46 8663.88 1088.12 7596.7 4123.6 1376.95 6060.7 
1200.45 5190.74 1287.77 9758.52 3339.15 6274.4 1089.38 1825.44 1357.97 6163.87 
8788.28 9040.7 3051.02 3630.98 5910.42 6190.66 6493.81 6673.69 6970.83 9509.04 
328.327 6084.54 7773.31 8692.4 11.9832 6437.17 9780.52 7608.68 560.753 1157.45 
3669.36 1761.2 6348.19 4957.13 1519.7 9687.34 1231.51 2609.09 1512.77 2589.48 
8772.95 301.03 1630.17 1823.96 3932.01 7540.59 8014.62 425.804 4214.26 4985.43 
9934.85 4542.59 1069.96 7708.15 3234.97 1081.94 4145.3 3015.47 8690.62 4706.06 
4172.92 2359.96 6467.26 521.099 7317.09 7986.96 208.426 8548.61 596.034 1721.2 
1138.07 9368.99 2022.23 2768.24 1192.93 5954.24 308.816 9207.55 6380.04 4523.08 
4192.97 6314.88 9065.66 5262.93 4023.01 2300.61 6344.87 8168.31 5316.09 5035.47 
2874.35 9489.01 7395.44 9341.61 10.0913 4712.51 7328.56 218.518 3261.11 7924.59 
1939.71 4399.18 7293.56 3961.94 7167.42 8486.5 9916.18 7476.24 7694.04 6296.21 
1999.3 1886.99 2611.06 1064.94 7149.92 6634.07 3365.56 3494.77 4802.36 8681.64 
8530.24 7676.71 8170.63 5925.66 7018.31 8180.73 638.156 4346.85 8399.24 3899.26 
2271.43 338.939 8298.44 9564.99 4300.88 5465.85 8051.47 4217.04 2942.07 5745.49 
513.229 4941.37 7632.48 3124.29 6006.31 4782.38 9758.36 9371.86 8277.15 4560.71 
8053.49 6807.37 2237.4 6224.1 2733.01 9255.71 4404.81 3371.17 3602.54 2804.04 
7270.43 5873.97 3142.98 5568.85 5438.94 7443.86 1034.68 3490.39 1660.88 3976.75 
9235.88 2174.11 8918.12 6868.34 5298.4 4924.41 1650.7 5056.75 4296.25 9927.85 
9617.45 2349.72 6735.2 1854.84 8573.83 9468.22 1110.53 2978.62 2839.37 4713.07 
5782.66 109.78 587.016 8925.64 5678.63 6025.95 6369.48 6713.32 9516.35 8030.36 
690.049 8752.21 204.447 9608.17 5620.54 5502.85 4532.56 7271.24 559.576 8828.81 
7199.08 177.012 1178.52 3934.27 2031.85 9752.34 3402.46 3142.38 2730.95 6241.83 
7855.44 8513.61 6351.61 8442.46 7439.23 2030.23 4468.4 3808.69 8743.54 3984.73 
1839.03 9433.59 2736.92 2043.48 9041.74 8357.46 7546.32 3574.28 5628.68 8105.9 
2403.07 2827.75 8282.91 3581.59 6762.01 314.742 3333.92 164.458 3457.12 6064.87 
6406.29 1312.54 4578.46 2757.89 9755 2017.67 4788.11 4223.38 5826.36 3531.64 
8208.11 7665.39 2965.22 945.012 9708.87 2006.94 9302.47 7255.17 5581.22 4931.14 
5361.06 7984.3 7758.88 3643.95 1565.87 4520.88 3958.69 4899.79 4685.33 7415.81 
964.642 1091.61 8728.35 5543.1 3849.5 8483.34 7560.78 8637.61 2706.7 3387.13 
2169.23 914.796 1052.5 5134.45 1859.81 761.353 7141.39 1162.26 8016.53 2722.6 
6093.4 3377.57 706.88 3852.27 7021.52 2272.75 8373.14 980.192 7172.54 3058.46 
8396 8137.19 4150.07 7124.34 3680.27 7999.57 5607.66 1241.03 6637.16 8314.37 
4628.16 8806.39 9229.16 5680.66 3940.83 1088.95 6442.01 1082.2 2251.21 4458.52 
3804.8 8344.62 7836.09 4511.68 2196.87 4857.59 6784.44 569.994 5837.78 3956.96 
3628.46 4233.77 2094.13 7778.53 1358.09 5774.4 5778.08 6965.75 7015.44 2415.22 
5280.1 1643.58 1221.6 4509.24 7324.24 5162.43 5598.19 3766.23 6244.63 7849.41 
8224.76 49.4157 6194.01 6060.83 4561.1 8390.87 918.404 1345.52 8960.87 6756.19 
5302.48 2589.31 989.939 7396.61 367.817 2348.03 3171 6145.9 9313.78 186.421 
8561.12 4593.86 1830 9782.71 9103.1 9154.24 4945.12 4701.28 2920.45 1189.74 
2550.67 1145.19 1239.15 8744.68 7206.02 5800.25 7135.53 8124.43 7145.77 6096.38 
4880.6 2448.23 8685.69 5870.54 9844.85 9053.5 8218.57 3015.83 5199.38 7532.33 
3202.25 3760.48 2126.17 5032.25 3543.18 1229.26 4186.47 8488.3 5930.54 7106.92 
9678.04 8481.21 8252.12 917.17 7225.86 5458.12 6717.42 4361.38 3582.53 3863.17 
457.742 8463.13 6311.41 9143.43 4333.65 6156.24 8196.91 2552.2 9172.07 3396.28 
84.5127 2374.3 7156.76 2210.68 7406.55 699.916 3439.94 1593 9188.21 9370.48 
8699.93 8866.23 7851.66 6952.02 9783.4 5077.51 2410.13 6500.81 9438.89 5992.66 
363.963 9896.63 4455.78 6675.37 9040.04 8789.43 2831.59 7236.94 1341.62 2003.64 
633.2 1426.13 4377.94 7789.96 3636.81 1784.47 8489.87 7076.75 3377.48 7678.07 
6447.21 2077.39 6544.29 4298.86 9029.41 6327.67 9376.37 1439.52 2828.46 8815.24 
7432.19 3192.43 8711.86 1887.95 9867.79 7751.88 677.359 2699.37 4988.81 2018.97 
4703 5622.01 3445.1 9080.94 3411.94 7081.91 865.401 1901.8 4158.65 4242.88 
9579.87 605.843 6320.27 6124.14 4904.7 5349.66 2451.8 4281.05 6789.18 5280.26 
3096.27 4221.35 8472.69 1808.11 6109.3 8340.46 9559.99 6786.66 1039.81 4548.78 
8805.63 5742.82 170.771 2250.72 4823.74 3582.72 9332.63 5689.14 5484.52 3491.26 
9932.02 5064.37 4097.11 6252.27 1188.49 9001.81 1601.91 3640.29 3282.84 8391.1 
8920.55 6379.12 2612.43 7393.22 8187.23 8721.73 5733.67 7747.21 5508.36 6773.48 
2295.97 4313.98 2516.28 2466.74 6564.7 7340.02 6049.46 5897.31 3029.14 1533.96 
9388.58 2961.15 6598.33 3485.67 9213.42 7786.82 2487.46 815.316 1427.1 5770.3 
9206.41 347.629 2149.4 1818.82 7740.85 336.611 540.533 3474.5 8083.82 6048.9 
247.955 379.774 362.859 2764.23 2846.52 6927.55 104.231 8895.98 2824.85 3133.38 
429.921 2213.41 6094.52 7028.25 5699.07 5307.93 4815.06 8186.53 6123.24 6242.15 
3956.81 5329.64 6589.78 6106.21 7148.46 4330.61 6442.82 7689 7805.11 4526.62 
3737.88 8053.06 4906.39 4100.73 817.276 7752.91 1028.27 921.507 6648.87 3853.12 
4054.88 7078.79 6066.53 149.389 4107.03 1765.58 5457.32 8922.08 9952.11 1580.54 
5164.22 3908.9 6910.18 1753.99 15.0911 4058.63 6084.6 6457.91 1747.6 3889.69 
984.513 5485.48 1942.74 5890.91 9586.21 2760.01 3643.8 614.469 3681.52 292.657 
4467.59 7736.4 7371.45 534.097 7885.79 1478.46 2299.68 3343.09 400.529 2251.77 
4923.63 5564.75 6160.67 1833.8 7318.74 6175.76 5892.42 3403.32 2633.65 7640.03 
7293.01 3618.16 3125.49 9235.74 9509.07 2711.68 1995.74 3152.85 3326.15 5677.26 
3445.51 7793.74 3413.64 816.946 8327.84 1299.41 2295.41 627.497 4642.5 2695.94 
2879.26 9566.13 8260.69 9039.93 1399.91 5579.41 5215.67 7292.34 8982.72 7849.32 
4932.34 6275.72 1467.46 8057.83 5511.44 976.517 769.499 7507.18 4129.37 4095.65 
3184.42 7574.88 1889.38 6598.06 8391.83 217.197 7897.48 687.221 844.693 2539.96 
3383.16 3723.96 2106.08 1643.83 2763.87 3505.99 7223.23 7979.54 798.31 6205.94 
5828.84 5730.65 2481.64 7296.3 3788.47 7993.08 8272.82 4557.97 5500.25 2402.17 
8653.62 8684.67 9977.06 542.979 5282.71 8368.87 760.176 3180.17 9056.09 1604.87 
5720.13 2439.23 5328.83 7826.21 4083.06 8092.69 1332.19 1306.28 6072.21 2130.5 
7512.21 1901.03 7861.15 9993.85 9197.33 1649.6 7986.92 7470.13 6207.57 3487.15 
9872.3 4861.17 2171.8 9849.35 5404.15 7454.51 8218.2 6164.33 634.669 7274.28 
7769.2 6354.8 9713.51 3098.01 4181 3796.55 1190.68 5513.18 5102.83 7262.89 
7643.68 2615.03 9163.92 5504.81 2608.86 8361.24 7154.41 595.766 5831.35 3361.96 
4082.91 5703.64 8223.13 6254.71 5552.97 3627.27 3709.21 3771.15 9791.59 4343.88 
1045.41 7560.77 698.665 758.906 658.763 4879.66 4555.46 1849.44 392.824 9658.29 
9112.34 8036.5 2273.3 8276.24 3541.29 4882.17 6637.46 695.684 5477.93 2468.8 
4057.65 9560.85 8172.44 2280.76 5815.54 3725.39 5908.03 9524.75 7496.54 5699.61 
3868.62 8541.95 3260.36 4567.28 9300.86 3919.13 9446.94 3856.3 5768.57 9839.77 
3514.58 4880.89 7876.25 5787.88 3157.12 1417.52 670.029 9794.58 2113.21 6147.96 
2263.36 6170.85 5708.79 435.779 8451.61 1524.32 4161.17 4359.63 1049.06 1657.69 
59.2159 4917.68 199.628 3319.58 9484.96 9500.49 7238.71 8931.88 3356.77 3007.26 
8771.63 6871.35 7888.16 6647.87 2659.21 1045.26 8065.39 3329.24 839.819 178.583 
9477.2 3103.18 6349.44 5185.98 3538.96 4801.03 6710.3 7700.13 9160.66 7759.36 
9357.82 9219.88 2677.01 9557.45 2539.44 2161.95 9057.92 9778.15 1093.82 2414.67 
2785.39 9865.45 9286.02 673.532 6513.3 1945.22 1718.79 4578.68 5274.46 2558.61 
4757.26 4751.64 5661.79 1106.68 9937.62 9200.75 5907.72 6647.9 6900.85 5068.36 
4407.24 6258.65 4288.22 7084.26 5816.08 6827.66 9246.21 4873.98 6605.79 340.016 
7288.65 9391.18 205.454 6574.66 64.6955 6718.76 8519.87 1783.48 1297.42 3794.31 
4342.09 6054.68 8545.96 3.86067 7161.36 8483.57 9204.61 3069.06 5131.45 6105.44 
8137.42 9538.7 2364.08 2425.62 6622.94 8180.16 9253.28 5869.13 3054.13 5859.05 
6209.15 342.762 5250.21 6414.6 6917.42 5314.91 3133.34 5437.28 7098.39 4430.76 
9231.59 1440.46 485.429 7777.53 1444.32 7646.79 6261.08 648.913 715.837 1392.52 
6754.36 8853.26 931.199 9118.44 1278.86 7554.14 7298.58 532.12 3423.25 352.691 
6391.17 9632.4 695.453 1641.36 6046.99 7612.87 6956.27 9180.33 3050.13 4054.64 
3611.08 2281.7 5495.1 4096.51 59.2202 6939.43 1743.28 6320.3 7588.34 2459.12 
7712.82 4342.68 1312.36 8644.02 3461.1 2591.22 6198.14 759.661 3123.34 9621.39 
1112.35 9514.51 9253.78 1807.8 1155.85 5300.75 9420.68 8112.12 4481.06 2470.79 
2166.74 8092.14 4752.49 7661.84 2188.63 4811.71 4601.25 3931.91 1132 2189.57 
6391.03 8844.82 6532.25 7703.39 7488.82 9993.34 294.591 3686.95 752.989 3417.93 
3308.32 1865.34 2932.42 2562.08 3673.15 4088.27 7862.83 3093.81 2200.37 2343.88 
5564.59 4367.11 435.997 317.071 2028.93 2624.62 5128.78 6630.18 6556.53 6260.78 
8819.75 2947.55 5105.59 5351.98 650.917 2594.4 5345.3 945.508 6281.34 6098.29 
4363.44 9589.67 7963.63 7295.86 2151.74 1636.76 1384.11 14.5521 4730.57 3584.48 
2358.43 295.146 7951.59 2794.42 612.217 9980.51 5419.05 5741 6610.67 1975.57 
2001.77 5430.4 4923.11 7107.36 782.363 5574.03 9701.75 6127.67 6519.54 5983.08 
2225.94 882.957 5572.73 189.561 8178.82 7724.47 1826.32 9562.93 7739.02 6556.89 
3147.39 97.4321 6852.04 1098.96 2891.86 7464.26 1079.46 8310.91 3205.24 7690.13 
286.453 5207.01 3120.52 5209.56 2314.35 3902.88 783.575 2016.08 30.5304 7303.11 
7999.16 2256.47 8186.07 3571.88 2446.04 6364.87 1296.33 4272.36 5927.78 9035.35 
829.236 9075.17 9132.78 7681.27 174.11 2024.62 5145.51 1253.57 335.509 8350.75 
8943.7 621.962 3557.74 2064.2 5831.53 5872.09 5967.08 6615.1 7888.17 5997.61 
3918.19 5887.32 8254.08 2104.24 9459.19 700.103 8469.11 755.505 4972.46 4396.87 
9790.86 5801.7 3472.02 8923.62 3482.96 3646.13 948.226 8628.47 4899.7 1283.74 
6979.2 3843.38 1905.7 536.93 5907.58 7737.22 6409.02 1874.64 4352.31 4297.17 
7872.25 8270.5 184.474 6126.32 374.731 9643.67 6826.42 8843.84 399.155 1798.87 
3240.69 189.993 7600.57 6712.71 9113.61 1083.51 358.819 61.8231 9711.98 5258.51 
1345.56 6691.16 9101.89 3251.26 7228.09 5009.45 988.464 3637.1 6884.1 5340.77 
7934.27 4756.33 3611.26 8118.75 882.632 3985.99 7762.4 7709.05 2829.81 8161.55 
9507.92 6070.51 8351.54 7108.47 2783.2 7465.14 8191.98 3142.02 7526.97 7903.94 
8400.53 8872.52 4595.09 7502.41 2123.76 1823.16 2511.85 3112.23 5460.26 9395.94 
8453 3394.52 4152.25 2064.24 1513.24 5034.89 6050.23 9275.64 2743.92 8880.04 
7437.18 2251.83 4950.53 5788.7 9360.3 7733.73 3253.83 7552.27 875.731 780.776 
5456.19 9276.26 9653.3 51.2655 6778.65 1777.05 1874.43 9290.5 4889.27 7334.69 
8686.43 3342.25 729.19 2838.66 5406.49 2242.44 7873.55 1456.71 1518.06 617.457 
336.734 8955.24 2869.29 5287.27 4743.92 2229.58 3020.98 7997.75 9781.84 3896.71 
8778.53 5238.02 3172.96 8431.81 5289.29 9951.61 208.837 7163.72 9242.09 5098.11 
4498.39 7928.5 8440.36 5227.58 767.15 3846.84 7470.02 8640.7 5303.55 8988.08 
9258.16 5640.28 7943.3 2127.43 927.529 2687.2 4357 3948.51 684.933 4138.83 
7845.22 9463.46 9376.86 1018.16 7895.25 4666.13 969.753 8104.09 1829.83 211.831 
3202.18 6328.22 8140.33 1642.53 1555.79 8907.48 5489.36 9025.81 7548.17 792.893 
8013.87 6806.31 6433.17 5957.15 8933.74 7360.7 8644.35 3290.72 1309.19 9329.28 
7429.56 9154.41 8792.72 6806.39 172.555 6687.96 1472.5 1142.31 4792.03 3302.33 
1354.14 7994.21 9630.55 9494.47 9636.73 1186.32 8401.94 5126.08 212.115 5950.09 
5918.97 8225.98 2756.38 2352.13 4183.12 1690.1 9712.83 2827.45 4980.82 1022.01 
2156.71 2410.36 176.405 949.423 9216.76 348.96 7637.38 689.242 1491.27 2429.39 
3991.57 2845.41 423.584 3622.11 2339.86 60.2997 4808.44 741.785 5186.38 5020.55 
6691.88 1105.34 3246.52 9448.26 3457.47 7429.64 1138.34 3170.28 257.067 6119.16 
4192.29 2413.78 8529.52 4368.7 3363.2 7746.26 4717.66 1000.57 8435.5 6208.93 
3429.96 2427.06 9054.33 3853.54 6049.17 1394.18 3913.84 857.593 2135.96 9100.22 
5878.14 8827.84 205.544 9124.66 8276.08 3663.01 6554.28 9414.42 6833.29 6811.35 
5533.56 1025.57 9225.13 4063.07 5394.26 2588.32 1809.31 111.903 3588.88 244.799 
6320.83 7018.85 2671.86 5375.14 872.373 8721.03 6769.32 4786.22 9578.63 8905.28 
3886.42 5456.76 7733.1 4091.97 4581.4 6009.16 7754.98 1135.67 5423.56 4588.25 
7947.01 957.101 5613.82 7172.13 5020.17 1008.07 9760.44 6829.48 1119.97 3349.31 
7074.28 7440.8 368.137 9746.14 2815.92 1240.51 8467.15 9585.24 6026.73 8045.77 
8490.51 9913.15 3502.5 6223.59 4005.1 8083.9 2232.74 1760.06 9219.57 7656.3 
6348.32 7166.57 8613.4 1962.12 4338.68 3633.55 2970.19 4099.1 463.007 4090.16 
7448.41 7537.28 1530.94 7816.55 7283.4 4346.86 9057.05 5750.54 3932.09 5083.76 
3796.29 2422.58 4996.9 7298.79 8646.18 9002 5382.68 878.897 762.043 4602.23 
8535.19 7110.36 1768.78 7148.57 9072.48 6107.46 782.103 2042.65 206.543 1245.11 
6132.81 7654.95 8782.39 7663.75 5471.48 6065.78 2010.6 4528.52 1816.3 5942.69 
9612.28 5612.59 8365.27 4609.16 2911.37 7011.43 3611.14 8294.05 7890.33 4373.19 
2896.27 6425.51 1483.53 4665.05 3574.06 555.994 772.494 4356.17 2598.65 979.037 
5601.28 8731.46 8633.99 4383.65 6395.19 4105.45 449.416 8405.79 8633.97 2265.72 
4348.47 8246.23 7878.31 2713.72 2855.38 789.665 9725.16 6466.52 9083.71 7615.47 
839.693 1979.96 4040.96 2323.22 6645.02 7615.02 2879.22 7417.51 1971.17 5477.86 
8396.55 7572.45 4209.3 7030.52 1956.08 604.479 1135.95 2405.5 9010.27 9769.92 
4671.22 3358.72 8016.14 2549.52 6072.44 871.501 3339.18 5797.58 7338.02 2422.88 
3413.03 8177.72 4402.84 7453.99 500.923 1047.84 5068.99 3380.14 8465.35 7040.16 
8858 6861.88 4612.59 3067.29 3892.38 6568.68 3671.77 5028.33 8974.18 2682.02 
4798.23 3645.38 6040.74 2814.36 6194.9 2113.16 3685.86 9534.08 7910.74 1023.86 
1956.95 1323.75 9201.58 6359.79 8777.74 9702.5 7407.63 3846.72 3082.63 5872.97 
886.865 1940.61 2734.83 5499.46 5007.9 6627.21 2068.12 8679.67 1655.53 1042.29 
1361.67 6453.76 4687.67 7402.41 9268.12 882.554 9515.58 2953.95 416.621 7426.3 
3977.82 2373.57 8750.05 3179.38 8733.36 7527.78 2881.87 6140.98 1374.48 5964.49 
2013.93 2261.34 7905.1 4748.76 7760.8 2912.99 1375.95 9828.93 1592.64 3031.48 
871.196 2954.31 9485.24 5558.87 356.71 8753.34 6441.42 9872.29 1707.27 6858.04 
7298.57 5685.09 9231.61 6048.6 8864.47 7964.95 3576.36 1746.32 4105.91 4950.84 
7710.81 6119.84 7212.19 5615.9 868.576 4972.97 8528.89 2244.53 4801.88 121.511 
5276 5673.08 3075.82 4761.23 1231.93 3432.53 3514.54 7673.35 3304.8 5221.82 
4531.37 603.352 906.892 3762.97 6651.96 9771.36 1727.9 228.301 1517.66 5833.81 
5179.14 9228.48 1953.63 2391.31 4844.36 2822.2 7364.29 3373.23 5066.73 2166.15 
3494.74 342.719 7839.23 6570.56 5103.94 9071.16 3.0795 8618.49 6744.49 3307.88 
3840.29 1275.85 3911.23 4747.18 5038.82 563.173 4518.53 6766.72 791.474 6036.19 
2600.51 5970.62 5264.65 4554.14 8361.93 108.989 7376.34 5726.2 3482.22 2443.05 
7892.35 6976.95 2785.77 5731.57 3547.5 7889.72 4802.71 3550.58 6508.19 1547.19 
6858.46 348.463 2823.04 769.677 5095.64 7861.85 1332.85 9614.17 4628.55 2124.32 
5650.35 7229.06 8094.94 914.977 1783.18 6456.85 1023.97 9159.52 2183.04 4506.18 
1602.56 75.3737 1483.12 4388.33 5806.94 5030.62 2278.03 609.638 8581.19 8786.22 
2156.83 5439.64 9134.69 4979.87 6209.31 4230.31 2841.7 7542.16 3844.47 7470.25 
9666.49 9494.81 4699.3 7761.41 409.772 6482.48 4218.25 1433.74 5641.98 6401.29 
5939.92 7244.54 6476.66 7423.04 1632.85 2283.59 2453.64 3910.89 2893.22 1034.82 
2697.09 5050.05 6474.45 1831.76 29.9003 2683.75 6062.07 2871.6 225.894 9906.54 
341.839 9892.38 9401.33 5041.14 7653.77 9811.11 1523.6 1872.01 1244.83 7165.57 
8273.29 7184.75 4410.1 4749.94 4607.77 6042.95 7033.52 7061.41 9953.83 9926.75 
8096.23 2650.91 4976.78 4570.66 4482.67 5006.68 7254.41 544.721 7878.29 7480.3 
451.242 8220.12 7372.67 9852.58 3261.24 5026.42 9663.66 4784.84 6898.43 908.473 
1950.4 5171.71 8093.22 6360.49 9921.64 2700.98 2403.42 6955.15 9762.39 2357.24 
6881.88 7858.59 5008.15 1858.65 2429.24 9490.81 6865.33 9683.65 35.5188 4743.6 
7163.93 486.761 2963.71 4536.58 339.319 6224.95 9563 2.96529 1009.77 6461.42 
911.438 2960.17 1633.11 9004.66 9320.66 1554.73 1705.62 1724.06 8509.88 1467.99 
4081.3 5391.75 9326.58 9089.45 7250.4 1755.8 8580.25 4115.71 1439.43 8615.77 
8859.31 8603.36 9102.53 1823 3139.92 9441.85 8047.95 2702.91 9444.82 9057.72 
9164.32 356.237 2017.87 797.41 9360.9 1338.51 2352.14 1066.5 3062.57 862.01 
2534.48 7143.88 6253.76 1861.05 6233.32 3504.14 3616.85 4813.55 7619.85 5056.28 
3429.3 6479.15 3659.62 2531.82 8302.15 6799.54 1973.65 6350.08 9502.45 1418.45 
5407.78 8666.75 1774.69 7425.65 9464.16 1135.56 8764.16 1816.29 2202.06 1826.72 
2678.3 4736.54 8970.6 8932.06 6597.59 5203.9 2436.18 214.422 17.4357 56.0195 
5270.7 3446.74 6535.17 8930.32 5978.56 4837.3 5729.84 7952.21 1187.36 5232.27 
9370.66 6595.14 3899.01 1145.32 4020.78 3363.16 2280.89 2784.93 5179.45 4482.95 
4611.65 7857.75 9219.49 3582.24 6789.79 5817.07 8786.14 9225.98 6031.49 8803.57 
9282 1302.17 2250.3 5817.15 232.475 8228.85 654.426 5962.32 6181.04 1841.79 
1194.58 5551.68 8436.93 5093.59 6697 2457.7 8456.75 8977.89 5242.63 3636.18 
3460.82 9854.28 1493.91 2680.3 3436.5 8283.71 8497.37 2222.62 7509.67 4528.85 
1026.18 6791.64 5831.02 3276.47 2608.77 6063.49 1505.31 3263.2 2025.8 7686.35 
5104.98 3220.37 3238.01 3541.9 8313.96 9935.02 5999.6 6770.69 8912.89 1242.2 
406.856 2373.7 1096.46 1900.77 5054 4532.96 184.457 3551.36 6755.58 7694.12 
8080.2 7781.75 4485.75 3911.2 1058.21 7094.52 9974.7 2563.52 357.705 2000.48 
249.852 5462.69 5220.85 3487.87 9004.59 3534.79 3422.87 5004.17 305.469 2335.75 
6246.37 712.325 4709.45 7342.84 2613.09 9763.45 1875.78 2797.55 3314.79 8631.36 
491.656 1394.97 6413.1 4977.41 5306.18 7471.3 2071.91 5280.86 34.8048 2429.62 
7281.34 284.657 7892.31 2502.17 3772.52 6896.88 6036.96 7195.39 1901.03 6342.43 
9531.14 8147.4 7054.76 4240.57 5490.22 9667.85 4004 7366 2465.38 7318.79 
5997.34 2957.04 8713.77 2410.42 7934.44 4019.93 9881.73 6.34017 9300.79 9916.53 
2435.96 6582.11 201.171 328.247 9084.27 3973.69 7225.13 5121.22 1169.07 9126.16 
1463.63 700.193 7273.54 8518.39 4940.76 2763.75 8186.22 8944.77 129.738 651.591 
6263.54 6127.08 3608.63 4977.29 8537.51 1543.06 8997.22 8419.21 1549.4 8297.99 
8335.73 3985.36 4880.08 8536.9 4313.6 3964.34 2510.58 1538.71 9085.56 3679.65 
664.853 549.176 4379.84 7938.4 9067.57 9320.6 702.133 7253.77 8265.35 831.871 
7905.36 4528.88 6958.95 1513.98 9506.17 5496.44 3057.04 8503.38 3915.64 4606.43 
6801.35 2251.35 8591.79 1681.42 788.235 2905.37 5645.76 3298.81 4444.09 4731.3 
6978.46 5108.94 5280.47 1358.29 3047.32 4348.02 678.873 3749.45 1601.78 8944.23 
4581.32 9507.15 3473.09 1540.26 1021.11 2979.25 7036.7 4078.14 1482.61 952.325 
8684.58 8283.96 3203.68 7276.35 9965.38 3991.91 181.706 5611.12 7290.72 4625.79 
342.397 4269.17 9734.73 5622.87 5627.45 2782.03 9970.89 6306.33 6531.49 1572.66 
5250.54 1112.79 1079.79 8723.63 2653.05 2100.89 1702.86 9689.75 6179.03 3185.47 
642.062 4863.59 1469.41 3845.74 2139.92 1434.77 7837.65 2321.63 7045.89 5128.36 
6947.42 7388.29 9397.53 6682.14 3011.14 5024.96 9464.17 2982.02 1331.27 5995.64 
4554.67 6581.81 7108.43 5634.46 5305.42 9761.48 7735.35 7008.28 9451.22 3914.37 
193.728 93.2654 8777.96 1663.14 3939 917.865 3097.91 1776.64 3239.5 143.782 
6905 186.9 7532.07 6302.51 6869.04 543.192 1327.45 6333.19 3525.21 2658.73 
2328.81 8079.88 9240.54 9437.24 3714.32 4545.94 9198.71 1449.66 1554.21 8649.91 
5364.02 1747.93 8743.18 4141.96 3411.07 2682.16 5059.83 6508.98 4458.8 8299.32 
6652.76 1363.78 8486.22 4184.82 7666.29 5355.24 4728.01 8993.75 1688.42 8253.22 
1652.46 4017.23 6333.08 892.979 3454.45 47.3879 5438.92 2653.14 1497.04 6993.13 
1303.04 6861.07 8741.06 46.1954 1003.01 2152.11 2728.36 6062.84 8661.1 7187.16 
4362.15 5313.84 8550.95 2848.36 9498.66 6217.22 8203.6 4226.65 5210.95 9892.02 
2479.85 6863.41 3909.23 8812.93 7756.39 7363.68 8860.32 3195.29 16.8045 357.348 
188.4 1319.84 7218.42 8929.46 1366.04 8221.43 1081.56 4094.4 4284.26 9742.66 
1281.54 8646.41 5056.48 9832.49 1494.75 4555.13 6049.69 9698.35 8781.78 1260.62 
9590.35 1261.61 8124.03 3499.57 74.5293 5880.4 863.227 8934.85 9075.69 880.032 
9292.2 9264.09 2199.87 6510.6 8193.54 3565.91 4732.01 9275.09 7660.3 9016.27 
9017.73 8941.84 7662.66 4074.2 8774.32 9157.41 8629.33 4823.99 8855.75 7411.09 
6084.61 8446.08 8672.7 4208.63 1945.63 8747.23 89.0107 2808.86 7682.06 9164.7 
3688.89 6974.24 8428.78 5888.76 3484.82 6622.29 9454.67 8216.83 5897.37 7114.96 
7233.08 4915.09 6056.79 4895.73 8989.28 4831.09 4053.12 7618.59 9655.08 2908.85 
5029.66 5739.67 1354.92 3702.35 9948.3 3300.55 2449.56 37.2919 6109.41 131.606 
9201.99 9798.3 7105.85 7630.75 5687.05 590.657 4253.03 5141.71 8807.49 150.385 
2256.65 6040.56 5065.47 8313.44 936.266 4054.74 3144.51 4989.39 1673.31 2799.57 
7898.23 6702.97 8539.24 9253.15 405.303 8487.52 2553.68 2854.86 8524.81 8663.09 
2986.47 7726.79 8461.38 92.303 5357.52 4148.41 682.96 9610.55 9290.12 9490.45 
9760.94 1546.75 5530.99 4826.39 9860.19 6467.26 8881.13 3004.68 1456.63 554.422 
5804.24 9354.86 7257.4 4343.46 8608 7662.7 2830.97 1161.66 517.544 1355.76 
9824.76 3504.01 9082.55 8286.12 3596.32 4440.05 2434.51 4279.28 4050.59 1724.61 
3769.71 3811.51 3271.36 9300.7 8637.9 3131.53 5767.94 7519.02 6136.21 7224.57 
8073.44 1940.44 6579.41 5330.82 6283.9 5187.39 2993.5 9114.87 6349.05 3511.04 
470.608 6173.79 7015.05 9553.15 4459.89 611.352 3993.19 6894.4 4890.63 8043.78 
8619.02 8660.34 1855.27 1890.36 7961.02 493.161 5021.89 3728.95 8012.18 1158.08 
953.499 6085.6 3098.52 7532.91 1416.4 9382.42 2720.28 4409.89 8497.27 9069.33 
7920.93 8967.88 5243.11 4935.97 8521.02 9703 5547.32 2514.19 6597.38 437.932 
557.953 5216.38 9098.27 2413.23 7106.74 7059.28 2906.39 2128.62 788.208 918.547 
3286.7 1741.71 7004.14 6385.22 9274.62 8420.54 5767.63 1994.88 2830.42 4264.89 
1064.2 751.332 3232.75 6307.31 5687.3 1753.75 6010.29 1234.61 4267.94 2607.65 
1672.54 4825.9 7824.04 770.792 7239.12 4930.76 7830.07 145.494 7059.38 8618.28 
1064.04 346.067 359.966 8068.19 6731.29 9634.58 6488.71 2498.91 1629.45 9319.12 
6763.79 2693.65 70.4384 9996.54 9000.95 5757.74 1750.28 5011.22 6992.35 6018.22 
7618.88 8664.88 844.101 5442.9 9435.67 8083.22 373.646 7265.73 8228.72 7433.03 
5883.99 9292.76 7779.09 6243.95 7360.93 4510.37 5878.52 3849.62 7009.27 7507.97 
3168.73 3773.05 201.599 3239.16 3769.57 9202.55 8996.9 5519.85 4213.76 5989.23 
1538.06 1832.62 4654.1 2382.16 7275.52 4089.76 465.366 7649.17 1355.47 8694.08 
5082.18 7239.45 7986.83 2861.25 3483.39 5347.74 7371.62 9361.91 9197.36 4380.88 
6869.86 2366.07 8153.93 7071.46 5605.23 1923.49 6273.99 4602.12 7443.34 487.735 
591.336 8981.4 2320.36 5245.44 1363.54 9595.88 9335.19 1828.9 7245.03 690.642 
522.969 2327.19 7930.1 8509.8 5188.44 1413.47 3857.52 2560.05 775.359 3054.86 
6940.92 7645.22 5420.93 5094.84 4716.66 1026.14 7018.32 990.634 5628.26 4461.64 
1478.37 6219.6 3443.02 3798.72 1465.02 4806.56 3394.58 800.194 6635.46 639.592 
1490.84 7158.43 2966.78 9420.93 5668.21 8155.22 834.382 9525.73 715.245 1609.74 
2580.57 7656.17 9254.96 8001.5 2750.99 3971.6 9027.64 9769.31 4962.23 4655.89 
4230.94 6440.6 875.475 7673.96 239.312 2340.49 2480.5 3633.9 3140.69 9115.96 
4273.49 4631.52 6274.37 7240.27 4052.44 1942.56 5395.47 4886.82 1468.27 6110.71 
6496.56 4048.84 3766.86 5751.5 2050.32 6517.85 9723.11 1077.95 6287.15 4685.32 
5733.84 518.068 1125.91 6609.32 8192.03 1365.22 8949.81 672.509 4999.12 2090.48 
9788.47 9272.61 6722.01 6062.82 6512.85 774.428 8005.38 1908.3 5661.25 9473.65 
8019.01 2157.79 3522.48 1785.86 7909.3 5572.8 8303.71 7632.39 6650.76 4590.84 
2317.69 2384.58 5108.91 3443.6 8993.9 3300.92 4808.82 7943.7 3973.43 9807.94 
34.1616 3761.88 9080.53 6756.17 9824.71 5593.37 7530.6 7830.07 7501.67 3191.83 
7303.71 5520.67 5349.62 826.171 7306.53 3258.9 6398.97 5610.23 891.271 3049.71 
201.055 3208.96 5434.3 5309.97 6652.57 4428.18 8610.89 1461.37 2371.86 2584.31 
1269.3 2406.02 6346.19 349.813 9162.19 6170.88 5943.18 6692.77 4000.93 3444.84 
9884.59 1304.62 8965.51 5234.2 2130.79 6272.02 8493.1 8529.77 1882.23 9384.37 
1579.46 2083.29 2593.32 7013.76 7393.26 9245.88 1441.92 6004.13 707.241 3813.78 
8588.44 1976.54 6219.8 4934.61 2326.35 5381.97 1105.47 8269.54 2074.72 5106.4 
1714.36 1959.3 6411.02 679.849 7193.5 8541.82 6951.87 5686.58 7071.57 8834.11 
5070.94 8651.03 917.378 7664.26 5664.78 8310.63 6910.12 7106.7 4314.75 7617.36 
920.46 2903.17 9593.9 7140.26 7837.78 1920.24 2522.21 8943.25 189.756 4596.93 
4049.63 1904.11 6556.23 460.636 2583.96 3749.7 9002.45 9535.83 9436.28 6074 
8369.92 4507.2 4725.02 9287.3 2171.44 389.777 7597.92 9081.57 7496.48 1912.65 
6698.91 8416.94 4815.82 6292.8 5557.18 2653.58 8213.04 8079.39 1596.81 8402.79 
2676.3 5646.43 306.891 9232.52 6107.07 2890.85 2982.21 5109.51 2426.67 2418.48 
1183.49 796.578 6925.68 5908.51 83.8636 9097.12 6298.29 7681.78 8178.67 3794.75 
9594.43 4877.57 2211.66 4410.24 1170.36 7768.84 7063.81 9383.39 5848.21 8660.62 
7786.17 8524.51 4307.03 8093.06 7757.02 414.088 983.899 739.21 5523.59 3410.57 
3157.69 6707.09 4207.15 83.3522 2615.58 4291.01 9180.48 8913.87 1972.78 7359.13 
2708.6 1567.2 2236.69 4920.26 5977.43 3407.04 2689.09 3041.23 2790.42 8537.3 
1701.83 576.576 7061.79 6008.86 8669.64 4818.79 6422.95 9653.54 5558 1946.53 
3064.09 8715.69 8653.61 7271.24 8799.04 1269.18 1562.23 7979.5 183.031 3535.01 
5338.62 2891.63 5102.21 7575.3 7811.89 1079.62 982.332 500.962 4120.85 3772.75 
9038.26 5822.67 4349.33 6100.03 1831.52 3018.95 918.807 8254.46 2672.47 6476.81 
200.975 5736.56 5192.48 8854.59 3007.78 3991.5 123.75 4570.01 1970.99 306.781 
8105.02 7309.6 3198.41 3207.21 4884.89 1010.29 4286.83 5867.22 1511.25 8407.68 
9639.97 549.491 4230.33 3989.29 6649.52 6061.85 7008.23 7568.33 4316.3 9680.71 
4045.12 4517.27 5417.25 9237.6 3371.84 8425.03 3229.09 3495.59 2995.02 5200.07 
3802.37 1100.03 2509.66 7000.78 4307.24 7394.55 8011.07 8594.07 3261.76 9522.32 
7001.73 2901.71 71.7898 1232.05 6891 6721.31 7293.89 3899.22 4289.63 1610.17 
3579.9 8334.75 6127.44 8997.15 7572.34 9499.28 7422.16 801.408 2994.86 417.167 
6001.48 6797.23 1517.19 8511.14 3798 5824.43 5905.67 1809.05 4418.49 9167.43 
1331.35 1420.2 2069.13 1403.14 2652.25 8960.13 8124.45 9946.14 2859.33 2414.06 
1556.3 6439.23 748.8 7683.74 5436.37 8321.14 7183 2858.51 9122.54 177.847 
3275.68 5124.01 6975.08 4792.87 3635.13 773.06 617.29 9540.81 2582.11 5035.78 
8708.22 3913.46 6455.98 777.332 5316.59 9108.23 9737.46 3441.03 9054.35 2596.77 
5855.1 610.633 9036 6603.9 8294.37 4472.35 4925.02 5477.36 7330.86 4047.54 
5655.21 606.52 9171.55 2630.27 5399.39 2806.67 3403.33 6016.68 2347.46 5985.44 
1052.44 1055.67 9898.89 7508.42 1833 5215.47 6616.64 1570.44 8656.5 5670.97 
4167.21 4511.58 6281.61 3203.19 1115.46 4575.96 7675.54 6040.47 53.3006 5006.38 
87.9997 5708.51 5612.9 9259.55 8338.77 1012.28 2066.2 1742.08 7028.96 4413.66 
7727.52 8081.4 5469.33 7626.4 5589.81 7302.33 2841.85 2206.43 8872.77 1498.34 
7877.4 3039.96 6009.92 4158.99 6243.15 7125.38 8734.95 3918.67 3165.84 8788.25 
8925.05 3253.83 4496.74 4537.93 2513.37 2835.49 5550.21 4579.57 4577.58 2579.15 
8993.24 2305.08 660.532 4462.55 9931.48 6250.34 1764.86 2773.32 8456.77 637.606 
4271.66 6334.15 3677.56 281.558 493.122 9920.71 7406.94 9228.07 3839.36 572.755 
8016.3 2764.39 3826.59 2513.02 7302.32 6339.96 5348.51 2852.51 919.516 9926.09 
5431.66 9912.75 2231.16 6092.19 4375.28 2162.62 2342.51 6140.14 4935.94 799.263 
6777.75 9207.59 7133.41 455.294 9489.15 7626.54 375.985 6896.07 6854.59 4215.34 
7468.83 4870.87 6979.73 1295.4 7383.89 4282.04 7635.36 2732.39 7134.55 8554.87 
2658.46 2566.19 8467.61 4889.62 8658.38 2842.88 7052.25 1000.87 8983.02 1988.17 
1800.13 5760.75 1195.75 8933.55 6216.04 684.881 6560.07 6592.03 7580.95 3414.64 
807.357 5049.76 8285.51 7787.09 6345.16 5669.38 2069.11 3980.5 8401.77 9203.66 
2535.36 1060.22 1769.82 1002.95 5949.84 428.183 3845.83 3002.07 1429.05 2828.83 
4990.24 3229.19 8589.58 6185.98 2162.72 4805.61 6870.86 8722.78 1397.63 4451.8 
2137.4 2204.98 9501.57 422.896 9992.07 5846.71 6092.28 2061.16 9827.22 4494.03 
1264.8 2362.56 5554.25 3034.63 3365.52 1504.08 3462.81 7211.35 4506.15 4891.86 
40.1646 9496.39 8121.05 8629.75 5682.35 283.749 3435.34 2553.2 9006.53 4832.97 
7005 1143.92 7037.95 6506.55 1566.81 7030.01 2353.24 7659.09 9091.17 2180.44 
2153.11 355.955 4543.01 7707.37 3390.58 7908.52 9211.45 6853.39 5119.85 3717.58 
1745.24 5160.02 3213.95 9866.29 3789.75 8896.31 150.017 7225.09 1449.49 9156.55 
2058.05 8454.49 300.45 9096 4961.03 1867.26 6125.99 7314.27 9526.36 5217.14 
9494.72 1679.45 5573.1 4037.71 9386.82 8963.68 1946.21 8598.25 5817.05 7066.06 
2315.81 7562.29 2226.06 5529.76 7428.56 6015.81 4426.05 7578.58 3240.89 5875.54 
6735.11 5298.93 4330.02 7035.56 4394.92 9291.05 8902.82 520.887 6605.3 8429.16 
5738.03 6100.01 108.596 1311.11 137.694 9495.41 274.773 2083.9 8093.64 6091.83 
9149.96 409.432 3654.1 1376.01 5939.19 1082.65 7391.82 365.225 8661.22 632.689 
6240.77 5396.32 5931.62 570.769 2431.86 326.52 9861.82 1334.66 847.407 6467.1 
9763.83 6585.44 2567.09 9872.42 7896.55 2704.79 9367.82 8171.32 4788.69 7461.44 
4263.13 3938.64 7870.87 7917.23 5314.65 3810.05 8999.88 2706.45 4175.27 7661.08 
3339.14 416.023 3057.38 9270.76 986.792 5489.24 9597.28 848.592 6823.9 444.671 
7315.7 6587.71 7030.11 9882.79 6460.12 4926.64 2587.56 5827.92 3097.94 7376.25 
3289.34 7361.07 1314.87 1160.2 5278.29 6629.52 4970.24 4278.15 9335.97 9145.52 
1939.22 2675.09 9561.54 4996.6 1945.83 548.315 485.822 1543.1 1396.91 7309.73 
1987.77 8712.6 3897.42 9017.88 8595.38 357.525 3944.5 1182.92 6185.44 7042.44 
8559.17 9474.79 4403.49 9874.04 634.967 9681.78 6503.54 5605.21 3959.91 5839.49 
4750.71 5899.13 8514.58 4312.23 895.711 460.398 4860.55 1381.53 2003.49 6257.46 
8691.26 3991.26 4970.04 2588.67 3009.12 3565.4 2946.19 6953.62 4748.32 9131.63 
3996.04 3307.47 8606.4 8399.53 3181.49 9241.37 8081.29 9685.03 4846.56 2041.19 
5524.51 9597.28 7940.32 4039.07 3909.49 8836.03 4499.47 8770.04 217.548 6502.96 
5027.48 8908.81 494.208 9997.53 1497.46 3503.33 3562.91 4443.65 456.93 8311.23 
3575.26 4452.97 1618.69 2181.65 2852.48 4800.18 1423 933.76 4485.2 6269.57 
2974.95 9.6873 5866.83 915.255 4048.76 9776.32 9751.29 8548.23 8546.35 9968.83 
5051.17 3573.81 8877.63 5545.38 3571.32 375.065 9048.71 7134.24 4818.71 9505.64 
5445.45 8393.98 3958.59 7064.14 575.609 6811.07 1864.31 1998.61 7744.83 6349.5 
8268.18 719.769 6359.19 4134.99 1635.02 407.933 3911.29 1386.29 8956.16 2457.62 
1355.11 4007.32 6031.43 232.72 9552.7 9602.76 607.785 8601.39 6736.98 5426.5 
8107.02 2182.41 3820.46 2065.59 9246.55 4396.07 8876.67 1110.84 6394.68 6621.48 
7460.35 4662.84 7341.25 3819.52 8797.83 8976.28 4227.46 2709.11 362.552 3183.6 
5166.73 1717.66 7190.92 1198.14 1950.38 6743.6 800.885 2558.17 5344.97 7537.86 
7984.66 3451.97 9720.27 1805.1 5517.56 8966.81 6201.17 4394.21 77.6352 2595.83 
1015.68 7537.98 7258.67 8356.93 1357.49 6056.48 7333.19 5584.94 8765.59 7695.74 
8768.54 3932.3 9413.41 5959.44 5130.44 1363.77 2703.02 5931.33 3921.94 8048 
3469.17 1906.59 1499.95 3189.43 3711.69 7017.52 2156.22 9912.86 1411.71 2233.85 
2508.67 2427.39 9771.84 9767.34 784.309 1129.31 5823.81 8117.5 6714.25 4589.38 
5813.23 5482.78 8521.68 5226.62 1442.2 3652.11 6590.39 4145.23 9583.44 512.312 
2193.2 3052.59 2418.9 3693.16 6242.02 6130.59 710.657 8398.24 6043.43 2122.37 
632.074 8552.11 4549.77 403.894 8319.43 5334.07 1533.2 4143.22 3451.56 8247.46 
8732.6 9264.78 3730.22 7254.27 4491.38 5172.42 906.355 1081.75 9317.65 489.774 
1594.06 1510.84 3542.36 4012.96 5203.99 9784.38 143.537 5914.65 8182.6 6186.97 
8037.02 8814.68 4739.06 2586.77 9218.57 3058.47 7920.84 751.755 7201.69 1372.38 
8999.21 5934.28 637.15 2729.41 3188.53 5128.53 7901.83 4094.88 6210.28 7219.46 
4584.66 7804.35 8730.3 8127.02 1817.29 3934.27 7911.39 1960.83 9848.92 6093.97 
8147.8 7885.93 4908.63 2886.84 472.678 4127.18 5945.32 8393.52 4878.94 3146.99 
9765.91 3878.13 9081.27 403.038 6607.54 2269.78 5531.57 4509.36 6364.67 1741.84 
1728.81 949.305 9546.18 459.089 9076.33 1363.46 4393.36 6987.7 3324.29 4242.27 
3081.65 1472.08 2128.18 7990.28 4358.92 2600.86 2117.45 304.22 994.362 6996.39 
3451.21 760.25 874.508 2532.47 1163.29 7482.05 4802.25 6694.86 1991.4 1166.9 
8436.69 3720.2 2116.2 7982.86 4179.29 1192.51 9346.32 8572.66 8180.21 2670.6 
2814.91 1261.85 4142.68 4943.09 9252.13 8501.6 7543.95 1369.57 8805.82 8538.31 
8365.96 2257.01 9298.56 9240.47 4789.48 461.829 6722.5 9591.73 7156.69 8713.9 
758.613 5593.36 2434.09 2874.82 3576.2 6613.38 4067.33 2922.51 5186.02 2247.53 
5593.11 8000.93 3509.37 9735.78 2944 2761.49 8237.36 487.932 4131.06 7043.16 
9026.24 2497 9300.17 8324.78 1737.45 4089.64 8786.61 8459.95 3681.35 5943.28 
7173.83 4439.97 1536.62 9607.92 7314.78 5112.83 6221.28 1382.1 8035.34 1407.29 
3629.62 3628.43 9408.22 7139 3364.19 2352.21 9900.49 1601.54 2840.14 4031.52 
8644.7 1866.36 6528.52 7944.86 191.124 8265.97 2034.48 8977.73 6725.9 5715.83 
4921 3899.72 155.783 6457.62 3507.62 7470.57 1570.44 9728.9 8852.67 9605.77 
1136.18 2482.27 3234.19 544.379 9621.27 6598.38 2896.58 9521.74 8199.92 5736.72 
3553.25 6844.6 7603.08 81.7511 4789.44 7794.21 8347.72 6823.92 6771.92 5073.6 
2539.74 1692.9 8973.32 2695.52 8150.53 2480.92 166.069 9720.96 2209.81 9018.74 
9326.72 3345.98 1500.99 2560.89 3890.36 1122.25 9159.27 6786.95 643.969 7359.17 
2523.65 4197.22 4203.75 126.715 4278.97 8993.19 7920.92 2626.67 5817.09 4692.83 
7700.27 8356.82 6385.73 6673.57 1052.33 4536.24 9154.49 1218.39 4257.19 1364.28 
237.113 3583.89 4710.26 1738.1 6144.77 8600.62 2860.35 5304.02 5387.55 3504.32 
2663.17 7911.21 7701.54 6866.92 8037.92 1980.49 5860.09 5958.82 4607.15 1677.16 
651.635 2307.41 33.9641 7037.37 8980.98 1086.29 1573.59 8135.45 2304.68 5830.78 
9499.73 2541.8 9414.66 4209.97 4279.9 5559.42 2810.58 7140.25 863.429 8198.14 
644.555 3526.6 6109.32 8346.09 393.502 4147.23 326.56 6253.59 106.036 4933.71 
7930.75 757.67 7241.12 7964.71 7795.04 6222.08 9051 9368.63 4357.52 1355.67 
5199.39 3857.23 3897.46 4614.03 8067.2 8177.37 173.44 877.766 5317.6 1036.87 
9075.9 5962.16 4563.47 5185.21 4308.23 4956.97 9332.44 4634.79 1210.54 9438.47 
9568.51 9141.29 196.127 6809.61 7105.98 7991.16 3031.68 6156.97 7359.77 7389.19 
7512.63 2559.14 1246.4 1410.08 7173.18 9313.61 9587.45 7346.62 191.354 4905.03 
8383.49 9267.26 867.174 2946.94 4452.45 5175.41 7903.91 3784.87 9810.2 9114.45 
3223.33 9378.69 8255.72 3419.45 6188.28 5361.69 1410.6 9219.96 1518.64 8770.37 
6609.14 9031.27 1329.5 7855.54 441.336 8502.68 7169.13 28.766 5849.28 7360.49 
4933.8 4232.75 6627.72 5800.97 7179.69 1080.16 976.362 5083.58 4865.03 786.543 
4198.01 8088.35 165.214 2453.72 1507.79 6353.5 7815.41 2918.39 5573.44 9334.05 
1688.74 2182.56 8365.31 3018.25 38.0906 8806.64 1520.91 7207.22 8835.41 7370.19 
4567.69 3769.19 1602.92 1195.4 9570.16 8782.6 2275.55 546.507 3866.17 7140.58 
1333.05 8064.18 5228.91 1498.26 517.886 6736.7 7851.76 8333.3 9655.09 3425.19 
7667.33 1343.82 5607.75 6032.62 4362.06 5645.84 4839.25 5882.97 2853.05 3674.64 
3253.14 7420.74 7443.83 4856.06 8616.13 7013.97 3638.64 891.672 7560.48 7504.81 
8032.25 8893.53 5568.97 3261.15 391.775 6086.86 9997.85 8243.54 4420.14 9652.92 
1668.71 2087.46 996.72 7276.46 8120.08 5358.78 2922.28 2959.3 1241.73 5775.33 
6633.94 4494.87 3196.05 4077.75 9350.93 1812.17 1091.7 2989.55 2703.84 8652.18 
494.347 736.073 7545.69 6063.32 3997.22 7937.46 2150.16 3995.05 6180.98 6570.31 
3647.95 7849.69 8657.76 4644.67 5126.13 6777.82 3.43916 8048.41 9737.12 1245.17 
3823.73 6371.05 5740.04 7019.77 448.778 5090.95 8831.94 1540.48 8080.51 1535.77 
192.642 8574.86 2271.84 7738.33 4638.16 6269.06 5675.78 6788.32 264.092 1856.75 
3358.61 3912.05 9706.44 2016.36 8556.72 4832.55 8794.18 8560.16 2880.95 8531.28 
9805.33 6704.67 4902.31 5545.36 3724.43 5351.09 636.298 2556.36 6891.57 8716.81 
4092.12 7084.21 7291.65 6363.96 4822.53 1929.79 2633 498.29 8718.11 2897.09 
2355.04 2076.71 6809.14 2061.46 4093.07 5365.84 6894.01 2887.23 3925.99 9774.96 
1418.5 3731.3 6479.61 6320.81 9276.66 204.028 1671.88 9912.96 2760.39 8563.46 
8629.75 6852.51 5647.65 5921.38 3216.45 470.162 7851.17 5849.45 968.452 6569.26 
8746.54 3323.49 8645.97 5555.67 5384.95 2739.03 921.495 2278.94 5626.25 4847.48 
2053.88 7044.75 8578.79 8533.5 3365.54 7855.43 8737.52 5037.43 7768.38 1497.89 
3600.86 6398.11 8350.4 9248.52 2319.48 1566.83 9718.68 170.628 7416.28 687.114 
6739.89 6162.81 4010.6 5385.85 1718.46 9395.55 8124.88 2639.95 1674.48 3751.11 
7487.44 3728.36 795.844 6066.21 2261.83 4161.38 3921.63 999.341 9198.81 1689.99 
2497.23 2799.66 8088.1 847.612 2048.16 407.563 2414.44 1766.82 578.192 9830.72 
2453.93 7318.08 5993.52 6464.54 2703.92 7711.98 5860.07 828.777 351.913 7534.55 
4579.89 7839.35 1262.88 5375.73 3905.54 3524.72 9537.12 7827.17 4524.06 8735.91 
9517.15 7021.29 1535.55 7605.24 7868.91 3583.71 8012.8 283.331 5350.53 8591 
114.039 7804.46 5909.06 6107.56 4268.98 8612.98 3819.51 129.032 9441.76 4171.43 
7663.58 4021.63 2010.76 8926.46 9397.36 5916.3 2451.16 8934.46 3743.45 6975.23 
7670.36 3260.59 3996.5 9205.91 865.812 1865.39 2789.6 8878.62 2148.72 8140.13 
7469.6 2262.76 5944.58 3378.64 8370.31 213.538 1991.61 2189.81 342.57 1433.35 
6361.24 8006.15 5454.98 8372 6932.59 4852.33 4288.28 9383.76 3786.77 8031.73 
6358.96 1457.11 1292.3 355.449 663.009 2158.11 2220.84 3452.61 1036.71 4369.56 
1592.73 8506.31 6632.32 7537.31 1884.93 5002.61 7750.84 3876.54 7192.42 8093.41 
5309.89 3553.64 6099.54 764.85 1925.62 3032.12 5617.18 6213.9 2415.86 9403.95 
4245.61 8774.82 861.046 5537.91 9130.27 1524.06 7696.03 1351.09 4976.67 8732.74 
5720.65 6569.4 7239.03 2352.95 4106.69 9123.96 7355.56 1857.51 3000.48 4547.97 
9950.93 8310.37 8101.62 6050.45 9075.22 27.2225 9082.57 4692.38 6241.13 1498.41 
4096.31 486.723 273.214 4957.36 6024.64 9403.48 6481.41 3720.65 754.556 1458.06 
2453.36 6475.21 8027.46 9692.39 8828.15 2134.13 8816.33 6183.7 3991.65 1816.79 
731.655 3942.56 127.144 8833.27 9993.01 9202.36 8860.49 9075.57 3894.72 5101.6 
573.959 7991.03 5588.32 847.173 2948.37 1612.94 250.639 9429.78 5333.59 1005.2 
887.829 7786.95 7480.4 8915.29 7479.33 6308.54 1049.41 6295.64 2492.22 5041.06 
8112.43 3223.88 8983.61 8239.58 2057.13 8976.61 7441.92 917.605 8052.16 1336.63 
6019.21 8626.12 9327.66 1607.51 9473.29 2276.02 3220.46 9723.93 1705.78 8554.05 
729.108 2593.61 6340.98 8209.51 1508.89 3820.29 4518.03 2558.29 115.918 7010.25 
7599.35 8228.35 234.108 6582.95 6467.91 2291.24 5559.54 3909.82 3208.84 3611.68 
5246.45 9228.05 2237.78 4574.09 835.543 1711.05 6850.11 4056 1434.97 8555.89 
2610.03 2164.07 1149.49 8951.02 373.565 2658.38 2771.29 4891.59 5216.67 2887.21 
1901.83 2816 1115.55 2135.93 9398.95 7583.46 4427.17 4958.47 1493.26 7636.01 
8570.15 6739.71 6864.04 807.909 1313.79 7699.58 2518.96 8163.9 1755.57 3953.93 
6719.77 4365.6 6118 7869.26 3316.6 6491.57 527.621 6087.89 1383.15 5744.29 
8975.1 3284.97 8560.29 90.6315 5420.91 7959.22 7674.09 9848.08 2917.67 9167.35 
7484.07 1487.8 5907.04 4348.09 2295.71 7220.82 2047.66 4814.67 5384.7 3803.23 
8768.6 2104.46 8168.83 4886.58 9973.73 1485.41 1378.14 501.33 7573.3 2761.28 
6245.62 6548.39 6046.26 4805.89 6639.02 1467.14 2765.09 4313.09 1315.2 5682.76 
3480.42 8799.27 7170.56 9387.46 3147.35 9466.26 6608.27 5195.01 4280.92 1992.95 
8998.24 3049.5 4097.42 7167.05 7936.08 4071.12 8652.46 9314.22 4572.45 6225.74 
2075.48 818.055 2774.11 8121.74 5623.95 9413.12 9588.88 8389.04 3726.2 904.07 
4071.79 7206.62 9703.34 1242.33 6594.06 2850.68 708.574 3202.31 8045.69 4989.49 
5195.26 7043.91 8038.99 9292.67 4210.94 5975.05 3363.78 2863.38 5289.25 7936.23 
9089.12 7364.74 8754.29 1863.21 5486.46 4378.22 1276.32 5075.33 2767.24 5002.51 
5979.4 6839.03 2209.11 5682.72 8081.36 8803.17 8533.4 8789.93 2005.46 6579.07 
3779.4 7200.72 3622.96 1818.37 6493.37 7833.9 7793.42 9857.16 697.263 3082.66 
7793.37 9786.38 447.381 6547.65 1649.57 5933.84 925.849 2925.89 1009.15 3693.09 
7928.4 6988.55 532.107 137.496 2671.25 8613.46 8940.67 1204.64 7403.38 946.105 
7783.71 1182.77 8146.82 1406.65 3001.14 4640.18 9240.55 794.548 4497.32 9937.81 
3877.21 2290.67 9724.18 4324.59 8838.32 1373.73 258.413 9764.17 4299.62 1267.56 
3457.25 2228.01 8256.11 3989.35 2365.51 927.351 2602.8 1306.15 2131.99 6.16119 
2252.26 9915.69 1188.93 399.065 1322.33 4190.07 5039.24 562.859 4984.62 9536.56 
500.655 8861.82 1827.22 224.816 3186.4 665.524 1598.55 3444.81 429.677 5898.18 
4712.37 3886.92 8126.19 2968.47 7876.27 491.674 3895.82 479.057 1797.83 6027.81 
485.218 4050.09 5943.49 1674.15 4449.15 7265.81 5864.21 9488.4 7828.67 848.812 
9024.94 8329.33 9710.64 852.147 8554.14 2897.02 1517.67 152.677 6341.83 1947.35 
6050.85 1054.18 5834.27 4177.02 4022.65 3710.53 4668.69 7918.48 4189.58 6466.52 
3946.27 4674.8 516.593 9889.75 6348.95 4965.74 7155.55 2213.14 4454.12 4984.21 
3061.96 3479.05 3313.52 2772.57 4331.2 1867.64 5669.59 5848.87 2020.32 2011.4 
7796.22 8071.17 3065.58 3630.47 2248.17 7088.24 7341 6916.87 5006.69 1530.56 
3383.37 8952.96 6205.37 3899.96 8842.7 2554.3 8865.71 5998.23 4767.44 3319.82 
982.423 7829.39 6798.87 4295.94 601.952 1130.05 6163.58 6271.54 6978.92 8183.9 
8282.94 4775.11 6255.05 1348.51 8405.58 8503.23 8436.74 5746.56 5420.08 3443.42 
7277.12 8803.45 2396.36 3482.47 2703.4 1239.04 6036.77 1569.09 7237.28 804.191 
4888.91 8219.7 8633.59 1687.76 2515.62 9235.54 2817.8 8679.2 5507.06 9796.72 
6863.09 3789.99 4571.81 3118.12 5138.49 2977.38 1621.33 3575.22 8723.94 7041.41 
7018.63 6001.05 5844.84 9414.99 9483.52 8548.24 654.022 5520.27 117.309 7891.3 
6324.47 5006.21 6110.99 4958.04 6693.97 8626.61 4193.56 9511.77 7305.8 9700.62 
9308.47 4168.86 3490.59 3880.27 7286.99 8629.08 6857.65 8908.32 2204.28 5581.57 
5949.71 9222.92 1582.61 1794.54 8637.89 1066.11 342.755 9291.91 6586.39 460.064 
7183.2 2910.84 5466.28 3294.17 7868.87 2160.23 1920.76 2062.41 1671.98 9226.55 
1763.02 980.44 3395.4 5253.61 4860.71 682.372 3882.67 1718.34 9590.69 6086.96 
7299.92 5540.39 5309.85 8882.52 7334.92 3947.73 9948.64 7677.68 3239.63 6535.01 
8137.74 422.809 9445.85 3604 3716.98 7314.71 5764.23 5637.74 9377.12 7436.22 
4864.27 1140.12 8416.66 8259.67 6393.73 3277.35 8942.05 276.385 4995.69 8532.72 
6363.34 2295.59 4073.09 1673.18 1178.1 1408 5620.91 1126.72 9085.67 8860.53 
7661.73 7223.4 9283.34 7107.56 827.382 3000.3 4422.25 6591.61 8638.04 3799.36 
4027.82 3502.29 4939.48 2444.46 1761.95 1333.19 5721.81 703.98 1609.57 717.481 
9236.7 7972.91 3013.07 3309.78 9646.09 4191.17 4717.77 5266.98 5317.89 3803.43 
4127.5 2979.61 1026.81 3410.82 87.1518 1854.19 6411.12 4509.4 8445.8 5049.14 
8308.76 2473.6 8551.44 3248.22 4918.06 313.37 4581.4 639.845 1017.35 6190.98 
1357.33 254.036 4163.87 4370.4 3563.81 3809.94 8561.57 8281.58 9076.92 3879.45 
2084.99 3204.4 6859.05 3111.8 6615.22 6946.21 4965.99 3026.33 1455.59 3411.77 
8075.47 9764.35 5885.37 6626.89 3012.55 803.411 6940.26 7593.96 1443.26 7957.62 
3784.92 2800.58 8211.65 7948.79 7170.98 1775.45 1758.71 5732.54 57.0118 835.616 
9611.99 2142 4040.02 6471.02 5253.8 655.223 3417.21 219.772 3681.55 4872.8 
3631.54 1757.01 4637.14 9516.92 8383.91 7649.69 320.31 5324.15 5243.63 1763.57 
3281.75 9028.55 4564.15 1493.39 6977.32 1735.12 3268.83 8736.03 7467.66 3325.84 
9571.64 7079.63 5467.85 3611.64 3550.63 721.634 4266.87 6967.84 941.406 7948.42 
1840.63 4572.95 9705.43 6477.77 4089.85 8089.32 4127.44 4410.16 3413.46 9371.07 
6173.73 6695.21 8399.6 737.859 8188.59 5376.9 2472.98 1457.41 4112.91 9940.63 
4783.25 3684.54 7020.24 251.082 7296.18 570.856 972.716 1563.03 7538.7 1914.12 
9511.45 9379.33 6487.07 9216.86 5857.08 576.902 7306.16 9984.52 4987.06 719.601 
9355.58 1160.77 7414.81 7755.16 1898.63 5603.39 3132.05 4371.6 7060.79 7244.96 
4312.22 1844.03 929.48 1332.44 2095.11 8225.66 1903.3 3067.83 9788.69 9442 
4981.95 9300.12 8821.31 1469 8516.96 4678.37 2045.9 5823.1 4662.87 7032.96 
6542.71 4018.43 8193.73 3957.5 1773.58 92.3419 9560.88 4905.62 4463.95 6621.66 
2150.57 8776.17 8465.69 3080.05 108.592 560.779 1305.69 2011.89 3628.6 1094.36 
1453.87 8610.55 394.46 275.165 79.5341 8911.42 4953.53 2125.44 4734.51 9616.41 
9158.4 1277.19 3634.82 7352.11 5234.69 5408.4 7444.45 4795.56 314.005 1908.38 
1417.2 2464.57 684.532 9882.89 5544.62 793.125 443.649 6850.31 2805.02 4072.25 
7944.67 4258.89 2682.79 8339.13 4534.05 2762.32 7250.53 9487.59 4887.76 1985.02 
9103.98 4046.14 3262.22 2738.78 1398.24 8496.91 8147.18 8842.69 3292.45 8461.18 
751.056 4709.65 925.738 1435.59 4592.52 6470.36 2228.71 5036.17 3320.66 5033.73 
9108.42 1265.31 9292.62 1791.19 9604.45 3826.66 4553.52 6854.96 3314.23 9441.28 
8839.99 2418.19 3487.4 2102.19 5156.97 4885.63 599.079 3304.13 3728.31 3891.53 
1765.29 4479.36 8601.18 2691.03 5914.95 3193.68 9161.39 8143.66 8229.85 2482.03 
3177.38 7338.26 3747.34 2469.98 9129.45 3351.77 6296.64 3682.95 206.718 9610.86 
3124.21 9046.71 2029.03 6611.61 1148.87 7186 1497.23 1747.95 490.113 5225.54 
5639.48 2255.41 9704.9 4240.65 4946.44 5619.83 7434.33 4107.81 3763.48 5664.16 
6589.84 6940.86 3002.41 337.17 9410.84 2131.84 3688.94 5707.46 5814.8 3895.66 
5318.3 8939.01 2942.35 7347.33 5550.61 4091.22 4533.32 7047.84 5839.18 5023.43 
2273.35 1478.64 7278.84 1978.24 5719.29 2225.26 7598.07 3153.6 6333.07 1361.54 
8817.76 2922.9 8302.39 1820.15 3260.07 7713.21 3952 6949.01 3420.65 9766.8 
844.65 8738.95 8705.79 3787 6086.27 4256.38 7878.22 619.572 1304.2 3717.38 
5643 3577.55 5196.02 2921.82 5555.79 915.291 5147.08 3153.85 4068.89 1480.13 
4515.38 2886.64 4403.03 2817.76 4706.79 7663.1 530.954 8658.79 4612.09 3951.61 
8425.57 5456.74 2690.54 7131.34 9243.74 8776.81 1387.7 7121.94 9396.38 2691.9 
839.3 5039.37 6269.46 6035.32 7961.19 1825.23 6950.61 3108.26 4979.08 1019.49 
4588.39 9494.46 3906.12 8991.42 2312.2 8612.91 6654.5 2843.15 7271.68 1266.57 
6794.76 5697.23 6723.31 9485.3 2828.55 5967.03 8262.1 4216.26 3088.95 7658.46 
6908.16 3928.25 2697.82 3177.6 9963.57 658.995 5002.83 6914.17 3767.25 9981.91 
7933.65 8355.65 9476.35 1839.76 7347.06 1788.53 452.654 4001.54 4631.68 7724.34 
5268.12 1426.42 3421.55 1991.41 911.706 6250.1 7958.44 9173.8 466.344 1047.37 
6832.25 7374.5 4975.62 9530.07 552.084 4939.18 189.043 5554.91 1853.33 3956.3 
5536.8 9786.98 2311.93 5013.13 1626.72 9658.98 6801.66 2079.38 3660.51 1433.32 
9803.72 8928.63 2859.74 3225.25 920.022 3771.45 9475.36 8878.46 2945.23 9941.7 
9925.83 9777.48 7316.19 4901.44 9307.53 7868.27 9840.62 9496.57 3423.17 1693.94 
3452.85 8959.97 1480.9 5764.78 3973.08 3107.63 5423.75 774.723 5187.01 9084.26 
2208.04 4990.7 8012.87 5067.79 8215.96 8932.89 8839.24 7691.29 7811.33 1784.45 
7632.98 7737.15 1561.92 4949.15 2638.58 869.432 2817.4 2479.18 365.987 6240.56 
4173.12 3818.84 5200.52 5654.02 9583.62 9173.6 8761.65 5007.35 9948.32 3948.63 
4091.59 2156.35 8939.34 2104.44 7224.14 7155.28 1037.31 6063.36 4846.55 8848.64 
7847.81 2479.51 6585.78 9409.73 7428.66 9224.36 279.145 246.042 1703.52 645.132 
6486.61 5876.64 4463.97 1687.11 1530.65 4047.57 860.688 292.274 9054.92 808.992 
4240.91 3146.49 2965.34 3180.23 5250.93 189.462 335.493 6288.24 6252.82 5182.05 
5136.87 4100.61 7661.56 1722.63 3510.33 5090.2 946.975 3789.47 5336.25 2650.5 
4434.6 1822.84 8527.14 8898.58 3509.94 57.7682 2946.13 4370.63 350.042 2001.04 
5179.62 4590.95 5147.53 8144.96 7771.18 398.45 8334.43 8106.68 6686.69 4587.23 
3288.71 1823.55 8687.84 950.251 3546.18 2198.15 6040.46 4493.16 5987.63 1376.69 
7143.66 422.214 3199.52 5670.78 9320.79 6709.47 5728.55 2266.91 1080.08 6078.59 
4267.95 6259.71 669.524 9415.48 4404.65 8440.71 9813.93 2739.06 6547.37 6500.61 
7326.29 9836.07 8324.15 6014.12 786.306 1870.32 8212.27 6826.76 6363.48 4199.88 
8203.45 3507.12 4622.09 1402.96 9177.9 3942.87 8112.42 4906.43 6209.77 9192.5 
984.998 477.701 5452.19 1654.52 9893.18 9856.85 95.212 9707.09 2595.89 6642.58 
6207.68 9922.18 6478.63 4531.82 5936.28 7264.94 6402.14 4148.53 4091.69 2765.6 
8348.41 2295.12 6272.72 2970.49 3698.07 5450.59 6913.35 1810.48 357.002 3123.11 
1002.97 1342 3600.81 6455.16 2996.52 3493.97 6311.99 3091.73 3201.05 8907.88 
9734.31 9408.73 8830.04 6212.93 3940.53 4766.31 3477.85 342.65 8914.84 7569.54 
3108.25 7263.23 9864.65 9380.96 233.7 3562.71 4831.54 7147.05 5373.19 5188.54 
270.142 6376.15 6530.54 3870.95 2831.3 9527.07 7364.92 9143.29 2618.78 565.952 
8051.15 2353.08 9974.68 6881.18 8566.01 3915.19 1647.46 2043.84 4257.84 562.286 
9613.38 7366.09 7825.52 9478.01 6747.04 8059.22 3040.7 1578.56 5206.25 8413.89 
6767.11 5476.39 4790.03 3297.63 9347.34 7621.33 2824.68 6712.25 6764.6 5443.46 
7278.2 4815.73 7796.54 7252.86 1696.89 6362.53 1168.04 3344.35 8406.37 5425.88 
3906.64 8019.73 2791.95 1732.14 7497.73 9538.99 9791.36 538.413 1117.53 4997.59 
8952.3 7884.64 473.966 3742.32 1182.26 9821.31 1363.63 4006.94 6533.54 8128.23 
9450.4 3811.72 2943.94 7246.93 1064.57 4640.83 3609.44 2232.61 7985.18 2015.8 
7658.48 1891.8 35.5139 450.42 3623.94 7533.24 9989.41 3415.28 8071.65 1106.93 
8412.87 7023.94 8991.57 8886.84 766.243 173.808 8708.13 2129.87 4180.75 5241.65 
258.079 3631.13 9053.38 3202.02 878.044 117.93 7842.85 4487.49 2350.54 5828.01 
6503.29 9.00472 7719.81 6538.8 459.425 1343.74 4072.02 448.818 4759.02 2143.66 
1555.75 3171.88 9167.6 547.297 2058.7 9933.85 721.105 766.815 2063.7 4901.85 
6008.47 2321.78 8532.98 5061.83 5523.8 9411.03 5179.76 3366.63 3898.5 7530.3 
9194.64 401.768 7539.3 6914.43 6940.57 7998.73 8258.17 1012.58 8447.54 3017.18 
3156.24 3.27139 6189.06 2323.82 550.568 8247.76 2257.65 1271.67 9014.57 4321.35 
6173.52 5023.03 6643.13 4706.49 84.8384 2166.91 4117.5 5264.6 5533.54 8016 
2794.88 4728.16 8417.77 334.161 1642.57 5358.32 8332.89 9900.75 6370.89 6780.41 
2917.91 9527.13 6783.68 9106.97 1850.94 7334.25 7354.71 4108.59 8605.92 6369.27 
8429.94 4779.43 1392.28 5073.06 9485.92 1477.11 7239.97 3603.41 6741.71 2773.49 
1619.39 9536.59 7501.65 37.1355 9870.75 9144.22 5395.45 8203.62 9044.95 1766.33 
4984.01 1962.84 1293.44 1767.68 1069.79 3144.38 9101.93 8424.5 7252.97 7707.84 
4793.75 5682.89 2487.26 6186.03 755.932 1973.16 7663.14 7995.9 5576.57 4404.84 
769.373 7195.96 3941.41 8271.02 7233.09 3812.14 7415.22 2628.53 2015.74 6460.16 
4394.86 6999.76 8423 5688.3 8767.44 9492.79 8832.68 7869.36 7917.28 6085.63 
5577.18 2711.02 1768.5 8064.44 8897.05 2524.43 37.5846 6560.17 520.318 5614.15 
964.995 1289.69 2810.09 4906.4 9560.71 43.17 8718.55 6975.92 2671.7 734.275 
3436.06 7066.55 7734.03 1859.04 2754.84 6501.46 1351.82 1587.49 4370.8 9269.1 
7673.12 9947.98 1980.1 9441.62 8012.4 877.129 1966.04 8049.98 7437.3 2486.36 
3664.12 8402.3 3776.05 6474.21 3308.69 3336.75 6517.38 2027.22 312.645 9189.08 
2761.49 3748.7 6255.62 495.508 5607.74 9010.46 6996.96 6959.56 597.932 1367.74 
6228.64 8271.05 1315.7 8208.74 7712.66 9328.1 9085.87 9678.7 7378.07 6523.15 
2165.05 1042.17 4925.44 5941.1 7516.38 8234.12 9277.84 4033.75 261.321 9590.49 
3222.82 3022.81 3339.17 9478.44 3518.32 8946.92 8488.88 515.267 5906.46 9086.81 
1883.01 2135.08 7357.84 3198.71 343.801 5070.49 2526.8 9429.67 4749.17 9904.86 
5952.81 6914.22 947.015 878.224 2855.3 8463.4 9112.35 2133.12 2497.13 9373.67 
1723.59 5719.95 2396.46 5062.77 5198.37 5914.78 4009.66 3687.23 6430.05 9916.12 
2774.02 8313.06 2051.18 131.844 1511.75 2394.98 5202.33 4038.55 1824.63 9951.5 
3943.4 7777.44 6865.7 4890.41 8655.66 9721 3353.79 7767.99 1854.1 5850.93 
7141.64 3577.7 1570.86 9538.1 8640.46 6769.23 5452.86 2650.11 456.442 1882.89 
2566.21 3230.46 195.934 4617.39 3362.3 1707.69 7012.38 8564.63 5746.24 8837.01 
8516.12 9689.63 6614.43 5381.8 4580.02 5270.08 5102.78 7933.82 3038.05 6956.89 
3784.73 179.678 534.567 5355.59 9717.78 9175.03 2124.8 5170.63 1825.12 2581.24 
7053.52 4391.33 5811.7 7249.46 9008.72 9174.01 8957.14 6021.08 7738.62 4703.36 
4858.08 6254.72 4392.97 1472.49 1636.51 8973 6742.57 6739.29 6906.8 9780.63 
3696.16 691.51 9960.3 4230.73 6047.1 9678.07 3405.74 8171.9 4848.68 5230.86 
753.124 1902.18 9622.19 6564.83 9151.64 8630.9 5738.81 8108.76 4651.97 3477.42 
2812.1 9510.04 9732.14 7205.08 982.519 1368.63 6178.06 7725.09 8107.93 3084.84 
7505.7 1804.07 3776.35 7465.98 6034.8 9823.45 7144.03 9440.54 7995.33 1992.69 
4671.38 8748.46 3894.87 4293.56 5313.26 3046.49 2924.44 1052.06 1155.24 7576.41 
4529.48 3967.34 7086.44 4261.61 1172.4 8068.95 5630.24 7350.46 5794.03 3738.15 
435.29 3299.71 5542.22 4211.64 765.676 1577 4035.08 7909.71 1017.52 2030.39 
9902.4 5688.91 778.829 3797.26 9982.46 6092.09 6843.75 2906.89 7144.16 7998.99 
483.281 1673.62 1966.31 7569.72 5935.23 3138.72 5638.65 1565.45 489.166 1432.66 
5303.6 924.456 4732.37 845.795 5136.1 5498.05 2422.79 9171.18 3407.74 3440.32 
1201.55 3310.13 9129.22 1980.38 7107.39 9111.67 8072.47 3951.12 2018.54 5216.61 
1950.1 2501.82 6890.23 3916.41 71.5242 2825.44 7055.13 5710.18 4390.89 7544.3 
7142.84 9694.48 8468.75 1875.2 540.259 3604.83 7373.24 2963.05 2775.99 780.969 
6403.37 3977.54 4091.1 5532.58 5957.92 1198.47 4644.23 4030.37 5149.59 6662.78 
9246.98 7099.69 9164.6 6137.19 1016.08 9236.12 8962.63 8071.21 4946.29 3353.5 
5615.49 2089.11 3047.97 4084.22 3964.31 3588.23 7689.06 1337.53 6551.28 465.033 
2118.5 2954.63 4442.57 6209.6 8487.21 400.476 7408.06 3131.43 4430.85 2557.64 
9794.2 3677.81 9657.32 8958.79 9815.01 673.383 8194.89 8777.62 8744.59 3141.16 
2131.11 4360.06 5230.27 5179.07 8444.29 9194.58 8767.3 6133.33 532.096 5318.56 
6598.36 2650.6 8273.2 1040.92 8860.2 6760.39 1441.39 6268.24 9891.82 5872.24 
8825.88 9686.01 9550.05 8483.18 8644.78 9365.05 9156.57 6839.65 8142.65 7901.14 
9980.81 273.743 2261.19 5211.07 5452.82 705.46 4405.63 4220.1 6838.79 4937.72 
9538.66 3437.13 7588.32 7811.84 4478.05 6448.5 4572.22 5919.44 2716.73 4464.02 
1791.67 1542.59 4150.01 1341.71 25.7572 2794.77 706.736 9182.32 9634.42 8849.39 
