400 10
7790.94 8561.53 5322.12 6150.97 8614.73 653.262 5541.85 683.728 8745.71 8357.76 
7020.33 4789.7 6071.62 2832.86 7757.33 3870.85 451.784 3465.94 8951.6 9784.07 
6729.02 2013.02 6431.42 3987.58 2880.99 710.225 1644.17 5536.3 7619.96 8797.95 
3014.75 5410.88 7359.47 8336.87 1561.84 5974.18 8990.13 7103.68 6657.9 7735.82 
5461.43 3678.22 2525.5 1533.03 6511.07 282.809 5403.88 6962.86 3748.74 4355.46 
6746.92 477.743 6368.48 3178.32 4465.32 9249.48 3888.54 6109.5 4785.76 1508.49 
4907.43 7800.51 6919.37 2266.88 6137.36 8481.21 8241.05 5127.47 5584.87 4898.94 
2863.27 1046.28 8577.16 5388.77 2579.32 5088.22 5671.58 7983.2 2051.06 9420.32 
2338.64 8797.98 9898.06 8707.13 1976.28 4363.37 7956.59 5864.82 472.845 2742.33 
7373.31 5380.27 542.828 4292.66 7647.15 6680.19 2773.85 5888.19 1807.64 8358.72 
787.115 4670.91 9405 9364.27 59.6592 1984.3 4452.47 5731.23 9967.5 6503.53 
5151.54 2306.13 5301.49 5049.58 1013.24 7277.77 9412.95 8969.83 3142.57 9885.79 
1712.14 515.86 5266.05 2254.97 4808.52 2913.19 8935.16 7582.37 8801.38 742.781 
5941.07 9588.49 5413.69 5346.06 8952.75 5473.35 7330.36 3405.21 1204.57 7297.84 
9908.74 6356.1 9603.97 5210.21 1405.67 617.193 2487.96 818.6 9587.02 5630.54 
704.377 1299.15 6146.4 5970.43 3554.12 954.898 8883.61 2489.26 8537.26 7684.97 
3232.04 4478.32 7273.45 8645.73 9824.37 6226.18 4119.06 7154.71 9631.38 5323.63 
4452.54 9540.1 1679.71 4056.49 4750.3 3085.38 4673.69 7238.27 3903.98 4260.69 
2868.78 4608.36 5559.84 9015.18 578.77 9113.95 9970.08 9462.38 1603.19 8507.33 
7147.34 4835.23 2985.63 4420.77 3480.94 2809.98 646.93 7600 9964.7 278.296 
2923.61 4417.22 9818.4 4603.33 8473.71 4568.68 7688.71 3147.38 1806.93 1592.68 
7408.07 4675.72 6201.04 2967.89 3690.88 6779.81 2081.83 3660.94 6242.17 3685.02 
2168.25 3389.5 8520.25 5153.88 7810.27 2001.18 7963.86 8457.2 9601.18 7928.54 
8735.49 2524.78 2345.74 8553.88 7128.1 819.439 3122.54 4816.8 3966.82 4929.47 
6409.48 1374.88 9605.19 2610.5 4342.77 3296.05 9390.3 6424.6 6956.99 5632.46 
109.606 9125.24 9021.96 8629.86 4279.1 6832.21 631.018 2242.95 5289.39 232.18 
171.472 4024.86 2756.96 2517.21 2578.72 9885.06 3336.65 5701.27 4701.84 7303.48 
630.722 1111.3 8678.36 235.894 3721.8 3021.11 3531.95 3112.08 9445.72 488.921 
8744.54 9555.32 9614.16 7766.48 8185.16 3893.25 4598.67 8816.18 6136.2 9888.06 
9048.36 6307.67 3912.91 1805.3 8824.89 6491.63 1690.35 2161.52 2192.88 6392.19 
9465 2823.6 7503.49 8143.34 3059.49 1225.27 1164.44 6591.44 4337.36 610.137 
7080.36 3081.88 165.444 6694.51 848.346 8350.61 587.743 5447.02 7166.77 6723.94 
5335.06 6215.12 3031.6 9247.96 8020.42 1856.47 5739.57 9710.77 4017.99 7932.45 
6102.94 3482.97 756.035 3606.42 1626.3 3815.53 4831.69 2790.74 406.952 9169.05 
3400.87 7487.31 2250.91 3566.32 4181.8 3099.26 1916.91 4769.55 8546.28 9083.68 
1493.47 3881.32 5298.78 4525.07 3129.26 3319.19 6381.54 8868.84 3029.94 399.514 
6801.27 9132.88 3882.49 7557.31 2739.28 5508.79 1372.82 7570.97 8299.52 1779.77 
6740.01 1700.38 9267.08 8990.92 5266.69 3448.87 2090.16 7183.6 8218.42 636.424 
6267.26 9711.89 4517.74 1566.03 4236.94 7647 4885.21 618.466 6515.83 7915.15 
1017.98 3317.08 7048.01 4900.47 874.371 9787.29 409.236 2247.19 7358.25 8708.76 
4026.96 4098.24 409.116 3294.03 3089.15 5675.81 6742.9 5179.31 2859.39 4961.29 
5815.73 9126.66 4673.17 333.457 692.667 8910.11 7980.46 5577.88 9528.58 4496.27 
3493.02 546.54 7813.35 541.015 5447.01 8687.72 328.293 5856.24 934.894 7686.54 
4564.98 4961.85 1784.77 4974.1 8255.88 4873.91 649.892 4998.76 53.206 3509.28 
9960.05 5868.94 2635.92 4633.2 6202.4 3328.59 3543.3 4182.84 8906.47 3071.86 
8679.11 2399.47 3618.4 6492.44 2940.49 9065.4 5180.14 3268.78 4921.63 6115.04 
955.306 9486.62 1076.88 2740.08 4460.7 9332.76 7613.99 5110.59 4331.5 7667.2 
8619.87 4291.54 3536.12 1255.78 8924.74 9738.51 4584.37 2468.02 3921.34 3490.82 
5539.88 2600.43 5890.29 9158.28 9092.87 8830.78 8223.66 4273 2099.54 3145.28 
388.017 3054.84 2631.88 1464.89 5794.92 7092.58 797.632 3408.89 2203.15 5129.13 
1076.07 823.003 9420.67 4612.19 2078.78 8345.39 4350.68 6663.15 813.399 8272.02 
153.95 6353.28 872.427 6044.24 5511.54 9965.29 4875 3735.19 4238.27 6974.54 
6880.46 4626.29 29.363 9512.34 6091.18 5824.28 6604.9 6888.81 9233.17 8808.05 
2017.93 309.225 9631.05 1438.58 4921.41 1709.81 9783.97 9272.09 8372.96 597.355 
7544.09 8526.91 6950.63 8416.52 4571.14 2462.15 8381.8 9446.13 6197.34 2620.05 
6420.65 3077.79 7246.34 6450.02 2590.11 3337.51 2274.28 9195.01 226.307 1507.44 
8003.04 2244.24 1816.66 7634.07 3682.82 6738.07 9343.89 3466.77 6010.15 7716.83 
4064.13 3554.23 6243.73 1014.74 1970.73 814.845 3476.9 352.508 260.962 9674.24 
2972.56 6681.62 2752.01 218.887 3131.62 5342.12 3556.4 5405.9 4537.12 3782.7 
6913.34 2540.14 6026.94 8730 174.197 9709.75 5468.06 9518.08 3176.51 1478.19 
7234.9 7240.64 5032.41 3478.61 8255.38 7003.14 4293.45 1732.26 7355.65 4554.42 
1406.49 328.193 1236.02 4158.5 547.081 4367.63 9500.62 4103.48 9773.53 4037.72 
7886.18 6686.85 6577.86 3913.1 5416.83 6752.06 3622.84 884.871 6270.13 6799.35 
2363.06 3505.01 4039.97 7395.47 6983.62 2295.34 4398.6 1277.05 4027.6 1754.23 
5831.47 5434.09 2082.42 7067.49 9592.58 2629.5 1435.1 9093.18 6732.98 1208.62 
3130.89 4619.14 7895.47 9708.75 8532.25 3312.28 6460.79 2155.07 4197.15 2730.9 
8954.42 6560.21 6235.91 2994.37 3955.67 3219.51 5289.71 8354.27 4496.56 9317.31 
108.481 328.015 4751.38 2190.9 7395.5 4343.94 4820.41 8830.61 3437.11 1553.37 
39.2046 6568 6172.52 7934.67 6276.73 4704.75 1246.94 2737.5 6859.82 5444.09 
5468.4 5814.22 2004.29 1704.29 8808.59 5959.96 4923.79 4098.29 4314.21 9420.35 
3415.58 4422.69 9748.37 8166.96 6613.59 7143.85 2510.89 1433.98 5974.44 5948 
2987.36 6013.65 2515.98 9159.87 3948.3 8792.71 3864.6 5195.24 1530.19 724.405 
639.311 6998.58 6538.63 2643.6 8702.87 5347.2 8603.55 3626.65 9445.49 2917.74 
3046.99 2861.06 7340.43 2795.34 1028 3954 9939.19 3538.88 5387.99 5913.62 
9486.88 8375.34 1927.25 2002.84 7535.2 5875.55 795.528 1399.79 1070.77 2325.72 
2124.19 1710.08 9324.3 8662.82 4353.68 8027.16 4010.01 2957.22 1653.79 3455.48 
5874.96 4700.77 6316.54 3215.37 7496.11 7344.54 7169.37 7435.28 883.402 2557.34 
3348.89 370.265 932.664 5276.14 2373.11 8467.87 1151.67 3168.63 9867.65 2222.44 
5494.35 1991.83 3932.53 4818.63 654.633 8286.21 2845.77 4664.64 1243.4 4499.56 
8120.12 7118.36 9200.33 4436.64 333.71 6696.42 1781.16 7503.08 4131.69 2664.56 
60.3999 7480.57 3034.83 993.064 2756.69 5407.93 9460.93 3908.36 8576.56 9328.57 
6130.8 4070.9 1320.38 63.3106 8889.53 1975.01 8349.52 1735.28 6639.65 9592.92 
6234.84 4759.76 6711.27 5435.15 9196.4 7044.98 2131.55 977.538 4548.04 6263.24 
3642.1 4608.44 3743.79 6676.92 5601.5 6500.48 2084.84 5062.41 408.824 661.385 
4390.96 6539.63 4732.28 5711.34 6602.94 3621.79 7686.36 4952.44 5357.07 4325.99 
4545.34 1591.89 9085.75 1256.59 7027.04 8282.13 8301.57 9158.59 9259.67 2849.59 
5421.81 2901.75 7458.02 9165.6 9578.67 3059.51 5666.07 1663.49 8121.92 6074.89 
2324.88 2512.87 2614.5 7057.16 8224.21 9217.44 678.936 5910.55 4169.86 6036.01 
236.531 8715.2 7627.9 9322.28 9971.79 4654.93 7604.39 8273.34 3813.5 6864.04 
1122.91 9235.31 9765.79 8580.93 8400.9 9344.45 1640.42 4066.95 1007.93 9762.34 
141.819 3332.81 2275.19 2756.32 389.951 499.39 1973.74 1068.89 6409.94 6143.59 
7104.9 6646.48 4858.77 4732.78 5968.74 4830.54 9387.71 3573.12 3103.86 3201.19 
437.144 4226.77 2436.49 202.92 2807.68 837.364 9547.37 4448.1 4904.31 555.279 
4210.43 5046.13 3888.09 6485.62 7802.45 4278.04 6985.01 9776.19 5346.93 3394.94 
5919.76 2451.8 41.3947 778.52 7184.59 6010.13 5609.07 6572.28 9583.25 8712.93 
9773.47 20.3783 2939.68 2209.94 223.298 5747.36 3047.3 9770.67 195.449 7951.61 
325.93 4405.87 2997.72 4214.02 891.477 800.154 8492.05 7876.49 576.323 3838.96 
1271.4 6496.09 6290.77 1312.8 7274.61 3475.34 7322.93 2883.65 47.5972 6906.17 
1596.57 9821.07 6926.55 4536.25 2030.99 7149.85 283.597 5078.29 6920.5 479.046 
3029.88 7246.43 4884.92 6027.6 1460.43 5776.4 6827.76 9952.48 3652.87 7404.08 
3791.43 4924.27 3900.15 82.1784 6237.07 1174.74 3557.52 3559.99 4058.39 3605.11 
466.138 5654.96 3426.16 7392.68 191.191 5457.15 4542.51 474.788 535.418 1462.99 
953.834 3565.3 8709.42 5838.75 9592.9 169.828 1615.13 6420.65 122.292 5268 
3824.71 3913.72 192.252 7724.86 3995.9 6429.32 8899.6 7553.41 9989.31 2957.97 
1158.51 455.429 8612.93 4584.67 7848.11 8804.12 41.8017 2390.61 9278.91 577.22 
3853.6 232.729 4142.52 2563 6071.48 3735.41 2732.83 7686.62 156.035 2855.12 
2954.6 3980.74 6768.84 3146.85 1705.59 764.723 9576.17 605.169 8318.14 9565.46 
3563.14 9476.65 20.8745 2176.06 4061.3 7868.99 980.168 4103.1 259.58 259.064 
4680.32 4113.18 491.793 8822.84 6676.18 6563.28 2558.23 9409.01 4249.88 2714.26 
2264.12 7204.47 6695.01 9032.96 351.308 8400.6 9797.68 9927.48 9005.76 8115.8 
9492.92 2568.89 7592.43 9513.8 4744.95 1653.71 7382.77 5725.12 5756.81 7642.35 
5984.18 437.119 1755.51 6475.98 9259.96 8431.7 3039.24 1818.17 7840.69 7289.11 
4532.44 104.794 4493.57 1227.43 9137.75 4844.88 9628.03 8935.42 4772.34 8633.77 
7051.2 4265.25 1202.65 4643.62 3779.03 5947.6 6297.33 1161.78 1672.7 2054.13 
8804.13 7656.89 2491.25 559.632 4132.85 1751.19 8991.33 7172.09 3569.36 6832.01 
4461.18 8101.8 6936.8 8954.75 9329.23 6074.54 3799.61 8957.24 5009.94 8571.95 
7590.99 2061.12 2837.19 8793.64 6704.74 6616.22 4741.22 3002.05 7778 6413.93 
5056.18 6582.12 4070.8 7547.42 7141.75 8203.65 9298.61 6133.06 5375.71 2867.95 
2965.05 9836.89 969.735 9901.85 8791.63 298.945 5976.37 2591.23 9256.18 986.288 
1163.16 6847.15 3047.41 4000.35 5640.78 9752.15 616.548 381.984 2754.18 8394.55 
6795.91 7810.36 4976.65 866.691 5357.76 2118.38 9070.34 4656.35 8251.44 4446.03 
7524.31 1216.48 4282.91 8494.04 1118.31 3074.52 8792.99 7094.68 5665.75 8049.15 
8080.97 6828.91 4896.29 1128.36 829.245 537.047 880.491 1445.79 919.031 3634.67 
9840.34 7714.94 1445.01 4816.97 8581.63 6802.77 6935.36 7651.95 1459.11 5186.78 
2097.97 8983.42 6403.26 6380.88 7477.44 7521.57 9455.4 6270.41 4616.24 5121.13 
4319.54 2697.19 1950.03 9215.83 3825.55 2779.27 9752.88 4706.04 4225.07 671.892 
8340.71 4065.39 8386.83 9785.72 8882.37 6968.45 6588.48 5817.7 4620.38 8047.59 
1004.47 6718.35 7030.98 7407.73 3099.21 4508.41 4929.29 2554.59 778.805 9545.52 
7675.72 5098.35 2242.7 9625.75 4314.16 6068.24 2405.01 4067.02 774.265 6630.08 
4738.92 9114.98 695.451 3125.73 8900.68 9577.82 94.1612 5489.14 5395.5 4714.54 
3536.71 6399.98 1432.87 567.674 3807.69 4532.08 5076.08 8736.98 7086.67 5854.89 
8282.49 4762.37 953.221 525.165 4388.11 5267.38 6593.41 6793.11 9334.41 7367.67 
3423.17 4073.31 6482.63 4118.63 7199.04 5383.29 3696.43 7293.2 872.414 9091.93 
2007.72 4409.12 5491.89 3440.59 4976.79 9299.58 7972.67 52.8621 8036.54 5059.32 
5907.75 6319.01 9821.69 6860.97 6844.17 4209.78 2128.34 3437.56 1002.88 1462.73 
805.219 4426.05 5536.03 7287.85 8544.68 2735.05 2671.12 2241.09 28.2348 3543.54 
1333 2035.96 7952.66 6824.89 5476.55 2929.44 6124.45 3449.21 2982.3 4160.97 
8508.53 8890.05 479.958 8330.2 5751 7324.13 2539.97 7879.34 761.678 3542.84 
9342.07 1566.9 7968.9 4878.09 8854.75 6513.56 7613.14 1525.85 8754.64 7641.38 
5069.39 87.625 9677.33 3022.03 6912.51 5153.87 5951.47 3036.94 8603.07 8933.77 
7197.91 7111.58 7823.8 7677.86 5441.77 3574.79 5001.98 7981.73 1454.11 5763.66 
1524.56 796.165 7330.55 9493.46 5674.25 6185.28 6007 3287.38 7711.13 4761.62 
928.735 2780.51 4849.25 606.051 5802.54 1761.74 5759.92 1753.99 4798.68 4362.98 
687.738 1996.57 1474.54 8511.54 9674.43 6916.31 2086.31 4676.39 4898.02 3540.42 
440.033 6422.58 4336.58 7770.59 5916.02 10.8183 3955.85 1923 3298.19 1666.96 
6684.63 4226.93 4447.47 1533.86 4832.98 249.989 3295.6 592.883 2003.98 8094.28 
4955.86 2691.72 90.8335 6430.4 1203.24 9765.27 3346.69 3289.54 4441.64 8244.72 
6829.96 4881.68 4667.28 1166.53 2652.25 583.29 1177.35 6608.09 2506.29 4475.54 
8275.06 9190.92 8702.47 2722.51 724.762 3535.43 2972.5 4020.36 4128.32 4976.48 
2114.63 9084.18 7668.19 2205.46 5514.56 8871.43 1970.71 8861.25 2160.95 6412.35 
7105.95 8990.92 1294.02 1773.22 157.426 3946.26 2356.51 1334.77 554.339 4862.8 
5810.31 8829.4 4053.71 4512.76 1551.89 4778.47 8048.2 4524.39 8798.83 2176.5 
9500.86 913.44 1260.66 7169.04 3118.9 6775.22 6040.45 5089.61 5636.45 8201.4 
1501.95 2742.39 7192.3 2795.97 4515.6 7349.73 6742.23 6872.11 8684.5 7296.57 
1734.9 4494.79 6125.95 5788.6 9007.56 7677.83 567.052 7055.74 2202.21 9365.88 
9232.24 1703.05 279.306 492.874 8872.09 3398.21 7268.09 4912.52 8487.82 2904.52 
3113.91 9989.77 5646.91 306.198 2785.72 162.495 7655.93 9527.94 7034.61 6340.41 
6824.49 8769.5 835.185 2950.42 4558.09 9842.74 628.239 5125.14 6898.46 2830.44 
4491.01 6130.68 4533.5 4770.31 6623.55 3405.57 8168.52 3891.63 8318.1 6656.32 
6796.15 1431.99 6646.07 2443.04 1738.19 9431.79 2605.54 9394.12 8959.71 9640.14 
5734.51 5784.19 8409.63 6569.69 8734.61 2967.7 6412.42 9362.85 8092.84 3310.87 
2193.28 2583.83 9441.55 6726.77 7354.14 6065.08 132.33 5522.64 9956.71 8450.43 
2178.95 6752.85 9882.42 8825.02 9195.89 1620.6 8256.79 1801.41 1014.7 7216.49 
1441.54 6749.21 3000.66 9851.17 3318.89 1735.25 2818.85 9731.3 1098.08 911.678 
3042.15 3291.36 3495.51 2483.68 18.1175 849.633 8548.77 150.448 6372.28 8505.46 
8600.88 8551.23 5258.29 8483.28 7376.23 4454.16 103.86 5633 6255.57 1118.56 
2849.47 7697.11 7867.77 5850.13 7548.27 1186.63 7585.38 367.102 917.921 8683.47 
1278.78 3960.07 1974.81 4774.29 6443.76 1992.93 5623.92 4992.5 2143.37 1996.18 
3497.95 744.233 547.39 8756.24 9227.51 7923.62 3210.38 9331.37 3556.6 9465.96 
449.914 6406.07 7163.05 8317.68 2256.19 4711.3 9504.31 9841.57 5078.4 422.216 
8525.02 6357.18 4382.29 499.811 1131.45 826.028 2492.74 6755.38 5818.53 4636.11 
8751.56 9316.48 5380.35 9298.95 8072.7 4607.84 7222.55 1283.07 3939.2 779.132 
749.006 4389.11 7185.21 7912.06 2706.78 9441.39 2623.34 2211.07 9282.95 7701.74 
2633.29 7807.95 4058.91 7015.58 8307.76 5190.36 7841.6 800.48 1945.72 3660.12 
5436.59 697.259 2976.58 816.922 9996.21 1049.27 5424.76 7218.74 2332.33 9363.96 
7997.87 3081.34 3753.06 5183.06 993.381 6459.84 4624.43 3616.72 8670.91 3907.36 
1318.45 1304.18 1715.29 5377.36 8319.75 23.0304 567.701 6161.34 823.51 2513.42 
9821.46 6260.1 3210.68 2798.02 7077.02 3206.87 3847.29 2501.77 425.587 6179.62 
1865.72 8423.46 9260.96 5618.78 3606.49 254.328 2078.6 8230.92 3871.05 749.486 
2138.27 5189.5 2053.66 3853.56 566.837 373.395 3876.59 1134.54 6534.73 4700.1 
3647.96 6356.17 960.183 6858.64 9154.2 8037.21 65.4885 3001.47 538.962 491.076 
9181.1 2404.68 8914.53 8442.04 8023.46 2521.01 8696.37 102.04 751.916 2567.41 
851.527 2890.18 7756.9 2905.19 6743.74 8323.74 3278.58 620.309 9458.28 9813.32 
5320.41 3106.22 6169.47 6280.59 9964.86 5323.65 4317.78 30.3285 8325.13 4856.74 
521.404 7506.21 7261.42 9435.93 5948.23 5284.86 1956.93 4644.59 5386.91 2708.84 
7211.99 6238.43 5599.02 4968.88 9143.62 2342.75 3292.6 2422.19 2963.05 2750.86 
2235.49 8283.46 5857.08 8404.96 4564.03 5821.92 3728.6 8881.81 5852.25 2053.7 
3738.53 6373.66 9559.91 999.938 5809.57 5508.12 6284.8 7766.5 152.694 1671.69 
475.324 7364.69 7910.12 6074.35 2333.55 7053.73 8417.09 5626.15 9475.91 1380.13 
8377.01 1711.38 9663.59 4234.08 116.321 4227.61 55.9885 3844.92 3109.4 5908.24 
5898.62 6847.93 2281.88 5458.51 7847.87 8091.46 966.622 4132.66 5857.94 1119.32 
5804.35 6333.26 8484 3714.46 2407.59 817.533 768.164 824.671 6443.68 244.058 
2204.8 4820.68 1955.44 1868.38 9054.76 2071.76 6095.98 9110.75 5916.68 9205.38 
5018.97 1815.28 6053.3 7300.85 7273.79 3901.15 5392.29 8240.42 8033.81 1250.22 
9359.73 3838.14 7583.48 7843.72 7552.6 9991.07 8661.25 8320.76 815.727 5104.92 
8564.82 3020.53 9925.6 520.242 4888.91 8980.34 2592 984.875 8091.07 8508.68 
190.242 3110.03 323.94 6243.54 410.868 7597.73 144.68 5803.16 5838.13 8178.49 
7053.38 5197.85 2016.62 4636.84 3041.55 9569.22 4627.9 1702.78 7889.97 5443.62 
6807.7 6454.77 8464.15 6733.28 6975.01 3353.04 5713.6 9567.01 4337.92 3804.66 
8075.67 4528.16 6914.69 8399.61 771.687 7325.56 5997.33 916.367 3128.7 1835.45 
9094.86 182.062 7033.3 1111.46 4818.9 74.8324 680.664 9446.8 1777.62 8570.63 
4890.4 8585.32 5025.38 3354.54 5318.58 2000.38 6707.58 1032.17 1567.38 1045.49 
4836.82 9643.05 5573.65 1751.5 8042.65 6345.33 9077.05 4039.96 7261.7 2205.74 
5875.41 6356.54 2387.8 2908.69 7468 7206.7 2983.52 8148.67 6653.48 4761.14 
6719.28 1543.87 3346.44 1744.65 4898.41 8665.02 3745.02 1605.97 9697.19 5312.4 
2651.46 4533.99 4955.43 8225.11 6285.49 2998.06 4570.42 5362.52 7038.02 1832.11 
7568.26 2913.42 8188.65 9956.06 5822.11 5656.64 7162.74 8805.63 3805.29 3816.21 
3566.76 524.551 5360.08 6913.2 2269.2 258.468 5578.2 6014.22 1864.44 5275.37 
1326.61 4515.9 9809.36 6282.04 2740.99 6094.83 9280.1 7311.42 1457.34 6318.11 
9143.52 9025.6 9231.53 7332.16 8981.64 5053.62 2988.78 6144.37 3859.23 6794.07 
9960.58 7425.99 7318.62 5320.64 4339.17 9587.81 5579.11 9917.37 5602.02 7443.55 
5192.72 6928.62 1959.43 5002.06 3210.65 4700.42 1096.87 2490.73 2011.82 2554.21 
8808.84 1155.33 1579.79 8040.35 8487.49 561.415 3093.95 1476.25 6705.78 6953.18 
8270.31 6666.34 4379.15 5588.91 1986.97 8718.32 5176.71 7566.07 8635.66 778.709 
5009.6 3828.36 7707.33 6969.04 8830.42 917.961 1669.44 9927.29 3408.69 3681.27 
2481.49 2217.51 4836.6 4061.28 257.842 3324.06 4622.7 3351.79 4800.31 1328.46 
304.95 3070.61 7994.81 4684.1 8659.52 9981.77 3402.4 3836.21 7547.83 2038.04 
4614.92 2557.41 5866.41 2322.24 9526.45 4696.81 3240.2 1195.88 4624.09 6648.89 
4877.14 7105.58 8866.4 9713.74 1166.84 9124.24 3037.79 5789.54 2476.01 7838.1 
7118 2780.96 908.688 5112.79 7465.06 9568.21 5094.55 867.441 3404.4 2642.36 
2905.48 8019.32 5199.77 8771.89 341.542 4726.2 3468.69 3581.74 5922.08 8092.78 
230.609 799.204 5198.34 9097.01 512.924 6365.19 8221.23 3550.71 2154.71 697.229 
1388.79 9272.71 3478.19 2297.48 4385.48 943.235 1865.67 9480.02 1810.68 5270.07 
2122.36 4716.16 3289.38 7322.13 3488.04 3630.92 2048.32 6956.73 7212.66 7970.4 
5049.49 7443.27 8769.6 247.813 6540.26 9282.52 6613 4761.47 2833.22 8767.7 
5458.7 4222 8040.39 8936.89 6519.48 2425.85 9880.13 8385.15 1905.86 1690.79 
3655.2 4028.22 6406.95 6944.58 1350.34 9894.98 575.481 3398.65 6851.69 7788.14 
1369.03 1901.16 5231.39 138.615 2148.97 1771.63 9421.14 8761.97 6533.1 2254.34 
7529.66 1991.78 6476.34 5570.03 928.658 2995.81 7995.89 808.768 1380.94 9901.75 
2499.55 5036.15 3929.95 8906.5 1980.71 5280.28 8801.47 2556.19 8678.94 5653.14 
344.312 47.9506 7554.3 5575.7 186.566 9703.27 7347.33 9607.71 8465.23 3880.41 
1862.03 5994.87 5872.19 8338.37 1564.89 6800.85 1334.16 9560.77 7609.62 2715.1 
9462.5 109.154 7751.25 3392.43 9015.65 9731.96 8672.72 7817.1 2288.13 7351.63 
3470.22 2632.44 7399.59 1024.51 8208.14 7586.15 727.765 5555.45 7193.84 9192.99 
9435.86 9055.86 5187.85 5308.03 7394.22 6752.74 2108.86 8728.38 6313.49 9718.48 
1443.46 5775.98 9827.63 9194.71 9168.41 8843.27 8926.66 7841.11 6660.35 1214.77 
5192.73 130.562 3847.22 2592.29 1155.07 2055.34 178.427 1882.83 7610.79 7372.27 
1075.81 7046.63 6428.11 6263.66 2354.65 3822.31 3016.38 4463.51 2550.68 9329.87 
4181.97 3994.14 5105.83 4009.59 3188.84 4274.22 2852.84 2115.48 2115.31 9513.19 
3330.25 7308.04 9643.76 7177.46 9900.33 798.809 9232.81 78.7428 2681.64 6843.58 
7451.01 3757.45 3890.2 3879.11 21.0969 6244.84 7701.42 3037.47 708.337 252.079 
2367.33 4890.31 4246.22 7473.16 8899.89 7435.06 1747.36 1752.71 9550.53 3862.68 
1265.89 2880.77 1170.7 909.63 58.2126 1071.01 1708.44 9291.02 1149.76 4390.08 
6134.58 8600.77 8147.54 24.7649 2479.85 8168.63 6269.61 181.258 1206.09 6977.95 
433.336 3573.42 1868.24 4679.56 1046.56 768.113 2114.6 2793.92 2520.83 1665.11 
6656.6 3786.72 4545.88 7827.3 4696.35 4604.09 8898.32 6404.79 3895.09 48.0561 
794.855 29.6593 8648.82 8942.39 54.4242 1128.66 7111.01 6324.03 1309.92 8317.1 
3301.96 1743.25 1890.5 5170.2 6422.81 2937.06 5938.31 8537.41 5730.99 8459.14 
202.501 2387.57 2245.84 4748.38 214.857 6942.19 9352.47 9113.17 3346.97 3247.55 
9161.23 4141.82 3277.21 7810.03 3084.2 3331.63 8938.7 195.188 9655.66 248.596 
8512.29 2957.61 1991.85 402.775 8127.81 8414.66 3339.84 4066.11 6952.05 9070.83 
2525.23 7154.55 1458.38 4771.08 1902.91 1673.24 1713.25 1255.37 786.398 5060.22 
4502.91 9947.63 9202.04 7780.12 7757.64 2286.22 1111.73 6696.32 2481.41 767.375 
6944.92 993.681 3724.98 8936.77 1396.46 1852.78 7351.41 4736.29 5918.88 4303.44 
3807.1 8444.12 1457.97 5265.49 3215.18 3360.89 6938.73 4928.43 4616.25 7725.13 
9988.65 9119.16 7672.74 9190.68 6899.26 5430.37 1476.88 8010.99 2126.67 3958.29 
8778.37 9071.59 4951.97 2503.33 8008.34 6348.43 4356.11 5359.73 1084.7 274.98 
9663.17 4891.81 8719.1 1121.13 157.281 1934.26 4482.02 7096.01 6862.69 9098.27 
4821.12 6851.32 8217.42 2493.84 6041.98 5116.66 7924.21 7518.86 3127.64 50.8636 
1477.14 1905.99 9122.45 6429.11 4409.32 7130.78 2777.52 8765.43 2490.49 3862.22 
9040.41 2153.65 8754.03 7759.49 3274.78 8911.31 9693.75 7756.8 6007.3 6556.42 
6855.06 828.409 3407.72 5072.46 3322.25 9449.7 189.103 1246.45 6968.55 3316.74 
1297.31 8445.68 5222.73 419.745 4874.77 9632.05 7550.52 7652.29 8397.46 40.9958 
1514.49 7437.86 2194.65 268.501 5197.33 5469.43 9179.81 4891.06 3226.21 5187.1 
1447.46 81.2532 6015.51 4855.18 5153.71 9337.76 4304.87 5342.81 584.187 1273.4 
8659.55 1881.5 9719.08 3882.26 2301.24 4593.83 3514.29 9851.76 2246.1 1911.74 
9892.76 3760.59 9349.59 2087.39 4029.09 4546.91 7556.82 3208.88 9437.97 783.012 
8395.98 885.417 864.266 4411.47 5740.6 6017.98 3749.21 45.4527 1360.77 4333.4 
1318.85 20.306 6214.9 1037.91 3902.57 8516.14 5631.74 7416.86 8367.88 7877.84 
9328.59 8260.62 1638.41 8678.17 347.99 5667.5 3225.06 7904.81 8876.38 2663.01 
8687.82 7272.35 3548.43 9552.08 1683.8 9289.03 5570.04 5433.01 9334.48 6930.81 
9766.41 653.316 6951.12 5981.29 1691.23 853.669 4497.41 7322.97 8270.53 2865.27 
5200.79 7599.1 1125.88 6839.2 6277.26 1473.87 2506.68 9502.32 9378.67 1383.05 
2165.31 8066.47 8655.39 5713.74 7618.54 339.174 5002.76 3188.56 5772.18 4337.22 
119.361 5538.58 4990.54 7070.48 1519.85 6681.77 7924.15 6017.26 4004.71 6194.66 
8882.53 9205.5 3793.75 8.39233 6044.68 70.9868 1482.26 8551.37 9573.3 860.914 
9934.41 1738.6 8927.39 8589.79 7452.34 6545.91 8928.96 2455.08 9734.47 4701.13 
6792.3 9853.84 239.688 1782.83 6924.3 1759.54 8464.59 4848.43 7776.8 2469.29 
1043.07 6659.31 1674.77 4836.82 6667.71 7719.46 4907.81 8149.97 6270.81 4481.09 
9010.88 6205.2 6219.69 7938.25 4794.97 3672.02 4484.14 3723.91 6127.1 4218.6 
8425.04 2919.39 4072.42 8664.73 4702.21 996.701 424.249 3166.79 5845.13 8201.05 
5636.07 6888.2 4860.35 7310.85 1725.01 1528.03 5030.29 6632.81 9678 1301.08 
1113.89 8688.86 7506.28 7333.58 6627.1 2301.23 1005.58 1111.22 6025.14 7132.68 
5329.83 4450.17 52.044 9402.25 3114.88 4754.26 398.931 3539.13 7921.04 6244.06 
1740.16 3557.1 3132.25 6600.5 867.931 4857.25 8128.54 5898.22 1490.05 7806.52 
7199.3 2603.94 6495.37 4705.56 9937.51 3122.45 7006.8 943.075 4233.67 3031.92 
8075.75 9563.5 7482.09 8127.79 8965.73 596.951 2882.03 9364.66 4136.08 803.057 
5608.7 5876.23 4360.16 8740.95 2476.72 5228.09 3598.19 605.239 1126.29 5088.24 
8411.76 8325.59 7692.17 4907.11 3031.14 7629.67 8029.56 37.9222 8572.75 2263.21 
3069.85 6648.48 1826.69 551.921 4776.26 792.401 1148.87 7658.29 157.042 5284.95 
8461.35 5765.75 1161.16 2821.49 4506.68 3637.88 8049.58 8104.87 4243.12 9175.87 
3193.09 2654.86 7501.44 885.25 7561.97 532.569 8514.92 5591.51 570.491 7087.65 
7854.72 3640.34 3736.11 9681.41 4192.26 8512.37 473.795 5341.13 6170.65 630.837 
626.062 4631.98 6396.58 1787.23 7453.47 903.247 5425.11 5503.03 9008.12 9668.23 
4678.88 2201.19 2323.08 2180.31 3086.44 9885.05 2712.88 1601.35 5476.55 3283.37 
8689 3331.25 6923.71 2425.1 3012.64 1115.95 937.454 3486.44 6457.08 7108.1 
4117.28 7083.14 1740.07 513.842 8870.37 9193.54 1417.09 4295.46 4696.55 425.191 
3963.68 9375.43 2626.39 6286.76 1555.72 5712.83 6171.79 4268.6 7314.18 1648.32 
7551.97 6003.16 4979.57 4475.66 8428.26 7992.21 5591.61 9365.71 1478.64 2048.67 
6473.8 5595.91 9131.81 8213.87 6109.76 8002.16 7407.39 7526.85 2297.6 2103.93 
7952.04 6261.28 1479.34 578.406 2548.02 3035.06 6291.24 8719.81 7303.67 3605.4 
368.117 4855.62 9608.56 5347.69 9331.27 8036.8 3339.89 4922.86 7402.5 4818.52 
6971.53 3876.28 414.421 6103.32 2090.13 6524.18 4105.47 9497.52 4051.01 6403.07 
1601.43 2003.03 2664.34 3080.77 2581.43 5212.36 6115.84 8872.67 3932.15 3419.49 
2478.05 4300.27 8275.1 2086.59 9647.96 7606.36 123.376 2987.83 2529.21 7525.87 
7806.35 9500.74 1402.14 8220.77 5604.04 3492.27 4744.93 9709.51 2989.78 8795.94 
6112.57 4591.21 798.948 8776.9 7671.98 3380.38 3989.24 3787.81 2253.03 7921.4 
7207.29 4731.08 2221.65 5482.38 6817.67 1869.59 3088.73 6941.05 4857.42 5617.93 
4466.91 2663.75 5118.65 5869.04 884.503 722.681 9361.32 5629.43 432.175 2351.08 
4425.35 6544.74 6942.29 5224.3 5321.62 4614.25 8604.68 9310.87 8402.06 857.7 
7232.25 5609.34 5588.78 9453.9 1091.7 2406.44 1323.47 4180.43 9347.49 6180.88 
9798.36 3814.38 8844.63 4917 9683.42 9729.14 5639.68 9044.72 5358.55 6071.85 
1395.78 9783.91 2616.58 8338.07 5008.19 7938.2 2952.3 3612.86 7249.05 1354.35 
4470.56 4481.28 6963.69 59.3248 3935.16 8055.39 2465.76 5258.63 2235.8 1813.24 
1439.5 2034.14 5627.61 284.114 6951.14 5311.02 13.2333 2590.8 4355.72 5371.79 
8662.66 5751.5 5155.68 1279.22 4089.55 163.852 9217.42 7041.85 3776.71 6466.45 
8396.2 8247.27 947.72 5359.87 8306.6 4882.88 3415.24 772.343 141.493 5651.04 
2585.58 1580.99 7685.19 8213.2 1865.1 4636.31 3524.2 1878.34 7227.11 7879.92 
7250.12 5889.75 3631.41 2405.78 7168.97 7720.96 2569.64 6386.37 4762.8 6346.35 
2852.81 3158.98 4593.6 3800.53 8518.85 2900.18 8683.41 1934.08 3672.52 8824.9 
7585.12 6258.1 405.875 5270.29 4471.28 2270.98 9906.6 7995.48 4149.32 7133.69 
5875.38 1399.42 3023.43 9506.79 3805.21 192.381 7227.74 6374.84 6578.75 1990.52 
2721.17 9431.56 5149.5 7314.77 3232.07 3668.33 214.934 1915.46 5602.41 3887.46 
740.348 3187.51 145.541 1146.22 8457.8 4616.82 3417.2 8364.38 2612.28 7566.52 
5498.05 8487.66 8965.94 8521.48 7994.44 2771.13 8713.86 5222.16 9145.97 5292.6 
7212.67 1867.13 4724.14 2362.15 9181.9 7956.21 6030.49 9396.84 9871.67 1632.88 
3284.28 612.003 4820.39 3429.82 1758.23 3278.17 8046.64 5175.43 1642.53 658.9 
2741.93 7140.58 9146.56 1707.86 5662.05 7140.99 4478.99 4375.89 2363.13 3624.95 
9668.49 9575.8 5492.08 4392.61 1937.94 4673.96 2348.8 7968.42 4070.78 2220.46 
9601.3 7355.06 2832.46 4421.68 784.858 4590.69 7699.85 8831.49 9766.12 9342.38 
9490.39 2508.03 6482.94 8636.94 4215.89 2144.97 5777.91 8694.88 6520.86 8141.03 
2319.82 6189.34 7716.82 7811.89 581.932 9654.75 2485.84 2930.74 7623.16 6556.62 
5151.19 7224.45 3911.66 7983.66 1646.1 4696.52 2574.33 9345.95 3528 2340.43 
8688.31 3018.37 4848.47 5171.23 1655.3 9064.36 7316.2 7433.21 7759.23 3837.05 
5574.22 79.0246 26.3724 3291.02 7890.92 608.304 2945.76 376.74 3539.04 568.899 
6933.36 8690.23 7793.35 845.007 6673.88 9439.45 5541.53 9248.21 8785.38 9069.53 
1588.62 7473.68 2087.88 6437.09 2644.89 3743.18 5501.43 9961.1 1176.37 3260.64 
3798.13 6750.59 3339.66 3824.5 41.5988 1230.56 4432.81 2987.36 1607.31 7971.85 
3556.26 8540.67 6662.06 1349.58 9385.67 3335.92 789.016 4927.18 2584.11 9574.4 
3996.69 4172.73 7048.06 6084.57 609.802 9692.95 9827.75 6111.23 9654.03 1004.11 
9371.87 3452.15 7754.7 2711.52 7276.65 7796.3 3942.08 1709.44 783.638 5549.39 
9681.29 4339.89 4090.04 6343.34 5689.48 3475.69 9679.26 6478.49 8402.88 2263.35 
6052.88 2399.55 6436.09 3100.92 8484.13 7045.89 2793.85 8311.87 3157.1 2447.87 
9315.97 2528.96 5900.01 7070.66 5240.47 3176.64 4866.94 9182.56 4886.09 5650.58 
4731.93 4567.36 9990.47 8821.97 910.68 5679.93 2297.64 589.924 2158.41 700.505 
2853.28 8211.28 3100.06 9289.36 1312.18 1584.17 6335.23 4106.03 9896.04 9492.33 
6553.9 9211.99 2021.27 2453.89 6282.63 7261.75 5630.54 1149.55 6444.29 516.608 
6800.13 1176.2 5083.97 6790.58 9998.16 5994.65 2470.49 2295.79 6584.57 4628.9 
2996.29 9437.85 2840.16 6096.35 8727.19 4152.35 7680.52 5062.41 8258.38 7576.54 
4554.73 4812.26 6788.52 6576 7266.15 3071.13 3837.73 2896.68 4220.68 281.999 
3413.28 1020.79 1458.2 8497.25 7811.37 1456.34 4491.88 281.845 3752.13 1076.44 
4910.74 6748.43 514.267 7750.91 2844.76 9241.46 1903.24 525.268 4303.85 161.599 
8101.81 8858.58 4973.86 4890.31 5434.57 2240 7961.44 9272.29 5136.67 2182.1 
9554.29 8549.96 3202.88 1012.47 7047.19 1014.24 2468.82 1539.05 1296.08 6220.95 
2615.49 6206.82 2969.36 3129.76 3957.71 5814.12 2371.2 5860.95 6339.39 6675.06 
6022.55 4441.18 5533.62 996.392 9331.49 968.168 3236.39 7292.9 240.446 8373.06 
9475 9794.74 6923 2677.87 807.197 3970.17 3692.1 3276.01 5509.23 4988.18 
9496.96 8124.72 1194.99 2466.3 1254.46 5152.7 8280.42 3625.66 1013.63 4619.78 
300.695 7036.18 9060.96 5834.31 8032.58 8392.43 6802.48 1268.95 5685.32 7042.93 
9642.01 5160.3 6837.65 6564.99 7838.17 7644.85 535.151 1530.25 920.844 6044.38 
6518.43 417.786 4169.08 7713.42 2884.08 5423.54 2866.1 1164.48 9049.19 3879.74 
5784.26 9349.89 915.906 4845.21 5184.19 8948.48 3237.62 1986.65 217.412 8922.94 
9029.58 9859.42 4083.22 5867.22 6424.4 1921.37 3512.05 6959.55 3451.62 4432.89 
3003.91 9970.05 4850.68 7172.99 7683.46 7734.76 2596.51 549.545 8899.24 1645.69 
4429.28 4683.49 995.559 5345.19 9528.7 6179.74 4293.65 2766.3 8166.4 4511.07 
1689.22 7195.96 4370.47 5772.44 3063.16 794.855 7693.81 6575.21 7754.41 1145.42 
1008.08 758.302 1115.45 5858.76 7931.29 8798.91 3593.5 527.79 9348.45 2492.73 
2173.48 3777.72 7176.22 3169.04 9122.91 6704.89 9348.78 3416.55 9471.19 7515.16 
7927.62 1160.4 4711.1 2298.07 6932.84 7774.26 3092.93 4626.63 4349.45 847.316 
5772.05 5357.54 1605.62 6887.5 1216.28 9536.91 5686.39 4809.78 64.6863 5034.83 
7302.51 2238.17 8812.55 4478.71 5407.2 7935.45 1183.59 4755.97 1351.98 654.764 
2271.11 9279.59 1815.16 6982.22 1577.65 8748 4756.46 4670.58 3374.61 9105.92 
5517.89 9146.66 4463.44 7123.51 6034.14 5679.72 6660.41 1720.51 489.483 6725.1 
6755.34 7792 8963.26 5567.88 2270.69 4370.45 3503.3 3454.28 9126.42 4855.28 
4109.04 1397.51 4134.86 5924.2 8379.73 5712.51 4672.18 3136.18 383.07 8046.79 
2242.08 5900.96 7193.43 6705.52 3024.46 3227.55 2385.22 9684.87 4948.07 2874.7 
6409.95 1703.39 666.677 5373.19 7271.27 2937.37 9743.64 774.555 6391.64 8870.04 
5629.84 500.669 267.531 9764.69 6424.87 8647.26 5477.19 1097.04 1783.42 5860.26 
9143.83 4025.5 1761.2 6337.24 731.003 4785.66 9564.8 3116.22 4470.51 4512.85 
5990.92 880.443 6216.24 6657.59 6253.63 3487.49 9594.96 5997.25 4262.05 5986.59 
4867.27 9891.88 6487.26 5134.8 9656.56 2912.11 3782.05 5133.73 4009.15 5565.47 
993.966 3152.96 9590.97 2755.17 9490.2 321.959 7540.83 9054.98 3438.18 2011.33 
3567.81 9429.1 2891.77 9784.05 6086.67 9145.4 3271.53 5681.62 5142.64 7533.57 
1668.19 9.89393 7425.44 8155.44 5144.7 7081.98 1067.53 8926.74 2215.69 5076.68 
4492.19 3209.66 8229.64 4083.15 5964.82 7719.82 4405.11 3505.64 6774.78 7843.29 
5516.97 342.578 7272.36 8408.74 126.612 3359.02 7554.13 3398.14 9040.64 2696.75 
931.693 708.806 2706.64 8357.13 8864.25 7851.34 5439.09 9931.78 6778.06 7654.78 
5008.44 1270.24 864.42 3238.06 5353.39 6829.24 957.868 9758.5 334.867 7732.65 
7601.77 5851.83 8075.23 4874.12 4260.55 8201.84 8233.14 1814.66 1599.96 7273.76 
4511.41 2531.66 7982.56 7218.05 888.768 6846.79 5069.37 6327.86 6778.56 1847.42 
3982.62 1786.98 3117.66 4847.04 5025.05 8471.05 1676.27 5982.92 8229.53 2011.14 
3715.55 5831.28 7862.97 1790.76 705.383 2123.51 9992.61 8938.52 3938.17 1592.55 
6212.26 8449.58 4124.21 4194.81 5667.62 5012.98 1041.58 736.975 1340.82 7820.14 
2584.4 5323.44 9607.12 5702.06 170.467 4632.16 4173.09 1846.74 615.056 2402.6 
3857.88 4330.61 8233.89 1720.83 6121.37 8939.27 3844.34 6113.96 7877.77 7782.51 
7706.51 4090.02 6232.07 1830.71 8284.82 1899.67 6843.68 9326.4 2636.65 8184.5 
7146.53 5221.04 3507.92 6753.63 923.08 3678.39 1385.77 5096.17 5525.13 2000.83 
7498.77 9383.01 6331.44 5732.64 1103.82 2452.79 4671.89 4948.16 8566.75 2549.65 
2730.65 6273.25 6639.66 8962.72 8103.96 4924.47 862.373 4947.62 4250.85 3499.02 
3132.1 1397.37 8720.06 6640.03 8151 9643.14 318.402 9536.77 4739.29 5843.53 
