900 10
7140.54 771.102 4151.75 1174.2 3585.31 79.7738 5682.62 969.736 4334.85 9199.83 
5702.83 8425.26 7823.94 8778.9 7002.22 6234.26 6875.78 672.323 6546.68 215.43 
4835.21 8115.72 8984.28 3414.91 1629.16 293.738 1390.37 9738.11 3722.05 4118.49 
1643.26 862.573 4889.59 5795.02 2036.78 8474.9 5874.79 7719.4 9444.63 209.623 
6919.22 5147.45 8634.88 4743.14 3926.33 5637.08 977.381 802.09 6309.4 7524.06 
1017.52 1144.6 5639.76 1.77943 4559.51 7268.92 295.517 5949.88 7007.01 4017.57 
68.3454 8650.28 4880.14 4957.93 4445.28 6916.92 3432.81 320.048 4636.31 2877.43 
529.671 1555.5 8024.88 9164.55 6298.64 1951.19 4801.61 7276.02 2753.28 1111 
4800.07 3770.8 2255.6 439.81 3772.58 6815.1 7708.73 4068.09 2764.96 4715.73 
8085.66 2833.31 3365.99 2965.79 7791.24 7811.27 9882.71 1224.04 8131.31 4519 
4101.47 8660.98 6074.5 2126.32 7825.52 2373.13 4077.51 2627.12 9649.15 6830.79 
3738.12 4449.2 601.568 5993.72 4889.01 4374.14 2808.8 2597.73 8442.24 5573.77 
7313.46 6527.88 8407.07 679.428 9493.68 6198.3 8490.69 9376.37 7422.34 6621.99 
3895.36 1523.79 5282.96 9969.86 3650.11 3108.46 2342.97 7727.62 5735.58 1992.11 
4558.39 9473.69 6441.31 5159.96 5467.39 1330.3 9534.11 8276.2 3928.03 7976.33 
3849.94 1241.47 4504.19 2257 1920.9 3997.85 8455.3 411.573 3374.21 5877.62 
7033.56 7269.57 7401.41 2316.51 7239.41 1051.5 5424.96 9582.38 8779.12 1160.52 
1574.48 3337.5 634.201 8015.79 8497.46 6101.59 9346.09 8031.55 4377.77 3274.1 
6007.86 8227.72 4515.57 512.037 484.699 6436.46 4509.89 8940 6848.04 7884.1 
4817.6 3881.58 5153.65 2218.99 6198.09 2393.04 3270.49 1623.04 1975.41 2049.59 
2783.56 3549.88 5387.09 3417.76 1565.65 3884.53 9519.35 911.723 1916.07 3897.11 
4185.82 7923.93 2124.81 8701.39 8435.96 2609.51 5137.84 2945.84 1549.49 1985.85 
829.919 6367.09 5867.44 5983.57 8586.08 2065.51 8376.61 1856.55 3688.54 352 
3906.14 6472.1 3901.88 9293.23 9889.86 5467.54 3177.75 9409.2 6379.26 5093.81 
3306.29 565.066 3017.72 5431.09 9266.46 1453.67 8040.6 4404.28 4399.5 9590.09 
6390.13 5229.42 5957.16 2257.55 1212.97 4543.22 4323.06 9589.58 6399.77 8011.6 
9941.58 305.89 4483.68 3843.45 9599.12 4373.53 9310.99 2776.85 3782.71 5690.23 
7870.66 7088.99 6255.29 888.368 2520.07 5521.73 2342.03 560.651 9926.01 6741.54 
150.72 6316.12 1970.94 6107.88 8573.67 3183.91 651.078 2896.71 2773.47 7050.84 
908.294 2715.04 7356.73 5391.98 6558.48 6955.84 9765.5 5869.45 9732.69 3548.19 
1559.66 7603.34 637.17 7814.96 8491.71 3157.24 3336.67 833.722 3717.89 3262.66 
7575.26 3868.61 9578.79 9546.2 9976.49 8152.44 2730.09 627.549 1049.13 5503.56 
7678.39 1957.43 8218.6 5035.11 7349.4 4777.07 1990.93 7114.89 646.506 1723.6 
663.068 2206.17 9326.94 1300.24 21.1096 7818.63 4457.48 3357.78 8652.35 8175.37 
6620.45 6227.59 2043.96 6199.21 5773.77 2020.43 4351.64 8503.86 2647.98 5400.77 
4007.41 326.356 7358.2 2226 5361.47 4707.58 7003.06 7352.4 1822.46 7649.57 
9076 2485.53 9855.74 8402.92 3785.76 9876.85 6221.53 8243.24 3234.62 4873.86 
6418.59 9855.06 1101.44 8462.55 6054.26 6875.21 482.968 405.88 5379.06 3130.95 
5806.65 9386.47 3457.3 3164.83 1612.45 8818.77 7872.41 8615.51 6171.15 9694.87 
6265.06 5247.13 2180.38 6120.79 3650.03 5966.15 5997.62 9871.57 4209.37 9232.23 
4745.41 627.945 9087.28 5846.85 9090.5 5141.52 2722.05 9573.47 5547.4 8101.11 
2704.4 1354.04 7487.56 6161.7 4518.87 9100 4980.46 2391.26 7715.5 1151.59 
2086.12 3980.55 6398.72 4266.5 101.317 48.7355 232.633 6098.94 9920.3 4442 
5331.15 4665.7 5069.95 4418.42 512.535 4160.43 9559.94 3234.58 3733.88 5107.33 
1335.67 6438.28 6461.36 8823.23 2599.96 980.211 7923.22 7580.42 3371.47 5638.7 
8732.01 5457.59 9619.24 5130.71 9724.1 9720.56 5179.44 9956.73 5819.48 5099.73 
4398.72 1150.62 9765.42 9468.67 5569.03 277.943 3629.08 5128.96 3512.53 7362.96 
236.264 4848.2 3801.22 6697.63 3671.41 6401.18 7677.84 1594.61 3981.58 1049.29 
7233.3 2713.57 6506.89 6852.53 7844.28 6230.97 6573.07 3023.7 6187.68 2392.53 
8123.43 586.384 3543.15 7888.84 55.0332 9112.18 8166.78 3684.11 4241.12 1679.29 
1047.06 4477.39 6527.49 4848.27 1174.99 198.88 1249.44 8852.83 1793.49 5231.02 
9902.13 9026.79 7944.59 6409 5879.3 5788.85 2639.95 2452.36 8812.56 8827.63 
4844.89 6935.97 9414.02 8388.04 4824.79 9469.05 7500.21 2991.56 3153.15 1741.31 
4670.85 4200.2 6218.7 1198.32 9048.48 7393.69 1397.2 297.9 6246.51 3190.69 
5528.92 6148.62 2217.46 3473.5 2557.6 8096.77 9262.35 5197.55 549.111 8074.89 
4025.17 5394 5010.85 3439.17 3782.03 9835.64 2908.21 1282.22 2827.19 6061.35 
3023.54 7498.04 261.54 9242.23 8696.36 9310.02 6635.91 93.5445 9607.92 2882.4 
3284.23 5136.82 9031.02 5501.7 8610.32 1588.6 3598.45 7872.66 6786.15 4147.56 
5947.53 811.299 9541.57 958.364 4250.47 3323.58 793.99 7158.67 4605.8 3621.18 
3220.01 7629.34 1119.2 3481.55 6871.55 9815.56 2791.55 3507.45 9909.1 2399.45 
6389.85 3193.32 7536.28 5420.85 8695.02 6146.58 7009.45 2293.45 4019.22 3795.58 
6441.01 9966.75 4606.88 5982.56 925.098 8857.35 9306.14 1719.09 6016.01 3911.92 
5340.26 9236.02 1541.24 6459.46 2717.55 8412.8 6275 5509.11 1920.23 6184.08 
7908.56 8310.08 9377.4 5444.82 3730.91 8072.4 1591.38 740.344 365.83 5610.6 
4535.92 6806.84 5577.34 9142.8 2789.38 6502.43 8000.14 2095.5 8221.52 4016.13 
6007.42 3561.77 3252.13 7548.66 21.2139 5969.68 5961.44 6296.21 1478.77 7881.67 
2480.28 9387.33 6191.73 1857.66 4832.14 9922.64 9930.06 6423.52 662.964 295.875 
2034.11 5198.89 7102.71 7611.44 4341.68 9892.09 4113.86 2341.79 1987.58 2335.37 
6357.92 7995 5897.14 9610.05 5543.64 5918.35 5579.71 1505.06 2214.55 7058.48 
9386.73 4694.83 6445.8 5578.44 6552.49 1277.92 5501.06 6482.53 7701.44 6164.02 
6778.41 9735.55 1362.89 3881.11 7346.98 5704.57 3773.18 1460.82 8046.36 5760.76 
3796.19 4404.26 3755.74 9693.33 4014.29 9299.38 5611.66 9594 804.42 7826.21 
6652.47 191.129 2521.02 3098.25 5769.56 9073.51 4376.17 1270.6 5556.02 2077.59 
7434.62 2334.42 1813.12 8797.51 6215.52 9160.1 4502.06 9988.7 620.905 2548.41 
5749.45 4417.09 6952.67 9505.18 4110.4 966.945 8804.54 9722.06 560.933 9608.96 
7548.25 7213.4 9800.09 69.2517 311.637 5569.64 9142.76 4687.81 6840.24 4698.76 
6765.4 4274.85 7033.18 8578.52 3072.35 3248.68 7738.61 7574.41 3237.37 8359.51 
122.796 8986.82 2776.59 7075.46 8491.99 6886.99 8042.41 7296.51 6609.04 8603.34 
6905.46 4157.27 5816.73 6705.54 4226.52 6128.36 2275.16 3369.26 816.154 9115.41 
8068.03 7581.55 3390.24 5101.19 6160.06 6462.58 8349.87 3898.65 4036.97 1587.23 
2258.15 4159.77 574.029 5034.73 1235.22 9066.01 1921.71 9277.63 6362.51 8530.74 
7880.95 3267.95 2688 3697.66 9973.49 6914.52 9826.03 2248.64 283.766 642.162 
1364.02 8351.79 8223.71 4754.26 3452.97 4383.76 1216.83 1802.83 8282.41 5253.8 
3390.05 540.535 9413.57 3964.08 5575.27 648.772 3030.08 7496.98 9926.4 9392.59 
6027.7 7807.33 2660.53 8715.7 1504.98 2634 5630.21 1330.98 4882.64 5913.97 
1973.15 6246.66 4265.75 196.844 1000.91 7718.72 4580.6 2217.74 9521.54 2862.99 
7471.54 2911.58 3403.53 6885.1 6875.66 8978.79 7533.87 9905.74 6475.75 7460.25 
9298.32 2503.44 5267.56 1958.83 1219.13 6772.54 4592.83 6849.33 8103.52 9475.47 
2763.29 76.6538 5722.12 7029.04 273.498 6723.03 4747.73 4854.1 8940.77 4269.26 
7717.09 6412.29 7180.84 1120.6 3297.37 4056.48 99.375 831.222 3962.21 6575.13 
8291.47 3260.51 9078.57 3559.02 5219.34 297.683 331.539 9812.17 7147.02 8435.06 
9287.63 9910.3 8511.72 5009.73 6939.32 8785.21 1732.75 1687.04 3639.3 673.498 
5956.3 1356.37 7085.79 3137.11 2476.97 383.146 7193.6 2576.34 1214.37 1155.78 
9151.47 9505.84 4416.29 8230.03 3064.84 9635.63 8527.71 3396.38 9447.78 5674.71 
1831.42 8735.39 5585 343.123 3745.11 2524.3 9128.34 5477.85 4211.34 2767.62 
6151.35 167.616 4123.99 3237.12 3304.73 6600.96 3620.27 498.31 9177.3 4834.64 
1654.09 8328.76 4340.46 6070.39 6558.77 7405.3 5706 5086.46 801.658 5153.76 
761.153 2633.08 3889.14 6346.15 2976.2 7634.24 8870.45 2104.53 3112.07 3081.77 
4872.15 9263.42 3249.39 8996.13 2500.53 6554.12 5597.07 6120.8 7052.43 4774.36 
955.423 8706.52 3103.1 5295.88 4776.89 9661.86 2701.16 482.871 4748.31 3502.82 
5636.63 5509.46 6135.9 9525.77 1855.59 9112.11 7159.99 726.02 1216.62 272.05 
3807.79 6088.76 9535.47 7057.17 5084.88 2035.99 3611.27 681.936 8156.79 663.682 
5456.29 9112.21 9370.2 8559.39 4408.08 4147.08 8221.23 7109.24 4629.95 2969.52 
612.047 266.563 8478.98 6747.95 9792.33 334.553 5860.04 6952.31 1060.57 7076.66 
7224.35 4868.36 3165.4 6759.81 1925.52 8250.28 8795.8 5536.79 8932.22 6952.57 
6200.47 4388.49 6064.77 5570.66 2947.86 472.834 9717.74 1169.08 7582.08 4347.67 
4138.6 8194.12 4614.23 2617.57 4942.06 4406.54 2952.12 802.078 1358.83 4012.69 
7878.73 8583.18 8881.06 1044.12 5342.98 806.558 9294.4 4138.76 6343.35 8226.6 
1091.32 2543.8 2615.07 7156.09 8114.46 5562.94 7628.93 7832.18 6732.02 5210.99 
2179.83 870.606 3405.09 6794.06 3488.18 8347.15 1200.58 6440.3 9149.23 2559.41 
452.975 7027.94 1142.58 9334.03 8072.06 6485.56 140.572 7366.44 624.303 6483.92 
5593.02 1715.62 9027.72 8208.09 8871.72 7142.17 3771.01 6500.63 4974.33 503.012 
1711.6 7154.16 1373.62 5116.69 3948.2 4861.79 3463.82 5148.78 1302.07 2613.03 
7708.19 1755.05 9640.97 8850.76 1089.06 7713.01 5336.3 1229.63 5079.44 5960.6 
7713.55 672.44 7676.23 6741.26 8880.53 6547.93 3883.41 2651.53 3048.54 8857.75 
3154.54 4760.14 6011.89 4528.16 9876.83 9960.09 9389.95 3340.63 5108.85 692.007 
5953.66 2817.02 2447.05 5594.62 1667.76 3536.12 3307.61 7004.06 4765.75 8387.05 
2964.65 2479.29 9059.49 640.864 9220.55 7940.01 7188.79 3103.95 591.515 237.318 
1961.67 3746.05 4997.46 7973.56 8274.21 4874.27 7933.63 7664.14 8214.9 3042.46 
8356.15 4168.55 5859.48 803.188 9763.16 7527.24 4339.31 3070.76 4531.29 9105.06 
1457.8 7495.94 1584.33 517.27 8136.8 804.859 8457.28 5325.58 3908.8 9048.79 
5562.9 5870.48 2794.83 560.34 3844.02 1069.02 5434.61 1777.64 8733.17 3649.5 
4820.1 7089.3 7818.04 679.56 7892.49 7581.19 8206.8 2231.78 651.936 2738.07 
1336.81 2109.73 233.994 2921.14 2627 8370.8 3726 1084.26 3696.36 7634.8 
133.036 9259.26 3505.27 2927.86 9819.6 7349.29 3996.89 5254.19 9126.93 2730.03 
8903.69 3947.01 9819.33 6721.72 4626.57 7711.8 4302.89 2833.36 9943.58 4954.83 
5571.43 1280.38 7064.56 5805.42 4201.52 9691.56 4176.2 7927.52 775.805 7872.56 
5562.31 908.841 7131.81 9067.57 3836.71 6951.39 6416.85 7833.59 2205.57 5543.76 
563.61 1109.24 9490.77 382.927 7830.96 4117.32 8094.73 2133.84 6950.68 8038.29 
7088.66 2522.09 9318.67 4153.21 8327.51 3520.18 3844.75 2503.69 1447.68 4620.56 
376.24 7009.99 5529.4 7508.05 6077.54 9366.1 4459.42 2494.37 7199.68 6664.99 
8038.13 7763.29 7774.24 7528.88 8146.21 5605.18 1646.19 6240.93 7739.02 8596.87 
4279.21 4827.66 1118.94 3597.86 8980.87 9446.45 7118.04 2825.6 1950.12 8565.72 
7446.16 2326.36 5575.68 2975.54 9834.41 1653.21 2341.62 4293.82 4147.58 9541.3 
958.793 2185.69 7304.57 8733.03 9714.58 5450.77 4338.19 1360.75 1691.68 2077.19 
9957.61 5970.89 6904.85 1076.53 9568.75 5885.7 522.961 6686.77 8711.31 2473.08 
5252.47 6157.45 4799.44 828.14 9132.98 4633.84 2481.35 1474.59 8927.65 6628.93 
1015.88 9886.45 8814.62 8320.45 8619.46 8529.18 3771.2 2957.63 9889.93 5462.88 
5034.82 9847.53 1433.76 1939.66 924.042 1002.49 7825.36 1447 7689.27 6536.65 
3920.09 2941.73 2694.08 8719.53 3769.87 1827.05 3353.35 6251.22 3301.64 2280.99 
2880.13 4317.52 2167.42 1694.74 2637.95 786.857 223.902 6409.15 3744.49 113.815 
1872.02 8779.32 9961.34 3305.78 718.959 885.366 4308.27 8544.32 2332.37 1997.52 
5080.96 6252.46 4939.25 7775.04 4971.97 8709.11 9602.09 8325.32 4960.31 2903.72 
606.292 7840.44 7221.23 2773.71 9535.18 9859.18 3560.56 9759.08 6268.32 7305.06 
9872.89 8140.33 6084.35 9834.22 1446.09 6803.31 719.568 5754.36 5347.62 3051.94 
7751.89 428.565 9304.39 2691.12 8203.61 4276.35 1400.21 7805.69 2601.65 6360.53 
709.385 3207.94 4200.95 7930.62 5981.65 3736.11 7789.78 9542.22 3495.17 4058.08 
6847.25 3368.05 2198.4 2931.59 3202.25 3644.49 9734.91 3921.82 9398.86 5082.51 
6973.76 7150.73 5511.08 6278.13 9841.84 3714.67 554.464 1242.04 1520.33 3156.12 
7602.57 2229.72 6364.06 1803.5 160.322 2345.7 5539.61 7950.11 1887.89 9034.78 
2008.17 8735.15 2402.82 4206.57 1666.72 5605.07 7851.07 1401.61 9526.88 7249.91 
6484.12 6500.62 4400.61 1995.18 2778.74 4242.44 5709.85 3333.2 5484.48 7230.18 
6489.32 3087.03 9459.9 2853.36 4890.54 9620.22 5199.06 430.13 7570.31 7086.95 
9464.92 9578.49 5822.08 1867.71 3785.04 7488.81 7472.78 1636.09 8890.42 6999.65 
8886 5374.53 3500.25 3286.6 7369.71 6278.99 7529.04 3079.54 9612.2 3013.5 
309.709 6101.5 6100.54 9769.61 8954.86 991.054 9389.82 4153.9 1421.18 6960.11 
1240.84 886.082 6538.58 7062.92 2753.8 323.608 4551.71 226.559 1959.7 3442.12 
7226.21 845.68 8816.65 726.444 4132.28 6186.35 7005.44 1661.3 9265.89 6617.62 
4674.8 9575.6 2719.1 775.316 9345.2 1673.94 1766.37 8735 5827.84 3187.55 
5695.09 7068.68 4073.64 2233.66 4131.58 6827.43 2557.26 8683.3 7053.99 4516.96 
2125.4 4280.18 5362.64 942.035 5006.62 9494.92 7128.38 2012.04 1156.2 6394.26 
8629.66 5830.99 5969.84 1348.74 6606.31 5315.02 3022.68 8372.68 4050 8850.52 
1560.22 9745.09 5919.18 5633.85 1978.73 50.748 2461.26 4535.99 8734.04 9515.25 
9052.95 859.428 3795.42 4415.58 1801.46 8802.04 3910.48 8929.85 814.066 5066.68 
5324.09 9443.73 897.657 1293.91 792.448 7503.97 6608.93 3815.13 5876.63 658.912 
2665.63 7436.84 403.983 8584.82 3070.68 2382.71 8635.56 5531.94 6918.7 7369.59 
5047.18 5971.64 8229.02 8842.59 387.203 30.4636 7644.62 4297.69 8960.31 8458.68 
9364.37 4284.38 7902.39 262.005 5578.29 8694.84 7765.97 2187.2 2509.95 3642.58 
2846.11 5175.58 1079.41 3250.1 3760.38 4150.09 5632.81 2395.93 9682.03 2551.49 
9765.52 4729.19 8523.13 7994.52 3571.77 8910.33 8024.98 1216.37 3208 6985.27 
9675.05 2572.35 1269.63 7577.43 2834.36 6847.92 6272.25 600.311 9035.13 8782.2 
4242.89 1881.22 3957.77 5322.3 5131.32 7718.15 9472.39 764.113 114.058 9154.4 
3315.61 9879.58 3883.57 1838.72 7874.08 7455.34 749.036 5899.04 8671.71 3957.04 
2884.3 8346.74 6529.39 4153.93 5924.15 9363.75 1001.84 2196.38 9964.06 36.9501 
978.561 4206.93 1918.17 4936.33 9529.24 7049.5 2654.46 9001.61 7813.61 2768.52 
8155.99 1129.2 2648.07 2039.55 2967.92 522.133 9494.89 3716.95 6421.18 8166.58 
7673.99 9305.47 6513.3 4203.37 3459.39 2437.43 3567.1 4461.23 4633.81 3531.14 
4498.18 5612.37 7738.07 6416.36 548.677 7267.29 3465.83 3203.14 6268.88 1279.43 
5971.65 4424.86 2408.62 8619.72 6464.41 5376.54 9141.86 5959.28 9093.49 5563.01 
4125.84 6767.47 4868.47 639.115 970.816 8327.86 3076.54 4537.91 2789.08 7710.35 
8069.05 7287.26 3322.7 5807.1 3703.6 3871.37 3074.38 7169.43 7074.51 9343.26 
8448.86 3046.14 3768.1 857.461 1665.85 232.495 6234 807.687 6191.77 5327.47 
6370.7 317.591 2094.92 1239.16 956.706 3065.74 9567.02 4033.25 7603.65 2356.08 
1743.58 5672.68 9643.33 5066.27 1479.77 3346.91 8937.65 4554.14 516.326 6012.14 
3897.39 8965.18 9058.28 7665.49 9822.64 724.108 7897.99 6056.63 1531.8 4089.74 
1384.08 7902.5 4407.34 3479.01 9141.65 5364.04 6544.75 8708.66 9397.29 4148.38 
1064.72 1140.85 9821.06 708.035 6207.12 1300.81 4054.95 5144.75 5854.96 4571.28 
1156.87 9752.35 3536.44 215.131 7417.82 3359.07 939.239 5315.79 9415.69 2471.03 
9405.54 799.758 373.514 3812.86 4278.77 9515.17 9176.9 823.496 8223.81 8574.17 
4971.88 9288.52 9715.02 4792.93 9996.56 5922.13 6093.74 4051.49 1066.86 1948.68 
8622.77 2223.73 1701.01 2159.19 2438.86 9118.84 5518.26 3378.1 4434.61 4933.93 
5849.13 3840.14 5733.69 6222.65 7652.99 12.4388 5737.8 6829.88 835.935 3961.59 
5404.03 5807.81 3250.1 5119.04 600.722 3246.64 1041.14 6694.46 7298.13 2108.01 
8643.14 5920.88 4331.74 344.139 8080.07 6770.6 9462.98 3598.31 148.682 3897.57 
8532.25 5997.82 7737.71 4265.92 2220.45 5390.68 4278.36 7958.25 2220.54 5114.29 
1919.82 7624.57 922.091 5169.92 2743.59 1522.81 8416.56 3784.73 8217.27 5714.67 
5892.74 6860.4 1635.54 224.459 7204.54 9715.61 6995.06 6667.5 3313.91 7143.74 
565.054 1846.14 3141.54 8302.76 6112.06 5361.99 3693.43 390.404 3320.22 5913.97 
5504.7 5240.04 3538.52 6426.79 409.94 6282.11 7949.6 8826.5 66.8296 6166.86 
4541.16 5959.57 3027.24 6176.7 6184.03 231.767 5892.29 3179.07 6899.27 9206.2 
322.79 7464.32 1052.33 3464.33 5767.06 7164.39 8826.32 9460.49 7554.79 2146.52 
5374.44 3059.48 7386.55 8912.96 9486.26 7796.49 5195.06 7435.85 6622.98 5261.89 
3602.69 1164.11 1221.44 6629.93 7340.81 7405.47 6861.7 3233.09 584.521 3760.95 
2439.27 907.311 1225.25 3491.6 4371.64 6992.32 655.976 3197.94 6452.79 8210.77 
5344.45 1827.22 1270.23 2730.99 740.165 756.477 527.47 5935.23 8192.33 7150.45 
1197.1 1795 8314.56 2418.54 8424.93 5655.35 9824.01 5286.61 8888.44 408.516 
9047.56 1327.7 1315.83 272.799 4819.3 5687.47 7265.12 5475.28 8885.41 3717.89 
3686.03 4229.84 5545.11 4956.26 6960.84 6285.27 5712.74 7488.31 2220.48 3905.04 
4638.74 3417.58 5700.04 2953.28 5836.12 4124.95 8608.64 5660.12 9411.57 7497.06 
6068.64 8459.11 8824.76 7384.46 8731.91 3644.04 3071.91 5997.01 9119.31 1957.3 
9714.9 2805.33 6187.15 5259.99 7761.58 3147.96 1545.25 3474.3 636.254 3765.73 
7379.35 5274.99 7183.31 3079.37 8228.27 3019.42 7204.32 6836.89 8679.54 6615.87 
4333.93 4748.16 5074.97 3158.67 2132.6 3806.87 6802.71 5204.52 9803.88 5922.01 
7161.82 9518.77 8727.34 3348.94 4778.75 6488.9 6496.91 6324 9963.21 7133.16 
89.7128 7342.54 2408.14 7273.03 421.89 636.392 292.43 7626.21 7473.28 8971.97 
4242.07 1807.2 3720.11 9317.04 4965.87 5852.71 3123.9 1768.57 1057.21 2927.76 
7690.58 8219.03 2446.51 6417.9 1567.96 7225.26 2906.78 8064.86 3549.24 2869.98 
5198.01 3638.95 212.496 7606.15 911.962 634.386 8242.54 1204.39 8260.6 5715.81 
176.344 2502.66 7523 3896.45 1819.68 2488.86 9749.17 4943.58 4257.43 806.36 
7871.34 1947.99 9025.39 317.834 8365.88 593.327 7543.09 1272.65 8658.19 1092.32 
4142.63 3856.19 4731.27 4355.12 1462.32 5643.23 4989.51 9704.86 6847.62 3250.09 
5420.65 7023.96 5752.75 2943.64 920.401 7572.43 5432.49 669.55 2515.99 9689.92 
1475.91 387.316 1637.89 501.281 705.15 3.75976 1094.61 8248.24 1276.41 9752.8 
9340.56 5419.04 3608.97 4071.81 9774.16 5071.29 9715.04 4763.66 4776.13 6562.64 
8013.75 196.759 3586.59 3766.48 3140.39 4506.99 1338.9 8572.89 5176.54 3854.89 
8262.79 6652.45 4242.21 9900.69 7153.73 4947.36 9904.45 8248.34 3195.58 1180.84 
8001.12 2536.12 6599.88 1610.07 6607.93 6374.03 6681.36 6322.96 1137.67 1457.47 
2885.58 9151.42 1654.23 6472.17 2917.88 4794.62 979.144 4256.77 3367.5 6155.68 
8111.66 1630.27 2808.12 2353.85 1530.94 9961.85 7301.21 1435.37 8210.17 496.775 
2616.21 6211.27 3032.9 9216.09 7821.34 9640.83 5590.1 4502.69 5963.77 6727.76 
5960.16 8849.35 5879.16 7614.39 5321.51 8797.04 2408.99 6300.65 3053.8 5776.49 
2456.32 1165.44 7406.76 5264.44 3519.3 8937.7 5226.27 820.489 373.05 3436.42 
1317.26 2989.26 9647.69 4350.16 2205.33 7469.02 3990.98 7795.43 1971.69 9954.75 
4523.17 7931.84 8804.09 402.313 5546.21 4125.58 9199.35 7955.21 426.212 2253.13 
3731.68 2882.53 3418.57 1138.42 8146.97 6937.87 76.1057 3373.22 7758.36 449.156 
6809.63 9075.62 3438.41 6457.31 3425.77 5643.74 3926.31 7416.75 3439.15 5898 
7371.48 7962.32 3829.83 6175.56 8364.63 9376.04 301.117 7563.97 7331.23 727.329 
9817.1 1062.9 3609.86 3235.65 2201.32 1756.81 173.502 2277.42 5130.02 7931.86 
2726.58 1939.64 7007.46 6164.99 8396.95 433.213 1808.72 2323.24 7849.96 5247.87 
8221.24 5221.43 3210.17 2051.05 1396.97 1574.79 1427.07 1698.08 9138.76 8758.3 
2425.41 8955.83 9821.2 6035.27 2191.47 2022.5 7792.08 2364.97 4299.92 2922.09 
296.812 7026.5 4861.72 7304.27 3191.48 3258.66 7737.49 5000.2 5581.9 5587.43 
248.054 3803.12 808.841 3458.23 5854.16 2205.81 5033.02 7281.24 3903.89 4171.76 
6039.52 6329.3 3127.58 5860.7 2364.56 5319.04 7883.21 156.618 7684.01 2183.11 
3078.7 7980.83 9209.62 7940.43 5285.08 2401.08 1199.07 3022.55 7401.28 6780.96 
8609.98 7649.34 584.06 9418.83 1107.55 6438.22 1624.62 6140.57 3719.44 5528.5 
312.306 9758.96 1857.79 3439.88 5619.65 4222.34 8758.92 3502.84 4378.96 6442.92 
5685.95 7457.66 4423.73 4895.56 5398.08 9708.81 7296.64 6597.14 2731.35 4697.9 
3378.08 1341.32 2347.22 3962.15 760.127 3454.77 400.352 2384.74 9595.34 4119.79 
7913.25 9907.64 3878.74 9771.04 3347.51 9498.4 3993.36 2106.42 3001.22 8372.32 
8549.34 8687.18 5829.97 2973.05 3582.71 1228.03 2681.85 879.335 7825.17 5413.2 
5577.24 1203.24 6754.52 7924.46 5165.38 7514.65 1379.22 5565.74 9899.39 974.539 
9685.53 7812.62 882.166 3564.26 7583.64 4229.67 3062.64 1576.98 6336.09 6063.86 
9949.31 4885.41 4751.02 5779.26 7858.46 8333.73 7007.29 540.292 9213.07 4832.45 
5953.49 4790.29 6035.69 2707.99 2714.74 1201.06 222.622 4093.96 6766.79 121.993 
5068.5 6452.31 7934.61 5950.66 16.5503 5518.23 180.317 3079.19 7095.21 6516.41 
9143.05 7044.5 1401.8 3894.05 2823.75 9260.26 2227.77 9831.04 9800.55 1440.82 
4663.47 5754.03 6231.11 699.144 8462.02 8945.84 1900.2 8684.64 3039.78 8666.99 
8806.63 8108.28 5119.28 6741.23 4058.92 5135.83 2259.44 4239.24 8215.02 9354.66 
755.628 7358.05 6399.14 2157.42 1252.09 9222.89 1417.67 3479.85 9053.92 1218.2 
4920.67 3717.37 6972.22 1151.76 4416.52 5434.23 97.5866 6316.72 4118.85 3137.37 
4983.69 2925.47 1245.63 102.962 9666.7 5304.55 5238.8 1926.12 9543.79 3453.8 
1280.76 299.403 811.841 7679.9 2456.83 2063.93 6902.78 3874.49 5543.78 5956.68 
5092.69 464.433 9674.05 2064.9 1616.19 4090.56 7499.12 1713.78 407.257 1617.95 
4851.15 5390.95 4543.42 6096.78 5493.91 4210.1 1401.32 732.694 6136.22 945.091 
4186.5 7416.99 1244.49 4998.34 5096.87 3701.32 7062.27 1999.64 7575.81 2606.03 
7956.32 2668.49 3070.46 7630.35 4733.38 4686.66 1720.89 2232.49 6400.44 2128.15 
3850.44 1251.57 7519.1 8393.86 7348.35 3013 2603.95 8749.66 3745.69 8740.17 
9694.75 7932.19 6157.14 939.231 2930.51 1253.99 4640.55 9992.78 3253.63 2216.35 
2598.79 1209.93 4884.84 5669.26 8840.28 9618.22 355.9 561.155 1850.69 6756.34 
2689.3 5701.13 8007.91 208.388 4094.98 5356.24 3221.39 6698.93 4105.88 6967.08 
5439.08 3800.62 4899.25 1596.2 4739.85 7829.77 2850.19 9380.4 7822.53 6103.82 
1596.74 421.307 7313.75 6481.57 6090.57 6154.01 6099.77 6446.47 6715.17 7950.46 
3202.79 9404.47 3651.58 1210.67 9612.86 7746.56 6566.91 2834.23 4445.46 672.777 
9801.31 9884.54 4473.4 4700.55 1480.73 9213.25 2530.3 4330.92 8593.64 352.81 
434.725 190.354 774.117 7748.48 6671.92 6864.68 3902.47 2771.68 3311.13 617.625 
722.126 6513.92 22.0813 4373.7 7724.59 9634.94 2120.24 4291.49 2469.16 6565.71 
4964.26 2270.45 6450.23 9437.66 6971 7930.96 8650.89 9501.3 2261.86 7244.51 
9854.11 2696.59 7434.87 628.208 445.044 4106.77 7492.89 4347.52 6878.46 804.008 
4965.14 7600.58 7317.93 4987.22 1974.27 5042.5 4622.15 4094.51 9333.99 7091.31 
660.202 4298.24 9361.76 7110.44 3735.89 6332.74 5041.38 2386.76 5834.02 7303.24 
9631.28 5688.11 9999.82 7066.13 6316.32 444.851 1172.88 3809.2 4792.37 8051.34 
4613.2 9757.51 5651.9 1931.11 4744.72 7626.17 6973.62 9366.87 1720.67 6307.59 
6458.16 2380.87 605.818 5819.9 9491.3 4341.7 2152.62 4532.66 6728.47 7986.65 
1835.88 6359.73 3674.74 1835.69 3425.84 9991.06 2280.54 4598.72 3800.24 7072.91 
2650.04 8413.45 6830.4 8301.95 344.544 1575.1 5928.1 7318.16 941.951 7648.77 
3625.74 7400.11 29.6203 4231.56 3219.99 9520.92 8573.26 5372.61 4053.57 5301.71 
3359.24 5889.46 1661.42 7033.98 7725.15 5087.26 7025.03 5.67363 9685.98 825.258 
7078.58 2336 9238.71 3908.97 637.932 9583.25 5484.08 6566.03 6901.39 6426.03 
4214.78 527.118 3826.12 4244.4 4758.68 7046.1 3765.31 3331.92 2418.7 7818.88 
8633.64 5777.94 3708.32 295.041 2811.91 1433.45 5382.3 9836.94 1439.13 5068.26 
662.179 8517.71 7404.26 9900.88 2426.67 8042.2 9484.11 7910.74 4608.21 6385.49 
4336.75 8823 6912.61 8162.87 3067.38 1671.27 5208.95 6832.7 5003.19 7627.65 
4651.56 3636.81 3405.57 8359.89 3931.85 6217.48 9793.34 9314.15 6054.4 1232.45 
4382.39 6716.58 9750.16 1786.64 6617.45 2176.81 9828.84 6101.54 87.5356 4437.03 
2487.02 4424.29 3260.01 9399.63 2587.14 6327.4 1070.88 7796.09 3160.08 6074.08 
5423.73 7811.64 9710.89 8829.3 6171.51 3642.73 5046.76 5964.83 2956.86 1101.15 
7197.28 7339.25 7817.73 6947.42 9125.9 4435.16 9124.23 8954.72 536.684 9211.77 
3391.73 3023.7 3636.04 6651.74 2423.32 6223.18 2979.12 3494.2 4019.25 6139.2 
9568.28 9442.98 3950.82 9279.15 8272.27 122.313 2921.86 3319.01 6087.14 5878.72 
4420.16 3284.41 3217.96 2237.87 231.812 2343.84 6673.03 9356.05 1298.54 7209.71 
8567.8 4690.27 233.4 2203.82 1341.99 2656.72 8427 4321.12 6150.92 2446.23 
460.297 5719.18 1889.2 4411.12 4998.32 161.448 4533.43 7920.18 3480.46 620.558 
3798.89 7900.62 3904.96 7016.85 138.481 4136.78 9360.69 6811.51 3492.8 659.207 
4021.21 2060.59 5349.48 4254.61 4264.41 6691.47 6911.33 2691.39 1012.57 3062.23 
5137.62 1472.86 8781.41 7026.82 5883.98 3779.71 7188.27 417.397 1699.87 668.713 
1037.96 5498.76 8569.34 4942.92 2515.59 8707.82 9079.7 1876.26 5519.31 2572.48 
2535.47 9540.52 4633.07 7884.94 3795.11 8897.47 4576.39 706.421 1588.84 5588.96 
3768.65 6726.46 7061.83 2550.04 3753.27 2945.79 6329.75 941.518 3363.19 8029.63 
1610.23 4401.15 3528.37 179.552 9344.07 6043.96 8887.37 8423.74 7920.22 4406.67 
996.211 455.673 3947.17 5629.28 8340.62 7742.28 4526.74 2916.99 8448.7 6115.58 
8505.95 2217.33 2842.03 5567.76 4767.38 6595.29 8513.56 1097.11 7536.81 1876.73 
9126.74 9147.04 6277.88 2655.09 9326.6 5621.92 8699.05 8213.95 4045.65 6619.26 
2620.6 5041.86 7074.93 6567.77 671.125 5415.53 4310.03 5197.86 8332.52 2758.72 
1313.43 6838.46 4976.05 4155.45 2406.21 9743.43 750.732 919.749 840.522 8287.55 
2796.48 9967.26 7434.57 9074.36 2622.33 6761.15 4696.26 1321.37 4975.09 8741.92 
7940.63 7595.69 3783.76 5015.55 4163.44 4454.89 431.061 8473.47 9652.75 8763.58 
1232.18 966.157 5602.03 6208.23 5121.61 8008.24 5951.64 5872.34 8927.99 6792.16 
4159.87 1724.45 6759.41 1594.43 798.79 9381.74 8355.58 5495.05 703.093 3330.65 
4236.95 8643.72 926.318 8020.71 3659.25 5089.76 2475.58 4090.31 3563.21 2128.31 
2853.88 4795.39 3094.47 8455.91 1003.6 8216.08 6464.13 6955.24 4088.41 5392.1 
3747.39 8248.28 7116.56 506.777 9842.71 7915.35 9888.52 8198.27 3410.38 591.593 
1528.9 7647.33 9235.32 2455.22 5668.03 2894.55 7544.97 8143.61 6984.87 1108.17 
271.903 9838.75 5903.55 3366.37 8294.64 6907.15 1582.43 4758.76 3862.38 5670.84 
150.845 7609.76 3919.1 7267.4 8116.54 3761.79 5182.73 8005.04 1960.04 8593.11 
8596.63 3488.94 6240.43 7831.93 5944.16 1908.44 726.467 3489.12 52.0344 7711.33 
4597.28 323.938 7550.06 500.821 3690.31 5844.69 7407.97 5272.74 603.429 1270.33 
943.562 754.274 8880.09 4862.66 8021.68 6996.62 8624.45 3204.39 5001.64 584.466 
1797.48 3598.25 4073.4 8037.91 1430.17 17.5457 9946.35 2156.64 3506.66 9998.39 
9867.97 8103.95 322.31 7418.02 8604.77 4012.62 3262.69 6012.72 9285.36 3866.11 
7283.06 228.904 4620.39 6163.13 5091.56 2642.05 3159.73 3715.99 5846.44 8161.37 
4300.46 7643.92 1759.61 8373.86 5681.82 3189.78 8391.41 5628.15 5346.42 1898.05 
5626.53 5214.37 1.98007 5948.83 2632.37 8606.75 9961.45 5895.05 4619.45 9246.79 
9761.17 1902.49 9475.7 4381.54 8065.62 4567.25 7023.59 1225.34 8283.24 2870.01 
9386.71 2583.68 513.908 1146.31 957.521 6195.72 4336.09 9348.93 1823.86 9682.5 
1246.96 7450.38 4896.86 1248.94 3399.2 7529.22 9855.69 3360.64 3424.26 4475.13 
2607.42 3185.41 6377.62 2083.1 7566.94 4443.23 6650.35 4590.52 5668.57 4933.57 
7460.52 5055.27 7517.24 7974.43 6201.57 8474.76 4170.14 537.646 7823.67 5994 
220.134 9070.64 3444.36 5116.99 319.565 6843.57 2646.19 175.238 204.188 6070.45 
4650.36 2811.6 9255.85 1027.96 4894.71 6822.78 5471.19 1545.03 1413.28 1139.74 
6478.6 8873.8 6195.01 3995.82 6848.21 2396.56 2470.57 1018.33 2934.21 294.228 
7012.33 3154.34 9364.87 456.675 8271.33 9684.43 7300.24 917.509 9859.67 7504.43 
6987.96 4510.01 316.016 6243.8 5537.98 5210.72 3066.56 1009.15 6755.75 4479.84 
2148.89 3234.34 3353.63 8343.9 7230.16 201.824 740.444 9700.73 1220.16 3674.65 
9994.96 8232.49 6829 9359.81 8689.16 5100.31 9044.22 5989.38 6017.82 8903.87 
3493.8 3005.76 3413.87 3809.81 9249.56 8951.85 9020.53 2316.11 9961 5776.27 
6795.95 2109.87 9010.61 149.559 453.754 6240.75 351.383 1194.2 5941.46 1571.54 
4868.85 5936.4 9804.03 1697.83 5296.19 8493.17 6798.14 4340.4 4482.54 2815.95 
3244.25 7976.33 5821.71 6658.12 1786.13 5071.26 5609.95 806.644 7387.36 5570.93 
6582.91 4183.29 7680.8 5593.5 4332.85 8134.56 1834.24 4684.24 9328.75 7775.7 
6255.78 4197.59 3712.09 6059.79 5895.42 9008.28 4552.94 2693.55 3348.66 9035.48 
5509.5 6592.91 7011.79 1331.19 3251.01 8797.92 6402.45 8860.96 9604.57 3789.79 
4431.87 6187.46 7973.09 2112.65 1780.95 2305.92 247.191 3615.19 6990.16 9575.94 
1390.87 3245.92 3773.51 5102.96 9305.71 9668.93 4111.23 3858.63 2362.46 7459.89 
2894.09 7871.96 4052.78 9905.89 9203.15 7303.79 8703.79 5605.58 6164.73 8308.34 
9395.37 596.585 4495.79 7368.45 2709.24 6276.74 9674.37 2956.43 9891.93 6664.51 
2532.36 1282.79 9910.43 6305.87 6385.75 9216.12 5974.79 496.965 3074.74 8337.25 
7956.85 5968.83 6209.19 2009.62 5874.7 5412.32 9313.41 4578.48 1017.88 5478.13 
2886.8 413.24 6074.71 7382.59 7781.69 8783.95 3659.32 7456.04 1740.36 3551.24 
4120.53 4272.72 4834.03 4030.95 578.576 1219.76 3247.06 6553.36 1716.73 6321.79 
4890.59 9673.58 2290.61 1099.77 1683.19 8165.31 6512.09 996.581 2743.77 7529.97 
6474.71 5630.57 7943.21 2549.41 3013.14 5724.88 1333.34 6672.46 3180.9 3073.71 
223.684 7301.43 7346.43 5057.71 1332.37 7925 6277.47 4579.42 4478.35 7994.2 
901.201 9368.94 7667.77 3191.81 468.694 9350.95 1357.1 6980.78 347.518 4100.86 
4510.73 6822.23 9731.43 2453.93 9371.63 2744.56 8178.81 704.96 9417.02 1359.69 
3778.67 9640.71 8661.12 1125.08 4698.4 9993.49 9050.08 975.856 4572.9 3528.42 
8970.06 5474.1 2897.34 6637.81 8665.91 3366.04 5988.75 22.9856 346.801 6336.26 
4123.85 4857.53 3158.47 3855.26 7311.46 2530.09 6599.82 5490.25 3235.05 6016.82 
6849.94 7013.72 5657.51 5511.05 8138.8 355.895 5504.52 7188.86 1331.75 77.4008 
717.261 301.792 5551.5 3614.61 6939.6 4217.39 6980.64 2928.33 4240.37 7327.44 
9264.59 8364.22 2184.96 2423.05 2219.47 9496.42 4953.14 8819.28 4986.66 8188.19 
4836.09 1836.58 5201.89 493.586 7347.62 3340.67 849.481 2852.13 529.519 2181.23 
2929.53 1246.78 2483.02 8481.03 4861.39 9422.62 2698.4 1842.01 2350.94 6938.78 
9169.46 1615.52 5302.98 1354.4 4038.57 7522.45 850.808 8991.71 6341.71 5837.46 
7179.89 1177.79 7674.04 2381.76 1671.37 5021.65 5722.44 2520.85 7873.78 6251.96 
4702.08 803.291 7498.74 7185.11 9284.32 2360.1 6607.72 1982.7 4202.12 8958.66 
8921.48 3371.56 574.155 4224.44 4725.96 4612.72 1746.87 5576.76 3604.42 8088.58 
1414.21 784.285 9266.37 9088.26 3166.05 937.726 4109.89 8888.49 3458.58 1983.65 
5140.42 8160.66 2786.95 2639.14 5345.76 2071.25 4999.25 1953.46 4053.95 9201.36 
912.096 2975.41 2572.9 1486.25 7199.86 7298.86 6098.97 8946.73 2875.61 9703.39 
7035.29 4289.82 487.656 6301.65 3378.06 3653.7 7239.37 7487.95 2542.17 697.935 
9471.6 7682.6 8858.6 2258.53 321.724 4204.34 4329.78 5320.97 6157.79 8383.73 
4522.32 7069.89 1359.13 7095.22 8556.14 8558.98 4394.06 4655.1 7505.69 7269.67 
4358.47 4540.97 1559.47 4846.13 842.601 4937.53 8499.83 8081.98 2425.46 1041.99 
8779.91 1897.05 8724.58 7638.49 4155.58 9046.31 1842.81 8485.36 4367.26 8000.61 
6869.07 8889.58 5070.48 8228.19 5984.78 3626.61 6787.16 378.829 8281.71 4292.83 
7648.5 2640.16 8833.81 9207.97 7486.28 9676.41 4145.48 5986.1 7758.37 6570.95 
7028.08 6538.26 8467.99 5752.65 4176.73 2623.55 4798.94 6019.55 1108.89 9166.2 
4020.14 7977.96 8055.76 9090.62 6206.14 4040.53 2717.22 2993.28 4419.36 998.905 
7286.11 2067.84 3639.06 6119.9 1275.79 1125.33 5796.29 5421.28 7111.43 3554.64 
1992.2 4139.49 92.8817 460.179 9892.14 4269.62 3083.73 4691.06 289.148 4192.62 
3857.24 4309.29 2170.56 1912.99 3399.9 8376.7 5953.51 6117.11 1369.96 372.854 
7116.02 8656.07 2440.69 755.066 4775.96 3716.49 1880.4 572.231 9137.76 8991.83 
4126.87 1129.95 3131.3 4219.75 1590.13 3023.43 8489.37 4673.86 7714.49 8778.52 
8866.48 1571.72 3087.79 1037.02 3484.7 6487.69 9413.72 9438.22 2604.78 783.663 
9811.07 9720.8 9439.73 2251.75 475.852 4215.67 5968.23 2356.25 4787.9 5105.98 
1348.06 8914.78 6235.93 4479.36 3134.51 7826.05 7502.78 1623.86 2499.9 5217.26 
402.365 1366.36 6788.97 3490.15 2403.38 273.657 9977.84 1817.09 9711.87 2582.61 
2600.75 9522.93 2303.39 2040.47 1774.66 2779.25 6256.14 7742.89 5135.5 1044.03 
2848.85 6483.55 9958.8 9084.77 962.893 3093.3 6910.81 8465.68 4717.16 9410.71 
3682.91 5119.53 777.047 471.868 8609.68 3180.43 745.525 8587.51 4997.52 457.382 
1170.1 7598.27 9980.31 3473.49 9638.73 1754.95 6252.74 5894.85 9497.84 1388.22 
6938.88 2346.67 7871.77 6897.67 1431.43 8834.66 9990.97 8342.24 7300.32 4708.11 
7752.93 983.221 9827.64 8529.98 1455.09 8437.31 1710.39 2200.61 7024.8 6707.91 
2658 8194.89 4306.15 2638.29 1668.37 3944.87 4393.24 7921.11 9839.73 3891.06 
9309.33 6778.59 6237.74 7181.08 3676.24 7669.17 6015.73 3667.19 6011.39 3316.04 
8375.31 3764.31 4299.26 8202.93 2294.27 5754.35 6640.22 4004.66 7954.96 3665 
712.548 612.94 1859.88 5018.7 3251.23 3528.25 8963.57 7644.47 1449.34 8803.28 
1535.52 758.654 5581.85 7773.26 7939.74 9258.1 5442.41 3955.45 2925.28 1453.78 
7271.48 1300.57 5218.09 1570.72 9503.5 7512.36 7325.07 6143.71 1517 5280.01 
9808.71 2229.55 5892.95 1668.57 7248.25 9144.18 5196.82 6211.8 6788.64 6646.16 
5015.07 8324.15 7404.81 596.907 6097.39 5344.53 9855.01 1539.78 9299.98 2780.26 
2993.56 6571.45 4080.83 8211.65 8142.17 3584.32 5723.99 5467.23 9728.02 7240.99 
747.222 9536.71 9470.54 6640.17 1205.26 6718.77 5784.34 6402.08 2930.56 2572.96 
3048.22 7945.63 897.094 453.015 8542.53 6994.49 5797.55 8397.52 8534.27 5097.51 
1177.77 1527.82 1668.94 5258.6 9739.47 9811.12 8842.92 5463.44 5278.33 8570.92 
2704.42 6025.55 8107.62 2174.94 2665.71 9312.88 8893.71 8450.04 5714.94 1824.25 
1022.99 8763.16 9769.88 1920.08 9216.17 8312.39 8914.57 5013.7 6709.9 7448.82 
111.198 7887.67 8976.63 1780.14 3146.25 8716.08 1591.24 1989.15 4179.51 6869.57 
560.056 6883.93 2895.1 8667.67 9058.87 5560.81 7980.53 7952.56 4010.83 3695.45 
9776.81 5033.82 2458.59 9546.67 6953.9 1674.75 7859.05 5868.45 6688.45 4568.93 
3317.25 6799.65 2456.57 2293.87 8579.79 5602.82 1009.93 171.019 7591.98 5189.45 
7040.59 8152.03 2073.36 9935.69 6819.69 1132.22 5496.48 4800.2 9084.78 9507.31 
8495.65 8861.58 4541.12 954.23 8408.23 1495 2628.98 6267.26 7363.45 9317.43 
836.172 680.681 6117.07 3292.75 2974.55 4696.84 8895.57 3984.48 4867.86 6487.53 
9173.93 1908.43 4639.55 1247.27 1844.11 1459.21 2379.49 7340.58 6259.42 1464.25 
6847.88 4755.05 325.816 1388.98 5709.28 8734.05 2883.98 8338.26 5001.3 247.407 
7655.68 5837.47 928.088 3772.73 9130.21 3902.64 8469.57 8025.77 7887.12 3337.42 
4513.28 7061.03 5245.85 9152.83 8308.3 7089.96 612.024 687.774 4430.52 6871.44 
2152.03 1278.39 1626.48 2477.84 2667.37 7335.76 1211.88 5551.34 5674 6213.17 
5798.75 3329.67 2050.63 6726.84 7102.39 1180.82 629.457 5571.95 9206.59 8516.57 
8909.36 3719.85 5577.58 4155.2 2872.66 3885.87 1245.14 3484.69 4573.64 5675.66 
356.11 6725.67 6954.05 1982.59 9203.52 9621.42 9318.34 415.377 5172.74 4992.33 
6628.55 971.475 8322 8679.18 7698.31 5424.37 9860 8327.77 996.302 9066.57 
6844.33 9905.67 2786.41 2421.9 4060.85 5659.08 6307.76 5305.99 9143.76 881.391 
981.632 9499.87 7607.06 7935.68 1482.44 6810.56 7557.08 800.769 7225.94 2729.81 
5793.1 3854.47 3701.28 4115.08 2533.63 1399.58 9539.45 2393.62 9727.35 535.736 
1460.18 6571.66 441.385 4246.59 8993.55 4502.23 9905.66 5301.3 9808.22 9049.41 
6182.69 789.833 8549.26 3789.74 8725.52 31.689 600.281 6282.58 832.458 7826.22 
9012.39 6625.56 1680.68 2713.65 740.62 4214.31 4113.23 280.053 6607.93 3840.56 
815.789 8068.11 412.197 1257.17 2314.67 9405.75 5759.41 2220.32 4707.03 5567.61 
1269.71 889.705 6357.44 9818.97 4679.44 5082.94 9850.66 5279.72 1365.5 683.104 
3105.93 377.871 7308.66 4786.6 3091.52 8049.28 9000.92 7204.75 8329.34 5608.83 
1045.29 9145.12 3676.92 1457.48 402.282 5991.59 863.216 6161.69 8211.91 5570.25 
1729.28 9481.62 6459.95 8086.72 9300.58 1139.38 3169.64 9151.23 6419.1 4535.14 
9834.33 9525.02 4913.02 7142.98 4311.61 8004.54 5192.24 3312.51 5209.27 3521.56 
8921.34 6254.56 2666.67 2598.24 7712.04 3068.95 8589.83 8575.26 9230.64 6801.73 
4145.49 959.898 6283.33 605.423 9046.62 5583.9 1744.8 2216.24 4735.1 8163.9 
6751.39 4569.42 7688.91 1664.38 1712.37 2000.5 9668.92 6904.61 5313.01 4878.17 
426.157 4234.33 1132.71 3092.82 6832.57 8844.75 6161.77 5422.39 7419.99 5392.39 
2224.1 1565.46 6352.29 8507.43 2170.88 5398.89 4091.31 3915.68 7615.13 8826.41 
2079.56 4366.5 3395.81 9768.47 6030.89 5108.19 1768.95 5699.79 2012.79 7081.96 
577.943 2438.94 1316.28 1710.65 5531.77 8148.85 555.385 1693.52 3571.22 7975.37 
7085.92 5795.31 9540.83 3438.19 4302.73 1711.7 8837.08 8394.04 5627.38 6452.2 
7220.43 7706.94 818.687 616.23 7475.39 6849.57 5724.42 9244.35 2549.35 7737.2 
6326.29 3127.29 176.131 7642.57 4837.94 5707.9 5791.4 5393.33 7401.42 9362.62 
3368.68 4487.32 5157.92 2909.5 7925.52 9460.64 4621.19 6762.58 7854.67 248.555 
3214.77 5075.08 7955.5 4033.46 5691.31 5430.87 883.012 1415.71 4675.2 3432.36 
9152.92 1001.48 6559.65 9329.05 8644.05 1397.57 5036.93 4435.43 6790.9 2438.34 
3798.04 159.564 6925.66 8955.95 3069.06 4851.16 8416.58 7690.26 1613.73 6271.23 
7938.81 4828.5 1346.29 5894.29 8861.95 7037.61 1325.15 9744.97 8453.32 6000.35 
3177.31 7606.22 7001.83 9736.95 6935.25 5645.86 1134.51 1972.17 81.2777 7925.41 
4410.5 3879.31 8084.97 1336.15 2835.25 1154.02 6187.31 1251.81 8844.27 7801.04 
7523.04 6783.06 2629.52 8869.33 2677.34 1491.46 5906.92 4002.48 1236.41 4360.23 
2.8147 4413.71 1966.43 7004.64 4150.65 8901.68 2650.49 5285.16 873.832 2731.76 
3210.55 5284.34 6611.08 1295.5 6620.49 9446.33 2449.52 2807.78 698.124 1293.77 
608.805 8221.17 8076.84 3238.33 7090.48 754.156 4729.78 2997.39 4756.64 5966.19 
7357.62 4759.45 379.885 9324.05 1764.08 4530.54 8225.71 4414.57 9815.69 9099.54 
7146.33 3026.23 4383.86 3757.39 4321.73 1004.33 3203.7 6771.25 3812.11 3901.83 
8065.02 4420.92 2122.98 6141.84 7659.25 9213.46 6896 2389.01 2210.83 1652.62 
8355.2 9568.45 6412.07 8735.08 8892.48 8176.15 3265.6 7118.18 2590.7 3081.28 
6217.71 9737.03 6107.51 601.555 3494.41 429.223 1605.89 6698.11 7200.47 5418 
599.923 5265.48 9838.92 2722.9 1407.3 7498.15 1936.34 8303.3 9887.16 4147.18 
9955.92 8242.34 3715.61 6367.98 6977.41 2608.08 4544.12 243 9726.26 7134.82 
3324.28 5943.95 6871.84 9431.79 6545.51 366.229 9861.01 8151.39 7064.34 7061.47 
3569.38 7664.27 2326.93 3408.29 387.148 3734.23 906.421 2323.49 2037.52 793.566 
6470.67 1993.42 9035.91 186.261 8361.4 6013.31 2794.34 2905.5 6256.31 2520.58 
40.2986 9580.59 8464.53 6912.13 9012.36 5010.02 7278.36 8873.36 3161.4 4342.69 
5934.81 6730.78 2006.94 8261.74 139.047 2394.09 1995.95 1045.47 4717.58 4033.47 
1839.03 1188.22 6026.89 874.929 1374.49 4388.27 6888.24 4168.83 7293.77 3144.53 
6689.41 7334.07 2725.1 5153.92 4246.19 1737.45 163.924 1524.53 610.785 3325.32 
5867.22 6545.59 56.0801 7874.16 4807.32 195.127 268.23 6803.27 1240.6 4985.81 
836.721 3079.63 6174.03 6863.61 3954.56 7548.52 1251.87 842.78 1717.33 8545.63 
3987.31 8406.73 5879.68 6712.41 3560.64 125.852 8449.85 3724.56 1650.38 9060.64 
7049.88 7517.61 5606.22 7105.96 5391.75 413.515 7301.09 5659.98 7216.78 8541.68 
645.768 8053.51 1621.3 6819.8 4917.1 5575.85 4368.3 6168.97 6418.63 6085.62 
4714.58 405.926 4492.34 594.25 7118.33 8052.98 720.102 5568.17 1777.52 2370.49 
4628.79 8827.4 9888.09 234.994 5933.34 5279.83 648.509 3234.41 939.788 7865.29 
1776.08 1585.56 5918.78 3397.37 8405.35 835.865 8973.23 2773.64 7004.83 5391.85 
8859.26 1719.4 5797.77 3351.58 2313.65 2916.09 1404.54 3033.75 8484.26 3182.06 
5404.23 3113.04 2009.44 5292.31 3348.04 7942.78 572.117 3996.55 1177.18 1511.9 
1861.82 2953.26 3097.46 7780.6 6350.63 1502.8 8616.47 5323.85 4276.43 5621.28 
715.676 3135.67 7340.68 6513.45 6487.26 9654.32 9429.54 7891.8 2688.05 7913.79 
1073.84 8092.28 1026.81 3083.28 3384.58 4374.85 1026.05 3956.69 8371.4 2203.23 
5468.6 233.2 5156.48 8566.06 8013.8 1507.1 68.8376 6630.26 6830.95 4345.27 
2251.52 7546.62 7480.95 9592.2 4060.06 3968.18 9246.5 3489.58 1859.96 1934.54 
1403.35 2933.8 26.8033 2430.17 6017.08 3411.38 6805.02 7043.12 7368.07 5176.4 
9246.35 2836.65 5409.6 4402.82 1402.69 3423.38 5909.92 1471.53 53.6214 2740.85 
5816.8 2305.14 287.451 3297.73 1897.32 4347.51 7265.91 1143.8 7837.09 9125.88 
3078.34 9240.44 2059.66 3105.14 1670.59 8076.74 6516.52 8475.61 5119.85 3884.58 
3651.99 4366.18 6721.23 9061.58 8769 8123.93 2484.95 4678.9 9595.46 2538.57 
7419.74 5412.24 4843.71 7707.2 8709.97 6741.03 2054.69 5975.87 7884.84 9891.77 
5101.73 963.159 9132.2 7161.39 4068.3 802.77 5238.12 584.808 9278.38 357.948 
4469.39 2930.35 4724.13 1190.6 1991.91 3493.11 9314.53 4476.86 8172.01 8909.97 
7015.43 5591.74 4322.2 1859.13 3298.92 3032.16 8600.16 5353.6 9008.03 6484.98 
5245.36 4109.74 7448.14 4377.54 1271.12 1516.42 5180.31 6509.24 2101.23 4458.67 
6867.19 6570.62 7389.02 1591.3 7761.22 9380.93 5084.41 7075.73 3857.78 3256.4 
5985.69 873.192 8848.14 307.87 2732.32 2147.04 3340.03 1332.46 7500.65 2348.04 
7817.44 2745.99 6457.79 5265.56 7123.53 7728.91 6781.98 2303.82 4238.12 8883.21 
6762.48 1105.29 5453.81 4151.48 2696.59 3215.01 3532.4 7781 290.727 7390.17 
1037.39 6276.41 8263.37 9885.53 6584.28 995.667 2032.56 9924.31 2328.13 9533.21 
2272.34 145.551 2279.18 8730.12 5411.11 9402.71 6459.01 2193.07 1706.5 697.117 
1076.27 8468.99 1802.41 6530.08 2620.46 4499 9745.09 6152.85 2279.99 35.8008 
3543.01 3317.38 6312.21 1806.36 3202.89 2896.48 2802.02 5235.45 2820.78 5130.15 
4768.64 5093.11 5275.7 7047.82 3823.22 686.794 6450.51 282.207 2879.87 8157.02 
979.324 3956.14 6625.99 2781.73 486.199 9246.44 7280.74 231.273 5399.28 9560.72 
267.074 8942.29 2878.08 6579.29 748.626 6080.98 9475.77 3550.65 1316.41 2296.53 
8680.8 6085.06 7389.64 3956.48 3132.87 1212.84 4643.28 9583.38 1495.05 7523.15 
7740.38 2474.37 1479.27 4366.35 5256.11 1965.47 3612.77 2536.83 2196.74 9012.05 
2097.53 2463.81 7954.32 4975.62 9043.1 8702.95 1056.58 8518.86 2253.58 2372.99 
815.37 934.36 8458.05 8205.01 4890.84 1590.9 9417.86 9534.12 1174.26 912.889 
7057.25 8914.64 3387.26 8536.52 3280.97 8643.37 501.966 6893.74 1180.18 2698.71 
5905.77 3277.72 5162.52 3860.07 8253.33 4205.6 2563 9309.91 2724.44 4816.58 
1682.89 3539.81 5750.94 140.925 1744.81 641.768 1731.83 1162.65 175.872 2906.09 
2075.54 7233.12 1820.71 5462.8 5769.62 5101.67 4106.16 6271.59 1995.39 5286.34 
8970.29 7901.16 8564.06 4132.8 1761.22 6817.37 8338.4 4324.22 6127.27 1062.83 
9140.8 7810.16 4602.64 4891.73 7951.08 6347.45 5533.5 9682.91 7510.1 5709.37 
2588.98 9585.64 2942.48 4409.68 5048.42 8712.1 9511.36 9154.58 4983.67 1506.73 
4440.9 3953.95 9407.89 3004.94 8086.74 1169.09 9822.31 6425.13 5493.32 5949.56 
7487.95 4634.1 3759.71 2090.58 9525.83 1710.78 8438.03 5059.31 1393.67 5948.11 
768.667 3982.65 5533.73 3711.14 8392.33 582.137 2423.22 7903.67 9736.72 7406.89 
9410.4 4177.6 1360.82 8818.27 7182.54 9447.57 9987.37 7004.83 5872.68 5480.67 
2954.38 3360.61 114.753 6714.09 5451.19 9640.59 8424.86 3889.2 4699.88 9818.53 
9837.31 5468.55 3801.16 5371.02 9179.69 2193.48 5953.16 1602.9 97.1296 5689.86 
9009.79 9507.53 9867.46 370.596 8325.79 7049.98 9818.16 8313.14 4054.79 5690.82 
3793.79 7009.17 9051.43 3908.54 3723.24 4502.61 3549.11 2148.09 8391.81 8248.99 
1966.6 8229.1 3717.53 5767.76 3600.11 2897.2 7961.24 9553.27 4500.1 8058.37 
5243.11 3509.87 7565.88 5110.56 3880.47 5891.65 2160.52 3698.61 4204.77 6215.31 
9389.43 7998.56 3224.47 8440.85 1907.09 6947.72 2943.44 5456.2 9095.81 1335.23 
3705.17 1062.39 9564.33 7422.7 6830.16 3164.42 319.885 4791.38 2717.67 4819.98 
2849.73 7960.79 8329.86 415.601 3071.32 2210.31 6307.25 5231.84 5908.92 512.012 
1447.14 5298.34 8510.58 4671.61 3739.18 417.645 1619.31 6682.62 5873.84 715.101 
8017.85 9579.02 1777.49 7582.16 7001.7 8607.65 746.56 7321.59 3399.01 3464.23 
2141.56 6248.75 1425 471.396 6664.35 4496.33 2681.7 2971.59 9728.17 8590.63 
3483.6 1175.29 3888.95 1994.16 5846.91 7628.13 2411.8 7466.22 4310.73 8285.64 
8181.32 2328.56 7864.65 9958.81 9910.71 4866.33 8566.45 657.255 2187.9 1965.44 
4121.49 4329.46 8214.19 5546.49 4800.85 4878.52 42.7957 7482.56 7850.11 9770.97 
6073.17 1333.69 946.244 9962.12 3327.84 6793.15 7590.23 5739.65 4259.36 1900.94 
4025.27 2440.66 4229.5 1889.9 2399.46 4140.19 6756.23 965.887 4797.45 8944.13 
2931.33 8918.93 3273.57 1145.51 4465.4 8074.42 6024.03 4508.2 5556.96 3874.12 
4279.15 1630.11 5207.81 5225.39 1592.21 8535.65 2018.53 9182.45 4275.28 6277.88 
1083.37 8300.56 8718.54 5312.86 190.44 1117.98 9453.05 6946.67 2083.87 4250.48 
5890.79 5015.2 3169.4 9164.36 6160.71 7634.8 7238.76 2184.72 2142.98 2795.71 
6058.84 6422.13 4425.82 1266.63 1647.51 6018.03 9802.29 3666.03 5200.46 4077.55 
9943.92 6283.83 2378.09 8662.44 1596.67 2568.53 9780.42 1049.71 9515.2 1864.28 
5300.19 5405.97 6879.48 8469.59 4570.31 3040.17 6104.38 1809.06 5224.89 8247.36 
4604.77 1283.71 4669.47 9030.58 2550.34 6316.98 5048.6 2352.61 9983.01 249.045 
6430.16 9926.91 6532.87 8808.26 8589.33 8129.55 1376.77 8369.74 9179.26 891.961 
233.997 4479.44 6297.93 7113.47 2949.01 868.231 153.624 9053.39 2677.29 5378.51 
7300.73 7282.05 6662.22 1970.19 6312.62 9212.56 8287.17 1361.21 1565.15 8270.16 
1610.25 7995.32 8197.06 8143.13 6803.56 6786.37 6272.66 8180.33 5156.09 5451.9 
9072.29 5390.09 9931.34 5370.21 2503.55 2880.33 6238.44 2657.17 1933.7 8915.73 
8035.68 9234.43 6197.77 4697.88 1204.6 2510.37 3910.42 9491.77 3871.58 5475.58 
7761.91 5481.83 3470.88 5958.95 3624.94 274.418 2745.31 9897.6 8454.75 7901.4 
5349.48 7527.03 3291.47 5280.8 2897.22 5795.02 8161.13 9135.66 8452.19 94.8171 
8051.37 6487.86 9329.25 4249.12 1185.72 533.829 6759.49 5096.15 25.5778 631.055 
571.705 7787.49 6112.88 4042.58 3746.42 9737.82 4317 6491.73 9635.4 2771.73 
4393.11 4984.86 298.743 7684.59 265.648 3195.96 3479.59 8426.78 2331.6 1931.77 
8521.6 382.958 8419.62 7850.83 4632.08 9605.35 8384.66 1391.56 4701.48 8410.24 
2022.61 5273.18 6197.71 8135.5 9315.76 9944.13 7873.3 3632.75 6435.84 7508.68 
6404.48 828.935 2493.53 6703.22 8513.52 2759.18 9899.19 1993.09 1185.94 2230.77 
3924.86 9707.54 2613.73 2344.47 7558.35 7245.81 1949.8 5942.99 8637.37 6651.28 
4353.21 659.961 1924.44 550.9 8795.46 1240.19 495.013 6668.74 4872.94 6930.85 
4177.41 1277.4 7759.79 6670.94 7980.63 6273.29 9430.11 7879.79 8266.39 616.039 
110.55 2191.23 323.563 2724.28 4535.7 7881.91 9970.09 6485.5 3824.89 8607.44 
3136.76 8178.1 9267.4 5061.2 8729 8062.84 6301.39 9224.01 4731.56 1174.31 
6154.85 8908.97 2451.71 3914.62 5579.89 432.323 187.896 5009.99 8312.12 8454.28 
5626.03 8422.67 645.494 5949.59 1146.93 5181.19 3831.49 1117 1666.68 7656.38 
9724.44 4803.44 5834.46 8991.83 9864.64 4563.44 7054.65 6166.01 3787.44 1786.2 
7340.32 9942.29 695.151 9792.04 3856.89 6275.04 224.342 4044.79 1285.01 8536.46 
2499.06 6911.04 6959.11 3144.55 2860.61 8106.04 8325.74 6692.09 9223.05 9992.42 
4348.45 8947.47 4795.84 182.895 7939.28 4660.46 4746.34 4993.92 826.452 8533.78 
6780.12 8166.78 8476.05 7475.27 7958.79 2332.93 3750.29 8183.14 6377.72 5035.3 
6719.58 8876.77 1946.32 3678.67 2021.31 4806.92 1784.7 347.032 1499 1007.73 
339.434 5847.45 9955.2 5135.27 6030.35 7894.47 9795.73 776.667 2888.37 622.164 
9310.45 9668.48 8788.94 7786.48 7143.73 6747.72 119.389 894.005 4930.84 6497.11 
5929.3 1650.4 5373.86 7875.62 5329.07 7395.17 2682.52 7113.77 7742.2 4181.52 
8121.49 8081.64 28.9575 8076.67 3216.89 6059.3 5971.12 3012.6 6835.97 8859.49 
3634.77 6146.4 8527.96 2423.69 3932.86 5671.67 9171.41 4052.25 6565.68 4102.23 
549.339 2494.96 5752.62 5923.2 370.565 1081.68 3318.36 3053.09 8195.44 1060.54 
7234.61 6316.92 9142.18 7263.57 4393.57 2359.06 3322.86 364.679 5371.66 158.811 
9224.17 9006.43 6305.21 7752.11 1430.11 238.052 3423.77 601.497 4290.3 9989.44 
4703.72 4839.64 2484.39 456.331 762.827 2854.96 1538.01 4081.19 5908.04 9733.45 
5141.73 3142.64 6050.34 4283.9 406.194 443.9 6642.95 3729.05 808.579 2014.6 
3887.86 32.7313 1021.01 193.054 7784.84 2451.12 431.106 1208.59 3052.62 4721.41 
1198.02 7756.34 9561.05 3682.41 8212.67 323.856 6537.36 9750.68 4405.04 2445.39 
9484.11 9546.77 5588.03 5534.44 3830.65 5994.23 5978.34 473.585 9723.28 6786.91 
2488.18 3611.12 6819.65 3509.2 3804.17 4604.47 5960.32 4235.28 5813.06 9012.94 
8956.69 7011.08 6769.26 8517.71 693.468 4981.92 8841.57 7230.83 4732.58 3246.59 
9676.22 4216.67 2793.35 5264.24 9751.1 6624 1258.44 5729.42 7097.58 981.703 
2516.32 9585.77 4592.82 9335.97 3094.95 8397 3940.42 9055.27 2632.26 9753.48 
8068.19 1588.93 6764.54 4837.43 106.628 7458.01 9819.35 8948.2 4688.82 4551.91 
2194.78 4365.03 8768.58 4988.12 9629.26 8519.67 1612.1 887.69 4249.07 8709.68 
1869.39 6765.39 8295.43 6462.22 6101.34 1390.36 4859.2 41.7447 445.608 7491.46 
9795.22 8513.79 9080.39 6559.75 3351.21 9187.02 4017.74 3170.54 8135.2 8706.56 
7722.45 329.958 3071.57 6491.01 5318.08 2700.82 5010.66 6930.18 3588.51 9259.73 
5639.84 5457.9 6025.1 3935.26 1920.1 2126.43 5325.61 6779.3 2168.17 5771.22 
4270.74 1963.38 4285 3351.11 8523.13 7636.21 2538.12 2540.85 806.727 673.298 
1247.4 8529.17 1003.26 4318.97 5020.16 6321.34 7019.78 30.8018 3251.5 608.274 
9290.53 8891.34 6066.17 5315.61 2826.58 7986.27 7442.04 8152.2 4765.55 9610.21 
3923.4 9036.29 1573.57 8208.4 2387.39 96.6825 5844.59 4925.51 2637.53 6651.32 
5598.81 3884.93 5180.47 6602.06 8203.9 200.619 2923.38 5223.66 231.421 6174.88 
5831.94 9521.95 5066.21 1898.09 4837.54 7892.79 9884.37 2279.57 6044.97 4649.9 
1889.76 9968.37 3686.18 3463.33 8176.76 6073.57 3560.01 4021.33 999.064 6197.55 
672.627 6597.87 82.4589 5853.1 3199.92 8286.35 6053.72 6123.3 3510 6285.14 
2298.16 9341.94 5807.07 7364.37 1240.01 644.6 5257.14 1124.36 2924.17 1302.09 
5774.27 4813.93 1270.45 9460.45 8277.26 9447.21 5534.01 1837.26 3468.52 6533.07 
8034.8 4141.14 3130.93 8117.26 9994.24 6330.84 6403.6 6047.94 2454.12 9913.6 
2333.07 4752.28 9255.52 8140.14 2116.63 495.52 8784.74 7373.77 1619.88 1708.89 
8675.87 7394.15 6522.81 9946.31 6854.59 4800.06 9393.5 2388.58 6637.31 2862 
8921.65 4672.1 7003.15 2052.56 2789.34 6997.37 8383.4 9192.94 3045.3 837.498 
9106.53 5378.36 5589.78 8362.03 3518.49 7706.41 8857.55 2303.21 5080.16 477.42 
4012.09 3756.01 7871.57 534.893 3702.31 4726.14 5334.95 3095.79 7114.72 1972.24 
5957.8 6036.35 6644.34 2960.93 8088.91 9433.69 9958.3 6472.29 8626.61 3003.58 
7309.78 7733.12 8381.94 2899.54 6095.14 1900.41 605.934 4952.67 4203.62 5686.09 
5430.09 8215.71 9442.1 3301.65 8750.6 3144.39 8027.79 4085.54 6240.19 5142.5 
6057.78 2197.97 1178.83 2702.11 5158.89 9267.74 2135.78 5117.17 5740 762.371 
8120.75 3049.77 8495.49 6502.68 5949.31 4590.62 8403.08 6555.25 9543.29 2606.68 
2241.33 4973.37 822.379 1683.41 8275.02 9572.98 4827.81 6302.79 3658.5 1067.98 
1445.27 9716.28 3265.95 2624.1 2418.37 8424.84 1891.82 4554.15 3542 7631.82 
5316.52 1662.73 681.576 3812 8165.41 6630.89 8402.61 6568.47 3186.12 7945.89 
9175.16 5427.45 2919.23 9997.54 7110.86 1194.23 9570.5 1938.65 7497.03 3228.99 
3006.63 8942.3 2945.26 6272.58 1566.38 5363.63 4697.4 3458.2 9917.78 8239.4 
1090 5234.29 9902.13 1771.58 9046.28 8067.52 8402.47 7448.88 4635.98 1588.57 
5394.75 3811.12 7016.02 8313.98 3808.64 4126.87 9508.22 3379.13 6065.52 7005.23 
6608.12 9072.15 5947.5 9553.38 5344.71 7513.88 4916.99 42.0981 972.062 4834.76 
8281.5 2062.06 69.0233 8183.61 3833.64 9115.31 6251.12 2236.09 6564.17 887.079 
3824.66 1958.9 4698.2 840.667 272.866 8506.84 4967.53 9781.08 1885.96 1033.04 
6786.29 8494.08 105.171 2733.78 8047.44 5449.88 247.643 2964.41 5491.98 1219.7 
7799.17 3773.46 3281.77 7868.19 1957.06 7115.41 6983.48 8208.18 9351.5 3547.63 
9095.25 3176.14 5506.53 3793.44 4016.81 5779.4 2300.26 8984.34 5560.46 4186.22 
17.3634 2346.74 2680.28 122.535 5080.51 727.698 5572.42 5328.16 3692.11 1064.38 
6547.86 1491.26 4837.85 9829.63 9359.45 6794.91 6945.02 6342.91 5003.07 6296.5 
9890.55 4098.3 9472.64 5397.06 7891.74 3489.43 1176.44 191.989 2473.76 6736.9 
4378.21 2491.12 9083.64 7058.49 2613.66 4164.13 7786.19 8186.07 9492.29 1478.28 
9250.46 6040.13 2969.54 4088.29 5869.74 2328.97 883.181 2814.75 8671.89 5886.25 
9111.24 8562.42 9984.55 8583.86 3959.46 7876.28 2073.28 5135.9 8068.27 4547.03 
1872.79 2446.46 7038.16 956.408 9504.95 9651.81 5120.54 7291.12 7837.87 4612.81 
8769.39 7088.31 652.931 1738.92 1176.58 6522.68 4067.89 2059.77 9337.42 2739.76 
7946.01 8448.64 1302.16 7930.55 7032.49 5261.62 5806.81 9105.77 397.506 3875.06 
3652.79 2270.29 6321.51 690.926 3226.7 5826.44 342.72 8347.24 3117.54 8180.59 
2960.04 1886.92 5268.88 3612.97 3625.84 6445.47 135.63 7693.73 8505.23 9473.05 
433.473 6451.23 7921.68 1735.64 4381.76 4954.15 6997.26 188.547 4059.91 7394.76 
4063.6 7712.69 9665.05 385.1 8403.62 2891.74 6211.54 8746.34 1238.96 9329.08 
6926.91 4199 1215.99 2195.78 7811.98 4841.82 8641.24 7947.6 2535.53 7146.46 
7420.64 2969.01 3597.67 5342.3 4704.64 7979.43 296.435 1701.88 8167.97 4356.34 
9096.64 2231.56 2069.02 8761.68 2616.66 472.618 1653.4 8828.2 9218.96 2892.37 
8157.27 6145.85 7091.37 9373.25 8341.62 4903.33 4215.06 6982.85 2850.92 6750.59 
4129.29 271.539 9719.6 7726.96 5613.84 4424.22 5706.37 5910.27 6126.1 3874.32 
266.596 5222.73 6105.88 2335.61 3984.39 8722.54 2808.23 5637.8 7550.72 2027.17 
8530.16 5707.97 8173.02 5621.52 5081.21 6514.63 524.831 9296.27 3497.46 3375.75 
6046.84 7626.75 3647.29 5766.42 5353.69 9261.12 190.62 1060.04 5171.38 6316.72 
4934.36 5437.98 1539.43 1040.22 7773.59 5523.82 9762.76 581.803 1161.6 7313.47 
2608.97 9691.76 3021.42 781.975 5313.27 8102.63 7296.6 5838.1 7398.88 794.042 
9213.85 3445.7 8420.79 2861.12 9212.12 3774.46 2122.22 9402.74 4834.5 7293.6 
5719.44 9768.86 2731.57 7258.87 809.068 505.138 2782.68 571.813 1086.94 3944.28 
7885.28 3695.91 3636.03 906.686 4477.89 8949.29 9009.32 1774.47 4787.37 6408.18 
2568.52 4001.2 9853.88 989.29 6862.32 9065.98 4763.75 8984.54 8468.7 9598.25 
6278.13 4188.12 9367.09 9009.7 1446.98 176.145 9514.83 4229.66 747.958 601.757 
8173.94 8633.24 4297.67 1809.95 9539.92 8775.56 759.228 8549.22 550.019 5546.6 
4957.39 3118.53 9547.8 4811.25 4107.82 6410.11 3877.21 8871.58 5394.63 2345.89 
8469.81 1672.75 6534.02 7836.89 682.424 7981 8013.03 197.24 2210.64 8760.99 
798.998 384.565 7394.21 5096.67 2194.52 6934.12 3872.21 2953.74 5483.33 4422.23 
8500.35 440.697 7540.77 8048.13 5251.95 1648.58 4458.22 9129.16 520.134 9852.85 
1475.03 8989.94 1525.58 8009.05 6826.81 2208.01 5990.04 4839.83 2405.25 8200.68 
3600.8 3204.24 8585.25 994.995 8300.91 779.744 7929.11 2173.11 3733.49 3412.42 
6595.34 2233.82 3853.12 4136.09 281.932 9105.07 5784.67 4740.15 8234.21 6304.8 
4592.99 9709.24 5294.73 6118.57 7718.28 2121.52 8326.58 3708.3 6961.35 731.804 
1908.96 562.135 3936.05 494.186 1557.13 2236.94 1273.93 9486.24 4410.05 5007.42 
2898.65 1005.38 7241.23 6751.77 5141.47 7523.17 5856.82 926.117 2263.3 4091.01 
7230.92 6856.29 3800.23 2525.63 2974.84 1518.49 4647.15 1301.4 5226.79 1608.49 
2033.21 7135.75 2170.62 5969.25 7629.93 3727.75 8206.2 8903.86 3213.98 2616.23 
3911.26 6112.63 3621.61 1152.48 2864.38 8763.07 8675.64 8721.21 9689.19 938.928 
2812.2 6920.09 7795.22 6612.44 9445.72 770.047 8130.93 4092.85 2071.45 3357.7 
5701.34 4104.66 493.432 7871.96 73.8957 8123.37 1599.69 8280.09 7027.21 4813.67 
896.306 938.456 926.282 4517.91 2090.93 3790.67 3280.97 766.56 2511.86 2970.14 
1705.49 5324.06 9890.24 9500.71 1936.48 9335.94 270.736 67.3914 3428.78 2342.19 
3425.09 9130.12 6446.85 3918.53 7002.06 6520.74 2041.87 8601.75 4800.82 9069.08 
3415.41 5697.12 7.52322 4341.69 215.017 2098.46 8132.36 3495.99 2865.02 644.196 
6466.13 4570.51 5968.25 6356.35 4071.2 7904.73 5692.27 4341.93 7972.12 9121.04 
6684.12 1397.2 8251.14 3130.95 5315.73 5253.19 9651.69 7357.6 3854.93 4452.49 
6426.67 7270.33 149.59 6434.19 1612.01 364.608 8532.65 9744.36 3860.59 1397.65 
388.544 326.705 5968.15 6356.8 6683.05 39.3325 4261.52 2375.3 4381.26 2233.62 
1496.33 1065.36 3630.82 9747.48 4196.31 8946.55 5000.65 3847.98 6304.13 8855.57 
8300.47 2730.79 6125.89 8450.06 9164.98 7737.9 8814.66 7697.61 7482.25 2675.24 
9095.26 7870.79 3001.95 5063.39 4227.57 9685 5102.73 8489.09 2060.28 9483.99 
722.695 3556.62 549.338 4353.52 3304.08 4745.65 3300.05 8304.72 8593.63 9604.19 
7160.28 6894.08 2334.96 3286.16 5344.12 1499.92 1024.04 4158.76 9197.52 8506.29 
6834.01 8292.76 6377.06 9835.95 3356.14 604.621 9520.93 8458.87 9093.71 1581.2 
7942.84 9816.41 5137.82 8492.18 4169.91 8441.89 3237.81 7469.96 6746.6 1831.42 
7074.13 3906.86 8725.5 9409.09 7193.02 4069.6 908.988 8217.06 8228.37 106.495 
6723.33 5062.35 8399.26 3100.38 4898.29 1755.38 3705 4419.2 214.231 2798.69 
6000.4 8157.07 2615.08 1138.2 6649.23 6784.99 9580.1 9887.04 4254.94 6326.68 
1718.45 1329.05 233.527 443.933 738.124 7426.55 4513.54 1647.11 5643.59 2741.89 
1753.61 2366.91 7804.24 152.848 5467.29 2702.51 1908.23 9172.29 7121.72 2122.46 
1970.97 3122.1 279.515 4586.05 4260.31 6928.75 1371.03 3840.39 6815.77 5625.96 
167.05 8534.22 6955.01 400.577 8978.16 7693.14 7827.13 3491.67 9340.25 3470.7 
6233.56 1093.84 5837.61 4037.78 1246.69 1304.89 6740.3 3154.92 477.164 3862 
5277.38 2448.13 6984.1 5556.89 7034.19 1244.4 2485.62 8405.21 5084.78 9301.4 
4031.16 5251.83 7835.6 986.154 5652.41 6813.74 8679.29 3479.52 305.398 8019.53 
6950.22 6538.96 9113.37 2787.82 576.725 360.039 4092.71 7317.02 3514.96 4569.87 
1179.01 8792.34 7018.01 8163.11 4349.21 4052.17 9407.5 6834.84 2457.37 4492.27 
6136.22 6488.53 9744.1 3971.81 7474.68 5396.5 785.529 6153.96 8876.02 1090.93 
4173.47 5826.23 7629.88 3286.82 8614.05 8206.61 3646.85 2706.74 5523.62 7161.81 
7276.61 6702.62 5954.13 4294.6 4865.71 303.332 8346.77 4273.2 7138.17 804.127 
8765.47 3274.37 7292.65 8509.56 7246.18 4767.32 3906.04 8031.71 921.259 2782.04 
9122.63 5094.73 8608.27 6752.5 8381.54 7222.3 4959.09 2028.38 9929.04 482.692 
9190.19 7205.63 7185.31 5144.31 1500.22 2051.01 5447.64 9846.99 6324.21 2585.79 
651.099 5089.66 5860.17 7943.75 3599.2 3106.33 2711.06 7505.24 1138.02 3632.31 
287.27 260.638 8727.04 8895.54 7013.14 7108.56 6117.82 1972.22 9136.94 6046.85 
2454.91 8327.12 3252.46 9640.22 3471.41 4752.68 1691.21 8919.05 4599.65 8015.42 
1504.83 5250.75 3105.07 7365 3194.49 6704.27 471.31 5905.54 4209.5 1609.33 
9537.85 4496.77 1869.97 8264.88 3392.29 8883.11 5373.42 9510.11 855.309 4510.35 
5556.94 3310.22 2837.45 8809.4 2950.42 6308.86 3562.06 4641.64 5227.89 8161.71 
2657.04 6732.72 3412.45 5762.11 4097.7 6606.93 2466.36 4569.01 2512.45 6675.85 
6178.34 2050.29 1172.6 8048.31 315.153 4564.89 6931.4 5688.58 4074.98 7786.71 
198.908 9631.93 1096.91 3036.36 8441.31 4047.33 9345.22 2003.36 8688.97 4573.09 
165.058 1345.99 1305.79 3577.5 7108.09 5403.49 184.417 9574.45 9972.5 2696.87 
6250.29 6150.82 4747.16 7422.89 4199.11 5062.32 1987.76 1130.49 750.876 6062.74 
8917.2 949.784 5694.65 14.0952 3986.14 4135.95 4061.43 3331.34 6139.31 2750.38 
7904.43 6304.37 4096.37 9210.22 9881.87 1204.44 4613.69 66.2696 778.878 4586.17 
2763.14 7029.16 736.976 7510.31 4452.03 4936.09 2572.6 6439.79 6066.58 3323.48 
2502.51 4983.76 4273.26 8197.16 4997.86 8259.41 2333.09 9059.29 1590.73 8472.4 
1809.65 9495.16 4776.75 5906.01 8705.36 4658.6 7110.46 3319.04 4724.87 7889.33 
7905.22 7488.01 4918.48 8642.19 4998.3 9370.51 3578.26 7570.91 5810.28 9644.84 
894.369 8312.8 4628.59 5167.63 6509.94 9626.45 3427.02 8843.04 8685.72 5017.75 
7315.42 495.346 4512.89 2092.16 6401.36 3218.24 6750.76 3511.8 6537.28 1475.62 
1401.11 4442.48 8963.63 6319.6 3084.65 3961.91 5690.09 6662.91 1532.8 1500.36 
6307.73 2427.17 9813.15 936.304 7594.81 6323.08 562.734 1021.81 5166.1 9248.45 
6039.56 2481.51 9743.8 552.435 4573.66 6145.14 3770.67 1324.41 9656.94 307.936 
2800.02 1058.04 4750.42 1763.64 7377.63 7835.07 5725.55 3067.7 4497.96 7258.35 
4568.06 805.679 9685.53 4381.19 1741.98 7280.31 704.255 2304.72 8302.12 5870.35 
1553.15 4341.67 8351.86 1296.93 4894.1 2925.51 7442.07 8664.78 4249.91 7098.99 
8972.71 7049.94 8157.02 3723.11 8813.57 5534.64 1558.16 4539.1 8602.34 6056.12 
1797.44 3170.38 6861.8 1482.95 7551.57 8603.79 8763.26 8255.83 908.485 7065.37 
4126.16 2461.64 1407.02 2478.01 3758.57 6301.13 5403.52 1200.62 4965.88 9653.43 
8299.61 3938.58 6703.35 6456.62 7661.69 5516.9 1991.24 9219.85 55.9908 593.558 
5275.96 1853.43 3763.94 2137.74 3336.38 1315.49 741.508 2099.63 9571.32 1649.99 
9165 3697.47 4111.63 572.005 6175.48 7870.2 6873.13 1578.97 9070.81 1839 
1232.39 7370.41 5777.58 7935.74 3827 3439.25 3452.62 5818.24 2659.08 3508.61 
6411.8 7935.04 5362.04 175.717 72.7596 8698.42 1491.21 814.267 798.036 1062.51 
2464.26 9963.04 4759.98 6575.89 535.024 935.438 4446.07 7408.15 2514.41 3516.86 
9247.15 3746.8 887.253 5024.71 1682.52 4714.26 8463.96 5135.14 532.478 1123.02 
8643.75 6944.27 9058.06 4005.78 7119.99 9130.82 2704.19 8611.2 9945.09 3502.23 
9673.71 2409.33 3465.24 4433.67 8985.22 4000.27 5369.11 3431.27 1408.4 7883.52 
6948.14 655.539 1630.31 7835.39 5680.25 3312.82 2549.63 4144.19 8447.96 3082.11 
5267.22 7091.7 26.3631 4325.26 1097.47 7146.35 3456.07 3801.66 5757.54 3401.14 
7303.88 5431.23 5810.47 769.11 9864.91 4795.67 4769.38 5234 8226.94 6177.78 
3117.51 5175.06 6833.32 4747.82 3010.44 2513.55 8060.64 5560.06 6657.75 6508.59 
8642.17 1924.95 3600.27 8668.53 6250.21 4697.74 5814.87 9706.27 8499.4 1572.39 
3107.39 5803.26 7003.62 8917.86 6572.37 6868.51 3713.52 1341.74 2102.5 1940.44 
7519.52 5220.01 7115.51 4352.82 9967.83 125.926 6866.38 8028.46 5685.99 3524.11 
4537.03 4328.14 5449.05 8137.3 2996.66 1699.24 2835.03 8811.52 1405.5 1334.41 
383.897 4512.89 7137.67 7387.52 3430.74 3710.03 4256.02 7144.25 5051.77 6358.52 
9084.7 2571.27 1578.52 6200.19 6924.09 1546.33 6326.12 3790.45 9574.79 2012.09 
7314.56 4111.8 6340.23 2763.6 2249.08 9336.88 4462.85 5084.11 8148.39 5868.35 
6418.52 8532.29 381.223 3556.18 5919.79 3811.96 7266.2 175.792 956.199 2317.95 
6534.31 40.8807 4889.22 8112.83 6241.07 1813.3 9659.16 2567.17 5603.75 9233.93 
4579.25 2918.3 3345.71 919.465 5681.9 5594.8 256.33 144.724 678.894 8404.72 
6013.07 7097.41 6936.99 6394.29 653.571 2856.76 206.237 7919.78 3032.56 1162.44 
237.712 9566.87 1203.32 5126.93 7679.68 7444.39 6940.23 7338.83 11.5376 2543.96 
6572.74 4590.79 5462.26 9918.46 5510.26 1144.14 5513.24 5766.59 1288.86 6192.13 
4171.29 7301.93 3289.53 1108.26 3696.21 3943.1 3965.03 3902.45 1862.86 6997.58 
5064.88 2100.57 6564.43 6268.2 7227.51 4244.1 3712.57 4167.72 1582.91 3724.11 
6711.68 8155.65 8314.9 2173.93 8074.09 3825.14 3318.06 3587.31 9591.73 4606.93 
9779.45 3763 1908.84 3068.96 4871.26 5605.06 7012.06 8836.29 9507.5 8874.92 
5833.85 4572.37 975.471 2398.27 840.55 8202.98 6642.37 4553.12 2370.68 8225.28 
8277.22 9082.36 6380.91 6592.11 1256.27 4454.99 417.227 4574.33 8042.3 8.9362 
9181.26 7821.73 3771.94 1090.09 890.668 8643.2 6695.14 7902.72 7479.47 6202.63 
6777.62 3313.31 774.979 7753.1 5711.58 1615.53 5956.06 2353.93 6168.65 8326.73 
579.193 4445.85 7409.08 6960.11 1037.94 8665.35 1415.08 1455.17 3239.66 9457.38 
1464.1 2420.9 7279.09 5236.04 3510.99 8169.76 3879.22 206.118 6072.46 1358.67 
6408.75 2850.07 4671.98 7183.72 603.15 383.541 8799.25 6559.21 2737.47 4967.88 
4885.92 3316.66 9413.74 2294.98 276.754 451.661 960.312 1691.83 1906.83 4199.97 
1149.19 3370.93 6620.88 8428.28 8606.98 131.852 6598.02 2486.18 337.969 2670.46 
3844.85 6746.71 5520.54 8516.83 3930.42 6123.69 8900.38 2729.66 2682.87 1637.83 
7697.54 7568.8 4954.49 7111.26 9863.78 5231.25 7562.92 824.073 6923.08 9469.75 
5024.05 8072.27 2840.67 1644.91 6500.53 1447.63 1776.76 3098.53 3933.81 2114.73 
5769 7778.66 8861.44 1289.52 6295.48 2791.85 7413.2 5195.84 5521.51 96.0595 
6833.67 3219.03 7664.86 1788.14 330.274 7528.62 7019.39 7893.2 8352.69 3942.45 
7362.93 3376.72 2014.7 203.583 5021.63 8515.23 1651.21 6798.38 1613.75 5585.02 
8913.11 7382.75 3363.66 7774.54 8672.27 9659.14 566.369 6085.45 4854.96 6087.88 
6181.51 1688.61 9306.91 3846.35 3476.75 9637.18 1374.95 496.12 7530.36 9727.64 
4438.57 4893.27 3104.34 6453.27 5096.86 8125.97 4968.49 6748.07 4924.34 6582.24 
2333.07 3837.43 3964.97 5696.73 1611.95 2637.22 5355.85 2178.32 8722.67 210.794 
8266.2 4904.17 1899.4 7573.09 8750.52 5376.15 7210.25 125.453 5872.27 4740.59 
9853.09 310.822 9633.87 2957.42 6764.09 4730.71 1083.38 1732.56 1478.76 6007.71 
8314.8 3811.82 9845.15 2279.76 9508.55 1457.08 4916.98 4864.39 3635.41 3639.64 
5075.18 1901.59 8543.8 6974.58 9474.68 7294.31 2350.71 6684.91 7419.76 8222.98 
1425.49 7272.84 8533.81 1059.34 230.241 5297.88 5790.04 1313.62 7030.45 7268.8 
7321.33 5345.23 1080.6 7166.46 7624.99 589.138 8623.55 2541.95 5453.52 2258.94 
6181.59 528.687 4160.52 4725.37 7503.27 3635.19 2019.66 9853.98 320.08 9439.42 
8076.95 1745.57 6712.24 6610.74 2804.91 6942.48 1908.61 8594.95 8256.1 8939.05 
5863.74 5577.41 4284.27 6944.34 2743.85 1909.24 7533.48 1367.38 4451.19 2986.99 
3626.32 632.758 3515.67 7786.84 5358.13 1018.92 1422.01 7377.79 872.891 1742.09 
6817.19 8949.84 3487.66 3529.42 5560.56 6292.57 471.878 7469.17 4887.5 8727.97 
6408.2 751.223 4305.37 692.454 7695.56 7049.22 2601.69 5229.03 8416.6 7052.88 
8216.01 2042.9 7685.64 1731.67 9829.74 3043.75 2750.59 1251.74 421.527 3623.48 
2993.83 7238.72 2573.31 6481.49 768.12 8133.87 2774.04 1240 5603.03 7661.54 
9967.97 2011.22 8412.76 4273.32 2703.67 6108.31 1322.52 5305.36 1337.32 9739.12 
2358.23 9553.33 1782 43.8471 1284.98 1611.73 3087.6 4035.58 2863.46 3509.13 
7659.06 5857.29 747.831 232.355 2338.76 1515.95 8366.23 5112.8 2755.95 3969.24 
2774.32 2723.9 5980.46 1187.07 6997.22 8684.13 7295.37 8319.75 3989.47 8632.69 
8058.85 6347.7 8186.01 9840.85 6391.54 9470.99 1452.56 9479.14 3506.55 4316.03 
2988.25 1165.6 173.302 3736.08 1397.96 2512.06 5252.04 9764.19 7624.86 8007.99 
3733.41 399.161 731.873 9713.87 1586.23 7729.1 8397.97 8881.6 6048.82 2387.43 
7514.28 4107.66 8735.12 5700.27 3948.49 5126.65 5171.24 5401.05 4605.78 8677.8 
9717.08 7594.03 9843.4 9890.38 1330.09 1241.34 2402.43 6582.13 1005.5 27.2693 
4590.1 4738.91 426.43 5321.97 4452.76 2012.66 3051.05 2850.72 894.24 9099.87 
5238.15 8408.52 3207.51 3973.26 4108.77 7156 9099.91 9280.01 2557.04 3705.66 
7957.8 2274.11 1299.67 7801.18 2164.47 2629.77 9042.51 4566.9 9211.9 48.0008 
4594.17 3801.98 4786.91 5020.6 9123.95 9239.68 7033.25 2174.98 2090.38 7927.5 
1274.84 7328.53 6335.99 4482.35 1301.77 444.747 1638.34 401.66 9724.76 4195.38 
4107.32 7682.54 6469.49 5407 5483.7 8633.96 8036.77 4526.2 3200.84 7248.65 
4574.2 7795.01 1050.61 9361.11 2815.59 174.544 8600.77 9848.85 2349.53 691.136 
7776.33 3624.37 8019.67 4112.3 8106.72 9321.44 4557.05 9745.06 9723.1 4281.79 
3940.43 3830.4 1964.32 409.9 9237.4 7448.02 9043.86 7274.15 1974.2 2244.69 
4522.79 6548.39 39.6797 5573.4 5909.49 2855.27 5747.94 4510.24 2704.1 8097.47 
5201.38 480.414 1721.82 3221.03 4592.72 9828.54 2542.45 9149.77 9573.59 2265.53 
3431.55 3514 6095.93 5395.87 3923.9 5333.32 2843.87 2967.74 2607.45 4818.06 
5212.43 7130.24 1366.44 5252.11 2703.62 7275.92 8107.38 8451.56 1786.15 811.467 
6549.01 6987.53 1291.88 8270.83 208.537 5884.6 8099.35 2750.98 5034.35 7672.92 
5016.51 8465.9 1186.9 1112.43 3861.75 5110.8 6445.75 6705.61 8078.54 9053.2 
1523.66 3290.95 6183.42 2890.09 8543.06 8887.04 166 6650.42 7338.59 1952.15 
7461.89 3887.58 8939.67 8753.77 2158.39 9148.21 4638.35 257.726 1899.18 9672.7 
7930.65 6915.69 8138.58 9117.55 8028.12 2000.31 4228.33 4473.85 8705.92 2306.86 
3527.03 229.564 5597.81 9710.46 3119.66 4140.85 8597.48 3285.66 791.255 5936.05 
5237.8 8253.14 9823.63 4177.46 7006.9 1982.01 3325.66 1645.23 2239.73 5224.84 
1317.92 170.361 2140.51 9456.5 9287.91 168.616 1456.8 3516.22 4642.47 162.706 
5823.08 8169.5 392.27 1420.87 7879.94 3511.93 5561.73 6477.41 6797.58 6352.98 
2413.44 2035.37 4606.11 2237.06 6212.83 1612.99 4219.06 9538.49 3258.22 6458.8 
4763.31 4576.13 6629.16 6903.82 4032.62 5917.05 7072.43 5489.42 9433.27 1714.88 
5652.12 5256.34 9884.38 6044.39 6677.21 7764.31 9556.32 2238.92 4241.7 6353.88 
8591.9 6655.14 8389.25 3197.99 8892.2 4602.07 4810.98 3111.24 4140.54 8069.19 
9570.04 8903.84 2645.31 6199.18 5807.65 6677.93 2116.21 2880.06 2167.33 1549.47 
4594.95 7819.45 6805.81 4479.31 3863.82 3483 2243.6 3420.13 5721.92 6485.3 
9774.01 4313.81 3140.42 8163.25 7511.8 2032.6 2765.3 2322.76 5143.84 6905.83 
391.935 4713.86 5809.66 3037.24 913.019 1617.29 9715.17 3029.23 4497.35 1882.48 
4578.69 9092.3 9701.93 1384.48 3571.59 3565.74 4867.48 5815.2 6985.86 589.39 
2300.48 6759.86 4903.2 5440.9 4923.08 2414.98 7473.49 7688.38 4737.74 2617.32 
4594.19 5129.68 7331.18 403.837 8166.92 8244.19 2021.12 7882.08 1273.4 6518.48 
9764.56 5852.1 5610.76 9466.47 7236.58 9182.35 3032.19 2104.05 4997.53 18.0347 
2693.44 7298.01 6777.89 7596.64 2738.89 1700.96 11.6002 212.365 9389.34 4749.34 
2829.68 3983.51 9879.02 160.84 4387.35 8045.92 8405.03 6408.48 5927.98 9678.44 
2926.93 5692.52 5530.52 8537.69 5158.97 2767.08 7720.02 8191.16 4871.13 2717.54 
8209.19 7564.57 15.5268 4987.07 5161.18 2754.41 6688.02 5172.78 2966.78 6077.34 
9922.13 5796.46 60.8401 9801.13 5957.3 4448.19 7847.03 4362.32 856.649 3774.99 
4040.74 3783.58 9467.51 9571.26 2321.26 4626.46 2338.32 41.2632 2817.6 7209.45 
2758.8 1026.78 4774 2774.33 6013.85 9935.18 5528.74 2701.85 5107.95 8495.52 
8779.2 5030.06 4291.96 8840.04 4831.17 249.246 3288.21 2678.18 4611.56 4144.86 
6453.17 8652.3 7928.44 5920.67 8223.54 249.682 547.114 561.849 290.945 3364.72 
7771.3 3049.74 4391.5 2545.28 5824.07 405.327 2480.45 1352.79 3107.18 7588.4 
9848.31 1886.36 2618.45 4140.26 726.377 7449.61 4389.51 4014.59 127.779 9001.07 
8159.45 6580.95 7653.35 6087.87 2501.6 5876.88 6337.55 3048.72 6438.73 6628.5 
6413.44 4210.01 9678.24 804.916 6755.29 5502.3 1210.24 9235.75 6855.09 4317.42 
6824.13 6703.39 6203.78 9442.58 843.63 6930.16 6892.18 5233.14 944.726 7019.96 
4234.19 9104.17 3600.89 1887.52 5192.02 6102.5 7764.4 1529.56 9151.21 4203.11 
8158.06 5564.63 8413.12 7836.28 6369.55 5168.39 3338.56 7579.79 4404.12 193.632 
1897.2 1228.24 6897.02 8100.98 670.798 7740.65 5031.12 7562.97 2973.77 5975.84 
4582.91 7207.95 5080 8183.81 9095.47 272.002 4286.29 6859.85 1801.56 3437.48 
1062.94 9959.62 9002.12 9476.06 7795.88 5371.65 4644.43 1134.42 2951.42 9048.55 
1328.06 4848.62 276.773 8225.07 2949.58 947.571 5965.71 7980.69 8510.54 8939.47 
3956.52 3093.44 6147.41 9036.51 1277.23 5242.87 9308.51 5563.52 2102.7 1110.06 
9001 3165.65 1069.66 8003.1 2641.69 8865.54 3374.73 7286.12 9999.96 6326.15 
6334.66 1328 1174.75 6611.43 9553.08 4124.33 7559 5518.77 2105 6069.53 
4458.22 6061.52 9162.97 605.614 5098.02 440.183 5848.48 4406.51 6003.7 7951.18 
5516.57 5004.68 1116.81 6586.23 3007.76 3758.5 5451.75 6382.49 1044.6 5451.7 
2708.62 7379.26 6779.7 3883.37 3990.67 6332.76 8007.7 1549.65 1851.51 112.686 
7619.18 6309.73 6174.21 6782.13 6915.34 1272.21 7222.32 2763.81 5678.72 3226 
714.973 1195.27 8230.68 1831.79 7781.5 1238.42 5590.29 3233.24 7620.91 6634.89 
8684.94 329.509 4014.13 5464.62 4212.88 8004.8 1797.36 2220.56 9554.46 3648.86 
2333.25 7173.62 9958.59 8507.46 3955.74 6873.92 9779.66 1178.04 9637.72 5458.37 
4404.03 352.679 6653.64 2634.7 2184.46 4435.13 3873.12 7774.75 7668.36 1494.01 
4409.62 6353.28 1823.51 8423.75 1817.88 6036.39 6428.54 3615.24 8256.96 5982.98 
7264.1 590.186 3156.58 7222.68 9097.64 7112.32 4096.58 8877.29 8290.35 3734.28 
4335.63 2694.37 4086.96 989.256 5329.07 6271.43 5424.38 9202.18 4046.16 3092.73 
696.169 8455.79 9446.01 2519.68 6879.52 1263.88 8556.08 3308.04 4879.12 6813.02 
9291.02 2143.21 7403.2 2447.58 9365.88 6500.83 9559.9 3462.44 5378.09 7850.23 
7196.73 9713.73 544.588 1283.68 702.967 5873.65 7555.1 6127.35 5075.82 1601.25 
9220.08 5771.99 57.0187 8666.08 8291.67 6936.54 9929.96 6847.73 244.568 4809.06 
3660.73 9535.59 6952.26 1063.92 1983.15 6318.13 7564.74 1543.04 9780.57 2942.82 
9393.27 6977.29 2656.53 9937.86 8260.96 3359.5 5811.5 5816.05 9486.84 887.297 
7417.3 8706.91 6659.28 7474.32 7372.97 4950.94 4410.84 7302.91 1798.65 4655.41 
2111.95 5459.39 4190.98 9064.21 6523.3 6174.14 5382.32 4088.03 7717.17 5162.88 
7030.84 7110.43 2140.14 9687.37 7048.27 401.088 3046.85 2859.75 6217.14 2533.68 
3747.05 3634.42 1240.57 406.313 1108.72 8613.54 5357.25 5519.56 5916.43 7155.91 
174.949 8028.38 2615.28 4365.93 7092.57 9138.58 540.048 2474.87 3226.59 8257.22 
7637.75 257.415 5367.63 9777.89 9944.79 2415.88 178.963 2991.62 5275.63 6396.1 
5525.3 9022.68 30.4977 6765.88 9428.99 1139.21 5379.4 4786.23 6658.77 1295.81 
1942.12 6833.72 9324.19 4557.39 1199.63 6416.74 3695.95 1739.68 8891.61 6922.54 
