700 15
0.703875 0.385675 0.768504 0.699599 0.510552 0.569818 0.236809 0.0346811 0.394262 0.103834 0.520064 0.642127 0.562089 0.87026 0.261058 
0.489574 0.0177806 0.378251 0.0455607 0.997276 0.393291 0.42261 0.24295 0.674994 0.146734 0.423328 0.343669 0.172274 0.464359 0.554783 
0.918533 0.267823 0.349079 0.36567 0.76538 0.394841 0.741204 0.519929 0.0798312 0.842378 0.225697 0.183689 0.250769 0.40568 0.822208 
0.64224 0.752939 0.735796 0.1673 0.783881 0.3477 0.734044 0.700378 0.0854631 0.425575 0.728741 0.83261 0.703634 0.76211 0.271159 
0.626651 0.529679 0.656756 0.928225 0.809224 0.197293 0.326441 0.774545 0.0615162 0.454045 0.786218 0.803363 0.0886154 0.86821 0.0894909 
0.569273 0.667786 0.566283 0.046397 0.225675 0.907347 0.780343 0.986944 0.894966 0.54419 0.326234 0.559015 0.241188 0.527016 0.473378 
0.743219 0.376979 0.460256 0.716385 0.899152 0.805647 0.661249 0.483567 0.906185 0.631282 0.832404 0.813532 0.566638 0.852036 0.187656 
0.800836 0.642294 0.617257 0.534821 0.452023 0.576107 0.864452 0.745081 0.961079 0.0184346 0.74033 0.947859 0.719291 0.812675 0.492281 
0.0554644 0.41051 0.313502 0.855 0.403685 0.823229 0.384401 0.25049 0.943956 0.576399 0.628119 0.486138 0.127555 0.994203 0.560513 
0.834618 0.655994 0.797756 0.865191 0.566396 0.934581 0.987962 0.605854 0.739762 0.707191 0.429762 0.132015 0.933659 0.0134511 0.148566 
0.375034 0.34132 0.712235 0.721387 0.702884 0.94866 0.327215 0.320919 0.836002 0.945331 0.137592 0.494105 0.00640203 0.990214 0.100242 
0.219065 0.964181 0.952205 0.450035 0.628387 0.553447 0.980726 0.125906 0.78255 0.4325 0.520857 0.0193559 0.662485 0.287569 0.531213 
0.0897993 0.240949 0.724666 0.609103 0.870791 0.775663 0.140133 0.670305 0.48406 0.850424 0.871922 0.724384 0.148073 0.611512 0.653409 
0.0728792 0.236535 0.222665 0.653721 0.99575 0.687358 0.658086 0.978895 0.0174721 0.245174 0.377077 0.0452843 0.31912 0.430713 0.91488 
0.50791 0.781265 0.295297 0.585997 0.285569 0.913671 0.504368 0.286179 0.321232 0.900241 0.386289 0.503666 0.632257 0.604486 0.430527 
0.146493 0.0111708 0.303779 0.811719 0.259437 0.00293634 0.864647 0.721771 0.976227 0.361635 0.989397 0.184159 0.175642 0.0676345 0.171238 
0.208256 0.444097 0.691972 0.115531 0.887005 0.388618 0.961463 0.57866 0.346344 0.73904 0.719357 0.471568 0.844776 0.921572 0.125554 
0.392001 0.843061 0.756597 0.658385 0.129571 0.471769 0.558692 0.390189 0.0415721 0.605604 0.109376 0.206016 0.248927 0.512464 0.101159 
0.00928159 0.632459 0.601044 0.379632 0.965991 0.225369 0.0771143 0.829771 0.89738 0.412638 0.545686 0.0863583 0.387882 0.0719552 0.347037 
0.974324 0.583342 0.253314 0.380921 0.927783 0.936733 0.349178 0.500458 0.378837 0.315241 0.661801 0.623177 0.973579 0.362352 0.855864 
0.422967 0.512014 0.551416 0.0276607 0.868703 0.234374 0.665979 0.565264 0.512502 0.516512 0.22642 0.0750692 0.353021 0.877982 0.0467449 
0.253466 0.46658 0.353295 0.478805 0.830512 0.496185 0.164249 0.373014 0.0561738 0.314874 0.496777 0.197063 0.307304 0.806035 0.781972 
0.123942 0.735305 0.532394 0.494913 0.412963 0.18437 0.736287 0.634175 0.964323 0.499826 0.867171 0.0973702 0.306537 0.160008 0.599097 
0.909729 0.679659 0.356935 0.26694 0.32191 0.693939 0.351852 0.0929392 0.0965735 0.35728 0.010979 0.525977 0.0268068 0.402292 0.198142 
0.095033 0.506756 0.197275 0.00716228 0.263699 0.252515 0.265374 0.430429 0.780697 0.730078 0.706922 0.513024 0.223384 0.673563 0.144553 
0.454101 0.416165 0.518406 0.868384 0.752085 0.28857 0.807246 0.753504 0.587776 0.353743 0.241272 0.176348 0.859651 0.455379 0.73269 
0.10609 0.125653 0.927823 0.878178 0.781031 0.382512 0.0482851 0.984367 0.398079 0.915118 0.469715 0.655558 0.481926 0.362559 0.83344 
0.750839 0.261882 0.112617 0.735404 0.713389 0.0165044 0.680588 0.424897 0.262073 0.740744 0.67976 0.258396 0.771349 0.157711 0.943397 
0.240725 0.409499 0.945982 0.0205115 0.980044 0.642082 0.481236 0.44423 0.447523 0.116369 0.684382 0.906514 0.471096 0.576833 0.925794 
0.740544 0.249053 0.213342 0.558921 0.953494 0.541416 0.134468 0.107106 0.410048 0.44845 0.646066 0.0474498 0.876728 0.957272 0.539952 
0.989526 0.498372 0.39375 0.159828 0.39713 0.806552 0.401696 0.562794 0.978368 0.923329 0.364559 0.966205 0.662972 0.711055 0.0565011 
0.389181 0.209922 0.854753 0.410916 0.828774 0.716105 0.0130091 0.156257 0.753994 0.765551 0.82722 0.910975 0.650875 0.418714 0.436729 
0.656391 0.181879 0.469695 0.733152 0.166576 0.97833 0.857803 0.0703835 0.497512 0.281644 0.0482429 0.673415 0.71582 0.590515 0.315862 
0.145188 0.608413 0.171318 0.697057 0.0178845 0.0773409 0.836179 0.0396231 0.554973 0.18708 0.232291 0.92295 0.353825 0.957133 0.663433 
0.0212172 0.0993579 0.2614 0.545374 0.76559 0.686016 0.0074793 0.886249 0.253973 0.0687328 0.666474 0.323441 0.448561 0.729827 0.374541 
0.0497503 0.0962064 0.787052 0.98032 0.533168 0.14211 0.295045 0.809055 0.987151 0.485332 0.0377901 0.68045 0.357601 0.0921895 0.326147 
0.894228 0.777838 0.280587 0.370118 0.544455 0.527537 0.994486 0.834799 0.157371 0.170418 0.299822 0.631653 0.689178 0.443273 0.192272 
0.999598 0.416753 0.455196 0.874769 0.899827 0.0255922 0.388596 0.107527 0.348585 0.0898611 0.589391 0.525278 0.880492 0.129421 0.733656 
0.622568 0.602567 0.0551588 0.235605 0.904752 0.900454 0.916225 0.209875 0.230834 0.0769366 0.845 0.313152 0.163159 0.462747 0.811657 
0.615718 0.54868 0.678642 0.220517 0.502712 0.512337 0.123354 0.188674 0.205562 0.254258 0.868585 0.695396 0.630287 0.696659 0.436069 
0.778867 0.56744 0.132183 0.685544 0.923975 0.212545 0.171146 0.170643 0.547431 0.800456 0.900897 0.8015 0.391127 0.236091 0.342367 
0.965802 0.0687618 0.636422 0.950535 0.908474 0.478858 0.335207 0.738378 0.451442 0.0732299 0.822423 0.618546 0.710101 0.711416 0.755621 
0.795189 0.444026 0.612335 0.383874 0.0892318 0.674964 0.455228 0.755656 0.40626 0.659903 0.152404 0.094455 0.652433 0.265907 0.747507 
0.950176 0.420518 0.752972 0.94185 0.531577 0.0809586 0.566912 0.721725 0.145789 0.42548 0.914767 0.175395 0.508382 0.158409 0.173534 
0.255408 0.258623 0.907548 0.504434 0.981216 0.636775 0.500061 0.32969 0.268523 0.299395 0.642949 0.705352 0.940567 0.709745 0.82978 
0.206888 0.538467 0.346908 0.992399 0.202875 0.729974 0.498019 0.731762 0.601524 0.741438 0.125441 0.470268 0.781591 0.0749154 0.919707 
0.0585549 0.644532 0.421576 0.178407 0.601052 0.366563 0.907077 0.38412 0.86186 0.310321 0.325218 0.255319 0.212325 0.402304 0.966674 
0.480988 0.056476 0.25322 0.519999 0.496502 0.365041 0.430802 0.280033 0.471369 0.806189 0.191287 0.154704 0.931216 0.454403 0.820341 
0.198991 0.725958 0.743336 0.920443 0.224415 0.179724 0.923355 0.881666 0.103769 0.103908 0.232264 0.891954 0.476784 0.780153 0.387228 
0.4384 0.295608 0.856214 0.0315718 0.965711 0.0868111 0.550872 0.382695 0.889719 0.610522 0.634008 0.0848531 0.70449 0.38984 0.566953 
0.687636 0.556581 0.603899 0.793306 0.912838 0.542074 0.47271 0.0309365 0.365771 0.0529226 0.8248 0.218997 0.518885 0.0188544 0.304185 
0.912168 0.0536499 0.254307 0.545437 0.138232 0.190927 0.0338955 0.961684 0.234942 0.833379 0.610245 0.450744 0.361315 0.889378 0.3751 
0.458774 0.565767 0.522479 0.999599 0.496159 0.726894 0.243149 0.764706 0.294818 0.880481 0.349674 0.350275 0.305409 0.144819 0.948227 
0.848656 0.971187 0.260771 0.308656 0.563712 0.743237 0.789097 0.0224685 0.26156 0.10915 0.554302 0.608142 0.364553 0.801551 0.631486 
0.839541 0.0481122 0.780811 0.393783 0.866448 0.373662 0.514005 0.0353613 0.601492 0.0633666 0.119492 0.591888 0.506673 0.46924 0.242036 
0.432127 0.974222 0.781466 0.209382 0.156369 0.104418 0.28354 0.920513 0.0900267 0.544976 0.0105803 0.909391 0.660014 0.550169 0.572315 
0.135909 0.545848 0.358653 0.634927 0.338023 0.817621 0.569554 0.0948408 0.0418322 0.398337 0.326507 0.241335 0.348894 0.623315 0.751185 
0.382016 0.0444124 0.915526 0.753256 0.634387 0.613306 0.887014 0.580249 0.481579 0.583021 0.189582 0.845366 0.644946 0.187354 0.809141 
0.367739 0.914437 0.502933 0.0676069 0.50672 0.859388 0.586257 0.481285 0.366365 0.123133 0.500818 0.820398 0.977891 0.937678 0.0345075 
0.614579 0.13653 0.870528 0.476284 0.807199 0.438417 0.960106 0.548256 0.541847 0.138057 0.866433 0.41689 0.483218 0.00559931 0.476364 
0.799371 0.643983 0.95087 0.980812 0.301789 0.158992 0.337613 0.812513 0.952978 0.0825466 0.219182 0.943874 0.822958 0.256852 0.270219 
0.839476 0.930747 0.442568 0.0926032 0.431276 0.584132 0.183588 0.78209 0.516461 0.198108 0.21882 0.0265254 0.691556 0.0462755 0.829703 
0.622663 0.780666 0.0203098 0.499687 0.551019 0.706838 0.330887 0.260279 0.306863 0.342 0.90935 0.680489 0.0730582 0.606349 0.197434 
0.238798 0.558403 0.796018 0.53226 0.614555 0.0854271 0.712628 0.288722 0.407798 0.721459 0.850907 0.525706 0.874197 0.463495 0.747019 
0.800608 0.956526 0.357751 0.999099 0.838442 0.632415 0.334125 0.665667 0.0598345 0.898666 0.900485 0.781024 0.601485 0.0364512 0.718808 
0.037478 0.133925 0.0196602 0.113156 0.675574 0.855864 0.448949 0.0370695 0.492375 0.245099 0.965934 0.364423 0.0525798 0.246007 0.43507 
0.128987 0.380011 0.434021 0.0327479 0.0111005 0.203691 0.129708 0.584303 0.0501264 0.797712 0.23307 0.722706 0.99544 0.357362 0.875049 
0.35 0.891752 0.219766 0.205211 0.953994 0.246599 0.241985 0.392427 0.762753 0.0935947 0.305216 0.280552 0.714694 0.957236 0.697205 
0.483213 0.710556 0.731277 0.23362 0.28978 0.00787304 0.756529 0.38309 0.352745 0.528875 0.61629 0.543503 0.0215987 0.968969 0.372177 
0.582004 0.0942 0.598703 0.0469738 0.72153 0.643129 0.829726 0.648147 0.339571 0.64135 0.837216 0.326067 0.275846 0.758623 0.253024 
0.0215334 0.472786 0.695338 0.45998 0.131368 0.890691 0.694804 0.779619 0.504699 0.314086 0.925793 0.940412 0.375662 0.267887 0.322565 
0.0984723 0.0184149 0.858504 0.926511 0.0714304 0.849168 0.00471208 0.130121 0.180879 0.355758 0.568804 0.235701 0.378498 0.010609 0.225286 
0.915463 0.35323 0.935091 0.303683 0.794077 0.82148 0.861563 0.0972146 0.451674 0.947196 0.139604 0.190711 0.595981 0.508359 0.378402 
0.617223 0.487916 0.303341 0.633876 0.066852 0.926386 0.171859 0.0102611 0.341531 0.0422098 0.614041 0.669731 0.517597 0.88161 0.139329 
0.630573 0.569113 0.894558 0.125836 0.174354 0.112759 0.825667 0.917037 0.784887 0.900432 0.814861 0.923608 0.297919 0.717415 0.916816 
0.284918 0.208728 0.933873 0.623426 0.0523082 0.601931 0.0782952 0.91944 0.999945 0.357671 0.0214647 0.620972 0.66346 0.953984 0.553166 
0.527313 0.742514 0.567136 0.0941322 0.808376 0.595616 0.308899 0.751542 0.820378 0.104974 0.355137 0.885933 0.747205 0.882155 0.0554677 
0.488665 0.899343 0.984236 0.618849 0.169853 0.00769297 0.471868 0.658703 0.232908 0.144184 0.665654 0.350556 0.0907443 0.668429 0.762763 
0.465005 0.626826 0.625195 0.899525 0.655878 0.00850222 0.766536 0.433413 0.656856 0.911477 0.179109 0.185983 0.26025 0.510086 0.274075 
0.759821 0.726002 0.32579 0.220411 0.634908 0.533681 0.423955 0.97532 0.956696 0.634531 0.660043 0.426966 0.959435 0.542956 0.163623 
0.857508 0.566008 0.120913 0.0380648 0.857773 0.785645 0.816731 0.244101 0.861645 0.297134 0.713995 0.978124 0.558481 0.320238 0.763315 
0.806801 0.220655 0.793227 0.897078 0.34351 0.199302 0.66938 0.756686 0.577054 0.549059 0.373725 0.701446 0.530448 0.413952 0.989825 
0.341096 0.546336 0.711653 0.536768 0.102544 0.245232 0.777545 0.159784 0.705341 0.360919 0.970916 0.381852 0.845074 0.738726 0.534895 
0.608894 0.670262 0.00168314 0.463056 0.0915219 0.358274 0.435033 0.958067 0.325718 0.519241 0.659751 0.861974 0.253718 0.656494 0.299505 
0.74124 0.656592 0.407998 0.514579 0.817168 0.572001 0.440589 0.0100146 0.48214 0.0179756 0.955787 0.526831 0.439738 0.708486 0.530654 
0.797612 0.880235 0.300312 0.249015 0.611524 0.568599 0.872187 0.77711 0.797946 0.288691 0.250622 0.604378 0.648018 0.145611 0.455249 
0.6133 0.768062 0.575223 0.95069 0.418789 0.0749231 0.609468 0.827089 0.572903 0.520514 0.878743 0.313245 0.519709 0.142449 0.042105 
0.798669 0.926387 0.712199 0.0589477 0.782069 0.858244 0.702488 0.0907933 0.47515 0.427544 0.906281 0.954238 0.0829193 0.0052751 0.407357 
0.0532921 0.180795 0.857552 0.712222 0.113921 0.271464 0.858277 0.428116 0.527761 0.980825 0.595089 0.721364 0.821285 0.337628 0.161241 
0.381258 0.90072 0.33707 0.506393 0.102149 0.88787 0.335663 0.424306 0.848026 0.0590491 0.138866 0.700598 0.162935 0.813904 0.508823 
0.887988 0.175265 0.208713 0.985453 0.966599 0.804843 0.455472 0.655569 0.979237 0.94866 0.116611 0.145124 0.533075 0.589906 0.784954 
0.0536713 0.35473 0.184227 0.461904 0.788085 0.302309 0.796055 0.108392 0.721905 0.901926 0.978448 0.568053 0.887714 0.463947 0.957107 
0.8507 0.803112 0.688611 0.0844456 0.436235 0.328492 0.19392 0.994778 0.245983 0.995317 0.909166 0.327219 0.798771 0.892872 0.212164 
0.634522 0.607521 0.224409 0.0638673 0.881198 0.217468 0.1897 0.0707293 0.06551 0.913022 0.525741 0.560295 0.198183 0.421038 0.814049 
0.973714 0.710498 0.871155 0.361811 0.561798 0.902312 0.0553478 0.391387 0.121734 0.211942 0.229288 0.664236 0.354907 0.908583 0.0696258 
0.346111 0.0790455 0.618265 0.711976 0.108169 0.747321 0.596553 0.447395 0.865389 0.936441 0.609299 0.872085 0.621348 0.642052 0.0934233 
0.34075 0.762885 0.0199061 0.586921 0.680029 0.721522 0.588487 0.784418 0.835899 0.112777 0.48146 0.892255 0.273935 0.688852 0.404966 
0.96022 0.461395 0.885141 0.453172 0.361843 0.479485 0.455557 0.0957416 0.175961 0.494327 0.858991 0.482404 0.962384 0.30846 0.309931 
0.203638 0.495155 0.650954 0.525484 0.0828645 0.573252 0.754123 0.139656 0.693811 0.349553 0.822055 0.676722 0.464017 0.88362 0.706205 
0.260314 0.895192 0.658319 0.373146 0.131965 0.740524 0.824936 0.555651 0.554975 0.507386 0.131109 0.266047 0.855957 0.0711856 0.475705 
0.648603 0.230565 0.113695 0.80976 0.775328 0.549341 0.395059 0.167966 0.000337512 0.00404627 0.801431 0.952261 0.984818 0.0639475 0.702514 
0.176729 0.365155 0.993638 0.0828504 0.522382 0.505714 0.355748 0.998086 0.886122 0.235729 0.963638 0.631151 0.705915 0.147587 0.0434484 
0.30482 0.0379866 0.896048 0.50107 0.0983912 0.467925 0.307413 0.953331 0.0967674 0.134494 0.778989 0.113728 0.497833 0.372497 0.232888 
0.557786 0.341156 0.0256312 0.260298 0.0386189 0.769169 0.643393 0.475642 0.398503 0.283669 0.934284 0.469266 0.826306 0.86757 0.591761 
0.549741 0.760033 0.864429 0.893074 0.753798 0.371414 0.986926 0.568298 0.688955 0.00293974 0.942124 0.320943 0.891188 0.254184 0.319762 
0.96125 0.0897031 0.662892 0.534539 0.699794 0.667575 0.603924 0.453707 0.649235 0.189063 0.989831 0.38785 0.452178 0.712758 0.63689 
0.934635 0.233807 0.184171 0.576392 0.305418 0.0602029 0.342437 0.106815 0.247787 0.520314 0.778594 0.539492 0.297464 0.619981 0.322628 
0.720476 0.271268 0.814466 0.931852 0.248472 0.336412 0.812663 0.156699 0.597288 0.145634 0.529055 0.899186 0.91531 0.621251 0.0194856 
0.0212673 0.443173 0.404687 0.488098 0.438886 0.125569 0.47468 0.0927728 0.137486 0.488071 0.443157 0.560733 0.262798 0.892768 0.660059 
0.640637 0.111085 0.784887 0.325202 0.852159 0.454952 0.652286 0.12511 0.671255 0.759314 0.629403 0.327636 0.845613 0.313363 0.201783 
0.804882 0.389025 0.836512 0.808138 0.957396 0.955137 0.0500067 0.693017 0.171631 0.661489 0.720725 0.215076 0.433681 0.394768 0.594502 
0.947788 0.539511 0.979979 0.825712 0.470854 0.0205258 0.599439 0.872463 0.267103 0.456726 0.395075 0.662275 0.740632 0.796483 0.454014 
0.894302 0.745003 0.74862 0.927704 0.438031 0.499712 0.0842792 0.619996 0.0163994 0.268054 0.772907 0.251042 0.406749 0.335649 0.848849 
0.246217 0.575975 0.0304739 0.80132 0.361034 0.642524 0.768916 0.92063 0.85315 0.334197 0.637705 0.85279 0.964677 0.274141 0.365156 
0.562056 0.447603 0.854638 0.912205 0.765198 0.0198252 0.959483 0.998727 0.788025 0.477756 0.704726 0.689273 0.20293 0.820544 0.289217 
0.817163 0.565304 0.780785 0.617777 0.307359 0.477064 0.746073 0.679635 0.328892 0.770576 0.501042 0.664176 0.300105 0.332068 0.292863 
0.867081 0.55817 0.252278 0.67914 0.359971 0.62026 0.600467 0.768588 0.386891 0.503133 0.050088 0.352498 0.569641 0.308274 0.514931 
0.523748 0.799546 0.779623 0.239678 0.672301 0.0329272 0.976171 0.0133692 0.335989 0.0658638 0.124674 0.556599 0.546371 0.0220816 0.912483 
0.52897 0.624274 0.22963 0.892084 0.651673 0.721285 0.880062 0.47792 0.156702 0.789846 0.0106804 0.628598 0.000628934 0.795519 0.185135 
0.0824776 0.25899 0.650818 0.525003 0.862945 0.232898 0.372995 0.555009 0.0226056 0.176052 0.88838 0.797426 0.246755 0.764877 0.930632 
0.0167534 0.780017 0.566639 0.154324 0.778686 0.9988 0.624783 0.121639 0.551138 0.927282 0.751464 0.125886 0.530309 0.590011 0.137172 
0.923232 0.343546 0.576225 0.133212 0.793454 0.339782 0.514602 0.309368 0.736128 0.85929 0.228731 0.039785 0.400271 0.276098 0.375793 
0.699033 0.671467 0.334023 0.582587 0.374042 0.97333 0.084691 0.215194 0.907636 0.517871 0.642076 0.936668 0.67113 0.910462 0.263615 
0.27174 0.0386881 0.329946 0.526198 0.0915252 0.516662 0.187468 0.224737 0.740889 0.247692 0.215861 0.802157 0.154594 0.134887 0.304061 
0.241401 0.199499 0.414866 0.849764 0.756487 0.26566 0.154841 0.833835 0.625251 0.340304 0.724438 0.186141 0.571307 0.705078 0.4309 
0.685032 0.441641 0.0194244 0.569512 0.184854 0.403247 0.780821 0.0703261 0.773457 0.103107 0.56822 0.627484 0.314452 0.714018 0.0104478 
0.467523 0.768929 0.362698 0.0281691 0.650119 0.658694 0.89032 0.0955512 0.0250111 0.242865 0.284492 0.201956 0.267747 0.56481 0.354486 
0.531173 0.358901 0.238985 0.536921 0.422031 0.513146 0.0977658 0.0295076 0.872227 0.0778254 0.15886 0.801262 0.95817 0.274647 0.881261 
0.801677 0.593515 0.469921 0.494892 0.0782745 0.756252 0.298771 0.234499 0.192355 0.0684041 0.785488 0.0604306 0.556979 0.982794 0.974572 
0.408578 0.300904 0.355818 0.965572 0.73669 0.931649 0.896549 0.712956 0.274561 0.985271 0.581666 0.738751 0.335644 0.326972 0.745613 
0.642854 0.7772 0.695936 0.711307 0.709356 0.262968 0.613396 0.247345 0.285184 0.136606 0.827456 0.878004 0.23917 0.409093 0.278559 
0.434261 0.164831 0.491201 0.621061 0.415001 0.3059 0.358544 0.44084 0.677936 0.0653009 0.697615 0.905227 0.244824 0.0951313 0.967372 
0.409513 0.788922 0.806595 0.393943 0.912559 0.994531 0.959143 0.914684 0.988434 0.399002 0.26415 0.543938 0.13622 0.754533 0.189061 
0.789354 0.919446 0.626869 0.777723 0.230193 0.779831 0.340377 0.69925 0.289056 0.895052 0.45047 0.6442 0.0903417 0.967485 0.519325 
0.612168 0.858699 0.599001 0.0673752 0.32401 0.650421 0.628967 0.193174 0.393544 0.403423 0.0962383 0.945067 0.425295 0.458176 0.2343 
0.121869 0.13591 0.1898 0.701383 0.391692 0.136963 0.886955 0.114582 0.460228 0.47348 0.307387 0.874721 0.588747 0.878618 0.146181 
0.996155 0.960433 0.710264 0.626667 0.962821 0.642033 0.349671 0.220746 0.524319 0.126151 0.739115 0.757644 0.883086 0.561942 0.176873 
0.315847 0.915109 0.0403651 0.382194 0.168266 0.244494 0.186842 0.538758 0.112123 0.40462 0.104904 0.596213 0.0570092 0.208084 0.549426 
0.657024 0.0687482 0.907352 0.13535 0.102298 0.777334 0.429204 0.215687 0.0978937 0.409427 0.873807 0.588473 0.0656092 0.953057 0.439684 
0.95801 0.341692 0.601907 0.366215 0.0388072 0.809844 0.272065 0.350943 0.600147 0.951903 0.42121 0.449035 0.289406 0.0120813 0.957642 
0.662994 0.218373 0.238101 0.482374 0.916796 0.11245 0.664701 0.850959 0.277914 0.146244 0.281104 0.434712 0.547188 0.318322 0.531248 
0.320821 0.0510868 0.115052 0.732365 0.970083 0.244792 0.539905 0.637434 0.659851 0.582976 0.598035 0.388578 0.975856 0.107106 0.60074 
0.201248 0.941572 0.573206 0.34015 0.77462 0.634159 0.787135 0.352041 0.896679 0.610192 0.610217 0.952789 0.0267216 0.35448 0.207641 
0.274212 0.907043 0.604142 0.42472 0.509508 0.897391 0.040635 0.397932 0.900921 0.94773 0.932904 0.296386 0.636824 0.337796 0.496078 
0.177957 0.927496 0.322033 0.963734 0.967487 0.672514 0.60769 0.941093 0.254591 0.821854 0.914417 0.107345 0.228871 0.895185 0.0199422 
0.179077 0.627496 0.642902 0.533087 0.436657 0.30926 0.520391 0.0691325 0.168505 0.495417 0.260641 0.87143 0.359969 0.67995 0.407416 
0.600855 0.215682 0.31714 0.053442 0.0384158 0.823097 0.958156 0.714618 0.260464 0.518539 0.527853 0.536289 0.529049 0.952738 0.405104 
0.435074 0.864367 0.432341 0.750277 0.36378 0.170896 0.320606 0.197066 0.0854464 0.940117 0.549263 0.265672 0.209449 0.349044 0.393428 
0.554036 0.954037 0.738722 0.740932 0.619358 0.960394 0.37744 0.753909 0.0583215 0.316603 0.867669 0.892385 0.0521356 0.785906 0.162969 
0.215122 0.690728 0.93664 0.024125 0.270418 0.741542 0.16918 0.150969 0.793382 0.608757 0.887247 0.359999 0.0345027 0.535742 0.580132 
0.239707 0.978153 0.51987 0.361545 0.32988 0.292733 0.478637 0.0772665 0.681283 0.762284 0.554834 0.679181 0.453349 0.696779 0.409157 
0.203598 0.0837546 0.706787 0.365146 0.119242 0.30592 0.541658 0.0123551 0.519834 0.817905 0.245241 0.636308 0.370343 0.0307833 0.288213 
0.0972472 0.947883 0.363664 0.121581 0.4758 0.413335 0.393915 0.416293 0.0495544 0.139902 0.142009 0.195279 0.580052 0.206391 0.166501 
0.849429 0.235942 0.498706 0.385769 0.185023 0.167024 0.114657 0.86696 0.300563 0.612074 0.331626 0.76007 0.603233 0.192827 0.205094 
0.963791 0.651443 0.970687 0.390051 0.98903 0.90434 0.150785 0.105387 0.484471 0.276426 0.535842 0.674137 0.863582 0.980305 0.872357 
0.304512 0.0270851 0.998018 0.327464 0.899911 0.851089 0.180512 0.176958 0.25223 0.738303 0.0835512 0.649639 0.569626 0.338665 0.428812 
0.90355 0.801999 0.608599 0.15642 0.667117 0.27769 0.536505 0.199988 0.789387 0.0394645 0.611868 0.923044 0.766129 0.808522 0.927411 
0.183845 0.0876681 0.913002 0.682907 0.450207 0.948049 0.601819 0.750388 0.160787 0.73868 0.675595 0.945688 0.4819 0.558072 0.6061 
0.51283 0.782357 0.194804 0.253967 0.715578 0.034603 0.09229 0.328036 0.994345 0.953379 0.922246 0.0694687 0.894004 0.90203 0.989283 
0.736377 0.866502 0.746719 0.124506 0.690844 0.37581 0.900522 0.864248 0.677054 0.00255285 0.961898 0.130309 0.817759 0.975717 0.609883 
0.761653 0.370954 0.46018 0.481255 0.928574 0.435931 0.356454 0.417363 0.619672 0.822999 0.819022 0.729392 0.99827 0.686062 0.06925 
0.107698 0.805204 0.968947 0.888209 0.133606 0.791286 0.229377 0.831192 0.915304 0.815409 0.5483 0.932493 0.65864 0.393672 0.443898 
0.839017 0.060272 0.606753 0.864912 0.984248 0.0702977 0.687033 0.0146134 0.852311 0.0537759 0.0479128 0.58337 0.789372 0.865507 0.0981947 
0.516666 0.62398 0.647576 0.617029 0.949858 0.330139 0.326649 0.184954 0.814642 0.250413 0.369249 0.810473 0.0182566 0.372878 0.859783 
0.340756 0.387603 0.121719 0.201845 0.166857 0.424054 0.655513 0.765266 0.954994 0.410631 0.362109 0.691117 0.282962 0.58393 0.444199 
0.478429 0.0906542 0.704367 0.33699 0.435686 0.122394 0.871342 0.151964 0.206679 0.579502 0.882892 0.397186 0.185087 0.526952 0.930247 
0.798805 0.0887324 0.196079 0.705225 0.223412 0.819967 0.842519 0.243272 0.943066 0.692304 0.587226 0.640766 0.444011 0.482635 0.873562 
0.653431 0.93886 0.370674 0.355453 0.0441621 0.20904 0.85785 0.326327 0.356268 0.594704 0.411853 0.27174 0.390661 0.900142 0.982707 
0.672388 0.44341 0.512942 0.926954 0.745042 0.499008 0.0515518 0.399321 0.512863 0.121091 0.266457 0.89845 0.445216 0.244384 0.405194 
0.0799365 0.0132198 0.952458 0.861453 0.0598714 0.524003 0.508385 0.20703 0.98652 0.828316 0.639707 0.422854 0.816739 0.79923 0.963477 
0.802248 0.770397 0.93012 0.58453 0.346081 0.488841 0.929742 0.262275 0.595247 0.347823 0.145984 0.756573 0.807694 0.198522 0.307006 
0.768298 0.0766587 0.67932 0.431293 0.117118 0.582976 0.450566 0.677222 0.112333 0.416161 0.696761 0.933219 0.378538 0.369867 0.929591 
0.464232 0.953906 0.180231 0.230681 0.691695 0.640922 0.646365 0.495195 0.923958 0.918457 0.589583 0.176582 0.653587 0.723263 0.0244582 
0.867278 0.740994 0.290284 0.738536 0.430154 0.336373 0.545524 0.132768 0.341151 0.625759 0.278726 0.920252 0.546109 0.503886 0.59909 
0.194706 0.38244 0.077764 0.382376 0.864838 0.876779 0.175863 0.206247 0.762788 0.549861 0.645839 0.596497 0.453627 0.999749 0.881177 
0.0899681 0.112519 0.696857 0.52876 0.992239 0.535897 0.385703 0.187641 0.306738 0.598062 0.728054 0.922448 0.422269 0.845855 0.234158 
0.790946 0.49651 0.808634 0.154731 0.00747646 0.888538 0.887885 0.495736 0.294424 0.238903 0.299837 0.0103715 0.621328 0.159911 0.0697746 
0.827753 0.971889 0.480106 0.104607 0.678685 0.711705 0.236366 0.482784 0.102785 0.866092 0.0539441 0.974402 0.529875 0.268638 0.877103 
0.530165 0.592183 0.524207 0.679329 0.547716 0.70455 0.157052 0.141089 0.730662 0.847823 0.811973 0.306107 0.759357 0.835327 0.595749 
0.577707 0.229962 0.574763 0.0048249 0.757646 0.171203 0.346421 0.010156 0.524774 0.731757 0.684469 0.355666 0.210184 0.726967 0.748583 
0.185808 0.0131143 0.985454 0.395267 0.315335 0.596674 0.663515 0.701643 0.804863 0.340007 0.913829 0.608083 0.436509 0.167893 0.121272 
0.935392 0.871242 0.804354 0.0280106 0.283151 0.86897 0.571866 0.434227 0.999625 0.257344 0.0337127 0.266205 0.984164 0.666969 0.300981 
0.6045 0.0209065 0.932323 0.434163 0.522577 0.420274 0.555405 0.536084 0.94103 0.97447 0.346072 0.355652 0.195315 0.299669 0.508477 
0.60988 0.977779 0.82071 0.347491 0.259344 0.244584 0.523931 0.609356 0.761093 0.863753 0.396532 0.589107 0.260248 0.0100123 0.0490306 
0.424461 0.591333 0.517028 0.500724 0.50351 0.11968 0.716455 0.749744 0.0197692 0.922172 0.349178 0.370173 0.51289 0.8761 0.337226 
0.194756 0.557149 0.648022 0.632023 0.866188 0.66036 0.80175 0.459695 0.906684 0.294563 0.114804 0.649091 0.846574 0.443203 0.214135 
0.230767 0.508803 0.739187 0.359305 0.590581 0.263401 0.0839506 0.802464 0.430967 0.013656 0.430015 0.526709 0.777547 0.244761 0.851455 
0.443732 0.751246 0.605453 0.706318 0.394997 0.270017 0.129453 0.466954 0.36105 0.924225 0.994764 0.330232 0.0196112 0.305046 0.679525 
0.471575 0.984663 0.739458 0.827825 0.183064 0.802072 0.871323 0.336485 0.923164 0.841246 0.642735 0.0450412 0.706849 0.80863 0.0770674 
0.514749 0.182585 0.348492 0.413903 0.843313 0.435303 0.216706 0.254114 0.875789 0.876759 0.819601 0.935891 0.370359 0.255172 0.307758 
0.520852 0.413233 0.489632 0.629219 0.0765429 0.458321 0.723178 0.456417 0.788503 0.838691 0.30892 0.0419069 0.714246 0.303102 0.242813 
0.0747099 0.192913 0.91202 0.249686 0.498596 0.861951 0.395054 0.969953 0.270985 0.247335 0.869113 0.893857 0.00421531 0.753489 0.0859657 
0.427804 0.714458 0.741966 0.524369 0.453715 0.130591 0.26062 0.564523 0.742994 0.0413769 0.140953 0.844619 0.969349 0.175697 0.181557 
0.986206 0.569525 0.916537 0.872052 0.808845 0.704035 0.0195595 0.304201 0.49685 0.853395 0.751838 0.655752 0.600768 0.396771 0.0653026 
0.950335 0.346693 0.588843 0.328056 0.19813 0.670445 0.580796 0.130769 0.729522 0.522675 0.59041 0.360915 0.551429 0.344619 0.63638 
0.700769 0.969748 0.81743 0.551286 0.58445 0.225607 0.00163774 0.90832 0.731465 0.328848 0.0408035 0.694592 0.709315 0.170208 0.598222 
0.187994 0.823265 0.794291 0.721917 0.23478 0.638376 0.577113 0.630942 0.712501 0.953529 0.637275 0.0786576 0.96587 0.322008 0.893058 
0.61249 0.710743 0.870604 0.682711 0.592401 0.989352 0.403406 0.596261 0.947409 0.0210308 0.9804 0.764532 0.621155 0.632573 0.415915 
0.717741 0.379034 0.594965 0.584261 0.531558 0.372371 0.641221 0.018447 0.285835 0.630488 0.942513 0.0392379 0.577109 0.12592 0.528177 
0.0271479 0.315488 0.893183 0.428946 0.255053 0.90268 0.723631 0.451088 0.645656 0.887544 0.0838376 0.541979 0.339359 0.944769 0.469074 
0.451252 0.448927 0.5986 0.633333 0.0590064 0.807685 0.033346 0.605736 0.552962 0.0802058 0.966614 0.912716 0.049146 0.236842 0.753783 
0.075452 0.213449 0.217865 0.0141133 0.377245 0.490652 0.212078 0.754948 0.967564 0.99087 0.89778 0.905337 0.43367 0.891139 0.152033 
0.906618 0.896985 0.607048 0.304769 0.156853 0.58268 0.227328 0.218163 0.188218 0.477534 0.275899 0.389028 0.605811 0.0320314 0.305763 
0.38452 0.269504 0.231416 0.985194 0.846447 0.93325 0.287692 0.677834 0.251923 0.904476 0.445443 0.938909 0.715596 0.878672 0.142638 
0.631801 0.232921 0.865624 0.908948 0.965012 0.374436 0.224955 0.696667 0.247209 0.669681 0.655026 0.636497 0.862264 0.835076 0.958315 
0.845643 0.346693 0.871633 0.316802 0.87348 0.647408 0.914605 0.585888 0.543481 0.129999 0.118092 0.423683 0.395984 0.673427 0.609165 
0.442041 0.597074 0.197749 0.329614 0.0666894 0.752824 0.0174459 0.845616 0.211333 0.560075 0.392701 0.0980134 0.618762 0.347358 0.582976 
0.872169 0.919966 0.0891467 0.212686 0.390423 0.674265 0.822331 0.0949676 0.931868 0.622804 0.872175 0.66527 0.578237 0.47001 0.311267 
0.148697 0.924966 0.986913 0.392675 0.585681 0.200573 0.637982 0.585865 0.712881 0.53556 0.117097 0.51713 0.282838 0.117178 0.522814 
0.0323604 0.916619 0.084657 0.95075 0.546013 0.711632 0.487095 0.846938 0.841125 0.886948 0.0170633 0.380158 0.769368 0.110195 0.248598 
0.905115 0.212434 0.085541 0.596905 0.577971 0.368065 0.00928279 0.361733 0.90155 0.984408 0.299716 0.891836 0.41886 0.743273 0.259552 
0.296889 0.37001 0.548736 0.524726 0.738867 0.702068 0.871466 0.543095 0.757274 0.27803 0.6453 0.999172 0.784577 0.786304 0.886148 
0.0226057 0.137165 0.941888 0.269651 0.553474 0.375364 0.391535 0.118728 0.674667 0.9583 0.688257 0.750357 0.864576 0.505802 0.684403 
0.225349 0.432557 0.244464 0.284352 0.293796 0.147127 0.0403857 0.376443 0.387686 0.581068 0.0595596 0.0749761 0.284878 0.972577 0.0449154 
0.599525 0.126132 0.304678 0.408984 0.672894 0.52056 0.674331 0.79348 0.468437 0.644566 0.0302933 0.976958 0.504543 0.13596 0.915986 
0.561012 0.455572 0.291103 0.233742 0.295041 0.594726 0.433582 0.35401 0.149025 0.33918 0.36823 0.47875 0.741909 0.753076 0.567241 
0.114658 0.0616585 0.643051 0.0917433 0.359712 0.074334 0.603951 0.818231 0.440068 0.64032 0.370906 0.486553 0.984706 0.209183 0.014736 
0.607516 0.311382 0.107667 0.886542 0.733302 0.197913 0.626763 0.596708 0.691995 0.369397 0.340511 0.575578 0.417423 0.139237 0.0263293 
0.738322 0.765088 0.681644 0.634557 0.736752 0.997859 0.486864 0.706967 0.266399 0.858722 0.816504 0.914311 0.111504 0.728769 0.970499 
0.195837 0.336005 0.673365 0.37577 0.51902 0.9985 0.0772841 0.322197 0.300191 0.950544 0.105473 0.0987503 0.702763 0.758896 0.0769169 
0.365245 0.551633 0.260755 0.632159 0.880205 0.00971471 0.0624228 0.307153 0.504756 0.945372 0.435716 0.101529 0.711006 0.671517 0.232483 
0.726777 0.0850398 0.78373 0.563905 0.752872 0.389906 0.658566 0.773588 0.688658 0.794794 0.275559 0.0361048 0.671171 0.507354 0.608233 
0.474923 0.152182 0.394984 0.199925 0.420555 0.702166 0.532058 0.576254 0.607016 0.908909 0.92335 0.556487 0.79299 0.123748 0.0969626 
0.854155 0.511922 0.561745 0.688408 0.0766431 0.63311 0.241716 0.681361 0.672579 0.806658 0.0336902 0.542518 0.770085 0.499266 0.129779 
0.524964 0.383939 0.253486 0.386977 0.216871 0.952882 0.307647 0.354786 0.981719 0.709866 0.0715801 0.804042 0.663104 0.238642 0.174827 
0.339494 0.557306 0.983441 0.0654124 0.335624 0.393969 0.957281 0.314057 0.508674 0.413073 0.569369 0.878782 0.855863 0.0285199 0.961329 
0.159151 0.40616 0.465049 0.703622 0.840044 0.820237 0.411951 0.475786 0.469851 0.795452 0.0171112 0.0848196 0.379804 0.296321 0.640854 
0.481768 0.0743744 0.0505701 0.579361 0.00982689 0.453255 0.416183 0.151481 0.889667 0.685118 0.571288 0.545116 0.202605 0.626253 0.652934 
0.179799 0.681678 0.214513 0.450151 0.234653 0.753692 0.935244 0.0349749 0.0538668 0.768029 0.356674 0.544518 0.627317 0.522392 0.608868 
0.284766 0.203784 0.84066 0.953498 0.452707 0.891667 0.311621 0.907409 0.690452 0.563062 0.945107 0.866113 0.913177 0.326174 0.732329 
0.70752 0.172998 0.725956 0.125901 0.168135 0.55085 0.364301 0.451285 0.87289 0.227329 0.0444129 0.33063 0.576106 0.215033 0.967523 
0.58256 0.644174 0.0401041 0.502391 0.257879 0.668975 0.90818 0.616661 0.0315438 0.9533 0.291186 0.238938 0.661912 0.987269 0.733097 
0.505813 0.517747 0.509239 0.358682 0.808025 0.321426 0.811843 0.850285 0.274375 0.128451 0.578877 0.431188 0.378295 0.590675 0.743742 
0.219348 0.484987 0.954818 0.190712 0.00642627 0.562764 0.449285 0.525078 0.198369 0.182492 0.302211 0.588385 0.32252 0.370277 0.682801 
0.661074 0.569326 0.313013 0.245778 0.8038 0.67669 0.40583 0.797491 0.186579 0.759622 0.969302 0.202608 0.519809 0.453714 0.796779 
0.715503 0.0631965 0.693689 0.300089 0.243311 0.317198 0.0772217 0.588225 0.672986 0.298858 0.705343 0.560005 0.840557 0.366845 0.467908 
0.415924 0.555545 0.259573 0.212963 0.806271 0.0617514 0.047508 0.607298 0.432775 0.908367 0.332086 0.881853 0.734826 0.547501 0.169384 
0.58474 0.695102 0.107789 0.757779 0.528048 0.365401 0.242083 0.629031 0.43186 0.0600522 0.735905 0.720039 0.627476 0.132293 0.451652 
0.371524 0.0647295 0.322021 0.150797 0.11298 0.988743 0.747239 0.0603385 0.468662 0.477929 0.958951 0.970208 0.0803124 0.662077 0.962783 
0.0697127 0.0654861 0.529989 0.116275 0.675633 0.276184 0.017934 0.676073 0.350568 0.0731513 0.271701 0.31718 0.617858 0.701173 0.554111 
0.400493 0.0911046 0.151717 0.983668 0.868394 0.483529 0.150677 0.0863704 0.215092 0.50702 0.407103 0.52477 0.0408795 0.926214 0.868679 
0.55444 0.869027 0.156028 0.832828 0.964109 0.16545 0.0583292 0.637284 0.109555 0.699388 0.246702 0.509883 0.542237 0.42306 0.100629 
0.822413 0.287087 0.0202359 0.982606 0.931349 0.759047 0.822129 0.290439 0.811577 0.333931 0.435582 0.177431 0.151987 0.957545 0.749416 
0.130766 0.954094 0.343409 0.39262 0.0740784 0.95429 0.0572321 0.987097 0.933928 0.59869 0.671031 0.596344 0.624851 0.411207 0.450759 
0.965916 0.895394 0.44254 0.335476 0.374445 0.961845 0.9382 0.272037 0.970503 0.32996 0.230103 0.920123 0.198689 0.0815106 0.265447 
0.222353 0.877479 0.147741 0.962559 0.224193 0.312394 0.461029 0.279841 0.227397 0.218259 0.904339 0.188926 0.629701 0.615118 0.096026 
0.117795 0.282955 0.125749 0.689727 0.937418 0.593138 0.867624 0.120087 0.552179 0.0788154 0.69646 0.595181 0.916528 0.485687 0.110893 
0.203261 0.218256 0.957086 0.130927 0.409125 0.815803 0.209232 0.325321 0.0804815 0.28528 0.221487 0.639285 0.775337 0.776327 0.629666 
0.438424 0.255048 0.63311 0.555988 0.00793875 0.973856 0.402407 0.0577853 0.456562 0.0429998 0.878436 0.101581 0.324188 0.856129 0.703888 
0.216303 0.570925 0.682456 0.389538 0.670952 0.919481 0.275434 0.0825598 0.349121 0.399518 0.413904 0.801538 0.299973 0.152859 0.17414 
0.815151 0.405701 0.474588 0.496531 0.22532 0.763704 0.971877 0.880738 0.10982 0.541841 0.467628 0.116198 0.0903302 0.216162 0.0243512 
0.876447 0.254054 0.289761 0.391809 0.183959 0.422637 0.754786 0.548726 0.1919 0.439439 0.278699 0.0705848 0.261412 0.964461 0.824753 
0.279736 0.0267474 0.376663 0.191769 0.133717 0.897077 0.780627 0.846367 0.291929 0.546241 0.706528 0.815505 0.610783 0.536835 0.737625 
0.884157 0.346849 0.768133 0.94746 0.23153 0.12583 0.695289 0.103233 0.148398 0.11976 0.594091 0.783997 0.0857756 0.622177 0.730488 
0.975061 0.631902 0.595593 0.962275 0.312366 0.885081 0.133877 0.463432 0.957652 0.521927 0.692859 0.878872 0.33594 0.727983 0.212665 
0.438749 0.596717 0.586948 0.205879 0.425492 0.444472 0.11949 0.978524 0.694643 0.944418 0.270325 0.224833 0.730648 0.289691 0.78587 
0.0714467 0.970656 0.453685 0.183521 0.998035 0.192737 0.870771 0.273777 0.661358 0.872278 0.0658405 0.0139707 0.388511 0.809954 0.39883 
0.184084 0.694973 0.0207241 0.0781644 0.83442 0.646141 0.807226 0.450587 0.807196 0.285615 0.876044 0.0538447 0.277323 0.757212 0.627651 
0.304018 0.0953986 0.532595 0.0912381 0.0637593 0.586291 0.664808 0.442097 0.423486 0.0182619 0.125208 0.287379 0.764383 0.265373 0.171492 
0.665235 0.0116936 0.631491 0.161816 0.905838 0.500824 0.884235 0.576974 0.555361 0.952262 0.125437 0.481755 0.480926 0.778383 0.551692 
0.431902 0.0373029 0.54262 0.722599 0.604899 0.728807 0.694393 0.986363 0.691874 0.0244472 0.147752 0.387449 0.280362 0.000999869 0.134668 
0.321448 0.47636 0.459037 0.237864 0.577409 0.694549 0.438154 0.629389 0.818424 0.786031 0.873806 0.342219 0.703052 0.179158 0.441828 
0.383396 0.875855 0.865794 0.914919 0.106271 0.99971 0.621668 0.472945 0.547738 0.663896 0.542204 0.592094 0.279881 0.457519 0.543851 
0.16172 0.165322 0.777313 0.773616 0.296905 0.263472 0.203238 0.953867 0.876418 0.972929 0.771275 0.448838 0.323138 0.685414 0.0435431 
0.125251 0.248073 0.879443 0.346751 0.475571 0.000885787 0.522763 0.00765882 0.306923 0.553682 0.828027 0.928841 0.447814 0.350673 0.609172 
0.345772 0.101295 0.911571 0.857164 0.854778 0.768121 0.424173 0.329486 0.787833 0.105825 0.0630874 0.257772 0.692038 0.42252 0.85995 
0.181777 0.665995 0.230316 0.118534 0.229149 0.292088 0.264512 0.914594 0.224775 0.213559 0.205828 0.0277084 0.162674 0.101506 0.637624 
0.38836 0.245066 0.819557 0.0140789 0.179276 0.951658 0.852202 0.379872 0.592792 0.129598 0.704962 0.683618 0.223662 0.111772 0.511084 
0.842997 0.0576687 0.233568 0.335713 0.247039 0.357059 0.213194 0.923626 0.146116 0.0247542 0.525732 0.697265 0.139339 0.321564 0.104813 
0.152955 0.0350747 0.5693 0.719165 0.0893764 0.208591 0.223773 0.27544 0.609604 0.338298 0.689292 0.601479 0.937647 0.278309 0.887182 
0.64113 0.141994 0.954514 0.900868 0.290317 0.596675 0.0892004 0.595675 0.232744 0.835596 0.644785 0.748138 0.526516 0.139816 0.675457 
0.820342 0.955804 0.631982 0.434695 0.418897 0.230213 0.164815 0.927241 0.91343 0.132364 0.556637 0.695065 0.519611 0.499562 0.20681 
0.94521 0.911838 0.854885 0.561332 0.15866 0.220557 0.210967 0.0809246 0.567157 0.182393 0.728559 0.820436 0.206728 0.728353 0.563165 
0.922603 0.18162 0.369219 0.512068 0.518519 0.894651 0.755444 0.0920143 0.632507 0.0812046 0.439909 0.066146 0.474082 0.999373 0.922819 
0.730459 0.147929 0.585664 0.194601 0.838809 0.743649 0.414369 0.62707 0.583637 0.385 0.496979 0.53184 0.280163 0.581759 0.546918 
0.457261 0.148271 0.15181 0.411206 0.936064 0.0588678 0.74504 0.308321 0.666572 0.425368 0.56125 0.474741 0.920958 0.0785319 0.143009 
0.21452 0.299647 0.588522 0.877912 0.32793 0.795601 0.152071 0.622368 0.250861 0.894911 0.71288 0.733352 0.810177 0.518349 0.267386 
0.577302 0.63342 0.855241 0.72157 0.827026 0.82772 0.361774 0.145215 0.0598165 0.350582 0.545693 0.719794 0.755813 0.868234 0.019532 
0.184651 0.424406 0.308957 0.258465 0.90704 0.00811276 0.989434 0.742076 0.380548 0.827298 0.574698 0.722124 0.591618 0.183867 0.129612 
0.167613 0.579304 0.695117 0.555028 0.741313 0.207664 0.645304 0.883006 0.83138 0.0853598 0.257554 0.432195 0.370749 0.931996 0.679349 
0.329394 0.854191 0.368079 0.430115 0.969873 0.750387 0.60066 0.659282 0.53649 0.894412 0.146798 0.123369 0.647389 0.57372 0.545367 
0.767622 0.506261 0.871201 0.163521 0.486666 0.650409 0.344534 0.397798 0.630903 0.182648 0.605275 0.289283 0.69915 0.0659866 0.460146 
0.239575 0.922788 0.735702 0.992839 0.614067 0.765382 0.102784 0.151848 0.711817 0.544133 0.741816 0.541958 0.0649706 0.936473 0.788322 
0.435102 0.102058 0.658891 0.904918 0.715691 0.545645 0.878299 0.873581 0.79203 0.00441925 0.193524 0.203664 0.482861 0.623761 0.755467 
0.895979 0.426667 0.375513 0.00426449 0.235811 0.646404 0.612919 0.257123 0.565134 0.50908 0.0939153 0.816516 0.154177 0.672445 0.782212 
0.814042 0.530769 0.552702 0.887263 0.709416 0.6419 0.938284 0.225641 0.0859766 0.501237 0.43176 0.502182 0.689219 0.537521 0.319303 
0.114158 0.951349 0.237748 0.460735 0.226741 0.349555 0.977377 0.301484 0.439718 0.0949478 0.174399 0.739455 0.891864 0.933843 0.0751466 
0.727715 0.189532 0.529033 0.725449 0.796422 0.0784115 0.456676 0.105373 0.404455 0.188302 0.950881 0.932217 0.536918 0.742953 0.681454 
0.521004 0.994918 0.376455 0.362491 0.261151 0.161898 0.176174 0.897624 0.301499 0.0451275 0.334788 0.108007 0.851066 0.552053 0.906854 
0.479875 0.179466 0.361655 0.0177639 0.731954 0.0887268 0.638991 0.296563 0.274199 0.239154 0.285205 0.0607971 0.0766946 0.326267 0.151487 
0.926608 0.664872 0.363081 0.860274 0.113017 0.670985 0.866375 0.00922692 0.0949692 0.0396533 0.839865 0.419297 0.275504 0.257452 0.973778 
0.186665 0.123208 0.763452 0.676459 0.856213 0.802453 0.924662 0.719136 0.540364 0.491259 0.405953 0.333659 0.100433 0.0933922 0.783066 
0.30076 0.690813 0.290977 0.606542 0.563527 0.231865 0.304985 0.690431 0.0786075 0.837632 0.0579797 0.54742 0.0174922 0.763395 0.22583 
0.66073 0.705443 0.588534 0.713691 0.529328 0.775955 0.380234 0.425418 0.3112 0.51632 0.339327 0.039217 0.886467 0.860443 0.104998 
0.0875389 0.327332 0.492782 0.718939 0.655759 0.202814 0.608047 0.491836 0.111203 0.638842 0.787178 0.0699935 0.253391 0.375143 0.454742 
0.597163 0.261264 0.854682 0.410194 0.331057 0.149068 0.878811 0.708737 0.756945 0.902034 0.866456 0.0283572 0.547473 0.777314 0.127676 
0.918302 0.979645 0.0947066 0.74006 0.9705 0.300622 0.177347 0.468033 0.514103 0.382215 0.17166 0.556452 0.854055 0.600455 0.44708 
0.020351 0.664128 0.649668 0.161903 0.163584 0.38578 0.957199 0.388082 0.166879 0.356207 0.0950857 0.17964 0.828731 0.509067 0.115183 
0.831103 0.1875 0.467686 0.587237 0.425031 0.66812 0.813444 0.368915 0.869494 0.573758 0.111012 0.194556 0.458197 0.46126 0.842472 
0.270208 0.314609 0.52335 0.858572 0.0210131 0.631134 0.329169 0.534938 0.267901 0.929202 0.587123 0.859559 0.341677 0.426736 0.962576 
0.716923 0.126942 0.541842 0.0576652 0.283083 0.938226 0.617773 0.21396 0.775391 0.0881994 0.0687345 0.400423 0.234157 0.527907 0.58015 
0.816632 0.685138 0.106994 0.194796 0.755366 0.622527 0.903306 0.466355 0.92928 0.929761 0.54071 0.56272 0.907268 0.402399 0.300734 
0.572629 0.530842 0.305347 0.918073 0.36499 0.368446 0.219471 0.646551 0.571919 0.649845 0.200459 0.761461 0.626666 0.631526 0.281478 
0.377212 0.476516 0.660531 0.221446 0.814741 0.434996 0.956752 0.608642 0.672437 0.411821 0.153769 0.293902 0.792533 0.737178 0.955316 
0.771357 0.537214 0.99816 0.87718 0.0942267 0.115012 0.133431 0.713181 0.314053 0.972036 0.529729 0.418893 0.865387 0.912485 0.191786 
0.360407 0.162264 0.557691 0.807392 0.682792 0.0603229 0.0211674 0.900185 0.292904 0.664827 0.563013 0.413107 0.868291 0.0961272 0.614707 
0.69742 0.665766 0.541614 0.330371 0.783115 0.61958 0.0315441 0.61204 0.630536 0.0467108 0.518898 0.924344 0.631391 0.390351 0.93332 
0.98534 0.136373 0.445908 0.258735 0.567929 0.0609508 0.193821 0.845605 0.77522 0.855505 0.076802 0.377108 0.0911115 0.667136 0.565753 
0.429238 0.491544 0.714861 0.71307 0.80451 0.236313 0.0294028 0.0144274 0.00885258 0.802115 0.296581 0.0196772 0.262805 0.734251 0.126604 
0.251629 0.803833 0.529611 0.799823 0.223485 0.7619 0.725632 0.977395 0.918122 0.288653 0.264973 0.71606 0.0304112 0.512214 0.498883 
0.139525 0.8454 0.800665 0.00310474 0.604776 0.222499 0.296149 0.362257 0.228464 0.25589 0.111106 0.150246 0.206637 0.661748 0.548244 
0.166258 0.568461 0.692965 0.966547 0.495946 0.185589 0.915335 0.703911 0.0428038 0.0960077 0.647549 0.222596 0.49063 0.730447 0.160767 
0.870868 0.63887 0.84874 0.904957 0.122848 0.461624 0.369027 0.585788 0.420692 0.242049 0.342257 0.276809 0.639513 0.220371 0.0871669 
0.215968 0.82597 0.510689 0.525627 0.610309 0.0886543 0.0389521 0.981237 0.560037 0.656327 0.415918 0.643762 0.377177 0.499629 0.464181 
0.214142 0.29435 0.498699 0.856174 0.457955 0.544421 0.978206 0.0357762 0.602622 0.747671 0.223186 0.838719 0.110683 0.279515 0.482987 
0.522518 0.204993 0.998358 0.681611 0.35934 0.589935 0.642497 0.343029 0.862581 0.984121 0.7245 0.363178 0.177907 0.924065 0.8722 
0.954573 0.729849 0.524778 0.83794 0.225813 0.560189 0.0401317 0.621987 0.379908 0.593542 0.692084 0.464009 0.148121 0.135414 0.447509 
0.442132 0.977177 0.022122 0.47835 0.960163 0.451211 0.495298 0.726317 0.308063 0.610637 0.732843 0.640283 0.50048 0.336073 0.960329 
0.075232 0.807229 0.692028 0.484481 0.452974 0.583076 0.478724 0.79778 0.981826 0.865628 0.650682 0.834131 0.704494 0.252479 0.500372 
0.682665 0.157126 0.525231 0.407771 0.978969 0.465486 0.0507065 0.456573 0.289166 0.87857 0.18584 0.356323 0.83663 0.323454 0.785608 
0.197028 0.843312 0.49242 0.417057 0.842367 0.674694 0.365719 0.391583 0.126352 0.345759 0.490247 0.101425 0.131157 0.68872 0.0619508 
0.274406 0.647517 0.077157 0.321581 0.708065 0.432274 0.480591 0.991882 0.934561 0.365251 0.280323 0.356002 0.112774 0.171912 0.642668 
0.0498384 0.674855 0.820147 0.512079 0.630398 0.904046 0.0441996 0.953721 0.229722 0.327198 0.0430027 0.695416 0.396935 0.949486 0.417512 
0.129044 0.38681 0.0388499 0.418926 0.972426 0.870844 0.482252 0.872169 0.49173 0.577749 0.551909 0.457404 0.79949 0.626665 0.150954 
0.0886971 0.99182 0.283105 0.507513 0.773312 0.485985 0.809732 0.421666 0.775489 0.628649 0.0689725 0.209077 0.837605 0.167828 0.945166 
0.629437 0.584997 0.270981 0.873818 0.438725 0.329552 0.568995 0.321032 0.233583 0.177767 0.219358 0.523498 0.54606 0.84047 0.847653 
0.996113 0.18634 0.445686 0.762418 0.213574 0.789689 0.204929 0.557684 0.79442 0.616398 0.325376 0.53871 0.11926 0.932309 0.266901 
0.110444 0.772928 0.622862 0.175299 0.840619 0.19916 0.945491 0.243968 0.81744 0.818547 0.817734 0.240724 0.345059 0.391105 0.277437 
0.618817 0.676215 0.227879 0.935334 0.467308 0.556656 0.855563 0.485904 0.362541 0.419924 0.746379 0.529974 0.0486984 0.611815 0.798576 
0.333746 0.699844 0.916338 0.611031 0.161929 0.0939537 0.447941 0.687103 0.560139 0.560919 0.246419 0.517446 0.977557 0.821903 0.931678 
0.88894 0.342672 0.870006 0.343026 0.980253 0.68762 0.639218 0.390932 0.240574 0.404933 0.122031 0.451476 0.625459 0.708038 0.581139 
0.696758 0.187856 0.448803 0.35774 0.378418 0.496391 0.904757 0.411581 0.00246606 0.469879 0.0574892 0.515595 0.0816382 0.941282 0.928633 
0.70766 0.480764 0.0909305 0.46031 0.730693 0.42573 0.360761 0.519825 0.539528 0.801771 0.463945 0.846332 0.15297 0.439675 0.522607 
0.990801 0.639442 0.0480455 0.344689 0.935338 0.620275 0.587823 0.687997 0.232045 0.490276 0.875076 0.346175 0.232143 0.476285 0.688325 
0.145434 0.924856 0.557836 0.712542 0.556185 0.974126 0.829777 0.443705 0.434287 0.587336 0.639038 0.769518 0.837631 0.169765 0.546093 
0.88746 0.415891 0.824027 0.600999 0.32761 0.307445 0.264397 0.198932 0.876208 0.895358 0.053084 0.769055 0.569043 0.808755 0.266478 
0.65569 0.559079 0.147022 0.0646697 0.582552 0.522319 0.919013 0.191464 0.834741 0.909724 0.897491 0.203845 0.31235 0.130427 0.3402 
0.00643696 0.693991 0.670825 0.530255 0.894779 0.178793 0.963522 0.676495 0.705996 0.473685 0.420028 0.96041 0.544266 0.013894 0.153518 
0.088545 0.814781 0.77866 0.879821 0.497997 0.558917 0.147695 0.987247 0.116656 0.193418 0.941942 0.11378 0.455645 0.551575 0.821816 
0.698142 0.38511 0.340806 0.236004 0.512044 0.834573 0.078499 0.435109 0.280077 0.909792 0.174009 0.321886 0.275654 0.397434 0.316648 
0.0325332 0.733913 0.95755 0.525969 0.434425 0.801956 0.372899 0.119646 0.257993 0.776483 0.394991 0.738802 0.0135215 0.222832 0.29798 
0.0487526 0.167293 0.132402 0.0690507 0.575517 0.186851 0.245665 0.924252 0.313114 0.594512 0.963058 0.337221 0.883471 0.868424 0.850218 
0.244475 0.98401 0.74515 0.0475923 0.21272 0.375494 0.233437 0.404732 0.00451597 0.844338 0.236713 0.672426 0.86037 0.657277 0.929851 
0.713925 0.521287 0.582038 0.0472549 0.282529 0.236826 0.630636 0.701627 0.515126 0.466743 0.967679 0.447759 0.145731 0.550712 0.487926 
0.331341 0.582392 0.858364 0.0961966 0.677048 0.336592 0.46995 0.943826 0.488899 0.62398 0.0965694 0.449664 0.133857 0.271703 0.971604 
0.461011 0.0786805 0.100054 0.967002 0.122551 0.552925 0.0282767 0.593119 0.542732 0.487956 0.0612613 0.0200059 0.189136 0.137638 0.863684 
0.0937772 0.115525 0.494 0.624091 0.223688 0.549093 0.77856 0.31108 0.815328 0.245751 0.394286 0.424892 0.760074 0.359004 0.290317 
0.791827 0.919199 0.394296 0.25392 0.319277 0.0296078 0.285815 0.947805 0.0633601 0.557545 0.608347 0.964674 0.641208 0.0639175 0.540313 
0.387882 0.81058 0.735371 0.133203 0.645122 0.511038 0.0194015 0.100943 0.407115 0.243815 0.985111 0.841111 0.31372 0.021705 0.934541 
0.419086 0.052788 0.339678 0.377859 0.182461 0.976557 0.50062 0.377234 0.816164 0.0756879 0.0908723 0.429156 0.190362 0.710682 0.499829 
0.0831047 0.576926 0.856488 0.288008 0.686158 0.220549 0.588534 0.555246 0.819077 0.29193 0.0505594 0.85062 0.883069 0.653453 0.56624 
0.69987 0.166781 0.176891 0.794332 0.107155 0.165355 0.673332 0.621575 0.534013 0.73229 0.551915 0.969443 0.0970905 0.648814 0.781639 
0.350872 0.578824 0.374304 0.561877 0.496185 0.17226 0.277937 0.461399 0.084784 0.669044 0.29537 0.839083 0.699749 0.911534 0.87735 
0.673869 0.877588 0.176529 0.683423 0.364142 0.422232 0.584391 0.197648 0.143243 0.264636 0.526428 0.458367 0.239537 0.21006 0.686004 
0.918943 0.11241 0.269163 0.344755 0.690809 0.338527 0.500718 0.844641 0.594056 0.627293 0.33381 0.23592 0.47611 0.270739 0.563942 
0.134317 0.741124 0.435666 0.247539 0.87457 0.0173596 0.395991 0.668837 0.510699 0.66213 0.0420562 0.198852 0.966988 0.160794 0.175737 
0.782806 0.179426 0.0547344 0.353086 0.189022 0.634773 0.909337 0.656907 0.14301 0.736015 0.489918 0.721713 0.787409 0.131162 0.0385884 
0.0554625 0.947745 0.907723 0.69879 0.816375 0.509826 0.377021 0.61508 0.565515 0.982906 0.513327 0.457836 0.456979 0.313343 0.379201 
0.757228 0.313591 0.378635 0.32526 0.59771 0.132106 0.295591 0.682561 0.684397 0.254977 0.345387 0.816426 0.959667 0.0676375 0.560553 
0.688368 0.743809 0.194115 0.959081 0.672066 0.486905 0.410454 0.461883 0.713843 0.664245 0.297341 0.256171 0.34726 0.132323 0.406109 
0.927719 0.374628 0.101431 0.30282 0.911101 0.281467 0.727888 0.115308 0.740059 0.375608 0.264889 0.0830085 0.896656 0.220494 0.466412 
0.717983 0.267637 0.712044 0.643035 0.698368 0.149225 0.431261 0.707682 0.48098 0.960759 0.401428 0.123926 0.880067 0.17555 0.442871 
0.62905 0.452589 0.929196 0.686721 0.0150076 0.196092 0.878462 0.347244 0.895505 0.484391 0.589135 0.206175 0.500481 0.0665303 0.256226 
0.0094 0.757612 0.115138 0.933837 0.609888 0.850628 0.900798 0.410528 0.696569 0.0500484 0.481402 0.467241 0.157749 0.684421 0.837985 
0.516404 0.817296 0.906048 0.889518 0.674198 0.727443 0.571071 0.794052 0.254822 0.211166 0.375936 0.963658 0.810076 0.87551 0.695325 
0.037454 0.295441 0.310322 0.501791 0.423819 0.454676 0.835575 0.0746129 0.0564646 0.0700156 0.671282 0.157134 0.31321 0.384415 0.0658495 
0.0780346 0.0760612 0.881171 0.133919 0.872044 0.717991 0.945405 0.113417 0.724644 0.190955 0.716989 0.392776 0.443912 0.480041 0.734218 
0.132089 0.728037 0.111364 0.4041 0.309864 0.381892 0.35026 0.692561 0.0145381 0.330588 0.23381 0.412318 0.903095 0.591426 0.99572 
0.0487163 0.594397 0.578887 0.497853 0.264762 0.773177 0.280725 0.0219851 0.326127 0.0820231 0.780309 0.0186307 0.258471 0.856208 0.684162 
0.0066491 0.947912 0.353484 0.458903 0.667604 0.532373 0.685052 0.440479 0.598113 0.38274 0.151287 0.786882 0.0990979 0.429802 0.685175 
0.487483 0.036731 0.285887 0.0263529 0.72916 0.943597 0.394879 0.170524 0.0164555 0.660231 0.0636302 0.11052 0.375224 0.666345 0.881825 
0.548316 0.624477 0.908291 0.709965 0.479555 0.662059 0.971637 0.506176 0.328713 0.0647491 0.796574 0.103647 0.887901 0.690492 0.418148 
0.987114 0.103286 0.51112 0.994304 0.833129 0.801352 0.144276 0.623003 0.561538 0.67785 0.287313 0.141235 0.46567 0.367962 0.238077 
0.526484 0.845846 0.227515 0.530517 0.947003 0.867536 0.985253 0.177541 0.443368 0.443621 0.980418 0.939906 0.332087 0.602214 0.0675251 
0.718205 0.237058 0.78295 0.278918 0.113857 0.408717 0.917845 0.107573 0.555381 0.999502 0.627339 0.2838 0.739394 0.233501 0.735531 
0.312547 0.774597 0.172866 0.46643 0.640804 0.315132 0.83972 0.241072 0.0347194 0.695353 0.258381 0.112539 0.461548 0.558769 0.989109 
0.500393 0.0863981 0.944078 0.197213 0.82131 0.54454 0.572186 0.232997 0.640144 0.71134 0.589716 0.708368 0.212092 0.121071 0.534495 
0.739929 0.120532 0.312887 0.593922 0.132974 0.291198 0.715318 0.499133 0.689792 0.64777 0.191489 0.129827 0.98412 0.611591 0.734295 
0.818226 0.622274 0.542157 0.732414 0.955389 0.992817 0.728324 0.745179 0.350204 0.256817 0.299743 0.0430695 0.206804 0.500624 0.0319959 
0.557298 0.45147 0.754987 0.493643 0.798283 0.417513 0.104449 0.330425 0.955553 0.62175 0.667591 0.917016 0.492972 0.169146 0.85293 
0.660708 0.877114 0.415549 0.0225948 0.17575 0.0656617 0.167853 0.102967 0.354606 0.0875493 0.851545 0.264407 0.580737 0.399416 0.0501698 
0.466599 0.866378 0.507926 0.605246 0.451977 0.651018 0.0996203 0.0264377 0.0181882 0.397496 0.436315 0.582595 0.107595 0.38447 0.291876 
0.734558 0.352358 0.0692928 0.115164 0.906562 0.0907833 0.631749 0.45623 0.335375 0.453986 0.846079 0.710557 0.461569 0.344058 0.845546 
0.532379 0.830469 0.228505 0.326385 0.0523457 0.497746 0.97783 0.65963 0.17808 0.214731 0.945499 0.849206 0.965797 0.853261 0.980686 
0.580052 0.042684 0.417212 0.348185 0.271255 0.173008 0.196021 0.200925 0.158394 0.372043 0.338403 0.202545 0.186181 0.0198563 0.546564 
0.0407747 0.589201 0.751489 0.463456 0.257555 0.705278 0.855082 0.1409 0.62129 0.0577475 0.789115 0.309726 0.0180225 0.0378099 0.819774 
0.550937 0.358722 0.0598912 0.128161 0.560512 0.406093 0.939937 0.962237 0.473739 0.384643 0.971641 0.706623 0.166035 0.0549098 0.477903 
0.347988 0.521841 0.637559 0.145539 0.603577 0.0225956 0.179741 0.829036 0.429181 0.143698 0.0655279 0.161762 0.758343 0.668886 0.709841 
0.177593 0.623 0.619805 0.474576 0.505641 0.0688668 0.811839 0.611574 0.782598 0.624562 0.769452 0.779236 0.657965 0.297887 0.398929 
0.31997 0.80543 0.568277 0.632123 0.474574 0.37221 0.848177 0.809687 0.854713 0.136588 0.884386 0.229656 0.485829 0.660654 0.292973 
0.000904062 0.671287 0.0475462 0.880286 0.671087 0.188542 0.985667 0.0382465 0.107375 0.398546 0.277149 0.389135 0.174871 0.907544 0.600028 
0.568561 0.648927 0.701428 0.764938 0.416739 0.470669 0.614354 0.793806 0.822569 0.317657 0.299716 0.897795 0.796656 0.472466 0.469725 
0.207258 0.0850541 0.67597 0.835534 0.595362 0.295762 0.634255 0.995201 0.117581 0.00638075 0.476394 0.396856 0.296663 0.735307 0.355354 
0.430087 0.0433426 0.442455 0.0959379 0.498961 0.544845 0.957179 0.769471 0.17863 0.490785 0.420023 0.139473 0.408334 0.671362 0.432713 
0.546986 0.405863 0.472491 0.156228 0.154997 0.443122 0.663282 0.125517 0.403238 0.609676 0.707635 0.465468 0.691676 0.99928 0.24392 
0.96494 0.618375 0.245825 0.517592 0.80897 0.724848 0.977254 0.755336 0.678463 0.698251 0.657957 0.403992 0.105622 0.599123 0.837997 
0.863746 0.45217 0.265328 0.291026 0.156147 0.617279 0.0361644 0.0827231 0.519775 0.693327 0.214216 0.969918 0.42377 0.563005 0.363765 
0.860881 0.643223 0.237296 0.325751 0.366089 0.607153 0.471786 0.866587 0.139008 0.661749 0.217234 0.167081 0.453384 0.641552 0.283866 
0.535394 0.19956 0.462113 0.838078 0.724636 0.960457 0.899998 0.565712 0.747363 0.587808 0.820114 0.698742 0.00985252 0.598243 0.307916 
0.652823 0.609124 0.0102775 0.439424 0.961951 0.548213 0.146446 0.617559 0.00121105 0.487767 0.276501 0.241062 0.345579 0.29146 0.189823 
0.392583 0.725058 0.737253 0.724253 0.0860163 0.513493 0.889366 0.0580518 0.0624456 0.798117 0.320038 0.0055827 0.987153 0.409486 0.622384 
0.976043 0.958132 0.994062 0.627153 0.0414665 0.097949 0.694284 0.0315224 0.761448 0.258575 0.509575 0.426308 0.164248 0.707035 0.899503 
0.0907853 0.64011 0.534363 0.304325 0.0615718 0.934139 0.481254 0.546934 0.39408 0.885046 0.383784 0.371332 0.583833 0.694534 0.100111 
0.504264 0.835461 0.489317 0.553388 0.808241 0.382097 0.501202 0.362345 0.116909 0.143388 0.173548 0.696369 0.899363 0.257336 0.0324621 
0.0573715 0.571082 0.877364 0.414008 0.994098 0.64643 0.82424 0.197676 0.505264 0.710328 0.134627 0.594028 0.666306 0.631754 0.70931 
0.389399 0.923762 0.789664 0.53535 0.556916 0.557003 0.979841 0.367603 0.562605 0.718986 0.07745 0.850169 0.300241 0.659036 0.414199 
0.76419 0.0442665 0.489465 0.94624 0.932099 0.845934 0.954671 0.0538143 0.100716 0.185489 0.531762 0.563859 0.895933 0.772627 0.578833 
0.719594 0.349506 0.184367 0.254869 0.959143 0.464975 0.411 0.741971 0.964734 0.523337 0.631122 0.168952 0.182578 0.460591 0.716788 
0.0722889 0.843739 0.817632 0.130231 0.429226 0.68633 0.946609 0.153103 0.968198 0.401448 0.796341 0.2347 0.37266 0.524961 0.14826 
0.97907 0.496623 0.252717 0.886173 0.70647 0.616615 0.694464 0.766348 0.766425 0.00502903 0.456458 0.717696 0.640305 0.0719266 0.812875 
0.141686 0.741504 0.728986 0.247169 0.640503 0.666281 0.827221 0.693923 0.0313052 0.764883 0.057331 0.0633673 0.187573 0.589003 0.84245 
0.05174 0.402576 0.26896 0.651125 0.691456 0.950462 0.39036 0.275508 0.357691 0.460504 0.401534 0.140465 0.368531 0.300634 0.978042 
0.251418 0.630518 0.732224 0.719132 0.290969 0.229649 0.912771 0.895518 0.806669 0.608697 0.446932 0.197294 0.834573 0.257368 0.377161 
0.95891 0.533911 0.0175423 0.974189 0.195319 0.790259 0.985286 0.352686 0.574597 0.855526 0.527867 0.829127 0.68789 0.894585 0.980985 
0.774841 0.519079 0.269141 0.921506 0.850236 0.818523 0.548272 0.471351 0.63909 0.202762 0.280607 0.124316 0.621674 0.692562 0.838769 
0.279706 0.83276 0.31481 0.157406 0.73553 0.356533 0.241556 0.845819 0.723327 0.860521 0.911611 0.394071 0.752646 0.060145 0.352663 
0.682495 0.099857 0.32256 0.0647022 0.86609 0.69996 0.115833 0.825453 0.971234 0.836457 0.495171 0.164937 0.745075 0.462367 0.884238 
0.411683 0.640309 0.850844 0.733092 0.75332 0.460454 0.752808 0.874435 0.179517 0.991905 0.334444 0.0400053 0.203525 0.0198702 0.212358 
0.900796 0.63968 0.160591 0.878482 0.323854 0.812373 0.964199 0.0770487 0.48306 0.248733 0.527652 0.524176 0.593374 0.497028 0.440022 
0.165532 0.901085 0.819349 0.178545 0.562435 0.731941 0.21245 0.66968 0.90701 0.236866 0.704881 0.379033 0.471533 0.493833 0.561208 
0.611291 0.481969 0.485245 0.996942 0.162689 0.181539 0.976828 0.828283 0.425278 0.63942 0.0304132 0.467866 0.502243 0.428075 0.780509 
0.912105 0.795197 0.702778 0.181798 0.673219 0.60671 0.357051 0.952578 0.127345 0.091827 0.0623713 0.501625 0.150407 0.236384 0.175273 
0.201232 0.567602 0.758823 0.0693444 0.768655 0.390492 0.836227 0.0847077 0.680328 0.572814 0.444335 0.908706 0.659135 0.859636 0.0303612 
0.094989 0.177772 0.898231 0.645635 0.873092 0.657836 0.363638 0.101978 0.581202 0.0129622 0.300792 0.422631 0.566743 0.599419 0.938169 
0.0896407 0.466186 0.0570205 0.0779012 0.801146 0.645595 0.63517 0.207733 0.114621 0.706089 0.320397 0.926629 0.718795 0.85588 0.34769 
0.473807 0.665468 0.480613 0.310144 0.549212 0.238093 0.584375 0.302761 0.618599 0.552212 0.852016 0.903431 0.976722 0.487638 0.166581 
0.342249 0.359081 0.679 0.750243 0.481691 0.113223 0.855803 0.980114 0.50353 0.205319 0.66254 0.876917 0.68449 0.155 0.102043 
0.538173 0.861024 0.484064 0.49733 0.387283 0.440986 0.909598 0.640062 0.46513 0.606311 0.0736643 0.225109 0.991996 0.180671 0.128838 
0.868677 0.871111 0.625705 0.260277 0.511743 0.448261 0.617186 0.946949 0.415835 0.493358 0.62909 0.998969 0.925087 0.486644 0.272125 
0.0608486 0.896544 0.238175 0.0305175 0.364387 0.692832 0.171168 0.355684 0.0518852 0.165077 0.465144 0.183595 0.88268 0.282966 0.714222 
0.00307471 0.619638 0.0440108 0.881031 0.690203 0.676748 0.386026 0.241083 0.719614 0.040159 0.566362 0.211508 0.546587 0.589374 0.905814 
0.760013 0.00523903 0.0106452 0.656892 0.188209 0.781668 0.6705 0.262187 0.388576 0.110185 0.148218 0.271335 0.252497 0.507744 0.0499763 
0.768508 0.570297 0.294858 0.0787917 0.37079 0.563201 0.00545898 0.639789 0.713196 0.223326 0.548966 0.0843869 0.720143 0.815884 0.445236 
0.179921 0.243681 0.87969 0.466933 0.800461 0.58857 0.594826 0.833757 0.884865 0.273844 0.434866 0.469742 0.388508 0.397283 0.278653 
0.340132 0.810999 0.0444881 0.0528655 0.845845 0.844994 0.498158 0.735043 0.534892 0.372813 0.538803 0.615888 0.311829 0.0482354 0.497277 
0.245684 0.0590801 0.935708 0.801041 0.586724 0.639438 0.565927 0.735523 0.563533 0.550421 0.436725 0.123494 0.782351 0.278192 0.426218 
0.770494 0.821585 0.549241 0.990466 0.969917 0.66972 0.0972066 0.484437 0.316535 0.40789 0.289961 0.360833 0.807943 0.466261 0.698612 
0.402653 0.381608 0.476299 0.0405304 0.958975 0.178117 0.793877 0.732103 0.380773 0.840687 0.595773 0.839109 0.0321489 0.809151 0.519685 
0.908128 0.78084 0.244324 0.766235 0.525933 0.843626 0.716267 0.452545 0.824423 0.617191 0.644343 0.610524 0.75578 0.245476 0.397091 
0.694964 0.79614 0.027835 0.215955 0.184178 0.0919071 0.265459 0.190435 0.00468262 0.540246 0.546515 0.913514 0.163711 0.342726 0.665968 
0.190635 0.0161698 0.446584 0.897473 0.665344 0.391383 0.283604 0.276102 0.745603 0.767336 0.321475 0.573528 0.89292 0.366632 0.937439 
0.209488 0.721373 0.329248 0.0838952 0.767521 0.6625 0.317625 0.380855 0.377808 0.941112 0.600745 0.469478 0.237577 0.794589 0.683164 
0.391305 0.134918 0.582451 0.0749631 0.844422 0.172485 0.910798 0.478987 0.294085 0.914845 0.560046 0.214334 0.438286 0.412619 0.771768 
0.352741 0.382761 0.257778 0.541992 0.609396 0.168493 0.00143665 0.738957 0.912861 0.347831 0.466549 0.121112 0.461649 0.412791 0.100184 
0.280508 0.717101 0.900729 0.762642 0.338458 0.420279 0.385328 0.235889 0.825875 0.182776 0.240549 0.277205 0.977718 0.0190583 0.285368 
0.0670218 0.635601 0.499642 0.387422 0.419331 0.408826 0.473306 0.371447 0.866859 0.988759 0.959892 0.727835 0.105792 0.688318 0.302916 
0.334773 0.24148 0.963432 0.902982 0.791131 0.826882 0.917167 0.616878 0.257449 0.284063 0.769948 0.883916 0.0347418 0.0363058 0.0385775 
0.411698 0.410367 0.619934 0.0262459 0.480269 0.746371 0.240066 0.713835 0.594663 0.309403 0.108793 0.204204 0.240035 0.149371 0.638624 
0.837665 0.662829 0.636341 0.159834 0.132219 0.69031 0.623213 0.426628 0.945428 0.730692 0.0587503 0.254385 0.374647 0.412013 0.257999 
0.261863 0.661874 0.678378 0.954553 0.3686 0.315465 0.213522 0.72134 0.454943 0.919584 0.255731 0.790619 0.837513 0.0974842 0.579565 
0.0318697 0.79049 0.614711 0.694827 0.784002 0.497549 0.474159 0.38187 0.42937 0.300768 0.429128 0.966959 0.401081 0.118005 0.426717 
0.0668656 0.345561 0.445695 0.323863 0.746714 0.122846 0.606485 0.976989 0.632337 0.747371 0.28777 0.791417 0.0863451 0.586269 0.882923 
0.764219 0.954442 0.596771 0.766443 0.744236 0.828284 0.673959 0.552538 0.392606 0.276992 0.114406 0.543938 0.9576 0.230596 0.961425 
0.734457 0.313966 0.614284 0.0745672 0.668275 0.582697 0.829674 0.523024 0.416538 0.817912 0.352572 0.0594095 0.202457 0.460601 0.076899 
0.113466 0.4016 0.666363 0.697377 0.107498 0.389369 0.395946 0.858942 0.989571 0.591853 0.881258 0.72408 0.364632 0.155322 0.955082 
0.46518 0.801048 0.0900617 0.692532 0.861021 0.672042 0.134223 0.903548 0.142803 0.601515 0.0866261 0.707164 0.619991 0.295653 0.381152 
0.17257 0.859999 0.288605 0.61195 0.413366 0.0987124 0.644624 0.00658223 0.577843 0.309254 0.786307 0.556763 0.036074 0.614448 0.593865 
0.292018 0.378129 0.525481 0.573064 0.715463 0.645935 0.0256472 0.162753 0.452197 0.00993856 0.843849 0.182987 0.575908 0.233668 0.855178 
0.389627 0.305077 0.0857059 0.916794 0.0104194 0.129051 0.713474 0.351391 0.639207 0.62647 0.366487 0.159951 0.742046 0.901891 0.739254 
0.822643 0.602894 0.177291 0.607527 0.975816 0.483268 0.612733 0.888002 0.46189 0.801656 0.491849 0.387896 0.600533 0.600242 0.563535 
0.213109 0.157507 0.397791 0.24045 0.357506 0.485214 0.736418 0.158627 0.962592 0.577559 0.990401 0.321078 0.236415 0.777799 0.711401 
0.87338 0.918842 0.941069 0.42778 0.748545 0.133239 0.636936 0.414809 0.160286 0.178968 0.9978 0.129164 0.459565 0.78285 0.751204 
0.0406266 0.91926 0.225092 0.903678 0.287731 0.847707 0.0508759 0.365662 0.291139 0.0017886 0.505227 0.288281 0.955872 0.0274683 0.10674 
0.0995816 0.788432 0.635198 0.0218808 0.497396 0.20908 0.54781 0.738698 0.963047 0.854943 0.257854 0.000390959 0.485 0.101898 0.533863 
0.250559 0.53007 0.476368 0.873123 0.551756 0.133483 0.553557 0.24298 0.0866464 0.984233 0.765683 0.395099 0.0356771 0.131473 0.171733 
0.529795 0.348367 0.338277 0.229462 0.137465 0.496995 0.323815 0.958418 0.195728 0.183738 0.974326 0.787519 0.883989 0.793065 0.6022 
0.208788 0.148017 0.104261 0.583992 0.527463 0.809592 0.134764 0.458059 0.487212 0.113465 0.898923 0.808377 0.0553865 0.864341 0.288628 
0.907437 0.465428 0.531658 0.261197 0.222646 0.789424 0.538039 0.796061 0.711281 0.898948 0.0715554 0.186421 0.854467 0.823263 0.988723 
0.991555 0.914581 0.387821 0.28177 0.928568 0.39064 0.0681456 0.798789 0.653328 0.936515 0.783507 0.393959 0.1751 0.849816 0.676544 
0.209353 0.462391 0.604638 0.78033 0.364343 0.226665 0.445382 0.892489 0.449682 0.411745 0.677918 0.377615 0.652589 0.0691332 0.289537 
0.284393 0.681884 0.95316 0.99273 0.611441 0.790714 0.988205 0.422364 0.99805 0.873178 0.58585 0.135986 0.397181 0.812088 0.929201 
0.78127 0.810678 0.061015 0.190556 0.888706 0.642607 0.293367 0.247393 0.475514 0.950757 0.631048 0.0689596 0.232767 0.2686 0.0687187 
0.517629 0.659068 0.0686385 0.97647 0.385598 0.264499 0.459491 0.515681 0.538749 0.262691 0.0826989 0.0553559 0.511242 0.788572 0.208438 
0.745048 0.424652 0.290665 0.623196 0.133722 0.363255 0.780357 0.473128 0.469501 0.0034762 0.0674405 0.44925 0.0308124 0.301226 0.202787 
0.0126075 0.636037 0.00703245 0.0836041 0.172034 0.72307 0.0621076 0.902727 0.504384 0.853388 0.373043 0.760215 0.85501 0.621004 0.219025 
0.736824 0.57107 0.904537 0.331027 0.687006 0.940125 0.513731 0.707723 0.823106 0.909493 0.0889953 0.249202 0.314389 0.221237 0.306086 
0.818015 0.875384 0.732265 0.670875 0.635806 0.78116 0.336907 0.481862 0.647239 0.834549 0.157154 0.876503 0.23882 0.82689 0.799225 
0.377623 0.0472599 0.458814 0.346849 0.327837 0.300375 0.832818 0.272522 0.734029 0.440644 0.690334 0.096958 0.496376 0.728821 0.711694 
0.850809 0.805641 0.349131 0.385497 0.222321 0.847356 0.145827 0.932334 0.859468 0.725206 0.545051 0.0752445 0.744734 0.546225 0.344847 
0.182295 0.833081 0.216411 0.425295 0.688077 0.728212 0.269078 0.068999 0.71234 0.62386 0.86144 0.715864 0.826697 0.0535485 0.985235 
0.307637 0.0619428 0.0661542 0.0700059 0.299012 0.378639 0.427732 0.96808 0.427797 0.976776 0.353156 0.910448 0.202162 0.397056 0.0539959 
0.737672 0.638957 0.590286 0.872965 0.537135 0.252308 0.74985 0.397516 0.229918 0.915861 0.466606 0.423697 0.297125 0.700069 0.322553 
0.605218 0.761358 0.70408 0.835989 0.466005 0.299669 0.875036 0.666184 0.340799 0.229805 0.500395 0.23533 0.234431 0.15068 0.658984 
0.512156 0.603649 0.14782 0.643421 0.55001 0.129031 0.361149 0.254242 0.136296 0.917596 0.453755 0.0793186 0.231842 0.526588 0.850607 
0.193413 0.413074 0.966912 0.415154 0.543864 0.516901 0.805976 0.708796 0.480248 0.7682 0.00269559 0.826457 0.115813 0.823534 0.863454 
0.0693737 0.0901024 0.472751 0.277897 0.833204 0.603846 0.891747 0.098753 0.388346 0.249441 0.2575 0.856651 0.0577686 0.717268 0.759551 
0.927729 0.152198 0.279849 0.490006 0.51879 0.168088 0.780318 0.712413 0.759974 0.36681 0.783311 0.609044 0.381803 0.564771 0.371642 
0.244063 0.271457 0.105472 0.531261 0.715067 0.286035 0.938133 0.530574 0.402008 0.61879 0.0393232 0.95481 0.931969 0.805238 0.623167 
0.904845 0.247672 0.962002 0.706057 0.584581 0.866732 0.387505 0.93164 0.426423 0.282247 0.266347 0.87559 0.294948 0.18565 0.628331 
0.514102 0.651079 0.230029 0.651202 0.497731 0.478649 0.472144 0.422565 0.667114 0.211065 0.880486 0.232527 0.74717 0.498945 0.974293 
0.303342 0.417639 0.637414 0.820755 0.803045 0.716723 0.992415 0.93588 0.153893 0.694614 0.952756 0.508135 0.507365 0.603158 0.45961 
0.81855 0.770836 0.204531 0.284804 0.133888 0.52896 0.298736 0.323215 0.666031 0.275108 0.447635 0.40933 0.853862 0.488331 0.504986 
0.202036 0.220923 0.687421 0.955453 0.25991 0.857673 0.744881 0.327852 0.770319 0.800263 0.422817 0.364223 0.871449 0.63396 0.0575275 
0.540674 0.981371 0.804968 0.694552 0.344378 0.638214 0.144313 0.0481588 0.99137 0.765357 0.791617 0.245191 0.32572 0.274012 0.555964 
0.711081 0.419406 0.184773 0.614744 0.0748728 0.964898 0.255679 0.413365 0.187948 0.149158 0.792035 0.863273 0.786958 0.554683 0.954809 
0.149993 0.608991 0.440288 0.162443 0.350482 0.332491 0.489569 0.887447 0.907695 0.318049 0.641328 0.161497 0.177409 0.758778 0.0367657 
0.0502744 0.242418 0.153551 0.682432 0.000680224 0.722499 0.389699 0.766206 0.220796 0.26236 0.34804 0.317354 0.879166 0.313295 0.653262 
0.0157113 0.788449 0.082418 0.8681 0.672213 0.763269 0.686318 0.483967 0.586185 0.511069 0.456829 0.314587 0.456065 0.620498 0.248347 
0.681359 0.431982 0.0117042 0.356026 0.34779 0.79987 0.459867 0.811389 0.478321 0.964422 0.254078 0.354525 0.810189 0.219914 0.0821174 
0.504676 0.449368 0.350892 0.0950208 0.934739 0.295936 0.964623 0.630225 0.38663 0.393425 0.594557 0.573622 0.686676 0.0699168 0.552552 
0.347356 0.878008 0.421523 0.466273 0.745039 0.698191 0.694097 0.97073 0.116669 0.861405 0.0144563 0.984688 0.418131 0.588518 0.504311 
0.264282 0.530978 0.721957 0.459539 0.701521 0.720949 0.996555 0.504873 0.152326 0.636516 0.906316 0.520728 0.153104 0.574399 0.89266 
0.00205787 0.541001 0.633365 0.427125 0.0168762 0.467479 0.667741 0.0682343 0.311414 0.409543 0.316733 0.98864 0.35472 0.797521 0.950154 
0.669387 0.322905 0.53478 0.577292 0.534212 0.0311339 0.0598715 0.29105 0.066383 0.239758 0.216487 0.431042 0.711449 0.921692 0.123184 
0.768893 0.704046 0.544471 0.663942 0.745689 0.919221 0.895891 0.227629 0.414458 0.0920609 0.998457 0.248507 0.392832 0.42995 0.246142 
0.244813 0.909547 0.463351 0.238819 0.980342 0.933377 0.536108 0.2772 0.0057936 0.467821 0.475609 0.557133 0.235608 0.781624 0.992646 
0.441614 0.953218 0.054878 0.568713 0.249824 0.598225 0.550866 0.589742 0.24645 0.802344 0.0638867 0.550335 0.281625 0.415825 0.231288 
0.368431 0.567857 0.450916 0.494399 0.942973 0.914815 0.649023 0.622063 0.56333 0.687758 0.418523 0.310031 0.372022 0.816643 0.573993 
0.852102 0.694643 0.582407 0.367765 0.308361 0.690671 0.654675 0.967423 0.425065 0.380309 0.214732 0.922651 0.562698 0.259215 0.954805 
0.0570604 0.235067 0.177957 0.378547 0.111723 0.558554 0.809367 0.34026 0.396172 0.0392147 0.946955 0.478862 0.100026 0.284319 0.927142 
0.330582 0.158211 0.440371 0.178265 0.606408 0.0310661 0.17965 0.373814 0.514592 0.206438 0.212524 0.839569 0.824462 0.719927 0.599563 
0.728414 0.571862 0.468034 0.287565 0.343706 0.872165 0.528015 0.755503 0.326224 0.3256 0.494412 0.544636 0.660576 0.781401 0.261378 
0.851977 0.586094 0.718287 0.553594 0.11502 0.322136 0.548672 0.101275 0.199896 0.135116 0.157375 0.775123 0.166306 0.749066 0.327682 
0.673942 0.553464 0.313066 0.987438 0.183671 0.914979 0.644455 0.101202 0.948036 0.00675466 0.022576 0.777124 0.109906 0.606134 0.765752 
0.545987 0.38245 0.200026 0.493952 0.972483 0.904802 0.19074 0.310324 0.834637 0.0683704 0.204502 0.947676 0.227182 0.0505291 0.727561 
0.494716 0.199649 0.721292 0.587589 0.757017 0.502793 0.534472 0.538971 0.899351 0.849454 0.984655 0.830365 0.182109 0.3111 0.778194 
0.202107 0.925897 0.223131 0.0216664 0.894133 0.0846662 0.169012 0.602545 0.643547 0.68558 0.528382 0.964332 0.711174 0.514472 0.175494 
0.22763 0.643662 0.65471 0.429592 0.728162 0.361609 0.328713 0.941913 0.645135 0.85054 0.533426 0.4438 0.750568 0.545879 0.477094 
0.830179 0.0960677 0.471057 0.0697733 0.02605 0.266949 0.124641 0.469333 0.348152 0.290664 0.163335 0.507782 0.538041 0.31508 0.510466 
0.990081 0.426048 0.455732 0.498994 0.227589 0.693776 0.125539 0.199528 0.486374 0.287169 0.860324 0.321924 0.813278 0.640718 0.620569 
0.651723 0.416563 0.991023 0.246417 0.75626 0.0260954 0.795238 0.862297 0.534272 0.849133 0.44101 0.848807 0.0137626 0.110236 0.600379 
0.972514 0.899894 0.655813 0.909991 0.552078 0.662196 0.39611 0.212561 0.00716678 0.575169 0.877086 0.867791 0.672575 0.791807 0.722688 
0.366913 0.910707 0.933642 0.238284 0.466105 0.920956 0.481594 0.0383577 0.221699 0.214677 0.451157 0.895764 0.227256 0.797619 0.598295 
0.178452 0.295223 0.979806 0.615206 0.0689012 0.035712 0.450062 0.0136724 0.10891 0.289859 0.29161 0.416687 0.93002 0.856885 0.22025 
0.511445 0.00361805 0.201024 0.656323 0.727499 0.207025 0.401224 0.219285 0.650522 0.956419 0.761509 0.315493 0.347055 0.0401746 0.938578 
0.240402 0.440365 0.106594 0.549305 0.566354 0.38141 0.685368 0.304693 0.380302 0.797501 0.238682 0.0875734 0.0181441 0.965574 0.930987 
0.590442 0.0479721 0.0837216 0.986809 0.881597 0.187697 0.995143 0.909408 0.894578 0.427672 0.0751518 0.876307 0.572015 0.247789 0.852221 
0.297104 0.343145 0.216141 0.687306 0.153421 0.713939 0.608527 0.498229 0.692646 0.834173 0.117138 0.267607 0.448115 0.261127 0.278934 
0.343301 0.159115 0.0179451 0.723149 0.687613 0.765341 0.347873 0.0579301 0.441132 0.645413 0.0795305 0.129186 0.0194154 0.677352 0.89568 
0.123758 0.133646 0.524381 0.11457 0.372484 0.280243 0.442041 0.0236365 0.993112 0.660249 0.254815 0.533765 0.197646 0.277319 0.86128 
0.486691 0.527041 0.359493 0.237326 0.455608 0.021102 0.227678 0.90336 0.981749 0.940214 0.235629 0.305244 0.570748 0.270204 0.74873 
0.791777 0.660622 0.787581 0.113095 0.750748 0.436209 0.85167 0.984526 0.386494 0.493034 0.291416 0.131122 0.635347 0.100843 0.0938931 
0.356814 0.726466 0.516168 0.691264 0.672578 0.934557 0.725703 0.654275 0.124318 0.437995 0.853646 0.270179 0.19841 0.539288 0.510387 
0.0303167 0.955658 0.425543 0.973843 0.615738 0.805206 0.787835 0.246157 0.322366 0.954122 0.575352 0.776057 0.282685 0.595243 0.572688 
0.724047 0.805081 0.218324 0.0382976 0.740969 0.131982 0.709003 0.0228827 0.645666 0.745994 0.44474 0.885309 0.0998958 0.678333 0.317591 
0.496395 0.779746 0.560686 0.855988 0.56434 0.104896 0.358919 0.0905313 0.35854 0.963763 0.509798 0.945259 0.587515 0.258423 0.440516 
0.188304 0.726169 0.940283 0.49868 0.481352 0.526862 0.692923 0.776039 0.548373 0.734229 0.106825 0.0966395 0.162858 0.649332 0.962929 
0.81769 0.290453 0.0523223 0.330771 0.958234 0.789505 0.836819 0.637684 0.365462 0.182732 0.552163 0.849588 0.849256 0.297716 0.469057 
0.115568 0.211663 0.67049 0.319536 0.579732 0.920432 0.736609 0.611698 0.826108 0.199839 0.312252 0.833697 0.844654 0.100622 0.411211 
0.388518 0.330525 0.607266 0.257155 0.612486 0.231369 0.0365613 0.0444176 0.94588 0.247426 0.438186 0.466127 0.984942 0.978378 0.441264 
0.551877 0.68167 0.983819 0.592541 0.271297 0.121499 0.576737 0.18347 0.23728 0.963602 0.932214 0.930879 0.126295 0.309459 0.362373 
0.855695 0.721339 0.678768 0.101743 0.23072 0.0973611 0.0862792 0.0792217 0.18285 0.316499 0.494184 0.492871 0.700409 0.475001 0.589714 
0.786882 0.462804 0.373748 0.0386774 0.293255 0.0697405 0.0424275 0.387889 0.675973 0.304328 0.299112 0.917703 0.560711 0.229118 0.152377 
0.850823 0.339779 0.269023 0.0440074 0.133763 0.466313 0.012858 0.0662942 0.908923 0.454302 0.690216 0.796285 0.279162 0.0108284 0.592362 
0.160647 0.68822 0.893598 0.862989 0.973431 0.438504 0.710191 0.754149 0.832811 0.812539 0.394198 0.478073 0.658928 0.957346 0.183327 
0.237371 0.0278687 0.36626 0.571667 0.719173 0.953308 0.111472 0.258055 0.123173 0.0920851 0.377114 0.0733678 0.0586192 0.173675 0.707079 
0.796395 0.788908 0.513252 0.162659 0.470364 0.561253 0.716051 0.472954 0.508023 0.211078 0.107869 0.35655 0.743208 0.80072 0.477005 
0.985783 0.581465 0.576936 0.684323 0.476404 0.882028 0.0318653 0.510048 0.202712 0.0694455 0.377023 0.734329 0.301605 0.416396 0.938003 
0.476128 0.533932 0.0860449 0.113246 0.116663 0.296437 0.211048 0.306575 0.88503 0.467273 0.770019 0.478596 0.609587 0.819279 0.221818 
0.714798 0.952604 0.237838 0.185695 0.297235 0.175902 0.0245939 0.327859 0.480446 0.694467 0.720973 0.323817 0.550857 0.626372 0.239458 
0.371434 0.510094 0.386124 0.63923 0.177052 0.953582 0.330335 0.809743 0.282882 0.574645 0.319064 0.411039 0.18239 0.241867 0.244569 
0.964081 0.100815 0.833935 0.223417 0.89946 0.273712 0.237692 0.820715 0.444872 0.802366 0.421678 0.655644 0.360187 0.18804 0.311733 
0.893522 0.124881 0.445996 0.323566 0.0444847 0.825268 0.309752 0.937512 0.534043 0.43421 0.257422 0.59675 0.361606 0.622548 0.575043 
0.867127 0.472418 0.372937 0.365955 0.271966 0.445078 0.792285 0.502359 0.0143971 0.13917 0.216344 0.226977 0.660219 0.982255 0.688128 
0.480206 0.848075 0.00756629 0.262408 0.628025 0.975838 0.176106 0.246963 0.905611 0.038976 0.365578 0.906018 0.763085 0.249867 0.519667 
0.720639 0.626694 0.581511 0.226718 0.440079 0.255756 0.610407 0.858816 0.794199 0.699594 0.0412415 0.687109 0.583583 0.250635 0.601932 
0.105751 0.622093 0.926482 0.461434 0.302584 0.811959 0.165932 0.779516 0.966373 0.128703 0.144065 0.86795 0.948499 0.169106 0.269243 
0.65812 0.991576 0.154447 0.0370296 0.633734 0.170237 0.531654 0.397219 0.785324 0.249067 0.198352 0.101281 0.135719 0.703449 0.78987 
0.512093 0.847767 0.731859 0.389108 0.506416 0.0059367 0.333379 0.14777 0.430878 0.7997 0.61011 0.438255 0.496368 0.0964837 0.204479 
0.720395 0.451565 0.26602 0.449241 0.738863 0.00664028 0.912028 0.652745 0.282564 0.300163 0.657199 0.380587 0.371375 0.110482 0.88359 
0.552576 0.219269 0.0780827 0.886186 0.672509 0.090636 0.318994 0.261306 0.0846841 0.23007 0.378059 0.205307 0.890902 0.29398 0.528013 
0.605542 0.174542 0.655741 0.163841 0.180053 0.479057 0.92958 0.270475 0.772768 0.452491 0.124124 0.122225 0.156994 0.130802 0.661237 
0.528414 0.924233 0.37853 0.346471 0.136982 0.0426755 0.612573 0.457548 0.918709 0.537848 0.735532 0.379317 0.664991 0.344857 0.41371 
0.029677 0.445502 0.163576 0.860135 0.165488 0.806396 0.329833 0.248787 0.875165 0.808163 0.494968 0.773087 0.400054 0.50998 0.316433 
0.35129 0.858305 0.230412 0.977885 0.221562 0.0752861 0.242636 0.383198 0.936659 0.589055 0.382128 0.561775 0.673318 0.0705331 0.573878 
0.981505 0.504394 0.271181 0.746681 0.0346597 0.897884 0.578232 0.866511 0.821155 0.00324915 0.701853 0.261859 0.94225 0.0800584 0.490822 
0.167801 0.49425 0.00122159 0.690285 0.0586941 0.783688 0.959137 0.709079 0.468196 0.278044 0.885257 0.355119 0.777574 0.0674462 0.0353353 
0.130374 0.393664 0.312156 0.162659 0.503551 0.719319 0.398993 0.953384 0.275275 0.563068 0.713973 0.973017 0.436209 0.685893 0.134072 
0.257146 0.526459 0.28722 0.333182 0.76756 0.88272 0.976477 0.289643 0.209071 0.921446 0.320127 0.793988 0.54612 0.0444615 0.970316 
0.560652 0.150375 0.721705 0.470542 0.665018 0.217125 0.629427 0.0768928 0.044689 0.0495352 0.929252 0.189874 0.268968 0.576085 0.889028 
0.440551 0.0106553 0.356133 0.97654 0.519625 0.630857 0.9888 0.206736 0.243735 0.698525 0.451411 0.0967888 0.235058 0.709446 0.923493 
0.110118 0.181381 0.187923 0.55871 0.930848 0.685269 0.839055 0.460191 0.791995 0.973908 0.384874 0.228343 0.0903222 0.594007 0.511251 
0.909074 0.580327 0.634624 0.485379 0.572435 0.57533 0.661864 0.742336 0.613259 0.231371 0.385989 0.464613 0.891339 0.94686 0.510537 
0.449358 0.440411 0.124396 0.552269 0.172108 0.591331 0.901092 0.154034 0.113015 0.477877 0.492355 0.00185184 0.745692 0.528557 0.591602 
0.70634 0.620754 0.135871 0.274871 0.00473525 0.364751 0.0435211 0.356511 0.871072 0.272012 0.0736667 0.347276 0.655792 0.400584 0.144049 
0.863142 0.093802 0.957825 0.736988 0.709753 0.0691104 0.202612 0.0957118 0.119699 0.768726 0.806156 0.429721 0.485594 0.216085 0.902865 
0.897326 0.877267 0.202674 0.297651 0.203689 0.318995 0.806696 0.904673 0.439213 0.134072 0.406493 0.0823881 0.29418 0.887986 0.384381 
0.142887 0.601143 0.764411 0.637751 0.179204 0.471609 0.851566 0.53452 0.104082 0.596246 0.763074 0.0386281 0.0244259 0.223655 0.870783 
0.949115 0.924417 0.534643 0.348604 0.274193 0.848237 0.865261 0.776528 0.0719069 0.482831 0.111748 0.144801 0.901663 0.773136 0.724044 
0.0131783 0.18499 0.775447 0.682118 0.166782 0.607218 0.259445 0.517927 0.127672 0.77588 0.39703 0.997965 0.164142 0.561054 0.335707 
0.769727 0.0983987 0.505489 0.220355 0.760478 0.731552 0.152499 0.433984 0.580492 0.0206048 0.407817 0.667605 0.589507 0.379661 0.911626 
0.930397 0.763712 0.715625 0.532206 0.966384 0.944044 0.535075 0.456798 0.461429 0.248569 0.930603 0.400464 0.63836 0.196125 0.28736 
0.0519455 0.594084 0.589126 0.461266 0.622552 0.922202 0.503102 0.299391 0.902023 0.300777 0.147671 0.0884919 0.731647 0.16547 0.0652687 
0.405811 0.348409 0.52272 0.584881 0.873979 0.844473 0.0683829 0.704865 0.0290076 0.668452 0.153969 0.962337 0.117235 0.204868 0.155095 
0.338935 0.724967 0.686168 0.301364 0.675583 0.370497 0.344729 0.669734 0.469148 0.947874 0.576746 0.926321 0.916819 0.543285 0.912801 
0.9294 0.722652 0.50334 0.7725 0.491704 0.788888 0.0749307 0.873155 0.402904 0.521963 0.885269 0.147218 0.459318 0.878119 0.102441 
0.492253 0.850248 0.77059 0.684556 0.419282 0.310375 0.211961 0.301545 0.788702 0.346041 0.723648 0.832572 0.508289 0.955566 0.515521 
0.548728 0.382903 0.251062 0.226526 0.246217 0.63224 0.418129 0.639097 0.703099 0.148429 0.046214 0.65459 0.0239266 0.611372 0.472755 
0.0814588 0.397839 0.40637 0.266979 0.224419 0.311928 0.32945 0.992241 0.030672 0.018118 0.99761 0.917606 0.54681 0.242945 0.712165 
0.3824 0.366946 0.659797 0.496951 0.465701 0.837348 0.487563 0.673157 0.850487 0.263438 0.221064 0.759 0.951932 0.452062 0.712266 
0.248483 0.829924 0.842543 0.636009 0.614132 0.160169 0.877264 0.617966 0.147498 0.695924 0.842816 0.414207 0.0204501 0.765852 0.94216 
0.33099 0.432628 0.669793 0.668795 0.254426 0.818449 0.420118 0.0451532 0.689848 0.489337 0.876218 0.398025 0.639279 0.38059 0.892569 
0.645777 0.0734582 0.497778 0.413291 0.24782 0.839138 0.120964 0.510249 0.387207 0.549314 0.502713 0.242582 0.49406 0.828122 0.355503 
0.635645 0.482364 0.3959 0.0497928 0.975309 0.347977 0.876588 0.107072 0.667439 0.533556 0.257683 0.264237 0.519247 0.109593 0.760185 
0.485587 0.0910196 0.235167 0.442604 0.84754 0.862569 0.222133 0.701768 0.254036 0.903822 0.819536 0.886841 0.586538 0.454564 0.127867 
0.315758 0.147833 0.725119 0.178924 0.343829 0.848108 0.695623 0.526591 0.255181 0.243523 0.0706554 0.227338 0.416288 0.552708 0.685759 
0.0580726 0.458086 0.88916 0.205259 0.63007 0.404517 0.858138 0.166305 0.914301 0.170756 0.383497 0.209002 0.2935 0.0632068 0.699919 
0.679376 0.710162 0.509396 0.419252 0.832605 0.952538 0.715079 0.92036 0.362174 0.869817 0.892845 0.562812 0.282521 0.0757908 0.494957 
0.516201 0.797254 0.402742 0.0523962 0.244762 0.691113 0.163651 0.92747 0.477225 0.82532 0.895787 0.416815 0.160879 0.264292 0.820679 
0.212507 0.516881 0.856121 0.770392 0.0844301 0.314543 0.226252 0.824448 0.407308 0.622904 0.147786 0.813794 0.33663 0.699031 0.427533 
0.805759 0.563589 0.124037 0.537541 0.291831 0.382786 0.0131469 0.649172 0.559631 0.682948 0.743647 0.369983 0.189328 0.523788 0.795861 
0.674884 0.990653 0.732035 0.0733794 0.170067 0.279937 0.899561 0.385217 0.854867 0.328413 0.659811 0.107624 0.309009 0.774582 0.135177 
0.260717 0.289252 0.29788 0.718598 0.352724 0.606658 0.561236 0.651251 0.855026 0.779395 0.43252 0.674105 0.469762 0.439962 0.446554 
0.836842 0.205984 0.640237 0.126831 0.679261 0.36462 0.272729 0.989335 0.348832 0.473038 0.53356 0.360171 0.993471 0.976166 0.885381 
0.678728 0.638902 0.680134 0.584917 0.0805816 0.514918 0.236898 0.0679014 0.912543 0.909898 0.393958 0.982101 0.804235 0.530811 0.306172 
0.337421 0.540884 0.839848 0.460126 0.581438 0.135264 0.911973 0.914788 0.706984 0.256367 0.999733 0.0110744 0.0141056 0.26508 0.226439 
0.625403 0.701733 0.177466 0.465865 0.853968 0.964669 0.374867 0.681407 0.169425 0.41232 0.0219032 0.423724 0.429683 0.102246 0.753628 
0.347518 0.633158 0.9253 0.000480804 0.509245 0.47111 0.212017 0.444919 0.124647 0.147573 0.976989 0.135543 0.924915 0.908635 0.436636 
0.185427 0.611288 0.0935941 0.755853 0.0730461 0.382911 0.811246 0.571474 0.610868 0.556553 0.850037 0.741755 0.330828 0.920454 0.430779 
0.701372 0.170462 0.971685 0.756624 0.516891 0.528618 0.0445102 0.339112 0.980413 0.66546 0.0797586 0.146206 0.977524 0.212686 0.238482 
0.651225 0.686019 0.651979 0.0813015 0.605618 0.873596 0.846706 0.401749 0.144908 0.299336 0.293433 0.395287 0.60673 0.59366 0.374693 
0.162013 0.875928 0.341958 0.880758 0.911443 0.061487 0.556059 0.102058 0.854428 0.88821 0.556774 0.674479 0.417932 0.383766 0.625174 
0.478187 0.221295 0.189629 0.892053 0.831785 0.0547819 0.701109 0.798119 0.577828 0.0813026 0.235509 0.308793 0.858255 0.164427 0.933905 
0.488027 0.284578 0.797431 0.803716 0.408073 0.946657 0.659876 0.522958 0.564479 0.897743 0.880881 0.317241 0.749582 0.629126 0.678559 
0.484033 0.0445484 0.710886 0.373007 0.850396 0.17815 0.853459 0.478352 0.634812 0.788313 0.885223 0.817597 0.00358247 0.288103 0.786246 
0.853413 0.858774 0.663893 0.56636 0.739395 0.754664 0.152906 0.735981 0.959107 0.0706769 0.734634 0.976938 0.720588 0.694012 0.213819 
0.805747 0.232195 0.672532 0.0388853 0.472268 0.479232 0.0331263 0.828984 0.792261 0.134042 0.870679 0.00793321 0.416418 0.370675 0.359462 
0.783194 0.936721 0.0737298 0.590158 0.82377 0.323849 0.834123 0.913572 0.934486 0.521096 0.613699 0.753099 0.563314 0.594006 0.762159 
0.49626 0.897012 0.677168 0.834212 0.24163 0.0402749 0.716459 0.191261 0.303052 0.637057 0.813441 0.582898 0.0829826 0.275301 0.614626 
0.238783 0.263202 0.188357 0.710148 0.738073 0.392481 0.137153 0.733476 0.517218 0.685194 0.40748 0.73933 0.67727 0.787654 0.154725 
0.983179 0.931293 0.193335 0.637352 0.00076062 0.632757 0.177842 0.0794874 0.806919 0.496846 0.55439 0.59122 0.474033 0.480212 0.957283 
0.43661 0.693322 0.134598 0.839171 0.560958 0.0451045 0.785637 0.708456 0.511319 0.843446 0.766756 0.496004 0.177785 0.283699 0.103148 
0.154837 0.234721 0.320514 0.0158681 0.780398 0.375869 0.861086 0.772905 0.574656 0.818084 0.518713 0.75496 0.73501 0.518623 0.688741 
0.66751 0.372484 0.491283 0.0119645 0.706272 0.539329 0.907647 0.347953 0.322662 0.742537 0.726276 0.14096 0.917753 0.851043 0.396377 
0.594252 0.445334 0.316906 0.313161 0.0410956 0.756364 0.459535 0.106145 0.138287 0.750285 0.533127 0.883364 0.231798 0.36909 0.857701 
0.175667 0.728532 0.268234 0.251772 0.940364 0.120167 0.686479 0.97097 0.347206 0.406552 0.723505 0.245148 0.761117 0.824632 0.910499 
0.826374 0.602006 0.125948 0.102604 0.423444 0.225415 0.344076 0.85173 0.319224 0.603935 0.509895 0.387864 0.53694 0.285193 0.113636 
0.0287781 0.808748 0.486976 0.651518 0.406152 0.258507 0.0533522 0.759699 0.56299 0.803577 0.327339 0.400557 0.672309 0.479575 0.650212 
0.381359 0.493089 0.992347 0.598381 0.411823 0.657818 0.632659 0.0696489 0.242716 0.860548 0.160425 0.423202 0.0662364 0.412946 0.915967 
0.0542551 0.415591 0.865981 0.138645 0.391659 0.731888 0.383325 0.743811 0.166297 0.937027 0.474808 0.820131 0.214881 0.694987 0.296686 
0.288963 0.630359 0.403892 0.349296 0.661246 0.946714 0.863633 0.389882 0.150749 0.163801 0.884182 0.0950047 0.120771 0.933919 0.250972 
0.509763 0.921517 0.177818 0.189376 0.938959 0.270012 0.195844 0.578653 0.806213 0.408354 0.632969 0.67675 0.403271 0.503279 0.760511 
0.580867 0.470485 0.219342 0.527238 0.127508 0.797864 0.15542 0.265606 0.462957 0.231949 0.0730241 0.942177 0.516668 0.0920385 0.544298 
0.166449 0.352387 0.9625 0.65261 0.848715 0.488441 0.783818 0.97102 0.646262 0.364438 0.47775 0.452188 0.568454 0.527766 0.0750879 
0.320695 0.424829 0.589213 0.385483 0.800227 0.755818 0.858171 0.318625 0.0801743 0.49834 0.666734 0.176328 0.110007 0.06016 0.665853 
0.186269 0.0354124 0.00994857 0.548394 0.553893 0.886338 0.681762 0.629364 0.349893 0.933822 0.788728 0.0522726 0.888005 0.842251 0.992344 
0.839486 0.906958 0.352476 0.199561 0.0753419 0.850322 0.994331 0.949775 0.882467 0.0919819 0.947663 0.322522 0.881075 0.963608 0.841922 
0.428866 0.107544 0.589354 0.927152 0.639528 0.486917 0.707579 0.648075 0.324328 0.693959 0.0996089 0.199115 0.988833 0.541131 0.263967 
0.262137 0.455721 0.65255 0.651132 0.14611 0.480979 0.752469 0.434279 0.154084 0.1198 0.992201 0.25182 0.0993642 0.0458083 0.396883 
0.406902 0.441809 0.894963 0.166528 0.633529 0.200734 0.261557 0.396946 0.589417 0.736398 0.411214 0.288135 0.564428 0.493663 0.43182 
0.614784 0.0383109 0.639178 0.797174 0.750359 0.918869 0.289608 0.531884 0.453396 0.570545 0.521313 0.928145 0.226002 0.261615 0.451329 
0.52466 0.93669 0.306448 0.262453 0.620129 0.709373 0.739735 0.670979 0.918719 0.394468 0.00381477 0.763251 0.250104 0.999549 0.155417 
0.586492 0.611263 0.62497 0.248323 0.658387 0.370167 0.615452 0.559403 0.150531 0.455586 0.0173631 0.543713 0.0716133 0.878558 0.682832 
0.704792 0.802939 0.456617 0.145401 0.79454 0.470229 0.837661 0.286423 0.423947 0.182733 0.666215 0.251062 0.636777 0.189161 0.745227 
0.734504 0.800075 0.231562 0.453329 0.506251 0.56303 0.142389 0.744264 0.380388 0.223078 0.447022 0.0914549 0.596939 0.866451 0.012208 
0.85323 0.699266 0.502761 0.816788 0.460571 0.225851 0.961535 0.462443 0.136676 0.923858 0.351539 0.65924 0.363386 0.297235 0.993446 
0.33114 0.195861 0.404933 0.85444 0.676149 0.995717 0.0925307 0.478243 0.524997 0.142761 0.981663 0.429687 0.789987 0.76801 0.721598 
0.0742406 0.422773 0.569098 0.10521 0.286361 0.677273 0.877095 0.724959 0.967601 0.382854 0.270382 0.782622 0.141481 0.0030337 0.984183 
0.918118 0.428895 0.192796 0.612122 0.857118 0.634405 0.18426 0.542121 0.804348 0.968951 0.592932 0.00907739 0.858967 0.784382 0.240805 
0.0959592 0.288232 0.170835 0.4504 0.418789 0.454893 0.388509 0.293937 0.145344 0.291137 0.399421 0.699801 0.494639 0.382405 0.707313 
0.893002 0.158132 0.11974 0.536875 0.876459 0.0838079 0.0344837 0.926497 0.736304 0.273529 0.207796 0.965601 0.974242 0.646851 0.307822 
0.375866 0.404297 0.797038 0.147718 0.962197 0.846125 0.275771 0.0288165 0.0626444 0.751916 0.857484 0.831267 0.54357 0.793695 0.0875996 
0.263144 0.0395527 0.925 0.593894 0.81469 0.893592 0.652622 0.667111 0.00532344 0.391966 0.835677 0.27227 0.872643 0.185204 0.96875 
0.955896 0.357627 0.54436 0.782627 0.438363 0.447853 0.200051 0.0491887 0.28768 0.379494 0.230338 0.0103084 0.636975 0.22561 0.246854 
0.28755 0.707333 0.180235 0.0728638 0.515932 0.223685 0.419935 0.107988 0.464384 0.514568 0.693921 0.404295 0.56081 0.991662 0.933521 
0.23403 0.213729 0.578838 0.315554 0.364554 0.602641 0.668404 0.27336 0.544838 0.159882 0.751512 0.62202 0.0637409 0.508147 0.336988 
0.396178 0.0106055 0.209291 0.696916 0.78249 0.549468 0.550476 0.950945 0.809008 0.419061 0.81619 0.323497 0.669214 0.808506 0.325472 
0.81562 0.564396 0.213132 0.305899 0.782466 0.199605 0.478959 0.127196 0.226248 0.038172 0.591146 0.514168 0.331757 0.297386 0.275862 
0.17901 0.323594 0.0997848 0.722741 0.851406 0.11068 0.881609 0.939368 0.205884 0.814923 0.767995 0.370265 0.533823 0.136417 0.194968 
0.852582 0.778473 0.117224 0.231881 0.045599 0.00637136 0.340308 0.936378 0.806019 0.689101 0.800832 0.88784 0.980731 0.540394 0.942846 
0.651608 0.683988 0.237065 0.980956 0.822712 0.820746 0.220961 0.630562 0.13612 0.0259806 0.997826 0.367516 0.895787 0.983727 0.475983 
0.322633 0.188642 0.338316 0.980078 0.0661859 0.238866 0.713883 0.232692 0.521085 0.932483 0.597887 0.460915 0.488921 0.114882 0.739773 
0.26073 0.178975 0.172972 0.759332 0.593815 0.873888 0.890195 0.497408 0.273247 0.613426 0.035958 0.0849819 0.564343 0.733213 0.019429 
0.546024 0.322875 0.651757 0.557166 0.323343 0.891525 0.187753 0.0739536 0.0295316 0.171866 0.736563 0.514046 0.0236062 0.353474 0.791132 
0.724846 0.234915 0.67381 0.739817 0.000225742 0.461687 0.702729 0.824454 0.932602 0.0299517 0.424683 0.0332854 0.615953 0.0618981 0.0326203 
0.192501 0.900204 0.215505 0.513624 0.876049 0.16333 0.361538 0.173772 0.376966 0.979976 0.279356 0.947884 0.0813006 0.00416374 0.367467 
0.513047 0.00798485 0.374519 0.569055 0.193555 0.82777 0.926872 0.945007 0.462914 0.770346 0.715006 0.887574 0.673736 0.75788 0.727381 
0.130988 0.0698477 0.337964 0.8926 0.511872 0.817364 0.889886 0.799338 0.574069 0.36888 0.72011 0.317797 0.586259 0.677558 0.427749 
0.543995 0.0332377 0.163623 0.672539 0.664785 0.19692 0.181856 0.611193 0.534269 0.0345992 0.826325 0.45927 0.900832 0.44493 0.00829998 
0.489978 0.857413 0.576352 0.116759 0.496514 0.510105 0.971032 0.782602 0.720114 0.795662 0.838239 0.774751 0.238983 0.33799 0.223261 
0.141282 0.0194433 0.225203 0.604766 0.99291 0.929637 0.0937846 0.502118 0.836574 0.890145 0.933404 0.84085 0.492285 0.465245 0.144543 
0.258893 0.419461 0.464297 0.7531 0.900858 0.943163 0.0765513 0.0276483 0.521822 0.886932 0.31077 0.0344134 0.234183 0.28648 0.124977 
0.856561 0.0196325 0.167003 0.550105 0.549655 0.813835 0.585609 0.699086 0.0855094 0.75917 0.588075 0.672316 0.812298 0.571423 0.146426 
0.031809 0.891372 0.15219 0.131925 0.802141 0.613753 0.0433215 0.700909 0.595839 0.0768803 0.524449 0.484596 0.557427 0.813915 0.558973 
0.733379 0.422511 0.350503 0.874987 0.886444 0.509459 0.210793 0.461949 0.75636 0.645244 0.167517 0.924548 0.842282 0.256714 0.110745 
0.596872 0.81466 0.97839 0.486371 0.318613 0.480809 0.251862 0.453044 0.111762 0.50571 0.992717 0.189388 0.893786 0.739558 0.432216 
0.894277 0.733778 0.617157 0.952606 0.674582 0.0120596 0.46078 0.46359 0.588174 0.0240675 0.884901 0.544683 0.683651 0.339883 0.243577 
0.657049 0.259743 0.608233 0.341797 0.595721 0.935735 0.614892 0.385172 0.955272 0.134164 0.943308 0.95268 0.247439 0.738239 0.607667 
0.0396145 0.177622 0.982502 0.00318057 0.905676 0.16644 0.129711 0.271837 0.102479 0.769279 0.814097 0.339246 0.62044 0.487645 0.914564 
0.10896 0.939424 0.497364 0.604161 0.0539153 0.218309 0.754517 0.0387465 0.599038 0.92839 0.780104 0.545111 0.645891 0.659467 0.554366 
0.116901 0.124684 0.326894 0.0724908 0.892177 0.654123 0.824753 0.196024 0.557616 0.478552 0.0760883 0.722737 0.131775 0.713169 0.191217 
0.945899 0.23325 0.929602 0.991306 0.64008 0.774148 0.545437 0.988847 0.655108 0.779997 0.275278 0.326595 0.670228 0.717374 0.135845 
0.767796 0.41857 0.0884696 0.837545 0.55296 0.686535 0.387236 0.829263 0.469578 0.933385 0.76636 0.630632 0.227983 0.390151 0.168438 
0.107992 0.638368 0.0787325 0.384728 0.345379 0.695151 0.961112 0.248754 0.0281725 0.034655 0.00808747 0.758236 0.249529 0.672365 0.298088 
0.223463 0.491496 0.0458749 0.973616 0.61669 0.630737 0.330953 0.387251 0.633778 0.0108983 0.280249 0.68283 0.157341 0.557471 0.376444 
0.546813 0.620533 0.565813 0.503046 0.398789 0.192729 0.78561 0.180769 0.659487 0.366009 0.771462 0.626225 0.349552 0.48571 0.653322 
0.0869952 0.670651 0.860959 0.100914 0.0953677 0.141295 0.200022 0.632795 0.226273 0.926663 0.088763 0.837406 0.360814 0.0849733 0.832356 
0.616728 0.892537 0.587498 0.784478 0.53889 0.619112 0.0839906 0.107278 0.369106 0.230397 0.882236 0.917036 0.0629001 0.515521 0.829105 
0.88649 0.842698 0.406691 0.81951 0.998408 0.0541074 0.277374 0.576585 0.0680516 0.53437 0.739475 0.0555672 0.0979663 0.422197 0.867378 
0.526472 0.271482 0.34635 0.248158 0.900083 0.28966 0.606374 0.950195 0.168743 0.618292 0.592606 0.73085 0.810693 0.0635649 0.0502591 
0.732162 0.497901 0.00267015 0.932878 0.651026 0.48934 0.581444 0.382726 0.50124 0.862902 0.658412 0.550703 0.989235 0.53596 0.0392356 
0.00652502 0.940561 0.583201 0.943274 0.840153 0.898954 0.239458 0.560485 0.63483 0.369149 0.635563 0.118979 0.829854 0.472076 0.903304 
0.769022 0.487867 0.160108 0.436401 0.822152 0.452911 0.128971 0.649411 0.511923 0.861709 0.526978 0.147526 0.224878 0.0699322 0.0771878 
0.653044 0.159164 0.73357 0.606783 0.969808 0.0820037 0.272903 0.801564 0.459924 0.264588 0.473209 0.286492 0.92803 0.119512 0.454953 
0.151786 0.844409 0.511805 0.0616468 0.0181804 0.966152 0.337461 0.232485 0.588309 0.282792 0.4121 0.495313 0.13248 0.0478055 0.330581 
0.452683 0.981971 0.985625 0.238263 0.55354 0.535679 0.760126 0.502459 0.258005 0.343693 0.25571 0.0987146 0.407819 0.546665 0.585062 
0.822571 0.903936 0.185053 0.630719 0.23884 0.299382 0.70182 0.60804 0.245367 0.809512 0.690301 0.845682 0.298909 0.0170602 0.208417 
0.783664 0.873299 0.421046 0.424391 0.623294 0.716032 0.449994 0.440349 0.932796 0.138362 0.0218874 0.572115 0.769038 0.615363 0.272027 
0.42971 0.404471 0.109772 0.375086 0.688505 0.0413465 0.497271 0.975791 0.804174 0.839286 0.51915 0.31999 0.0102072 0.508943 0.339041 
0.308861 0.141732 0.0836951 0.386374 0.856286 0.858667 0.457159 0.500934 0.464397 0.151989 0.402247 0.828939 0.897918 0.78129 0.590084 
