1000 2
9707.58 7468.65 
7609.01 6184.4 
9095.88 6471.72 
3341.98 1019.62 
1844.82 5501.55 
8095.8 4855.7 
2997.45 5004.07 
1684.83 8037.32 
9262.36 4508.24 
2177.91 126.941 
244.957 5280.31 
2489.75 4230.06 
4630.55 7184.72 
1322.42 6142.55 
1514.89 8488.84 
5972.62 1222.46 
5957.47 3581.61 
7406.86 5053.34 
53.3129 748.823 
6072.95 1898.13 
6250.38 4168.73 
6753.84 9247.82 
9172.8 8438.66 
7285.12 8435.14 
2946.89 9463.03 
8562.08 3191.84 
4743.32 1051.82 
7421.9 9373.86 
8236.54 8744.31 
5516.4 9751.43 
7233.14 1489 
973.875 3190.6 
5070.62 8380.73 
8243.93 5123.93 
9129.56 4316.87 
7022.06 5379.92 
8485.6 3775.88 
4627.72 7658.39 
2214.53 1912.83 
6093.51 5161.41 
1375.84 4655.58 
8353.26 6119.16 
5707.4 5775.14 
5493.01 3943.93 
4519.44 1009.39 
3695.35 1752.56 
2498.39 4669.22 
4943.16 7569.01 
3049.94 3187.08 
2692.92 2179.48 
7503.94 9714.98 
7559.4 5989.53 
3490.85 2187.1 
3647.9 5705.38 
4099.93 9741.41 
866.774 5475.77 
4396.98 9220.03 
1594.92 104.36 
4995.15 7087.92 
4048.29 9514.59 
8097.31 7743.64 
1267.14 595.687 
2412.84 6210.3 
8164.7 5462.78 
9397.37 857.601 
7642.26 6901.3 
572.568 5201.64 
2890.81 4063.42 
7388.74 6538.71 
9768.79 1488.65 
6280.1 635.549 
6964.42 677.06 
9855.58 8559.34 
781.42 4850.72 
5647.25 4829.71 
4365.29 3744.54 
2573.33 5632.43 
4340.23 4986.17 
1842.71 2504.91 
448.928 1240.06 
3362.51 8091.19 
8141.36 3935.08 
3292.8 1032.15 
7998.5 681.523 
7570.86 7767.27 
2170.17 3850.94 
8402.82 9134.6 
4528 8258.38 
7693.92 5309.42 
3109.09 3341.15 
139.113 7474.38 
7085.7 2712.44 
3106.79 1425.91 
7698.61 4949.5 
3930.82 8147.53 
6189.56 7293.33 
6238.7 4330.9 
1228.39 9531.51 
5363.05 9226.89 
213.013 2933.89 
6994.14 2383.19 
6784.83 5396.95 
1517.77 1312.82 
3655.31 9211.69 
6622.24 6764.4 
2552.83 6761.35 
4238.76 9638.53 
9473.79 7345.55 
1064.42 7172.38 
2295.03 4995.24 
5319.9 8484.59 
2288.56 1558.58 
2815.48 3516.95 
1090.07 8178.53 
2743.82 1303.09 
1112.41 9737.96 
3686.27 7897.24 
5134.89 5204.04 
9210.06 8790.21 
4415.72 5832.28 
5554.59 6968.55 
2593.62 9793.35 
6607.06 2067.4 
7138.88 7671.48 
9239.78 9433.91 
2666.71 4559.66 
7918.49 4955.26 
6118.25 733.946 
8472.21 7208.32 
8912.48 1216.01 
8511.41 24.8648 
953.961 2197.66 
7922.11 6088.85 
7401.71 7132.15 
4879.04 1817.41 
2964.41 433.614 
8785.96 5558.04 
226.945 5393 
7625.43 7365.83 
3064.46 6865.19 
6799.72 5731.17 
1424.84 4718.19 
686.412 7543.09 
5452.14 9158.62 
4751.39 4364.6 
374.619 3262.78 
4389.46 1328.58 
5460.44 2311.55 
7417.43 2862.13 
9443.7 2296.46 
4679.54 2408.1 
2730.07 3465.48 
7966.13 2957.02 
8858.48 5591.55 
322.829 1922.92 
2456.73 7122.55 
7654.09 3881.56 
1840.73 8340.5 
1424.63 7292.87 
7499.11 6176.02 
1657.45 7873.73 
9438.8 6046.91 
9202.31 4899.23 
8358.46 6619.72 
7761.36 7802.15 
8916.18 2440.88 
210.228 1646.24 
5906.36 8176.36 
4603.26 4764.83 
3767.89 4926.09 
6687.75 6224.62 
2048.63 4341.82 
106.164 3889.36 
2682.31 1530.8 
1182.21 181.402 
7706.82 2839.66 
8055.13 7145.61 
8886.57 7257.42 
2044.82 7245.02 
3877.13 9806.18 
5047.15 2793.3 
2247.05 5257.38 
4439.54 8153.41 
3433.72 9042.8 
2918.22 7201.61 
3968.87 9605.97 
3426.21 6017.5 
3947.78 3532.38 
9906.85 6630.09 
5063.18 1089.04 
6811.49 2769.98 
3928.7 4866.6 
9915.59 2815.26 
2124.01 1960.39 
60.2595 6001.13 
1766.56 5107.41 
8794.43 4013.61 
364.773 3233.95 
2167 3798.5 
2276.73 5085.22 
1000.09 6245.6 
4691.18 4426.31 
2263.08 8638.96 
7958.69 2169.92 
5269.03 3021.85 
3258.96 2080.51 
5791.83 7187.67 
6947.11 5707.4 
2.90534 9071.12 
7667.8 63.1649 
5072.24 9434.35 
5170.58 3866.65 
3447.94 5535.35 
7100.6 5614.95 
9333.84 9377.33 
700.152 333.922 
5622.92 5391.33 
4760.23 7886 
4030.27 2718.9 
55.902 9299.3 
5740.75 3314.87 
1379.8 1532.56 
502.515 8326.91 
7239.96 505.42 
7398.01 4907.74 
568.585 2470.23 
4342.08 5739.16 
6336.88 7790.02 
1274.49 3437.46 
3404.95 608.319 
2814.78 4105.1 
942.241 8437.69 
9496.44 5702.47 
6323.67 3526.69 
8421.37 6379.58 
2825.98 4162.1 
9694.44 4205.77 
5694.66 196.939 
2532.66 2934.61 
702.359 9930.67 
7842.35 1270.94 
2400.89 2184.42 
7010.1 8737.77 
9974.44 8284.6 
2175.21 3379.38 
8892.92 4989.99 
7484.49 9835.16 
3427.66 6980.9 
5537.61 9751.33 
507.578 3958.96 
6130.89 3333.56 
8121.07 5825.32 
7539.33 3815.71 
6022.26 71.975 
6750.32 6724.62 
2.63105 4592.66 
7995.56 2403.52 
6777.08 5005.65 
1141.27 6751.5 
3290.23 3316.48 
130.867 2183.13 
8306.46 7615.35 
2018.26 1734.11 
4596.24 7555.88 
1485.42 5103.82 
1514.82 7616.32 
8437.37 9635.89 
3441.62 5976.68 
3451.58 9463.88 
6048.66 201.889 
6188.48 6051.29 
4794.55 4184.02 
8454.81 1571.61 
9189.67 9596.07 
8323.11 2479.88 
2912.53 8453.98 
4663 1218.98 
6069.31 6681.27 
2953.08 665.536 
4237.13 4438.51 
5769.35 5751.95 
2054.81 4206.71 
5387.82 5496.43 
183.374 8839.4 
4960.29 6232.03 
9041.29 1148.75 
2283.31 3835.82 
5332.77 738.095 
5407.43 4522.42 
334.15 3730.53 
7002.3 3246.68 
2184.49 1665.28 
4465.66 8253.8 
8346.55 7418.74 
8919.34 2583.66 
1857.23 4688.68 
8335.61 3912.03 
8895.38 3723.41 
9408.46 9078.76 
2562.8 4368.73 
5310.77 1604.07 
5517.47 7594.08 
5439.9 850.221 
8332.17 847.313 
5372.64 8666.32 
4577.84 2374.92 
1912.99 6762.33 
4040.2 6378.64 
5016.12 2386.73 
3797.36 3935.44 
4970.39 5654.59 
8624.12 3305.98 
9566.62 7519.48 
7029.39 8975.06 
6598.22 9592.19 
3343.77 1908.98 
1196.24 8861.24 
9503.06 6636.14 
9711.46 7835.21 
7483.45 5084.08 
6501.52 2061.28 
7459 8414.5 
8823.61 1499.18 
4793.13 3839.71 
3885.91 8590.49 
7775.15 8856.3 
4245.06 6399.26 
2162.27 3811.66 
3918.72 9191.66 
2786.7 516.928 
8783.83 6130.47 
2425.91 9980.08 
4991.69 1928.95 
6616.2 4703.13 
9764.16 4099.64 
9787.22 6265.66 
6160.92 7246.2 
4680.15 4984.51 
8745.38 9473.28 
8824.22 2631.27 
8063.75 6599.36 
1487.56 2308.79 
2998.6 3649.83 
6120.45 6917.32 
2841.47 8907.15 
7434.25 1625.29 
5037.6 9860.16 
1605.35 29.2801 
1789.09 8221.55 
4732.42 1553.23 
2321.17 4519.61 
7818.89 8482.08 
1765.79 2499.02 
3466.58 511.153 
1972.28 2290.79 
3142.43 36.0134 
8890.15 4629.98 
2344.8 1888.73 
8279.81 8465.26 
8806.05 1121.27 
7372.39 6240.29 
2746.56 2409.98 
6100.43 4351.9 
2439.26 7889.51 
2573.43 7171.67 
9442.74 4894.6 
1691.27 7261.62 
3376.66 3457.06 
9760.64 6843.24 
3968.22 1732.9 
9134.03 7110.64 
1768.92 8024.16 
1740.61 4113.72 
9912.89 20.406 
2578.96 8718.93 
1141.67 9951.35 
4959.2 3888.23 
2361.31 1059.61 
8240.13 4800.57 
8949.12 813.544 
1972.23 8391.85 
5708.14 3663.5 
5653.45 9084.8 
7120.56 5414.07 
5928.03 1088.76 
7146.97 5062.04 
8199.4 8915.89 
3086.18 9940.01 
3029.59 2999.06 
9960.42 5608.55 
1717.97 1102.08 
5559.88 6677.17 
4990.31 7921.19 
7736.78 3230.42 
2721.74 6685.88 
4043.96 4693.97 
5077.71 9752.1 
8357.46 731.147 
8836.89 5478.01 
6145.22 4764.9 
6566.77 3292.17 
9826.95 4766.16 
2208.04 2913.11 
4706.15 5237.63 
5912.17 4666.55 
846.159 7630.14 
5768.63 6406.04 
4307.29 758.917 
4327.21 2044.04 
3989.34 7048.95 
8729.93 8033.3 
1742.9 3807.62 
7785.39 100.35 
4538.77 6622.26 
5578.36 683.971 
1387.15 2145.11 
3976.14 1214.08 
6911.27 6184.18 
4127.19 1617.4 
1421.79 39.3444 
6283.95 2267.95 
7669.48 2052.56 
8673.99 1976.75 
2811.48 3001.18 
4020.8 6800.82 
50.1176 2750.71 
4834.1 1793.02 
6558.33 2619.47 
1893.37 1097.08 
9241.74 7471.73 
1781.06 628.872 
9616.84 5757.2 
1842.95 6528.09 
1941.36 5970.15 
8145.49 3363.16 
6009.49 4429.43 
5631.11 3678.95 
6482 4305.09 
5655.7 9293.48 
7306.27 9676.5 
6094.28 7356.39 
2427.19 928.363 
9149.41 8985.52 
3547.84 1042.76 
82.5864 2789.56 
8514.49 1863.64 
3418.43 8131.31 
7620.84 5261.38 
4659.39 9562.21 
1231.51 2804.86 
2925.35 7241 
7234.29 8556.46 
919.936 3716.27 
2861.53 6575.64 
3009.73 167.784 
6252.12 9104.01 
7524.17 8679.31 
32.3558 6673.56 
7664.81 3580.19 
7716.32 7747.4 
6369.75 6230.8 
9611.04 9788.18 
4362.09 7231.87 
5049.55 9021.48 
6794.05 6281.06 
1826.33 9719.4 
3522.04 9060.62 
8275.84 4441.97 
2776.88 1137.36 
1017.6 5786.61 
1305.14 7269.72 
4890.6 8829.31 
5949.02 4922.96 
5502.86 3613.81 
8503.15 3219.17 
1361.19 4872.89 
9449.96 972.218 
4661.05 3812.04 
8204.08 9710.59 
2833.5 4998.12 
5991.63 4659.83 
4717.5 9513.67 
3720.44 2993.33 
3955.63 6497.32 
4130.68 4973.23 
2283.91 5435.82 
2242.93 7174.52 
4265.12 8191.95 
2097.46 9767.98 
1805.74 600.596 
2987.13 3166.93 
5473.48 2437.08 
4139.15 134.514 
6249.11 2343.22 
9845.11 9082.62 
7341.34 5836.73 
3742.43 2058.82 
5350.38 7462.87 
5052.15 9306.01 
3960.17 9182.83 
4279.22 6244.08 
4618.64 6522.15 
3418.58 8883.76 
4714.08 5516.04 
8651.72 6519.82 
6116.63 1638.84 
9686.75 1590.1 
4075.91 3825.88 
1724.61 325.008 
6169.1 1569.71 
9407.63 3510.42 
7406.43 3150.04 
5569.24 2756.79 
612.893 621.372 
2062.79 4573.06 
9804.21 6342 
817.125 4422.83 
2864.14 4235.7 
3306.58 7578.21 
9751.74 1958.28 
4098.01 5868.36 
3597.12 3784.75 
7458.46 7673.03 
7610.63 9183.07 
7998.04 3779.71 
752.76 7405.65 
7290.13 8159.19 
555.669 2859.35 
915.968 1168.56 
3480.72 2978.75 
5741.62 3284.91 
9320.76 6558.75 
7707.74 2184.88 
794.435 1014.3 
9763.09 546.16 
2972.58 3861.09 
6414.52 6569.7 
7645.84 3872.96 
4242.71 5256.45 
3056.02 2240.73 
9036.16 3808.78 
9646.37 6326.27 
1967.95 202.025 
9185.62 2883.92 
1370.59 2666.32 
5862.67 7112.21 
5951.23 5183.42 
3670.94 3658.95 
7368.29 4465.38 
4673.25 7131.37 
5011.54 7645.83 
992.446 1426.04 
4215.51 8638.28 
5299 8458.22 
3894.72 8355.01 
698.935 2930.86 
2163.77 345.291 
9257.13 4131.72 
547.316 8442.73 
7015.64 1917.9 
1109.03 2878.3 
9030.11 7060.26 
8061.71 2701.04 
719.197 5429.99 
7166.41 5392.45 
2561.35 2177.93 
3038.26 3553.79 
3603.97 7253.78 
2192.06 8902.97 
5711.99 6086.77 
7257.97 6410.92 
9017.63 9421.74 
6756.21 8274.75 
3553.45 7303.53 
6717.46 569.073 
9221.43 7826.49 
3447.37 8251.53 
4886.73 1509.07 
952.546 5605.93 
6939.06 8118.96 
998.363 9500.41 
296.873 4036.63 
3054.18 3900.84 
1290.39 5246.24 
2803.79 7002.38 
1332.99 61.7411 
3413.28 350.612 
9483.48 169.475 
8625.36 3036.91 
7473 5342.8 
3605.98 6694.42 
3169.27 7053.36 
4945.92 8056.01 
8562.43 5898.47 
3661.92 5501.47 
4017.41 4660.29 
5001.86 4314.29 
8696.91 8056.04 
8215.13 9987.3 
3302.26 1018.9 
6989.66 4635.25 
1080.64 402.928 
4985.87 564.107 
572.403 3611.21 
3601.02 8045.41 
8954.01 7207 
4739.8 2123.26 
4260.34 9685.73 
179.253 2822.75 
5584.18 3841.18 
8324.22 9601.59 
8501.46 3326.06 
3915.86 7198.36 
1382.08 2130.97 
7185.65 4684.34 
3149.88 4175.29 
9319.59 4230.52 
4578.22 4305.44 
4794.63 5150.62 
7916.65 8395.64 
3196.01 6870.64 
5602.63 7935.82 
8993.9 9862.97 
7621.53 9173.16 
2685.7 3205.69 
3014.32 1009.91 
2807.27 1515.76 
4335.97 6723.13 
8714.12 5718.05 
8854.11 5899.75 
402.374 2003.97 
75.0236 9721.97 
6234.48 4653.25 
4027.4 1029.09 
9803.87 1944.03 
9424.74 2999.86 
8814.67 5027.35 
935.663 7808.56 
4890.31 8557.19 
6981.7 7576.01 
1762.86 9996.01 
8585.92 4570.13 
1511.76 2921.87 
1293.25 225.859 
8639.92 147.34 
6125.61 9042.3 
2151.3 6200.63 
8764.25 8385.79 
853.857 2791.63 
9414.88 657.71 
4735.66 8839.61 
3657.57 3550.31 
3866.94 4593.24 
1358.85 8757.25 
3150.41 8340.55 
6333.24 4913.27 
8336.55 4919.15 
9483.41 9848.3 
7841.02 776.642 
74.1463 6480.92 
923.981 6199.75 
5523.2 3075.29 
2400.36 4287.43 
1461.06 3254.22 
7079.06 875.925 
3911.93 1814.7 
9715.53 7569.51 
5365.01 3582.46 
2162.72 6723.86 
2339.69 5313.13 
5064.4 8672.93 
226.391 3400.93 
3592.06 9709.8 
3249.21 1433.06 
486.424 3323.36 
7913.99 1410.41 
9523.11 3437.17 
4485.69 1923.46 
7724.6 5946.75 
5177.68 4803.65 
6822.68 9089.61 
6618.35 6538.19 
6659.1 1983.34 
120.629 8821.83 
8707.2 2460.32 
4134.94 3771.58 
1133.23 4361.33 
7172.51 4725.3 
4071.12 421.705 
6158.36 4557.54 
3745.06 4072.33 
5967.95 3268.16 
7509.5 453.62 
5191.62 5234.09 
6400.37 369.285 
37.7233 3223.03 
9458.9 6656.07 
9761.22 6117.98 
8639.41 9881.85 
4939.8 7346.6 
2342.15 9074.74 
1118.16 3475.38 
3436.06 8290.67 
8200.68 7507.17 
8712.38 4359.02 
2064.7 2457.43 
8431.36 8032.65 
5725.59 5940.84 
8486.26 917.189 
1174.92 4886.62 
1286.47 1212.64 
8109.65 745.356 
7868.71 7870.85 
6863.34 6508.11 
7752.68 1803.12 
3854.69 94.8053 
877.843 4972.86 
3570.19 4313.9 
3263.51 1770.85 
1821.06 1975.87 
6129.87 3885.76 
4433.3 4561.21 
1918.39 158.869 
502.038 404.634 
1076.06 1676.96 
5291.25 2362.53 
2889.6 3400.88 
3107.89 758.299 
1271.71 9971.23 
7266.41 9024.39 
1774.33 1121.08 
9119.19 2652.18 
6093.94 2689.36 
6966.08 9357.45 
4460.21 8787.13 
1333.31 590.062 
2672.88 5766.61 
5151.27 4591.26 
5925.48 5653.31 
4995.9 7001.53 
7330.27 287.13 
9364.07 219.852 
3688.01 2471.94 
978.151 4959.72 
2443.15 8244.56 
3984.09 4217.48 
9365.64 3103.27 
6869.66 5459.56 
5792.63 3835.72 
4817 252.819 
2622.83 6150.3 
842.881 5295.71 
1916.89 5994.15 
9886.97 7842.37 
1647.45 4882.85 
4843.89 8977.71 
5169.98 4207.94 
9197.57 8857.99 
6679.88 175.701 
3817.7 9123.03 
8420.26 7801.79 
3340.49 7785.88 
905.039 210.13 
3245.43 6697.67 
4045.85 8062.42 
6950.49 6668.68 
4212.71 7793.37 
1964.37 6129.61 
3787.5 1851.33 
3971.96 5434.95 
6734.18 8815.85 
4412.65 1904.14 
3023.77 3610.2 
762.113 9703.64 
3785.9 4579.81 
8826.65 2206.14 
2381.58 2167.12 
9992.03 3286.62 
2377.25 3237.44 
9984.29 6423.1 
1299.85 6934.76 
3091.76 5512.56 
4728.11 5056.14 
1642.15 8515.61 
6907.46 5614.1 
3950.54 3641.62 
4429.94 8363.19 
5545.76 7453.7 
1973.38 6307.87 
7157.33 5759.28 
887.665 5983.96 
7965.42 3269.25 
8151.09 7957.43 
6555.87 528.326 
1194.85 6540.14 
6951.43 2494.69 
3474.88 43.1725 
8007.25 8202.98 
5099.31 9649.4 
6718.58 2006.75 
5263.48 669.104 
5648.38 9693.42 
9032.3 1194.12 
7147.1 1005.66 
7501.99 4304.42 
6764.93 8389.66 
288.365 4730.33 
1658.89 8439.45 
2687.74 8214.75 
8967.78 3882.59 
4754.87 5919.19 
6377.28 8229.75 
5962.36 4384.51 
6432.72 1061.65 
4033.89 3151.27 
3068.41 9297.38 
3820.38 8716.78 
8990.78 2852.66 
9910.91 6137.87 
3858.31 7412.88 
442.266 623.229 
5802.53 730.631 
5353.56 7461.41 
9170.08 8041.3 
5676.15 8137.85 
1923.87 431.01 
4057.02 8301.15 
8660.76 19.3608 
2685.65 5093.46 
1081.01 6719.55 
8244.73 4149.42 
6016.9 2065.09 
2866.19 5007.67 
4917.75 2777.08 
1145.51 8776.07 
189.941 1587.78 
9399.3 5992.47 
2318.41 4752.84 
3453.86 1488.48 
2794.13 9130.02 
9626.32 4718 
9561.03 3683.32 
3019.14 8221.77 
3702.68 5704.79 
3315.21 4783.7 
2424.32 1559.93 
8933.12 8441.22 
3625.02 1799.29 
3448.87 8542.78 
4576.36 4594.39 
7318.83 4766.31 
6182.17 6718.11 
758.755 8500.58 
1470.94 4212.62 
9989.05 4265.06 
3342.62 9615.36 
8983.06 2903.63 
3298.67 2002.18 
1125.39 7001.35 
7706.97 4440.6 
1785.03 131.272 
6000.53 718.131 
8572.5 9625.55 
2517.42 2021.35 
8168.31 7093.78 
6615.74 5487.13 
1860.07 2797.88 
2205.22 2618.83 
1298.44 3676.16 
6831.45 1287.48 
7941.22 174.049 
902.821 6924.26 
3077.68 4201.49 
8926.44 4203.07 
1202.82 6633.4 
8643.66 2987.85 
6764.67 4644.17 
3705.98 5337.15 
4269.71 6223.4 
7358.5 2438 
3317.16 3974.22 
7925.13 5177.24 
6772.1 130.33 
7796.06 8070.55 
3806.49 4627.49 
9358.02 1747.69 
4801.54 260.828 
8671.95 7879.22 
4462.32 7598.38 
2082.27 5665.13 
4231.75 725.914 
8652.98 996.408 
5370.09 2358.95 
6333.56 9639.79 
8582.35 3692.04 
2077.78 1899.49 
7666.26 2.89098 
7076.73 4438.34 
133.221 4872.78 
2508.87 3939.71 
9500.27 1866.88 
5687.39 4301.79 
2127.71 4359.32 
2180.99 6590.02 
1957.68 4263.26 
2255.14 6189.44 
4989.17 908.107 
7185.85 359.244 
3267.05 3519.38 
9999.04 1849.38 
7211.42 2076.8 
3748.88 4877.66 
2079.69 825.593 
9316 2212.91 
5698.37 1824.86 
6152.62 5198.62 
3691.74 1840 
9500.41 5819.44 
6199.32 1681.38 
2409.45 8157 
5944.64 4664.59 
4346.43 933.796 
5572.7 1532.25 
1293.04 8839.75 
5051.64 1292.06 
689.12 2263.04 
3368.86 4438 
7140.71 5448.56 
5263.59 6456.69 
7661.47 961.944 
8281.55 3814.08 
6160.56 1973.27 
5654.07 5660.95 
7792.72 1853.38 
7342.33 202.152 
10.3675 3286.96 
4866.74 4356.79 
4220.75 439.421 
5889.05 5513.79 
9279.17 940.668 
6805.85 9968.29 
3203.71 174.7 
4406.28 344.402 
5623.26 9669.87 
6801.1 3284.71 
631.795 5082.63 
7098.79 6792.36 
7055.91 2752.85 
2453.29 4848.61 
4606.23 9795.62 
5050.76 4616.59 
3082.56 9917.5 
8973.39 7303.31 
356.909 4862.42 
2817.09 9636.08 
5803.08 9622.94 
9604.36 9006.8 
9797.64 4010.62 
9351.2 5420.88 
3680.47 6152.28 
8705.59 4312.26 
1234.9 5804.36 
1104.6 8290.8 
8557.21 3557.89 
3139.4 3163.42 
3353.5 8190.16 
7780.01 6436.06 
8107.65 6753.38 
3739.36 8464.56 
1615.78 6556.44 
8100.62 7418.86 
6179.36 7704.96 
6425.64 5976.99 
1715.56 5776.82 
1397.85 5396.03 
1929.08 103.423 
9708.29 3163.98 
5907.79 812.873 
1454.76 4464.98 
4370.77 4594.16 
7628.4 7724.26 
2784.31 5408.39 
4160.31 891.941 
2161.75 7899.66 
9356.5 3777.52 
4456.09 7457.1 
1196.37 635.434 
5162.05 7622 
6612.42 6877.61 
3398.81 8010.27 
2273.62 5327.89 
8113.69 1981.89 
8491.87 4021.46 
2794.77 9946.63 
8486.44 7165.53 
4540.78 6114.82 
4889.78 7325.09 
1523.19 9050.09 
8217.03 3684.94 
6949.73 7573.51 
