1900 2
1241.26 9215.5 
8337.28 3424.04 
9257.66 4706.08 
9687.86 9346.76 
9145.4 6618.05 
4279.53 935.924 
1890.68 6335.97 
3522.89 4860.29 
8485.86 4881.37 
956.245 9257.41 
9121.43 3870.01 
1261.6 1550.98 
1497.96 9996.54 
1850.13 6692.03 
4034.45 1293.25 
6155.43 5275.71 
508.737 4492.7 
8699.75 9766.4 
9198.78 8387.59 
9113.14 8344.16 
5005.62 3392.66 
9280.09 6896.3 
9728.62 2802.96 
1756.57 8214.46 
7684.34 2712.82 
7471.85 6805.75 
6582.82 8733.45 
8356.73 8080.78 
8729.97 206.84 
4772.8 2764.4 
1500.09 928.214 
8040.11 2008.83 
5420.91 6739.84 
1775.21 4619.67 
5127.41 888.336 
2963.82 133.02 
4280.99 2243.89 
7029.32 4009.6 
5046.85 8785.89 
2224.04 2731.17 
1498.69 9695.9 
9536.91 8081.51 
8429.33 7893.63 
6162.28 7159.28 
8100.47 935.055 
9923.68 9600.55 
1863.27 7963.77 
1609.36 7284.18 
4703.6 3384.57 
1903.83 9831.01 
4272.91 4867.65 
9964.03 8553.9 
7111.54 6993.33 
2563.48 2158.37 
5779.2 4787.52 
4889.54 7277.89 
4483.4 4426.43 
5359.38 2912.71 
2320.04 1521.64 
71.9797 420.49 
2456.69 9995.66 
21.0276 4319.96 
7959.42 1630.39 
1604.12 2662.99 
5014.96 3507.96 
2493.99 9287.87 
8375.61 2458 
7841.75 5487.13 
9451.33 405.209 
7645.49 5230.51 
5192.73 2535.01 
2508.38 9676.13 
6961.44 7867.76 
2588.83 9281.48 
9389.4 2660.81 
9701.97 1846.07 
2656.45 9723 
6166.04 615.85 
1353.37 7770.16 
3278.84 6368.34 
1278.1 5772.83 
5656.19 9653.71 
8230.83 3497.92 
5140.82 7682.14 
3903.13 2786.3 
2912.63 9095.86 
5321.31 5421.01 
8771.97 2282.73 
3288.76 1360.78 
1564.2 2678.14 
4021.59 1266.16 
4524.21 6678.04 
989.143 690.232 
7293.89 2342.52 
8460.39 572.722 
8710.85 9738.49 
6345.55 4367.02 
9392.19 4576.37 
7864.94 4532.99 
2258.49 1768.05 
7319.28 5171.12 
863.895 2640.57 
592.12 9635.87 
4923.31 3880.88 
996.634 6487.51 
6559.02 5018.23 
7753.67 1083.21 
1696.25 8742.81 
1773.45 8990.15 
1085.31 233.822 
9562.87 9796.17 
9972.32 5908.41 
4163.18 9364.49 
484.754 2028.1 
3897.46 2743.24 
3796.16 1216.72 
7914.37 4660.05 
3857.3 8506.49 
4295.9 8780.61 
2387.35 5292.54 
5268.1 8946.37 
310.746 3021.75 
29.5635 2007 
1764.55 1803.01 
997.132 2849.86 
2036.83 559.985 
2646.01 2009.13 
6468.39 6809.19 
1373.6 6953.15 
8837.29 5271.06 
9696.39 2633.43 
6487.78 7610.74 
7293.48 345.066 
6117.21 1589.37 
9125.67 8504.56 
6881.91 4393.76 
7450.9 7192.65 
7415.52 7480.47 
9199.65 9180.07 
9283.48 196.769 
2029.91 1320.29 
756.754 4675.93 
3329.43 7225.14 
1485.1 4703.03 
4178.27 322.377 
9974.08 3874.64 
2955.81 6461.85 
1485.36 249.278 
6806.92 7602.57 
1838.65 5932.57 
6107.11 8720.56 
326.318 3558 
5913.19 7741.83 
1038.45 5112.83 
6921.88 321.908 
5309.6 8951.79 
1642.2 6066.35 
3627.7 4971.63 
3291.48 5112.81 
9674.65 7469.75 
5435.18 9648.72 
1344.38 8390.99 
6110.56 2829.74 
8640.27 2917.46 
432.3 478.903 
8850.03 6539.41 
9199.46 9176.35 
97.3899 5112.63 
6918.17 1135.84 
225.446 3840.03 
1457.75 5535.04 
2791.81 3099.95 
1601.38 6419.51 
8071.58 4892.86 
1532.3 7746.21 
2362.59 6967.49 
7394.92 3706.97 
5358.46 3505.46 
6536.72 3998.72 
6422.92 6969.02 
4477.62 5272.93 
3508.41 3677.06 
4449.27 3605.8 
8789.7 1367.42 
4741.64 9015.14 
5207.45 6199.38 
4550.17 7999.26 
9299.33 6151.55 
4418.76 7370.89 
1044.39 5951.06 
5117.08 3406.98 
2918.53 2511.99 
7113.95 8276.99 
6017.45 3650.65 
2275.69 2440.35 
619.653 6753.31 
7713.28 4128.06 
430.356 2162.53 
7733.86 9220.05 
3529.95 2475.48 
8235.18 8737.4 
8674.86 2785.33 
6736.64 7974.18 
8936.88 1155.38 
5345.05 9981.27 
7106.44 462.115 
3388.23 24.9468 
2974.1 502.167 
8301.94 8991.55 
4152.82 577.611 
1431.88 4772.47 
7330.92 9145.16 
8900.54 7761.28 
1307.67 6634.38 
6981.31 4837.62 
9109.86 5216.47 
3575 7784.71 
8001.8 311.624 
5758.87 6938.66 
1467 1103.9 
6919.91 8573.44 
1566.01 308.122 
8598.38 4540.11 
810.289 6900.31 
3531.64 4963.11 
7477.92 4963.52 
9735.58 4808.82 
4108.66 8636.1 
2570.08 5416.33 
5270.47 9551.39 
253.934 4380.31 
4767.85 3828.93 
2165 2769.63 
4140.56 7923.87 
9708.29 5607.56 
9027.76 6628.18 
4180.98 593.759 
6936.31 2779.35 
5133.87 7746.59 
9679.66 8665.51 
2709.69 7157.55 
3629.02 2445.25 
1966.36 7737.68 
1081.34 4536.44 
3153.99 6351.81 
4087.82 3407.92 
732.1 8855.67 
7236.86 2897.1 
1625.28 1377.4 
820.952 1333.55 
6984.96 9848.72 
7961.74 1165.93 
442.459 4898.03 
3945.28 5576.33 
2644.6 3624.92 
4241.83 5354.29 
782.454 7870.85 
7799.54 2748.81 
5608.51 8880.88 
7285.25 8762.5 
5232.67 1373.05 
2170.4 5964.77 
228.7 9407.26 
8861.87 1853.98 
784.646 9682.82 
3187.53 7769.61 
9531.52 1149.25 
8935.53 9973.98 
6047.28 2880.79 
5550.3 8691.88 
6505.71 9792.13 
4046.16 7288.17 
7662.95 1845.68 
36.9605 3271.44 
726.546 7322.21 
2033.92 5959.22 
8695.26 4204.33 
1923.97 8923.96 
3611.57 785.824 
777.927 4396.22 
468.63 3965.46 
2165.81 0.136639 
5114.72 1101.33 
9974.12 1161.98 
3982.12 5524.4 
9853.86 487.817 
5316.51 3900 
7775.98 2979.45 
5745.68 7812.94 
6250.89 6472.23 
5135.14 8284.81 
2431.43 3830.39 
2489.12 4355.4 
2754.33 6100.7 
5141.22 3532.26 
496.901 5609.85 
7497.72 2662.71 
5609.99 2612.42 
3764.04 5584.09 
3774.4 7746.16 
1108.47 3628.25 
8233.98 6424.98 
7528.25 6009.94 
9404.42 3273.91 
3822.87 5655.3 
9746.14 8958.01 
3940.09 2177.55 
2788.38 6429.22 
6532.95 5542.71 
2529.9 1674.16 
9074.97 3026.8 
7284.01 6572.68 
5689.51 2893.98 
9185.1 9453.55 
8478.07 2959.48 
7199.69 9586.54 
6587.73 5433.66 
6011.5 4115.96 
1443.58 5415.91 
7389.87 5266.45 
1071.19 7136 
4224.44 5011.28 
9313.55 7012.82 
1440.48 5846.49 
2555.51 3970.38 
7520.65 1630.47 
6997.18 4804.64 
8203.15 2686.67 
7698.62 7388.23 
2140.2 6176.67 
347.696 9339.9 
5763.19 6935.43 
4773.53 1774.68 
1051.37 6217.12 
7190.59 8441.24 
1483.55 8261.78 
5577.23 5707.99 
3273.05 4890.76 
2720.8 4713.53 
737.237 5276.31 
8683.91 8257.88 
6906.78 5681.08 
3062.5 5109.91 
8367.75 761.103 
2498.12 507.929 
6937.77 2845.82 
9847.82 2700.95 
9781.24 4621.34 
4475.63 832.594 
838.44 1666.2 
9273.84 2321.99 
9927.99 4851.05 
8029.98 3201.02 
9741.81 750.762 
7914.55 479.029 
6027.07 6598.45 
8736.91 2933.83 
2279.51 1799.4 
8043.74 647.237 
2560.5 541.844 
1155.17 9498.27 
3387.66 1002.97 
2199.2 3168.89 
5624.31 6674.83 
4001.48 6462.75 
8341.03 3275.3 
8784.75 8269 
8126.35 6814.71 
1470 7868.14 
7565.47 9384.56 
8347.17 3592.53 
5982.99 7084.06 
6526.36 8262.5 
8883.46 4570.08 
8909.74 1443.94 
5111.92 64.885 
942.2 8499.59 
1067.86 3141.4 
1668.46 6692.17 
9816.24 5669.94 
3154.91 8157.25 
8945.24 1939.64 
6426.24 7071.57 
8754.35 7896.24 
4939.69 6319.8 
7280.78 3286.84 
9912.33 3263.76 
370.885 6438.67 
1526.24 9254.34 
1008.74 435.958 
698.273 6120.66 
500.842 1640.47 
4620.23 1568.7 
4781.88 6288.69 
8260.87 4598.09 
1958.61 1415.76 
2755.33 903.834 
3355.4 9181.57 
7975.4 2109.73 
7077.79 2915.08 
8429.53 4358.56 
6201.92 8341.85 
7622.31 6572.8 
4780.5 9148.55 
5827.13 5789.24 
9584.51 6525.4 
1909.89 85.3351 
8165.88 6530.12 
1654.04 2947.73 
2818.79 9914.91 
7545.83 4777.4 
1330.65 301.141 
5681.24 4686.05 
9482.71 3656.62 
6795.78 6560.48 
6571.7 5225.29 
919.023 2773.6 
3567.12 8541.34 
9346.4 8347.62 
7689.87 5173.52 
4136.85 7274.36 
1698.9 6046.74 
7359.7 9864.78 
2576.84 9013.73 
2812.49 5395.63 
8928.62 358.307 
173.022 259.259 
659.448 5854.26 
4945.31 142.139 
9510.88 1741.07 
6702.62 6082.56 
6966.35 7621.64 
8856.16 533.458 
6162.96 8202.55 
8881.08 3852.82 
3376.05 3017.91 
1127.17 5074.95 
9064.65 8486.87 
4939.71 1641.48 
7500.58 7752.21 
7037.11 6429.19 
8110.51 7210.13 
6688.45 8769.96 
3064.37 1633.74 
8912.1 2575.24 
3374.8 5614.7 
8657.8 341.142 
3236.33 7513.95 
874.6 9399.29 
5716.48 9755.68 
3252.1 9092.53 
2773.58 4379.26 
4167.46 1838.21 
2866.11 9107.17 
3479.69 366.678 
6859.36 516.781 
6795.87 4969.86 
7726.91 3484.3 
3739.8 791.271 
5118.04 2651.88 
3366.51 8492.84 
8266.59 2024.3 
8833.99 1502.9 
9538.25 9708.59 
902.179 5254.71 
9464.25 4154.28 
4347.23 2237.81 
8533.54 8514.7 
4076.02 1399.63 
7621.85 7555.71 
1766.31 4481.2 
8072.49 8562.18 
9451.06 5799.39 
2046.47 3190.84 
6590.66 7164.5 
5842.72 9957.17 
5657.33 4109.29 
1981.45 4491.3 
5612.19 1519.68 
4199.87 6514.37 
6774.39 3664.1 
668.63 1121.6 
5901.91 9202.17 
9636.3 9977.93 
601.788 7258.14 
7533.62 2368.1 
1739.32 5606.09 
930.266 1190.36 
1405.46 2976.73 
4381.2 7996.12 
141.218 223.905 
7953.27 5798.55 
4333.2 9934.71 
289.831 9945.39 
1454.37 4489.7 
6459.74 8228.76 
8153.8 7128.38 
9350.37 4055.69 
6330.53 8986.65 
4033.6 6932.31 
6244.77 1567.21 
9300.42 7984.09 
7173.3 230.665 
9174.45 8578.77 
3207.4 3555.63 
6574.87 3348.61 
3779.53 4528.12 
9147.16 8112.73 
4462.82 9436.99 
8058.1 5917.19 
3926.67 4517.83 
4145.94 2080.46 
1646.19 3496.29 
6136.15 7976.72 
2482.93 169.734 
4909.02 8727.7 
1736.94 4209.41 
6711.77 8910.25 
4440.08 5886.2 
7488.99 7647.48 
9441.83 4063.85 
996.071 3221.35 
8591.97 143.216 
1334.06 3054.77 
9580.21 9392.17 
8971.96 3506.87 
3909.98 3117.88 
5587.32 5556.17 
6614.17 1723.45 
3532.87 9097.1 
1893.19 8441.89 
7824.78 3630.13 
2651.29 4536.53 
2540.36 7091.37 
422.712 29.3371 
4738.82 9864.54 
4093.18 5734.89 
3085.87 2685.13 
5878.11 4419.93 
5739.9 5458.3 
3812.08 4711.84 
8965.17 7722.06 
7829.72 4552.48 
3278.21 4443.87 
6275.93 6811.09 
3540.95 8169.12 
5252.96 1365.71 
1799.23 7904.24 
5902.24 4339.59 
4995.59 6324.95 
4368.93 9734.41 
6189.47 8462.11 
5469.29 9275.34 
1147.23 1347.38 
3695.25 6887.12 
6805.69 7507.33 
1598.94 5770.84 
5229.37 9428.66 
323.299 8507.59 
3872.51 6599.23 
5318.65 7413.46 
4768.33 571.595 
8779.17 6567.56 
8475.84 4681.39 
907.138 3471.41 
1006.33 5276.07 
3205.81 7195.8 
3738.16 8675.1 
6471.13 4885.39 
22.4679 166.367 
1772.5 6828.15 
7673.7 3371.44 
2598.98 2903.05 
2800.08 2922.28 
1410.62 6672.59 
9521.5 6729.28 
4086.04 4289.82 
7300.87 2865.19 
857.364 5776.69 
7546.59 1764.5 
9248.11 8552.92 
7040.57 2453.9 
5748.7 778.715 
1128.98 2219.82 
5664.1 1151.45 
2386.18 7436.6 
7979.6 59.8648 
808.021 578.565 
2962.92 3608.1 
3500.84 4373.54 
280.681 3022.33 
1102.8 4366.72 
7312.15 8403.68 
7231.91 8169.51 
4180.35 4778.48 
9934.01 3428.44 
3331.38 6974.56 
5882.34 9080.09 
7753.28 7011.32 
1299.89 3417.37 
8162.77 3686.07 
853.948 6142.36 
3745.94 1661.97 
6720.93 6708.86 
5270.07 221.751 
1082.38 5550.75 
3244.08 2185.19 
9917.47 556.21 
588.845 7149.37 
8725.72 4769.2 
1927.84 8659.72 
8197.64 5259.22 
5634.26 4079.97 
4339.29 3387.53 
1091.28 5639.18 
6804.89 9254.05 
9325.25 7658.84 
5396.4 3071.17 
9320.81 2117.31 
9780.03 4590.87 
2339.06 862.393 
141.603 5583.14 
3047.58 59.0591 
6139.35 3636.42 
7208.43 4865.05 
8405.62 9136.26 
3524.75 6603.25 
4395.47 9159.01 
683.201 8734.76 
2546.52 1774.48 
4373.92 9351.42 
1028.51 3699.16 
7010.24 6424.91 
6770.33 6331.03 
8542.21 6550.34 
921.883 881.253 
7412.74 1063.49 
6464.39 460.297 
1122.55 2603.72 
4096.72 8330.97 
7468.77 2502.33 
7467.22 993.507 
9105.58 1862.67 
152.505 9788.78 
597.411 2699.03 
1563.24 4971.33 
2050.43 2591.75 
8670.49 9060.67 
9016.65 5440.8 
5391.69 7558.85 
1991.13 6313.57 
8440.1 9403.86 
7377.06 4904.48 
9864.16 8499.6 
7508.2 3960.86 
6830.56 4976.96 
6463.19 4297.76 
5970.46 5568.75 
6160.43 6122.97 
5357.51 6757.84 
8822 6920.75 
1729.16 872.408 
9512.49 399.632 
9933.08 8529.13 
5840.44 5324.75 
6087.96 7831.56 
1638.3 4528.05 
7235.41 9015.35 
9432.53 7099.56 
7514.94 6940.71 
1060.4 4345.48 
1917.65 7523.59 
8643.24 7888.11 
3092.33 4803.65 
4011.06 8449.83 
1561.48 2833.04 
5370.56 3290.64 
3705.45 4883.04 
3690.27 3638.51 
3412.15 9530.71 
8963.26 9500.12 
7362.25 601.537 
4028.15 4597.65 
9616.89 3460.66 
1697.19 7131.81 
401.352 2757.59 
1477.27 2319 
281.168 120.497 
207.095 3373.49 
4924.15 4218.16 
1823.31 6485.63 
7051.2 7193.88 
9776.27 756.632 
2076.9 3466.52 
4395.14 5489.05 
2997.21 3358.38 
4989.15 359.442 
3959.92 9017.3 
4957.09 3576.79 
2477.94 6654.28 
708.588 2879.29 
9411.87 2185.86 
5198.29 9693.04 
2306.36 5405.39 
3066.51 7230.51 
9623.54 4889.83 
3716.12 6674.72 
2083.69 3492.37 
7431.36 4160.58 
6958.89 1826.48 
9649.63 9956.1 
5184.86 4638.76 
315.522 9144.78 
3656.04 5272.61 
2721.56 6133.98 
1926.87 3430.14 
9013.27 1338.72 
5616 4211.54 
1031.74 7922.36 
9616.93 4098.25 
5152.85 9240.46 
8988.08 8868.98 
5915.16 1071.75 
2361.33 3346.5 
5232.33 9320.22 
5172.98 4881.95 
9276.3 357.828 
9520.71 9591.82 
9502.61 3176.74 
4864.42 2224.15 
9310.72 6791.29 
5654.29 8323.97 
8130.01 1270.28 
2535.5 9161.75 
9192.64 2152.41 
3259.99 4345.48 
1392.85 2248.05 
3214.44 7308.01 
3319.8 5575.77 
654.499 8552.13 
4895.97 5827.48 
3434.07 4172.25 
6185.31 2954.76 
3764.06 5687.9 
6131.5 8628.48 
7912.05 5442.2 
5419.75 3566.32 
3766.16 3549.74 
4836.6 6301.66 
2711.48 4029.22 
8454.07 5971.47 
8374.7 9846.92 
8219.52 1589.12 
7154.92 1539.31 
7164.89 7809.42 
91.4276 2060.85 
3636.88 3525.49 
6233.1 9822.19 
6480.25 9997.16 
5510.08 2611.74 
8625.62 3422.11 
8053.94 4045.35 
6988.43 1820.08 
7595.09 1825.01 
8121.73 306.551 
5854.24 6575.79 
6278.02 4228.92 
6422.69 4497.53 
5818.05 3577.59 
6036.84 2982.92 
1386.99 6128.26 
5043.77 5023.87 
9653.76 1276.85 
4846.05 6133.99 
1273.99 356.109 
8745.73 9899.6 
3778.22 6799.65 
3944.93 766.633 
8619.73 1540.01 
2591.65 6741.44 
1846.56 8445.88 
3317.22 8124.58 
2674.79 9739.91 
2622.09 8492.84 
3317.48 8658.92 
1475.74 4704.48 
4787.17 6519.51 
9728.35 4440.91 
7796.35 4574.38 
574.888 9070.34 
4930.49 9320.62 
8969.93 8708.71 
6120.25 2914.85 
9475.34 4739.96 
4454.85 2066.97 
1481.39 6301.41 
512.838 4798.6 
4425.97 3187.63 
4538.49 7048.06 
1680.45 7855.97 
5706.96 3156.19 
2560.43 494.116 
9675.69 2288.77 
4935.03 7472.03 
6863.15 5509.91 
6542.36 1793.62 
4830.51 5512.27 
502.311 950.747 
8427.12 9977.65 
5690.7 2881.95 
2044.61 7172.09 
9183.36 2557.45 
1970.67 3609.31 
5745.07 6509.17 
657.35 7425.52 
4365.12 6364.31 
581.692 6925.56 
6858.43 257.369 
9214.32 1793.44 
7729.4 6077.45 
7303.35 4271.74 
7871.07 2133.85 
9784.01 8373.38 
3084.6 8211.11 
8351.02 8775.3 
1093.04 395.608 
5947.38 276.382 
2953.05 7918.05 
3885.69 8698.13 
4427.2 4543.04 
6123.63 8792.32 
907.337 6705.32 
5717.86 7765.77 
6962.69 4932.17 
9559.2 4692.08 
1009.6 6862.54 
8963.82 8880.67 
8996.39 8747.81 
7254.03 2080.97 
6958.9 5605.03 
856.258 8051.94 
6000.64 6803.63 
8328.32 8953.7 
4721.67 2214 
7651.81 9148.87 
6757.04 3775.42 
7941.17 7664.38 
480.73 3659.02 
5430.13 7443.42 
8591.18 4989.31 
2135.48 9600.78 
1851.84 1099.28 
8481.43 848.211 
9847.09 5735.45 
2929.18 6805.97 
1340.47 3785.44 
4857.89 7341.11 
589.058 3186.2 
6294.79 5310.73 
5400.19 3946.58 
4459.57 2157.22 
7722 2400.73 
9821.59 8202.73 
6059.74 5251.7 
5646.13 4650.91 
240.996 7781.62 
4251.67 2092.83 
8880.9 2733.09 
2941.04 8727.97 
8468.54 5870.23 
5533.93 9809 
9655.67 391.802 
7150.09 244.708 
3578 3444.86 
5555.43 8978.19 
7391.44 14.9915 
1135.39 5113.42 
2415.72 956.968 
3316.13 8475.46 
6208.67 8962.27 
3126.35 6449.66 
6743.87 7378.03 
8542.5 5624.75 
111.096 1483.52 
4352.7 8579.63 
7353.75 9886.63 
8388.62 7009.4 
278.412 5538.7 
7254.1 3856.41 
8983.56 2809.52 
2834.59 6374.98 
2824.51 3969.98 
1488.39 5240.23 
4926.95 4804.52 
3715.68 1135.6 
3766.77 6842.03 
7585.26 510.623 
4220.04 6127.74 
6135.37 4331.14 
7611.26 488.057 
2910.75 4964.99 
374.667 1299.36 
1974.37 653.078 
6838.05 9228.47 
4509.49 5821.6 
2037.98 7344.08 
2196.56 4862.49 
1314.04 3684.95 
102.704 6240.99 
8489.47 3818.38 
7376.59 2256.23 
660.399 4961.84 
2766.85 4880.44 
1089.56 8902.22 
9211.58 8700.82 
9390.28 2122.32 
3665.8 9764.95 
3421.67 5640.17 
418.008 259.707 
4868.63 4927.5 
6081.3 6906.6 
2271.56 8277.87 
1769.08 3585.6 
1962.8 1871.78 
9826.59 452.254 
5690.16 7203.17 
2708.48 6350.56 
2164.99 5475.33 
1230.99 3254.55 
4377.54 442.549 
1955.35 3767.8 
2564.86 5621.15 
3532.73 5986.54 
1261.31 3950.74 
6246.24 6129.93 
8878.24 2327.53 
3036.52 1149.78 
605.375 4805.6 
4735.38 2568.17 
6677.38 4561.96 
3020.43 2367.52 
1765.11 5728.91 
8718.09 3930.09 
1204.23 9949.08 
7184.64 5581.77 
391.608 9139.99 
9349.57 2956.47 
4761.13 2882.29 
8943.01 6022.44 
6833.03 5189.23 
2152.35 5711.26 
7516.76 5188.87 
6861.04 8122.13 
9994.47 1596.41 
690.291 6671.83 
6158.37 3710.72 
9039.35 7923.47 
9439.63 7757.43 
1853.55 643.84 
7706.48 9038.19 
6225.61 8098.09 
8178.17 5575.17 
1054.55 2939.28 
8457.46 9997.55 
8961.72 5290.47 
5186.77 1114.05 
1001.71 2703.51 
6302.93 7862.75 
825.63 6297.38 
9459.16 1515.92 
2969.19 5617.51 
5226.64 2008.53 
3540.97 4666.25 
9765.96 5394.51 
5310.09 7472.42 
4432.69 1535.68 
5570.5 2610.83 
7110.85 6625.05 
5550.11 5568.29 
6622.58 4511.81 
858.744 1809.34 
5625.87 1860.46 
4512.85 1928.78 
9723.21 5338.48 
8226.15 9182.35 
6854.4 1195.33 
4799.85 2081.02 
3203.86 8340.81 
6747.28 2969.8 
3735.31 2057.35 
442.202 8167.99 
3593.03 6012.7 
778.809 703.866 
2637.73 6328.92 
6272.15 9260.32 
840.718 7130.9 
1069.64 6466.58 
8991.35 5582.49 
8395.36 8714.55 
920.95 6621.5 
7896.88 7775.35 
7816.82 2696.71 
9856.38 1020.66 
1037.51 6603.64 
3990.46 4772.81 
8660.99 4432.66 
2940.79 2254 
445.347 3719.6 
2957.87 3083.08 
48.5011 9230.02 
2343.38 889.219 
6360.91 3413.01 
7355.8 5352.24 
8995.5 5751.15 
4066.77 9916.45 
2372.62 1963.64 
7691.78 189.431 
4660.35 7548.14 
1210.09 5697.86 
4151.76 5200.55 
470.652 2812.73 
9633.22 3411.44 
5066.73 78.547 
7131.04 8024.6 
3161.62 7179.54 
7254.61 5505 
8068.76 3615.5 
8918.01 5424.54 
8967.74 7913.49 
1175.67 3034.5 
7829.93 3548.29 
4998.14 5521.69 
3737.72 9658.49 
3069.82 4947.82 
5356.33 7221.58 
148.357 5826.98 
34.2911 9781.57 
9238.42 5101.02 
9860.12 6369.44 
3125.61 3021.73 
3548.96 380.204 
8526.73 1617.7 
3995.7 7444.73 
7042.24 2963.43 
5358.2 8217.91 
5997.92 3188.11 
1766.19 996.043 
8709.8 5503.91 
654.513 1779.61 
451.714 6010.84 
9001.18 600.071 
1837.8 9035.47 
381.628 1076.2 
4136.48 241.732 
7445.64 7262.09 
3263.46 994.581 
7642.3 1790.17 
2612.28 1637.98 
9234.9 9654.52 
4601.41 4593.09 
7872.41 599.317 
7781.2 9638.6 
1595.36 6490.99 
5142.49 2249.87 
8270.59 5594.21 
8260.71 7271.76 
6194.28 98.4975 
6307.22 6575.9 
1174.7 443.684 
6817.64 8620.34 
7705.78 81.0808 
9614.92 5348.06 
1871.26 2227.18 
6986.04 1106.14 
1881.69 1587.43 
5699.23 9754.1 
2186.75 3480.41 
9392.68 3782.11 
9971.4 4535.15 
6031.98 8241.97 
129.34 4292.68 
5513.72 6323.62 
4391.18 1820.92 
2899.5 5565.88 
2264.6 9717.14 
4186.2 9970.38 
9798.22 3801.11 
5318.42 1669.46 
6028.29 2304.45 
2775.6 7909.97 
3891.88 8474.82 
7664.05 6078.63 
1955.22 7056.71 
9860.74 1926.6 
1591.85 5892.71 
168.556 1721.19 
185.373 5682.27 
8044.81 4576.55 
7503.19 944.292 
142.411 9767.8 
661.415 4328.61 
9738.17 459.619 
8129.72 5056.57 
2129.08 4157.99 
7361.02 4904.68 
2067.95 1252.88 
3379.48 9732 
7331.52 5334.7 
6788.7 7192.24 
7261.3 8380.55 
3084.94 7429.85 
101.719 3270.31 
3112.11 8146.52 
7846.86 615.287 
9090.82 7989.27 
383.07 9752.23 
2317.87 121.218 
211.833 447.568 
5177.79 2340.91 
4605.56 2538.79 
7245.59 6673.51 
3791.68 625.051 
6405.49 1123.17 
5959.75 3194.18 
8315.42 3221.03 
1574.71 1400.34 
650.862 1676.43 
4670.64 3762.97 
9822.95 2517.49 
4378.26 8913.75 
506.74 4761.33 
8665.96 2824.61 
4882.55 8877.8 
3272.17 60.3199 
1218.69 7877.73 
2599.11 8464.28 
4551.22 6390.79 
9089.33 956.701 
7513.96 5049.06 
4150.88 5829.36 
8270.09 5725.58 
7229.7 8920.95 
7402.01 1900.33 
2683.9 7224.94 
4417.81 7062.16 
6138.67 4924.55 
1823.47 4804.62 
7749.16 6706.02 
3682.4 1021.32 
6766.34 4901.09 
8899.05 9365.45 
3365.35 3450.26 
5756.22 2454.66 
4406.96 3270.17 
7503.72 8557.84 
9099.53 5773.79 
4283.4 6329.21 
4694.72 1685.39 
8229.54 7378.63 
8910.33 2647.33 
4440.77 5048.99 
7571.88 6264.25 
9853.61 5321.02 
2970.25 3535.99 
6342.34 9736.59 
8437.08 5241.37 
9102.03 1802.41 
8691.63 4858.24 
4257.07 3098.57 
8128.4 1760.77 
1656.39 7227.92 
7534.56 5939.79 
3557.11 2229.26 
7625.19 1786.63 
9607.89 6535.5 
4433.96 4048.65 
1584.47 2005.83 
312.877 1438.07 
7326.85 3283.13 
4974.06 3669.18 
3019.71 3411.12 
8910.55 2121.72 
5213.53 7602.17 
6979.95 9470.6 
700.725 5108.34 
1231.35 2357.12 
2336.24 8765.91 
8296.91 5893.36 
995.161 5922.08 
7679.99 603.035 
2457.57 2113.94 
4651.68 4042.04 
4119.77 4964.56 
5480.11 1446.6 
8247.69 454.147 
5115.78 1267.38 
3865.27 4026.32 
3389.1 9078.79 
1628.47 369.033 
8549.38 2329.2 
5477.38 9780.73 
4686.31 7813.62 
8546.63 2983.21 
3706.96 9541.79 
8905.29 1386.93 
144.806 1362.84 
3500.87 4796.49 
5404.88 7620.63 
9761.05 884.973 
9067.24 8008.72 
1339.12 4183 
9276.1 5204.38 
8209.32 2665.17 
4283.16 9837.79 
3034.21 2832.52 
2166.97 8511.58 
2613.24 6853.28 
6325.18 1159.85 
9836.49 32.1266 
701.619 8741.77 
1419.06 846.425 
104.591 4919.93 
5642.91 5509.47 
2540.54 5403.94 
6394.45 1607.76 
3412.65 7733.57 
5790.77 2688.73 
2937.93 4000.07 
5353.9 7221.1 
3837.85 8388.11 
53.6035 6004.82 
6899.67 2666.84 
2858.09 3224.84 
3826.69 2694.56 
3256.97 4528.31 
1436.31 4676.02 
5374.73 1540.9 
9595.95 1017.63 
7050.38 2136.48 
6421.57 3444.81 
3744.24 9834.22 
1178.35 9535.01 
2522.93 4116.29 
3535.07 7876.83 
1337.37 7372.92 
6264.92 1390.97 
3377.72 3164.57 
4057.81 6235.81 
6389.41 7884.5 
8930.37 9646.38 
2412.79 366.668 
4322.38 7787.53 
1907.57 3918.32 
8805.16 8957.95 
6054.79 5226.72 
2402.74 9799.04 
5060.92 3581.09 
9334.03 7583.85 
7697.38 2869.08 
5460.66 9034.75 
241.979 1725.56 
425.701 3619.7 
4890.13 4483.51 
9855.51 1279.53 
2368 8785.86 
925.888 4780.79 
9152.53 5248.27 
2568.3 1060.09 
9166.59 1373.45 
18.0176 5221.37 
6600.16 2420.75 
5020.38 1661.07 
6001.85 4354.39 
9244.91 3699.21 
7223.47 4705.56 
2733.94 7465.45 
6431.12 3159.64 
1085.14 1321.24 
7643.15 940.628 
2600.76 11.1323 
9726.49 3526.65 
4791.92 8879.01 
8774.92 7360.23 
9939.09 7941.5 
8733.67 9957.11 
3162.84 5333.82 
2377.85 8183.23 
6994.88 8379.69 
2537.6 6239.78 
2078.88 9761.08 
945.322 4812.82 
7226.51 7376.44 
7972.46 8311.65 
8697.68 5615.59 
9252.28 1298.43 
5626.73 8978.75 
4825.08 418.634 
7857.74 3599.99 
7778.86 7796.82 
1541.46 6512.52 
7753.91 4704.31 
1846.32 131.744 
2887.52 8841.2 
8511.44 5425.12 
5080.97 590.306 
5186.18 6026.29 
5403.13 2412.68 
3402.71 3375.57 
724.312 2100.37 
8991.16 9976.59 
3398.8 4617.87 
8955.32 8223.88 
5036.51 6813.05 
1823.85 2815.35 
4609.85 3365.31 
9327.87 2363.74 
8069.62 1174.17 
2495.49 957.121 
15.3568 1006.91 
6382.24 5096.32 
1597.21 1568.41 
1122.59 7000.34 
3981.09 4525.3 
375.895 4705.41 
6625.68 9367.06 
4681.98 24.4587 
3984.92 3637.28 
8248.34 9021.42 
450.314 72.165 
1836.76 5060.16 
3437.48 1164.61 
7423.91 1507.08 
2338.78 9919.39 
2464.2 2354.14 
926.285 8846.44 
7450.46 2523.5 
414.837 8573.05 
9523.84 4395.93 
3098.34 9899.73 
9101.33 9724.02 
9266.78 3783.3 
9748.48 3251.67 
7420.58 7996.79 
2273.08 7870.89 
8068.96 4109.84 
2931.04 1506.42 
5274.45 354.928 
3013.49 7613.23 
274.304 5477.69 
9967.37 1200.59 
4324.12 7417.81 
3724.09 4738.96 
5990.85 3247.91 
9134.88 9089.19 
3147.63 8236.2 
8813.19 2414.39 
2019.48 8561.64 
5666.06 9440.06 
6558.42 7939.14 
7310.94 4627.36 
2048.96 241.959 
6133.78 7323.4 
596.887 9147.28 
4936.62 871.191 
4624.95 4903.96 
2071.78 8949.07 
2321.76 5795.87 
3688.01 8312.6 
9043.78 2822.88 
7401.77 2191.39 
1059.06 6214.94 
4605.77 3078.54 
4776.57 271.816 
2518.59 1334.97 
8210.96 9829.53 
5962.34 259.897 
71.469 2096.1 
7583.3 668.356 
1243.36 2519.9 
1539.55 5868.31 
7423.86 3611.33 
4817.36 9745.62 
9407.19 8505.37 
8058.21 8450.96 
1328.23 5459.97 
642.324 2387.29 
1674.89 5248.1 
5465.83 6451.46 
5519.91 7984.42 
7786.43 3730.85 
7813.93 3748.75 
3990.75 7885.4 
5844.85 1574.03 
8553.76 7088.21 
4093.93 93.2876 
2956.51 1517.78 
3704.61 7773.87 
1263.38 3111.79 
6279.22 9321.59 
1562.73 7607.45 
4781.54 2205.05 
9994.74 6456.43 
7453.15 5460.55 
2907.87 2973.05 
3444.96 694.29 
6703.9 1258.88 
4443.04 694.629 
9144.28 287.879 
2268.66 7698.02 
7376.09 6362.59 
7791.3 332.58 
7880.37 1495.9 
8106.45 9143.75 
4607.69 4385.65 
8465.33 6170.42 
1993.09 3246.85 
8375.48 1987.81 
9703.29 5828.61 
7448.36 2611.14 
8801.66 893.304 
3305.43 5505.54 
2152.18 7748.48 
6200.17 1296.44 
8036.35 8468.83 
8994.46 5412.43 
4831.4 6785.74 
5745.01 2711.76 
8281.64 3851.44 
1855.49 2889.32 
8237.09 320.805 
9059.75 230.162 
3567.66 7435.21 
2217.97 3270.93 
3263.8 9666.33 
5882.07 2065.44 
559.616 9187.5 
7570.98 2711.8 
6935.96 3771.14 
4008.23 4972.3 
2239.95 3002.67 
384.708 7071.35 
9788.41 6129.72 
9783.11 8070.04 
9981.16 1638.59 
959.345 8218.23 
1959.39 19.0741 
8448.4 5527.05 
7454.28 666.348 
8797.98 718.066 
332.661 4680.03 
2783.51 892.277 
3867.51 354.477 
3604.07 803.456 
4125.61 7612.31 
5775.75 6365.56 
614.962 6160.46 
3436.9 403.359 
2290.16 3219.99 
8473.4 2271.3 
4858.58 9432.75 
489.518 6817.97 
9451.82 8937.92 
2345.01 6906.08 
9604.26 1142.97 
7624.15 9936.92 
5823 407.643 
829.184 9690.51 
762.12 4433.26 
493.949 4887.73 
2045.55 6269.7 
1253.28 2660.51 
2430.15 4690.18 
3063.87 4720.31 
7910.17 1537.25 
6991.61 2768.73 
969.98 7481.12 
9586.71 421.782 
6419.02 1931.7 
7327.87 6023.27 
3074.67 4952 
5960.17 8897.66 
5359.64 6789.36 
8588.16 6121.76 
1222.6 9082.11 
1009.48 3268.15 
5351.79 2262.76 
5928.65 7781.94 
6952.93 8992.52 
2502.23 4863.08 
529.756 9493.83 
7631.82 1499.74 
6974.94 7218.51 
1921.52 3393.95 
9150.21 9249.38 
9417.21 2224.86 
4201.37 5377.37 
1122.5 9561.01 
2166.71 9710.66 
5682.75 3389.31 
8792.75 6692.23 
6657.46 4144.53 
8954.98 2586.1 
1926.45 5907.9 
1578.6 4428.68 
770.968 2108.36 
3922.49 8402.79 
3608.09 897.417 
5621.28 5529.61 
4291.36 4771.47 
4778.98 3708.56 
6996.32 8980.34 
9085.93 8118.83 
8541.33 1252.63 
7829.47 4224.07 
4641.94 6622.21 
916.282 1299.39 
766.718 9871.27 
3885.48 2693.17 
5779.15 5464.08 
7121.84 6550.12 
7572.44 1044.32 
4952.89 1180.51 
1941.73 574.146 
6710.12 6233.1 
5345.61 1489.08 
9941.66 2341.92 
469.41 9027.58 
460.728 9010.74 
280.19 8290.2 
3234.8 4922.14 
4912.39 4151.08 
6221.52 5679.11 
4022.33 106.987 
8372.27 9801.48 
5571.07 5494.1 
6351.58 3143.49 
6538.42 1304.45 
4324 8480.15 
1878.59 1034.11 
4713.23 7224.21 
2523.19 4654.88 
9566.12 2992.6 
3682.44 26.8348 
2003.33 3962.63 
8317.03 5238.13 
8884.76 3229.41 
9389.21 5106.27 
8908.52 3411.52 
5213.25 7280.77 
3212.98 784.304 
2774.86 9564.56 
3927.79 9313.28 
868.986 8251.8 
7793.41 2747.58 
9285.91 2506.63 
9971.78 1809.08 
7161.51 9537.89 
4801.69 843.924 
9564.73 6805.02 
4806.55 7881.74 
2043.13 3691.29 
1111.13 1432.32 
8797.56 19.6325 
4843.84 4010.8 
7300.41 8056.82 
4795.1 75.2449 
7621.35 8722.89 
9388.52 8490.34 
6974.67 7181.92 
1237.9 6260.56 
9688.54 1209.67 
8069.65 6850.03 
747.544 2871.32 
7693.96 312.254 
9676.34 2500.49 
8194 1719.45 
6191.78 9305.13 
3151.77 4989.33 
9324.76 7995.61 
9000.12 6625.15 
6052.4 3795.21 
6700.4 3673.74 
2518.08 6088.9 
2164.06 9492.76 
3270.8 3401.97 
5753.31 2959.33 
4611.64 3822.94 
9809.36 5359.18 
6694.25 7503.3 
5671.43 6370.57 
3.77386 3865.41 
8090.02 6195.56 
3170.53 1241.78 
1184.87 2495.28 
9237.38 184.975 
9120.43 5289.77 
3980.18 5820.81 
8963.51 6498.27 
1909.69 1127.56 
5991.01 5180.49 
4529.53 1744.29 
8139.82 9141.16 
5567.23 7949.16 
4500.33 2261.47 
5452.44 171.744 
8632.04 5456.22 
4037.16 6722.05 
1651.76 7207.69 
7963.82 2836.63 
9702.97 7201.19 
3021.6 8823.38 
2490.94 7001.79 
4644.17 1454.44 
3500.03 6553.87 
2582 9491.04 
1734.34 7111.52 
1235.32 9874.16 
6252.67 6802.55 
7823.31 752.98 
9064.02 3275.73 
924.723 7696.04 
8731.95 4961.88 
4418.07 383.696 
2169.55 2381.88 
3220.33 1872.5 
9583.07 6241.93 
695.863 2074 
3243.7 5340.04 
3528.44 6743.73 
1893.88 6110.44 
6234.76 3628.23 
3221.94 7470.07 
3502.37 9474.61 
4272.61 1325.66 
227.577 3336.61 
4601.39 1152.3 
1032.63 3333.33 
6114.18 5450.7 
3717.02 8283.74 
7832.58 6937.35 
156.221 7415.64 
3179.26 852.084 
9489.64 6422.96 
6192.12 3018.06 
3166.68 8086 
9128.49 9401.43 
1714.21 2350.42 
6871.49 5216.58 
1825.02 1144.08 
6542.24 2052.59 
4480.68 1143.61 
3204.9 5513.31 
4476.94 9319.08 
964 8193.96 
7602.79 8796.58 
5131.29 7759.02 
6212.21 8310.55 
8611.1 5701.83 
4733.49 4803.2 
8719.89 7900.17 
2889.19 7848.36 
7301.58 4603.4 
198.768 4173.06 
9819.98 2023.79 
5317.13 6362.2 
4076.38 9797.82 
7505.81 7281.28 
5311.11 1982.72 
6600.34 6275.11 
176.666 4203.11 
5071.68 5307.95 
1962.11 1283.87 
3618.49 573.196 
6985.7 8351.98 
5376.4 5705.57 
6252.13 8265.58 
3553.92 3553.69 
2868.97 3752.68 
7726.75 2688.92 
5776.47 3043.87 
9051.12 9852.85 
2841.67 6556.91 
7134.11 8152.78 
8539.63 3734.43 
4427.88 8716.3 
7937.54 9499.56 
4024.24 9899.66 
783.418 7642.72 
472.837 7769.12 
5994.68 5849.23 
3474.67 2246.8 
4114.8 7028.59 
5800.49 6983.77 
781.253 3527.22 
9672.69 6557.72 
6571.09 8723.8 
6410.56 9412.75 
5280.69 3544.65 
7565.52 3820.3 
7279.08 1993.38 
2536.59 5216.61 
1492.93 6560.82 
5116.25 2276.35 
4203.53 5589.08 
45.4468 198.197 
1438.3 3520.12 
2444.99 5553.1 
548.687 8245.48 
2536.85 1329.94 
1772.69 2209.53 
7887.66 8343.77 
933.309 4298.2 
7756.51 6214 
7842.85 5322.02 
34.2842 5121.92 
7315.4 2570.87 
338.508 8808.32 
9131.7 5454.76 
1084.65 3335.21 
1043.82 1130.1 
3533.4 2482.13 
4650.22 5978.4 
8035.23 5198.9 
4223.86 572.067 
6528.84 5996.55 
2781.6 4416.49 
4340.31 3714.91 
8714.69 2096.8 
9928.9 6557.53 
7418.82 9963.19 
1679.43 4734.2 
2534.04 2017.94 
3542.5 1665.72 
7472.7 4627.16 
5000.93 8516.52 
5757.26 8534.33 
998.627 407.458 
4512.71 9033.86 
5606.36 8736.57 
9605.92 2135.19 
4733.1 2387.5 
6551.68 9073.41 
6102.41 5266.36 
1170.2 6031.29 
1823.87 8589.01 
5994.46 3503.3 
3323.19 8528.5 
5521.24 6865.7 
194.206 2993.92 
1492.84 5195.13 
1510.42 7250.1 
3729.45 2509.05 
7657.56 8242.16 
1542.89 3263.9 
6978.71 1148.79 
5399.09 1711.8 
3536.3 1950.75 
785.196 9638.71 
7217.11 1955.39 
5669.98 9040.98 
544.389 1664.43 
2544.26 3867.58 
192.918 8065.5 
733.265 387.124 
1059.4 2226.1 
5582.26 2569.82 
9476.2 9311.7 
5078.87 7133.74 
7553.84 6621.76 
397.623 4532.54 
7770.56 5796.71 
6244.34 1306.84 
7747.46 7029.54 
945.527 4964.55 
8984.93 6615.51 
4005.51 9529.32 
8279.94 6549.77 
3396.89 8472.86 
4615.26 4130.15 
8859.99 5674.66 
6356.26 4442.23 
8244.49 5832.44 
3753.91 3323.34 
2966.17 1307.74 
9945.1 3363.79 
5840.28 7715.64 
9160.5 2084.6 
9022.48 6907.95 
9114.14 9968.01 
1872.48 8099.06 
6583.5 5878 
7628.36 4863.43 
2427.75 1025.23 
3336.27 7043.01 
5155.38 2196.24 
2717.66 1511.62 
6638.47 962.129 
7344.06 392.362 
4285.47 310.212 
1700.1 4230.56 
3674 7540.38 
1946.19 2834.49 
9624.98 968.649 
9742.43 8739.11 
936.639 1614.9 
6838.14 7520.14 
7492.9 4466.49 
2383.55 9920.65 
5491.72 5719.83 
6963.64 647.079 
7916.07 9681.3 
2158.7 4554.52 
643.415 9502.76 
4946.88 4928.89 
9812.98 6646.98 
9159.45 3486.96 
4187.34 1105.62 
6321.45 3812.31 
2074.27 6063.86 
2551.39 3010.91 
7678.76 9389.54 
531.032 5171.64 
3856.01 2914.58 
5092.27 9347.72 
8634.41 2055.9 
9994.8 6550.46 
1737.19 2153.49 
1104.96 2380.6 
1656.23 6051.85 
7309.49 1469.19 
2698.81 6468.92 
4956.15 6886.15 
7574.54 1277.58 
698.442 9648.81 
7341.44 3249.84 
2659.7 5020.19 
2639.36 3190.73 
191.814 6495.37 
6105.32 5284.09 
5843.07 4739.71 
7339.99 5837.86 
1290.16 9077.18 
7991.34 2395.12 
1457.76 9647.58 
8446.97 8767.25 
1116.75 1145.76 
5236.16 6072.91 
8031.92 2810.69 
7350.49 8730.36 
2459.48 4691.92 
1980.18 5119.19 
9712.1 4619.53 
8309.92 9903.92 
1114.88 4415.22 
5187.99 6957.95 
9154.93 2527.96 
2795.8 445.073 
1605.12 787.123 
2840.19 3062.88 
434.684 1287.15 
1830.12 1551.44 
2432.91 7066.28 
7624.34 464.809 
9876.97 4974.81 
9195.17 2336.43 
9666.73 1175.33 
7455.62 9378.82 
5794.86 5765.52 
9282.72 6909.74 
180.725 4470.69 
3867.68 9335.66 
6998.65 6663.48 
9780.73 8603.77 
7450.6 2620.91 
1666.64 7885.28 
3908.06 3496.76 
9436.72 6340.97 
563.025 7061.05 
6805.77 439.976 
2035.84 6000.92 
2776.41 1702.56 
7176.25 232.011 
1081.36 2971.09 
5997.53 364.06 
9880.84 6178.26 
4834.75 3748.5 
5513.9 1833.39 
411.957 5294.61 
437.144 7862.56 
7915.52 2103.78 
5747.82 1823.56 
5600.55 5184.52 
8164.53 6163.57 
2245.55 4970.28 
6603.55 4281.4 
971.191 9379.96 
5983.96 8147.44 
9611.97 7065.31 
1118.52 5609.48 
7429.37 999.339 
