200 2
7285.62 8586.64 
2141.19 7917.58 
3736.11 1866.97 
1461.99 9641.56 
3113.9 964.91 
3861.87 1260.7 
2254.78 2396.01 
6176.66 5482.48 
7152.96 4058.02 
9448.52 3323.23 
2716.41 9820.56 
9702.46 7628.56 
7588.67 4719.97 
2489.75 75.6089 
8556.17 3174.63 
8558.28 5841.78 
1761.25 699.446 
3759.34 5497.36 
2566.42 5221.34 
5138.9 5680.32 
6186.25 9000.77 
6941.02 8441.02 
1396.76 3117.66 
3923.49 8549.72 
7175.68 3371.99 
1872.94 9892.08 
3192.54 1575.39 
7520.62 781.191 
6295.35 10.3548 
856.799 4851.51 
3184.98 9415.07 
693.273 4946.23 
114.504 4452.62 
443.58 2680.92 
9673.96 5582.48 
8361.25 5860.19 
4583.24 5302.25 
4301.19 5980 
8419.91 8224.68 
4529.71 5595.57 
1596.66 6402.65 
5487.64 4789.19 
7978.04 3008.24 
5570.38 4273.37 
3018.6 6427.18 
9124.89 6203.58 
5842.24 9818.16 
1149.79 5956.75 
4270.76 1593.37 
8637.67 3944.7 
7175.86 6998.9 
9804.88 1759.08 
2301.13 4106.06 
7739.08 721.021 
2330.73 2268.77 
6316.59 3927.38 
8671.42 1804.21 
8716.58 6649.44 
4812.45 4286.95 
922.797 7831.05 
714.113 47.6658 
4034.61 6556.35 
9865.82 5184.4 
2513.08 4136.57 
6777.77 1150.73 
8081.26 3953.61 
8149.63 7886.13 
5712.69 450.746 
1992.17 3451.75 
1171.77 4322.9 
5720.52 7488.36 
8250.28 4391.92 
9292.57 6966.84 
1041.35 4105 
1253.77 1964.14 
1936.03 1967.88 
2011.81 5970.64 
8524.24 1877.62 
1155.02 1037.3 
6014.18 7932.79 
2188.04 4095.43 
1886.38 337.653 
1981.54 7599.07 
788.398 3973.71 
1050.81 1960.16 
8296.61 6771.33 
9448.52 6546.87 
1163.24 8741.07 
3513.7 2204.58 
2846.05 4767.47 
4168.73 4782.08 
6735.35 6180.53 
752.702 5259.58 
8058.15 1907.72 
6296.88 4072.32 
9840.51 8484.92 
8167.75 1726.88 
8822.57 149.269 
9325.95 9610.97 
4122.98 376.742 
1571.11 2419.57 
7148.07 1019.62 
8966.45 8311.31 
9760.69 2480.13 
515.875 2606.73 
7247.6 4684.6 
7388.81 3982.94 
865.117 8141.51 
9242.51 8923.27 
49.2139 5539.38 
2995.57 9889.72 
4024.27 1163.29 
1616.58 2846.83 
1312.56 942.516 
2457.78 5435.54 
1319.26 4028.89 
7855.12 8467.33 
5048.51 6821.55 
6778.62 4809.18 
9301.68 7294.5 
7415.91 6549.26 
1979.08 4804.7 
532.179 2844.2 
2946.2 9774.69 
1767.45 2995.41 
5314.05 4763.01 
2885.12 9338.33 
5926.31 4501.7 
2185.13 7238.87 
5444.22 4642.91 
2674.4 6763.48 
8671.8 529.496 
5230.79 3720.29 
7351.04 2009.39 
8529.48 6652.7 
9303.89 5945.37 
3201.94 1282.96 
750.057 3734.12 
4127.15 3696.25 
3508.8 5894.6 
6691.67 8822.85 
657.595 9576.78 
8161.15 6583.9 
4078.47 346.271 
3822.75 9522.68 
4989.18 6497.15 
6286.14 3660.96 
7026.64 1516.91 
7381.26 4377.67 
3526.31 5910.72 
1030.35 2830.18 
1856.07 4232.29 
4113.14 2606.13 
7966.42 8240.29 
6302.38 1475.19 
4134.88 2994.03 
298.023 4792.47 
2570.8 8459.18 
1376.35 6649.27 
8805.45 5199.11 
6171.93 3794.61 
1696.24 2458.06 
7455.58 8722.88 
3974.97 4836.82 
3100.53 7501.28 
747.52 4130.88 
331.446 2603.59 
8363.18 4444.58 
5209.72 6329.58 
2684.86 1512.09 
7804.77 6819.74 
4506.12 8102.79 
1612.19 7076.92 
6561.95 2988.54 
3726.17 5367.39 
8187.65 9898.11 
9162 9883.89 
2356.15 6617.56 
8606.75 6331.12 
1454.36 1707.26 
3832.38 2201.88 
5838.15 4163.83 
4805.47 4201.31 
8608.41 15.1786 
530.87 1293.26 
1527.27 8335.64 
8112.99 6033.39 
6438.42 9725.18 
3110.3 3000.35 
2713.7 6836.47 
8367.74 901.336 
6734.56 7529.72 
785.205 9090.71 
4147.26 9391.95 
5421.81 5601.62 
1099.2 9254.19 
7803.5 6937.35 
3418 2608.96 
1138.64 2026.39 
2624.14 1669.51 
