800 2
421.669 3836.28 
7358.72 9307.76 
8241.23 4936.13 
5506.34 4098.94 
9686.6 3452.54 
7072.23 9512.11 
8612.94 6470.77 
8184.07 24.2267 
1086.92 9088.62 
3363.41 5889.95 
8739.1 119.839 
9188.75 4478.34 
9381.84 7383.15 
7349.61 4116.44 
2822.47 9944.59 
15.2924 3244.14 
3780.85 7374.01 
2551.88 2022.07 
2310.12 8058.22 
6121.01 1996.7 
1510.75 3193.22 
1508.79 123.669 
9663.99 9692.86 
147.896 750.893 
8781.47 3511.3 
6640.85 7520.55 
3631.14 5829.58 
1998.87 3012.96 
3212.71 9348.48 
7129.4 6035.18 
9293.05 7144.69 
9279.31 3073.88 
4518.68 1831.18 
5095.95 6828.8 
9889.4 1216.94 
8825.5 1400.13 
4410.16 334.274 
1523.8 4074.13 
27.1197 1671.69 
4825.02 8808.59 
5183 1465.85 
6329.12 8814.14 
7295.43 8327.99 
1827.08 508.12 
7676.45 8956.48 
6543.3 6969.48 
6101.16 5822.59 
43.3454 619.826 
7653.77 5139.3 
7448.63 7543.15 
6356.24 6274.11 
8943.28 766.378 
6608.39 467.065 
4840.51 6635.51 
2138.76 9665.53 
5444.08 7321.75 
1131.37 1773.18 
6135.87 8426.8 
101.147 7962.96 
8934.92 7777.6 
6919.42 5478.2 
4747.06 3020.57 
1300.77 4790.4 
3640.39 8954.54 
9929.7 1089 
6497.68 6285.92 
7363.12 5440.95 
7052.3 3971.48 
5908.01 1892.79 
606.973 8046.77 
1558.3 6051.05 
5368.51 2689.67 
7824.23 1504.37 
1116.45 7925.37 
9467.32 51.3529 
5702.95 6386.73 
5529.55 449.993 
9407.29 6830.32 
5240.4 3047.67 
5784.85 5170.08 
4136.67 2282.51 
1455.98 1499.77 
7723.46 8508.28 
5471.26 3631.46 
401.051 6078.23 
1678.21 1959.36 
2129.26 7046.72 
4649.03 9953.49 
8551.08 5765.48 
7878.84 8018.39 
5816.83 3581.78 
4405.1 1346.37 
4031.77 3812.38 
8176.69 9272.17 
6860.05 3961.52 
4442.23 996.704 
6244.04 5898.21 
2496.48 3967.48 
4406.47 7967.73 
7598.94 4807.52 
4045.94 9277.15 
6766.88 6175.21 
6323.85 1415.89 
6128.68 4874.92 
7181.37 4007.5 
2893.3 2998.19 
7589.28 7298.4 
4344.56 1621.04 
1110.76 2521.23 
893.19 7970.81 
6482.75 5335.42 
8967.51 2726.78 
1233.61 1463.97 
6694.26 5640.09 
9431.7 4293.18 
447.595 3477.63 
3570.32 7214.47 
9652.83 9894.18 
8630.37 5781.5 
4769.08 5811.72 
9789 7662.38 
8809.91 7378.27 
4960.76 3154.45 
8999.31 6071.51 
5675.68 9892.5 
4042.3 2158.42 
5227.9 3009.8 
4885.19 6461.51 
4473.77 1579.43 
2101.58 3905.45 
5872.62 2549.18 
7383.08 9442.94 
9763.65 7035.9 
9337.1 8394 
2817.38 4106.16 
4205.71 2606.36 
1768.52 3015.6 
9984.63 6729.28 
6170.05 8983.92 
2800.78 1845.71 
8876.4 6843.08 
4004.13 4104.28 
9852.88 8889.32 
565.777 4326.63 
468.737 2667.36 
8232.08 6341.36 
5216.54 5615.14 
5784.28 4980.17 
2651.02 5121.36 
3374.16 5468.4 
9227.52 7579.86 
8074.76 996.025 
595.447 8059.38 
7725.3 6765.5 
7043.28 526.061 
8611.21 5919.66 
7369.14 2615.32 
23.925 7222 
1504.62 589.702 
1548.61 1973.36 
3257.06 9780.69 
8314.71 8473.6 
5395.81 4098.98 
3453.76 8046.84 
9220.33 6827.91 
3515.22 8447.84 
4407.76 1589.97 
9443.86 5003.21 
9649.34 7169.15 
1768.69 6692.61 
7695.21 379.882 
2612.25 5064.33 
2995.2 2636.18 
2286.32 4499.82 
3225.88 3834.93 
6473.18 6482.94 
3615.6 4787.88 
4956.52 9011.41 
8886.86 8410.28 
7058.23 8107.18 
5238.18 573.436 
6555 9645.94 
2163.4 5998.85 
4649.13 1812.73 
3167.98 6417.82 
8505.34 863.172 
6797.7 1117.57 
5927.51 9792.9 
3753.75 8213.82 
4292.71 6979.63 
2048.73 765.878 
3462.55 5664.33 
5553.76 8419.08 
4675.73 4440.6 
6829.34 1733.94 
2547.76 2067.5 
2307.38 9102.76 
1713.42 4470.78 
5101.59 6362.55 
6283.51 8269.56 
2780.35 4788.84 
9132.74 9578.06 
5906.41 5060.23 
9370.94 9660.16 
3274.03 3663.64 
6639.77 5322.77 
4429.52 102.307 
987.083 9983.27 
8521.38 5662.81 
4423.86 5350.7 
7396.76 6971.62 
7418.2 9704.13 
6074.36 9131.62 
4174.9 1175.93 
5494.15 458.396 
9445.49 8274.5 
5247.23 8578.21 
7852.54 1153.62 
3638.42 7223.47 
813.768 6912.45 
887.09 7453.54 
2235.2 5316.61 
7555.85 3222.28 
5299.86 6077.21 
8885.1 9723.72 
1427.9 6281.83 
6695.32 8846.1 
5985.95 2769.66 
7977.7 160.833 
3945.59 3471.83 
619.229 3391.06 
1746.31 5866.46 
1969.25 9598.86 
7020.09 5607.67 
6822.31 7833.85 
2520.1 7709.4 
5287.38 4755.3 
3025.99 2843.21 
7977.59 8325.85 
8920.42 6862.67 
8049.56 348.299 
3144.48 4744.86 
9194.39 9130.43 
7514.52 7172.07 
9291.27 1460.09 
643.884 9910.5 
4851.15 2390.2 
5776.94 6820.4 
1989.04 2797.01 
2428.06 8811.35 
630.846 4948.16 
6520.73 5918.22 
9703.46 9546.72 
8761.43 7681.03 
7872.56 7681.83 
4543.68 5922.1 
8030.13 7688.16 
666.943 7224.51 
6818.58 8181.47 
4396.56 6109.83 
9641.56 5040.45 
6020.31 4492.69 
7430.64 1797.24 
1313.08 9419.68 
4594.24 3741.13 
8231.02 5225.09 
8689.29 4751.73 
1143.3 8392.74 
4298.44 9904.72 
6073.75 2170.98 
7586.54 617.415 
8093.08 5616.65 
8305.58 8760.02 
2841.14 5124.15 
6941.47 7237.7 
1233.96 6583.01 
2278.13 7254.27 
1075.69 9708.77 
9051.51 2388.77 
9128.44 3645.74 
6129.9 7359.44 
8870.83 4819.18 
2111.16 14.1048 
3211.9 6409.6 
9918.83 9285.65 
8580.58 7505.35 
9903.06 6673.64 
3121.98 8208.63 
5433.64 5963.12 
3332.76 2375.1 
3200.8 4566.72 
8958.11 5478.93 
1820.97 33.78 
5187.69 872.462 
2422.55 4316.11 
4518.2 8552.45 
1675.54 3389.01 
3371.61 3786.7 
3403.11 6583.51 
196.276 3321.92 
5869.14 8776.85 
827.257 5772.19 
5450.48 3949.24 
3980.8 884.101 
9912.36 7313.55 
3259.2 3113.15 
1880.25 2217.29 
8592.08 3701.22 
2251.07 3779.75 
4573.68 4673.62 
8095.87 9091.88 
3226.05 9771.4 
2480.87 6597.66 
3558.08 5883.98 
3181.15 3754.36 
9205.91 9050.29 
2531.2 33.1449 
4822.46 7981.67 
3982.38 8803.26 
8865.77 3894.73 
6116.8 2124.95 
7007.88 7997.05 
4342.24 5599.94 
1698.26 6593.31 
9379.69 6271.94 
1266.91 7475.54 
5363.81 4492.96 
7246.93 7844.68 
1090.6 804.998 
3728.64 4271.76 
4559.36 2934.53 
3322.03 7090.55 
2967.67 8144.5 
5072.21 6950.06 
6947.74 3937.96 
844.77 3064.52 
6062.91 7852.65 
1061.56 405.135 
3452.57 2759.81 
6998.44 2832.25 
9031.75 8265.35 
307.772 4395.54 
2758.3 7554.7 
2240.2 3848.9 
8359.7 5968.84 
8120.66 2919.04 
8903.37 1442.68 
9.57648 1871.03 
9587.17 5081.78 
8821.09 6534.9 
9019.74 9665.86 
9599.42 5082.64 
7518.49 660.964 
5487.77 971.037 
3420.78 2486.2 
3803.28 2452.51 
751.535 4111.06 
6848.05 3509.83 
1665.74 9088.25 
7358.73 25.4257 
5057.08 5479.37 
2944.47 3960.43 
6922.05 2954.04 
5831.46 6509.21 
8035.83 4652.53 
3044.09 7055.55 
4318.37 2643.5 
2138.17 1836.84 
3304.46 7625.94 
2807.88 6725.24 
112.123 6611.16 
9177.75 863.658 
722.199 6025.79 
4373.49 2387.94 
5114.02 1732.2 
2413.37 171.087 
7211.58 5357.83 
4131.52 4133.61 
8311.88 9962.98 
642.796 6347.69 
4615.5 3686.88 
3403.22 8933.87 
6330.38 5541.39 
770.694 9634.84 
3167.31 3578.57 
6360.06 3279.44 
189.715 5537.79 
4143.09 911.914 
1563.56 8516.58 
3299.85 6677.58 
248.77 5713.22 
6848.67 7460.35 
1071.04 980.175 
1593.94 9382.91 
943.142 2236.73 
5730.58 5558.64 
5923.62 9133.8 
4492.5 2253.98 
4675.17 5263.19 
1888.8 7842.48 
8841.76 8248.86 
1121.9 9031.48 
3786.63 5265 
9943.39 5350.19 
3781.56 3243.23 
2027.76 4030.33 
8956.45 8876.43 
1490.66 27.4717 
9856.6 3084.6 
9410.39 799.727 
5321.33 5140.95 
6358.37 1244.93 
4274.73 850.847 
3498.91 8949.9 
6114.04 5387.71 
6792.37 4955.78 
3636.55 7914.27 
3987.24 7423.18 
3179.25 3930.62 
2773.35 6960.81 
7173.85 4801.11 
991.126 6130.28 
3677.52 2481.79 
6157.75 3534.1 
5566.39 5568.12 
4333.83 887.701 
709.055 692.179 
2132.63 4983.79 
1543.03 5631.54 
3933.67 7657.06 
1019.24 726.024 
2612.83 4655.79 
8640.29 6600.07 
2078.95 1819.53 
530.672 4852.3 
8780.34 7704.52 
9653.41 9771.46 
3834.78 3330.91 
2253.23 9992.54 
6865.01 7819.62 
5560.64 1198.82 
8707.32 6269.7 
1891 839.938 
1253.47 3434.02 
6471.48 5187.14 
1091.07 7490.72 
5913.17 3703.9 
2146.49 4553.44 
303.952 4225.44 
6372.97 834.624 
9077.74 5153.29 
8539.14 8731.13 
4924.74 2373.91 
2062.02 7177.98 
2366.43 8927.03 
4997.58 7927.08 
125.836 3704.88 
4196.76 2016.83 
4544.82 5450.23 
5450.86 1016.29 
637.352 6541.93 
8507 6550.52 
245.81 653.476 
1103.94 549.762 
4878.91 7476.91 
1384.39 3956.64 
2630.19 9923.53 
2687.75 7554.93 
2297.43 4749.78 
4732.89 4663.86 
3676.79 9730.47 
2590.92 3802.63 
3435.33 6787.68 
5819.46 7980.16 
2237.89 1270.3 
8996.44 2875.24 
7812.23 7503.43 
9425.76 8058.04 
8156.91 529.688 
8607.8 3035.8 
8006.6 9992.19 
6992.44 636.775 
9915.7 9680.19 
8191.71 2213.11 
4429.95 2924.58 
6876.97 8106.74 
2655.03 9467.89 
1909.35 6090.36 
6255.56 7728.81 
4070.5 8493.45 
8999.12 3066.93 
1368.68 6811.33 
570.341 794.42 
4869.36 8727.25 
1324.11 3477.14 
1763.04 9330.71 
3469.32 8755.47 
9967.49 3385 
8435.65 8159.17 
5598.12 2865.58 
1083.73 2475.07 
972.306 3738.76 
1942.95 2881.66 
9829.12 8198.5 
610.455 3899.6 
6691.93 9609.57 
6966.53 8060.61 
6420.89 7536.87 
8855.03 1290.23 
6264.1 179.12 
4767.37 8027.14 
9509.83 8236.69 
6782.59 9477.3 
1621.68 5218.23 
7636.46 7219.8 
8083.81 8720.19 
9694.87 9056.11 
2458.93 1637.8 
1937.75 2288.03 
9836.3 2548.21 
6187.63 6528.22 
2157.76 3154.14 
4588.81 8578.65 
690.996 3443.82 
9868.88 6955.1 
3622.94 4636.24 
4982.21 3132.76 
2872.91 1764.79 
2610.04 4494.59 
6983.02 246.479 
1714.37 5066.8 
8966.67 1409.22 
4122.9 1425.58 
3047.02 6060.65 
3713.61 2883.3 
8608.86 9901.25 
9411.52 766.605 
3055.38 4000.32 
9345.26 3746.37 
7444.14 9214.12 
701.451 1067.07 
3850.34 5683.67 
4199.83 6723.25 
7448.46 6809.87 
1217.82 4431.45 
7056.35 2932.19 
9498.26 6023 
4341.41 3621.14 
7448.58 7388.43 
9681.79 1162.18 
271.717 8290.64 
1063.41 9683.24 
9057.24 4118.79 
3683.54 8402.48 
7865.16 1127.67 
7616.58 8566.61 
2194.74 1466.9 
4250.26 6394.58 
8190.15 1698.7 
3204.43 9407.97 
6130.15 260.761 
2340.14 5628.4 
6283.76 6681.56 
9249.54 3732.33 
4069.97 8931.31 
4894.51 4341.68 
7221.93 5957.92 
4024.91 6279.16 
76.6929 7708.45 
4681.62 7941.85 
8836.13 2298.18 
6508.45 1030.85 
3765.08 758.69 
7425.43 1955.22 
2457.39 629.841 
1363.17 8587.54 
890.602 3703.32 
4215.92 7174.36 
384.856 3465.44 
906.674 4454.82 
2396.74 5801.18 
8796.51 9618.67 
1759.09 2821.4 
5897.81 1835.78 
529.836 579.408 
9777.63 9365.96 
2877.59 6286.06 
396.8 6642.68 
7044.75 7822.23 
8597.89 9502.14 
8452.07 9961.07 
8089.67 9342.67 
3664.37 2305.57 
6517.02 4049.22 
5771.01 7423.69 
8504.05 8167.75 
3224.86 7300.54 
7786.4 4983.94 
121.918 3684.19 
6819.72 651.754 
4263.6 6597.34 
17.6994 7141.19 
2883.39 414.499 
3783.85 9928.14 
8236.73 2381.73 
9430.27 6688.78 
2342.78 7519.92 
6031.44 6007.14 
9825.49 2548.44 
56.348 5596.49 
9972.13 8560.39 
3764.22 3196.97 
5860.91 1550.61 
8180.91 5982.83 
5234.8 5000.62 
6634.59 9498.4 
1597.94 6652.28 
6639.57 4481.33 
7066.78 423.405 
4409.45 5303.5 
2805.13 3839.7 
1992.26 5147.91 
1359.6 8023.69 
1155.03 1185.07 
572.113 1211.38 
6781.56 544.224 
9771.77 545.765 
3741.19 5632.67 
2096.37 1922.09 
1615.48 7331.17 
6922.7 8250.07 
6829.55 8520.64 
4902.34 3469.11 
3001.95 1969.1 
3892.51 7411.4 
7272.6 6697.64 
1251.08 9264.86 
1845.53 2610.68 
7288.53 3000.56 
3795.76 7860.65 
4211.94 577.303 
8404.87 3983.7 
1123.07 2146.05 
9616.37 3219.44 
4068.13 1231.83 
550.592 990.818 
9481.9 7380.14 
9511.46 4384.22 
849.23 2513.4 
6353.32 4741.74 
9924.8 3625.91 
1439.36 1175.87 
2890.75 3284.89 
3786.55 179.263 
6285.46 7582.31 
8039.91 497.38 
8159.62 6444.77 
4481.08 9282.69 
8590.81 4097.43 
2502.11 2658.93 
5329.26 3052.7 
3649.74 4811.14 
432.824 3161.19 
9195.36 1282.05 
5674.59 5548.67 
6023.79 5599.37 
9174.58 7463.16 
6775.24 2065.3 
748.037 561.781 
2244.57 7033.49 
8144.1 284.462 
7530.87 6303.69 
6729.23 2011.93 
5586.36 5320.02 
6109.36 8088.47 
7978.95 1438.6 
1141.15 1628.67 
6249.74 1573.98 
4789.86 5445.09 
2856.03 464.433 
993.743 8879.83 
6063.81 168.302 
6342.97 2839.03 
2233.61 7091.01 
3400.81 4478.17 
4124.48 1544.89 
4762.64 1655.34 
7848.59 1491.85 
3667.27 3434.93 
6811.87 9776.63 
1523.39 4790.8 
1215.22 2664.54 
6419.47 7464.96 
4238.52 1209.31 
2910.03 7094.55 
1673.75 3903.77 
5974.36 7737.55 
4072.08 2317.31 
576.571 6305.68 
9408.32 3977.39 
783.84 3532.78 
5522.28 5546.48 
5188.12 3370.85 
7038.32 8855.39 
6805.78 3850.17 
8632.01 8329.17 
8640.97 9847.22 
993.694 5060.42 
7312.17 5232.21 
6269.73 222.179 
2326.74 7943.48 
4125.95 8301.1 
5681.02 8198.03 
618.399 6257.59 
4503.69 26.7006 
234.959 5287.53 
3559.48 5757.24 
833.992 8747.61 
9128.09 7872.32 
7602.98 5933.85 
1722.47 6234.98 
4263.01 363.423 
6082.18 5256.7 
5423.84 3394.33 
488.894 1693.56 
3616.51 2815.64 
9637.04 7742.46 
1116.73 5318.05 
5940.47 1735.13 
1575.62 444.148 
1761.83 1810.58 
5731.68 5321.31 
7567.82 6565.67 
4068.9 6695.89 
4437.97 1671.87 
2629.72 6160.44 
7906.84 6892.73 
6523.86 3989.01 
2149.41 1947.69 
7383.34 2638.3 
3641.25 999.833 
5453.94 3278.28 
8742.3 6570.67 
8596.32 4682.75 
8305.79 171.927 
5126.9 67.6043 
1982.51 858.563 
5388.91 9550.32 
7424.24 9457.81 
6246.19 1862.19 
1129.67 8875.91 
8022.63 9036.51 
5768.62 4546.48 
3025.5 7918.03 
6494.17 408.824 
556.321 135.405 
1408.66 6010.26 
3413.68 150.936 
2580.92 2009.99 
4833.69 886.694 
2181.92 9960.59 
954.298 4164.42 
819.132 6343.21 
3714.73 8243.37 
5801.01 9960.92 
105.541 6930.68 
8836.81 8128.17 
5967.17 4605.42 
2674.63 8992.67 
2523.44 9168.8 
9401.49 3079.76 
9304.21 810.134 
9090.02 2717.88 
961.07 1670.92 
4727.87 5794.76 
2557.61 6909.79 
5755.33 3511.91 
1074.19 6574.46 
9855.12 4788.92 
4817.81 5656.12 
4749.82 4923.35 
2586.78 3586.61 
3051.51 8553.94 
8192.03 5726.14 
7546.59 715.453 
4894.93 6948.07 
3795.21 4199.12 
7758.2 2885.21 
6917 8719.27 
4556.13 1644.85 
4514.01 7113.74 
8554.63 269.324 
625.636 9628.83 
6843.78 480.743 
4417.73 1661.58 
6136.86 9167.55 
6584.93 8723.64 
2754.14 9636.43 
7277.56 946.161 
5362.56 4824.14 
