1800 2
2134.19 4672.67 
1291.56 2349.57 
998.789 6948.16 
9063.59 9213.26 
3622.18 3791.62 
1324.84 8711.52 
7482.88 724.533 
8800.47 7782.73 
3560.48 7018.27 
1207.91 198.748 
9134.86 4826.53 
3089.09 8114.6 
9669.35 2741 
7055.52 1170.85 
9106.73 6370.24 
1713.79 1240.9 
1042.89 3005.36 
3590.47 2041.68 
9953.51 2654.04 
1254.92 3575.68 
6445.66 2579.76 
2287.18 3928.53 
3304.3 1087.63 
1711.24 6864.77 
8105.9 2919.16 
7063.52 7240.74 
7745.69 152.596 
5355.32 7415.02 
2893.59 2410.83 
8585.87 2000.31 
8781.06 299.65 
3241.21 9823.95 
3305.01 6831.69 
1865.61 3258.5 
9485.73 3120.53 
6834.18 5931.38 
5700.29 9121.36 
9859.9 9004.59 
208.971 1571.13 
5869.34 8314.88 
4490.29 2932.85 
5555.6 2235.96 
3085.45 910.906 
9650.98 5979.04 
3321.73 8236.83 
7979.35 2102.78 
8536.48 1220.55 
1926.71 1841.47 
8052.23 3792.32 
5099.98 7537.95 
6912.85 1934.14 
3469.31 2613.12 
1055.48 3329.19 
1617.69 1264.45 
4900.33 7487.04 
9579.33 9390.62 
419.87 5134.91 
1626.56 3505.32 
6045.82 1277.52 
9484.36 9367.55 
9514.36 7463.69 
1470.31 8050.83 
8684.24 3397.02 
9892.3 6736.45 
7189.34 4992.26 
4274.38 4102.17 
6926.4 7743.69 
6715.29 7981.89 
1072.87 8332.98 
9246.34 5973.19 
5820 8825.65 
5363.79 6239.87 
3960.55 6990.35 
9745.19 6.34935 
8267.88 9229.53 
9373.9 7782.22 
6693.2 844.192 
5833.03 5377.42 
4241.21 5725.31 
2113.86 1430.53 
717.559 6388.24 
5532.7 7643.96 
4131.92 2247.97 
5625.83 5204.78 
580.934 4872.16 
1177.96 6400.93 
3697.79 6541.75 
2640.78 7658.34 
3532.09 2385.95 
7664.69 1799.95 
1615.46 7038.57 
9582.17 8308.66 
7882.76 5415.18 
3686.06 2123.96 
1140.48 5799.92 
3554.49 1858.04 
2188.15 9087.19 
9502 6320.06 
1335.15 5127.82 
1524.82 1916.08 
9999.97 2702.78 
8317.01 3697.75 
9244.53 957.779 
1356.08 2776.61 
3343.73 9020.77 
4576.56 4959.19 
6059.32 4158.71 
3267.84 3942.07 
9573.9 6953.9 
6066.03 714.361 
2753.8 9620.52 
2572.4 4941.95 
8707.7 2074.39 
1261.99 42.8238 
7202.21 2786.81 
1958.9 7202.16 
5489.6 275.898 
899.898 4734.11 
1233.68 2255.97 
7510.72 4577.41 
1276.72 2087.26 
9536.6 7336.05 
6245.97 2804.42 
1278.1 5819.85 
9758.32 7344.13 
6534.21 2512.1 
6964.64 9106.61 
7454.05 5672.32 
1180.98 8716.04 
5715.14 8383.19 
1502.83 7674.04 
5585.34 6992.43 
7949.94 6485.23 
1726.53 9183.62 
8741.21 9237.25 
3761.01 17.9171 
1324.49 3297.59 
7353.97 7570.46 
6102.01 8632.07 
3390.29 5860.31 
5976.19 9924.5 
8372.41 2940.81 
9031.09 5826.44 
8613.12 212.059 
4542.46 4328.25 
8595.25 6045.29 
2002.27 4180.57 
3037.71 9952.21 
665.786 4764.24 
9135.82 9407 
4001.46 2896.81 
9424.91 5325.95 
6194.4 6778.86 
2896.39 2296.39 
5410.91 6286.68 
8156.7 1387.08 
6211.16 6529.09 
4327.89 5242.23 
2355.51 2941 
5454.29 6897.97 
7269.24 4049.52 
2943.25 9271.52 
8230.09 5980.96 
9223.71 8895.88 
745.178 8359.51 
8302.86 4746.64 
1256.3 7727.75 
72.5756 7450.7 
4506.6 2968.97 
9747.09 9917.51 
9255.64 7903.77 
1304.58 5466.79 
4432.84 5632.46 
709.003 6788.36 
8573.46 6163.3 
3686.31 5842.69 
212.803 6629.56 
5114.18 8442.9 
2610.51 4337.88 
7338.76 3355.68 
2697.38 5641.6 
8102.33 3953.68 
3369.33 8174.9 
1404.36 7875.93 
1143.85 1151.43 
7793.42 399.477 
9055.2 9098 
5866.26 3488.03 
4730.45 6575.27 
276.37 3303.89 
2738.54 3962.68 
9146.57 2951.35 
592.229 4260.74 
1394.23 3202.74 
8598.62 8732.98 
6558.42 1295.98 
4374.56 4660.73 
5249.66 7743.9 
2835.61 6654.02 
5619.81 3979.46 
7805.46 3413.22 
4378.94 6860.65 
2511.2 245.184 
348.659 7241.65 
6820.45 625.029 
545.517 9558.99 
4587.71 9692.09 
2510.32 5179.94 
3952.81 3904.55 
8382.68 2551.42 
2637.52 4941.08 
3847.4 7012.08 
9601.81 9097.06 
4755.96 2437.4 
5751.07 375.752 
6416.86 3556.51 
3788.97 795.784 
417.138 6300.17 
1040.97 765.797 
3541.8 7861.42 
1390.83 4087.32 
7420.39 5978.54 
3779.39 9930.72 
1158.46 7732.2 
3835.25 9541.14 
283.601 6472.77 
4482.2 4131 
3484.83 4083.99 
3228.04 8240.79 
6521.39 8979.11 
8616.54 2938.23 
2535.6 2405.49 
3734.02 2952.74 
8705.66 4774.99 
3718.54 2247.44 
2636.39 5109.36 
6334.76 56.7657 
1087.88 114.13 
9987.48 2246.34 
7846.33 3822.72 
1787.46 8129.93 
295.467 6269.66 
2260.91 3780.29 
353.627 5488.96 
2021.06 6875.02 
4468.05 637.587 
9813.25 7003.65 
3043.08 3547.25 
9956.39 1748.72 
8322.24 3674.91 
3996.17 958.609 
8784.27 330.909 
1015.37 9872.15 
445.039 1002.84 
2118.47 8291.37 
4825.56 3905.93 
6421.28 5121.03 
175.573 8682.2 
8901.32 529.2 
4171.14 922.369 
7404.22 8639.19 
1559.96 7217.45 
5642.82 4603.03 
764.682 5599.19 
6351.76 9086.92 
9274.1 347.907 
45.5121 8058.35 
678.816 1060.89 
7930.49 1123.85 
2063.73 48.9415 
9415.23 6889.29 
3954.87 5836.49 
2010.3 4130.45 
4518.67 911.602 
4659.65 8689.81 
1833.97 2063.85 
7328.98 3393.93 
9281.29 2971.78 
7996.96 45.9586 
8570.97 4348.7 
9132.88 7845.06 
4696.61 9178.39 
5903.39 5375.42 
239.26 3833.86 
6499.28 2302.99 
3882.8 5914.49 
9192.28 7837.67 
1750.96 1202.56 
1968.1 6269.64 
2114.16 6627.75 
4959.43 3948.13 
8691.6 2288.39 
7342.06 7972.87 
5260.18 5339 
8018.83 3831.13 
9687.7 7151.69 
1676.17 4384.29 
6330.07 7579.56 
9759.71 6569.33 
1413.4 6258.98 
8872.32 5296.2 
2173.45 8064.58 
3133.86 3924.41 
9267.13 5101.96 
194.027 1381.28 
1729.7 5153.46 
5329.41 421.278 
7441.85 2671.45 
8394.15 2702.01 
8010.45 6412.97 
6533.15 7698.13 
3564.64 8209.32 
2082.4 9894.71 
5788.86 1842.1 
6464.02 7202.26 
8101.08 5336.32 
2498.45 274.505 
3400.88 5632.31 
4198.91 2668 
734.251 4392.94 
4049.28 2463.95 
9546.4 9378.69 
2885.23 6988.24 
2050.12 1279.36 
9690.25 60.5457 
7692.33 6223.38 
7758.68 1256.95 
4432.68 9841.08 
1151.65 221.518 
1683.16 7615.67 
7423.78 9784.24 
2951.97 9922.23 
58.7293 6352.85 
5554.51 4257.64 
9020.85 6288.77 
8650.58 3070.12 
8752.71 8196.96 
2448.78 1637.92 
5185.18 4498.9 
2917.28 4875.42 
4559.44 609.594 
1098.78 2318.1 
1866.55 5531.45 
2159.17 3018.19 
5752.97 3842.33 
633.846 3176.73 
3626.55 3585.82 
3098.94 3685.28 
9938.67 8653.45 
7942.93 8959.51 
4942.2 6593.49 
2029.61 3694.9 
4790.44 4478.39 
5332.82 9975.62 
8977.29 8250.1 
4851.02 3536.72 
8859.7 5949.8 
5854.83 726.229 
1481.23 8013.99 
3744.42 7234.2 
1856.3 4378.27 
410.913 5482.86 
7964.09 3509.85 
9168.14 7902.75 
2163.29 7111.05 
6862.24 7105.49 
3704.53 8891.85 
800.368 8494.97 
3370.23 6133.19 
8470.57 2347.51 
4383.28 3321.58 
5884.23 3242.96 
9271.37 1739.04 
3969.19 752.588 
9753.03 7713.61 
7986.79 1609.32 
2091.86 8397.7 
7092.17 55.938 
1907.53 6260.3 
7958.69 4070.82 
3371.33 4820.91 
1176.29 7075.86 
3712.75 1976.66 
5570.81 7082.98 
8109.85 4041.36 
9430.49 2493.11 
7362.94 5314.7 
5736.06 6634.29 
7053.74 9705.25 
7386.88 6806.75 
7418.85 5373.65 
8416.06 9510.71 
3771.33 5508.22 
9566.65 5678.87 
1768.5 7525.32 
9749.69 5139.83 
2346.21 925.963 
2215.67 6058.96 
2902.62 7786.48 
3141.92 1012.45 
1827.82 2572.39 
3505.56 9190.76 
7887.09 9241.62 
5825.04 4940.81 
8946.85 3211.91 
1747.54 6365.68 
8585.56 163.585 
5876.38 2356.88 
5671.8 5443.01 
8035.75 7440.3 
2968.31 7785.42 
2580.12 5314.52 
8711.38 4795.79 
1373.46 1613.98 
2582.26 4515.39 
2626.43 4410.08 
7087.78 6131.99 
3600.83 4974.86 
5373.59 9425.87 
9915.67 4320.43 
2637.75 1663.19 
686.097 1223.3 
1826.78 6562.47 
3580.17 7498.58 
2005.46 1615.9 
4938.87 4973.77 
9401.32 7518.99 
288.277 8112.68 
2314.76 1661.74 
9726.66 4897.02 
6177.13 2353.08 
9307.1 3264.89 
8485.07 2907.91 
8239.75 3858.65 
2333.76 8155.4 
8179.08 4971.51 
9818.59 8865.17 
6194.81 1645.35 
5427.63 9774.98 
9143.93 7433.1 
1390.87 4082.79 
2406.85 792.166 
1601.75 2695.13 
8904.85 3916.52 
4356.87 8631.49 
8813.54 533.983 
984.555 8120.62 
3798.88 9469.62 
1028.51 2038.61 
3328.25 3362.26 
193.997 1507.31 
8333.77 12.5742 
372.471 4528.56 
1657.93 5800.1 
4303.53 801.846 
3233.18 5694.39 
4884.63 5640.03 
6486.56 6486.39 
8335.16 5391.39 
402.887 2692.01 
4022.86 9216.42 
3226 5007.42 
7337.02 7024.87 
4477.03 8365.53 
9063.48 7805.28 
1727.77 9257.48 
9312.59 61.5297 
9270.06 9685.06 
4590.09 927.967 
5485.15 8893.62 
1729.81 8718.33 
4588 6614.45 
4358.34 1074.54 
3100.81 2693.48 
6465.92 3503.7 
5385.49 488.77 
2720.11 8611.49 
5496.19 57.1127 
5636.35 9973.21 
8422.64 4699.81 
7778.48 150.399 
3957.28 7091.05 
211.928 3227.32 
6776.1 4802.02 
4155.29 2261.23 
3695.62 5885.1 
979.541 8283.62 
2499.53 5337.88 
9358.16 5600.34 
8031.36 5824.07 
9104.04 3416.84 
6312.84 1824.13 
2028.31 1809.01 
1881.25 7664.66 
1782.2 303.871 
2364.46 9560.68 
454.27 6321.74 
6651.71 666.198 
9549.05 3427.8 
5468.22 3704.32 
5689.03 9163.84 
9589.42 6668.57 
7447.45 2088.93 
2006.43 6805.59 
7689.27 37.7775 
2629.64 6793.3 
3454.62 8942.47 
8617.43 5482.93 
751.463 498.663 
3147.57 2533.67 
802.535 5512.03 
2094.33 1256.8 
1833.75 8746.04 
1923 1382.79 
2173.82 7391.22 
5087.11 7862.85 
6555.05 4676.51 
4531.4 4002.48 
6765.44 6537.83 
808.053 4454.7 
6575.61 3437.69 
1247.98 30.2113 
2380.15 9865.42 
5513.14 3131.61 
364.061 8660.72 
5665.28 1166.6 
4172.73 7759.6 
2423.4 6006.48 
6505.63 4346.4 
7389.27 8679.45 
1737.61 2476.36 
6542.28 8292.66 
7152.87 1073.67 
2295.12 3918.3 
7611.5 3103.18 
8373 4187.1 
6540.87 9620.98 
4217.31 8921.01 
9486.38 9730.45 
2052.61 9850.44 
8391.15 7717.88 
1017.02 2563.86 
5477.47 3440.42 
8570.35 1983.08 
7786.82 5959.6 
662.518 9524.43 
8435.96 7204.8 
7817.08 5588.82 
8278.47 112.182 
9507.12 5889.96 
3215.36 7880.1 
77.0347 9756.23 
7501.07 4294.34 
8677.22 6987.43 
4024.77 729.814 
6837.85 2415.91 
8447.7 7854.87 
4979.77 3925.15 
1295.27 3550.1 
5908.23 9082.1 
9509.7 6570.75 
8606.51 7945.65 
3775.54 6423.57 
3534.45 2053.99 
6535.75 3041.55 
7943.95 9751.11 
921.64 8020.98 
9507.32 8422.71 
2315.31 8184.53 
5410.12 6340.08 
8914.34 2247.96 
8755.99 7362.02 
102.811 3735.74 
1287.16 1398.09 
7285.84 7195.39 
480.166 6795.52 
3766.13 9086.68 
4741.15 7541.66 
5510.23 8275.6 
9595.66 2045.97 
1317.14 7539.59 
1797.07 2238.78 
5560.56 1304.37 
661.468 7875.87 
9488.9 6071.59 
4215.93 8403.23 
8319.55 2971.9 
5765.24 8422.36 
6707.64 7052.39 
9820.44 3993.47 
4247.77 300.592 
788.973 8013.9 
9387.27 5530.13 
5555.54 4897.49 
3805.71 5151.18 
6943.46 5122.85 
2690.76 8740.53 
7361.63 8251.31 
44.8856 8023.09 
6127.16 9533.79 
4094.67 343.075 
7937 2414.2 
3314.98 3702.22 
836.535 22.5997 
754.598 656.961 
4016.07 5002.37 
957.553 4805.04 
3016.24 344.807 
335.147 8571.79 
5242.3 4140.86 
3722.95 2185.74 
9263.71 6413.71 
926.252 6625.32 
4665.01 971.137 
4648.39 792.151 
504.909 8743.06 
1135.23 8441.91 
1157.24 4450.2 
2144.12 1993.77 
4472.8 2898.71 
2650.74 8488.87 
7901.08 3608.29 
3293.89 917.307 
3953.1 3629.03 
9489.09 9195.39 
7769.89 3212.03 
1381.12 7033.58 
9625.74 2307.37 
3658.88 4290.73 
3278.5 8307.28 
5082.88 3783.41 
7050.32 6218.11 
2225.31 8207.56 
668.292 4369.42 
201.319 5141.09 
7268.14 2852.05 
3629.94 5169.2 
6460.34 6923.83 
6086.51 413.422 
552.848 5575.58 
9608.81 8322.74 
8787.61 989.912 
5356.31 8413.34 
3297.28 9015.19 
2704.05 6575.78 
7322.46 7786.93 
359.179 4372.76 
4005.02 2584.49 
2580.31 4673.31 
6953.91 2781.62 
9814.41 4222.03 
5633.68 3444.33 
9391.23 2094.01 
368.146 5477.72 
2507.43 920.994 
1053.29 2116.22 
9243.74 9840.9 
3106.14 4600.03 
8254.22 6403.42 
3615.2 958.256 
2979.18 937.643 
8745.19 3338.36 
5310.4 2750.19 
5922.85 7890.71 
7423.51 2876.74 
672.316 7237.9 
7098.77 6306 
682.212 6489.99 
8400 1050.36 
1967.69 907.411 
1971.35 3020.97 
3023.64 1215.07 
2861.86 6129.77 
5815.1 1116.06 
2533.17 9430.3 
2074.32 5512.35 
367.93 819.49 
8850.71 5678.33 
3569.68 4773.55 
3569.02 993.172 
7650.29 4241.34 
8231.07 4749.04 
547.319 8913.28 
1239.01 8947.32 
9963.64 3206.7 
9854.73 1934.97 
6227.67 2878.35 
3150.04 9089.53 
9008.12 8965.14 
205.579 1541.27 
8395.43 2279.9 
7053.63 8763.36 
3099.39 5904.32 
4441.68 6669.07 
677.852 8010.7 
7662.24 8328.14 
2252.03 5893.3 
3077.16 2799.35 
4806.56 4316.17 
1746.65 4770.18 
7522.87 1601.36 
6705.16 3750.53 
4479.71 9855.2 
2840.04 3487.81 
8820.33 3045.62 
5029.08 7215.74 
5325.52 2082.69 
5979.09 8424.91 
7987.02 420.746 
5093.96 8664.87 
8431.45 2756.19 
6992.99 683.458 
8649.49 70.1363 
3482.8 3456.03 
4386.31 5229.45 
8226.21 1909.17 
6830.81 4931.35 
5659.7 1310.5 
4786.53 8499.74 
4798.31 3606.84 
1545.34 9827.39 
822.566 6870.87 
1910.07 6801.65 
5295.76 9897.08 
7222.4 389.707 
8561.93 5653.83 
3145.9 5554.9 
6337.29 1795.37 
5625.04 9820.09 
5251.4 11.3351 
5049.52 3477.59 
1920.5 1880.32 
8408.94 7580.2 
3190.82 3195.45 
6079.92 7989.13 
6802.3 7625.26 
7816.5 7624.86 
4496.11 9726.57 
4426.5 9791.87 
9623.64 1648.88 
181.56 8185.55 
7302.71 3327.46 
3740.44 3639.98 
5122.83 9365.48 
3460.05 374.205 
9376.82 8509.57 
3851.79 1297.3 
389.875 2260.72 
8877.5 3580.69 
5456.17 4957.4 
1569.8 2258.45 
2582.65 9386.31 
9883.31 7078.76 
9112.86 4309.79 
6870.61 8736.49 
5958.67 7052.17 
6922.02 3261.36 
379.612 662.447 
6901.33 5502.44 
27.9134 361.364 
5876.64 9404.73 
8870.94 9728.44 
702.018 9260.81 
1989.14 9579.52 
2841.49 7445.31 
4536.9 4411.29 
9703.76 7119.55 
3797.58 9587.05 
4198.29 2910.43 
3896.82 1068.88 
1646.9 9855.49 
8121.06 8568.92 
3116.83 8500.67 
9231.37 18.1423 
4003.09 9259.28 
379.506 9879.73 
8664 9250.44 
9608.15 9366.01 
8511.24 1597.27 
8945.51 1352.71 
9042.58 3482.4 
5764 8746.32 
601.931 9561.59 
8333.35 4800.22 
2472 2230.15 
5869.11 4118.9 
2085.63 3990.14 
2687.8 5202.45 
2490.8 1919.15 
5220.6 6493.88 
1178.42 5600.1 
6373.6 9842.42 
4850.53 5981.73 
9208.41 3361.75 
7579 8153.91 
4714.46 6621.56 
1636.29 478.447 
5367.86 2238.22 
40.0171 3701.19 
7038.45 2512.02 
5931.34 2907.53 
6630.92 8016.97 
6897.68 9318.72 
3219.41 9388.47 
1237.86 8440 
5882.34 2416.28 
4040.09 2255.92 
2258.68 8890.62 
8237.65 1467.07 
2252.35 5816.63 
9620.98 6966.81 
2438.18 1257.26 
7445.26 7806.04 
3495.48 7485.28 
1507.21 533.911 
9997.29 7438.55 
3441.45 6628.19 
5455.5 339.107 
5946.9 8674.91 
9727.58 7184.76 
7114.89 5609.9 
9601.04 1154.96 
7865.83 1859.69 
45.5632 6103.46 
3326.77 2297.91 
1920.08 2947.73 
9264.73 4358.26 
4204.99 6709.97 
2164.27 7700.47 
4195.23 3671.48 
8234.39 4192.5 
1110.02 1675.81 
820.682 6565.52 
2014.92 6767.58 
5240.42 1742.48 
3952.32 2355.29 
7352.39 3553.34 
3510.26 5218.2 
5413.03 3555.82 
1321.64 8739.8 
5853.73 3241.72 
1687.52 5118.44 
7599.97 5892.51 
1828.39 9764.25 
3592.96 6023.62 
3435.71 1827.33 
216.11 4545.73 
3503.15 1036.79 
1111.24 5518.07 
7804.37 6351.66 
7260.55 1756.68 
8706.95 4612.92 
5310.02 2217.19 
9831.12 723.032 
5773.01 1152.74 
9462.83 1626.73 
4394.46 1150.33 
6745.17 1994.42 
7042.84 8573.57 
1758.65 635.786 
4597.17 5194.36 
2463.12 4813.28 
9740.09 5966.27 
5850.07 851.318 
1484.32 3654.43 
7202.97 8744.87 
5411.11 5909.91 
3357.78 721.106 
8127.1 3188.88 
1444.14 3900.09 
4341.63 906.953 
5526.82 8736.09 
2057.28 2271.98 
730.488 9100.12 
845.526 2489.14 
9735.91 5442.7 
7683.5 2199.01 
255.963 7423.58 
8165.28 6106.04 
8274.89 9649.6 
9760.47 5477.85 
8394.45 5171.56 
1387.74 1752.21 
5892.66 9514.84 
4941.09 7336.8 
3414.91 9282.72 
8243.75 8941.73 
8018.79 301.022 
1213.69 8749.28 
9401.14 2059.22 
1238.4 9137.04 
7501.92 8921.89 
1336.03 7757.88 
6345.45 9501.31 
3863.9 4620.33 
9150.89 3624.35 
98.1622 7545.32 
8795.91 1485.9 
9297.53 4688.55 
1000.72 4238.61 
2025.34 4415.64 
3521.31 269.076 
3357.35 1540.08 
570.099 4571.05 
289.346 9971.24 
6630.27 1527.74 
9108.26 4132.17 
449.621 444.273 
1890.03 6795.07 
9945.58 5753.93 
1415.39 9096.45 
9378.28 1513.55 
6641.75 8174.17 
2999.45 5939.26 
2862.71 4000.17 
177.852 4888.05 
8415.81 3699.16 
5157.12 1773.15 
5239.25 5727.22 
6344.2 5528.59 
5698.45 2974.45 
7056.34 4806.69 
7106.62 7505.96 
5250.96 8996.65 
4301.01 5196.53 
4750.56 5716.4 
4292.96 4128.83 
7229.95 934.693 
2302.98 229.381 
6873.96 5165.69 
4229.56 7051.81 
53.7198 2645.35 
750.953 5210.84 
4418.5 5990.2 
938.046 762.679 
1518.77 6636.49 
3737.13 8575.11 
1443.17 843.727 
6081.05 6694.13 
9840.38 382.047 
1890.64 4590.92 
6098.45 6183.6 
8719.75 3328.38 
7118.3 1022.72 
3557.76 3992.23 
6188.41 7787.31 
1044.03 6242.13 
432.647 1794.98 
1452.95 4851.15 
7785.18 2391 
5613.82 9303.95 
9027.49 9350.95 
7879.04 470.641 
194.662 3960.08 
7164.77 35.0209 
4342.12 9055.42 
4625.94 440.551 
5239 3345.68 
3768.93 2357.28 
4368.39 7326.69 
6349.52 556.782 
5113.98 7393.54 
6798.91 5546.63 
9188.52 8251.86 
397.758 6973.68 
642.84 6011.58 
6277.61 9670.33 
5362.52 4156.64 
140.955 5557.18 
8116.71 7305.73 
5592.2 2458.82 
6361.13 218.127 
2899.37 1600.11 
3563.8 6668.3 
3957.39 7932.2 
3994.97 306.892 
8488.98 9108.95 
7700.43 5287.87 
4655.56 6888.94 
3539.71 5053.32 
3862.6 4182.55 
1064.89 140.196 
3852.86 6427.41 
4296.84 3993.82 
1984.57 2413.53 
1299.53 7576.77 
4872.35 7660.66 
7794.9 7771.73 
9260.77 1358.68 
4440.01 3218.15 
9290.88 8434.98 
3525.04 7779.84 
7543.91 1225.46 
3067.69 2199.46 
8114.39 6607.4 
7252.78 1976.97 
789.934 8317.67 
2117.17 4642.8 
4745.06 6414.01 
8636.62 6729.63 
8827.54 9936.15 
4306.38 3699.88 
7596.79 2101.26 
1471.58 6857.55 
3459.94 5911.59 
75.6807 2750.8 
4346.55 3600.72 
530.622 1890.45 
4826.18 3598.31 
4089.91 2940.55 
205.694 1342.67 
4917.53 995.628 
9660.34 7034.7 
5638.43 4405.38 
3448.69 4275.03 
1134.99 2276.21 
4211.16 5441.37 
5976.09 1807.94 
7542.63 7447.67 
8665.49 1002.55 
3359.25 8741.17 
3753.35 7705.8 
2341.87 4283.98 
9596.25 7168.05 
7882.29 3686.14 
108.589 8087.98 
5028.81 5026.12 
9083.61 4689.14 
2060.8 4722.02 
9094.52 5509.49 
8997.05 229.497 
7785.7 3208.19 
5670.87 3761.77 
5016.13 3213.48 
1209.43 3681.6 
4216.03 4568.68 
2422.75 7969.39 
2274.46 4764.63 
2253.35 1870.7 
1932.66 135.618 
5556.84 2041.25 
8223.6 585.633 
7067.37 7307.19 
5274.77 9128.17 
2029.2 4369.28 
4637.64 1026.23 
4598.77 2423.33 
4234.42 269.623 
6185.1 9250.56 
3483.1 7394.53 
2932.14 7699.14 
1963.19 5354.9 
5668.51 4237.65 
119.509 7921.85 
6108.34 2052.17 
8057.47 1665.16 
4093.42 6281.06 
2250.8 1160.77 
3588.23 7525.57 
288.925 5617.43 
1894.83 4926.57 
6643.66 6493.6 
7349.89 878.066 
6763.22 3534.97 
128.606 246.307 
929.482 3060.75 
7945.44 2892.67 
8415.65 3613.93 
7130.32 8535.16 
1535.77 3238.64 
587.313 9593.24 
4903.81 4680.73 
5874.28 7154.6 
5841.51 9462.51 
4680.15 6130.43 
5079.92 6574.98 
1056.98 1723.57 
3068.56 8406.87 
2601.63 9831.78 
1941.83 2730.24 
78.073 2871.31 
5790.99 8023.52 
5763.98 4206.62 
1637.43 2894.28 
2741.76 3173.2 
6132.92 3329.08 
2766.43 1036.71 
8009.81 8640.71 
8191.31 3851.3 
8103.21 2871.45 
9981.73 3183.11 
9446.43 1038.69 
4906.68 2514.98 
9445.57 7508.31 
2346.74 1387.38 
238.529 2424.82 
4258.69 6029.52 
448.317 22.6504 
236.122 2085.75 
2916.93 2977.89 
5258.95 9049.85 
6306.96 8025.38 
86.5453 4316.75 
6666.08 8277.86 
8168.06 4769.26 
1149.3 8149.77 
7952.38 595.713 
9188.46 2859.04 
3110.69 8634.01 
367.328 5457.44 
21.3739 605.857 
7882.25 4280.06 
6635.37 8330.57 
4302.71 6871.5 
416.305 7219.64 
9849.38 5675.26 
6269.48 6156.33 
3700.63 6356.02 
473.064 366.686 
4633.86 8641.12 
5135.95 5783.16 
6790.87 3088.31 
6378.87 5979.32 
5947.35 9489.57 
4613.31 6314.67 
4946.98 4634.69 
6920.53 2829.22 
8914.75 3555.89 
1159.78 3217.45 
427.367 1576.08 
437.07 276.732 
7251.34 6706.54 
6433.06 951.951 
3062.55 6906.12 
1318.64 7696.41 
5547.22 6454.59 
3479.56 2338.08 
9542.9 9858.43 
8317.39 5490.23 
9347.98 2930.69 
1804.88 4294.95 
7565.38 8725.41 
7124.17 6480.11 
2281.28 8283.95 
9697.55 2708.65 
9860.03 134.607 
2985.38 7111.35 
6841.15 9418.44 
8063.3 9903.7 
6324.54 9381.94 
7600.1 1871.75 
5836.51 1079.63 
4209.83 5379.39 
938.047 2527.21 
869.599 286.008 
5457.9 2674.48 
4580.95 3023.26 
1399.88 1705.1 
9503.37 3681.16 
9989.05 9200.9 
6389.81 9849.06 
9335.51 9375.19 
6960.39 6176.64 
8793.62 5023.68 
6080.33 5118.15 
4405.6 3680.41 
6989.9 242.093 
4760.04 1199.71 
5621.48 5698.09 
3726.91 6491.08 
5984.09 9184.81 
9165.56 565.031 
2208.05 565.426 
2270.14 1711.4 
4246.59 2259.17 
912.283 636.383 
2108.21 247.775 
11.5599 9068.6 
6424.42 8805.18 
4092.27 2504.73 
3923.31 8497.87 
6185.13 913.184 
8739.96 945.155 
2112.89 4361.43 
6643.24 5839.81 
852.492 2627.32 
5024.6 18.0402 
3192.35 7232.65 
583.466 5462.48 
8944.05 4830.05 
7721.65 9856.33 
5466.44 9829.86 
104.09 5478 
8898.45 6528.51 
4283.16 2990.7 
9033.24 8206.46 
1488.55 5218.35 
9119.65 228.491 
6163.51 1232.52 
4589.92 2806.73 
7072.33 5442.41 
5434.05 2096.91 
5460.45 8626.4 
9329.56 6043.92 
4088.87 8273.59 
873.953 1810.5 
8129.91 6340.39 
1640.35 8234 
1818.37 538.786 
4762.49 6101.52 
3529.49 3795.71 
4307.97 5018.03 
9014.06 3427.6 
5246.53 5177.55 
4660.12 9836.44 
7984.28 1732.43 
5278.84 3418.32 
3829.34 739.269 
2044.7 3158.89 
6783.18 6133.57 
1432.46 7657.14 
7944.07 9562.37 
3997.51 9584.42 
7796.35 5815.88 
123.193 2558.82 
1917.38 3652.68 
6354.53 6225.35 
8670.71 5368.57 
9652.95 3917.22 
546.107 4313.05 
3753.65 8530.39 
6045.48 9032.48 
1948.69 9874.82 
9771.75 3993.39 
3033.69 6554.92 
126.942 4466.15 
4212.04 8071.01 
4028.5 8209.55 
7655.42 1824.83 
4025.41 7778.61 
4383.65 5942.79 
1431.27 738.166 
2168.13 101.97 
6106.74 1821.06 
4019.19 6652.85 
6134.1 7772.84 
5183.22 2179.57 
6805.3 7131.91 
2054.37 6577.04 
1125.28 5088.05 
3131.94 1252.22 
9554.2 7343.98 
9323.24 3582.69 
5553.51 6978.64 
5407.52 9578.92 
4757.24 9791.17 
5521.69 6188.51 
529.32 7689.82 
6290.48 6636.06 
9510.87 309.655 
3288.89 5644.96 
8082.49 8472.11 
7824.53 4887.78 
5604 9878.89 
1464.8 6729.28 
4966.93 4596.74 
7981.51 4521.12 
1940.7 7304.73 
8103.8 7494.21 
4283.35 3511.3 
7073.11 9040.59 
3302.46 2594.79 
5229.09 3831.78 
284.587 1519.55 
467.821 9795.46 
1829.21 3756.71 
5440.41 9911.7 
2228.8 3264.92 
4799.46 7832.8 
3143.79 6264.26 
4562.06 8110.73 
860.983 2543.55 
2631.83 2801.68 
9848.28 735.614 
295.878 4131.62 
4246.92 7368.99 
3172.19 7549.38 
9963.78 8401.28 
1381.14 248.348 
9920.83 1848.96 
43.7921 1750.02 
5605.67 5484.2 
1661.7 7834.47 
8749.11 6461.16 
5667.25 1892.89 
2725.4 229.291 
3.60057 3586.39 
2772.84 2635.43 
6388.07 2621.1 
3371.04 6683.95 
6752.72 7617.96 
4052.92 9924.91 
5167.32 4016.68 
8326.17 6548.46 
4265.03 8246.98 
8397.42 4308.82 
9996.99 4003.07 
9793.02 1658.68 
1837.52 8542.12 
8119.84 7504.77 
434.993 845.224 
7734.06 438.594 
4431.61 506.888 
3074.02 819.665 
3127.99 6445.06 
7503.61 9880.71 
4063.01 1556.52 
9805.6 9230.33 
5573.21 8131.75 
5778.77 9838.24 
6378.71 4176.17 
4147.05 6375.69 
8179.25 3940.05 
8034.37 16.7545 
2482.15 6154.19 
7521.53 2917.15 
6999.41 5255.57 
3355.74 1431 
5762.46 6429.76 
2250.67 8890.45 
2874.81 9754.28 
8771.14 6937.81 
1310.79 8576.73 
6168.12 6883.99 
6708.46 1946.87 
6722.21 3087.16 
6123.05 869.24 
9462.85 4302.28 
4809.29 7497.2 
4319.03 7291.44 
3651.37 1840.54 
208.571 650.758 
7096.11 3564.31 
2081.76 2858.55 
9994.07 4332.43 
1748.99 2868.86 
4086.69 520.115 
9806.67 5397.48 
9096.84 5974.78 
2281.45 5805.29 
7921.65 9003.66 
8892.45 4044.68 
9872.9 8355.28 
8346.96 4682.18 
5852.47 2665.98 
1973.6 9503.83 
4506.52 2182.17 
154.572 1602.62 
5746.48 2236.33 
4461.17 5740.54 
6568.76 6210.16 
8609.4 655.435 
6730.27 8416.06 
6052.91 5827.1 
4390.82 8334.37 
1632.37 2312.46 
7338.01 524.81 
6357.14 7210.9 
8880.09 4704.09 
1893.06 4732.54 
7370.07 3866.66 
4236.36 1876.57 
6048.84 4390.93 
3479.18 1795.3 
6627.26 7940.35 
7535.84 3196 
4150.49 6145.23 
3851.44 880.749 
4561.27 9904.35 
6707.85 8952.09 
8238.7 8340.22 
1264.53 5576.7 
8865.03 7621.67 
2787.58 7745.11 
2325.74 4680.64 
2477.64 9695.81 
8547.3 6713.99 
1572.36 4596.12 
1104.9 5051.54 
6391.42 7732.16 
2991.88 3927.24 
928.149 7142.38 
72.4537 4779.59 
8023.12 4633.72 
4683.92 4730.96 
3585.79 2922.6 
3071.16 4850.32 
8499.3 1936.18 
2471.97 1286.86 
9681.29 4797.72 
5967.5 2158.91 
4493.51 4514.78 
8872.9 6065.87 
9110.89 9977.8 
1117.4 5502.3 
7709.95 4109.28 
9429.54 8638.1 
1251.63 9501.99 
3417.67 9274.76 
4135.7 8101.59 
4005.7 7721.49 
1024.18 7076.86 
2571.79 9523.48 
9013.04 5043.77 
810.319 8694.31 
9841.48 6777.81 
853.198 4334.97 
1292.57 9726.1 
400.822 403.45 
9703.88 1518.22 
5905.75 7413.81 
5627.49 5335.27 
6051.89 6879.13 
4837.25 9469.56 
6153.87 8972.94 
7571.13 159.551 
6694.41 8595.31 
7236.41 9266.21 
8118.77 6249.43 
4309.95 8929.09 
4943.72 4151.42 
5706.89 5796.92 
8486.39 6999.46 
5523 8887.21 
7402.91 5226.87 
405.412 3308.64 
2640.66 6032.91 
8643.91 8692.56 
2912.02 3481.14 
8162.1 9065.89 
2454.06 5733.22 
9225.44 9148.48 
4328.51 6461.83 
8414.67 2447.27 
2711.25 2724.6 
1376.34 7654.97 
6876.02 7083.23 
3451.87 5362.39 
4082.67 8974.88 
4249.59 1485.57 
4201.73 4655 
4794.21 6842.39 
687.888 3438.1 
5534.93 3599.91 
6919.24 3697.01 
2665.78 9373.3 
9430.24 1891.2 
8521.76 3758.73 
8353.03 6936.41 
6206 1064.26 
9661.01 7582.34 
8719.23 6537.01 
4665.55 2171.09 
1899.39 8748.22 
1145.95 6148.98 
233.776 5347.68 
803.961 5027.98 
2190.05 1491.85 
8466.08 7724.98 
5091.75 5385.3 
1421.97 7757.53 
4758.59 852.193 
9648.73 3280.33 
4610.93 8001.75 
216.717 816.909 
9066.01 9877.73 
8399.25 7785.23 
6414.72 3064.78 
9956.32 8314.11 
1812.99 1102.25 
4463.07 2046.77 
6449.93 5267.03 
7074.75 8639.97 
6758.88 5540.82 
6364.93 1850.62 
926.108 7786.91 
9608.16 5684.69 
8639.1 9256.87 
8965.02 3250.01 
7258.6 9181.74 
4066.92 6324.59 
9059.45 2466.15 
4109.8 5474.15 
5530.94 4066.1 
3788.25 7343.93 
5168.35 8251.32 
9390.7 1618.26 
3518.34 6465.43 
258.22 277.208 
2006.24 6623.15 
2127.83 2932.34 
4410.05 1735.97 
8617.04 3049.13 
992.822 7582.04 
6299.14 8251.42 
6763.76 366.044 
4576 5823.2 
2832.2 8685.8 
1297.33 8363.13 
2751.89 5085.58 
5707.04 7920.24 
3336.89 5097.72 
9538.5 6855.23 
1563.14 9796.72 
7132.44 3569.38 
6419.86 9260.27 
6501.72 829.891 
996.218 5118.74 
3879.02 1989.04 
2700.76 178.147 
240.446 9464.53 
544.191 4816.45 
5287.71 3376.39 
3502.23 6585.04 
1739.5 6254.12 
1670.6 7446.55 
4174.34 5007.49 
2544.25 3712.83 
1862.7 4107.39 
3509.54 8995.13 
7676.77 9929.4 
8255.38 4178.47 
759.276 9251.6 
9297.21 4638.3 
1240.62 1997.96 
4816.45 1481.07 
1462.47 5360.64 
6297.52 6750.18 
8737.02 9799.75 
3335.2 476.507 
6053.85 5005.8 
7923.05 228.175 
13.2741 467.288 
3941.01 1875.97 
4574.68 7450.55 
871.09 2251.43 
7379.93 9126.47 
6429.9 8139.21 
8378.06 5727.1 
2777.49 9618.68 
7725.05 7593.94 
1099.73 9187.52 
2954.56 7397.25 
5937.68 1691.56 
7196.98 9272.88 
2168.07 3250.81 
4278.67 91.104 
3478.98 4291.94 
558.392 7419.99 
6167.91 5133.07 
4870.52 7039 
7384.51 2250.43 
6165.46 3814.39 
389.625 4543.5 
9541.49 3167.11 
4162.16 7266.52 
761.033 5261.9 
6454.03 3715.59 
2659.13 2391.69 
5407.15 9856.11 
1664.56 7575.22 
3106.9 5943.22 
7666.32 6585.89 
235.144 8224.71 
4005.86 6403.06 
3357.77 8876.38 
3442.04 742.259 
1126.8 9607.5 
4556.65 1516.42 
4150.98 4098.12 
4683.54 8313.14 
1364.63 5444.57 
3575.02 7818.66 
9160.16 6234.16 
210.334 4567.29 
6090.25 1874.89 
2142.49 9197.15 
7818.11 9808.82 
5783.02 8053.26 
8033.51 9788.88 
4456.29 1391.27 
8665.25 7898.34 
2133.53 9792.05 
7505.82 6690.18 
1308.45 1656.78 
788.281 5991.99 
9969.93 2152.91 
1436.55 3544.93 
9971.57 596.689 
9779.09 181.883 
5163.98 5869.32 
2056.77 7306.47 
5066.46 9874.88 
7115.27 849.461 
7928.12 5148.77 
638.328 2384.4 
6540.04 9303.58 
282.72 8673.56 
9095.61 7788.54 
5363.72 404.045 
9445.32 6152 
6396.04 9415.23 
8304.91 7832.58 
2960.15 8276.46 
8429.27 2739.22 
8458.34 3593.24 
8608.54 515.101 
899.694 3674.98 
389.969 8014.97 
4524.44 8318.09 
3163.72 5162.77 
702.477 9703.75 
4466.33 985.197 
8377.3 3561.92 
8773.74 3741 
3965.96 8219.04 
9893 361.982 
7634.25 8197.9 
8194.57 594.385 
6474.34 6623.82 
3333.6 4932.67 
217.041 1942.13 
5447.77 1116.73 
5617.11 5837.74 
9131.7 141.529 
4155.81 2295.4 
5304.3 4858.29 
1999.14 9770.62 
5843.49 376.418 
3332.52 4617.21 
4117.42 7298.48 
2836.23 4010.4 
7660.47 470.468 
2208.28 5855.02 
1064.85 8682.62 
2478.82 4398.46 
3615.27 2695.86 
6340.58 9063.04 
3812.59 1957.67 
4900.76 2944.28 
2099.2 9056.58 
5239.68 7403.5 
3914.85 7238.82 
7174.11 9758.34 
7615.24 506.611 
4375.53 1732.64 
7805.1 7211.76 
5743.04 5465.55 
7682.23 7951.32 
1320.54 8747.08 
6633.93 3799.36 
3145.52 249.186 
6495.22 9486.1 
9312.23 307.8 
1443.76 4212.98 
3252.08 3542.97 
3269.53 8491.76 
946.448 7184.39 
5730.56 8120.55 
6942.71 3345.78 
8627.17 1318.22 
5078.41 6432.24 
8529.98 821.435 
1897.77 6212.19 
8772.76 3218.32 
4959.25 5406.67 
7017.68 8104.77 
5655.86 3512.89 
7590.86 4968.07 
3820.69 9034.62 
9181.04 7072.76 
2577.57 2450.56 
5564.5 3524.02 
9634.95 1295.04 
1644.56 6577.64 
4640.82 271.704 
7895.86 9719.23 
6703.95 6425.82 
540.649 8601.72 
2637.99 9313.41 
1820.02 7597.24 
4720.06 8837.7 
5701.99 375.903 
2350.57 3292.84 
5343.97 6171.25 
2327.44 4525 
3244 4905.01 
6975.56 8808.5 
8429.03 6610.49 
103.53 73.5711 
3188.11 4744.35 
345.275 1083.95 
4463.56 7049.22 
7509.77 5004.21 
5650.93 147.739 
4317.6 7470.95 
7744.98 9037.66 
6308.63 3446.96 
9413.57 8659.2 
6739.79 4757.52 
4830.44 9067.23 
9282.52 8074.44 
3972.23 6258.07 
6882.92 2401.25 
2868.54 6986.45 
2474.82 6056.65 
1730.78 2820.09 
7140.6 6194.35 
9869.32 4650.35 
1198.54 5520.23 
4798.09 5516.14 
2991.16 2543.05 
4553.79 9299.79 
5990.01 3967.34 
7958.97 2729.78 
8724.86 2789.38 
1797 8007.37 
863.803 5769.23 
4265.41 7746.72 
8170.48 7133.95 
4733.16 645.277 
3190.59 6463.94 
3465.37 331.176 
2658.27 3334.67 
4981.53 3856.81 
8854.89 9779.62 
9372.95 1846.03 
2322.66 3926.72 
1145.8 8312.67 
7894.06 9104.77 
1042.44 6618.9 
1894.13 2839.44 
4626.25 2757.94 
8608.67 8891.67 
504.645 6779.13 
6025.61 5237.8 
7424.41 9216.2 
1701.73 889.759 
9547.37 4360 
4224.43 4528.89 
8216.81 3079.3 
4308.49 7589.74 
4925.33 6631.15 
1516.45 6071.13 
4943.8 9410.51 
5175.88 5986.24 
6029.39 7070.02 
8825.67 655.631 
9827.96 7434.33 
9547.3 332.583 
4213.44 5572.89 
5570.39 1637.83 
4789.07 7272.11 
2527.59 4336.42 
1632.09 6752.01 
8865.31 9848.9 
9831.32 3173.78 
7438.62 4756.63 
9804.93 8955.07 
827.749 4748.71 
8365.56 6003.63 
734.934 4394.94 
3073.63 9560.61 
5050.57 2901.57 
6994.92 4597.85 
3234.15 1208.34 
170.718 8804.54 
2846.17 4959.78 
6076.64 5373.75 
9296.2 7708.73 
2125.75 8161.49 
7557.62 1957.05 
1335.25 4996.22 
6713.68 1140.17 
3951.27 7541.43 
5888.88 2316.82 
3545.05 6623.81 
6711.75 6618.68 
6184.4 1762.3 
9520.25 3179.3 
6360.15 2754.39 
4387.64 6530.87 
1558.91 7233.81 
1490.63 7635.55 
2607.55 786.82 
5344.26 4733.3 
8948.31 2901.86 
6690.35 283.547 
7898.09 3404.02 
1423.71 1849.35 
