2000 2
7695.41 3881.34 
6201.5 2150.44 
7482.76 9112.64 
4825.28 8879.26 
9408.44 9191.84 
4550.52 2706.85 
9541.35 2926.3 
7212.76 9236.76 
7792.27 8999.81 
2967.46 4196.28 
5793.34 4686.61 
3812.52 7839.37 
4619.14 72.1196 
3578.2 3776.75 
9178.55 2230.9 
3702.63 6873.94 
6112.24 9904.13 
9024.38 3594.98 
9016.75 3849.64 
2474.23 8425.17 
3041.47 7024.74 
1132.01 2582.81 
9951.04 8344.77 
1819.55 7743.3 
7344.56 4787.01 
1939.56 3137.89 
9473.61 5752.08 
977.241 4092.74 
5824.2 4555.44 
7869.48 5002.73 
6786.34 1572.1 
1876.66 2898.57 
1476.21 901.021 
6493.55 492.942 
4750.67 8967.78 
8918.11 7792.14 
5992.51 50.1014 
374.924 5943.53 
8394.87 2194.47 
3686.81 5739.41 
6981.48 5626.38 
8877.3 6455.07 
1378.44 9854.54 
547.788 7202.64 
4409.96 8417.27 
2205.35 1196.29 
9989.37 4082.01 
4094.85 1465.56 
4983.03 588.384 
1958.5 9733.7 
9556.16 876.599 
7525.81 5548.65 
926.7 7900.74 
1492.17 9321.57 
95.1922 5178.98 
5060.96 7076.67 
805.339 3938.24 
3531.72 2183.78 
3792.76 4079.51 
9386.42 8202.72 
2496.76 1591.75 
9399.01 2486.12 
5673.76 3493.84 
3951.68 656.775 
4082.23 5910.18 
390.454 3638.37 
6786.78 7916.27 
9187.03 7713.48 
5816.99 679.173 
7035.03 5912.18 
5858.15 2095.98 
2988.83 6663.49 
6034.22 6520.55 
8847.27 9826.98 
600.045 8233.67 
8029.68 3096.81 
9825.42 7428.68 
5582.92 5499.17 
922.505 9534.6 
6155.94 5004.73 
5444.77 6546.4 
8643.11 2231.53 
4462.65 7830.12 
9945.01 279.622 
8509.29 6980.03 
6191.81 4367.42 
9076 9180.64 
1030.9 5110.2 
5701.18 9878.17 
4937.17 6301.22 
8111.82 2966.83 
9398.03 7937.23 
395.494 4980.94 
3436.38 1318 
4515.52 9592.32 
6322.73 9960.29 
6138.69 4965.82 
2191.8 601.325 
2795.92 2136.8 
880.947 1305.2 
9116.82 7072.75 
5672.62 8192.81 
6253.37 6703.52 
3303 1954.53 
6581.67 8240.16 
8255.76 4693.48 
1206.98 7653.77 
2630.69 1602.47 
2634.69 6067.06 
2920.47 7150.21 
5659.36 9243.21 
7110.48 1798.04 
4209.01 9302.28 
2399.36 7004.94 
1439.06 3280.31 
8310.13 555.864 
353.045 3982.74 
8748.67 6606.42 
686.24 2051.65 
8560.95 7267.91 
291.8 6816.69 
1961.37 1498.78 
4470.44 4592.06 
3101.25 7105.13 
659.103 6021.73 
4255.33 6318.46 
5264.92 1365.79 
8116.5 9473.93 
668.051 515.847 
6478.85 2107.11 
3796.16 4788.97 
2662.97 4149.2 
8771.7 1411.63 
755.604 9457.94 
3463.28 9316.56 
6725.84 3755.08 
6133.23 8687.21 
5253.86 603.66 
3279.25 8355.11 
7708.79 3938.36 
4376.82 1964.1 
256.802 9641.74 
3329.89 8373.3 
9115.65 3997.94 
8889.15 5594.48 
6105.05 2685.29 
383.434 8768.02 
6834.49 9155.14 
179.633 7590.1 
8613.07 3642.91 
6906.64 5338.89 
7398 3039.85 
4026.08 2651.84 
3643.51 7305.34 
1006.94 1352.29 
1243.68 5383.76 
3316.39 1500.48 
5025.48 6646.28 
9873.78 4141.12 
644.205 8762.92 
9735.6 6749.25 
1448.19 119.018 
5517.26 8282.68 
9274.16 5696.89 
5872.76 7887.21 
9339.81 2779.38 
3226.08 6737.79 
5819.23 7252.16 
9389.63 9462.75 
4557.48 396.547 
815.022 5801.16 
5780.31 4131.41 
7301.64 805.773 
777.68 7175.4 
4946.89 1421.88 
5938.3 4682.47 
8171.14 7386.49 
4801.49 3688.38 
5669.16 4075.63 
9385.27 1541.9 
1962.82 8725.06 
4321.28 5188.9 
5462.83 140.498 
2441.04 4852.44 
9603.25 6998.53 
5248.98 418.252 
2799.67 1029.28 
4549.67 101.294 
1835.05 5327.35 
7276.7 6781.94 
6749.23 3214.98 
1464.39 4920.35 
601.46 6265.89 
8608.73 6270.62 
341.501 7993.99 
7812.52 2304.32 
6719.03 2133.78 
7493.22 2181.84 
2274.28 9934.26 
7034.28 1877.51 
6932.77 2283.25 
2295.76 9732.45 
3312.52 6845.43 
9833.74 5147.57 
2172.76 7110.42 
1929.49 8921.99 
325.389 3393.89 
3842.32 926.849 
9659.77 2451.04 
7197.46 1.25746 
445.011 5009.96 
2305.58 7164.04 
7143.74 9798.8 
9345.89 9418.02 
9733.05 6380.15 
1295.51 6665.8 
8663.4 3591.27 
6398.23 1975.91 
436.681 6231.95 
7123.48 2609.44 
3342.36 9052.98 
1531.41 3667.75 
2446.85 5373.73 
4594.59 2106.6 
7824.77 1792.04 
2107.86 8269.78 
6802.01 4413.44 
5433.81 3945.73 
4212.22 4779.68 
3363.74 3945.25 
1159.82 4659.25 
611.036 9823.22 
8250.52 7009.27 
1799.11 8687.2 
3241.2 8922.59 
1296.62 6583.56 
7975.55 2828.03 
251.29 422.385 
8201.76 4845.88 
2528.99 6026.51 
6637.93 4636.85 
4296.27 3439.92 
9050.29 9730.08 
7385.65 3262.5 
4509.74 749.366 
7207.75 5669.56 
5408.61 7818.78 
5492.76 3659.11 
4828.03 7291.87 
2346.3 8069.24 
6214.45 3642.92 
4652.78 4189.99 
6470.95 4904.07 
4612.37 4672.69 
9749.95 7141.36 
699.18 6387.86 
1778.19 4995.45 
9827.78 828.468 
4725.52 7213.41 
4090.96 9235.26 
7962.77 1298.69 
4904.81 3371.37 
9117.47 397.552 
7030.49 3945.49 
7689.42 9376.78 
2014.71 3903.86 
3019.68 6667.49 
8093.85 9490.63 
1571.54 2706.2 
4163.3 1321.48 
9847.56 4862.48 
7709.34 1625.74 
9857.93 7537.1 
2454.21 4583.44 
4750.49 6545.17 
3818.68 2713.25 
7843.86 8723.49 
6084.62 6961.32 
9121.04 3115.09 
906.789 6810.45 
2491.85 2921.49 
714.293 5511.54 
9588.98 8808.14 
5002.15 1160.5 
1514.32 9165.45 
2481.98 1361.87 
4027.91 191.299 
2987.61 3885.83 
7728.4 5441.81 
8469.27 2478.87 
1986.97 2287.93 
5192.12 9830.83 
1011.41 1276.73 
6792.13 132.437 
4391.82 7698.92 
6942.89 6883.67 
620.397 7657.18 
2395.19 209.36 
6465.3 7397.34 
1369.86 7979.63 
6562.78 3851.84 
9341.5 590.676 
4043.14 2329.08 
4476.51 1771.52 
7770.9 2945.75 
4250.39 9757.87 
5233.69 9442.52 
9588.68 6245.1 
719.228 6380.79 
6377.53 5111.04 
4079.69 3320.41 
1994.7 4700.09 
977.571 4389.89 
4909.45 7442.88 
1787.22 6279.31 
5422.49 8350 
131.134 4763.96 
8940.67 4174.27 
7093.05 3417.16 
5945.79 4863.93 
6362.92 196.168 
4621.78 1596.59 
9638.69 4210.44 
7841.68 357.896 
591.212 4219.2 
5468.94 4670.91 
7539.6 7463.64 
9370.99 8517.17 
1853.51 4280.43 
5960.03 3640.73 
559.722 1382.5 
1990.71 690.856 
6146.46 931.361 
4865.13 3239.49 
4348.52 810.902 
8103.42 711.422 
1007.07 2725.18 
2308.01 645.738 
6935.62 149.674 
1003.63 7526.83 
4368.87 6472.57 
2197.72 1908.46 
3936.19 1568.7 
425.619 5789.7 
5849.13 6385.65 
9430.43 6408.85 
7768.15 1421.12 
7099.7 3914.6 
2352.48 1964.81 
7154.09 6701 
2775.72 5257.5 
7412.42 3782.79 
7982.68 9720.43 
4428.52 4918.29 
9870.1 5432.16 
2445.11 4238.96 
1904.71 4642.83 
6147.42 5840.91 
6211.53 6573.04 
1630.59 2060.64 
2958.67 1061 
8469.48 726.81 
2482.12 5569.17 
4641.41 4834.59 
7533.98 1795.49 
1535.57 309.684 
7052.99 8948 
4092.47 5035.65 
8668.41 8520.99 
9953.94 8538.49 
3953.13 2399.03 
2777.44 5857.85 
7041.86 8924.86 
1698.74 3253.37 
5497.88 3329.33 
5314 8456.55 
4390.33 3783.47 
9183.36 6872.45 
9352.64 3824.76 
1707.02 6886.61 
5620.24 3242.6 
7196.29 2673.21 
2190.57 1288.75 
7708.87 858.964 
9809.74 7662.79 
9397.46 3762.86 
61.8076 2174.88 
9620.71 7103.67 
1099.72 1319.43 
357.017 6597.59 
4648.76 5671.02 
5054.13 9039.09 
9454.49 4237.47 
5911.52 8807.12 
8062.23 7618.54 
5693.71 3682.46 
861.118 2889.99 
6355.67 3051.69 
4178.73 4064.52 
3910.66 3988.46 
1727.3 3308.1 
7751.32 1789.1 
5482.97 7372.01 
8892.77 6582.69 
8691.44 9249.79 
3180.26 3340.18 
4920.79 8234.39 
2379.25 4375.27 
2471.85 8290.77 
3182.36 534.063 
5909.29 8876.07 
4216.52 6770.41 
1766.04 572.171 
9822.1 5944.77 
4636.69 3732.74 
9933.23 6363.98 
7040.83 7684.53 
8153.09 2523.79 
5056.52 7045.84 
9106.48 3747.94 
6295.61 2286.72 
7088.12 1216.38 
521.101 9467.37 
5591.65 2992.95 
7758.12 8774.01 
3527.01 3667.39 
7650.07 7743.53 
437.778 9416.11 
8315.7 259.86 
5360.87 2952.38 
3992.6 5294.09 
9316.36 1033.42 
2978.6 7469.43 
3557.21 8035.12 
4515.26 2663.67 
1783.04 810.851 
4950.39 8871.15 
2027.24 5471.49 
8338.5 7618.89 
8464.44 6096.6 
6392.88 1991.44 
9763.99 4042.94 
9734.97 201.749 
3459.03 8050.66 
461.609 8819.91 
1003.02 4454.21 
4113.97 319.367 
5487.62 7092.57 
7788.8 9044.83 
5127.67 2304.04 
1708.48 6910.71 
3114.89 6658.87 
5781.85 5142.13 
2130.34 4120.34 
2761 594.768 
216.92 9153.88 
2586.21 9980.91 
3196.8 2321.17 
182.641 6655.83 
371.811 644.25 
5475.72 1374.83 
5098.46 9589.7 
1694.2 586.062 
6682.25 9483 
9630.89 1809.91 
1787.03 1339.35 
8720.62 4901.92 
7998.22 4502.46 
44.0297 128.541 
8622.79 2805.03 
723.309 8839.71 
1958.89 3309.52 
8820.6 5155.69 
5630.68 9003.25 
1811.51 6002.49 
9647.5 7287.23 
7377.33 4745.94 
6876.91 9071.53 
5332 3559.15 
8554.51 4962.87 
5369.05 341.519 
6302.22 4089.66 
5243.44 4300.42 
8592.12 5287.47 
4428.96 7214.89 
8092.49 5152.27 
6054.59 51.367 
8461.79 4875.17 
5207.06 4092.45 
3878.4 7018.57 
94.932 3525.88 
4305.78 7472.26 
8271.82 1182.67 
6543.77 3603.8 
4741.82 5098.26 
8566.67 110.856 
5439.78 4868.88 
4200.52 683.203 
9169.3 2792.61 
5970.67 3598.24 
7.48881 4063.15 
8750.51 6062.08 
4114.51 7212.28 
937.234 9321.57 
1304.72 4815.64 
6340.12 1399.65 
8341.52 645.884 
8871.91 6613.32 
1828.56 5415.66 
217.104 6570.38 
513.908 8783.78 
6681.23 5953.69 
3652.63 881.729 
6636.89 2821.91 
3674.34 2607.55 
6420.15 3681.83 
6670.69 5170.65 
9743.91 785.187 
2382.91 681.125 
106.741 3687.63 
5496.76 6446.86 
5087.28 3838.26 
7092.75 3959.17 
451.569 8921.3 
9374.83 668.673 
5491.66 9888.74 
9452.45 2172.88 
5842.41 3105.07 
3054.6 2479.29 
5926.98 6728.95 
5086.83 2347.12 
410.764 1757.51 
7517.76 154.655 
2542.7 9900.67 
835.781 2649.44 
3588.28 6332.54 
9096.3 8675.56 
170.791 6189.03 
2634.71 622.36 
5110.31 2009.53 
1291.03 601.958 
1898.25 743.466 
2774.83 7740.66 
3848.53 5829.44 
219.934 9775.51 
2558.37 5306.77 
2122.61 2969.13 
7064.28 9640.37 
3123.79 9606.97 
9541.03 3959.57 
2256.39 3129.3 
292.095 1352.68 
1804.84 462.886 
7541.71 4439.55 
1085.25 2652 
6449.08 2376.28 
3253.96 8347.33 
3119.74 6028.79 
6087.97 6968.28 
1858.21 6307.91 
6743.77 4416.58 
1614.66 8866.38 
7385.72 8678.94 
8506.74 509.489 
8285.89 8047.76 
4469.06 542.272 
1177.04 4761.15 
1894.95 2981.88 
5224.04 9436.65 
7421.43 6309.29 
2088.64 3870.49 
8685.56 5342.6 
2217.8 1805.29 
1371.37 8305.78 
8773.57 3229.59 
4613.67 5517.32 
7646.17 6228.33 
4383.69 5031.87 
4907.25 2890.42 
5541.36 3193.13 
938.156 10.4035 
3735.4 2115.19 
4771.56 5630.35 
5097.07 9995.59 
5066.98 2518.48 
6304.86 7155.62 
6388.97 4990.41 
2498.2 8606.77 
6795.7 3869.58 
6912.53 5569.25 
7099.17 1526.18 
1086.56 4745.32 
7754.5 5470.25 
9777.2 2661.74 
8360.67 5318.54 
5854.86 9298.83 
5328.95 9590.26 
1414 100.486 
5220.59 6511.07 
96.0639 287.554 
9029.55 6400.93 
7443.18 5418.5 
1391.32 9941.38 
4025.25 8187.02 
3810.94 937.757 
3756.26 910.088 
2463.93 4842.82 
5655.41 218.421 
313.059 5432.59 
2880.16 8673.73 
751.118 8735.02 
7972.54 6080.06 
8325.26 9386.54 
6180.55 3545.83 
5897.6 6276.61 
3833.39 4927.12 
2677.52 1276.54 
345.603 4068.84 
1217.91 4370.85 
2255.85 5028.84 
5308.61 6012.11 
5938.93 7772.54 
854.913 1594.33 
7990.96 1167.97 
7026.92 871.102 
9841.7 7778.04 
9606.12 7814.23 
3858.08 7931.36 
7200.75 38.6158 
1477.18 3098.33 
6315.23 5310.56 
8025.46 8992.75 
6587.1 8371.06 
3061.58 7805.01 
2741.89 5317.43 
2833.84 8050.5 
1329.52 8772.77 
5823.03 2184.43 
367.077 3813.97 
3352.41 7394 
4685.07 3194.09 
5172.01 4291.18 
1008.3 9030.1 
2222.52 8209.05 
9068.71 3699.7 
1307.37 5383.93 
9010.26 9332.82 
4376.66 5597.34 
7703.87 7438.24 
3402.34 445.743 
2755.66 6236.17 
8496.24 4085.18 
5008.92 4319.25 
6269.61 5376 
8133.22 9622.02 
2769.98 2818.28 
2816.09 7941.99 
7109.46 3824.39 
6972.07 9331.98 
2033.43 6040.77 
3031.66 3340.8 
1424.68 2041.9 
2673.61 5801.34 
7639.24 377.457 
3239.57 1041.56 
823.201 5995.22 
7277.73 9319.44 
80.3807 2286.64 
3638.68 6349.99 
7662.64 1771.89 
5971.99 432.604 
4590.17 8788.08 
8374.6 1699.61 
2612.46 5346.66 
1031.57 4645.89 
1387.41 4063.23 
7986.69 2812.09 
6105.12 660.28 
8613.43 3744.35 
1037.74 1852.98 
4785.91 1860.94 
7848.2 2063.63 
1180.37 7928.58 
4350.27 4819.05 
4278.55 2012.89 
6590.93 250.53 
2445.49 1181.08 
9038.62 820.076 
2880.69 1651.06 
6166.73 3912.26 
6296.95 7554.14 
7975.49 4283.62 
366.211 4080.59 
4943.9 8979.64 
7824.94 5981.64 
832.601 2610.84 
7842.58 8680.8 
4674.46 9022.94 
6609.36 9024.73 
3841.97 887.901 
1037.6 432.888 
1138.43 3483.1 
1613.97 177.03 
4303.17 4494.66 
1828.09 469.889 
8406.92 8125.04 
8024.03 6382.39 
2408.65 8390.24 
462.971 7352.55 
7369.86 8287.92 
3334.18 8202.46 
898.734 1176.74 
6883.25 5573.2 
199.666 3492.59 
4597.91 4041.64 
4380.5 5635.51 
4474.53 5518.93 
9118.61 6088.5 
5695.96 3421.77 
583.144 7524.05 
3891.66 8990.07 
5649.07 1915.67 
5372.44 8057.72 
305.895 5835.42 
5410.25 7675.76 
4123.31 8744.43 
5878.21 5022.05 
9921.17 2761.44 
595.228 120.816 
6254.03 5193.14 
4162.45 634.509 
828.634 8636.98 
6153.44 9947.25 
4725.46 1849.37 
3369 5308.61 
9373.42 7260.66 
4298.66 5022.47 
9176.33 9671.1 
3080.17 9482.22 
5506.5 8490.42 
7157.96 9629.81 
7234.84 3036.15 
4651.84 7155.99 
5797.59 5247.07 
7276.8 2051.61 
440.189 1439.24 
2686.12 1268.82 
76.2047 8839.55 
1216.05 4801.67 
688.909 4585.05 
110.255 62.3123 
1845.69 4408.91 
5084.79 1022 
4079.99 8164.96 
504.211 9586.49 
6655.36 7662.18 
9216.28 3890.18 
698.313 3868.11 
1046.15 6495.91 
9115.17 8322.96 
8547.51 9555.36 
9762.2 1233.61 
824.169 9838.4 
73.1448 2040.22 
4640.05 762.054 
6625.27 4750.31 
824.366 8470.97 
9159.22 5909.15 
9492.97 3239.19 
4074.09 9997.18 
2825.66 729.438 
7659.34 2041.93 
4619.62 8357.65 
5910.03 5665.78 
4853.54 5025.19 
3988.71 3401.04 
4580.54 3750.89 
4634.65 5404.71 
3589.28 4707.79 
7444.93 8229.33 
5469.85 4070.18 
2979.62 6294.21 
2541.13 2138.82 
2203.35 2034.09 
5378.01 6277.44 
2031.25 8203.67 
7006.87 9690.59 
245.586 1626.48 
8048.23 6155.62 
7292.25 2901.75 
1180.79 1280.95 
6302.79 5761.33 
5031.85 937.416 
1166.02 8621.13 
5645.21 8610.95 
6850.44 1115.04 
2681.12 9830.06 
7409.25 5222.25 
1968.86 9612.59 
7256.34 7346.87 
5890.01 9287.59 
5550.53 2896.87 
8978.16 5796.11 
4523.35 7026.37 
1951.72 1815.59 
9928.12 3132.51 
3096.54 6230.89 
8893.84 8128.39 
7168.3 59.8445 
6749.5 2813.49 
8670.79 3599.92 
3928.53 1351.89 
3429.96 1337.76 
6574.14 5398.82 
950.335 3830.46 
2745.68 6840.35 
3118.03 8296.2 
9737.22 2096.17 
4092.3 4260.55 
9122.54 6044.02 
6076.14 9050.64 
9176.53 9172.68 
5281.51 8070.35 
7301.05 2449.8 
8130.2 4050.53 
5263.29 6800.97 
7650.45 9191.82 
8152.86 1080.39 
529.562 4726.98 
6479.22 1479.9 
8557.44 9224.89 
8320.24 1675.45 
7521.08 8057.44 
3771.63 1613.36 
2317.98 2894.15 
7657.38 8394.11 
1944.77 6833.89 
7566.78 7226.28 
4904.22 4867.81 
9676.08 3034.4 
8918.34 4939.35 
9835.37 6568.77 
4131.16 7988.22 
7649.16 4660.72 
2715.19 4128.36 
6140.62 1272.62 
3353.24 4460.84 
2948.07 874.296 
2518.27 6719.7 
2487.66 4836.25 
9613.84 145.014 
3230.34 1558.6 
6978.9 797.101 
8784.88 1883.11 
5664.91 8460.94 
4917.51 4583.23 
3400.27 4752.87 
1151.98 7531.43 
2741.07 8801.15 
2192.13 5456.26 
2929.49 8332.75 
6728.87 6282.73 
2793.57 9676.94 
7157.03 5311.84 
6396.62 9644.68 
148.067 6010.45 
9789.7 3378.41 
7569.04 6768.58 
4175.51 6353.9 
8651.68 9840.42 
4814.82 3569.17 
4423.63 8215.1 
8322.04 5575.61 
5746.51 1063.09 
4376.74 7938.64 
6519.35 7306.24 
6271.37 3248.2 
3588.95 9064.94 
2925.13 745.959 
4376.76 9321.75 
390.623 4524.83 
5332.18 180.301 
7903.24 2901.2 
6948.88 2078.73 
9255.11 5600.54 
1919.13 4069.91 
9169.72 6342.77 
2285 7491.74 
1918.36 8031.51 
8554.83 6295.11 
5970.13 5074.16 
3601.33 2241.48 
8322.36 7190.28 
1306.4 1247.48 
7936.24 5683.16 
569.208 8326.86 
207.966 5901.39 
8507.16 8111.2 
8802.59 5456.02 
189.915 8057.68 
1056.55 2109.05 
2127.58 226.251 
8451.81 4412.57 
7717.99 370.159 
2444.06 6272.8 
6665.27 8414.19 
1346.95 266.577 
655.653 9669.31 
7456.85 1962.05 
916.772 5393.07 
7645.21 1485.98 
3719.92 7853.18 
7387.37 2227.06 
5964.36 6189.94 
7683.08 6154.28 
4247.61 8739.63 
8263.33 6375.18 
8965.88 6715.12 
787.742 6683.85 
7085.28 3231.8 
2956.64 3750.53 
1645.98 4303.59 
4017.11 2301.63 
3972.89 1473.94 
4263.68 4889.66 
6867.02 1908.88 
6375.64 586.915 
9762.05 3762.99 
2813.97 5726.4 
9952.93 497.036 
1880.66 4200.52 
9236.66 143.965 
575.686 8202.53 
6859.09 1363.43 
4886.36 3944.35 
4595.23 7843.01 
7694.88 6241.21 
2146.58 1711.97 
8542.84 6119.46 
3185.91 2806.51 
1009.11 52.9087 
4715.39 7384.74 
639.824 4477.42 
1147.72 3453.8 
203.803 1100.63 
3950.83 2084.46 
5301.15 3187.48 
2228.42 5876.83 
1389.99 9087.51 
7240.26 6276.35 
3031.84 1835.48 
4119.34 726.702 
8076.69 6265.92 
2438.67 6619.51 
2385.37 5624.58 
9426.02 3394.48 
5677.49 4141.39 
779.203 6317.31 
8618.82 1926.92 
9771.11 8822.62 
3027.55 3721.92 
907.063 8328.69 
6909.4 3135.49 
4205.51 8299.39 
2222.98 1445.75 
4575.73 5254.82 
3281.22 8695.07 
5981.52 1357.89 
4960.98 8420.19 
7977.41 7346.35 
4044.75 7403.41 
740.805 9722.24 
1544.79 1520.01 
6039.53 163.59 
3446.93 5810.62 
8986.21 6474.47 
9532.54 9893.27 
4803.15 6441.93 
3028.74 9008.65 
4741.31 5251.72 
454.387 9317.04 
506.53 3735.61 
8012.09 6488.05 
5093.51 2973.05 
4908.23 3070.9 
319.383 8952.98 
474.292 1060.19 
8675.21 2019.08 
2580.2 4714.72 
2182.67 6027.12 
525.327 1168.86 
2501.58 57.8551 
1062.12 7304.73 
6499.79 4090.86 
6313.37 1241.08 
9342.59 6767.75 
558.097 9849.12 
503.348 8570.19 
6337.16 5596.85 
1543.23 1245.37 
8667.75 1862.61 
198.334 9142.04 
2922.8 8873.54 
1161.1 5503 
3588.24 3343.78 
1530.1 4113.57 
4512.64 4031.68 
4171.43 5574.76 
1336.39 671.196 
9665.63 7649.76 
1912.27 9008.2 
4417.5 2470.37 
8857.3 4920.84 
1040.54 5194.44 
517.679 2583.77 
6439.81 9185.43 
4446.38 6638.14 
8327.45 7369.19 
5511.66 9488.56 
2872.16 9099.91 
2832.31 4402.27 
3213.46 7344.96 
8433.95 7384.89 
2919.7 9770.34 
8056.08 2585.31 
7420.09 9968.36 
1593.49 1837.56 
2438.71 450.776 
6758.41 3479.25 
5645.21 7276.09 
6063.03 2085 
6461.5 509.393 
8723.14 4788.93 
7878.58 4234.79 
4277.47 750.726 
3334.68 7109.79 
5152.99 6548.14 
4454.73 3586.93 
3933.01 7374.43 
3357.25 1989.08 
9959.74 777.323 
1957.42 1553.21 
2614.89 4396.13 
2003.99 9373.3 
7875.38 7649.2 
6649.37 3938.39 
9734.21 3110.85 
4447.78 8457.33 
7899.78 2326.35 
2692.1 2177.23 
3077.07 6026.78 
9287.02 8230.06 
2574.91 3741.73 
1816.97 6507.92 
1116.14 5174.23 
8497 1075.86 
5951.55 454.404 
2629.07 8566.44 
4850.53 4633.06 
7939.72 2725.9 
2282.24 4589.07 
6664.29 2016.43 
7699.91 1112.06 
473.746 5599.68 
3438.4 3165.85 
7776.91 6515.48 
9192.63 7063.91 
4745.52 1767.52 
805.617 6562.5 
8275.44 1921.75 
1736.71 6772.43 
2997.61 7688.26 
7226.83 5626.68 
6254.68 2077.35 
259.717 4194.38 
4803.25 2541.96 
8783.45 1467.52 
4558.39 6483.34 
2579.58 5032.14 
2083 6017.98 
8197.99 9859.91 
2533.44 7390.6 
6923.8 7278.96 
9158.12 7729.42 
3841.44 7433.55 
9651.17 5578.15 
4205.96 2648.76 
3266.39 1432.77 
8275.44 9521.07 
3510.12 8535.15 
3715.44 8313.37 
1077.09 2498.87 
9780.88 5635.49 
8982.21 2360.44 
667.607 1065.19 
8378.42 8865.59 
925.081 911.846 
6256.18 7848.88 
8190.81 5414.29 
5578.28 2032.23 
2847.82 5229.43 
7610.39 7053.78 
7878.19 876.762 
8486.55 6153.61 
397.819 1996.66 
4688.74 4113.26 
310.005 5765.84 
6612.12 90.8727 
1401.31 5594.31 
2451.32 2068.91 
6659.5 829.723 
934.489 7584.58 
1741.57 7190.67 
5433.45 9932.38 
2604.94 1011.71 
1964.59 5452.76 
6241.14 9574.98 
2506.52 4119.31 
451.724 993.058 
272.899 849.543 
2989.71 4961.64 
4962.8 3299.72 
727.461 1574.91 
3390.59 2128.77 
7169.22 5841.91 
4197.68 3828.7 
6671.63 5132.17 
1413.27 8413.2 
2322.82 6846.72 
8345.56 4927.76 
7858.43 310.138 
380.499 4099.55 
9885.12 2887.02 
8218.85 336.823 
3880.08 8491.75 
1186.37 6869.79 
3453.38 6149.17 
169.497 4180.84 
7724.07 3560.09 
6309.6 4893.27 
9402 507.267 
8721.98 6073.62 
5639.44 135.233 
4486.8 7962.26 
6981.95 2832.34 
2890 4840.36 
3142.48 3270.5 
8939.91 3027.58 
6157.52 7158.74 
3364.41 37.5768 
5650.48 4550.77 
6907.37 9103.86 
699.921 7076.87 
3284.68 8423.99 
636.939 9594.28 
3317.25 38.9211 
101.532 2039.21 
6112.54 5740.97 
2174.44 599.319 
3703.21 9156.39 
3431.66 6593.2 
3996.74 6574.15 
9863.7 2936.62 
9601.73 6021.2 
95.3513 2966.11 
6058.77 5745.83 
7516.89 2966.13 
4849.67 8216.81 
42.9754 8134.35 
6640.78 679.914 
7728.62 9958.03 
718.835 7830.15 
1997.22 6831.37 
3571.1 4171.67 
7430.69 7274.31 
3328.04 862.336 
3867.49 7324.78 
7436.48 3731.17 
261.383 7038.19 
9752.37 356.735 
4.28824 5811.12 
6102.57 7521.17 
8777.25 952.222 
5737.97 8820.23 
9086.57 2378.73 
9500.14 6815.17 
2336.75 218.959 
4645.3 4333.97 
7050.33 8216.4 
8505.64 4481 
5490.69 1833.66 
5343.34 9358.19 
9158.43 2779.8 
3089.34 9419.82 
9817.99 2841.69 
9776.55 9822.28 
8652.82 5879.1 
7343.44 7430.05 
6831.32 3081.39 
6250.26 5917.88 
5460.12 5750.38 
2733.04 7796.87 
5969.34 7378.34 
2130.82 3019.65 
5594.73 636.438 
7500.66 1085.41 
2470.1 2843.98 
443.574 1628.52 
5623.78 3532.91 
1048.32 5441.76 
6374.61 824.853 
5264.02 5027.41 
6703.96 2607.45 
2457.44 3535.26 
5688.83 8707.7 
9453.14 1148.94 
4458.06 2186.16 
8945.8 427.389 
9564.5 1076.61 
3447.04 5159.22 
1713.05 947.685 
6244.62 4183.14 
3791.67 6688.19 
5811.66 9415.45 
221.092 6859.98 
4857.19 6595.7 
7684.83 121.198 
1623.09 4388.77 
2728.64 4080.53 
7924.03 8417.48 
2788.21 7377.16 
9566.42 7246.27 
9563.32 8512.2 
7673.66 9127.8 
9588.81 1120.69 
4287 1301.84 
2068.37 531.606 
5484.98 5860.04 
7219.8 1296.62 
5275.47 7440.89 
8156.6 132.643 
4036.57 5841.41 
253.841 5659.66 
230.161 2982.48 
9740.19 8154.19 
1399.95 2528.38 
5531.33 966.345 
9774.65 5094.63 
9478.55 7448.29 
4222.42 9067.34 
8568.98 8509.42 
369.163 637.339 
9041.03 5854.14 
6497.38 6260.81 
7150.77 1772.83 
3701.69 5307.35 
1905.47 7738.26 
1148.74 2159.31 
3397.9 1378.91 
5141.8 3138.07 
9533.1 6541.74 
5666.45 5064.41 
7508.09 5441.08 
159.025 6986.62 
2889.36 4381.44 
6053.94 1458.33 
2890.85 6423.11 
2095.67 1931.86 
2277.23 8593.04 
8192.67 9428 
365.855 1894.34 
4735.34 2271.33 
9632.59 5884.08 
4430.64 3030.48 
7262.99 9572.44 
6168.55 6796.07 
6114.16 1834.98 
1860.46 3622.24 
7276.06 2019.48 
608.84 165.409 
6400.93 6662.78 
1623.74 9291.78 
3085.88 3719.4 
1223.62 5363.11 
2312.43 9416.28 
4791.1 2678.28 
1310.6 9526.43 
4949.61 943.18 
5410.49 9380.25 
3973.66 2673.46 
8952.67 142.191 
9469.53 5066.82 
1977.17 1329.97 
8689.05 9253.24 
3349.45 9297.89 
9418.65 9750.38 
5960.66 1042.37 
9042.14 9046.54 
4761.77 265.736 
4409.63 7074.19 
9682.02 9200.72 
9752.48 992.605 
8727.14 4702.07 
1935.78 4137.62 
4082.3 5909.44 
6811.08 3034.95 
6051.63 6280.59 
8101.77 8028.81 
7610.56 6790.81 
7282.03 959.993 
6088.68 6700.66 
710.356 2049.33 
7743.02 9752.49 
1095.85 2504.77 
18.2133 5505.48 
9578.97 9700.23 
4706.19 9331.43 
692.82 3433.31 
4033.48 2628.6 
7570.92 8115.78 
8538.05 4381.99 
1150.71 4589.66 
662.556 9252.48 
2618.46 8273.11 
6043.27 9900.48 
9233.11 2131.94 
6601.13 9943.46 
4181.27 4344.13 
9695.94 5277.12 
6848.91 9714.15 
782.58 6427.86 
9414.37 5488.77 
5759.27 107.172 
8922.08 9792.75 
2735.78 6492.98 
7908.51 1273.81 
874.953 9059.22 
5863.47 1537.51 
8311.68 8481.93 
9810.62 4354.94 
8382.39 9043.71 
6486.88 4983.5 
8987.16 668.133 
9327.64 8683.08 
5945.25 6176.53 
8397.21 6727.83 
2604.38 7811.57 
2216.58 8363.65 
7918.74 1138.64 
8156.38 654.498 
7631.62 6064.87 
1928.3 8506.58 
5124.07 7791.78 
44.0691 3435.74 
6273.69 9854.69 
7790.68 4656.06 
8898.38 4277.54 
9639.57 7885.52 
4945.67 8967.19 
6568.59 890.905 
5143.71 4965.78 
7618.74 7748.08 
2777.33 9835.32 
6111.71 696.054 
973.94 4268.07 
1350.55 8605.57 
332.916 3278.86 
7112.13 5456.98 
1070.62 7156.19 
8892.72 7344.3 
7010.87 6683.38 
2000.35 5909.24 
960.9 1639.9 
3794.74 5906.57 
607.072 363.313 
6797.48 5750.78 
5329.1 4416.2 
3498.84 8106.43 
4251.5 9610.55 
8802.48 5225.44 
3878.6 153.019 
3830.98 4211.52 
3431.88 943.093 
9668.5 4502.49 
8099.29 8561.2 
1846.78 5110.14 
5244.56 3847.12 
1019.36 6205.46 
5487.02 4814.1 
2112.02 6094.09 
5177.42 8909.49 
1844.85 506.496 
3325.67 5343.7 
8612.93 7577.17 
4954.23 7415.39 
2802.59 8832.83 
7568.41 6633.57 
3044.33 1000.27 
7576.67 2712.82 
5502.76 5675.94 
1274.01 7349.54 
786.061 6518.57 
1196.64 1805.42 
2724.01 6683.67 
6619.52 4836.03 
2777.74 1796.92 
3745.51 4622.6 
2303.42 7071.18 
9966.29 916.326 
4648.33 4920.51 
8331.72 7450.92 
3753.32 5900.11 
4084.48 6797.66 
6900.39 1661.13 
9510.48 2403.13 
7337.07 784.465 
9752.67 8123.13 
7303.03 949.296 
9928.55 27.0325 
7632.96 6548.05 
4863.06 410.686 
8344.97 8608.57 
5033.28 648.374 
5679.74 4999.56 
1564.7 328.059 
9920.07 9896.42 
7778.98 3673.37 
5796.52 1863.44 
471.014 2696.89 
3524.57 9981.49 
5100.02 861.623 
765.939 4852.67 
8984.75 8068.97 
5801.96 8913.28 
8096.01 3434.91 
5461.32 2959.05 
3845.6 3806.27 
1567.61 8878.88 
4454.65 7247.35 
3878.42 6019.35 
7575.41 3798.47 
5915.75 5354.38 
7471.84 1712.25 
7217.82 7942.86 
4409.14 742.377 
7924.33 9509.15 
1604 8690.27 
4361.81 588.733 
6759.23 163.753 
9502.01 4855.22 
3598.66 4963.31 
7814.27 7444.26 
8769.58 9381.88 
6323.12 3224.21 
6629.22 201.525 
9243.56 4204.61 
4000 5159.29 
9558.99 1471.82 
6871.54 6776.79 
9414.68 1280.66 
7519.17 7339 
789.801 9123.17 
6029.25 5151.61 
9711.91 2788.46 
5315.36 9213.9 
7643.68 8914.02 
4177.19 5457.93 
6358.26 2946.76 
4839.8 2681.37 
6170.98 1469 
2882.89 5414.52 
5673.61 6882.89 
573.799 5232.59 
8354.71 7445.34 
2009.36 7769.37 
8726.01 9528.54 
5108.35 9515.81 
8651.69 1137.59 
4667.4 8363.58 
3926.05 9982.76 
7577.46 1569.71 
8896.76 1754.64 
7027.64 5255.01 
4701.4 1867.42 
7936.37 872.36 
3336.42 819.248 
6286.88 9010.03 
7702.13 6860.68 
4242.6 6056.83 
4306.01 6251.97 
3826.18 3032 
5780.49 8934.54 
2547.79 4432.16 
72.1056 7215.19 
2795.72 3998.15 
7197.93 373.169 
5567.86 6094.67 
2127.81 2595.48 
1349.66 6829.21 
4462.9 9286.04 
7701.57 7799.32 
105.268 3988.44 
6809.34 7807.4 
849.098 1051.92 
3864.21 5155.1 
7303.89 7690.4 
8187.1 3084.36 
6624.92 734.872 
7516.52 6697.02 
7950.06 312.23 
695.159 5147.97 
685.399 6263.02 
1242.62 2813.21 
8858.5 2592.28 
9642.42 3321.38 
1878.3 7343.97 
1120.68 1983.57 
1332.39 7930.02 
9790.97 2181.49 
8981.94 3655.17 
7336.59 6285.81 
1345.55 5523.68 
9370.18 7970.47 
6258.55 6886.68 
4667.48 4208.59 
7198.91 5362.63 
9356.56 7884.31 
1625.64 599.164 
697.502 484.116 
3191.45 339.905 
3805.5 5069.75 
7683.88 4926.18 
7053.32 9016.27 
2856.18 6844.28 
1197.74 1838.1 
499.428 8534.34 
8123.92 1844.98 
4058 7494.08 
9815.45 316.534 
4380.74 4482.91 
4525.13 1579.64 
9845.54 3881.67 
9463.95 1471.16 
4480.83 161.432 
1955.28 7672.28 
501.337 5760.77 
2742.01 8185.22 
686.935 9795.33 
7201.47 3543.12 
6639.59 8399.21 
5381.22 7139.02 
6933.54 3505.12 
8984 991.521 
999.183 8799.43 
1308.06 5379.92 
3282.32 5833.18 
6959.56 3127.84 
9714.85 6423.49 
4599 4195.67 
6584.92 6554.28 
1867.93 7086.26 
2315.03 4609.94 
5271.46 3001.97 
4405.25 2472.91 
6545.08 1044.83 
872.111 1926.29 
8183.84 7805.65 
5431.41 7167.82 
8797.17 6430.6 
5967.23 105.208 
1810.5 9249.55 
5938.39 8770.06 
2377.38 5653.22 
5193.54 6976.38 
9848.89 1778.44 
3530.64 1716.8 
8864.7 5845.68 
6326.74 4136.15 
8847.65 731.982 
6609.06 5392.71 
1776.81 7481.17 
7319 9960.65 
5286.8 2750.4 
7128.46 4083.95 
9181 3095.68 
4189.16 991.483 
2345.22 127.533 
9761.55 4722.59 
5780.76 4955.07 
1698.96 5629.63 
6733.51 5229.6 
7346.43 5598.2 
1075.26 3673.16 
9734.34 9922.91 
4405.14 6343.38 
5315.61 6181.95 
3824.53 2634.6 
6142.59 9111.33 
5385 3271.03 
3195.27 4565.97 
6366.71 7384.43 
5557.46 8711.92 
7511.96 5318.99 
3434.5 3292.7 
274.039 5133.46 
8922.33 7007.55 
363.045 6268.75 
2605.73 1438.31 
9941.91 2340.06 
1361.2 4347.03 
8683.44 6676.81 
528.964 2507.96 
9311.41 6671.55 
1619.28 4696.38 
9942.58 4814.55 
9262.36 6309.27 
2198.96 4819.8 
5021.18 9710.92 
138.769 8455.68 
3003.61 412.808 
3589.12 1925.92 
7420.36 3952.17 
8194.67 26.0743 
5390.48 8136.56 
2366.13 6751.68 
2483.57 1049.56 
3428.47 3012.54 
3557.52 2739.86 
9684.09 5176.8 
7436.24 9626.65 
9991.34 6698.58 
5935.9 2190.29 
1518.37 957.066 
1901.19 1657.14 
9412.74 4904.8 
2069.94 3001.85 
6830.73 9490.3 
6954.02 5025.38 
9516.38 2344.48 
3161.92 1882.49 
9096.15 5645.5 
2932.05 2524.61 
8658.03 6489.57 
5264.46 8342.11 
1666.35 2700.69 
7968.74 1657.68 
9399.27 3904.63 
3847.97 917.621 
4861.69 5749.16 
2574.76 4274.42 
653.948 4644.7 
7276.27 7484.67 
4134.98 4230.27 
2510.04 3651.34 
6574.75 5671.96 
5533.84 5670.88 
1317.44 8465.89 
8195.49 9975.47 
4955.44 3459.93 
8317.56 6621.79 
6160.62 6286.28 
8279.47 5559.88 
190.891 2127.42 
6477.5 5052.58 
7876.58 9052.26 
9327 8530.53 
3696.94 6603.26 
6015.19 7831.92 
833.512 8525.22 
1483.25 7408.26 
4197.16 7017.09 
3079.12 5514.6 
5482.96 1274.59 
5490.05 438.384 
4734.53 3807.59 
7060.18 895.136 
93.8542 5339.63 
6455.02 284.745 
7467.05 2932.5 
5337.33 5343.61 
1984.74 4664.32 
3874.13 5681.68 
1267.56 9889.31 
3513.59 2101.07 
8414.52 4996.84 
9509.33 2611.66 
2013.91 2588.44 
8126.26 7496.87 
3863.03 3616.29 
7935.25 8597.56 
7423.88 4995.41 
9492.7 7517.74 
335.024 5947.69 
7802.48 7802.07 
8880.19 3139.79 
3145.67 864.914 
7804.11 7019.79 
6546.59 9071.67 
6909.09 60.1611 
1172.72 5323.59 
5057 682.034 
7935.25 7070.91 
3270.47 6061.5 
4567.76 7133.5 
9677.79 2503 
5731.05 7101.65 
7498.41 5223.73 
4619.37 7833.44 
1171.4 2421.84 
5635.49 51.5792 
5561.63 8781.16 
916.494 3365.73 
5800.94 7463.09 
2437.38 2710.01 
7523.25 3610.1 
8033.6 2580.23 
4292.13 5968.84 
9651.14 7562.6 
2030.32 4218.88 
4696.09 1708.09 
6721.88 427.118 
8809.75 4220.28 
5650.84 3429.1 
2053.7 6822.25 
5850.94 7689.2 
6873.83 1412.56 
6470.34 7790.32 
4778.28 2271.26 
5253.39 7215.66 
4981.28 2776.62 
825.739 3014.86 
5356.85 5117.87 
8983.71 5007.97 
2680.46 1014.01 
9226.85 7376.55 
2722.1 5948.72 
7803.67 1531.83 
168.986 3454.49 
4960.93 2222.69 
276.721 811.853 
9911.89 7150.55 
2224.41 6382.21 
4940.85 7002.69 
8653.47 194.219 
4218.33 3634.73 
2970.84 5044.07 
6649.6 8327.68 
161.921 5633.29 
3335.64 2842.38 
6647.3 2562.47 
218.911 9369.4 
8511.19 8022.58 
901.208 8680.18 
1477.05 5862.14 
902.853 1753.77 
6673.99 814.722 
8904.32 8898.4 
7196.93 3845.15 
5901.07 5850.39 
4039.37 119.381 
9485.12 7010.2 
5163.45 6134.7 
5337.87 5325.37 
1767.97 8673.51 
8167.75 8415.27 
1235.96 8386.66 
7784.65 9747.16 
6409.22 8685.86 
8427.32 7886.27 
4547.98 9330.18 
9640.04 1221.95 
144.881 8544.34 
120.335 7341.81 
2389.47 6021.4 
3192.18 6428.84 
6140.79 2677.29 
3439.03 1304.22 
8812 8776.9 
6629.58 579.952 
7450.39 4797.31 
8995.22 8686.35 
3183.96 6779.85 
8433.49 9593.17 
5465.7 6860.8 
7479.43 13.6572 
6190.96 7119.45 
1235.61 6335.84 
5663.77 1355.94 
3677.64 8053.24 
7377.35 6869.82 
4482.06 3518.12 
9547.11 7921.09 
4822.33 8359.09 
6697.97 1451.9 
8939.04 4148.34 
6249.21 7934.25 
2834.68 9433.17 
4714.08 1268.15 
9026.33 179.762 
8128.95 6505.74 
193.419 4319.9 
3625.17 1429.03 
655.718 9288.94 
2784.97 4333.35 
7342.17 162.307 
1203.16 1824.22 
3680.42 750.252 
9745.31 8502.76 
9109.34 6443.26 
9954.66 8048.37 
591.583 6203.85 
5982.59 3426.26 
5637.01 696.661 
4694.41 4663.32 
876.423 2823.35 
1169.04 1069.84 
7143.25 4794.21 
2498.87 7798.97 
4083.13 5283.85 
2132.3 1425.29 
5446.15 3335.46 
3249.5 9126.58 
4085.71 2994.79 
7629.32 3195.04 
9438.05 7583.96 
1243.38 29.6177 
3787.8 7225.98 
3455.88 9424.81 
7922.64 8150.29 
4088.11 8799.06 
973.626 5257.15 
9868.91 8116.87 
51.3427 2367.76 
5915.82 4134.48 
7651.61 8048.12 
5559.76 3097.74 
1383.57 8809.27 
2224.3 5469.28 
1804.04 9853.62 
8664.31 1242.07 
7437.57 9907.7 
1271.69 1225.35 
7133.66 4727.57 
650.136 5056.28 
2877.84 4738.25 
3855.32 3851.47 
9995.4 3724.21 
1968.33 46.7219 
6091.97 7884.15 
4181.2 3743.56 
5932.25 9740.96 
6841.31 7315.82 
8550.21 9065.61 
2785.08 354.234 
8919.22 1449.37 
1596.31 6356.77 
1357.05 2868 
7582.11 8490.71 
7595.57 8232.25 
3546.97 473.399 
2970.48 7402.3 
4324.87 2965.86 
1126.49 6293.2 
3012.58 7218.47 
4177.33 7193.78 
962.015 109.562 
6934.72 7803.32 
7425.38 5484.92 
6868.92 210.444 
5839.15 5788.11 
1659.82 7435.46 
2144.86 3016.87 
303.445 9726.98 
1507.57 7899.02 
7959.21 5054.54 
8372.42 929.667 
2456.82 2697.27 
3895.52 3583.31 
8990.46 6908.1 
801.763 3167.77 
4101.86 1763.78 
3277.33 1036.57 
9567.1 702.699 
6521.49 6436 
913.143 2360.62 
2224.1 2572.96 
9796.08 4368.96 
5589.83 99.5102 
4095.92 7097.4 
7998.53 2055.11 
2151.92 6370.93 
2984.77 4608.74 
9068.19 6880.3 
8192.05 8058.64 
3788.38 8993.82 
1226.39 7890.25 
757.577 4503.73 
8926.82 324.66 
5206.43 5448.29 
6760.66 6119.57 
7808.91 8984.75 
8692.53 7604.97 
3353.7 4282.35 
7704.48 7449.62 
1379.74 5702.99 
9504.72 3531.66 
2073.9 2489.48 
8140.4 1142.08 
9369.78 6332.43 
9200.72 3158.15 
5326.23 427.093 
1048.38 6083.81 
4930.82 9975.19 
6408.47 137.232 
5423.46 3169.11 
6256.8 3232.35 
2153.85 4949.32 
837.31 5507.54 
9231.67 8541.79 
2957.14 611.39 
4244.77 2461.85 
4143.05 6318.67 
4951.33 2283.43 
7460.75 4321.1 
8615.86 6661.44 
7479.24 3942.07 
7088.54 8527.62 
25.866 2019.34 
8502.8 6434.33 
2156.57 3926.24 
9603.44 8413.38 
7158.6 1757.27 
3362.68 7995.91 
7264.82 2594.34 
6537.68 221.944 
3205.73 782.433 
2683.79 7348.77 
7101.1 7635.13 
9632.2 4561.83 
1956.21 8248.05 
1223.26 9435.45 
2190.1 8311.8 
7963.05 2215.97 
331.122 6465.83 
8650.3 2487.7 
392.056 8253.73 
901.059 7550.65 
10.9855 4263.74 
5546.54 7275.8 
6858.08 2084.21 
7497.75 63.7852 
2866.64 181.526 
7412.56 9967.74 
7816.65 7044.74 
4529.55 9772.86 
5292.77 5752.81 
9208.29 7482.88 
4064.59 7171.32 
9698.85 4395.71 
3637.13 8349.13 
6883.41 4029.19 
6602.84 7784.47 
1579.83 6613.83 
2048.19 7126.37 
3889.62 8906.27 
9210.57 1387.35 
8970.05 2077.2 
1568.87 6382.6 
2044.92 9385.52 
3427.32 6574.48 
9158.37 8720.1 
2327.27 8366.64 
6202.96 6391.86 
5537.94 5901.78 
787.562 9175.08 
4250.9 7670.97 
3204.25 853.727 
5455.43 4784.07 
7467.56 7503.62 
1910.42 1357.16 
6409.87 1120.98 
2744.5 5379.91 
3198.18 4313.38 
1762.49 5243.1 
3698.88 5189.81 
1817.56 2857.23 
3909.89 4144.83 
1223.85 112.83 
536.676 6761.79 
6014.61 1324.24 
5936.85 265.497 
8995.21 9141.1 
1119.22 4450.62 
3925.16 8586.78 
1954.23 5835.58 
9943.94 8364.1 
6956.56 2688.42 
3743.99 154.727 
7001.8 5506.48 
5397.83 700.665 
