300 2
4966.67 1320.17 
5931.46 9112.53 
9812.72 5155.99 
7210.57 9971.99 
6770.69 4249.34 
6437.49 6446.11 
9979.24 5666.77 
3122.63 7547.57 
6657.05 9438.61 
5800.18 3296.77 
216.871 9089.08 
3046.95 1673.04 
2388.99 3806.03 
8561.52 2655.37 
587.184 7125.32 
3376.14 5553.85 
8445.49 9307.6 
4666.36 8258.19 
4463.57 1876.91 
8230.17 1234.24 
6126.26 4667.64 
7680.35 6105.48 
334.396 802.96 
3653.03 6991.45 
241.549 9453.21 
288.206 458.42 
8542.27 3335.16 
2131.46 931.247 
7141.18 692.969 
3586.62 7728.37 
7818.29 6962.76 
3282.2 6263.76 
6270.34 7948.56 
4521.93 733.894 
9825.48 2752.09 
1968.13 5951.72 
7419.72 9648.48 
2057.18 7754.12 
451.422 5710.2 
4745.55 692.971 
5163.39 5033.76 
1151.39 3705.65 
8368.92 3282.85 
4636.9 5510.08 
3975.82 8223.51 
3238.43 1794.09 
5186.25 6520.63 
8057.85 1456.58 
4469.17 2579.77 
2190.47 4294.63 
5331.85 4158.6 
246.331 2751.56 
3807.06 2303.51 
505.66 4258.49 
8013.71 5251.21 
4951.46 3177.08 
284.952 6102.85 
6882.73 8653.87 
9385.7 1519.61 
4163.93 3361.51 
9743.13 7402.36 
5155.6 4929.36 
3922.97 3213.43 
6385.94 8392.15 
5793.2 8576.41 
2686.76 1125.03 
2735 2933.09 
3876.59 6542.06 
5236.6 4382.25 
800.529 3250.29 
9633.46 5751.99 
6427.38 9918.41 
1854.82 3310.09 
8572.27 1240.5 
4829.71 2736.18 
4602.01 4572.82 
138.524 9757.61 
9502.18 4061.5 
2971.03 5888.1 
2453.63 8764.23 
4464.49 5140.39 
9889.26 7199.49 
8073.48 3765.83 
3741.53 3310.06 
8148.08 4542.06 
6560.36 7781.53 
294.031 2987.72 
7699.93 2148.85 
6297.81 6272.17 
3389.35 1127.5 
9008.35 7991.36 
5700.31 9146.88 
7748.95 5202.48 
3208.36 719.962 
1090.56 5661.98 
9484.19 5555.05 
802.355 9373.43 
2754.53 8875.84 
3139.25 6496.06 
2185.88 1287.31 
1038.11 8746.24 
9068.84 1332.14 
1733.94 6768.75 
3480.98 8031.75 
3040.91 6870.33 
9159.25 2049.24 
4861.67 4859.54 
1196.1 2610.6 
62.0028 4404.46 
3330.57 1152.56 
66.4239 2814.74 
6707.62 868.779 
2188.15 9462.14 
9744.62 5327.4 
5958.19 1930.48 
6614.71 6996.29 
676.707 5683.53 
8328.43 2410.65 
2452.26 1809.39 
442.38 5493.17 
8679.72 9601.63 
7542.41 3541.38 
4461.16 8738.51 
6151.98 4523.16 
3142.95 9482.55 
5675.72 3209.38 
2297.27 2383.32 
4078.16 4485.42 
1845.44 3822.76 
9812.82 7803.63 
5753.24 6427.51 
4799.91 6429.95 
2111.03 3128.32 
8840.59 4563.29 
4937.71 9282.97 
56.4477 3617.42 
8884.58 7598.86 
7158.79 3345.72 
6337.36 3310.76 
7868.88 9480.31 
2793.29 3544.58 
2689.67 5090.56 
5927.9 6767.83 
9575.99 7773.35 
590.565 9388.79 
5576.96 6343.8 
5816.29 376.849 
2773.73 7927.32 
3505.17 1614.31 
2490.6 8442.88 
897.268 2547.04 
2060.28 9781.85 
145.887 9219.07 
3127.56 6483.24 
2529.81 996.422 
5963.54 5323.11 
4541.01 8653.21 
413.656 468.891 
5421.02 9989.64 
8242.24 6011.58 
9378.42 3819.18 
2355.37 5194.69 
4196.03 5129.1 
3122 7701.2 
6743.41 5612.59 
6144.06 7640.68 
8159.64 8204.33 
7422.52 8305.53 
7423.39 550.059 
4788.75 9953.2 
1546.48 752.271 
5276.29 6087.49 
9405.48 5689.95 
6556.38 4826.48 
5679.58 4798.6 
838.038 5057.98 
8617.78 3193.41 
252.657 2813.8 
8322.51 3374.65 
514.977 5065.9 
8987.25 6659.03 
2706.57 7146.87 
4863.35 129.069 
5452.38 2286.72 
679.128 241.115 
2239.9 2225.61 
993.387 7516.2 
8313.1 398.846 
3206.13 4869.46 
5225.32 8885.7 
9668.06 6063.36 
3943.66 8285.82 
9256.77 4196.32 
1099.6 7579.26 
7570.98 1614.58 
2645.14 6558.21 
8273.61 5351.71 
3705.06 3136.95 
5480.78 9157.44 
5423.67 6159.91 
9398.55 7663.57 
8385.52 391.924 
5179.75 6698.6 
790.771 8385.87 
1568.04 6016.09 
7271.56 1236.08 
2079.44 1215.21 
9521.9 1336.18 
5411.53 621.488 
8915.44 2982.49 
2236.07 1560.57 
9540.69 509.665 
6912.28 3245.74 
3646.61 2393.04 
2403.16 9070.28 
8552.95 1801.7 
6733.83 6938.45 
2193.62 1913.56 
3637.03 2984.39 
299.415 5205.07 
9000.48 7570.97 
6441.15 1079.9 
8786.18 5963.04 
2416.09 4197.69 
6584.52 1331.51 
7180.18 8820.59 
2892.08 6720.85 
9330.26 9804.36 
9966.59 2976.85 
2197.39 2369.73 
2047.11 750.321 
4171.43 8780.94 
7688.77 6365.05 
694.483 1325.79 
9349.44 993.898 
6530.86 8349.91 
8564.87 2972 
9429.81 7351.03 
8935.03 1845.88 
1548.71 5519.54 
3177.39 8728.89 
4340.12 6069.47 
5449.72 3670.36 
5873.81 5416.3 
6647.21 8071.19 
7786.03 8694.32 
8821.51 1957.44 
7475.25 6510.27 
8322.49 8169.73 
7836.06 7671.91 
9163.63 4366.91 
6021.8 7728.48 
7338.91 5451.6 
5079.5 6273.92 
7297.48 6628.21 
1793.45 474.851 
5357.08 6133.56 
6544.32 806.784 
9803.92 2418.11 
6223.08 6451.12 
489.285 4009.09 
5145.42 9310.8 
5966.53 2620.65 
5821.05 4289 
790.367 3657.1 
1960.9 9954 
8024.01 7982.7 
7682.46 5362.9 
3434.28 2761.95 
1636.81 731.743 
9390.16 3430.25 
1206.59 4747.22 
9563.82 7750.91 
5554 9367.72 
169.004 1777.07 
5818.82 658.288 
5786.16 964.227 
9969.09 1752.67 
3584.88 5790.12 
6041.67 4375.25 
9447.22 8002.56 
4329.23 7471.22 
5985.25 2011.67 
2834.1 9419.53 
4773.62 4470.91 
151.255 4163.76 
7901.16 1357.85 
8910.98 7464.96 
9108.76 4464.97 
6832.67 9277.76 
6242.04 2651.47 
9936.05 2028.18 
3615.7 9905.12 
3780.84 7200.58 
5695.23 9822.51 
1575.81 5142.44 
7825.06 5905.04 
2613.64 3810.29 
7916.71 5447.74 
3229.8 2690.31 
