400 2
2352.46 9840.33 
5964.62 330.681 
8370.5 1572.68 
7982.68 1665.41 
9232.04 2628.41 
2624.19 3223.04 
169.467 7570.48 
8850.41 7094.01 
6907.47 4094.02 
5905.76 4279.93 
2015.63 365.177 
7679.13 5831.9 
5550.82 622.356 
4176.07 7353.17 
9125.53 8427.9 
6979.97 1477.97 
8268.21 2944.58 
1808.65 6638.7 
4517.25 9791.33 
8304.11 3749.27 
2419.73 928.284 
6972.31 2589.2 
8498.77 5822.7 
9683.21 5406.23 
9916.72 5588.95 
9686.15 1932.33 
5954.12 7365.26 
7764.23 1504.92 
7987.62 1940.28 
8858.09 7113.13 
368.169 5838.04 
8591.1 8636.38 
8782.62 399.737 
5275.07 3299.86 
191.054 3579.16 
7049.13 2610.78 
4507.45 4021.42 
5199.98 3006.2 
9844.13 4883.17 
8412.42 9760.83 
472.098 8098.56 
1693.14 6426.22 
5463.81 9457.37 
7931.15 3451.41 
1397.64 6789.22 
564.521 1765.81 
2627.24 9155.62 
402.172 1409.85 
9555.36 5677.24 
4709.7 9746.41 
9256.4 1758.81 
2357.18 3763.83 
5780.24 7557.16 
6770.03 5624.35 
2440.31 5182.43 
5385.16 2912.41 
3280.97 7078.3 
9338.63 8744.78 
6535.65 7269.76 
2196.17 7933.29 
4058.96 2760.69 
9699.1 6686.21 
1916.3 101.251 
8096.05 1471.64 
5778.49 2805.74 
1218.04 5034.88 
4564.55 3575.21 
8798.71 344.773 
1132.36 5568.72 
5969.12 3572.67 
751.131 1354.26 
6485.08 4032.11 
8432.56 5823.69 
2776.87 4968.2 
3093.43 4973.04 
2901.47 7152.4 
7733.74 2600.55 
3838.58 9650.03 
2701.8 1934.62 
1121.66 8480.29 
4740.36 2339.69 
3515.15 9304.91 
5914.91 2313.84 
9649.69 7047.26 
7882.56 5618.79 
619.911 8633.69 
6973.05 7104.99 
2665.78 5405.6 
2928.66 5442.65 
373.782 6022.09 
415.67 3275.26 
3174.47 8149.41 
5875.81 7013.06 
7799.42 8577.61 
8947.68 8921.08 
7057.89 3688.02 
1260.76 573.028 
2992.91 7175.66 
2886.87 2642.58 
4222.91 769.412 
8261.37 4842.82 
9403.1 5234.41 
1947.79 2068.86 
639.987 4876.45 
7511.51 1013.77 
898.527 7927.18 
4289.02 4073 
6076.57 164.817 
1086.04 3875.97 
8742.43 33.6966 
2797.04 5800.3 
3721.72 4057.79 
6373.33 6714.63 
1233.44 9260.2 
9357.21 5456.35 
29.5989 7618.57 
299.15 9432.7 
2852.95 2246.94 
1501.54 3492.94 
7123.39 9013.05 
4506.71 8021.92 
6940.21 8795.74 
2094.9 3016.76 
8960.55 3180.94 
6892.73 7702.97 
3214.63 9689.77 
3503.25 6936.35 
3747.54 9876.58 
3650.96 4980.98 
9136.77 3008.15 
437.314 9166.37 
626.703 736.464 
8599.05 3479.66 
2983.4 100.579 
6972.6 106.776 
9113.63 1479.29 
8128.69 6053.82 
275.011 223.575 
9070.58 9235.56 
3404.51 5963.29 
6938.51 6619.14 
5653.05 441.746 
3555.47 9400.59 
318.314 7206.43 
4381.56 9455.08 
214.572 4818.87 
8621.44 841.275 
5555.33 7220.47 
4320.93 8538.74 
7321.05 1293.52 
8645.51 6434.67 
2772.81 6774.19 
2488.47 3047.82 
6997.76 1559.04 
2283.37 402.259 
7522.33 9221.88 
7021.4 3175.36 
9663.62 576.859 
2575.93 9981.94 
7783.29 6957.49 
9437 7997.87 
1776.34 8058.43 
8839.14 7331.68 
5278.88 3160.06 
5870.4 2599.92 
4453.57 4515.89 
9034.59 7226.38 
1290.07 1523.04 
274.181 8287.83 
3082.08 2557.55 
8690.09 604.389 
1779.41 5711.47 
3779.75 1443.01 
6288.33 6355.68 
1424.93 4071.61 
3313.15 861.919 
2069.46 5089.49 
8920.35 908.582 
2421.15 4199.21 
4068.64 8291.55 
6799.13 8522.21 
2807.42 5833.7 
5748.57 4097.49 
7356.75 6022.75 
2385.31 438.804 
8580.3 1075.38 
1043.19 359.69 
6786.85 4822.94 
1802.7 3075.17 
1178.61 3227.63 
7146.78 4491.76 
4089.55 9216.24 
9581.25 3009.88 
124.805 2002.39 
7209.09 4193.44 
293.917 4008.21 
2715.64 3101.34 
9841.91 8464.21 
7198.83 7198.64 
4486.95 9584.14 
7637.45 3067.23 
659.5 8680.64 
3426.92 7446.35 
3503.56 5229.62 
521.507 4682.17 
8457.25 7668.29 
9173.93 2546.79 
6884.51 8755.16 
5556.67 7009.32 
757.529 2765.75 
1202.74 1051.45 
6773.96 3918.38 
4152.79 6615.85 
2382.57 1351.6 
3814.48 6869.52 
935.725 1451.91 
9936.75 1595.23 
132.53 3363.65 
9041.58 3636.09 
8593.27 9563.08 
8318.26 7050.51 
7231.35 7492.17 
9597.29 4115.85 
6247.32 5153.95 
1125.15 7004.84 
7919.69 2327.89 
8056.29 4693.63 
6246.27 2209.06 
1309.47 8628.84 
3560.66 5123.95 
5498.34 4496.39 
6575.85 5435.07 
6091.61 6708.38 
8798.72 5133.17 
344.461 7391.97 
4696.24 8662.72 
4442.46 1927.58 
6154.88 4039.73 
6043.43 2402.18 
9193.68 7168.58 
9407.02 7113.35 
9496.46 7463.29 
1806.96 5742.72 
9672.35 3116.43 
4371.54 3233 
8240.38 9869.87 
7729.39 4816.21 
5304.92 3820.99 
1524.58 4103.62 
8954.16 1869.04 
1495.57 3650.39 
531.752 5938.03 
5577.97 6686.63 
9977.76 1621.38 
9088.81 9171.42 
8789.96 8495.82 
6284.75 8286.4 
5959.09 8091.72 
4029.1 5631.43 
1208.13 8400.64 
8864.43 9448.51 
8270.49 6593.8 
4264.71 3575.4 
414.771 5789.29 
7679.02 9368.93 
7658.34 9174.59 
3019.3 8190.09 
5112.61 8597.27 
4876.7 5090.35 
218.629 3965.5 
4261.75 9008.58 
2461.29 546.49 
7294.97 8420.39 
8638.21 1324.05 
4051.8 9846.34 
9724.69 2916.21 
9294.84 7995.17 
9510.02 3559.53 
1570.55 9924.79 
9348.83 9249.58 
9293.7 7007.15 
8424.15 2312.99 
5197.22 3536.74 
910.236 73.9026 
8627.09 1128.86 
4039.4 2888.83 
137.431 6500.69 
3435.32 7432.4 
4921.06 2073.51 
8756.46 8972.87 
1919.83 8481.13 
1889.06 1214.66 
6476.28 1399.06 
4774.19 8046.84 
1323.84 4123 
7296.4 617.521 
1130.13 5720.53 
2930.51 6327.34 
9257.27 3840.74 
6401.25 7884.35 
4969.61 440.628 
773.154 5107.04 
6941.32 4208.47 
2539.42 1862.37 
6281.98 1295.86 
835.219 8201.81 
9776.99 2724.28 
9416.47 6253.26 
4123.35 4190.64 
4300.08 5447.18 
8313.64 1596.46 
6064.7 9443.76 
7316.99 8995.21 
5771.09 6574.25 
2835.93 2172.32 
4458.58 7805.54 
2612.95 5231.73 
2912.56 9554.27 
9440.2 5451.98 
1416.62 5722.16 
6747.85 2251.84 
3923.95 6524.82 
4976.12 3340.4 
2778.07 9099.47 
7531.04 7078.15 
4546.63 5844.66 
8674.61 611.32 
5288.41 5991.59 
9606.53 1059.48 
2565.82 2442.45 
3231.8 7024.4 
247.971 5844.75 
2256.11 3160.53 
5399 1696.3 
8612.52 6815.62 
7418.46 5360.35 
9067.47 1342.39 
1885.15 4043.57 
4682.79 4663.22 
3143.03 2213.82 
1741.36 7689.66 
8058.48 415.957 
8300.98 3346.87 
6407.55 7907.49 
4406.35 8973.37 
349.923 7638.16 
5997.75 597.894 
3482.89 8253.87 
3758.43 8881.89 
9950.16 2370.93 
5697.5 7368.6 
7731.27 4764.94 
8711 9616.43 
8808.52 3393.77 
4279.64 1951.52 
5607.59 6021 
9641.19 3666.05 
6436.95 7942.15 
7012.92 2844.49 
5849.62 1419.26 
1817.84 6199.55 
9057.42 7815.59 
6797.44 2540.29 
6069.44 555.851 
1422.16 6019.59 
2926.78 7119.65 
3388.17 658.035 
1884.58 2099.15 
274.447 693.079 
5492.92 4554.08 
2644.6 1100.5 
575.063 2285.77 
4766.55 7012.02 
227.903 1779.46 
9856.5 6077.53 
3198.72 1674.32 
2277.06 2256.12 
9489.91 9074.5 
4796.4 5559.34 
9630.35 6218.56 
1578.91 2557.11 
3338.2 4967.08 
3215.15 5222.78 
7066.23 3489.59 
5915.85 2559.14 
8043.68 8560.46 
3659.63 8618.74 
846.213 8426.18 
5630.74 1074.12 
205.621 5487.23 
7151.64 3404.34 
7161.55 9428.7 
5660.46 6651.45 
8503.19 456.84 
2210.77 8133.52 
6675.4 3789.67 
690.615 13.5779 
8756.75 3905.76 
5236.35 5822.97 
7395.36 1152.19 
