1800 2
3510.01 6331.17 
9281.73 7891.6 
1345.7 678.185 
8727.89 9926.6 
1634.97 1152.69 
3586.93 3262.32 
5676.83 96.0287 
1759.65 7569.16 
1152.03 6028.46 
7285.81 4071.02 
9065.05 1791.98 
103.103 7505.68 
4947.58 1902.51 
856.771 2176.33 
2698.95 7032.33 
1732.36 6208.96 
3363.48 1014.07 
4100.54 4709.18 
1692.25 2828.41 
4635.77 3327.22 
3981.1 8222.7 
6589.54 9657.93 
8318.73 8349.19 
7227.07 9470.76 
4377.64 4512.86 
3541.77 3442.67 
6304.84 3644.87 
948.335 1252.4 
5547.38 1805.11 
3428.73 8246.32 
8837.43 5161.09 
4455.27 2200.9 
6175.16 8555.8 
6910.08 7867.41 
1384.2 1545.84 
1194.62 5365.3 
9768.54 7784.16 
5023.21 8087.26 
6133.34 2250.26 
7558.01 510.96 
6763.12 1099.76 
3953.63 3067.95 
4744.63 4901.96 
4320.35 291.988 
6707.07 7749.08 
8538.31 5544.49 
2910.16 2993.56 
7745.38 9085.32 
1549.35 4655.45 
6952.71 2933.55 
6201.29 8147.33 
8298.85 5969.82 
5931.48 3322.04 
4057.06 2064.81 
5572.3 1615.05 
2575.77 2335.41 
2714.81 6529.4 
5403.36 7459.43 
1431.34 9723.71 
7751.42 8138.41 
7472.78 6289.72 
3682.88 382.918 
9283.28 1428.25 
9468.23 832.609 
6083.7 6420.93 
3766.16 2284.98 
4568.25 2064.99 
8254.79 499.716 
5387.03 2311.84 
2564.52 959.308 
3926.89 5140.29 
3294.72 6641.7 
1669.67 8698.07 
4101.11 3101.01 
8421.77 1852.52 
1239.4 5894.53 
8142.23 4922.28 
6277.45 7425.49 
6350.53 5745.66 
8258.1 2434.22 
2166.58 2024.24 
4719.19 6734.83 
4089.23 2973.97 
7234.55 9476.25 
5285.81 9799.07 
435.543 9212.7 
4939.34 3730.26 
5854.38 6609.01 
2428.32 9955.49 
9710.01 850.067 
1807.99 949.402 
6744.59 9950.22 
5871.69 3022.02 
7375.7 2222.2 
8767.69 5633.78 
4656.42 934.25 
7658.02 9375.61 
7669.08 1747.23 
2349.56 4903.61 
1223.46 7635.36 
4702.66 1659.01 
6848.05 9642 
5389.26 2702.41 
6250.99 7817.58 
2657.88 5960.98 
8667.65 4465.87 
6910.39 5412.22 
4416.07 2782.06 
8434.25 1791.75 
5004.26 7201.92 
7425.53 9660.67 
8136.17 5083.53 
9036.26 5805.23 
6830.76 1385.81 
708.823 8054.22 
9021.17 5411.48 
9713.22 5869.2 
5053.46 5102.47 
8571.6 1304.43 
2920.03 1229.47 
7265.41 1587.66 
5695.33 4175.78 
6999.89 111.386 
6957.84 5434.12 
1903.13 1962.08 
2636.02 9328.66 
1622.73 772.176 
4412.17 658.981 
6577.41 1242.91 
2044.79 7286.23 
9297.13 1065.94 
2697.7 9010.34 
6935.14 7751.16 
4112.79 5506.72 
9055.59 7032.83 
6736.19 6320.98 
8620.49 2431.5 
496.75 5620.36 
2542.89 7454.59 
1054.46 4446.02 
9416.67 3690.49 
3774.67 1039.38 
4462.66 8186.84 
1698.36 1040.05 
9429.75 3743.15 
8326.29 8726.87 
4809.09 1023.96 
7737.19 1744.21 
8775.12 1849.97 
7250.93 7830.69 
8882.79 3987.11 
4151.66 7503.26 
6418.61 4648.41 
3123.61 8961.5 
2102.98 4178.07 
3407.51 1519.63 
7868.56 7182.18 
2559.01 2331.21 
5369 4257.37 
3371.26 4798.74 
8000.52 1697.53 
3525.59 2809.59 
2721.49 1262.77 
4553.8 1496.59 
3112.73 1804.72 
9327.29 1995.51 
5791.82 3478.93 
9498.77 2210.42 
8127.34 2622.36 
1171.9 230.302 
6800.44 4579.41 
1749.93 4668.98 
1761.57 4308.94 
7000.18 7130.57 
8566.31 371.426 
1929.3 6566.82 
2068.95 5454.89 
9376.41 4790.44 
6717.66 3930.2 
6287.04 9830.39 
5734.91 5614.31 
1825.88 1526.72 
9093.24 1324.64 
3737.14 7220.56 
3947 4909.04 
7450.86 747.418 
9488.44 9200.79 
5416.4 1250 
3509.71 2416.56 
8380.57 2076.01 
2787.99 309.848 
8642.83 4856.94 
5764.74 8019.22 
9647.39 2482.38 
1949.4 5934.41 
2312.76 7684.32 
1548.7 4138.64 
9211.04 641.919 
5463.27 2948.16 
7862.48 9410.27 
7857.19 5313.32 
157.676 7345.62 
4514.1 5574.07 
8595.61 8023.81 
7990.64 6976.17 
99.804 778.61 
7286.01 8742.63 
5635.55 3050.74 
6761.84 5282.92 
5533.12 8711.24 
1217.31 7845.88 
6395.53 2766.01 
1984.5 5606.55 
3407.93 7447.77 
8554.71 1270.39 
6858.03 6411.89 
6583.72 7015.71 
3757.49 1097.8 
2589.76 2353.09 
9121.61 580.382 
9329.25 9221.41 
1358.99 6615.25 
7964.02 6994.55 
9665.98 4725.84 
2277.45 5199.09 
3437.06 3494.77 
3044.94 9832.6 
6260.78 5029.44 
5439.14 9668.71 
2477.2 3993.83 
939.092 9335.23 
405.696 7522.81 
6350.92 4163.18 
8620.6 8940.68 
6516.27 7742.19 
9521.06 5845.5 
6963.59 880.036 
2460.73 4927.6 
7874.58 2126.7 
9653.44 152.016 
7325.79 3090.49 
3646.78 370.714 
2923.07 9907.56 
5400.16 8362.2 
9576.26 7877.35 
2356.01 515.336 
7212.56 2761.71 
8038.14 3563.46 
6924.89 6658.73 
2504.13 3441.14 
4400.91 2025.17 
9286.65 1364.48 
2905.21 1747.36 
6292.07 779.77 
3874.06 5945.5 
931.786 1199.83 
9035.98 4578.57 
1570.54 1959.03 
4486.12 6970.7 
321.219 4062.36 
4848.03 2677.23 
4577.7 2060.58 
5438.94 2615.82 
5624.04 2363.82 
9274.56 8128.17 
5804.96 3675.45 
153.323 5091.59 
5039.92 3058.53 
6838.95 1331.98 
3838.3 712.992 
7277.48 4770.09 
1912.82 6313.44 
9348.65 3483.36 
8272.48 3834.75 
454.047 8593.7 
7897.12 5302.08 
1270.91 2474.8 
7362.66 6709.85 
5090.62 2986.69 
9073.67 4365.16 
1114.84 4878.61 
8040.6 1268.17 
9970.2 3080.51 
4326.7 6809.13 
4412.49 8165 
7522.12 1689.96 
2935.06 9434.94 
8003.4 2283.7 
2918.29 6275.86 
6118.46 3372.34 
4869.54 4015.55 
8674.42 6140.45 
6490.35 6037.06 
2850.29 1580.95 
9023.75 1923.94 
5946.11 138.583 
6802.55 3986.7 
1406.75 6772.73 
7067.21 5733.45 
3581.84 1479.69 
3898.43 1103.95 
3169.65 6833.49 
538.872 1173.03 
9117.19 3457.16 
7448.89 5235.63 
6829.5 2318.42 
9251.19 5503.9 
8458.87 5741.52 
1540.95 1309.14 
7322.47 564.685 
3233.09 3268.57 
703.267 35.6199 
7255.27 2110.02 
6808.35 4322.46 
7843.47 390.178 
5802.15 1741.88 
1494.12 8971.8 
8575.37 2033 
144.809 7692.55 
5490.16 7593.7 
2928.16 2319.64 
9912.12 2179.33 
7823.54 8370.97 
7920.85 9364.49 
9680.12 5243.31 
9929.17 2913.19 
8511.88 632.421 
2948.81 5767.13 
2742.44 9757.16 
89.5734 585.888 
147.32 5891.72 
2327.76 1641.44 
4863.5 903.115 
3674.44 5008.31 
8595.66 9164.6 
2602 1523.81 
1484.22 2514.1 
3703.14 9307.76 
885.058 1623.98 
8672.23 565.16 
6867.29 8601.38 
3478.35 5379.15 
9233.8 6427.16 
1146.26 1976.23 
6184.3 1235.84 
2562.11 6331.62 
7127.56 4889.88 
7973.06 1991.05 
5792.99 1647.49 
6999.36 4388.64 
812.07 9601.36 
5912.44 2296.29 
2115.44 9615.58 
1604.04 3000.5 
1239.54 276.249 
3565.66 8106.83 
8877.63 7044.01 
3485.96 8111.42 
3471.15 4632.23 
87.6285 9655.44 
5868.06 2649.74 
5987.04 2995.6 
7539.62 3960.09 
4986.65 3332.59 
5607.58 1986 
7721.23 6419.65 
1587.34 3633.66 
8715.94 3702.78 
3249.22 319.958 
6703.28 4488.76 
596.207 268.918 
2595.58 9473.84 
7312.92 6081.54 
7585.24 784.053 
713.747 7672.87 
439.479 6581.81 
322.596 6426.52 
9577.41 7862.21 
386.596 4564.05 
1194.79 5994.17 
6550.04 8916.02 
2413.8 8137.38 
2549.66 1129.72 
1840.14 5798.88 
1449.68 8543.42 
287.629 2045.89 
8812.34 2883.2 
1519.71 6125.24 
8964.74 9104.95 
6909.3 9678.49 
6777.81 7348.78 
6260.28 7100.4 
3775.28 5837.68 
4962.6 4161.88 
401.71 6157.39 
156.033 6951.75 
5073.4 2569.84 
5089.12 7623.06 
3699.56 6929.26 
3421.93 5149.24 
5472.66 3709.56 
7195.13 4284.98 
6592.76 8714.84 
410.204 5557.49 
7819.78 7319.5 
5235.96 4597.57 
4668.26 1496.22 
1697.96 8443.54 
7333.9 6660.56 
2605.4 7735.61 
2817.94 2761.43 
4687.35 7891.34 
5331.27 9776.46 
5514.38 9030.83 
6705.71 8936.31 
4180.05 2178.35 
2645.85 1375.17 
6463.32 9238.62 
89.9888 6873.53 
4796.09 7909.77 
4193.01 32.0291 
2507.32 8861.27 
1528.25 4205.27 
7304.8 8862.15 
865.813 9910.2 
6597.75 3683.75 
2671.61 1285.08 
1575.07 8002.88 
1061.53 7089.45 
7033.7 7767.23 
6025.75 1213.73 
9945.58 8671.6 
2588.9 6408.89 
7910.2 2678.89 
3282.4 2706.27 
588.636 7475.41 
2738.3 3095.95 
6336.67 4266.55 
7301.23 3641.45 
3128.69 8167.04 
3551.63 9726.44 
1850.77 6223.24 
1011.5 3425.84 
4226.11 2073.03 
515.271 1259.79 
9840.26 6541.02 
2473.52 9785.83 
5212.6 5062.42 
6194.7 3122.78 
7741.3 9477.1 
5829.05 8329.94 
6952.5 8567.35 
1425.88 3289.15 
2833.89 8727.1 
6930.6 5962.58 
6894.12 482.21 
5689 8744.89 
6705.45 6700.5 
2170.72 931.543 
8773.53 2685.99 
2191.33 8613.78 
9227 4664.85 
8399.59 4439.59 
9727.27 4594.27 
7562.37 7468.55 
4071.36 3391.41 
5798.48 1023.84 
1958.75 7224.35 
4312.99 4792.63 
5951.44 1243.58 
755.195 2845.54 
1725.79 6444.19 
1590.42 8431.24 
3144.68 3761.13 
9362.78 1918.19 
6447.12 1554.1 
531.948 5674.11 
6218.95 8931.54 
113.675 5946.2 
3525.79 7676.05 
3414.73 7597.15 
1067.44 9213.21 
8620.99 3026.18 
6437.54 2933.97 
7818.82 2388.96 
4177.55 8574.01 
5234.5 5903.33 
5018.19 6824.92 
4334.56 8162.86 
586.034 3697.32 
81.0362 7033.15 
5251.42 612.984 
2707.24 1470.35 
9544.52 2820.92 
7416.54 3070.29 
496.946 831.258 
667.429 1564.38 
44.4482 9288.42 
4590.57 6481.99 
2222.37 2409.37 
8870.95 6399.92 
983.362 4105.43 
2303.24 6001.55 
930.331 6637.79 
4164.4 1516.36 
335.1 4245.43 
8549.52 5586.52 
4858.42 1256.74 
7056.87 4402.92 
4077.66 4473.39 
7473.22 4574.61 
5304.65 8140.65 
6138.99 5349.1 
7429.05 729.54 
1831.07 9651.42 
3138.91 702.001 
6051.33 4122.27 
4807.43 8354.56 
123.803 5737.76 
4992.34 4288.2 
7254.13 5327.44 
8533.64 5803.63 
913.944 3392.04 
7060.37 7970.81 
7794.96 1138.01 
2444.19 5268.16 
5712.62 7748.83 
3408.79 1851.59 
3097.92 837.82 
2581.13 4928.99 
489.226 5720.04 
5630.99 6540.55 
9842.31 438.401 
4895.1 9966.11 
6176.16 9887.44 
4254.29 3430.27 
5214.87 2787.91 
9233.9 6128.81 
6179.95 6294.25 
4099.6 3974.89 
7432.27 6543.79 
9243.05 3144.87 
4292.61 2651.82 
4996.46 7390.52 
3489.64 7577.59 
2319.49 3978.87 
3297.61 7950.48 
519.403 3139.9 
8388.88 5414.5 
3105.99 4565.02 
5301.93 7360.29 
7995.3 516.776 
148.184 7229.18 
6645.59 6328.13 
3523.42 745.171 
303.011 955.668 
7288.96 9546.06 
4100.54 1581.55 
2197.87 9097 
8972.07 5687.51 
6674.57 1291.54 
9666.38 9972.18 
9242.02 185.765 
3112.07 7630.88 
5600.27 6218.06 
2195.89 902.176 
3578.33 191.171 
1418.95 3726.52 
7420.35 8064.54 
54.6333 943.751 
8809.71 357.644 
1899.42 6098.65 
9903.71 5999.96 
7680.2 2101.56 
5096.94 6652.25 
7789.07 1771.49 
7943.8 7455.43 
1743.65 7185.8 
7641.19 4855.72 
4816.67 3241.44 
1073.76 7012.56 
4143.62 4652.1 
7203.73 5562.57 
8378.61 4624.07 
3627.09 8433.24 
5567.82 2436.79 
8790.89 7467.24 
8535.44 8694.58 
3467.18 6215.62 
796.118 8564.11 
2867.86 8585.19 
335.586 811.636 
6040.6 2079.24 
7997.44 3681.78 
6934.96 2814.09 
6923.22 8008.73 
9826.66 1066.82 
2660.8 7030.37 
6629.4 1039.4 
1654.43 256.472 
9472.64 7222.25 
2693.26 8263.51 
4689.47 1228.68 
6958.07 8156.65 
7444.3 7754.19 
6720.74 312.135 
6339.36 7056.33 
1123.77 2379.94 
9135.57 9121.21 
6061.72 6070.51 
1935.29 2984.92 
4079.22 1761.93 
4051.74 6740.02 
8792.3 681.121 
7779.42 446.71 
937.593 7252.05 
7668.96 3630.85 
5515.54 2358.41 
4859.53 2473.6 
515.033 2303.81 
227.772 7235.77 
2615.94 6567.13 
4292.08 3739.71 
8947.07 3427.64 
2860.91 5008.77 
9498.15 4796.19 
7993.69 3577.35 
6558.12 2045.42 
317.359 5350.41 
2726.54 8096.78 
5797.11 3664.13 
5348.81 3466.05 
7294.98 864.335 
5824.46 2154.49 
3337.93 6339.49 
4458.3 3565.7 
3575.25 7074.24 
132.818 7867.33 
813.936 9079.89 
1294.95 3674.84 
4088.64 793.084 
8471.04 2082.32 
4370.44 5029.14 
4127.73 4687.79 
379.53 6854.27 
2784.56 6176.64 
518.382 8133.37 
9642.7 7813.36 
8997.7 5467.14 
9967.85 2335.62 
1806.61 4426.13 
5901.32 5381.86 
1500.36 6034.14 
3249.18 2314.29 
5114.01 4544.13 
5989.14 9202.66 
5337.21 4460.16 
1284.96 9707.65 
9489.3 5412.69 
4395.43 9868.83 
2266.94 7179.98 
6045.46 2785.33 
5313.33 5688.14 
598.671 4311.02 
1155.26 566.507 
6646.64 2961.87 
4992.64 2547.94 
8343.73 6493 
8582.08 1592.89 
8807.29 3696.08 
6137.02 4796.41 
2898.72 1474.22 
9256.57 4183.68 
1181.86 8745.85 
9596.38 5577.28 
8614.67 1863.3 
2757.25 4660.11 
4648.63 8070.58 
348.226 5247.3 
2381.59 1503.48 
5813.8 9028.23 
4465.36 806.429 
1576.16 2809.07 
7299.43 158.223 
4401.97 6106.7 
3854.31 538.975 
903.102 6753.03 
2013.2 159.657 
936.695 3195.05 
8905.51 533.052 
8772.33 7520.16 
2396.35 1529.57 
2180.25 7044.98 
9600.15 2528.47 
2292.26 1981.72 
4031.96 8106.07 
1009.94 8497.32 
8912.49 2586.09 
1306.37 6211.91 
2744.31 5708.34 
2318.59 6598.62 
6247.31 3221.7 
3351.63 8260.51 
3381.35 4288.33 
1455.55 2286.85 
4821.38 227.863 
9807 7217.73 
1757.43 1987.24 
4262.7 1357.57 
4515.71 6554.96 
3339.29 8547.67 
4661.01 4349.22 
7044.97 3573.48 
6935.31 8351.34 
9785.39 9679.63 
4059.66 2103.97 
6278.23 306.954 
5325.66 9629.86 
8567.46 8707.01 
3918.17 22.9916 
993.842 8739.55 
250.854 800.83 
5957.27 2008.28 
2788.07 219.946 
3365.85 7303.78 
6774.9 6705.14 
5851.43 1435.89 
1054.35 2896.38 
5009.38 7989.66 
1247.7 4794.75 
7669.27 5307.36 
6898.72 3947.49 
5614.32 2224.36 
3577.33 4181.76 
931.36 7495.51 
4204.75 1925.2 
6235.04 4455.61 
2726.03 2192.29 
6463.89 5514.1 
2412.24 9829.74 
2817.86 9187.14 
6534.86 8669.29 
623.017 7589.21 
1565.65 5632.4 
5578.85 2813.36 
427.13 3248.11 
8120.72 7325.85 
7195.6 3735.02 
9550.21 772.915 
7916.78 481.554 
8268.42 2121.51 
2406.76 4503.44 
6577.12 5132.79 
6695.73 3041 
646.869 9107.97 
2870.72 3464.73 
8295.09 9405.58 
2134 8918.11 
6994.78 3699.66 
4550.49 2573.61 
6513.01 4977.62 
5821.72 4633.71 
2303.45 3017.3 
8368.73 1853.64 
3790.22 6285.49 
2335.2 2058.62 
8407.01 4741.95 
6562.07 4984.11 
9874.74 3257.78 
8025.11 521.594 
2365.74 895.813 
3986.32 660.814 
301.38 6120.32 
9578.92 7296.16 
9819.98 4129.4 
9869.77 6332.98 
9107.01 5691.47 
966.671 1410.45 
8708.78 9335.4 
3264.09 2498.98 
5620.88 5599.29 
4557.6 4027.86 
341.225 1119.65 
9011.98 215.95 
4377.44 7037.07 
737.544 6743.17 
7932.88 4723.87 
7403.99 8234.26 
844.174 6982.89 
5530.4 664.137 
1112.27 5400.15 
6997.11 219.267 
1091.61 7963.78 
1629.71 9800.39 
7299.17 4893.8 
2299.35 2920.03 
493.072 6856.95 
6947.89 834.296 
7976.6 5959.85 
1050.25 2354.02 
2996.9 1787.79 
9097.19 929.761 
6511.66 6501.16 
9164.02 7355.83 
3484.03 4694.4 
8019.97 4596.31 
94.5379 5017.06 
4815.57 1186.15 
2980.83 6445.28 
986.515 279.978 
1339.07 3285.86 
3200 1832.14 
142.795 147.877 
2666.44 8119.39 
6107.73 3716.68 
473.395 9104.62 
5504.47 9570.58 
34.3687 2016.11 
6071.73 9198.39 
9371.94 9555.76 
3892.78 7391.89 
4152.05 3987.31 
2408.94 8967.62 
5173.46 5389.77 
5412.89 6159.98 
5669.74 6751.95 
9445.84 8869.75 
8584.09 9588.63 
9017.62 1250.51 
7708.01 5125.33 
4967.19 8181.41 
4229.94 471.649 
7751.97 4264.31 
2487.76 3823.68 
3462.68 1859.68 
3379.43 7355.46 
9251.58 7531.48 
1342.76 1660.5 
6499.08 6516.22 
7050.26 1911.95 
2676.18 2719.99 
8663.9 2122 
1589.72 7247.98 
1710.62 607.328 
8498.49 9418.63 
5732.66 3465.67 
7600.02 9962.6 
3937.32 5351.98 
4226.89 6425.08 
9175.66 7689.58 
8284.76 2555.07 
5045.02 7536.32 
86.5321 6387.78 
9196.82 6585.61 
2903.98 6247.06 
8497.56 5580.16 
8967.05 7161.44 
7702.16 556.755 
4409.4 9412.78 
1164.08 2907.88 
8831.39 6896.74 
6373.54 6431.4 
6859.33 310.844 
1783.36 1086.21 
6735.92 959.01 
8775.79 5020.67 
3514.08 3820.79 
2556.97 3600.62 
208.55 1753.77 
186.209 3112.53 
8000.83 8683.77 
8692.69 6967.87 
5845.19 6394.83 
7524.62 254.576 
5807.59 8688.71 
3162.45 4638.97 
5585.43 9536 
1070.36 2444.75 
9846.84 2853.72 
3530.95 6582.74 
3812.73 2306.72 
1603.39 7326.81 
6127.51 4160.36 
927.411 6336.06 
5914.13 1113.62 
9448.59 3914.95 
9797.39 8141.26 
882.796 5642.56 
4536.08 8407.42 
5897.13 343.654 
7096.11 9059.59 
4982.63 2681.52 
8595.57 6052.98 
5126.27 8442.39 
8906.7 8657.22 
5025.12 2719.41 
963.93 6628.51 
46.2072 7091.44 
788.855 973.618 
3427.49 6702.99 
2087.24 2876.06 
617.914 1884.61 
1017.31 1500.71 
7527.17 5553.38 
9908.13 3424.28 
5897.04 7004.22 
2483.85 879.647 
9685.74 1079.4 
6932.63 4811.99 
9521.79 5839.31 
3469.2 4546.89 
8558.72 4433.13 
1175.38 8604.93 
1524.56 1964.24 
9578.55 4952.04 
8667.22 1665.77 
7828.1 9285.14 
3550.38 8845.41 
785.829 1077.53 
4398.77 693.941 
4501.81 295.796 
7698.16 6985.66 
1175.44 7383.88 
8065.06 8108.07 
2195.86 7586.83 
3947.37 5665.06 
2133.71 2506.08 
98.1746 3309.09 
1110.99 1622.73 
5273.33 689.524 
6574.77 3940.53 
2355.3 4402.86 
3225.65 5905.67 
3248.25 4011.48 
6983.2 7647.02 
4705.42 1484.99 
7942.82 2403.56 
8470.65 9118.26 
9787.45 6535.7 
7226.32 1983.29 
4122.52 1173.67 
7648.35 6256.22 
3679.75 7746.52 
9565.31 4790.74 
9369.25 4838.62 
5480.26 5944.01 
8779.15 7835.56 
346.85 2004.78 
3741.21 3595.1 
6016.26 724.396 
1242.11 721.665 
2209.39 9184.93 
3125.23 680.026 
8303.17 2912.66 
7215.73 5529.48 
4895.94 1338.22 
6703.15 2544.28 
7594.45 382.876 
290.784 7159.74 
5173.61 9660.04 
1998.35 653.858 
5604.03 777.481 
8489.42 5950.88 
2782.26 2230.61 
9545.98 8798.53 
2955.01 788.069 
9520.19 5164.4 
9973 2645.4 
5844.42 8276.15 
5558.06 3060.13 
3805.61 453.986 
4398.35 508.744 
2998.26 1992.79 
891.621 3289.05 
9152.53 6065.23 
2949.07 1150.86 
6719.09 8553.1 
1928.34 5208.49 
4503.96 4710.6 
7439.1 4049.92 
3509.11 394.091 
4837.99 3029.29 
5558.49 4810.97 
5674.69 1402.89 
3087.11 1232.73 
4463.02 6892.72 
1686.72 8861.37 
7401.47 4684.98 
854.14 8293.09 
7974.03 6.65207 
4358.3 923.08 
1157.51 1077.38 
9476.18 3085.85 
6285.87 3980.12 
7796.46 3724.95 
8030.04 1305.55 
4119.04 2868.02 
4334.84 9677.53 
7678.99 9.51878 
1080.4 766.078 
1242.25 5543.42 
7658.8 2928.97 
4404.78 5060.25 
7613.96 5258.92 
3353.32 5587.97 
5265.57 7711.62 
6511.05 6423.08 
8789 5987.21 
9508.93 5074.86 
9967.33 7305.37 
8799.81 7997.35 
8610.92 2918.84 
865.353 2945.75 
2596.35 8544.34 
2955.27 3676.75 
9310.42 4197.52 
9220.17 6969.2 
7126.49 3624.93 
2029.44 4740.43 
8883.85 5382.76 
328.385 4149.4 
3094.36 6839.43 
572.461 1883.35 
2826.63 81.3743 
6958.21 2793.94 
7386.74 5758 
791.275 5997.65 
8676.84 1656.63 
8943.4 1273.17 
200.951 1898.65 
4949.92 9511.37 
6096.17 4170.08 
6480.55 3222.65 
7795.01 8509.99 
7963.08 6678.84 
3892.73 8291.47 
828.222 6987.09 
5130.89 1400.68 
8870.45 7957.51 
1482.06 5828.64 
751.433 8868.8 
1586.63 1542.71 
4866.44 263.45 
3199.34 3809.82 
1536.62 3400.29 
5708.47 6486.55 
2911.64 1804.63 
656.61 9392.2 
5027.28 8451.62 
7902.17 2990.34 
5130.44 1794.88 
1281.8 5958.67 
8781.98 6412.68 
7359.35 7652.41 
4370.18 8841.41 
3481.03 5121.61 
7710.19 5067.66 
6664.32 2576.61 
5331.11 9863.65 
6386.43 6867.73 
3263.92 2094.88 
3354.26 6175.56 
3899.51 4010.87 
5567.74 8926.78 
2462.47 3469.89 
1917.11 7592.92 
5264.78 3198.91 
3551.57 4046.74 
9611.59 910.9 
1699.13 3981.75 
9752.31 5180.16 
9103.36 7462.48 
247.798 5767.66 
39.0748 5578.9 
5631.3 6425.5 
2446.62 8895.22 
8520.38 5800.88 
5070.77 2419.87 
9811.75 638.494 
1346.64 2274.2 
4108.39 3263.75 
9867.12 9373.16 
6462.66 3418.67 
3419.88 6074.23 
4329.57 5119.01 
55.9615 4081.86 
299.149 9159.32 
1544.33 546.946 
4926.96 1583.4 
6125.85 558.242 
8008.9 8572.47 
9453.46 6529.27 
4373.33 4524.21 
8949.14 4185.06 
5162.71 295.768 
6459.26 9271.1 
3559.52 6326.37 
8644.24 22.1603 
9745.04 2064.11 
6096.39 4074.59 
7183.12 6152.35 
8156.45 7482.27 
5311.65 9700.78 
8029.21 238.6 
1284.16 4155.05 
796.843 9293.07 
2727.5 250.288 
5822.32 7100.83 
4774.5 4771.45 
1285.87 9937.21 
5067.22 7745.14 
9208.29 8626.74 
4071.49 7852.52 
8648.9 3816.51 
9916.63 4745.27 
7891.1 7099.73 
897.605 6047.53 
4581.98 6209.26 
5748.3 2611.18 
6447.86 7032.46 
6766.22 7244.7 
6325.51 9493.72 
7494.99 2147.82 
6594.54 2269.48 
6919.27 7880.41 
2206.67 1986.47 
5625.53 1414.94 
613.186 9697.02 
9267.46 9262.08 
3513.51 9184.07 
4007.34 1404.59 
6283.78 4904.94 
7452.12 865.744 
1114.18 3200.4 
3476.92 7562.04 
232.844 243.125 
4806.73 6558.35 
9736.85 2301.7 
8706.17 6331.37 
4571.18 5625.42 
4211.76 6777.85 
7611.88 9837.29 
8192.8 8225.07 
9534.29 7460.24 
7487.14 3047.78 
6644.29 1494.46 
4452.37 2928.06 
6399.4 1904.48 
3793.8 7513.58 
5104.88 7270.72 
5075.61 5337.72 
7513.85 9882.34 
1896.06 7250.68 
2184.03 602.212 
3582.03 6755.21 
6227.63 7793.79 
3533.04 3839.5 
7631.07 1725.82 
2064.55 7165.35 
9186.06 9551.68 
213.118 5830.34 
1046.12 4665.49 
8758.4 7445.52 
6569.97 2552.18 
4959.08 1674.83 
9822.9 34.6743 
7012.55 7336.73 
9917.01 8908.61 
4587.4 2101.02 
9510.82 8169.43 
8856.23 5738.43 
5963.2 2389.25 
9577.93 3594.26 
4115.07 1642.46 
759.593 3301.11 
1194.13 972.71 
9131.45 2240.25 
5638.2 7889.83 
9685.77 2208.15 
441.99 4644.84 
3882.98 264.876 
4679.51 895.511 
7601.61 4596.51 
9804.12 2188.99 
6697.53 9314.92 
358.398 5553.74 
5053.34 6321.6 
7942.99 4631.25 
9915.86 2058.04 
6273.71 675.437 
5359.15 7467.84 
1648.15 4490.58 
9708.09 7286.35 
2380.39 9393.84 
9494.5 2822.38 
4038.66 3377.46 
3087.25 8718.18 
4272.97 688.847 
3314.67 4077.07 
2877.84 12.1771 
3391.98 3236.23 
5565.91 8445.31 
9557.84 3508.88 
3076.55 9473.68 
5566.92 9350.26 
149.101 926.057 
6818.08 1797.25 
5416.64 6526.15 
9083.6 7797.02 
5919.98 8578.08 
619.386 9958.64 
1955.52 3706.64 
8676.8 6228.49 
4395.49 1991.45 
305.55 7273.32 
2003.63 3697.53 
509.54 7569.54 
2142.82 67.3586 
1078.41 5219.37 
9541.04 6645.33 
4569.61 9690.14 
7571.39 1387.67 
1487.37 2988.01 
7913.82 570.951 
785.018 3833.78 
9149.03 1404.4 
3792.4 1104.53 
5111.05 2469.19 
7333.03 9506.53 
4460.64 7638.58 
6779.84 6464.27 
1336.09 7289.38 
4033.79 3478.91 
7356.74 5112.21 
8698.28 6897.76 
1757.52 3267.88 
6587.88 9328.91 
4655.54 8075.26 
2316.91 2569.35 
8646.21 3101.92 
6403.13 7795.22 
4506.33 195.513 
8899.75 9617.38 
2664.7 6232.76 
9123.89 7125.34 
3871.32 5903.72 
3589.6 5207.41 
3193.08 7623.39 
8686.33 549.804 
2735.58 7384.59 
7447.57 4493.1 
652.453 4035.43 
3822 5308 
2110.67 6138.9 
7877.34 756.862 
9240.83 4280.45 
8552.08 3747.14 
4475.97 7451.82 
3364.5 7140.67 
3684.56 2488.37 
4266 7555.89 
8392.09 7855.59 
2763.28 1585.15 
5478.97 1449.59 
2134.96 8214.55 
8834.19 9582.52 
2707.63 9486.64 
3617.94 6529.63 
4794.62 5728.61 
2668.51 2671.95 
6485.48 1909.32 
6952.4 5037.54 
5656.46 1428.35 
2489.34 9020.96 
8569.02 6173.9 
1509.32 2835 
3729.77 9901.41 
690.576 6493.05 
1486.55 6169.54 
7942.65 3621.5 
4384.07 6776.82 
3204.01 7091.7 
6263.45 6821.95 
3621.31 1058.05 
2550.55 6289.83 
3730 9036.02 
8199.15 682.386 
4073.54 3855.6 
2110.74 6562.88 
2876.54 679.743 
2736.76 4385.86 
3514.74 6466.53 
4287.25 4205.32 
2959.57 5773.8 
374.845 902.205 
9395.3 4758.92 
7679.03 2599.3 
1850.6 3942.45 
9421.25 5471.91 
5000.5 1971.78 
1761.72 8730.5 
1007.79 9960.87 
9412.89 5081.33 
3816.45 1523.61 
1644.19 6693 
2203.36 4380.96 
1078.84 5718.1 
847.475 5366.09 
9923.42 3807.05 
1139.87 298.247 
4709.25 535.154 
5057.16 2388.26 
3134.45 6907.76 
6330.71 2555.68 
2379.66 1331.2 
4527.46 4141.38 
61.6903 5535.25 
4102.24 9474.58 
616.558 7918.69 
998.177 2260.75 
4611.67 3201.53 
6641.71 5690.51 
8919.63 7489.18 
1056.58 8843.03 
1296.21 2196.45 
9141.28 6005.47 
2731.6 4198.43 
8393.73 5866.05 
1106.17 4724.42 
8421.74 3485.84 
6055.62 2949.18 
7627.22 6117.32 
8484.42 1729.44 
5591.88 9100.98 
9648.13 6590.06 
1361.72 4259.78 
9791.59 8003.42 
9950.29 8711.21 
5492.59 1006.85 
7554.22 6788.8 
3203.31 6695.49 
2794.25 5934.91 
893.895 1187.96 
1800.95 2000.07 
5912.38 222.666 
5485.91 1967.99 
3171.84 3113.11 
8085.31 1656.25 
4842.55 3677.17 
757.215 4490.66 
267.212 2118.93 
8750.45 58.7856 
122.337 8700.72 
8769.99 5614.93 
9707.58 6324.2 
2403.71 2910.87 
3019.66 5197.96 
8845.77 3913.56 
6385.92 646.705 
5913.63 2298.29 
869.371 1399.52 
4266.28 4041.22 
4512.62 2351.57 
5697.47 9355.17 
6028.75 6454.68 
3845.82 6295.96 
8573.61 2596.25 
6354.74 8695.95 
1296.95 5124.72 
4310.86 1004.51 
1448.9 6714.57 
3915.38 4468.56 
1912.52 2761.14 
8382.12 8298.44 
3407.84 4295.73 
596.718 4277.21 
5695.25 4863 
8318.43 207.859 
7214.58 4015.88 
9563.03 3243.31 
470.541 3408.83 
9539.26 9044.15 
6005.08 5893.99 
7740.08 7302.03 
1018.69 2050.92 
8306.55 2467.59 
8765.5 2221.91 
6936.15 677.996 
4983.05 5318.25 
8976.44 8390.89 
9613.99 9573.16 
2668.08 5309.22 
4436.14 986.494 
5517.08 1650.7 
5002.37 5080.09 
4894.01 5472.91 
8488.92 4433.25 
4517.05 4493.99 
327.226 2257.11 
1796 1345.92 
4308.04 102.535 
3813.5 3073.51 
2324.44 749.633 
3751.51 7307.49 
6067.89 2727.93 
5698.36 5681.85 
2301.07 8366.44 
991.058 6737.22 
9352.94 6508.14 
8387.92 4355.29 
1588.21 3281.91 
9828.2 77.1211 
7715.16 4345.23 
4571.11 8042.39 
6602.35 6367.11 
9388.31 910.365 
6469.65 3201.79 
3983.88 8794.09 
3951.43 7735.39 
6101.57 19.2938 
463.307 1799.91 
5701.15 2764.38 
166.339 6692.21 
9501.6 9519.28 
3200.33 7889.5 
3874.55 4788.54 
1171.39 3702.74 
4865.66 8886.55 
8047.97 9436.77 
6928.93 4650.3 
5803.87 6317.22 
5560.66 2273.5 
9519.01 9544.54 
1067.58 3470.42 
7279.92 7169.14 
3489.71 7743.22 
8969.06 9190.86 
507.588 9135.39 
5883.05 9.16746 
8654.66 9083.38 
7898.67 2529.19 
3871.9 9070.06 
6231.93 8737.56 
7956.59 4279.88 
8174.31 4885.5 
8930.18 3978.16 
1202.7 4490.83 
6251.66 721.695 
4035.36 7319.24 
4192.11 1315.26 
4488.37 7681.82 
9058.48 3457.4 
6872.66 9566.07 
2592.78 2755.7 
9575.24 1247.42 
1839.05 7473.89 
3776.61 5710.95 
6543.93 8.52605 
4448.5 4500.5 
4288.41 2622.79 
9386.01 3218.58 
6600.96 588.695 
7709.41 2852.6 
1310.39 1744.75 
171.824 5502.5 
3060.01 4660.19 
3184.31 2118.47 
8117.59 56.9552 
1684.52 710.36 
2812.65 1259.75 
1957.78 4651.7 
8733.63 5734.39 
362.639 5277.54 
5742.92 4811.13 
9778.04 31.3136 
7433.93 9164.04 
3249.89 4034.86 
9752.73 959.282 
6887.47 1063.1 
2704.03 7059.29 
6565.61 5764.04 
1719.46 9749.92 
7882.51 9837.06 
9806.87 9567.03 
547.399 2619.5 
826.763 2505.18 
7271.21 9560.39 
8239.58 7633.85 
4837.92 3982.48 
2444.97 4615.94 
4013.79 9878.89 
3779.96 7263.68 
3913.74 3532.68 
8222.96 801.188 
4595.78 926.978 
7860.48 1161.37 
6691.02 9579.94 
911.267 4573.51 
9416.98 718.121 
4140.53 9964.38 
3337.62 4967.29 
2469.54 608.815 
4527.67 709.098 
8242.66 9365.58 
4691.58 687.611 
3981.51 8705.37 
566.485 7761.47 
5969.03 4480.22 
1294.13 4191.98 
5281.41 5889.91 
5118.96 3141.87 
7051.28 1809.96 
2721.79 7962.55 
6383.46 2138.75 
8680.67 523.972 
2103.11 2018.27 
5491.26 4572.65 
2627.09 18.9093 
5281.75 869.736 
9384.49 9973.33 
1557.35 3365.99 
8678.68 2123.83 
1127.44 4647.69 
6604.06 2421.57 
8839.67 1885.45 
8311.48 3958.61 
5027.32 5362.74 
5768.57 7749.12 
3325.27 2152.01 
9887.87 2005.92 
2675.99 1990.97 
4024.2 8167.25 
6563.62 6651.29 
8186.16 1845.36 
7521.02 7570.63 
1818.67 9078.37 
936.599 497.332 
1202.19 2064.04 
5145.02 7806.24 
4485.61 3984.68 
9691.69 2797.08 
7943.29 4719 
8159.82 3711.84 
2468.1 1485.08 
5863.86 2355.95 
3491 8539.84 
4346.92 7515.2 
6707.07 910.523 
4166.47 4893.21 
2755.88 1687.48 
2463.82 4574.55 
765.831 3400.42 
5071.88 1968.02 
5464.46 216.892 
9774.26 9950.07 
4201.57 9465.94 
2747.13 2144.85 
4184.92 906.932 
5856.69 6653.01 
2392.01 1720.53 
9008.96 5883.01 
260.352 3355.86 
3398.19 6967.42 
4266.39 7564.66 
1860.61 7022.27 
9252.13 4324.43 
1596.8 17.9466 
7724.86 6668.69 
1985.96 3189.3 
6885.58 1760.21 
3139.35 1087.14 
1226.12 5886.48 
3231.98 5411.04 
6793.42 9088.67 
2064.04 9185.42 
809.185 1072.98 
5068.41 1069.54 
4428.85 8466.6 
8036.96 8695.24 
6031.24 9897.57 
5717.49 5283.36 
4221.99 7314.29 
5301.3 1946.83 
3982.96 7287.27 
5136.13 868.528 
9047.47 8275.48 
1955.66 273.58 
4161.95 5187.65 
5684.62 955.347 
4276.31 7748.66 
140.753 5085.49 
8821.64 5209.17 
6155.03 3250.48 
3675.75 4191.97 
1945.7 9706.99 
4089.52 7663.18 
4990.33 8311.51 
4977.46 291.615 
258.321 8960.42 
7578.88 5394.45 
9828.95 6626.34 
3669.91 1784.6 
6899.92 7831.86 
6972.25 2584.52 
8787.21 1248.53 
333.164 8927.96 
6334.02 9154.81 
4137.11 2489.03 
2405.27 7812.86 
6681 4350.96 
7519.83 770.506 
2014.13 2510.14 
9082.02 6991.59 
2801.76 9340.34 
5952 380.622 
4734.77 5780.93 
7006.96 8404.68 
7565.53 3906.86 
6236.52 4537.76 
6491.38 5023.71 
5786.29 6824.54 
3951.65 2120.3 
5979.33 8088.76 
4609.34 8384.6 
5901.6 1290.32 
2735.55 3421.41 
2060.83 4749.68 
5931.56 1142.83 
1741.25 8733.32 
483.148 7693.25 
9113.94 5217.92 
3474.16 6120.88 
3622.58 1039.67 
27.7212 9859.1 
5577.43 6519.1 
4882.79 1363.71 
3343.62 8834.44 
3484.01 9322.96 
6923.19 8093.35 
7707.54 2824.77 
9383.67 443.074 
6246.18 1444.48 
5192.75 2177.72 
2587.31 6934 
911.023 3070.46 
4627.23 24.9447 
8288.37 8101.39 
6145.83 1910.93 
9141.07 6173.55 
1770.02 4718.48 
2692.63 6652.81 
6082.19 6036.25 
5487.24 9566.21 
5359.2 2410.41 
7659.54 3066.72 
5235.18 7043.19 
3509.8 1481.34 
8487.67 8702.55 
3659.07 1074.97 
5636.53 4570.09 
4145.42 263.748 
4595.04 2433.78 
8365.14 740.843 
4344.71 7506.19 
6914.39 6114.73 
2224.66 9607.02 
2767.52 8306.85 
5643.26 8254.76 
7873.04 1002.43 
665.147 5532.57 
4069.16 5900.32 
2575.74 7578.95 
7381.67 1063.4 
6281.48 1040.72 
2138.37 1918 
5610.81 6283.79 
2181.74 205.824 
8717.56 546.868 
946.667 3062.25 
8053.06 7861.06 
9176.98 277.699 
7468.06 1944.48 
8584.55 3111.3 
199.223 6457.58 
4113.73 864.37 
1990.13 8182.89 
6764.69 4565.87 
5761.82 4146.34 
5629.27 2043.28 
5187.06 7767.64 
3961.28 797.847 
4051.41 6143.03 
1003.67 2768.96 
6689.89 1950.34 
5831.21 4742.94 
9811.39 5008.18 
5020.63 7279.43 
6952.66 3605.17 
390.713 7151.88 
62.7289 4504.44 
8016.25 2052.86 
2687.31 4780.93 
6618.73 8449.13 
8927.27 2247.99 
492.397 4114.31 
15.6105 4453.68 
4912.16 4067.02 
596.686 5915.83 
6835.98 7286.58 
7866.17 2667.18 
2029.5 7677.54 
7675.35 7050.13 
4956.96 4627.99 
655.284 5347.67 
1779.86 718.013 
9852.12 9796.11 
2770.87 2539.41 
4577.02 9389.6 
988.522 3504.27 
1637.57 1480.92 
7618.58 1653.18 
5934.6 2530.72 
5720.2 6531.28 
8446.55 2556.16 
3817.85 6312.7 
5223.34 5847.34 
3990.23 2898.67 
2897.46 8947.19 
7526.67 3552.74 
4294.85 9306.53 
4270.76 4146.94 
9102.62 7041.63 
6686.35 3679.62 
6431.21 7674.88 
7183.9 8068.78 
9155.8 4802.47 
9721.95 5090.38 
7333.19 5442.14 
1621.64 5779.73 
7998.3 5439.49 
2092.41 3221.62 
1286.82 6082.64 
6120.3 4184.28 
5029.81 3646.95 
7737.02 9324.66 
2953.46 2007.76 
3471.58 2056.06 
9049.39 157.921 
5735.69 5480.58 
7832.8 2919.57 
3549.34 6988.58 
7722.03 3271.28 
2078.93 5055.21 
8713.41 3700.58 
834.917 6711.7 
9140.07 2927.33 
9933.32 426.866 
9009.97 6053.6 
4611.14 4039.76 
9700.55 2348.15 
3364.4 2653.99 
4355.91 6835.98 
4710.05 3405.28 
6993.9 445.713 
8885.87 4826.68 
3365.28 2435.19 
1815.24 1087.3 
5706.46 3894.17 
6142.5 4419.86 
7594.75 6977.42 
1131.54 6734.8 
9904.75 1064.84 
7161.67 8914.7 
7118.44 1772.79 
2954.44 6818.97 
4120.94 6318.83 
9472.96 8476.85 
3154.8 4182.98 
1882.12 148.682 
4628.7 767.969 
4975.36 7993.98 
3203.16 6790.6 
9081.27 8909.62 
684.76 5223.76 
3329.46 8279.51 
2201.17 4461 
5014.3 2105.9 
5525.84 2175.95 
1020.58 2644.27 
3948.74 3975.02 
9463.24 8069.69 
293.836 8936.17 
6546.52 3448.63 
3119.14 8428.64 
3597.32 7747.84 
9196.61 8572.68 
5741.8 2399.75 
5363.27 4823.05 
1309.35 6048.03 
46.7978 4638.82 
