1900 2
7788.46 609.84 
3913.07 3553.56 
9547.35 1440.32 
3781.06 9410.92 
1820.03 8362.63 
7215.94 1924.39 
7154.22 2272.82 
7262.05 626.23 
5125.37 6469.2 
8338.51 5558.64 
6939.24 2426.86 
7679.39 4238.35 
9464.78 8237.48 
2012.46 3020.01 
8863.73 1506.21 
8526.87 6652.18 
2116.05 2439.92 
205.722 1663.38 
3880.24 3986.79 
1074.27 5700.26 
2349.4 8290.21 
7624.65 9503.62 
563.015 4886.68 
129.835 5688.38 
1355.86 8468.34 
1247 8295.1 
895.183 8926.4 
2533.43 359.945 
7163.86 4545.89 
3379.95 6027.57 
6052.1 1906.8 
2679.73 8168.15 
4346.72 2885.45 
9831.52 8226.96 
6872.24 905.78 
3927.2 9221.64 
9196 1551.84 
8725.24 9759.01 
6438.52 8855.08 
5447.38 7794.38 
7323.41 6694.38 
6089.47 8218.59 
5620.76 8622.9 
8578.53 2784.6 
3168.77 1958.47 
8812.17 9220.88 
3865.27 1491.89 
7389.01 8212 
4377.34 7220.51 
6438.94 1249.56 
8126.29 366.12 
471.182 7322.27 
1917.96 9196.43 
7081.27 8356.48 
8051.49 2528.63 
6150.84 5374.88 
9223 2240.3 
3593.45 4843.75 
863.176 2171.97 
7628.35 4031.95 
4130.44 6440.5 
3252.81 7995.71 
7932.39 641.799 
6207.69 2309.71 
7862.31 2646.61 
3559.27 5988.59 
3012.73 4030.45 
3310.84 4930.69 
3226.86 392.092 
3287.15 1278.33 
2920.72 9437.99 
6653.21 2143.7 
1678.27 246.642 
6987.45 2541.44 
2418.61 4615.78 
6573.39 6549.04 
1056.27 9826.2 
4544.73 8988.65 
467.986 752.407 
1298.34 8330.3 
3399.02 4857.61 
4318.87 6411.74 
8888.06 7629.71 
1342.41 2114.91 
8021.81 4629.56 
3393.24 942.505 
4067.53 46.4339 
3086.21 5745.8 
293.076 73.6426 
8287.24 2711.68 
4689.42 4860.62 
9260.72 5745.69 
4686.8 3805.44 
4734.32 5154.79 
4557.85 6032.67 
3485.07 7956.87 
890.266 7803.94 
4368.59 9778.33 
5433.64 5711 
1893.22 3455.43 
340.545 5286.46 
4397.93 4408.07 
5332.9 7484.14 
153.855 5625.97 
7557.78 8441.1 
8337.66 2247.19 
3301.7 7598.36 
7992.88 7988.5 
1403.79 2727.18 
3143.27 5961.64 
8759.85 6628.35 
3918.49 9650.12 
4432.27 8287.08 
9428.43 9865.91 
3998.07 1321.64 
3321.31 4338.61 
6608.1 7719.24 
8746.69 1940.98 
5203.37 8900.54 
7566.95 2761.13 
7341.62 5904.59 
5008.32 643.299 
3502.94 3001.18 
8631.8 4906.73 
5728.36 1775.06 
868.348 4488.2 
8403.4 4786.83 
4138.3 2835.66 
3073.9 3566.71 
2701.55 7071.96 
4888.35 6022.86 
1410.56 1496.43 
3742.09 157.227 
3437.41 8945.46 
9057.77 1004.35 
1706.57 6399.37 
6908.94 6714.89 
7042.67 411.856 
9716.07 5674.45 
5318.58 5444.42 
7449.51 6186.93 
9932.62 5852.9 
973.747 4070.9 
8688.56 4047.64 
7637.61 1390.09 
1119.59 2525.94 
7412.95 2530.15 
4022.37 1155.02 
2687.37 7459.78 
100.458 1745.13 
8464.12 1807.03 
8144.5 5373.04 
8521.92 5187.15 
5784.9 8237.98 
861.588 1103.46 
3682.38 8311.1 
7290.39 3614.98 
4163.98 8264.14 
7685.87 2852.52 
2311.77 5323.46 
4242.61 3431.36 
7849.4 1655.54 
5961.5 1871.75 
2810.56 8648.88 
9331.53 2911.02 
393.988 7795.64 
4718.05 8538.49 
3168.66 3239.96 
3725.62 8953.56 
1477.92 4587.21 
57.0114 5160.29 
2898.29 7347.41 
8775.27 7062.27 
5611.53 6461.12 
9914.8 7923.3 
1784.57 4157.39 
1354.64 9633.96 
5812.94 7316.14 
1505.7 8623.5 
5965 837.208 
1534.5 6358.99 
8632.84 6252.55 
4897.46 1801.49 
9492.51 8623.08 
755.038 970.407 
3210.27 812.049 
6130.7 6108.56 
8159.45 4905.95 
3170.82 3770.97 
1367.06 3085.6 
1694.25 3151.62 
7242.99 3048.88 
2785.57 3055.91 
365.006 4291.26 
1679.39 6330.01 
5128.47 3213.9 
2688.98 3761.3 
9466.45 7586.44 
5562.79 8958.94 
6209.51 6317.83 
9929.35 9419.78 
7129.88 6060.03 
5528.32 5289.31 
965.966 8699.13 
9060.28 2333.02 
1784.71 754.51 
5484.65 9027.71 
3803.39 8270.21 
2083.6 4168.4 
2561.46 3763 
498.392 7689.93 
6976.89 3187.38 
1451.21 6443.33 
773.804 7014 
5402.25 6983.31 
3331.81 5331.58 
6403.07 461.673 
1391.6 1931.37 
5750.99 2357.56 
630.485 4811.25 
4690.59 2415.2 
5565.76 175.216 
1442.89 9369.15 
8445.43 3526.49 
3537.54 1006.87 
7289.49 4035.93 
8696.8 4266.36 
7223.3 148.001 
709.674 7997.11 
7162 6111.93 
4980.4 493.8 
1443.49 1383.45 
955.472 2835.09 
3314.82 6706.46 
5192.65 3945.31 
1517.69 9883.24 
6360.51 7083.45 
58.4374 7803.4 
6452.59 8503.87 
1329.87 9990.13 
9510.74 8619.36 
4026.04 8207.53 
2885.71 1249.33 
8355.53 3595.38 
9246.43 5517.51 
9707.31 4226.82 
6011.31 1150.78 
5610.27 6966.79 
3985.87 8925.1 
3673.23 9178.52 
2870.39 5190.92 
9061.74 9230.9 
2274.36 9120.18 
7034.28 8726.95 
7624.03 8364.15 
8717.06 7134.75 
6983.49 2743.08 
5342.26 9869.2 
3992.41 3697.77 
3464.56 3238.82 
9215.29 3171.85 
7465.64 5226.59 
4322.63 3075.9 
2193.36 8308.5 
2000.98 5866.59 
7487.01 4871.37 
1057.49 6548.73 
4102.25 3331.85 
5668.89 1136.52 
2058.78 3292.91 
9500.67 775.828 
427.644 6484.14 
3518.91 5769.91 
6353.32 7511.32 
9467.68 9817.88 
750.122 8682.95 
2989.72 8215.76 
3909.52 7312.35 
1291.65 6102.88 
5620.84 3292.63 
1969.45 3107.83 
8164 3026.94 
9656.56 2266.23 
6358.79 5325.44 
3402.75 8417.57 
8618.34 2903.4 
9193.4 9045.99 
9387.54 2712.29 
4815.88 5740.84 
223.592 4283.54 
5558.71 973.713 
2966.48 8548.43 
9189.48 6876 
5860.76 481.106 
2978.86 1481.58 
3773.73 4948.31 
4589.41 1937.71 
7975.25 4245.95 
4203.94 4334.03 
9571.38 7606.69 
2751.58 8189.71 
510.066 1944.97 
7235.68 9897.6 
4657.26 2051.54 
5638.43 4880.85 
6335.08 1197.12 
5854.57 9301.56 
9745.55 5044.03 
6177.54 5606.3 
5525.13 9156.41 
7087.88 9298.86 
4104.7 1677.27 
1236.56 2079.94 
5923.22 5440.5 
6413.97 5494.59 
3047.17 9165.55 
3684.28 3557.24 
1110.5 919.94 
3454.82 5767.76 
2971.48 9093.25 
648.595 9306.56 
290.357 6503.16 
8608.1 35.8919 
1547.17 4785.62 
5642.19 7072.3 
3942.01 2730.06 
6371.15 8046.72 
4407.33 7607.71 
126.639 330.534 
3048.19 6540.6 
5825.12 6095.36 
5706.14 9509.4 
9652.59 6816.63 
429.324 3107.4 
2584.38 3400.8 
2200.63 3232.97 
2707.34 2490.99 
9736.13 1315.42 
2526.88 1283.28 
6101.05 8169.07 
8355.59 43.0435 
899.113 4726.72 
8089.76 5306.44 
2334.41 8216.4 
5636.98 5382.59 
4756.99 1462.08 
1477.93 463.106 
971.465 1130.51 
7279.74 1400.79 
4237.91 9864.12 
4801.59 6438.54 
3097.07 7508.93 
8929.54 2833.19 
8824.36 1456.4 
4116.47 4925.39 
9625.47 2472.04 
4968.43 524.571 
7198.76 3058.17 
5831.01 9533.17 
1274.56 1467.97 
4915.74 6031.54 
2930.06 6393.67 
6494.65 3901.52 
7524.19 3774.37 
5302.31 1762.08 
3638.47 103.881 
8200.62 6735.54 
7612.81 7130.14 
9568.73 6437.15 
8586.54 3685.18 
1362.52 8212 
6157.22 6330.95 
8736.57 3355.97 
9389.13 4567.57 
2889.11 663.667 
6035.54 7804.86 
6695.21 8965.6 
4198.51 3189.84 
2867.1 1722.68 
6964.22 8169.41 
3484.76 602.671 
8273.29 1685.37 
7338.21 5886.09 
8815.51 6906.93 
2323.22 7402.03 
592.094 3685.75 
5614.01 6749.32 
16.6842 4350.57 
105.267 9405.81 
8918.13 2994.38 
69.462 4953.66 
799.219 6764.67 
3919.24 4997.73 
9954.51 6786.34 
6720.41 6918.71 
4955.73 205.157 
7521.38 3229 
1890.52 4859.58 
9115.09 706.012 
1766.49 1438.29 
8108.04 2358.59 
5124.04 3722.04 
9107.91 5140.72 
8072.6 9213.17 
4546.52 6990.72 
2207.54 4615.98 
1944.36 3006.76 
1380.64 5863.6 
8004.49 1335.13 
2649.92 4724.89 
8253.85 7605.65 
4930.04 5775.21 
834.629 6820.56 
634.779 9949.71 
7526.58 2401.27 
1387.99 5634.6 
4759.86 6512.03 
9356.64 3867.75 
1652.73 7429.23 
3080.9 6199.25 
4419.93 5288.44 
815.215 6364.29 
8295.19 2195.85 
2227.88 6299.67 
3530.98 4877.8 
1024.53 1784.81 
2483.43 5954.58 
7560.03 3318.05 
2775.12 8194.8 
3267.75 301.685 
596.06 4655.74 
5936.29 5355.92 
1167.75 5292.91 
9223.67 2820.49 
2722.12 2304.55 
9019.74 7142.06 
7592.99 9834.95 
3506.33 5888.17 
2030.79 5734.21 
2187.81 5561.77 
611.991 3212.35 
7346.58 3095.42 
9166.92 4906.59 
6413.47 1942.03 
3101.38 9681.22 
2243.72 3697.44 
4336.95 8180.01 
9053.36 5504.7 
3472.9 8277 
8325.19 6195.02 
581.536 7344.91 
3337.06 8174.52 
7179.84 6843.39 
4062.67 9210.63 
2577.59 6250.49 
4772.38 3189.58 
9462.83 2118.94 
6285 8629.74 
7025.53 2698.45 
571.757 126.893 
2379.66 2815.47 
3824.33 6716.61 
995.462 2877.67 
2221.29 4468.36 
1154.66 546.463 
663.366 1736.19 
7891.37 4000.43 
9910.72 5071.19 
843.803 3973.37 
4281.81 3421.39 
223.84 9054.18 
6610.97 9686.67 
1173.11 2895.95 
8316.4 8198.64 
5594.4 8888.16 
8325.53 7974.07 
1703.61 2149.85 
4690.66 2699.07 
5027.52 6911.95 
7167.44 6182.17 
7458.42 7830.8 
7918.36 5349.77 
1831.21 7829.06 
420.946 2675.01 
1802.42 4702.75 
6096.41 2026.26 
3756.92 2707.36 
1712.92 4930.03 
5603.31 29.2981 
3128.65 1197.7 
8917.45 1454.17 
9171.77 621.049 
3604.02 3862.41 
3320.12 8631.53 
774.342 487.544 
4813.69 8232.76 
8318.35 2732.04 
3582.51 149.54 
561.084 4003.45 
2824.55 2363.5 
8706.21 8920.96 
4389.76 2463.11 
1628.3 6102.68 
7393.14 7231.61 
6131.98 521.771 
8429.31 5049.41 
1975.94 7601.06 
5670.46 5579.96 
1463.45 8990.59 
4211.47 2237.8 
9478.13 9025.16 
470.536 7796.46 
1757.18 4053.04 
7946 2318.27 
8056.5 770.536 
4681.77 6762.69 
9691.5 9071.53 
9225.8 1319.78 
5174.19 6618.92 
8551.4 1306.15 
7140.69 6980.69 
6355.56 9116.63 
4581.74 2026 
4696.56 6045.19 
1016.57 8908.04 
8282.99 494.685 
7933.18 8753.53 
8291.14 9690.36 
2806.55 6237.12 
2008.61 863.037 
7007.66 6690.38 
7625.73 6699.14 
5761.89 6851.51 
8018.92 936.058 
3470.4 6570.3 
2242.2 611.074 
3550.98 8597.76 
9727.7 8132.72 
623.75 4424.25 
4177.9 1640.32 
3332.26 2460.87 
2135.01 1265.43 
1214.38 426.134 
955.769 4020.94 
6663.26 2964.38 
4883.97 3670.9 
9654.75 2509.68 
370.025 5416.62 
9361.19 8388.95 
6352.68 2831.57 
4959.23 8594.88 
3442.65 8510.21 
7192.63 3170.33 
6642.91 7816.38 
7594.58 820.796 
9456.7 926.823 
3281.67 1591.69 
2192.25 4496.05 
2017.83 3148.02 
8516.99 8681.09 
6112.39 3400.94 
2351.97 5767.13 
5910.62 2722 
1183.73 5271.79 
1110.92 7536.41 
8103.36 6070.16 
6131.28 1545.99 
4580.35 3323.89 
4716.32 1223.25 
1140.26 2310.88 
2044.04 596.943 
3237.71 5325.71 
2188.64 5429.95 
9821.76 4206.46 
8577.97 8338.73 
2887.53 4690.35 
1739.65 5239.5 
457.462 7650.27 
7961.5 1641.2 
2922.05 9072.42 
9177.61 1025.39 
5142.56 5308.87 
2571.39 9722.91 
8632.77 7287.71 
946.137 9773.03 
9598.59 2990.18 
369.952 2836.28 
8315.89 2558.59 
8266.23 8137.63 
6765.05 6844.19 
6476.34 9652.58 
1534.52 8215.99 
4892.07 1991.98 
5866.24 2853.55 
3633.18 8788.29 
1925.96 2810.77 
9813.68 7068.52 
8119.65 2385.05 
6791.41 6752.4 
9672.76 7737.54 
6525.41 9271.34 
727.706 6895.36 
2107.6 9043.59 
9453.95 373.818 
7181.2 6218.98 
7218.01 3657.52 
5871.55 8752.53 
1873.49 763.601 
744.497 7739.74 
3617.15 4377.68 
6528.01 5543.11 
7188.45 6341.67 
2611.61 5308.08 
8726.72 9403.02 
2060.47 8399.46 
7140.54 8585.87 
7670.78 7868.25 
5481.22 9778.38 
6911.82 4935.15 
152.179 4093.01 
1154.11 7370.19 
7750.54 7025.66 
6122.7 9624.03 
7789.26 6867.2 
7363.75 1406.4 
1244.86 3891.74 
6949.5 8433.31 
233.391 9561.11 
3741.38 8960.11 
8964.11 5801.84 
7359.55 6104.63 
4387.7 5030.31 
3972.87 9868.91 
4808.68 884.674 
4804.04 4960.85 
4977.69 5958.15 
2331.02 2728.2 
2983.8 8453.72 
2352.22 773.039 
5320.9 9715.97 
2179.43 6565.76 
3607.69 9128.94 
4999.05 3841.08 
8690.03 8740.43 
2801.17 7654.12 
4542.25 160.705 
3758.74 8929.95 
5191.02 7731.61 
8798.85 9999.69 
8616.28 3602.87 
4960.53 3593.95 
9561.02 7291.56 
6322.15 2544.8 
5745.26 8674.37 
3317.84 1066.15 
8390.32 5497.27 
7631.91 1997.99 
4626.19 2630.94 
5839.07 3316.21 
1371.35 8640.24 
970.316 5913.6 
8800.94 4729.06 
4843.53 3991.95 
2460.65 3642.36 
3991.62 1076.91 
7245.23 8952.16 
4670.86 6806.24 
6243.69 993.003 
9351.04 1988.94 
9667.37 2668.86 
3055.09 8057.68 
8166.14 686.975 
55.6529 2792.31 
3317.91 5894.72 
6108.52 4689.26 
4534.95 7078.84 
602.85 3335.87 
1807.88 5446.38 
7327.82 4268.53 
9088.75 1319.42 
5345.44 6333.96 
271.563 16.2882 
3140.19 6515.26 
1009.29 2491.21 
8504.2 676.648 
5160.07 1559.27 
8734.33 3326.19 
2246.24 8789.98 
6118.5 5564.16 
4684.69 2227.01 
253.404 9219.63 
9305.85 856.254 
2555.49 1113.71 
6302.64 9883.31 
5382.24 5391.37 
1202.71 727.663 
1725.31 1474.28 
743.951 4865.5 
7989.53 1753.24 
7356.71 6493.71 
2429.89 2516.76 
8052.98 1164.2 
5842.95 299.206 
9954.18 1961.44 
5863.36 4638.85 
4188.45 6116.77 
3858.46 3494.28 
6973.02 6413.95 
4607.99 3275.64 
6297.24 9990.23 
8667.01 7499.95 
717.873 392.306 
8974.23 1461.82 
5257.81 6963.74 
3215.07 2614.5 
3457.44 5644.96 
5131.26 1510.41 
6809.15 974.191 
1809.61 6763.32 
2935.63 7672.97 
1402.15 7124.07 
3789.72 5260.61 
618.331 762.724 
1674.54 5226.32 
4038.36 7971.77 
5216.53 2705.36 
5471.71 5934.4 
3097.66 4445.92 
7396.23 8355.47 
1409.64 611.276 
969.949 4867.08 
6256.23 6101.21 
6377.49 3065.37 
7075.4 8187.1 
9828.69 11.0066 
5860.06 1230.82 
7135.08 9649.78 
6491.42 7753.41 
412.486 8165.96 
2979.71 4450.85 
6137.72 8196.24 
7156.21 1609.41 
4130.63 253.852 
6055.32 1526.84 
8609.32 7464.96 
2138.12 9579.27 
2332.03 8394.35 
5680.46 8709.52 
1459.7 2755.84 
6896.61 1288.37 
2766.85 2756.65 
2519.18 9901.92 
2406.41 9010.61 
7655.32 2818.9 
7176.55 635.012 
7269.75 3314.25 
8831.25 4425.94 
4923.66 2961.87 
4679.79 978.963 
4488.71 3289.09 
8443.93 6626.82 
2868.34 775.943 
5021.15 8548.8 
9485.46 6480.85 
1304.63 6382.05 
7769.22 4071.47 
9138.7 288.389 
3973.38 1545.09 
9299 1628.68 
4363.99 6475.53 
2263.69 1633.72 
9789.78 1094.93 
6059.66 4713.42 
4056.79 739.427 
5692.38 8545.5 
4028.52 4136.3 
5172.31 6896.86 
4912.24 193.441 
5445.65 4397.69 
6674.29 6750.28 
779.724 4443.5 
821.731 9918.42 
4731.89 4795.11 
1463.5 4030.87 
6423.79 5827.49 
506.378 8687.48 
7461.21 296.142 
9782.41 3520.85 
5009.56 3839.19 
4260.27 701.932 
2384.67 8288.79 
4838.23 7556.98 
5185.64 9750.47 
7750.42 631.272 
4148.14 4424.69 
7381.55 4927.86 
8868.19 8203.28 
4846.27 3600.06 
2998.37 6309.77 
7630.92 9422.16 
2137.24 8137.3 
8109.63 9598.45 
8433.44 7892.02 
3119.28 3442.99 
1731.19 7379.56 
4144.92 4115.86 
5668.34 8983.15 
1672.82 853.958 
8733.6 9423.24 
1485.23 2881.72 
3847.91 8866.78 
7809.58 2716.08 
7070.04 2655.83 
6316.14 68.3968 
8965.6 3947.05 
9490.56 1102.83 
2084.33 7600.17 
701.265 517.761 
5492.17 3820.55 
3960.75 7223.36 
1200.09 8105.68 
1339.2 6868.43 
7088.81 3012.02 
7722.38 5822.4 
2435.24 9207.62 
8704.12 6283.15 
8074.38 6513.68 
8999.23 5144.4 
9169.51 5315.36 
5212.8 8135.1 
9262.41 4703.34 
9237.93 1346.72 
2303.49 9939.19 
1864.49 7795.67 
3759.72 5825.24 
5019.01 4959.82 
3930.9 6358.21 
1828.23 1019.69 
9370.23 9550.61 
6842.08 1805.46 
8758.21 5546.18 
8088.61 6832.57 
2059.85 7087.82 
1976.95 1229.34 
2403.17 7189.75 
9364.44 1665.56 
1893.07 8602.35 
3012.28 4196.57 
8541.53 4876.77 
1992.21 2301.24 
701.989 7011.22 
7261.05 4632.89 
3369.42 9089.28 
5652.58 2739.63 
8639.87 2494.64 
4545.09 7398.06 
8040.83 2633.68 
4230.62 100.656 
9721.5 6207.57 
1330 2124.65 
3397.3 694.425 
3790.21 5290.38 
9296.78 6802.49 
9486.94 7838.29 
1679.25 1479.14 
139.514 2381.23 
8490.36 7400.57 
7014.12 1859.76 
6489.83 2666.68 
4599.4 5129.69 
5161.32 9144.49 
2527.73 3202.13 
1778.15 6758.35 
3302.78 1499.64 
2965.9 4632.78 
3624.29 6363.21 
5327.21 7414.5 
1653.57 4623.97 
4216.98 1140.49 
2462.25 5896.22 
2619.63 2601.76 
8277.46 1109.98 
2.31325 5291.56 
2969.74 6492.14 
7958.24 7569.14 
1621.81 3119.54 
6713.6 4149.55 
6321.67 8491.75 
907.883 9624.46 
9991.39 3873.79 
4257.22 3615.66 
236.976 9584.43 
1030.14 1890.54 
4208.39 5247.12 
3031.03 6670.64 
1143.33 5650.67 
9272.4 9420.79 
6760.64 9274.71 
4712.33 9730.38 
5766.84 2670.56 
7299.5 7388.65 
5790.1 4013.09 
1538.18 2111.75 
2504.83 2446.07 
1736.19 2496.2 
6319.85 5993.42 
6111.86 6556.83 
5577.83 7142 
8447.37 9786.22 
2389.11 1478.39 
6456.84 3532.44 
7129.05 5729.22 
2953.21 3889.68 
5003.92 7665.55 
3620.04 770.736 
336.085 919.529 
8159.39 6126.19 
4932.62 9697.57 
8237.94 7437.45 
2143.62 9974.13 
9933.64 8463.48 
5967.53 6045.49 
5020.29 1545.35 
3187.47 3467.64 
1331.56 5576.58 
4946.03 7788.4 
9109.03 2075.07 
3517.6 2062.22 
5964.74 8521.52 
9727.77 9584.79 
9292.25 63.8342 
504.3 7451.62 
6190.02 5436.92 
7149.18 4427.94 
2874.35 9292.8 
4402.06 2807.98 
7756.26 369.577 
8853.46 2776.53 
1914.93 2040.92 
6244.18 3246.48 
7617.5 1190.19 
1034.86 6726.51 
3265.26 4552.46 
8788.73 9230 
3073.96 8516.48 
8814.77 2366.19 
8580.32 9319.07 
9817.82 4770.32 
4755.97 6966.98 
9198.26 7630.32 
6259.76 3600.3 
438.28 4016.01 
3969.88 9291.74 
6792.54 5884.81 
1332.64 3036.7 
9131.29 8950.15 
4226.89 166.136 
5676.64 7492.15 
4718.6 4465.36 
6722.13 7792.56 
2981.82 5536.89 
158.735 1562.12 
4855.94 9976.55 
6332.44 9611.92 
6943.52 5530.68 
7242.22 3203.26 
9130.99 7680.5 
7219.27 3100.85 
6972.23 4011.8 
8985.66 8304.87 
7048.5 8116.93 
7255 1275.38 
8283.07 2931.63 
8767.53 3001.65 
7396.99 5489.65 
794.187 378.799 
1026.52 952.923 
1940.92 5882.46 
929.459 8273.36 
5494.36 7872.97 
3804.03 2736.57 
1076.22 2935 
417.05 8295.49 
6035.85 7389.28 
2307.27 5021.49 
5694.13 9355.78 
3138.4 2949.12 
631.135 1421.45 
5880.75 9398.66 
4423.1 3277.72 
4888.29 5217.29 
3656.52 5914.81 
6170.21 5597.44 
1797.26 7099.67 
3870.79 7291.62 
4972.62 7674.82 
28.1658 6048.85 
609.805 445.216 
4344.32 6645.66 
7834.49 6651.6 
1667.13 3528.6 
6007.35 4805.53 
6477.72 6638.49 
6226.98 2358.45 
6037.13 650.063 
5636.17 925.41 
5867.35 9292.69 
6840.22 2037.54 
4890.12 8637.48 
9137.21 8760.91 
5929.08 4109.81 
6435.71 5957.24 
158.64 7045.51 
6402.46 4502.96 
3691.15 4236.93 
1154.54 5358.28 
7765.54 7161.89 
163.797 4243.24 
3800.36 6390.78 
6601.69 9837.5 
7040.84 2237.85 
762.891 2908.17 
1530.52 7603.11 
4945.71 6420.64 
6240.57 4082.9 
5181.53 2169.63 
8192.71 1617.22 
8126.87 8351.35 
8662.73 4529.31 
2854.3 2353.87 
8766.24 4008.84 
7712.15 6531.76 
1170.71 7875.95 
774.984 4971.08 
4266.71 7376.67 
4808.56 1307.54 
9614.52 5571.45 
4215.71 1145.02 
3174.54 9161.43 
7565.66 9415.12 
3244.31 2747.17 
1584.73 1437 
4364.39 9711.6 
9788.36 3027.11 
4240.89 2642.64 
5380.98 3007.11 
6651.48 3093.11 
9538.87 7822.19 
969.044 313.84 
2793.25 5235.76 
7690.51 7601.81 
6543.29 7305.02 
3173.24 758.99 
8450.04 6347.79 
9920.42 6015.68 
5762.88 3164.71 
8762.85 7347.61 
4601.71 3127.23 
7059.19 4390.05 
6154.33 1300.06 
7032.69 1535.29 
4307.17 3684.15 
4628.4 3846.03 
1506.32 5597.45 
4159.87 4299.57 
833.185 1850.37 
1901.36 7376.48 
9155.39 5074.6 
8135.47 7605.41 
1422.37 8055.87 
3621.08 7185.25 
1220.56 2383.91 
4532.85 5822.27 
5511.14 1592.02 
212.303 1665.45 
2892.08 7245 
3200.74 7199.25 
929.128 7829.15 
1045.27 2435.45 
3426.57 5205.14 
6735.02 4259.76 
7055.51 8636.38 
1636.22 6210.88 
3710.97 9771.69 
3816.27 5133.34 
7827.54 7437.35 
2318.58 9048.1 
9821.26 6851.43 
4870.35 5332.39 
8443.45 5082.65 
6997.84 1335.51 
2327.63 198.569 
8534.77 3256.76 
8027.72 9580.03 
5692.21 1454.27 
4785.16 2427.21 
5714.03 1840.65 
1063.58 7350.25 
8051.52 4774.55 
7121.93 1867.78 
9907.89 4949.45 
9305.12 2226.46 
3997.53 9126.37 
9077.88 8867.88 
4458.74 7521.31 
3950.51 1456.56 
8856.83 6278.14 
1655.13 7391.57 
9534.9 9682.85 
6971.59 5227.09 
1137.1 1756.73 
7654.3 6851.14 
3597.37 8717.88 
4201.38 1648.88 
3492.42 1323.29 
3516.66 3400.29 
6272.74 2821.76 
5626.75 270.254 
1948.12 4704.61 
9138.13 6406.85 
2225.91 3088.63 
7863.42 1082.72 
9366.77 9518.55 
8474.29 8901.65 
9201.38 5445.87 
4128.73 338.468 
7202.59 1783.01 
7189.61 799.951 
500.879 1390.96 
2448.83 3993.3 
2714.25 5965.49 
7393.59 8986.99 
8787.25 3020.32 
9257.24 735.349 
7724.93 8395.36 
7142.2 9950.84 
1483.97 5005.6 
1033.55 850.726 
4524.14 9507.84 
9752.38 3725.5 
4953.69 3881.09 
4063.97 2156.26 
5664.1 1253.56 
2956.21 6164.98 
2644.52 5405.04 
158.259 5358.77 
1370.51 7551.85 
4345.74 157.748 
572.148 3602.97 
893.097 8297.08 
1998.31 8035.3 
8247.91 3482.28 
3040.89 9281.45 
4333.01 7565.02 
8789.27 4085.37 
1290.51 3742.94 
7966.46 5354.48 
5899.2 3630.55 
6608.04 8855.42 
9795.53 9252.56 
4260.44 9953.79 
4611.31 5630.96 
7505.62 8957.06 
5788.71 8077.76 
2560.01 6681.8 
6374.83 4558.32 
4717.09 4622.72 
8040.61 7757.97 
3904.15 2373.6 
5322.98 2693.41 
6458.97 6613.49 
6436.35 4425.41 
1967.95 2335.54 
8055.96 8575.99 
1190.94 7851.47 
7828.53 5451.38 
7805.24 2439.82 
1082.32 5310.84 
1396.86 6871.03 
3388.58 3956.87 
3552.81 9763.41 
8515.19 8269.9 
4386.11 6555.78 
6027.86 8290.26 
8929.38 1350.82 
983.659 5388.33 
7964.31 7420.01 
9813.75 9932.26 
9755.55 7869.69 
8508.23 946.474 
5721.14 6336.74 
6397.86 3526.36 
8776.56 7480.18 
8837.2 173.408 
4351.19 2225.76 
4130.28 7904 
1989.15 2645.46 
6173.89 6375.27 
9201.24 2201.73 
4665.51 8130.6 
3552.55 5649.17 
3518.92 1516.85 
3069.17 3332.65 
1449.09 2824.7 
1202.32 9957.32 
3771.18 6923.47 
6294.05 169.017 
449.811 5070.6 
7649.2 9287.01 
5244 2000.37 
1512.76 9374.28 
9904.38 3501.91 
2019.73 6078.25 
9877.17 1220.95 
8279.97 4542.67 
9351.55 1832.51 
191.827 2870.46 
3349.35 3261 
6203.11 4798.45 
6085.7 7405.43 
4755.75 9856.88 
4328.88 1049.79 
25.877 4778.69 
6120.38 7675.07 
4065.68 1364.37 
9675.44 5578.44 
738.637 9579.8 
9080.35 2758.36 
5658.03 8957.51 
3979.31 3937.99 
3500.16 3330.85 
5770.5 3691.99 
6201.3 9119.85 
6952.98 2404.39 
3918.28 3038.67 
9809.82 8674.03 
2895.53 4138.69 
9723.82 2921.4 
8917.38 5844.18 
596.46 2983.04 
7208.55 271.886 
8561.48 7947.19 
9851.69 7641.81 
705.535 5509.7 
6599.3 4684.85 
9447.69 99.4488 
8015.69 5218.16 
3791.44 4216.98 
4338 744.406 
6621.37 8256.27 
3783.07 6431.18 
6930.29 6678.6 
569.85 6654.09 
9600 9487.23 
2498.26 196.446 
2470.25 9706.81 
468.332 1031.72 
7653.98 320.001 
8673.53 8359.52 
5829.7 5272.82 
3044.35 5277.37 
5372.27 1060.02 
495.515 9163.71 
5277 4833.51 
9908.11 1898.36 
3089.77 3691.17 
8329.54 20.0421 
369.75 8899.39 
6674.13 9969.75 
8386.6 9172.39 
166.181 856.837 
8879.18 634.513 
1888.56 6533.15 
954.514 562.073 
4892.65 6784.21 
5834.89 7936.99 
2061.57 1207.14 
8997.02 2557.08 
370.835 4274 
7390.59 278.93 
6172.36 480.343 
3970.1 4501.88 
500.385 4339.85 
3401.26 7174.52 
4309.58 1787.84 
6346.89 4475.76 
2644.68 5226.06 
5110.28 4533.23 
1759.19 6064.79 
5095.31 6651.83 
2848.99 930.183 
4588.81 4910.55 
2137.33 3585.81 
7467.63 2508.16 
7859.81 4858.21 
2787.09 4032.16 
5338.55 6757.19 
8534.04 5838.94 
1097.02 1935.28 
3013.44 5406.6 
3723.12 9360.33 
9882.37 6367.8 
4586.37 4992.63 
901.019 6345.55 
1057.4 5996.33 
2997.37 3906.39 
6926.51 7586.18 
8816.94 9063.84 
1171.97 6284.56 
1571.98 9031.79 
1142.75 4359.07 
3063.93 6481.3 
1116.25 1597.95 
2320.22 2213.27 
3533.23 5333.66 
7619.87 7256.36 
4693.97 7502.22 
3624.14 9280.34 
2494.83 4525.16 
5625.88 3552.24 
521.47 8623.25 
7458.63 7447.98 
6209.41 6275.55 
6511.8 7381.38 
2560.1 8083.78 
6413.15 3702.85 
2442.84 9477.08 
184.136 3559.09 
1075.01 2504.36 
5772.36 4608.25 
7838.02 3392.21 
1864.59 2531.97 
894.416 5488.73 
1812.3 3389.25 
13.875 7438.17 
6941.48 535.345 
6061.4 4400.09 
7983.33 2270.8 
675.632 4495.11 
9652.18 3235.73 
2578.87 6065.31 
6938.58 5021.71 
5542.37 7122.72 
8580.8 6617.39 
9627.07 4353.14 
1225.62 7465.07 
7745.35 3090.2 
9997.05 8639.76 
8578.93 1809.33 
2028.99 8592.81 
9247.5 8970.48 
9128.15 5308.89 
3370.56 7111.46 
7579.68 4046.19 
1606.55 7231.85 
7281.92 4185.42 
3297.14 4220.48 
9207.14 8839.51 
1343.18 7787.92 
5456.88 970.239 
2141.04 6682.5 
8435.31 9886.38 
9772.7 8432.34 
8526.13 8351.62 
241.654 555.109 
6944.41 9489.15 
9525.59 6072.55 
4798.02 2896.13 
3183.99 2377.69 
6942.32 4790.54 
9609.53 4224.22 
8975.97 2906.66 
8444.7 8183.09 
1746.16 9787.88 
5970.99 7203.04 
758.105 8112.02 
3885.52 9193.42 
7998.39 3658.21 
7625.75 6524.51 
2009.81 7867.4 
7079.61 8954.22 
7356.54 6605.19 
5026.75 2154.54 
9501.31 8210.74 
4532.23 6443.61 
3001.27 4141.75 
667.816 1977.22 
7048.4 9112.52 
160.289 8794.56 
8900.38 6131.28 
5997.58 9658.49 
4243.28 9883.11 
8851.89 2241.66 
3541.29 6477.62 
8766.17 5551.1 
4345 5845.76 
4505.3 1701.52 
2450.93 9532.05 
3856.06 1952.23 
7742.77 8388.29 
8395.84 744.023 
2530.02 9063.66 
2721.24 9578.43 
8176.16 2881.53 
8372.97 7076.52 
9012.81 4370.54 
6734.99 3256.07 
4253.63 5586.86 
5497.73 7794.92 
2064.46 4263.88 
3346.01 6409.47 
109.626 7851.31 
8110.99 2560.56 
7383.34 1967.03 
4512.78 5126.1 
355.31 2908.61 
5870.12 2885.33 
1972.25 8591.36 
2463.75 148.387 
1472.88 836.703 
7224.91 485.667 
5207.24 3959.88 
3741.74 9460.87 
9546.75 9239.47 
7255.78 1611.2 
3503.34 601.766 
8020.66 3612.96 
8453.07 6131.63 
6173.52 5836.4 
8098.67 686.288 
962.478 8453.98 
3594.9 6832.6 
1339.29 5567.14 
5423.94 3803.04 
5715.53 6896.82 
4639.74 2940.42 
7382.49 9846.99 
6900.31 1124.21 
9307.84 6447.04 
363.669 6563.6 
8058.24 3867.01 
7165.37 6078.88 
7479.97 5618.42 
2210.5 3653.48 
1454.8 309.144 
4339.76 2417.28 
8763.12 7934.66 
9249.88 102.395 
3501.79 4673.81 
3905.43 9217.32 
1570.61 8545.18 
2157.73 8953.1 
8392.14 9058.04 
77.2911 7699.97 
5505.06 440.96 
4263.55 3563.28 
4307.97 1428.9 
9642.16 1787.92 
7047.32 1852.64 
5441.4 8502.12 
2161.78 9781.16 
919.39 924.882 
7715.8 169.253 
1027.28 1217.58 
4843.06 4932.71 
434.878 6413.67 
3477.87 2592.6 
5366.75 1870 
1650.62 5444.04 
9569.96 7155.68 
5885 3833.5 
718.94 192.95 
5262.4 361.081 
1980.87 2309.7 
2213.72 7422.27 
811.808 4375.5 
7203.41 1731.2 
5300.38 4919.2 
1900.45 6327.66 
6136.78 6743.51 
1260.35 6571.66 
3157.16 4738.22 
9164.26 8523.91 
6608.22 814.866 
3967.93 6178.17 
7970.55 9852.93 
11.6462 8689.49 
45.8631 5274.04 
9050.57 2026.73 
7583.74 1264.27 
9449 8395.55 
5639.77 6652.4 
126.731 940.129 
1571.58 2027.18 
7267.79 7708.36 
8770.69 8528.14 
4280 1927.84 
3266.34 3444.24 
451.731 9874.56 
4259.11 4419.66 
6052.71 2229.64 
4272.58 6064.35 
919.109 4318.44 
1338.38 9969.68 
6345.17 8922.12 
1233.93 5794.16 
7317.65 6873.69 
2446.54 7444.38 
7813.82 4018.13 
9471.57 5081.59 
1726.47 8242.24 
3609.71 6006.47 
170.064 6876.05 
9450.71 621.795 
6750.59 3709.81 
5041.46 2803.28 
5939.44 9314.03 
8867.63 6858.55 
3632.45 205.993 
6828.21 9977.63 
9128.11 8062.14 
5771.77 6445.75 
4935.82 8218.31 
3890.11 2749.62 
2236.42 3361.66 
7831.21 3962.9 
1603.89 1440.91 
9969.37 1773.95 
8316.96 9420.06 
2395.75 5067.53 
3129.85 7437.21 
7870.81 9069.29 
6751.22 6738.43 
5927.83 383.658 
6944.42 2756.02 
361.27 6072.51 
818.148 6133.04 
2518.24 5753.97 
4351.34 6408.36 
8503.59 6587.76 
9770.02 6334.79 
550.641 1373.89 
7775.69 519.989 
3147.85 6092.63 
9940.05 5543.59 
1160.15 3069.88 
2980.78 9030.96 
2139.16 9732 
5769.37 8066.99 
115.643 2713.77 
822.995 476.913 
8786.28 1641.14 
6609.95 1304.51 
7395.11 961.276 
7712.86 5898.68 
7549.04 7482.87 
2233.45 8099.68 
8856.76 9.12609 
8619.67 2004.59 
6101.76 8559.7 
7548.18 7261.91 
1629.57 528.948 
6292.85 3768.73 
260.933 2062.19 
1835.7 376.576 
4775.96 2658.69 
853.489 3562.22 
4299.84 7463.44 
4866.73 1694.93 
8424.72 2579.58 
7593.61 5973.74 
62.4296 9827.06 
4073.4 8919.19 
9836.19 2693.05 
923.766 5937.93 
1252.74 8471.95 
3199.82 2882.31 
9000.9 9492.66 
6651.04 9261.83 
1554.84 8486.73 
9638.41 6330.8 
1145.41 491.879 
9893.02 5445.25 
7955.32 4759.73 
7140.18 6380.02 
7339.31 4733.77 
2353.75 7401.74 
4560.82 6427.15 
6320.92 4396.99 
9120.2 7244.68 
334.901 372.923 
5716.62 3534.72 
3255.23 4717.5 
3027.36 9906.27 
3979.31 4582.2 
8392.98 3617.7 
912.987 9538.4 
4109.58 805.992 
4983.63 2064.89 
5565.73 2123.79 
8444.91 2905.02 
6857.57 798.637 
306.747 1418.37 
7225.78 6627.66 
5815.36 6345.97 
3872.33 6150.26 
6718.89 9588.94 
9684.98 9974.12 
4306.42 2712.33 
9880.37 8285.74 
7294.53 8273.34 
1903.42 8207.52 
7811.72 6013 
9013.51 2795.33 
8077.89 4579.22 
4919.13 6522.78 
7484.24 1776.68 
7321.42 7790.99 
3195.05 4547.18 
4418.64 9010.41 
893.134 8290.97 
5160.65 7612.02 
7879.89 4845.62 
7586.13 2186.3 
7557.94 7466.48 
472.02 4852.46 
5739.8 2375.44 
3059.96 3551.5 
8388.44 2073.45 
6346.83 6466.31 
6652.67 1265.94 
2989.08 4136.9 
3042.62 310.475 
1927.87 6237.67 
4857.66 6346.51 
5248.07 5750.79 
4637.46 408.703 
3362.8 2517.33 
5254.32 948.911 
4703.63 2812.24 
8415.39 5175.65 
7664.7 4155.18 
7551.09 724.641 
7706.68 5939.52 
2798.09 4053.5 
2405.82 9450.77 
5319.44 5394.89 
3587.65 8362.07 
5705.37 5515.52 
4599.72 563.01 
1862.01 9847.79 
6313.8 6499.47 
256.474 9676.6 
9016.8 5510.79 
625.494 3720.42 
8323.04 9040.89 
8896.07 5987.72 
3196.05 6447.15 
6712.36 902.713 
2386.65 9510.45 
4956.21 4792.47 
8961.2 275.639 
187.347 2548.84 
8637.71 5892.72 
8064.36 3237.41 
6455.73 9926.37 
3085.18 2769.51 
6425.82 3341.66 
2446.09 5442.61 
8852.45 3071.59 
9163.03 7175.47 
2112.46 8059.08 
3163.17 5308.5 
4506.21 9875.53 
6211.22 6892.86 
9385.97 1167.41 
1685.32 8347.15 
1443.05 1872.66 
895.973 80.7379 
7765.38 8960.33 
3318.15 4221.09 
8886.68 6403.33 
6990.6 5312.49 
9744.99 9436.69 
755.081 8597.42 
2508.26 9918.11 
5772.87 4620.71 
7977.17 8936.04 
9929.22 2483.37 
8811.55 6140.42 
9376.23 8197.5 
7307.83 1061.53 
6544.64 8750.88 
2934.19 7440.62 
8831.62 699.555 
6400.93 2149.75 
4920.64 5287.6 
8553.08 1911.22 
600.068 8298.05 
1347.89 1355.15 
6895.45 3856.15 
1273.24 2668.3 
8476.87 9250.41 
1604.32 8406.07 
1733.76 415.86 
4546.47 1109.98 
8613.37 1854.28 
2171.51 5157.99 
605.137 5105.7 
2598.59 9436.75 
5805.26 8999.52 
1586.48 725.881 
4287.1 139.542 
2637.1 4887.17 
8437.59 3985 
6242.32 5333.02 
7841.15 7515.56 
8001.32 6318 
6765.95 9605.64 
4724.04 8499.72 
21.4848 9270.51 
9609.7 8634.85 
1124.77 1781.19 
3792.82 1729.91 
6886.89 6391.41 
1166.64 2692.13 
5390.92 2753.12 
3418.01 9678.01 
2892.67 6055.11 
4565.16 1330.24 
40.0888 807.462 
6663.25 7881.24 
8323.02 4664.56 
4199.22 5088.95 
4270.18 8923.26 
3588.65 4291.66 
8193.75 3198.33 
2926.5 9318.52 
4979.52 6719.32 
1048.41 1866.39 
3110.72 2215.05 
4558.52 8501.64 
4968.18 7976.53 
8179.63 7860.84 
4031.62 2744.78 
9191.08 4071.71 
3552.24 5854.31 
1952.93 1875.25 
518.852 6152.14 
6964.2 4789.03 
5075.39 552.837 
9080.7 3269.12 
3751.17 2007.18 
2587.63 8730.69 
8726.5 3636.04 
597.063 1837.2 
5851.09 5155.58 
338.822 819.253 
3132.09 8518.46 
8680.09 7163.71 
1263.22 7871.15 
1235.41 4815.47 
3725.45 3188.33 
6690.71 4244.3 
9340.48 3654.89 
9033.33 4415.85 
4207.73 8114.01 
7684.97 7958.9 
121.174 272.584 
6689.57 8847.67 
3908.62 7286.64 
684.858 9759.72 
2442.2 1023.68 
578.954 5574.29 
9542.14 9259.05 
2737.99 805.34 
7130.19 3973.39 
5620.81 855.619 
7161.73 2311.5 
5099.92 6502.19 
5966.39 4133.24 
918.02 174.107 
2247.24 8602.99 
8133.01 2368.41 
8875.58 4822.56 
1216.07 2784.18 
2109.18 1900.92 
2543.88 4551.38 
2924.6 3122.84 
125.657 2466.72 
2381.87 2863.65 
3272.06 9512.05 
6837.04 8892.87 
367.657 3998.75 
1204.35 5467.58 
500.923 7170.75 
9600.82 1418.94 
7344.85 1848.04 
21.9183 5477.84 
4216.45 8897.49 
300.388 5432.52 
1681.66 2409.57 
7333.44 4225.54 
6960.95 258.029 
7348.38 7086.61 
2724.75 9730.25 
9950.25 5996.82 
9242.29 6787.28 
4889.67 9609.95 
786.01 6094.02 
5077.51 1286.93 
3264.75 4678.31 
2705.88 609.585 
6526.35 2727.79 
6087.43 742.781 
1625.27 6387.82 
6175.3 3306.93 
8797.38 3508.72 
7532.47 5758.32 
3766.75 4880.84 
2844.91 6491.5 
4611.07 2795.15 
2488.3 3853.35 
9582.42 7377.97 
3463.28 368.414 
3471.97 8540.78 
1655.35 6736.72 
3219.08 4361.22 
7346.31 9745.43 
7089.02 3433.72 
488.19 8714.29 
9821.54 6663.49 
2021.2 8618.9 
172.192 9553.68 
4377.2 3938.94 
4434.5 7222.11 
430.428 9045.57 
17.2421 2918.73 
2898.9 9599.66 
296.684 6362.18 
9968.08 3768.66 
4902.94 1623.41 
505.366 8122.02 
5984.63 7851.67 
7867.43 3073.63 
1285.38 8355.62 
1787.9 1106.9 
5019.09 3809.1 
9725.8 5191.28 
3362.76 4102.99 
9130.23 7797.26 
1325.08 9560.65 
6842.81 1342.32 
2479.37 9741.71 
941.971 2776.05 
6103.87 910.03 
6544.71 1006.8 
2533.44 7050.07 
9128.82 8518.06 
4901.73 6996.24 
1591.68 6187.11 
5351.84 3379.57 
7294 370.911 
7188.67 7019.78 
5562.19 551.414 
1122.75 4692.4 
8348.67 2447.84 
4253.04 5191.46 
3790.16 6732.4 
4933.16 4732.13 
9508.45 1037.02 
5642.16 6053.14 
2043.82 8175.6 
3103.2 1172.63 
6693.64 8004.93 
8168.86 8285.32 
4192.02 3520.68 
1664.88 1486.01 
3891.59 8853.55 
8505.8 9453.79 
9404.96 9628.55 
4146.17 7753.61 
2076.37 8399.21 
2945.06 5866.53 
5131.6 7878.22 
598.64 4640.03 
8915.24 6240.8 
693.159 959.046 
4416.38 3796.36 
2131.67 1110.01 
1801.28 300.517 
9395.33 5993.3 
3821.2 1060.18 
7479.31 7712.79 
9913.73 5985.09 
7166.57 9318.68 
5613.62 1312.72 
7072.27 7689.99 
9711.93 17.3195 
3556.5 4843.51 
