900 2
4358.4 3702.71 
520.125 5462.49 
4934.99 9139.65 
4515.58 3796 
2781.13 1302.08 
865.519 582.171 
714.446 9518.28 
9844.04 2557.9 
1159.64 917.415 
3230.2 7628.94 
4877.75 2495.65 
3030.04 7626.05 
7345.87 7657.76 
2700.86 4679.57 
5729.86 8199.36 
4468.24 88.2349 
1902.05 4988.36 
5550.73 6837.05 
4128 66.2924 
633.033 6909.12 
1368.37 1498.55 
7491.29 2082.82 
1016.82 7335.32 
4640.72 2176.46 
8252.73 7870.92 
9805.4 3130.47 
366.554 2835.43 
756.5 7712.42 
493.173 3457.36 
2391.98 6223.03 
1656.7 6860.22 
6311.26 3558.76 
1848.56 1861.97 
395.785 5976.56 
1928.27 1028.82 
2885.67 3296.64 
2527.37 376.942 
5379.45 3544.19 
7712.26 20.1545 
5720.64 5964.98 
7891.07 5526.03 
9095.45 8257.63 
8361.45 9851.95 
5970.03 8854.63 
3309.29 8362.01 
5077.64 4965.99 
5222.21 1388.89 
8524.75 7070.77 
3250.86 8920.53 
3047.31 5179.13 
9949.35 5932.98 
8475.76 2476.7 
6309.92 3855.2 
6020.89 4022.17 
3875.35 1741.51 
9987.14 1766.41 
7267.54 9082.57 
24.0214 5628.98 
8934.5 5994.05 
4483.59 2243.78 
4356.04 9561.22 
7209.77 9578.25 
950.093 5734.5 
6649 4200.95 
4655.01 9696.31 
9380.08 4604.34 
5629.27 7855.83 
7081.05 1939.18 
1711.01 3101.92 
5961.34 5586.36 
4843.43 5948.47 
7352.77 2110.96 
5031.03 7376.79 
7739.93 3965.51 
3370.83 2223.5 
6209.29 7726.87 
1784.71 3419.04 
7305.1 2734.8 
9153.54 3954.08 
6935.76 3808.53 
3650.38 6315.82 
8412.87 9279.65 
4171.63 5493.9 
1218.81 5882.64 
8595.82 7180.15 
1468.98 3439.24 
3128.61 8821.75 
5550.19 8159.63 
6198.53 3290.11 
2125.13 9569.36 
5513.61 8334.42 
7296.21 7298.32 
1753.44 4601.3 
33.1099 906.962 
8555.38 6968.87 
4715.49 2205.74 
3284.67 3128.35 
1485.37 7456.3 
8622.25 2704.18 
3338.92 7218.05 
9884.34 4807.9 
657.275 3012.93 
3629.64 6207.47 
1172.55 9828.17 
9497.58 3297.68 
9397.51 5011.17 
1632.08 6693.71 
2309.48 3385.53 
1294.99 2342.59 
4292.49 9850.37 
9311.46 9007.98 
2056.09 2596.11 
2136.31 3541.47 
52.3868 758.544 
6245.65 3391.3 
7976.6 6129.97 
8199.2 8633.87 
9142.9 1828.82 
4841.33 315.429 
1656.98 4338.89 
3613.11 1054.47 
9350.06 5245.19 
7748.19 1659.52 
8630.72 9043.18 
4002.11 2923.19 
8893.53 3313.55 
1931.15 949.606 
5909.66 4067.46 
4491.07 5962.05 
4826.01 736.705 
9353.35 2802.59 
6866.68 7552.53 
1436.45 6009.56 
9381.36 6277.77 
6324.99 1038.32 
616.641 9938.1 
2092.79 9966.7 
5183.27 9840.97 
1626.21 3813.97 
8884.13 5628.32 
6737.16 7777.65 
8941.87 8668.31 
8727.25 4851.51 
2735.75 3218.31 
813.541 7561.76 
3955.01 166.873 
364.333 821.672 
7719.41 1800.78 
6831.23 7100.75 
8078.55 3156.2 
8139.06 8695.19 
3094.28 231.838 
8661.88 8277.55 
72.7951 288.066 
2091.5 8956.93 
5916.39 8828.66 
6734.56 4858.24 
7496.95 5461.8 
9709.75 232.688 
8680.1 523.277 
7794.45 2635.1 
690.15 8158.78 
3456.77 8409.56 
9959.56 287.987 
5510.29 8038.09 
3444.19 3649.34 
6733.27 6538.47 
3881.17 5395.13 
4816.01 3953.97 
5683.19 6907.51 
2910.88 1599.56 
5736.15 9645.44 
6457.8 3233.08 
5107.22 6167.54 
3465.77 3787.31 
6690.81 1260.2 
6422.41 7380.96 
9418.98 9879.18 
5790.5 9378.53 
167.149 1300.78 
7416.6 3611.34 
4950.11 4149.86 
149.795 8831.29 
9544.98 4965.8 
2785.24 5228.16 
1873.29 5696.12 
6827.72 7609.44 
5341.55 3285.51 
842.503 448.749 
9453.04 4308.27 
4236.06 6143.84 
5568.47 658.447 
3524.79 4987.44 
537.609 9315.29 
4365.95 704.758 
616.048 1782.53 
4316.1 5566.16 
5932.39 4465.89 
4397.43 5477.36 
9431.69 7182.67 
705.498 1304.97 
2878.77 7533.22 
8914.4 8220.32 
818.707 9756.91 
8669.07 271.733 
4065.16 2905.11 
6415.57 9633.63 
3563.56 9940.36 
4621.06 4101.17 
9255.63 8987 
4805.92 9871.68 
769.52 9122.02 
5437.82 6701.91 
3587.9 9835.25 
2179.25 3019.57 
7017.91 2884.75 
4324.54 9896.68 
417.95 3238.93 
8116.98 1236.66 
2995.82 6786.04 
1508.39 7060.98 
9691.15 7923.96 
6694.6 3254.69 
7864.3 1315.64 
7355.85 7119.91 
302.621 2161.76 
6991.57 1072.14 
1283.77 2429.37 
7774.05 4871.66 
2264.61 9953.3 
7891.24 9282.51 
2838.03 2215.76 
9179.18 3255.98 
5454.69 7296.14 
4492.64 8450.5 
4082.16 6001.03 
5511.47 3773.29 
3924.97 2206.05 
7027.98 1789.25 
3521.68 4383.81 
8909.17 3824.3 
6545.57 5900.72 
4896.44 7829.34 
8330.09 2670.48 
2700.99 594.685 
2623.76 592.208 
9877.2 5461.79 
2807.97 9056.36 
8717.77 8262.65 
6352.48 3210.39 
6713.14 434.626 
9211.42 2224.59 
4207.92 3136.38 
4430.63 1235.88 
4925.63 7952.32 
5619.69 3834.78 
1776.6 2165.25 
9735.5 6673.04 
9994.59 8065.57 
9343.52 2695.56 
8660.26 1967.26 
3287.77 8537.44 
7429.05 6095.73 
7593.78 6146.81 
4358.37 3946.24 
9357.2 1071.49 
4380.87 8568.6 
3296.08 8588.79 
1704.96 7726.72 
9824.66 6630.59 
5679.02 5444.34 
465.352 7455.62 
7609.58 200.833 
4128.64 7604.16 
8266.41 3472.14 
299.698 6926.65 
5439.41 3587.46 
5464.07 2868.44 
9683.2 3057.84 
9015.25 4041.55 
7004.08 8372.43 
5113.05 1384.93 
6941.02 8409.13 
9973.72 8645.98 
6135.83 9798.37 
5276.55 1814.83 
5242.68 5741.91 
9270.45 2852.25 
5942.74 3399.07 
456.39 4209.13 
6871.21 756.087 
1135.76 2310.6 
4343.55 6599.84 
5179.04 4026.73 
9657.67 4194.28 
8068.29 6661.74 
2566.69 3181.32 
8046.67 9507.71 
1590.43 8020.37 
8153.68 7726.26 
7818.72 3430.21 
9541.09 3061.39 
9172.12 8811.52 
5913.64 5114.84 
2210.57 6370.03 
9323.97 9081.79 
7126.11 459.718 
1392.37 1469.65 
7059.55 6571.42 
5496.38 6717.21 
765.677 3564.65 
3378.93 3332.37 
6745.97 1425.58 
2840.06 8336.4 
9445.95 993.723 
6062.65 7264.65 
4423.94 5603.72 
326.018 3596.04 
4415.22 6239.66 
8710.88 6625.79 
2609.67 8034.83 
5707.56 9735.78 
8494.55 7099.93 
1205.41 5554.09 
3671.33 6701.8 
2271.28 4437.01 
266.434 5650.21 
7769.38 7012.41 
7075.78 609.428 
5348.79 6521.71 
1603.15 1411.42 
3786.35 6027.09 
7015.14 4112.36 
9623.12 1430.34 
352.003 8333.98 
8056.14 2961.67 
6368.79 3763.68 
2697.43 4863.33 
863.601 3902.85 
417.395 4534.93 
604.625 2688.67 
8971.94 871.059 
8338.88 6741.31 
7883.46 5414.64 
7350.73 3232.24 
1936.34 8953.88 
4643.66 5722.69 
4980.95 1658.78 
9835.05 4604.06 
3089.13 187.039 
2938.02 1145.25 
3148.71 9306.82 
4908.93 5846.14 
4170.13 5772.53 
9748.99 4587.52 
307.45 353.595 
7276.19 9279.39 
1224.65 5615.05 
6020.68 9108.12 
1029.68 3371.4 
2340.34 2966.02 
2325.27 6984 
8688.71 7306.22 
8642.78 8523.74 
1910.26 1731.89 
8710.78 4848.28 
2877.14 1859.47 
4155.08 7786.08 
7705.62 8325.21 
3558.59 7454.59 
2912.71 3866.04 
7808.18 188.888 
3145.42 9032.84 
5803.94 9166.1 
8140.94 6833.62 
2537.48 481.263 
9799.64 4862.75 
7465.26 8488.34 
2168.95 6108.03 
7012.06 4079.21 
7839.92 5722.83 
8927.5 717.051 
7582.31 3082.56 
8503.13 5287.9 
1407.75 2061.7 
2742.47 4320.46 
5927.75 550.638 
4509.35 9073.17 
9583.47 313.276 
8239.25 7724.4 
7146.9 776.716 
8205.66 6946.52 
5639.47 5670.9 
5434.84 7808.42 
1778.92 2446.89 
1887.62 9618.84 
8169.72 815.097 
335.877 5752.01 
3897.66 8839 
1039.9 5305.41 
900.691 3782.37 
9625.87 6828.44 
4333.01 4135.21 
5901.58 3916.47 
4448.48 4140.82 
1640.84 1595.37 
4917.53 9846.5 
8541.89 556.984 
5517.39 3976.72 
8365.4 7296.31 
6423.61 253.004 
6915.13 4593.31 
1068.1 7251.01 
345.307 4965.76 
6090 1385.21 
271.152 6990.69 
5167.58 9897.03 
3819.11 9500.59 
4032.22 9720.7 
3417.04 8480.7 
3861.5 5057.88 
76.0518 8779.03 
4904.36 8617.94 
9336.01 421.736 
2594.64 7701.4 
7718.04 9018.25 
7954.41 4633.16 
3611.55 9022.51 
1884.15 3956.86 
3988.25 7974.15 
5342.06 4259.4 
4964.83 509.622 
4156.41 8783.94 
10.1913 8188.63 
8504.62 3427.23 
6669.31 2366.1 
8485.11 6745.36 
1145.11 3389.45 
5363.29 481.108 
3811.19 7957.93 
8182.51 1529.22 
6976.17 6136.9 
6162.38 587.701 
5159.39 8046.53 
4544.56 9147.63 
6020.67 9886.62 
3407.02 985.477 
396.224 7563.42 
9769.42 406.416 
5752.03 8274.01 
3833.64 2421.33 
640.095 2318.73 
9166.69 1785.21 
5708.19 4529.97 
2266.31 9519.38 
2487.88 448.805 
1048.57 9464.05 
6585.7 7210.95 
51.7354 1745.07 
5257.46 4596.29 
892.689 1278.11 
4482.9 4299.7 
2263.59 4879.12 
1863.11 2032.99 
5285.54 7615.15 
306.988 9119.18 
36.4573 947.083 
1437.89 9203.15 
2732.29 7146.08 
3733.1 4998.6 
6665.44 6220.98 
5447.41 7714.01 
5685.01 2033.09 
4924.94 5736.75 
3778.17 182.392 
333.025 4670.85 
1460.51 4815.92 
8970.56 3724.1 
9695.04 833.653 
5757.09 4980.56 
8448.8 6064.08 
4099.72 8485.26 
7011.16 5537.62 
7688.39 9743.45 
2683.68 1421.47 
4742.03 9349.12 
7642.45 189.424 
7063.11 3327.45 
2222.52 1988.04 
9064.2 6000.68 
2170.43 9397.22 
671.519 3630.94 
4213.13 9642.08 
7355.04 3908.15 
475.714 3112.11 
8888.71 8924.51 
9176.18 2988.42 
7409.75 6187.33 
8526.03 5098.12 
5930.76 1209.69 
6519.59 672.774 
558.79 4162.03 
862.197 7621.9 
7489.47 3084.71 
9609.94 6553.65 
9085.4 1780.35 
5950.86 9756.92 
5411.29 163.968 
9398.98 2766.3 
4072.12 9874.69 
5878.41 2960.81 
8799.18 5054.58 
5949.23 6208.92 
1241.89 4475.24 
1307.03 7172.64 
5684.93 7826.62 
7845.42 6243.72 
1988.63 8707.61 
3865.61 9478.11 
1792.31 3475.53 
6031.74 877.69 
5255.88 1982.58 
634.589 667.146 
2146.55 33.5472 
3433.45 6218.67 
9908.24 9311.86 
9179.48 8707.4 
4366.42 5128.69 
4916.31 5608.3 
9603.94 6223.33 
2780.93 5288.85 
4049.94 626.328 
1532.56 6038.57 
9333.94 5398.17 
5516.66 1126.24 
8873.69 1548.38 
2003.93 4129.55 
3530.97 2638.51 
4796.7 5677.52 
2672.06 8230.15 
1896.17 2580.28 
7541.99 1075.64 
1287.67 1908.39 
6204.33 6203.97 
7516.7 5808.25 
2427.29 297.609 
1097.09 6477.23 
923.937 2629.65 
2515.78 257.861 
8027.81 8032.43 
1384.1 6901.49 
9580.82 3388.02 
1031.02 3111.77 
6026.54 5827.72 
8789.29 8698.6 
4057.85 685.445 
1278.86 1599.83 
1761.08 2566.53 
3508.22 7965.42 
8770.5 1024.9 
3773.65 1197.78 
1322.51 4870.74 
7675 2246.44 
7500.38 190.762 
2504.3 5528.18 
8223.2 3888.4 
2429.65 7804 
7276.42 3460.67 
915.748 3302.94 
9288.4 9705.04 
2001.52 3346.23 
390.464 3280.38 
4946.06 2151.55 
5846.91 8454.27 
116.948 4617.4 
9479.17 3890.6 
5815.17 801.657 
8761.34 3490.16 
3048.1 6261.7 
3680.92 5552.4 
1789.87 1904.1 
9440.8 4219.52 
9708.09 6717.21 
7680.19 623.825 
20.1323 6968.57 
328.844 2021.65 
314.781 719.308 
5302.04 5260.84 
2870.86 1148.93 
3715.09 2987.8 
5766.32 3194.24 
6878.4 1581.48 
3995.9 5639.72 
5071.63 7044 
1901.41 8752.55 
2596.39 3691.28 
656.633 2037.17 
7910.79 364.711 
8754.38 5590.97 
988.536 8774.51 
2559.52 1317.38 
796.148 2874.3 
2036.69 6098.18 
8135.13 4907.55 
7247.11 1850.21 
7895.35 3013.42 
5044.45 4773.74 
4594.9 9040.35 
413.446 9666.53 
6084.33 2314.86 
8419.07 8680.72 
6006.13 9075.7 
717.871 3916.91 
9440.41 9472.25 
9507.88 428.932 
8246.75 2067.37 
1746.31 9042.89 
4941.67 3783 
5141.06 3076.78 
8690.55 2388.16 
4926.99 6585.88 
5401.58 9971.44 
1359.6 9996.48 
9011.77 1773.05 
9662.99 5096.09 
4087.91 8082.05 
3776.79 94.0236 
7157.73 4494.66 
4010.93 6598.13 
3966.89 3518.79 
7027.06 2213.62 
5586.17 8773.37 
1256.5 527.82 
2556.36 6397.56 
3604.6 1246.89 
8785.72 8531.59 
7832.77 4187.28 
8503.02 9192.37 
4183.74 7514.77 
965.401 3846.72 
2610.84 5053.31 
1928.75 6387.62 
5147.33 9086.48 
882.263 9158.26 
5684.59 4849.15 
2677.04 2711.64 
7062.77 8263.21 
1484.99 8319.27 
8791.03 4041.35 
4716.81 2395.61 
5288.24 3502.51 
927.191 3120.99 
7689.79 9430.21 
2313.34 1873.51 
6944.96 3278.74 
5720.22 9555.8 
8332.05 7648.97 
5943.4 3479.36 
6735.43 6825.67 
2637.61 2420 
1674.8 5314.65 
5131.64 8737.58 
3577.84 6616.63 
7056.83 2368.85 
657.965 1773.62 
4764.46 5946.2 
5276.13 5691.65 
9067.19 2965.9 
5121.84 1380.52 
4839.41 2066.79 
4659.26 559.613 
1622.57 2991.3 
8208.58 7565.97 
6470.66 4943.99 
4391.62 9108.27 
7364 6066.43 
4422.9 2495.62 
4803.99 8000.74 
9112.25 1860.8 
369.574 9770.21 
3634.42 5134.04 
5716.4 8910.56 
825.674 4783.58 
1876.44 5947.52 
6164.1 6715.85 
8014.3 823.348 
7275.46 9636.87 
3814.65 5484.02 
7202.83 285.287 
427.999 1594.43 
9393.56 7792 
7660.86 3816.44 
287.597 2464.83 
1817.16 9399.85 
4325.63 2186.74 
9170.04 7960.05 
7320.78 4886.43 
6870.59 8146.45 
9670.01 8747.03 
4093.95 5834.09 
5462.86 2108.24 
6657.44 2738.3 
1745.09 472.071 
8222.32 8947.92 
757.358 8650.32 
542.332 150.897 
6442.3 8203.19 
3967.34 6729.9 
668.001 5784.5 
6129.73 4993.63 
7971.24 5299.76 
2953.66 5292 
186.172 9824.25 
3438.43 9856.18 
8571.26 7532.38 
5690.26 4034.1 
9640.62 2347.69 
6772.41 1385.69 
2819.76 4994.71 
333.594 3577.12 
3645.02 875.927 
3728.01 87.3051 
9079.12 7695.35 
6817.2 9747.12 
3479.83 2946.92 
4740.73 1451.06 
8246.68 7694.39 
6743.06 8432.85 
7518.63 181.469 
8289.01 6089.87 
7713.85 3979.26 
123.959 7354.45 
6326.95 6896.37 
8740.14 9146.7 
1891.06 9073.74 
2723.8 5536.08 
9949.67 6451.81 
5623.39 9028.77 
4147.15 2440.57 
8775.87 7626.98 
5387.49 3516.58 
9078.04 3634.15 
1210.95 5821.08 
2066.98 8729.58 
6002.55 355.979 
4819.43 3716.38 
4335.24 4943.39 
1070.81 662.167 
1839.74 9810.96 
9808.87 3730.8 
8884.68 2532.65 
9266.88 8834.33 
8984.47 4890.25 
7863.08 3131.6 
7330.82 6638.93 
758.561 2718.3 
155.488 9836.6 
6352.45 1366.44 
5657.66 8419.43 
96.0011 1660.19 
8775.41 4915.43 
5376.57 3110.63 
9858.83 6447.38 
3772.8 1698.55 
6258.32 3581.65 
5429.35 5142.99 
6114.3 4696.21 
3977.3 5098.75 
9586.46 1840.36 
8230.35 6917.27 
8479.29 8988.91 
9635.57 8634.78 
8825.5 5988 
1.20265 4483.14 
4407.42 97.2037 
6143.33 3182.81 
5012.64 1519.88 
6293.44 4871.45 
7967.26 66.2168 
6569.99 4225.57 
3647.87 1999.33 
9368.56 9762.17 
6695.54 3345.85 
4860.91 6281.99 
5186.21 3091.24 
3199.24 3665.48 
2080.14 2834.8 
2300.25 905.617 
8822.8 2301.45 
5388.76 3230.2 
2398.65 1532.07 
6413.01 7411.29 
3051.95 2706.43 
2282.72 1019.19 
2772.64 8852.71 
5244.76 6420.51 
852.022 4613.31 
6182.66 7547.56 
7959.15 1043.55 
3829.53 3145.34 
4134.8 7028.78 
6810.83 6214.93 
9863.57 9111.07 
7120.55 8686.36 
1412.51 2509.29 
1916.54 3811.16 
4041.36 8329.55 
1222.43 7093.3 
1035.96 3505.15 
8112.5 3808.6 
2357.85 3357.24 
229.094 3209.87 
7970.55 6411.76 
757.412 5929.68 
7455.31 4586.95 
9075.03 1590.09 
1615.7 5885.84 
7805.02 1479.26 
4996.89 4925.56 
165.601 6409.4 
7434.85 2082.14 
220.539 1476.19 
411.67 1442.97 
8569.49 1447.63 
4948.12 6681.97 
5256.23 7305.97 
39.1958 5485.32 
515.816 8009.74 
1897.06 1273.23 
3939.41 9352.37 
5860.17 3014.42 
942.446 7475.88 
8900.25 8747.47 
8955.14 3897.13 
3673.01 9120.74 
306.508 1107.84 
1202.86 527.047 
2584.03 1614.53 
1970.02 1153.51 
3062.16 6918.14 
7835.48 8318.39 
4224.09 7874.67 
3803.7 4739.9 
5884.4 5700.76 
6013.13 9823.81 
5053.12 1873.29 
2838.21 5995.56 
9349.17 1738.44 
4743.02 8304.29 
5635.57 8416.03 
7425.01 5942.07 
9523.87 8627.88 
6469.12 2107.88 
242.394 8439.14 
3261.39 3304.56 
5357.26 1096.85 
1622.93 9581.35 
8971.52 5426.63 
4321.23 4855.91 
1127.37 334.346 
4679.7 6180.49 
2207.63 7517.9 
2176.03 1556.78 
9256.34 6919.05 
9861.07 4891.89 
5335.06 7286.06 
833.948 4858.91 
5913.92 7303.07 
6966.79 6156.32 
5742.19 228.165 
9460.87 1099.43 
1325.01 1083.79 
680.762 296.522 
6510.41 5001.99 
5152.43 7637.78 
5336.34 9832.12 
3818.25 7543.97 
7350.01 5994.29 
9100.76 6606.34 
2913.32 8961.81 
1498.21 8248.38 
6247.86 2332.16 
3107.28 2161.76 
9635.23 74.0527 
8318.08 5377.4 
302.218 7778.94 
6476.83 1627.23 
8862.72 7157.6 
1923.75 5373.12 
2159.57 7076.18 
3010.89 7495.91 
6908.29 6829.14 
5039.87 4258.28 
2823.41 4140.61 
864.602 5736.73 
3102.4 2362.81 
3985.1 9350.26 
4694.97 7092.38 
1512.01 4330.18 
7166.43 9830.09 
