600 2
3520.49 7230.77 
6210.73 7749.35 
5858.92 1100.55 
1642.92 779.464 
2281.72 587.213 
9405.67 1.61954 
7849.19 8347.2 
7617.55 1891.94 
7400.57 8018.33 
7319.66 2982.04 
6222.14 5050.1 
6264.46 9006.3 
8719.01 348.262 
9529.84 6278.87 
2882.71 3949.37 
7738.35 6403.2 
1180.13 3949.07 
4152.53 7039.05 
5049.62 5795.46 
7818.51 7331.33 
6382.67 7224.17 
7332.95 4231.85 
5571.35 4950.49 
6123.79 2971.9 
2968.8 3443.43 
5953.94 9190.94 
8493.53 2218.39 
8197.23 7212.52 
2566.65 7727.06 
3491.38 5449.36 
1676.41 1229.71 
1852.55 2856.54 
5178.78 6005.08 
9895.59 228.38 
1800.52 7714.08 
7559.71 8183.19 
4938.24 4892.65 
2415.02 509.568 
9843.13 8538.81 
3481.47 2811.92 
1982.22 9435.41 
2002.85 475.726 
1653.78 200.056 
7688.25 4220.43 
7927.11 1179.61 
9669.79 9603.52 
2409.32 1522.32 
2460.04 7588.11 
7527.4 2355.61 
7816.49 9327.92 
69.6762 5376.18 
7511.1 5007.91 
268.813 9926.12 
5517.48 111.929 
8464.91 8998.95 
2923.85 447.107 
8434.34 4926.69 
922.833 88.0965 
5126.75 8611.08 
4308.52 3053.84 
9790.69 3978.3 
2657.35 2200 
5500.62 5117.39 
9788.11 3028 
7473 7604.58 
2355.91 7542.67 
2980.74 9867.01 
2550.57 3249.55 
9793.11 8068.05 
3361.48 8258 
7066.98 6285.33 
8705.1 5501.3 
1212 9627.94 
5589.39 6338.75 
8239 9897.92 
9392.59 8029.68 
3876.2 2049.92 
229.659 9376.81 
7167.31 17.7482 
2404.8 4640.29 
7622.32 4760.7 
2182.95 603.047 
4627.69 4733.52 
3852.6 4420.78 
2801.55 7214.08 
2678.76 9868.53 
3499.4 1383.85 
5369.81 4711.4 
1011.77 959.185 
1050.14 9250.77 
857.086 442.713 
7280.43 4733.28 
2492.64 7510.09 
4110.08 9659.95 
7527.84 6514.87 
4300.22 5150.15 
1275.56 6483.17 
5753.19 5903.25 
1216.67 9605.79 
324.019 4018.22 
6819.86 3002.78 
3886.73 319.235 
4386.63 9256.54 
5030.63 5398.4 
215.71 6080.77 
4649.16 1072.8 
6523.48 1929.57 
5806.08 9016.12 
9439.66 9916.16 
8676.05 6967.48 
6431.01 2976.26 
2117.61 7706.57 
9459.43 7870.8 
3609.81 676.087 
7476.58 3933.83 
4694.31 4296.42 
6936.61 8581.04 
4615.65 1323.23 
7837.57 9646.29 
6721.63 8053.28 
5727.04 1370.77 
9126.07 2250.51 
3300.34 4932.13 
1266.61 2739.98 
4848.27 9942.66 
9707.47 1279.27 
2918.9 1825.06 
8985.84 2378.32 
9695.87 2595.64 
3054.41 7172.43 
6529.46 7748.72 
1468.83 3466.06 
6329.74 6084.48 
4789.29 4167.29 
5730.75 1510.9 
2220.55 1457.78 
2881.66 1346.61 
3708.28 6182 
6278.74 4974.89 
8921.99 1127 
4917.54 8629.44 
2406.27 7836.44 
454.484 1392.09 
214.741 150.334 
3987.73 3269.15 
7322.76 517.176 
1017.84 8791.59 
3983.24 7347.59 
4876.06 8772.52 
1514.86 606.796 
283.401 3735.41 
2064.57 3165.07 
5082.02 5772.86 
9347.07 1360.75 
747.731 8269.04 
2487.75 5665.27 
6898.46 4894.02 
3501.69 7352.94 
6286.11 3716.43 
7503.28 273.824 
6985.58 4826.02 
791.001 8003.42 
3617.6 4774.24 
5350.99 8493.66 
3546.74 6865.85 
9100.46 3830.14 
601.25 1165.01 
6995.21 5683.27 
6937.87 6342.26 
7044.03 7685.6 
4611.28 9531.78 
3350.85 1509.73 
4425.78 6852.54 
8862.67 711.877 
568.952 6365.93 
985.701 7554.53 
1191.94 1776.7 
5557.93 4809.54 
6550.94 908.909 
3303.19 97.6627 
7774.76 2403.62 
3927.81 8376.01 
3568.64 922.997 
4059.27 506.488 
7265.26 1103.28 
8192.09 1876.52 
635.04 1542.92 
3386.25 5060.82 
8395.46 2248.9 
5772.7 8964.41 
8614.84 6758.4 
6518.92 9806.78 
8535.1 2076.84 
4616.3 5086.02 
2985.75 7919.49 
5183.68 760.494 
323.097 9111.49 
9136.51 3891.73 
34.4697 3195.76 
4398.22 7299.73 
4299.04 2590.29 
9176.25 4934.08 
4133.21 2562.49 
9994.9 2528.65 
4811.39 5767.58 
1493.04 3426.21 
2525.96 8011.96 
3232.97 1061.04 
88.7854 7849.27 
6147.07 3074.53 
5768.74 1330.73 
3835.03 6091.84 
442.204 2971.52 
9983.58 476.674 
6167.28 4381.78 
7776.4 466.298 
6972.07 6952.64 
5400.38 1105.27 
9515.12 5395.26 
3633.92 4326.49 
1162.82 5126.96 
7752.7 3688.78 
3138.91 985.657 
4749.83 3227.69 
8834.93 896.876 
6302.23 4603.66 
2227.61 137.235 
695.482 2669.81 
3108.75 679.041 
3146.49 9276.03 
5060.82 922.871 
9742.33 2032.88 
7875.51 5142.69 
3138.14 7390.61 
537.928 6772.06 
1717.09 1700.75 
1899 9469.79 
5389.53 5037.91 
455.433 139.345 
8265.6 9290.36 
1036.22 4567.81 
3894 3263.83 
4705.04 4589.49 
5933.64 7813.79 
5268.53 9080.13 
7089.81 329.331 
2.98373 6832.11 
2362.21 7878.49 
1974.78 5500.35 
5269.09 2512.71 
2272.39 6986.18 
4213.46 4171.4 
6455.95 9603 
9209.31 6911.39 
9742.34 7474.89 
6201.73 778.545 
2042.68 95.7198 
4042.38 6747.72 
4685.21 9976.02 
4561.5 9953.73 
9056.13 1651.28 
283.046 9059.11 
8483.4 2645.25 
6937.59 458.164 
8145.61 2206.66 
2970.88 417.984 
9192.84 7184.34 
4589.38 5648.78 
6787.32 3798.67 
2560.15 6529.64 
1273.54 8761.88 
7308.18 3316.22 
8857.6 1350.54 
63.9178 3542.79 
1326.54 4625.41 
3496.5 382.658 
6276.7 3779.55 
9441.77 4760.08 
6424.8 6379.35 
5218.24 4570.39 
8586 8189.12 
4988.38 7778.83 
5373.44 9577.76 
3427.58 2160.74 
3376.41 5987.73 
8690.37 4649.95 
4749.59 5998.54 
7966.17 3607.17 
7349.08 8030.08 
7149.96 8675.63 
2655.48 646.444 
9058.29 8932.18 
4425.99 8500.04 
3692.24 850.779 
4879.37 8910.48 
5421.17 3465.36 
7099.58 409.531 
1244.17 2473 
9987.29 4671.75 
4633.74 3363.68 
659.466 3324.09 
8013.63 5409.06 
9322.64 5979.78 
9016.23 6671.7 
4009.85 6166.17 
5347.32 6665.33 
6812.61 4405.59 
5597.49 1238.59 
2905.61 9289.72 
2089.37 7784.99 
8200.19 7510.54 
1250.33 5299.75 
7920.07 2494.5 
7772.75 7907.34 
7166.25 2406.47 
1271.01 7825.72 
5730.57 9284.64 
3234.76 5053.19 
5264.4 2250.97 
1724.87 9274.25 
8417.14 7072.19 
5939.56 5229.74 
1477.76 1537.03 
6468.33 4383.38 
826.733 8557.69 
2168.35 9026.92 
6068.22 3418.68 
4326.65 3988.27 
5913.18 2099.39 
1895.6 3079.41 
4505.86 3166.61 
905.117 236.41 
2451.23 4139.88 
5289.6 7715.63 
6390.85 7014.47 
6989.86 4807.97 
4086.64 2929.4 
37.6906 5564.4 
4466.43 6506.02 
9947.78 5293.16 
5063.69 2116.11 
4320.06 1131.9 
5534.79 8646.72 
5120.17 1447.95 
746.087 7015.77 
4527.36 5251.95 
182.355 5432.48 
5488.36 2633.58 
9572.35 777.936 
349.196 5963.19 
7792.4 7339.06 
771.138 1879.03 
268.442 808.829 
7443.43 4734.87 
7314.85 7391.2 
28.013 2378.52 
9507.31 4348.08 
3510.42 5042.08 
2994.77 8630.59 
6490.02 3740.86 
5646.34 1017.37 
8992.81 5828.69 
6449.85 4481.15 
8462.27 6022.19 
5259.09 8811.47 
1985.35 3051.47 
6150.51 2756.49 
4930.5 6418.95 
3565.32 2373.92 
1153.81 880.15 
9765.12 1181.82 
3258.67 9272.41 
5529.89 6769.09 
4314.47 8524.67 
5399.66 804.477 
2265.52 1045.98 
1821.85 1258.31 
6874.67 8271.69 
5739.46 5336.93 
4293.86 998.528 
4148.39 6279.22 
4050 298.88 
9035.71 8980.5 
6717.83 2601.01 
1354.41 7871.64 
3481.16 1119.51 
9053.46 6739.83 
391.901 4583.33 
3508.91 4706.37 
3107.99 8908.57 
5510.85 5373.5 
9954.56 7332.69 
6631.81 6829.21 
5604.37 2371.25 
2166.13 9898.23 
3369.78 6314.51 
6177.43 7419.78 
6613.39 5213.12 
6400.27 3331.21 
7814.13 7754.68 
1202.83 1295.27 
8874.19 256.27 
8035.11 9266.09 
4839.61 1544 
3972.44 7947.59 
452.554 9483.29 
3321.08 407.093 
6815.97 9952.89 
7236.31 2420.32 
2324.12 9402.43 
2318.54 5693.91 
5716.93 8495.97 
3113.67 2330.31 
3709.07 9513.94 
5661.51 1523.18 
7268.6 6864.34 
2818.46 6142.77 
7120.61 853.545 
5408.85 1960.2 
2397.54 9381.29 
9907.8 2850.1 
8864.56 3228.86 
3257.19 5680.51 
3181.73 493.479 
8100.83 5505.85 
9895.91 419.354 
1199.74 5612.82 
8915.32 4313.41 
7943.13 2624.37 
3827.34 3604.63 
4147.56 1095.92 
468.953 6966.01 
7238.69 7589.57 
7819.56 2647.52 
9549.77 217.084 
2028.8 9457.55 
3067.18 893.344 
2686.39 6324.37 
6573.86 5868.12 
6817.85 4674.68 
1373.96 6713.75 
5094.03 2573.7 
2326.56 4009.33 
6887.11 269.668 
6633.71 714.434 
3874.29 781.247 
1810.35 4343.25 
7747.26 9049.05 
1932.8 5566.8 
1696.56 1482.55 
5783.88 3725.35 
940.084 8851.07 
4618.7 3626.47 
5175.42 1192.54 
9494.59 1993.26 
5867.21 868.534 
8707 961.229 
3442.24 1033.54 
4970.56 329.333 
1303.21 1604.26 
1043.77 5177.51 
2385.5 2854.12 
9520.75 132.745 
1903.15 1453.53 
5699.54 3599.71 
2936.09 1483.41 
7325.06 3876.17 
334.46 1943.74 
7502.64 5509.88 
3136.28 6997.22 
7503.14 9003.49 
7865.75 6210.13 
9964.72 1307.97 
7243.67 4935.27 
1637.31 8546.88 
6539.52 2681.07 
3724.37 8925.02 
5535.19 3245.11 
9057.77 7438.35 
4698.64 4757.3 
1038.04 7634.73 
6240.71 8363.1 
1510.88 6575.17 
306.819 9013.52 
2085.03 3443.1 
6010.73 9588.17 
2446.57 3876.46 
5798.28 2411.27 
5184.44 3041.94 
7346.54 6821.74 
1588.8 3886.05 
9502.81 5313.17 
2811.05 5037.99 
8558.28 1868.81 
2476.32 3256.91 
6626.1 3514.36 
891.618 2866.79 
1877.44 2402.5 
9441.96 2184.26 
1416.01 1526.98 
5627.35 7426.73 
1115.14 8073.92 
1303.18 6913.42 
485.18 6487.62 
9955.36 7831.72 
3309.34 1544.14 
1717.75 2812.14 
6857.32 4528.81 
7850.13 5415.58 
6397.61 326.431 
8672.49 3023.7 
3840.79 9564.11 
5890.49 5718.23 
1966.59 5332.44 
7902.48 3382.59 
6859.42 3529.82 
809.31 7974.55 
1603.72 2112.49 
4887.96 2088.9 
8600.11 4843.3 
9920.63 1909.43 
6387.44 1638.36 
4721.57 3244.74 
6167.17 2571.68 
8660.33 2564.76 
2898.11 7332.8 
5588.46 6738.9 
6896.89 1478.94 
2457.11 8863.48 
6811.38 359.572 
2246.06 3670.78 
3889.39 3055.37 
1645.32 5493.11 
5167.86 6533.27 
7582.02 3767.95 
1376.55 7502.63 
5677.38 7763.99 
9140.99 398.927 
1008.72 5308.14 
2970.61 9669.04 
7872.9 5868.72 
7001.82 3461.34 
2607.6 3898.7 
4940.27 5064.71 
2762.16 1751.63 
5424.28 5008.22 
5422.41 9313.67 
8063.59 7067.73 
4806.77 3231.43 
3600.98 2388.77 
6999.38 4977.53 
9891.39 2676.74 
2741.51 9032.36 
3075.66 3750.23 
4340.48 6046.27 
3419.25 2213.36 
1914.97 421.06 
5674.7 4522.57 
4319.76 614.954 
9587.28 7081.92 
2366.59 5011.54 
2090.12 7789 
4325.2 153.696 
4856.71 9131.96 
3385.13 8457.69 
1520.71 384.487 
3435.21 1412.09 
3061.22 6176.72 
444.437 6136.89 
9926.95 4784.92 
2183.14 3346.18 
6998.28 4098.12 
3767.24 2672.96 
8620.69 8087 
3287.91 8207.95 
5168.91 5654.5 
3219.48 7259.03 
3443.48 7544.68 
7412.73 8300.19 
6676.62 797.835 
6757.87 8197.34 
1182.32 193.063 
9609.43 4243.55 
6369.78 53.8457 
380.417 6296.71 
4838.76 2563.56 
9642.9 1837.02 
6661.68 3410.12 
4509.98 5282.35 
1497.11 7797.9 
3490.28 6666.01 
3452.38 6709.76 
3925.03 6895.86 
4254.42 1337.73 
5196.04 931.027 
2135.57 1953.89 
9128.36 3317.89 
2146.95 8737.77 
7561.44 8516.74 
8791.62 7941.85 
