1200 2
3714.72 8040.81 
3673.83 1713.95 
9297.41 840.925 
6235.71 9544.6 
462.268 146.207 
2813.12 988.492 
6604.36 8497.28 
3594.28 7522.48 
6608.78 9207.96 
7128.03 3940.1 
1364.01 105.061 
9038.15 3317.24 
5358.44 6008.56 
8608.55 2134.76 
6882.1 3262.91 
8322.99 596.797 
1303.71 1996.81 
2310.75 601.101 
2837.74 8546.46 
145.686 3300 
8692.67 2958.81 
4288.5 5297.01 
1456.07 7882.78 
2819.47 8064.85 
7090.73 9947.5 
2004.93 8454.73 
52.5467 1043.07 
1771.96 5410.99 
7051.63 380.495 
7545.75 3933.71 
3643.41 5868.72 
4530.51 4947.12 
7865.54 6841.25 
5548.22 703.254 
5387.7 5693.91 
4003.26 4080.35 
8652.71 8291.75 
9377.36 108.761 
6174.52 2196.82 
8173.61 3265.23 
2144.3 178.524 
1719.94 2196.85 
1221.59 3491.9 
7607.83 8273.22 
3872.39 5153.57 
2206.91 7515.81 
1022.27 6737.42 
2462.91 8887.81 
3578.65 8011.12 
9591.06 8966.35 
3705.01 3594.3 
3046.68 2357.71 
1886.04 2424.03 
2466.47 8060.56 
4620.84 640.058 
1325.76 6765.14 
818.582 3045.7 
8961.99 2040.17 
6537.6 6569.81 
313.377 409.983 
1723.36 2520.29 
7925.79 2745.63 
9257.71 388.676 
1633.42 2836.34 
8399.8 1224.47 
1802.67 2104.8 
4818.77 4849.36 
4462.5 6704.81 
7273.38 6928.97 
4765.35 1894.21 
7569.03 6091.11 
8659.35 8387.61 
9136.82 7621.32 
427.767 5674.4 
4191.11 741.144 
6084.39 5914.47 
3261.43 4010.16 
8660.1 2519.12 
4398.83 293.502 
5355.46 2798.62 
1517.97 7158.14 
4903.41 6336.74 
2007.47 9365.92 
3041.53 9280.86 
6294.87 7806.87 
1175.04 3863.88 
3897.97 9834.39 
2251.48 3034.76 
7455.7 2679.24 
8709.17 1646.79 
3420.39 4793.54 
7561.26 6681.82 
8803.69 6221.35 
9200.94 3202.51 
6514.85 4556.39 
6001.13 8032.82 
1714.51 904.522 
4369.54 3721.98 
270.422 7411.06 
3002.82 6565.29 
5217.92 4177.86 
429.16 9115.88 
4012.24 2680.64 
2150.63 1467.92 
5359.88 859.783 
3114.71 8780.27 
5653.32 675.959 
5462.08 4456.99 
6897.3 4663 
7659.5 3412.14 
9219.39 3660.61 
1444.93 933.878 
4565.13 5814.47 
4655.86 4835.56 
3225.52 7658.68 
1400.83 8443.43 
1836.53 1829.99 
7559.3 5848.76 
4510.63 9709.93 
7316.68 9870.51 
569.7 431.379 
8650.77 6223.02 
1107.34 4112.82 
679.996 8004.64 
8775.82 8339.5 
1416.76 7995.2 
2000.09 2861.7 
8929.07 6565.23 
8676.17 3584.92 
1400.76 1901.66 
1243.58 2801.6 
345.08 3080.1 
4631.59 7904.38 
8928.87 9142.22 
7614.3 6245.53 
9012.71 8184 
6676.91 7663.46 
4407 7784.25 
1776.27 5087 
5788.88 552.075 
3426.48 7205.64 
8547.27 5426.57 
67.3156 7476.33 
1991.78 8743.48 
1061.22 3392.54 
645.126 2304.8 
6194.14 990.205 
5384.9 825.711 
8894.59 4313.75 
9967.93 6508.87 
559.269 8980.63 
4692.85 7236.18 
6644.07 9099.85 
5020.41 8420.34 
4186.84 809.274 
8972.41 7613.31 
8014.91 7519.67 
3039.87 8082.23 
4995.98 5031.65 
6825.69 6057.2 
8424.19 7470.82 
8362 4618.32 
8461.02 3746.89 
5444.03 7355.59 
8060.64 5411.94 
3864.44 8619.91 
4392.55 8557.3 
5856.08 1036.6 
7657.13 876.473 
9456.94 1843.95 
1685.75 8429.34 
9457.27 9700.66 
5948.99 2497.12 
7782.87 944.947 
7528.77 4608.54 
7002.15 5952.95 
2079.34 5364.13 
571.247 540.348 
9111.02 6015.27 
7895.94 7171.65 
1427.2 1760.37 
5791.54 5819.75 
317.647 1647.6 
6856.35 7974.78 
2524.07 6313.28 
9818.73 4209.82 
4742.6 9275.98 
3910.46 691.568 
1773.09 1693.31 
1636.51 9301.86 
6301.86 8638.66 
5254.79 8381.2 
4002.78 5826.03 
8921.55 3113.78 
1841.29 6817.47 
285.41 3268.49 
8577.84 6076.95 
9088.24 8895.48 
7724.55 5944.57 
6870.25 248.6 
2257.83 6688.96 
4458.42 7000.43 
5964.93 8368.88 
7692 7738.02 
62.1747 9328.51 
7039.86 6364.03 
7967.16 2294.63 
4745.21 1969.92 
8120.66 3666.75 
5083.7 9961.96 
484.199 5369.11 
3230.43 9062.04 
1446.04 2318.65 
7957.5 9170.59 
8263.22 4827.73 
9419.19 521.036 
1516.68 3877.59 
7521.46 7481.61 
2246.45 5213.44 
5219.61 2308.62 
4541.94 2259.45 
8672.66 2509.07 
4554.08 3417.85 
4478.99 2674.73 
7084.6 9562.69 
2636.67 7568.8 
4931.78 5867.1 
6630.82 6377.82 
8185.75 4588.3 
5548.39 6448.95 
9416.03 4967.56 
6969.99 932.697 
8845.15 4491.44 
8414.31 1091.58 
9704.88 3633.9 
3400.21 4246.8 
5893.36 2072.85 
6755.87 447.426 
5490.7 1234.85 
3122.16 2575.28 
797.52 5758.83 
144.065 5729.3 
1625.91 6774.88 
2107.1 9811.65 
1363.17 7655.49 
6260.59 779.184 
2623.03 3230.56 
1711.88 1468.17 
7722 126.172 
2559.75 7426.86 
3760.08 5959.95 
1673.65 9653.43 
8032.8 8429.52 
100.843 3523.48 
9664.37 3223 
6098.77 461.872 
8981.82 6242.83 
6191.17 607.713 
3017.7 8298.27 
419.349 4380.86 
5953.75 6679.94 
5160.05 8576.78 
9910.5 6871.93 
44.9322 7632.48 
6998.1 2604.68 
5059.33 758.16 
8564.63 6732.98 
411.577 6597.42 
5162.48 512.421 
120.885 4826.83 
3735.42 6219.65 
5288.7 2717.23 
2462.47 1479.86 
3324.94 5480.17 
9778.13 3744.29 
9861.03 5731.87 
424.212 5021.06 
4308.63 334.697 
1892.97 4353.56 
7967.18 8891.07 
6958.24 3026.5 
9649.23 5522.86 
9759.47 60.7933 
2120.26 4921.94 
573.214 2241.15 
9748.77 4308.63 
8460.8 5037.46 
7025.86 923.251 
6517.32 350.786 
6403.42 6295.43 
4095.08 6264.43 
2027.28 4519.29 
1285.47 6335.91 
4853.98 3178.44 
689.459 2821.15 
2069.5 7647.7 
5847.64 1718.72 
3170.55 5607.1 
1779.51 5290.81 
529.02 2352.72 
7531.96 277.772 
6661.36 5992.74 
5315.23 3687.2 
6915.99 1832.53 
4037.99 3319.39 
8127.96 8133.06 
9583.82 155.227 
2652.33 869.274 
6491.14 7506.32 
4047.72 7180.6 
327.45 6117.22 
4828.28 6175.09 
7835.93 7998.83 
1782.18 9615.44 
3289.62 2311.2 
1968.15 821.564 
2588.97 8629.5 
6814.3 7904.2 
2316.69 3730.28 
9736.73 6354.68 
7049.67 7864.67 
4487.72 6633.47 
8019.9 7140.06 
7502.75 4511.02 
4646.36 1550.45 
1691.6 4973.81 
7667.66 6519.89 
1148.89 5503.58 
4518.7 2931.06 
5119 7808.33 
5242.26 7087.15 
8629.89 7831.23 
5716.64 5444.18 
5735.42 8033.33 
9174.46 5472.13 
4387.99 6224.11 
3336.78 8875.71 
2857.57 1356.66 
6015.75 360.294 
5867.69 662.09 
1910.74 7559.29 
5635.9 9578.4 
4079.16 6784.78 
5081.96 8597.87 
9715.85 200.949 
6406.18 4958.09 
7288.1 5036.05 
2789.31 3004.72 
480.214 8524.72 
1038.03 9654.67 
3996.83 5426.01 
5878.76 7333.61 
4301.7 8736.33 
8690.28 317.436 
9096.62 4557.95 
979.525 1007.35 
2117.22 6615.42 
585.731 6196.38 
3400.19 5667.69 
4794.23 3116.02 
5868.64 1200.4 
8074.11 3156.73 
6236.45 863.401 
6161.44 6716.66 
9388.12 7199.47 
6371.32 3384.94 
2625.47 2250.06 
718.536 6927.17 
986.376 9408.81 
7244.6 82.9825 
3966.74 8224.13 
1090.33 6083.97 
4839.54 1676.06 
2280.33 8239.72 
7343.75 7074.57 
1355.73 3212.38 
8274.96 9429.84 
6369.11 4511.39 
293.22 2530.53 
1228.04 9681.34 
9730 7599.35 
3066.27 2355.45 
9849.42 3784.8 
9282.62 835.776 
3193.6 6527.21 
918.758 7160.35 
4751.33 2009.09 
3244.3 9590.86 
3685.15 5524.63 
7830.57 1028.88 
2599.18 9186.29 
4241.27 874.128 
8616.11 610.357 
5385.52 8909.33 
3140.89 6613.56 
8590.66 2870.88 
4212.9 1656.91 
5226.33 4062.3 
5441.72 4508.94 
4898.07 8635.32 
1036.14 5816.83 
5795.65 5787.46 
7825.92 9039.94 
5378.31 1511.05 
4564.55 3208.86 
2539.93 7163.74 
2395.14 6781.19 
8037.86 1011.23 
7391.55 3423.37 
9920.57 532.427 
36.912 8511.21 
3403.31 4249.81 
168.108 8629.64 
8312.1 5609.82 
3138.57 3210.16 
4245.12 4174.7 
9026.99 40.7544 
9962.16 6852.89 
9080.7 5340.45 
8363.93 3645.23 
8549.31 903.843 
808.953 944.43 
7685.04 8846.82 
1955.66 5076.57 
2270.17 1876.21 
5609 2307.08 
387.409 9012.31 
6556.89 555.517 
7641.93 4868.98 
6165.34 780.482 
8079.13 410.449 
4955.18 7106.1 
451.203 4917.33 
3958.97 9531.9 
257.764 2322.88 
3177.12 8807.07 
3226.73 3986.07 
9751.5 911.748 
2832.87 1707.15 
5988.32 5103.04 
3583.36 1597.31 
7410.12 3970.77 
609.597 3966.99 
4526.29 8251.53 
8835.97 691.613 
9032.01 6915.09 
1102.06 3987.18 
4021.17 1553.27 
8904.51 7980.14 
1085.15 9162.27 
303.011 4262.27 
7969.33 3529.74 
8248.33 7720.81 
4441.49 1081.19 
9427.96 429.792 
6184.23 3011.31 
2027.1 3594.33 
6982.08 2636.69 
7561.33 1508.36 
888.207 6397.28 
2199.97 9920.22 
3312.35 3302.03 
3907.38 7333.52 
4855.3 2811.87 
5313.65 5940.44 
1974.12 5616.66 
202.693 9943.45 
9146.4 8451.03 
7664.25 3587.87 
9532.22 7092.19 
4017.66 5716.43 
103.489 6044.75 
9310.76 7085.57 
8681.45 6872.07 
8593.93 9569.66 
3269.33 793.882 
9489.86 6581.68 
4095.91 3397.22 
3915.18 8951.21 
6209.09 9228.83 
4891.64 8183.21 
4845.47 5094.33 
8126.64 3991.85 
3545.34 5790.87 
7579.71 3077.54 
2883.04 1597.36 
8793.97 2986.53 
7642.11 8104.72 
72.0896 6323.54 
4976.77 8666.02 
5893.18 8246.1 
9459.9 5383.02 
4827.76 3555.8 
8780.24 8742.95 
2506.99 4989.31 
7971.76 7398.63 
3172.5 2817.21 
2492.94 1299.12 
6809.06 6038.29 
7089.98 4388.76 
9115.83 9973.03 
5986.11 7909.79 
2959.54 3628.21 
6014.48 3031.63 
9951.75 991.236 
1697.64 5844.91 
9237.34 1157.52 
1227.92 4065.08 
4713.32 8.1403 
2808.01 7220.31 
4997.45 779.757 
4618.92 8169.94 
3596.97 7111.86 
9469.06 406.012 
3150.14 6559.03 
4794.77 2265.95 
6532.04 780.867 
175.718 9491.58 
4409.08 6190.2 
2523.2 4360.81 
7181.44 4220.83 
205.707 6418.76 
5378.35 1433.63 
483.825 91.6529 
1441.77 3291.84 
7311.96 6439.21 
4071.6 1930.86 
4609.14 7668.56 
9042.73 4078.18 
8074.58 2192.85 
637.191 2869.33 
4458.8 7169.23 
3650.2 4634.51 
6660.79 8059.27 
824.699 9183.99 
2420.06 8006.14 
3404.8 2625.77 
4424.88 8783.16 
4059.4 4908.7 
8874.81 5501.16 
8200.54 6186.75 
1940.36 2272.12 
8117.62 6549.5 
9940.69 7160.33 
627.662 8015.25 
9353.18 1264.85 
884.558 3811.96 
8434.08 4534.76 
8446.47 5094.86 
2594.01 9271.17 
4278.83 5014.08 
7277.29 7683.63 
7639.85 1702.15 
6466.77 1699.22 
6610.85 5341.57 
7200.39 4811.38 
1528.31 9140.74 
7083.5 9645.92 
5690.22 7024.17 
6806.24 6317.89 
5039.4 6159.4 
7582.74 5923.96 
9971.35 6016.8 
458.694 8417.81 
1111.64 3052.7 
7688.96 5390.47 
8066.78 4966.23 
3074.09 5706.61 
6668.38 9540.87 
7405.83 3279.21 
4882.42 4606.2 
8090.59 6410.72 
3746.93 5174.07 
6056.63 9437.15 
2198.22 2862.85 
5755.02 7237.62 
9022.25 3337.75 
3161.56 8993.58 
9354.55 3620.25 
7411.37 466.18 
6672.96 5100.31 
5856.65 4739.72 
66.5213 8930.74 
446.312 6734.9 
8471.59 7852.15 
14.0946 3353.99 
2458.33 8104.69 
9764.71 6205.26 
3278.74 5821.32 
5642.4 5476.97 
8684.17 1397.41 
2714.57 7706.4 
4735.15 5876.13 
6699.97 4089.69 
9496.38 4111.32 
4555.87 6169.33 
9211.63 412.505 
909.029 9278.15 
9343.25 1355.34 
6013.04 7814.82 
9207.49 6027.13 
1168.8 1665.8 
4131.8 933.494 
7871.06 7410.54 
6754.82 3513.44 
2887.49 5438.98 
4910.85 5602.06 
3145.36 9646 
1478.18 9845.33 
3735.68 974.542 
3956.64 8291.54 
7143.87 3168.26 
8704.05 8052.9 
2446.39 8047.28 
9408.24 8459.43 
5862.09 8615.71 
4486.54 7030.89 
281.493 8618.34 
7964.38 8152.56 
6028.87 4719.18 
1665.98 8916.36 
158.14 6576.83 
4518.4 3303.5 
6222.82 5996.58 
3148.82 9958.5 
6971.12 7105.46 
8250.03 4114.97 
273.697 6954.06 
2167.85 2720.09 
5001.32 1576.08 
1179.5 863.392 
191.767 5666.05 
7894.28 473.261 
4284.38 5858.64 
8625.82 313.228 
577.803 291.784 
9229.59 735.943 
6868.62 3747.97 
4039.45 3091.42 
9744.55 7188.26 
3049.9 6715.66 
4293.71 1299.91 
830.616 4567.4 
8253.97 2998.47 
7287.49 3255.27 
4574.54 8467 
4118.67 4766.31 
4133.03 2012.93 
5239.57 8417.4 
7871.57 3865.37 
8730.63 8449.37 
4157.16 7960.2 
9185.31 1025.76 
1708.16 3224.74 
4117.18 1452.7 
412.987 7167.08 
8168.36 4706.69 
8467 8998.97 
9274.09 6720.95 
1997.42 6561.57 
9976.22 6571.97 
5028.55 4094.87 
1338.26 9161.58 
6107.8 6577.84 
7578.96 3979.35 
443.19 6309.58 
2428.7 4600.35 
4269.76 1613.99 
5626.1 5977.92 
4838.73 9743.28 
7430.62 5251.72 
6910.35 5598.96 
9958.41 5377.33 
4597.91 9232.49 
2098.26 6595.33 
5794.04 2074.46 
3167.29 822.574 
6169.33 4505.55 
9984.15 2277.11 
1083.37 7563.1 
6256.46 1526.56 
3872.66 8685.16 
6126.9 8142.42 
299.13 1752.99 
4120.32 5137.86 
1496.25 1550.92 
389.563 8406.6 
7149.87 347.958 
3783.91 1747.77 
9580.45 5882.17 
8343.1 5374.47 
7956.63 1510.37 
6197.05 4125.95 
6015.92 6181.18 
6403.06 7099.29 
3744.26 2659.51 
8625.85 7616.91 
1344.64 4752.73 
5759.31 1643.77 
6505.72 9879.63 
6781.63 8001.97 
1430.53 7171.2 
6408.56 8580.41 
7519.16 192.455 
328.155 7099.59 
6074.63 8671.26 
2474.04 4031.24 
181.61 8671.09 
8157.2 6197.53 
4852.25 4560.24 
3296.8 8596.51 
7219.75 1922.63 
6213.41 8564.39 
6675.36 1972.71 
208.149 3181.06 
1852.32 6989.78 
1183.02 3282.85 
4160.96 7591.58 
1863.24 1680.1 
7784.04 2191.4 
8779.69 3858.65 
862.637 1253.72 
7889.89 1044.25 
9924.81 6047.07 
7241.78 4777.04 
607.296 538.561 
3373.54 7827.04 
2461.19 9586.94 
6391.42 9136.55 
1559.63 6599.57 
2317.6 3411.95 
3589.33 3500.62 
6694.8 7750.3 
1092.18 8558.05 
9430.4 8876.22 
749.426 8210.08 
2734.85 1612.06 
9463.79 624.725 
2656.31 9388.58 
6671.79 9898.09 
4165.6 7279.09 
436.631 7539.14 
5106.12 2897.82 
7126.06 1497.52 
2034.36 8685.7 
8097.09 4351.95 
2097.63 1686.41 
7852.57 8792.44 
9436.71 8944.76 
7350.46 8867.09 
7820.96 8099.89 
7077.15 555.798 
9711.95 6540.92 
1180.52 2368.25 
5929.49 7852.32 
2266.32 95.0724 
5131.39 2702.95 
7634.21 237.492 
5600.77 4760.26 
1735.01 7635.12 
3445.94 9832.1 
1987.06 5543.57 
1518.49 9839.64 
4335.99 955.183 
8784.38 1686.44 
9822.27 6605.33 
9786.33 6899.41 
7161.12 9498.27 
3440.31 8341.65 
1866.5 9369.8 
6193.95 4132.81 
9464.87 1325.32 
6835.76 7099.07 
1562.81 2436.51 
1859.31 3297.82 
71.6181 5305.25 
3129.91 2058.68 
848.8 4648.4 
1898.3 5184.79 
5603.59 682.662 
6871.23 5425.85 
7287.99 6657.54 
2325.24 4449.1 
6155.79 5765.55 
2790.73 8022.28 
5135.33 8984.67 
2155.08 4600.19 
309.974 8990.84 
1699.24 1872.79 
1427.33 3558.55 
5170.61 1498.95 
8863.79 8300.52 
3557.63 9712.59 
2948.91 5455.93 
4897.37 8552.49 
6138.59 1768.58 
3978.32 3426.56 
8426.12 6303.56 
7875.66 4581.89 
2069.09 666.367 
2604.16 7204.42 
9651.04 4759.24 
1804.6 9961.01 
3750.06 3503.84 
1833.78 5177.39 
7062.39 7004.39 
6676.34 5926.16 
5304.89 233.956 
5638.74 8253.8 
5689.89 536.093 
6806.28 1828.46 
2304.67 784.584 
5255.02 730.776 
7088.14 3130.67 
5312.67 9157.23 
3797.03 7916.83 
6361.64 3448.05 
2676.05 8166.24 
3409.05 6426.11 
1670.06 5242.83 
1603.49 8732.44 
2247.21 8279.83 
4658.59 7552.1 
8513.78 297.315 
5805.88 4203.65 
833.408 2612.15 
6032.11 3138.08 
3396.73 1287.12 
3868.86 484.857 
4417.79 9181.52 
9642.09 8214.82 
7098.33 6003.71 
1662.86 9774.38 
4169.94 5071.91 
6200.48 5839.99 
314.722 7803.96 
4572.42 2561.93 
6083.77 9231.01 
114.012 4597.54 
9528.33 5919.9 
8801.19 361.72 
8532.04 4833.29 
3499.8 1928.76 
6120.41 7368.66 
2413.62 538.176 
6550.16 2055.69 
8752.99 3648.48 
8059.4 415.834 
3422.85 2229.32 
5487.74 9623.33 
8069.32 5802.46 
7427.27 2641.72 
8364.39 3511.03 
1872.72 8478.4 
8108.57 1401.03 
4398.28 6909.75 
1762.75 2930.31 
1743.02 5262.55 
4859.07 7863.42 
2631.19 7272.68 
8401.6 9181.35 
9328.37 7154.58 
2829.82 7387.76 
7570.41 6252.67 
9617.08 3058.14 
5875.98 7686.38 
8860.6 3303.24 
328.08 7224.98 
6814.27 2200.8 
5703.36 4922.82 
3601.82 101.629 
1832.55 5364.57 
3031.94 3575.56 
627.103 7891.01 
1438.97 3258.29 
5163.68 9840.57 
2439.63 4492.03 
6995.13 5269.45 
1879.77 4565.52 
1522.1 1496.83 
7623.66 7398.08 
9183.21 6484.25 
701.297 9511.29 
3709.2 7515.56 
1712.07 9412.57 
2438.36 5313.9 
9514.2 4270.91 
678.45 2546.12 
7846.47 1305.55 
437.11 9285.44 
4563.84 5600.79 
9125.99 7003.47 
92.802 6121.1 
2272.9 1972.57 
686.613 3795 
3469.41 8310.27 
1193.06 2652.6 
4794.5 1894.36 
2163.88 8503.71 
9409.92 3875.95 
7916.26 1848.27 
9189.85 7430.43 
6119.18 9868.3 
9976.55 3965.63 
1173.83 413.645 
3251.05 5737.68 
6014.43 2377.03 
2741.13 6107.23 
8498.13 5014.03 
8079.81 9184.74 
8809.03 1549.2 
7495 2.07925 
4201.81 2289.49 
1896.44 6365.68 
793.177 1306.34 
241.618 8709.43 
3154.61 9431.46 
6139.85 9273.79 
9299.74 6116.38 
3239.4 473.56 
6530.03 6490.46 
6211.24 2544.44 
8867.48 8952.37 
8651.68 7365.6 
3966.38 6731.47 
6550.33 2775.4 
8280.67 4045.31 
2777.48 2482.46 
6334.8 4673.92 
8848.14 7127.97 
5980.26 9089.76 
5837.39 9134.88 
8521.21 1977.22 
8408.65 7820.94 
8093.6 1648.04 
8294.49 4623.61 
8138.49 4505.71 
7168.06 7005.96 
3458.07 5819.72 
4371.54 7424.45 
2551.17 921.845 
199.834 831.823 
4967.15 2977.31 
3314.28 1301.94 
7651.23 2162.41 
8429.91 3631.48 
1252.15 4267.28 
2766.34 9773.36 
6244.5 1174.98 
7594.28 4338.09 
2823.01 5888.75 
8961.71 961.485 
394.45 6129.75 
7967.44 3852.52 
1949.45 2338.96 
1276.95 4500.62 
3260.81 1476.78 
5332.44 8227.96 
4454.1 8646.72 
9529.9 2105.32 
809.112 7959.79 
5736.8 2061.26 
2227.06 8503.14 
1834.6 8471.56 
9678.12 9428.88 
2809.63 2501.11 
5317.61 1771.32 
3462.6 5712.07 
7901.07 1430.02 
9564.58 9850.52 
3768.98 841.514 
4351.12 7029.79 
2318.3 9683.56 
5257.73 6772.4 
8330.26 4787.61 
8877.71 9139.38 
2747.39 4614.5 
1200.62 4974.44 
3117.62 3035.22 
3445.98 2795.72 
2464.09 6255.62 
5296.83 7781.7 
8026.94 8759.42 
3493.75 5927.99 
189.428 3058.31 
5778.49 3958.41 
3899.83 129.592 
988.183 6218.13 
9813.15 6245.92 
2990.51 8143.4 
1033.51 1868.2 
7282.76 3780.9 
6482.7 8483.38 
8755.34 9600.32 
1518.58 2201.31 
2396.02 3982.67 
8456.92 7692.85 
1764.35 6483.84 
6452.26 5258.1 
2411.82 6641.69 
8316.42 8190.31 
600.079 2216.23 
8319.9 1588.26 
8434.36 8133.04 
7834.18 1424.85 
6276.42 8867.69 
3293.05 3559.15 
2648.57 9775.75 
2042.51 1403.9 
9376.06 3561.1 
3605.2 1772.06 
7543.77 2062.11 
9464.91 9308.12 
8545.95 5917.15 
4566.21 957.752 
2558.82 2882.61 
9148.06 3158.9 
5098.84 7467.95 
4747.16 3533.18 
5600.97 2581.32 
4958.03 1877.37 
1449 8251.08 
5436.52 4097.57 
8026.82 7479.03 
5501.47 7402.86 
1040.11 9106.67 
9174.92 8583.88 
1168.76 8639.81 
7891.98 9714.71 
4556.94 2458.17 
672.444 7115.76 
5340.78 9820.51 
274.641 439.605 
7288.44 5021.8 
3972.79 2889.39 
7603.12 8930.82 
4766.76 9052.12 
7181.88 203.261 
3149.68 5208.68 
7682.3 8651.14 
2611.52 8722.41 
7757.8 1786.43 
7306.27 8926.55 
426.218 5198.24 
8641.25 4983.16 
7656.41 9313.69 
2098.9 2997.17 
9134.18 2373.55 
3436.78 6422.6 
7395.35 7409.56 
9311.99 4998.45 
6340.36 4078.73 
4050.56 3522.23 
4281.99 7200.23 
8730.91 1964.27 
5851.36 1342.42 
686.662 3609.14 
3128.84 7992.93 
2535.68 3555.06 
3191.15 1176.9 
8538.22 847.545 
490.576 637.11 
3844.72 9624.76 
3010.66 7281.5 
6047.34 405.984 
4691.05 5359.31 
5404.44 1031.39 
9438.04 9454.99 
4553.62 3720.02 
6655.21 3284.51 
5684.29 2506.55 
4626.93 6370.95 
6115.69 7755.77 
4363.87 8651.37 
1310.82 7555.02 
9828.27 9849.04 
8402.57 318.829 
486.133 2247.27 
9943.58 3496.79 
9528.77 5990.91 
3902.77 4219.8 
1350.2 9307.21 
5251.19 788.23 
8762.18 9804.81 
4508.25 5417.38 
3089.3 192.521 
7923.93 7716.23 
6563.47 4039.6 
5471.99 927.321 
2690.95 6782.81 
8482.34 2519.2 
6631.83 6884.89 
2838.03 7117.96 
9132.16 2781.6 
614.733 8660.91 
8772.51 4517.51 
2880.69 122.691 
3824.7 8131.88 
910.921 2586.86 
7936.67 5419.17 
8004.24 1025.95 
5611.69 5928.15 
8742.19 2175.14 
9967.75 4214.16 
3102.47 2658.69 
996.95 1584.79 
5177.89 7628.78 
8469.68 8015.92 
4746.73 7601.82 
797.503 5361.46 
6262.71 9570.01 
9878.96 9143.39 
9692.7 3703.64 
7275.25 603.604 
6290.51 5211.9 
6022.77 4294.73 
6237.86 1634.45 
222.866 4980.03 
3809.59 190.602 
9194.19 6912.06 
2849.29 191.124 
8496.84 8027.18 
7819.9 6966.51 
6043.08 2566.61 
4568.31 6840.58 
7928.07 830.998 
6410.58 7807.02 
9974.39 6103.26 
1510.64 7249.63 
6706.86 7801.15 
2461.52 2729.62 
2095.87 8699.38 
4364.06 2318.73 
3679.39 8173.65 
2509.33 2873.56 
5085.69 5358.62 
3064.69 3582.52 
3385.78 884.575 
549.011 9428.86 
3451.19 5117.32 
6269.43 1379.24 
5948.32 2679.99 
9186.26 5922.69 
8783.25 696.883 
3172.3 5490.1 
8498.03 5633.82 
8219.72 593.883 
4333.18 2583.76 
2912.61 8012.57 
757.402 5421.95 
886.121 5843.1 
780.549 3950.81 
9425.62 4166.33 
4835.38 9974.63 
3595.18 8286.57 
5091.93 9864.61 
9665.81 1040.23 
2544.58 8852.05 
6962.92 1327.82 
9548.93 135.207 
6817.92 8046.95 
5769.03 5037.62 
8640.83 102.196 
7621.38 1553.43 
8114.77 8378.78 
6975.38 9000.89 
4221.86 7755.93 
2951.68 3647.46 
1922.24 7787.07 
3622.07 5517.42 
6073.62 8714 
5382.01 5739.41 
9754.23 7926.59 
4591.45 6717.13 
9254.41 4140.36 
6852.34 6072.31 
2187.3 2621.35 
1109.91 828.115 
2723.55 8731.29 
2381.55 838.3 
7110.05 9356.92 
9839.19 1331.9 
7112.83 2790.86 
4979.36 9035.07 
577.905 8601.43 
4552.47 6651.52 
7315.41 9934.48 
2390.92 7069.62 
7861.05 6982.37 
3786.74 7115.44 
1122.71 639.056 
3187.74 3310.01 
3260.41 4297.64 
4138.12 5983.95 
3028.91 6519.67 
6822.25 138.948 
5876.57 6661.43 
1470.84 2989.39 
9452.28 6450.2 
2024.44 30.1718 
