1500 2
3481.93 2605.2 
8143.81 4212.43 
9507.33 6346.78 
4886.82 6855.38 
8384.23 5619.96 
3304.71 2922.24 
2324.56 8742.68 
6698.94 8409.49 
3078.18 8452.43 
5634.73 7105.74 
9247.36 532.623 
9703.09 7773.09 
2582.22 4178.12 
1903.97 8050.3 
8346.77 5051.34 
5348.11 1828.69 
7656.54 3491.91 
6041.11 7163.85 
9838.69 927.92 
4019.21 8222.9 
6547.88 7323.93 
1145.12 8872.44 
6066.59 7844.06 
7281.91 9144.78 
6296.47 2916.62 
6250.5 5543.81 
3449.24 5953.58 
3316.89 6031.46 
131.676 5220.85 
4081.74 8478.45 
272.18 9429.85 
307.119 7928.73 
2921.74 6348.23 
5092.56 2760.41 
7276.15 9111.78 
983.29 3824.01 
6435.69 2128.41 
2696.43 2502.27 
9972.48 9978.34 
1647.03 6268.93 
2894.94 7897.53 
1812.73 6344.18 
3851.09 5129.61 
2375.62 3982.76 
350.449 6457.36 
2461.2 622.63 
5887.19 2768.31 
8551.35 8808.93 
9116.55 3643.9 
1569.31 6392.68 
2755.66 2552.6 
216.675 9191.35 
4681.02 2913.11 
1693.6 4653.48 
2891.43 3340.62 
922.387 5786.36 
1238.13 2735.11 
2130.52 5089.22 
7864.72 4506.14 
9071.98 8215.17 
963.483 1533.16 
8837.8 6850.67 
4301.47 7389.14 
5659.58 3418 
1033.02 7228.89 
9810.68 3788.68 
9781.5 27.3424 
2980.01 4462.5 
2940.45 4673.61 
9115.97 5831.87 
8014.23 38.3429 
1618.22 9252.37 
2773.46 3748.74 
4341.57 638.164 
8254.88 3413.53 
8853.34 9218.37 
4946.69 7691.12 
6069.02 9248.17 
5080.25 1728.58 
2666.15 6113.27 
8957.48 2476.82 
9901.96 8738.96 
2504.16 2881.95 
3201.44 5444.61 
7555.56 2317.39 
1276.47 5569.78 
2355.74 2894.68 
4822.13 5129.19 
6643.43 9163.7 
5767.36 4898.29 
2577.21 4620.68 
4116.64 7523.9 
2311.79 185.646 
6772.05 7392.04 
1914.23 9438.2 
3505.29 871.692 
1915.01 3407.23 
9610.65 4419.17 
6289.19 2812.07 
9863.78 3844.73 
5129.47 1140.22 
9414.51 7485.2 
4034.91 4236.62 
2614.38 678.317 
3400.3 8381.74 
5576.61 5977.51 
3002.4 9693.25 
3501.4 5314.19 
9878.9 273.433 
2706.21 1793.11 
9711.64 6211.5 
2664.8 1626.63 
9618.74 2275.44 
6045.79 5907.9 
5087.51 5909.55 
9752.64 216.959 
7049.78 9167.13 
7702.16 1084.67 
3403.73 316.527 
1762.98 6804.03 
8698.27 7339.59 
2781.52 1700.65 
7032.83 6282.92 
7014.84 6911.71 
6556.35 9721.05 
8704.82 6267.98 
5932.54 1369.61 
7894.6 5551.26 
3645.04 3940.38 
1459.14 8732.55 
9849.93 1211.76 
8949.51 6899.69 
378.872 6651.66 
7984.35 3782.6 
6968.18 9747.34 
586.615 5666.43 
7086.91 3368.14 
7367.08 4119.72 
9651.06 4381.91 
1031.41 6207.4 
4102.94 9736.23 
2475.36 35.4587 
1105.82 369.939 
5586.71 4750.86 
4310.31 7045.86 
3483.4 4160.22 
8257.62 2432.89 
1059.89 8636.49 
9084.55 9044.25 
2419.08 6052.71 
8791.57 3005.69 
1719.13 5878.46 
6373.83 9086.21 
9998.19 6024.87 
3468.1 1029.58 
2232.25 7571.04 
765.799 4707.61 
7606.5 1871.62 
5077.55 3193.2 
6622.48 9387.86 
239.04 105.862 
3548.07 8496.66 
2538.75 4607.96 
7133.13 1623.28 
3652.19 9552.21 
7676 2443.74 
2557.88 9395.13 
8322.2 8931.71 
8481.33 8320.37 
4956.57 1949.41 
9349.96 7188.82 
9520.46 115.739 
1896.41 7126.94 
1987.36 6973.96 
320.126 8609.84 
6361.8 559.166 
8715.7 9909.87 
9055.82 1254.44 
4517.81 6188.94 
2877.72 8170.01 
5741.13 553.703 
613.73 8299.02 
9948.83 8935.93 
7230.71 8430.14 
7256.29 2187.27 
379.534 6606.23 
9376.09 9899.99 
6721.97 1272.48 
7026.92 8709.33 
8246.44 7347.04 
7319.15 4608.23 
7906.21 6034.84 
4518.08 6962.02 
7289.28 9035.9 
3150.94 166.985 
7205.89 8892.07 
720.688 7819.62 
7191.07 669.502 
6755.53 4421.77 
9099.64 4011.81 
6609.04 9479.17 
618.024 5985.11 
9379.15 7339.99 
7257.6 6406.05 
6049.31 5504.02 
3753.07 3368.44 
112.234 1659.26 
9403.28 4630.32 
8621.28 6692.55 
3666.2 1772.2 
6859.53 872.066 
664.257 7580.22 
8691.68 7855.33 
8249.72 5447.2 
2277.09 7349.35 
9459.01 8886.12 
6828.5 77.0152 
4871.22 6207.63 
7417.01 2128.8 
2613.66 3466.3 
7632.82 6366.73 
6834.74 7745.05 
8026 6238.01 
2375.35 6647.26 
2930.54 6041.55 
8419.46 9790.07 
6913.62 9083.71 
7370.28 5605.28 
6939.03 5619.98 
1052.46 9216.11 
2969.31 511.456 
8102.22 9797.81 
588.471 2973.42 
6005.43 8005.48 
5102.22 8619.09 
1471.76 2735.02 
4985.8 8306.51 
480.061 3011.78 
4544.5 2855.42 
9659.04 7475.04 
8896.97 8078.48 
7265.1 5810.56 
7162.18 4635.36 
1415.83 4101.19 
255.325 2468.29 
3317.29 3224.64 
2979.75 1419.49 
3022.43 3568.22 
4392.91 9027.86 
1573.68 9495.13 
7646.93 3045.45 
2230.14 2632.71 
1351.94 2710.2 
5644.49 5896.44 
5565.62 5303.51 
3371.46 4462.56 
3381.98 636.545 
273.113 544.135 
5271.9 1688.94 
4645.32 5527.23 
4157.24 7962.61 
8751.87 7136.99 
9382.1 1774.28 
705.189 3775 
802.12 2278.87 
3270.11 8449.05 
5324.32 5500.25 
1081.74 6676.26 
8210.45 6726.24 
2572.68 3776.05 
2029.73 5944.14 
8238.62 5411.71 
6580.69 8511.73 
5955.84 1852.57 
200.655 601.15 
7379.8 4357.89 
8563.76 6131.65 
1494.86 7945.84 
7905.93 2200.05 
1720.82 8708.05 
4478.92 4990.93 
7157.08 9803.24 
491.167 8238.83 
6479.48 8701.62 
4965.04 9052.16 
2477.65 6994.78 
4996.29 716.254 
2406.47 1576.95 
9227.98 8362.31 
3429.53 9428.64 
8963.46 809.314 
3786.51 7527.2 
6940.97 5281.37 
5473.03 4846.88 
7481.42 7193.85 
3554.92 1960.33 
2184.77 711.981 
1763.55 2675.93 
8950.81 8243.03 
1377.54 3915.84 
7295.18 3855.19 
910.595 2291.44 
4571.44 3317.06 
3868.4 3799.41 
1679.36 7297.93 
3228.03 642.801 
8107.24 7014.55 
8170 5048.19 
2295.9 3643.02 
9895.07 9777.32 
836.849 3449.97 
1737.63 3021.61 
4161.95 3501.18 
5697.55 3112.74 
1744.2 7075.08 
7028.57 9039.37 
930.257 7939.17 
1330.8 5501.7 
1256.22 5199.2 
9301.11 2935.57 
2497.11 2529.13 
3578.37 604.333 
9543.67 1748.36 
5652.52 1839.56 
5391.38 5547.58 
1616.86 6228.23 
8997.55 3354.5 
9249.84 3159.48 
6855.68 4947.37 
6272.22 8599.87 
2022.44 3300.78 
7639.23 2952.7 
1239.93 8970.03 
8454.4 2496.14 
4169.21 7755.49 
5431.72 6666.32 
284.604 9010.09 
7270.65 9828.28 
758.436 2923.16 
1667.82 6149.81 
8470.73 3284.68 
2378.02 7468.26 
6639.18 1627.85 
627.723 3494.84 
6575.22 6899.94 
2094.7 8597.66 
200.699 9733.93 
1550.34 1440.63 
8703.94 4.72031 
3936.77 2873.13 
7760.21 9368.49 
9539.45 8044.82 
8378.56 6810.08 
7873.08 9137 
9733.24 9540.9 
5286.8 8203.96 
2825.57 7664.82 
5672.2 9464.75 
9292.67 6299.92 
2959.57 5867.87 
3199.85 5054.27 
4465.52 3400.55 
4788.18 6015.86 
4841.17 3492.1 
6020.58 8777.95 
6365.24 3780.77 
8146.42 5904.67 
1825.58 6524.97 
2714.74 9698.66 
5661.95 2447.96 
9239.54 948.731 
651.898 2065.09 
8613.55 6324.1 
1529.82 7906.21 
2624.01 4489.39 
3774.06 5823.85 
9543.66 8239.58 
9224.4 4331.83 
4255.42 4065.56 
7823.93 275.985 
2843.49 4189.15 
4056.76 989.892 
93.8026 5882.33 
7514.86 2808.54 
5580.97 3176.79 
5256.5 4820.49 
4125.52 5908.39 
6885.58 2739.06 
2232.48 8415.4 
645.249 4856.48 
2904.78 4419.31 
680.321 2448.43 
2658.88 9904.72 
6780.26 6914.3 
3970.27 4604.17 
7190.29 6813.76 
8793.32 1247.03 
7803.65 8887.12 
7129.36 5318.49 
1695.64 2710.32 
8495.28 6952.14 
7530.81 2620.79 
2860.52 4416.38 
5359.85 5092.99 
2831.77 6005.1 
9949.48 5736.55 
424.393 629.781 
8184.97 3083.27 
534.488 4965.21 
9997.57 4504.75 
9569.38 7187.84 
1318.49 8362.69 
8434.87 9122.14 
7249.79 5564.21 
4440.62 8945.44 
8274.53 2935.88 
5897.56 5805.33 
5556.67 8758.08 
221.69 916.504 
3851.06 3053.46 
6921.6 3800.52 
8790 7346 
4430.3 6974.96 
429.248 4964.79 
1940.15 426.802 
9469.54 1509.52 
7614.64 788.017 
9872.2 6049.49 
9910.16 7121.98 
1613.68 4350.76 
6067.4 9888.21 
7286.64 1964.95 
5693.53 2843.29 
723.01 5915.22 
3759.8 4574.07 
8968.67 681.382 
8374.58 7758.66 
8027.38 2804.87 
4733.6 8456.62 
7769.65 6673.75 
8883.43 7239.18 
8183.27 6498.05 
8027.2 8055.45 
2547.52 7937.34 
5177.42 4161.21 
2288.08 1244.8 
4049.4 9574.72 
3209.75 9742.93 
2417.99 3932.76 
5658.13 6177.79 
8506.82 4626.78 
6859.17 6881.39 
2385.42 4886.53 
9686.26 7119.02 
3343.14 7455.9 
3792.75 2226.55 
4695.06 1976 
8724.6 2722.24 
31.4372 1272.11 
659.557 5208.85 
5433.31 2947.64 
6453.65 9482.72 
2522.34 9663.4 
9225.63 4940.33 
3596.14 4883.74 
1118.1 2102.94 
9510.53 7977.28 
8984.33 1895.93 
2863.79 8670.58 
9014.95 6206.93 
6126.46 2807.69 
8433.49 821.497 
4783.69 7158.07 
3543.73 4815.12 
8430.18 4203.29 
23.9606 3863.47 
7150.93 6477.61 
3346.17 9673.26 
6141 2571.79 
4613.57 9737.13 
7455.53 5731.68 
1840.06 6966.04 
3708.94 824.377 
8861.97 6572.73 
9494.95 7876.9 
2779.64 5621.39 
684.57 1213.11 
6442.89 5468.26 
8371.18 9986.62 
283.365 6801.34 
4189.9 307.325 
664.798 1340.8 
6784.94 4010.97 
1014.05 2925.92 
6582.76 5627.62 
2663.03 4038.27 
1359.29 4503.09 
1004.28 5068.22 
5327.47 9866.25 
1640.93 4822.41 
7743.13 4420.58 
443.781 8427.7 
5633.69 6886.67 
3895.94 4004.86 
6873.28 4179.31 
806.181 1063.15 
4486.63 1470.98 
2403.96 1271.55 
5481.95 3418.01 
4197.47 2064.69 
9045.63 6860.5 
6102.95 404.9 
1363.58 7107.24 
5473.12 6691.05 
6973.47 7114.05 
1513.44 4716.59 
1534.62 1957.22 
3144.27 7168.31 
8843.89 7040.22 
1173.14 5717.15 
1219.51 1979.33 
6780.3 5706.14 
3450.3 9184.26 
6977.7 8932.25 
2602.25 1175.15 
996.926 1647.86 
8035.66 7099.88 
2052.76 9399.24 
4207.1 7525.88 
6090.27 1180.56 
4639.92 7603.7 
5897.14 6174.54 
9560.92 9041.42 
3342.83 8404.79 
6081.62 4515.97 
4121.92 7301.13 
6495.29 902.207 
3007.26 9945.6 
86.4474 9984.95 
8877.84 2688.7 
1160.09 9874.76 
4336.56 9195.75 
6974.63 6389.32 
8594.96 1181.71 
3915.19 4685.22 
2362.27 8555.11 
2288.9 8259.41 
4729.63 1849.81 
7300.81 8072.46 
254.587 3382.41 
2588.41 4376.51 
683.527 9083.7 
5278.72 3690.78 
9029.29 5365.17 
3675.72 7907.11 
8053.86 4835.81 
7781.85 2390.4 
4031.54 4756.46 
8779.72 2626.48 
5938.18 2694.89 
7311.7 8300.44 
1249.99 9600.6 
6559.84 5979.62 
1450.4 3860.63 
4052.06 1704.98 
7243.05 6640.46 
6081.49 7926.57 
5724.15 1360.19 
1617.34 4753.42 
6725.36 5293.06 
2660.51 4779.2 
128.85 442.347 
7169.6 4160.39 
5198.81 5949.31 
6786.87 1136.97 
8644.2 4098.55 
9437.41 9894.19 
3699.14 5997.23 
5873.79 5149.54 
9857.86 9925.84 
6854.52 7100.89 
6566.29 2936 
5027.45 2290.42 
4296.19 6644.79 
7043.84 1021.54 
1937.83 9704.35 
5800.74 2066.68 
146.683 2970.33 
6227.06 5345.49 
8919.64 3013.92 
6482.46 7563.82 
7112.47 5919.86 
7457.99 811.597 
1917.08 3331.77 
5961.14 1774.92 
3257.59 2815.64 
8875.81 9823.88 
5751.64 3903.24 
2114.29 47.8177 
548.01 9158.13 
1069.35 2485.84 
8862.47 6870.1 
4552.51 9009.15 
9840.42 779.562 
4354.63 8760.04 
3793.48 837.076 
6323.85 905.935 
6756.94 3781.83 
1717.53 8674.01 
7113.59 7678.67 
448.916 371.167 
494.292 9324.73 
195.033 6245.93 
3227.95 2309.32 
6293.75 3775.96 
1467.44 7363.1 
6261.8 329.887 
4233.18 814.298 
9339.04 4073.59 
1593.86 3693.65 
2833.62 5387.34 
4530.73 9157.46 
6293.27 1287.64 
2939.27 8010.81 
9961.66 52.8497 
5689.46 410.556 
424.017 6183.75 
9735.28 619.05 
2429.66 2963.22 
2928.37 8723.41 
6739.18 4395.81 
6086.5 3000.97 
4725.69 319.668 
3815.26 4064.72 
4393.26 5409.12 
7758.36 7226.87 
796.445 2289.07 
6384.32 7089.72 
3576.72 9323.6 
5100.51 3538.36 
9376.45 789.95 
3948.91 9800.46 
6973.7 3684.18 
419.495 9403.36 
6647.4 3347.87 
8126.76 3386.56 
7743.67 4213.25 
6387.53 2469.35 
4532.91 202.776 
6534.07 8926.17 
5611.9 4292.42 
6153.03 6408.34 
6581.49 2537.33 
3498.05 158.19 
1860.91 8598.56 
3696.55 1237.34 
9388.51 7645.46 
1037.78 6362.19 
1329.63 1457.28 
5765.54 7977.03 
4805.14 3892.28 
1363.57 2548.8 
8105.53 7751.1 
5018.15 2638.43 
7953.88 1552.2 
1564.58 3565.76 
5844.62 7717.61 
9974.11 2426.09 
254.923 3472.14 
2584.28 2115.83 
2070.68 6280.83 
3353.17 1459.17 
3926.28 4390.95 
7821.36 5255.9 
5848.23 3586.88 
3232.91 653.36 
7479.16 4596.49 
3202.16 5584.67 
2347.57 8220.32 
8223.1 301.438 
9772.52 9787.68 
3867.2 5617.12 
7505.27 3841.29 
8043.22 7760.19 
7313.43 627.483 
9876.03 9384.11 
6908.31 3229.18 
843.257 834.573 
7620.14 8664.62 
6090.48 3468.35 
2251.48 9323.39 
4121.71 9730.64 
3919.86 7323.87 
5315.29 6267.43 
5544.17 3538.37 
6568.87 5316.68 
3326.03 436.056 
933.784 831.286 
4277.35 8977 
8591.48 1590.76 
9604.48 8467.49 
974.848 6512.78 
1696.65 1818.11 
7347.35 9316.79 
482.704 3437.81 
2785.12 2734.18 
2761.19 6906.83 
2464.8 6681.04 
4230.69 7780.09 
2948.46 9774.86 
1318.45 9517.33 
5091.52 4644.48 
9953.39 6025.3 
5475.77 4230.72 
5002.29 4067.23 
5821.48 4606.76 
2534.7 6796.33 
1119.52 4231.35 
8614.43 8466.87 
3548.12 9097.13 
1904.67 6333.24 
1831.3 4665.86 
3240.05 4296.1 
1346.88 7470.74 
2076.17 4295.34 
7245.59 3394.62 
3812.66 2337.09 
8039.1 3766.03 
8362.4 3514.85 
7996.75 3364.67 
7582.08 3818.21 
7971.42 116.762 
614.52 9090.95 
4348.11 9228.95 
7557.8 7896.23 
8326.07 9462.47 
4229.45 157.347 
4128.31 7469.51 
4453.45 5475.19 
4940.23 6529.62 
9770.54 2185.8 
9924.24 3583.18 
4522.89 7963.33 
7349.21 2885.27 
1478.16 5345.95 
6249.94 9060.24 
9164.16 4221.35 
9177 9778.68 
3312.28 3525.1 
9007.61 870.063 
1421.31 7333.66 
332.519 5650.77 
7491.01 4460.83 
3120.26 1944.44 
9936.02 8060.49 
8474.06 9706.54 
246.276 8398.28 
3289.71 4769.17 
6361.59 638.907 
7654.44 7839.75 
5984.86 3904.37 
6899.98 5149 
8125.72 6076.97 
4927.66 1437.98 
9602.07 3935.26 
2308.04 1023.36 
1268.91 2640.56 
6674.13 8759.92 
7101.39 9794.39 
704.344 7037.39 
7854.86 9178.4 
6743.92 8101.14 
7576.67 33.6136 
2870.29 3938.24 
672.52 524.713 
1777.98 6657.38 
4429.08 8677.96 
1806.36 2554.78 
4754.91 6734.02 
3992.75 4356.96 
669.269 6300.79 
5380.32 1938.18 
8941.35 2054.43 
698.082 6042.72 
1848.8 1402.43 
3080.1 9703.66 
580.811 9824.02 
7804.78 8157.48 
9857.63 675.052 
2095.7 530.137 
1199.77 3873.68 
7187.51 5628.85 
2551.62 8993.87 
8183.62 7306.53 
5727.88 2176.36 
1663.47 6397.15 
8477.15 7043.79 
8335.33 7418.49 
9098.22 9033.41 
3461.19 947.009 
435.816 6541.29 
650.655 1016.63 
6365.29 8455.44 
9174.1 6222.91 
9130.49 1269.79 
6753.05 330.237 
5143.47 3940.54 
5959.08 7695.09 
2934.4 4142.69 
5001.6 8662.27 
6319.05 6665.07 
5059.4 4796.18 
3708.85 3394.71 
2214.65 2807.05 
2428.1 5675.85 
3754.06 2863.92 
2217.12 4404.71 
3880.54 8582.41 
2860.13 3054.63 
4805.3 1990.61 
4324.42 1558.33 
2320.84 9467.89 
5498.87 8279.92 
7162.97 8433.27 
2422.6 2164.55 
7095.52 8741.64 
8829.63 2154.91 
3537.81 2538.46 
5549.62 5752.47 
5345.51 7977.72 
1428.29 9099.57 
841.624 3645.41 
3504.26 4722.17 
2227.8 6364.4 
7776.8 7033.11 
8355 2101.2 
8591.44 675.831 
1569.08 4090.29 
8955.76 8732.04 
2523.54 1378.33 
896.58 9619.06 
119.962 9726.21 
1773.96 3657.77 
2264.64 7323.58 
9410.24 7610.15 
5301.29 838.514 
6709.7 6142.91 
4483.93 213.949 
865.061 6711.73 
6578.35 8641.86 
3744.82 4933.34 
743.044 2336.24 
5609.17 2312.12 
6426.53 4564.91 
1044.15 8950.07 
5943.24 1940.73 
8569.12 6063.2 
1666.91 343.058 
9720.98 3931.56 
7666.64 9131.2 
1541.69 2967.91 
9969.71 8251.39 
9110.82 4453.62 
8465.34 9975.88 
1165.33 5043.67 
8617.72 4910.15 
9977.01 9360.76 
7246.39 5586.16 
1672.87 3672.9 
151.05 2717.01 
2622.95 6094.29 
4657.74 1192.05 
2157.48 6324.65 
1535.11 1878.44 
256.196 9201.75 
1009.61 1797.89 
2169.64 979.309 
49.267 1280.44 
5432.93 8514.61 
1256.3 6598.26 
3558.27 9874.02 
1508.39 3535.26 
9234.77 8754.78 
9121.42 907.62 
2427.66 9272.47 
3624.63 5050.61 
5366.75 8282.37 
6242.67 7524.22 
4607.01 7777.77 
9402.66 4863.21 
6979.5 412.258 
6661.09 9149.14 
1391.57 6710.36 
429.564 6824.49 
5224.96 1685.87 
3422.74 8783.22 
1559.87 4931.13 
2318.47 794.626 
3685.9 1439.88 
1702.25 6113.56 
712.334 5326.88 
1164.16 6079.08 
3609.24 7406.82 
3603.29 8216.24 
5184.58 3005.93 
3079.43 2164.07 
3418.19 9740.53 
1313.19 4809.76 
6450.87 1742.76 
1634.24 1675.81 
3428.62 5056.97 
459.015 4988.49 
9988.11 2777.48 
5783.12 3673.99 
4217.36 7485.37 
9787.55 4929.7 
2812.23 951.688 
1008.76 6421.46 
8358.51 4612.05 
4637.69 3543.07 
7617.99 7717.12 
5707.14 1036.16 
7457.63 7020.33 
5845.92 3908.48 
8763.09 7480.15 
5584.29 2191.69 
2537.11 6043.31 
7180.18 2525.2 
8820.79 2963.29 
6199.19 3038.14 
448.636 5986.72 
7967.83 3260.86 
6938.4 8976.59 
9682.33 5296.9 
3588.63 4320 
8839.97 1206.6 
2037.11 4547.09 
2242.76 9494.74 
1567.41 8088.68 
3403.21 330.477 
5568.81 8987.5 
2522.17 8105.92 
5030.79 9702.35 
631.108 3851.57 
2665.62 6830.3 
6889.7 3114.26 
2817 4857.52 
6375.12 9755.4 
3834.1 6057.44 
5052.28 7422.72 
377.42 3892.24 
8629.32 2414.53 
8439.33 872.062 
1909.25 6.72306 
8960.74 5312.46 
337.2 4529.53 
4299.94 2859.37 
2635.44 9330.73 
2561.7 3266.55 
3182.28 5227.33 
96.8275 71.9671 
8341.58 2913.82 
4929.49 4716.69 
2669.21 8763.58 
774.109 7721.49 
6186.29 1151.53 
1613.71 4815.59 
3566.06 53.0239 
5687.66 5475.31 
59.7469 4648.38 
787.747 396.947 
9177.91 5087.69 
3256.31 1813.33 
4418.4 5818.02 
5079.88 7600.68 
1045.33 5176.71 
7672.65 9386.91 
8090.53 2602.12 
4103.58 759.724 
1365.68 4877.69 
8481.21 7551.97 
6029.22 94.9049 
2367.55 9595.28 
147.929 8055.2 
5070.57 207.676 
2703.56 5858.31 
604.623 1881.46 
945.986 3860.94 
3694.79 5364.39 
9678.95 8774.67 
2965.05 724.263 
3951.37 637.684 
111.155 2041.89 
3239.8 4214.74 
2801.61 4605.48 
9092.43 1282.81 
2157.44 5121.63 
1377.71 4524.99 
4716.9 1525.64 
2580.17 9787.46 
1733.32 5283.73 
5645.76 2337.94 
7165.19 6591.75 
6198.88 859.966 
1956.12 5877.81 
9634.64 4921.17 
6602.08 3585.99 
5558.85 6713.23 
5627.88 8798.65 
927.954 8429.49 
3404.12 20.3669 
9712.3 5561.56 
5142 1089.99 
86.5264 9858.9 
2615.64 2666.7 
9646.34 4348.95 
7950.43 5292.09 
6686.89 5115.61 
1883.82 2885.75 
5975.57 3839.93 
8763.57 5610.2 
8761.1 5365.62 
9196.19 4319.94 
2078.84 4824.06 
3118.57 3006.79 
3253.53 6522.69 
3027.16 2965.82 
2084.23 8169.16 
4055.81 2170.76 
8028.04 6671.45 
4837.46 7674.37 
1020.38 2787.87 
2966.44 7707.27 
7903.48 4850.25 
593.007 3879.04 
8690.18 9356.57 
9489.24 7451.27 
4722.18 8685.41 
1771.19 6801.02 
3509.45 4889.76 
9807.82 6762.98 
1412.43 2834.96 
9728.8 3496.67 
1004.11 3784.59 
5667.43 9032.15 
456.021 504.868 
6706.5 1476.4 
3292.74 9672.93 
9183.67 1196.21 
4523.16 9776.68 
5075.24 3213.33 
9133.24 4564.46 
664.581 3855.4 
3249.86 2435.77 
656.405 6759.31 
7325.53 464.203 
3522.27 8737.96 
3299.16 3251.06 
2234.61 4303.27 
7035.65 7902.04 
3335.4 7491.67 
8406.9 41.8758 
8968.07 1699.63 
9714.81 8151.73 
2895.83 4237.95 
7928.39 7971.08 
7451.28 7061.61 
2535.52 8115.87 
916.998 5785.38 
551.616 1573.4 
2544.67 7877.14 
2037.61 6066.94 
6615.08 5336.77 
9318 8849.69 
9640.04 6353.63 
6751.71 2975.42 
3845.28 5158.6 
3017.29 2813.34 
6858.23 2732.08 
965.048 9754.06 
6970.04 8893.44 
7725.12 4421.3 
5955.04 260.621 
2537.15 6872.04 
6046 3088.77 
8445.44 8590.67 
965.893 483.029 
4657.59 7580.98 
5819.8 3975.57 
6430.65 5459.82 
329.181 3182.35 
8435.24 4174.46 
8340.94 1452.51 
6987.8 5199.15 
4184.6 7952.85 
4953.2 1154.62 
6846.27 2678.3 
5575.92 2801.29 
2938.92 8113.07 
9673.33 8984.92 
1201.82 8118.75 
7575.56 2167.72 
8601.78 2233.13 
9748.69 4421.56 
6208.7 6179.33 
9881.38 6537.88 
9361.67 8316.6 
712.329 7702.6 
9769.12 7700.13 
2901.74 3953.7 
5652.96 7854.93 
5108.32 2499.21 
533.214 684.22 
5300.51 3472.13 
8797.29 4973.82 
2457.03 9999.12 
3092.56 32.5757 
2166.82 1694.32 
2265.71 1915.49 
6115.89 8474.41 
8094.82 5997.25 
5012.28 7456.48 
4313.84 5724.61 
5159.07 4082.94 
3424.72 8060.8 
8036.64 9077.67 
5915.72 3144.94 
1576.87 6448.94 
3829.16 6877.37 
9921.07 2626.44 
1851.18 2378.08 
2625.54 4943.74 
2410.66 4792.35 
6638.06 4676.36 
6707.85 2753.93 
3150.76 4802.65 
8751.19 8163.04 
2259.12 3065.01 
3887.63 7418.18 
7147.95 7312.35 
5478.97 5184.58 
6390.01 1394.67 
8329.52 7966.88 
7843.61 2158.66 
4844.24 7764.66 
4785.1 6695.42 
142.72 7410.63 
1639.13 2553.37 
2202.97 8277.19 
7229.74 8910.82 
1031.11 380.484 
3713.45 9782.29 
8543.53 5972.57 
2847.29 2431.14 
3390.73 9995.24 
9743.5 8869.7 
5179.8 6133.49 
264.357 3509.3 
4100.35 8107.96 
5667.96 8944.59 
5872.6 453.042 
5639.99 6015.32 
7863.68 7279.12 
8568.7 66.6315 
5556.3 5798.42 
8977.45 6587.41 
6178.91 2690.89 
6369.68 4722.41 
8663.46 9216.97 
7153.56 2054.17 
9212.19 6897.03 
923.857 4391.97 
3030.51 1188.21 
7901.27 7130.86 
9296.18 3569.22 
6075.43 5168.77 
4022.26 1715.4 
1184.07 1885.92 
8994.53 9752.77 
1952.55 4550.81 
5551.18 929.985 
1138.2 1730.07 
3620.87 7507.88 
6452.48 2284.31 
6724.83 3606.02 
4338.49 5937.01 
503.038 5262.34 
328.963 3533.54 
6450.56 8230.24 
664.387 5746.72 
1799.44 6739.82 
915.467 5821.7 
8455.22 2099.54 
7707.62 7449.73 
1852.3 9660.17 
2000.52 7403.47 
590.135 3138.72 
9133.54 4211.01 
646.582 5586 
6495.32 7371.41 
9192.02 833.788 
3308.4 9695.06 
6096.13 3637.37 
3228.59 2546.67 
1867.59 3892.98 
8293.39 3667.02 
632.778 9208.86 
9488.72 9088 
1308.38 7196.32 
6537.71 3160.68 
6856.47 8538.24 
564.134 7446.6 
1676.94 9697.67 
1657.59 2323.52 
5283.66 8152.91 
9694.94 4475.67 
8986.7 3003.32 
4170.72 5082.81 
6640.69 7399.31 
7629.48 8508.27 
1292.27 5922.85 
2175.28 1925.04 
5131.69 1663.98 
1013.03 6440.07 
8860.3 7550.74 
9600.75 5716.74 
6088.96 164.864 
3163.33 7765.9 
9862.54 4820.92 
89.407 5146.19 
2973.81 9784.34 
9621.86 1960.49 
2787.65 3792.55 
7043.31 9428.34 
1191.84 4672.77 
7936.6 2484.11 
595.607 111.857 
4409.15 5727.3 
1775.84 5422.18 
2167.35 636.114 
2972.91 1768.08 
6352.86 9061.87 
1932.95 9516.19 
6827.75 1795.47 
4337.09 6917.16 
6941.65 7310.9 
6701.49 6563.49 
9271.39 9489.13 
356.028 6314.68 
8917.46 1547.87 
987.438 6854.03 
4031.98 1583.05 
6965.89 8441.13 
7310.34 8741.73 
3863.3 9477.7 
9377.84 6836.2 
1245.76 5730.68 
5898.05 3178.71 
5246.85 2725.79 
4974.17 9583.94 
9642.95 1915.81 
6894.83 6344.42 
8479.3 6166.2 
5833.53 8835.33 
2480.87 4750.97 
383.181 3468.31 
1604.99 4415.16 
5051.35 8570.88 
2856.28 2361.68 
7312.59 6719.57 
1839.36 6690.42 
3555.75 3085.12 
2421.08 9453.81 
6263.83 7667.93 
2179.58 1237.98 
7251.86 1822.51 
3153.79 4146.67 
8166.92 1633.07 
312.854 4000.44 
468.383 2793.72 
8751.41 851.563 
6262.03 356.383 
5266.72 1313.37 
8927.26 8123 
3675.05 6239.84 
4842.55 5514.41 
2930.24 8398.31 
8599.53 5351.32 
7852.1 4863.34 
3019.23 31.656 
6101.32 271.074 
1854.16 9255.11 
4417.74 21.0654 
888.164 4730.59 
4021.5 1356.55 
7524.32 2772.9 
2208.11 3786.33 
3129.28 7474.83 
5099.7 2056.53 
5597.82 8774.75 
8296.36 440.353 
4289.14 1226.58 
8838.66 2888.65 
6577.9 6690.74 
7751.99 9597.13 
6722.4 3853.29 
9868.21 8576.56 
3108.38 4285.93 
8597.62 3996.54 
9016.52 2619.11 
5353.09 6540.83 
5392 7561.2 
327.143 8521.28 
5036.02 5426.85 
577.792 633.817 
4201.58 8874.16 
1074.17 8490.72 
100.721 9912.83 
1379.36 6678.62 
6603.55 9131.35 
6275.73 3325.93 
2984.62 6143.92 
1902.47 6093 
429.834 500.082 
89.5285 9446.36 
3119.19 5442.62 
5987.17 8511.2 
3003.8 6314.31 
7032.46 8039.82 
1741.14 7610.26 
8673.64 5942.72 
6484.39 9747.81 
4433.43 6585.12 
9660.62 5812.79 
3263.72 6264.16 
4944.12 9539.45 
9590.09 7928.74 
5683.36 1492.55 
4021.72 6113.19 
1992.63 4111.25 
5559.53 5111.83 
9553.87 1546.68 
3623.01 2557.66 
7860.99 655.451 
597.465 9602.12 
8265.71 9271.11 
5544.82 4750.08 
9018.9 9978.25 
1335.18 8679.5 
5791.02 4598.9 
4943.65 735.121 
4138.33 4533.73 
8663.86 9821.69 
6026.28 2685.57 
5934.87 8018.91 
6796.82 1494.38 
3130.72 6350.67 
3041.06 6753.73 
8908.33 902.027 
7409.18 9505.8 
504.133 5674.87 
8776.89 6048.96 
424.935 7795.77 
6027.19 1760.12 
6475.26 1818.19 
6359.02 1418.89 
2553.32 497.335 
5952.61 1217.16 
319.009 1978.88 
3902.73 6253.88 
9997.79 699.527 
7748.25 3128.5 
7050.2 789.295 
9882.22 5958.52 
1691.32 7291.39 
5464.3 2195.46 
2966.24 4241.17 
8244.41 3391.17 
2036.92 4271.59 
5151.29 8512.17 
6089.78 1510.29 
9931.06 8643.1 
2007.63 5883.66 
9860.26 2326.64 
7862.54 3762.96 
8580.51 7860.31 
4462.49 6328.75 
988.79 1512.68 
7118.04 870.997 
7471.19 8809.37 
8162.38 2935.47 
1004.8 1128.6 
7176.64 9249.22 
4519.78 9213.56 
3520.79 9671.07 
7725.71 9610.57 
1181.34 7656.76 
8253.65 3188.97 
3540.4 8113.89 
5515.6 1402.92 
1876.84 4096.1 
9263.23 6339.33 
424.826 251.998 
7852 7542.87 
1123 5323.18 
6352.22 9285.38 
8258.65 7357.02 
413.965 5435.27 
6606.22 4933.74 
4648.81 126.992 
4604.79 2374.51 
9737.56 5786.13 
31.2463 7991.19 
8975.1 3571.64 
6105.07 4490.68 
4974.56 7981.9 
8586.78 4237.77 
4321.21 9011.6 
4489.77 2173.2 
6554.46 5612.76 
7496.38 2906.65 
4898.12 5755.02 
263.657 5312.09 
1190.28 6869.88 
245.812 5839.09 
6996.87 4850.6 
8213.59 6734.41 
636.716 8244.84 
4725.59 9611.81 
1816.47 830.641 
4102.48 6791.03 
8812.54 2689.24 
1028.78 3133.74 
1700.83 5518.55 
5306.94 8255.28 
1131.29 2803.31 
1161.92 6029.41 
8558.33 1425.58 
1341.49 9748.6 
8295.46 1587.3 
5587.67 5292.31 
6437.9 3801.25 
2026.71 7074.62 
2046.08 6752.3 
6686.41 3862.54 
7582.94 788.877 
653.555 6395.46 
3478.12 1682.33 
9529.21 5178.95 
7200.88 4836.13 
3434.21 8332.17 
7639.44 4596.13 
4361.57 6197.76 
6021.71 5703.06 
5946.34 4317.15 
7290.35 1534 
9609.46 3728.24 
5335.25 1636.14 
802.836 7381.33 
8388.44 7489.25 
1243.85 5971.36 
8278.13 1897.41 
2366.81 1756.23 
3579.74 1896 
6935.17 780.607 
6732.13 369.368 
9112.78 4371.56 
4965.5 3474.33 
569.3 987.195 
9177.39 6515.64 
5304.34 6467.72 
8049.64 4913.78 
195.942 3384.87 
6549.93 998.778 
766.184 4938.35 
8488.03 2010.04 
909.699 6766.14 
3907.45 3276.51 
8522.36 7487.19 
5172.51 5457.52 
8267.8 1904.63 
5826.89 7380.56 
6276.19 792.372 
854.871 6845.49 
1779.57 32.2407 
3361.11 7083.91 
6499.96 1410.74 
1997.68 6695.91 
4795.61 8547.6 
7694.68 5561.79 
3485.94 6182.69 
7571.83 4395.64 
2948.81 1479.26 
7672.15 1471.16 
8966.45 2844.64 
6928.68 7234.23 
4749.27 2755.55 
4614.77 1025.44 
3547.92 5469.64 
7870.93 5327.49 
