300 2
1136.47 6527.65 
1900.64 26.086 
8864.33 101.205 
4013.89 9260.19 
4557.93 5947.44 
6404.54 7023.34 
9017.84 853.209 
1373.94 436.844 
1913.39 6879.45 
1258.09 9797.42 
789.351 9000.66 
8644.2 2932.96 
5753.71 941.908 
5866.4 2638.26 
7299.84 5889.96 
8242.51 8436.31 
2417.6 143.129 
8462.39 1281.92 
244.333 2476.27 
542.093 4802.26 
8423.71 6946.63 
1825.59 7441.54 
7799.84 3199.53 
7878.38 9713.23 
78.9617 9136.47 
9510.64 868.312 
8137.11 8154.82 
3801.27 3890.8 
9096.73 9667.67 
6529.06 6396.55 
5557.62 4771.55 
4832.83 7975.22 
4914.68 3295.21 
9257.13 5159.01 
5771.48 9799.23 
9961.27 4195.17 
6745.84 1786.85 
1636.69 4545.67 
4986.37 9515.07 
4258.88 5065.33 
8651.53 3769.5 
5933.65 6788.62 
1924.3 9734.92 
679.408 1021.01 
9402.57 7208.47 
7417.56 4960.17 
1980 2250.38 
2935.37 6894.68 
5545.58 2192.48 
2053.67 1317.04 
1991.69 2014.93 
5512.21 8737.54 
3801.78 7148.9 
3283.19 8788.15 
6663.95 7542.07 
3853.47 5315.46 
1311.55 9787.11 
2104.06 3235.86 
9522.01 2783.47 
4256.87 8924.56 
9991.94 1674.41 
3884.72 1971.92 
3924.78 6820.09 
8866.6 9470.37 
9012.57 920.262 
787.395 1004.25 
2935.19 6299.61 
9741.78 6736.97 
3448.49 3024.95 
5525.1 112.426 
567.001 9378.57 
5427.89 1878.55 
9165.66 7531.95 
5114.41 8687.65 
315.407 9371.28 
7612.2 307.331 
1045.67 1496.9 
2279.25 4970.45 
8316.98 1145.84 
4440.81 7329.54 
2066.1 5228.2 
8333.78 5001.3 
1527.79 8075.54 
1738.25 4976.28 
1100.48 7263.35 
5088.71 1667.48 
6641.9 516.58 
3546.03 5807.54 
8048.53 8660.44 
4495.17 8363.94 
8031.7 2107.36 
8671.27 9077.37 
3604.26 950.506 
4047.81 1921.22 
2096.35 8488.62 
9250.76 4162.45 
3716.8 7584.52 
9163.75 5244.6 
5660.05 901.978 
220.863 6760.53 
8165.33 5309.57 
8428.01 4807.2 
5826.15 1974.02 
614.726 3874.67 
634.449 5109.9 
2238.59 8666.15 
7217.26 909.839 
7743.51 821.495 
1860.35 1791.31 
2742.72 3956.69 
279.907 1993.46 
8119.14 3996.71 
9577.98 7282.87 
9241.31 5238.01 
8184.85 9462.17 
1998.52 6350.16 
4771.72 426.516 
1157.35 597.859 
2400.54 1772.07 
4472.53 3034.99 
6881.97 6711.11 
1701.13 4099.21 
7620.95 9444.64 
4920.71 9481.3 
1235.92 7663.42 
3437.97 1515.83 
9656.88 1557.1 
5512.54 9234.84 
8839.98 4753.83 
4472.84 7024.81 
4215.98 6471.36 
3374.95 8987.7 
6897.88 4532.3 
9585.56 9298.42 
6304.37 4058.07 
2333.39 3186.33 
769.169 4034.52 
7285.54 8390.12 
3479.13 2206.23 
7871.4 4715.06 
9869.65 1309.36 
6230.89 9526.52 
2866.46 1743.41 
8761.34 1706.42 
6497.24 3234.17 
8731.23 713.203 
9705.53 2106.16 
9700.91 6603.39 
6638.47 9286.45 
5901.79 2942.82 
3344.51 8235.18 
6129.15 4113.68 
2269.68 3414.68 
2503.78 5748.81 
5620.91 375.169 
463.855 5490.55 
1684.53 6694.74 
5017.05 4550.99 
8438.15 3778.37 
6257.41 4935.38 
7012.54 4988.62 
5648.58 6718.05 
7094.78 5349.47 
3321.42 3733.23 
4635.91 9223.22 
6676.05 7980.42 
7458.38 2805.19 
2094.08 9728.06 
6219.86 4597.86 
5476.86 1840.75 
4973.03 5940.72 
7331.3 6657.56 
2635.44 2348.33 
1208.53 1073.58 
6126.7 7465.93 
6008.95 3139.22 
2454.53 1657.52 
9857.27 9549.31 
7006.98 3178.68 
3282.53 1642.87 
2401.88 9958.58 
9623.29 9860.26 
2763.75 1717.35 
9588.31 8983.61 
6315.21 5065.15 
824.348 1288.22 
1005.85 8155.65 
7945.78 3641.29 
503.958 9154.31 
4714.87 6630.66 
6620.23 723.81 
9769.88 9074.76 
2381.32 9627.13 
8624.06 9388.31 
2805.8 1906.57 
1031.16 5207.67 
1865.13 654.432 
5067.92 4628.88 
2371.78 4656.2 
3612.47 8686.99 
9721.36 4436.82 
9975.21 727.19 
2592.45 7920.97 
4368.48 3096.41 
7075.27 9083.36 
9727.06 3695.48 
9807.17 9496.93 
2770.22 2188.48 
9124.04 1394.26 
1576.77 1929.82 
3300.82 2607.93 
7137.49 5165.95 
3262.36 2205.39 
9794.83 5634.14 
6861.6 3407.28 
4321.11 6582.94 
7844.1 4296.3 
7310.13 436.531 
2217.26 1678.59 
3532.94 9292.53 
761.935 3259.99 
2987.99 569.085 
2756.9 5758.21 
2757.56 1880.92 
7152.47 4334.33 
3810.74 453.273 
6942.26 948.221 
5619.23 204.599 
3153.61 5414.04 
5838.74 15.1955 
8821.32 159.832 
6598.13 6665.4 
4456.14 3908.24 
7101.93 6673.4 
5586.84 634.852 
5965.91 6348.77 
3894.84 8953.9 
6917.86 6651.73 
4712.09 9675.42 
8532.65 1864.54 
4009.73 2343.38 
2317.81 951.968 
3291.6 7937.04 
1156.57 6445.22 
3351.06 6995.31 
6460.41 2172.36 
7155.14 3058.53 
8837.76 1611.26 
6966.77 5939.67 
8284.66 2553.59 
6574.52 4250.55 
8902.36 469.344 
3204.43 5820.2 
7121.08 7916.52 
5495.61 5653.71 
9781.06 9505.33 
7997.09 2098.86 
457.286 1288.68 
35.8762 1613.85 
7733.9 3386.93 
8609.16 4194.29 
5559.29 5764.28 
7252.82 4397.03 
7375.54 4219.57 
336.687 5660.18 
6773.16 6911.21 
9910.73 5675.51 
7380.56 3115.14 
1495.7 4501.61 
1031.64 6991.3 
155.311 812.686 
6496.62 8152.4 
2911.54 6953.91 
9441.08 2947.42 
8567.76 7174.96 
6334.35 7176.9 
1369.24 1893.62 
2941.17 8622.06 
6290.66 316.688 
2841.61 6627.34 
5976.87 9614.78 
3538.54 5887.57 
5290.27 919.076 
9002.71 6785.97 
5420.69 34.3386 
3777.25 5576 
847.024 273.853 
3728.39 3758.57 
7227.76 3169.46 
6705.98 5795.5 
344.404 3040.32 
2972.38 1713.64 
4933.94 5913.55 
335.682 1224.58 
6230.24 3177.3 
7851.92 2207.09 
2792.06 1390.44 
8094.66 8082.33 
2309.52 7097.36 
4868.27 7730.21 
