1800 2
945.433 7312.59 
4166.16 4490.48 
3936.39 877.896 
1109.15 120.776 
2640.2 629.383 
3300.08 9000.35 
3383.77 7687.72 
5531.2 4942.69 
4921.52 7021.83 
2578.22 7529.07 
7808.65 7922.48 
2262.35 6756.94 
824.33 8952.7 
7040.49 8722.42 
2356.7 8464.2 
571.745 3302.13 
5776.78 4737.91 
7792.61 9713.17 
5615.8 8901.76 
9833.94 8256 
9531.14 3134.01 
7256.33 2914.9 
821.714 2787.51 
7857.58 5743.23 
9809.34 435.783 
3272.28 7617.97 
8358.27 5534.63 
4374.9 9182.59 
4487.31 1415.38 
7905 6844 
9879.58 8476.74 
146.117 5656.34 
3214.63 7938.73 
5369.49 8830.43 
6840.47 5203.42 
7086.42 6371.6 
8337.43 4342.73 
9286.5 9159.14 
7130.24 7144.06 
4902.35 6939.56 
7579.84 8174.63 
4557.52 5938.09 
3709.24 8932.42 
5120.67 8196.55 
347.784 3025.65 
5040.54 227.348 
1502.37 5186.65 
5883.69 4717 
3125.37 1253.17 
3547.42 9965.84 
6456.59 633.82 
6337.42 4794 
4976.55 5623.9 
3953.12 2106.77 
2767.94 8855.47 
9046.34 347.771 
7030.09 3603.84 
6285.87 739.317 
2536.25 1406.52 
8935.87 2884.03 
4432.17 3976.39 
3111.38 5934.55 
9163.04 8995.07 
651.533 2288.39 
248.224 4198.95 
2254.21 6704.81 
4832.77 8591.63 
1498.79 9809.32 
4215.51 5451.91 
1916.08 6983.46 
4307.37 962.399 
7331.23 1337.44 
4566.24 3617.08 
2076.76 7102.49 
5023.6 1012.61 
9986.53 9455.77 
4989 3097.89 
5390.3 4152.02 
2092.95 6041.83 
6440.41 2341.17 
240.765 8694.62 
9045.98 5073.54 
7286.24 544.754 
4882.84 1501.74 
5996.66 6798.92 
8485.19 304.011 
7761.32 5816.4 
1641.45 2327.55 
9433.48 3718.21 
9430.04 4457.06 
4730.81 9416.55 
3912.81 9719.81 
2514.42 9303.11 
3871.81 4607.37 
5344.92 312.207 
6948.54 5585.68 
9006.83 5994.5 
659.204 6293.06 
6539.25 5542.05 
7794.79 2535.9 
2340.95 6279.97 
2839.91 102.257 
2096.36 4481.36 
2429.8 1529.82 
8199.57 1859.82 
5986.88 2930.37 
1276.35 9899.69 
2650.16 3790.77 
9202.78 6521.97 
8398.14 4547.68 
6834.18 5346.66 
133.346 5840.99 
1341.14 792.55 
2134.03 7880.4 
6334.6 9928.82 
416.278 8675.55 
6208.78 3256.19 
8777.81 8305.13 
7737.55 1207.59 
9834.95 5937.1 
3067.42 5821.81 
8867.47 4343.77 
5721.49 1517.61 
8134.54 4924.25 
8039.58 6532.66 
9471.93 4873.75 
1879.3 9605.27 
714.723 3220.44 
397.806 2848.76 
1100.82 6732.4 
2777.56 1517.1 
5407.94 8986.34 
4773.29 4185.73 
7291.46 2510.83 
5393.32 7126.39 
8447.93 8460.74 
2948.19 7315.38 
2804.49 8669.68 
8833 939.017 
3593.91 6872.56 
7471.68 3065.82 
1746.29 9350.98 
2671.07 2461.02 
2571.41 3068.88 
5309.77 3672.23 
9801.28 8087.34 
5189.34 5209.21 
7073.66 9962.63 
9394.93 4365.1 
2473.44 4788.24 
1491.47 921.349 
3248.96 4439.66 
8236.73 6053.46 
3109.32 7069.71 
6992.47 6703.23 
3942.26 4464.13 
9769.04 5688.55 
3815.1 2440.1 
8149.57 6386.51 
5508.98 3459.33 
58.7312 5310.25 
1546.65 5248.07 
519.434 8620.31 
5210.68 9914.37 
2985.39 7684.11 
4702.59 4476.86 
8605.46 7951.55 
8916.52 6842.18 
4004.99 2025.83 
3911.87 997.446 
8729.05 7854.13 
5461.58 8498.08 
3542.67 9276.68 
938.164 1692.23 
5663.18 6447.14 
5151.55 5721.91 
1757.37 6698.2 
969.961 2276.81 
5318.49 6180.64 
2191.16 8303.88 
3864.73 6893.75 
2780.72 2470.18 
4845.29 1697.23 
9312.36 8850.28 
3723.05 3224.21 
9847.72 2452.09 
1078.33 5309.29 
950.151 4621 
4585.95 1888.31 
6313.23 249.116 
8335.46 1464.76 
5971.03 92.8132 
8162.97 6940.99 
2369.62 3481.44 
3121.61 4560.78 
1785.3 6986.34 
1454.51 4566.03 
9456.52 6299.8 
6263.25 8768.86 
5150.06 9986.3 
1993.06 4997.76 
2438.37 3071.39 
307.032 3388.53 
7692.39 4892.98 
5276.84 4005.6 
5142.1 3612.28 
5470.36 1113.11 
3705.09 3633.31 
8054.1 6074.71 
7114.75 1175.69 
635.475 8900.06 
8162.03 2089.99 
3466.07 7618.54 
8389.78 9729.32 
6387.38 3539.82 
9715.6 8380.44 
8537.58 2153.96 
1451.81 8844.61 
5542.49 9144.2 
3737.58 819.31 
3149.78 8879.68 
4431.59 8620.14 
9992.79 8136.68 
2253.44 8046.87 
4211.38 9368.19 
9222.56 4846.85 
8268.23 7384.58 
6936.84 1734.28 
5003.1 5326.6 
1463.58 1390.47 
8866.42 1179.17 
9770.91 7403.99 
3333.13 1222.71 
6248.58 8875.62 
366.891 9986.16 
9694.93 3516.67 
8865.82 4126.5 
2136.8 8858.6 
2263.17 4390.24 
6905.45 6474.55 
3758.41 6128 
1321.39 2026.63 
3512.56 8258.23 
3760.91 8515.66 
3584.82 5224.49 
9906.12 2451.22 
6403.67 9677.01 
9855.21 9736.8 
899.703 6103.77 
8612.4 1266.59 
6089.91 8307.32 
4783.27 4955.72 
2433.8 6920.07 
3814.3 4696.98 
1310.29 719.739 
1171.51 5068.7 
6847.74 2492.9 
7095.33 360.276 
751.112 856.224 
8875.93 4335.93 
6080.72 8782.04 
6787.15 2484.37 
8459.03 6642.34 
2221.15 9358.74 
2746.09 833.537 
625.312 8836.01 
9140.86 5408.58 
3791.71 1574.64 
2328.63 7606.02 
6271.62 3638.91 
8325.76 7443.13 
8707.61 5173.48 
9936.03 5802.93 
5533.75 687.124 
6659.15 4409.67 
5023.05 2739.85 
3191.68 1810.19 
5224.22 1650.7 
8452.53 7445.37 
1009.42 1198.6 
8278.91 1634.73 
34.5936 7419.75 
7043.31 3826.31 
8994.39 9371.94 
1432.31 5265.99 
3010.83 9758.07 
2709.11 1718.43 
4931.52 2645.12 
7521.36 465.26 
3332.24 4180.49 
4874.93 8355.29 
6920.35 8066.61 
165.462 2144.55 
9717.31 8617.99 
9589.92 726.711 
9816.59 7868.82 
2361.44 9851.18 
5288.55 9404.75 
3677.47 4282.92 
8776.67 5109.78 
9548.92 1787.48 
4867.83 2258.01 
3505.92 9799.36 
4903.12 1027.26 
264.599 8235.37 
5207.75 5139.52 
6590.64 2128.08 
3206.12 6756.1 
4272.63 2923.41 
5374.07 3862.54 
3650.12 5190.65 
1731.34 6011.56 
5041.81 7019.89 
5416.3 8719.29 
1302.79 4192.95 
3829.05 851.693 
5980.43 8696.88 
3109.7 9486.35 
8496.22 8012.82 
513.586 8760.82 
6248.17 5721.33 
3900.33 2838.79 
7849.41 7106.45 
9594.9 2122.03 
29.8406 4968.96 
5984.56 3679.96 
159.586 7715.9 
9691.53 5201.4 
4735.77 5107.81 
3920.67 6038.56 
9300.75 7749.72 
6890.25 5281.17 
6446.58 9999.95 
4767.5 4942.79 
8012.75 5281.08 
3703.59 4260.91 
1002.4 7603.92 
7099.7 8851.81 
4710.35 6694.58 
973.821 4740.19 
1663.52 6958.38 
8420.15 1823.11 
4674.26 8111.66 
7024.51 9410.03 
3219.45 945.157 
5448.57 2520.18 
8694.88 2338.81 
7801.35 5141.44 
2338.74 2568.83 
84.2151 351.48 
7849.91 3787.8 
4612.39 8852.31 
1391.7 1712.07 
7704.1 6102.05 
8406.65 8677.92 
842.219 70.154 
5636.29 9262.37 
1893.26 310.535 
7374.01 8917.77 
9720.57 593.442 
9862.92 5169.12 
3113.63 8557.78 
7507.93 914.958 
3699.21 9846.67 
3483.79 3783.43 
198.137 1333.68 
7571.23 4810.52 
185.969 8962.93 
6522.59 7890.07 
5064.97 4929.23 
6567.98 5907.19 
4999.38 2204.25 
5169.54 6892.64 
2514.79 2543.53 
5810.39 2235.34 
3136.98 5673.3 
7404.46 6250.6 
4231.06 4912.37 
7165.56 7930.27 
4759.03 649.328 
1713.68 4957.17 
1983.01 9284.91 
9767.69 2168.97 
8247.83 6290.27 
59.0305 3312.78 
1219.48 6627.01 
9219.97 6218.86 
8831.26 4389.49 
3111.48 1346.03 
6933.02 8921.87 
3581.37 69.9811 
4595.15 985.809 
6320.58 8826.22 
5898.18 3486.12 
6756.47 657.191 
4135.45 8470.15 
5614.36 6118.46 
7755.05 5382.03 
8287.43 6002.86 
1672.28 8346.46 
9315.64 2891.75 
4973.46 8535.59 
9110.61 3804.7 
2925.06 2222.07 
5150.74 9858.09 
1143.93 8732.1 
9928.07 5739.08 
9717.91 6248.63 
4565.28 5616.08 
9734.76 1321.74 
6273.27 3870.19 
9791.89 1887.61 
9988.65 7546.92 
7269.64 8276.07 
3549.77 8941.91 
6622.52 2865.39 
1833.65 1595.96 
1400.96 944.24 
5400.66 4326.03 
3166.31 551.38 
4184.1 4310.25 
9283.48 4112.15 
49.3125 9001.38 
360.762 4614.6 
4617.44 95.5028 
5936.33 890.692 
3965.7 5728.21 
2778.3 3954.33 
3275.11 47.9187 
2230.39 6824.88 
8989.83 8852.9 
9690.27 823.462 
448.843 1091.21 
1767.7 5849.5 
5417.24 4934.02 
6400.88 9601.33 
9244.26 5684.35 
3713.46 9293.58 
4685.71 4074.23 
3908.15 9303.16 
4169.73 9844.49 
193.831 8135.43 
5572.68 2972.13 
2089.74 8847.79 
3020.05 4320.13 
5672.65 2009.86 
3173.01 5362.9 
2833.33 3621.86 
6454.11 4601.03 
9471.36 1871.33 
9535.04 5872.23 
1472.65 8779.29 
1556.56 5186.12 
8072.85 6242.27 
9260.34 1980.98 
5545.41 3430.05 
1825.45 5739.25 
1565.46 7398.13 
8711.38 3655.21 
6245.9 1731.41 
7975.33 1918.53 
3741.27 1148.33 
7281.43 6574.6 
4770.18 3735.53 
1175.61 4241.53 
5606.86 710.636 
113.734 7079.51 
9489.93 1670.29 
2265.61 7562.76 
7912.57 1525.94 
9543.74 3457.97 
4955.99 1369.18 
9197.21 6521.46 
8767.31 7908.57 
176.644 5013.19 
9639.98 8151.98 
6931.73 3381.23 
9300.3 4213.14 
9955.83 4070.47 
7948.67 1131.42 
8312 3555.51 
1842.06 8425.73 
635.006 1331.97 
96.0059 2900.62 
8894.72 8008.57 
4426.55 8438.45 
1466.52 9382.54 
9807.62 663.715 
5903.98 8574.91 
8572.28 6080.63 
3588.09 8212.25 
4232.59 519.799 
1593.46 3532.87 
4732.94 1549.27 
7603.34 2681.59 
2680.7 5915.32 
6237.11 4522.76 
4341.03 6872.11 
5854.72 4437.04 
9772.73 4749.43 
2445.6 4199.27 
3187.86 3912.12 
3581.79 2995.47 
4575.83 9485.78 
1570.36 3148.1 
5566.38 5158.45 
1360.33 9798.97 
5678.25 2953.79 
3331.82 411.176 
4503.06 935.15 
3092.77 7183.76 
6850.47 9329.88 
1706.5 1191.49 
6201.97 7561.22 
5628.52 5974.68 
2310.64 8074.12 
173.931 5498.49 
1986.22 3755.72 
8493.96 6562.06 
3241.48 64.3064 
9710.16 8807.87 
5222.76 1070.47 
8606.82 900.993 
4024.26 1938.63 
1312.17 8527.32 
2873.78 4404.94 
5711.06 9724.25 
3734.8 7417.56 
915.716 9936.77 
4978.77 6544.24 
5911.43 7289.4 
4618.34 6085.36 
2787.88 6604.57 
9841.09 1281.83 
3166.6 3082.55 
1346.13 2876.74 
1890.4 6568.89 
3947.21 497.202 
7469.88 7971.46 
2435.83 8782.05 
6498.77 5309.61 
3186.98 2209.81 
5033.84 6921.77 
9627.38 5949.55 
6858.52 4606.13 
2493.78 2769.94 
1895.52 7112.12 
8855.3 4683.4 
3716.67 8696.37 
5965.22 6883.27 
1778.91 7311.36 
9760.01 3669.31 
3880.23 3707.21 
4166.51 1350.1 
1678.65 6602.34 
132.133 8177.42 
1911.93 3319.11 
387.217 6945.76 
240.864 14.5753 
2895.3 7099.39 
4620.7 5389.07 
9869.32 6516.22 
2501.18 8724.61 
1199.6 6217.85 
7420.96 7164.82 
3101.1 9199.87 
4476.16 2861.1 
2869.16 8356.39 
6568.31 7035.67 
9706.49 8246.96 
3637.99 9838.62 
6424.37 5549.91 
3157.71 6811.58 
2495.66 3398.57 
6826.16 5390.96 
497.944 1446.84 
780.016 367.251 
7963.06 3281.19 
9091.86 9162.66 
9499.04 6512.81 
6327.47 2600.13 
5712.66 803.61 
5461.23 8581.81 
9160 2029.52 
5617.46 8866.47 
276.462 9255.45 
8705.07 6700.83 
4805.35 1862.77 
3512.39 7301.01 
5261.34 338.533 
2691.95 5759.29 
1785.38 3471.96 
6126.54 9748.44 
6753.16 5218.38 
8911.08 6252.18 
1731.17 5238.53 
8852.31 7443.83 
6042.14 4313.52 
6025.62 5202.13 
6343.03 1643.07 
4068.58 6619.5 
898.503 2773.64 
3320.31 5703.85 
4636.4 6832.7 
3004.84 9897.74 
7171.23 5696.79 
5657.01 8956.61 
9168.75 1783.53 
8705.03 5921.89 
7001.91 7616.1 
2174.06 8733.08 
2854.61 1026.35 
6176.89 8896.76 
5339.86 2202.49 
4098.87 1682.88 
3845.56 8167.45 
8302.38 4744.07 
941.067 1622.67 
447.901 5577.47 
8455.37 3452.74 
5475.2 5626.58 
9149.53 1132.19 
4583.18 8318.26 
2915.72 3288.19 
4240.14 9917.63 
904.272 6414.19 
8650.7 3758.89 
7440.54 4827.57 
2655.63 2780.38 
7030.06 6754.5 
4463.27 875.607 
4921.93 2765.63 
5619.67 5863 
4388.3 6067.57 
1440.45 2843.65 
9520.32 6915.64 
8470.23 8669.83 
8047.83 3053.39 
6988.07 963.538 
6341.58 1228.19 
881.154 7245.85 
7642.38 9531.85 
1004.72 5082.9 
4359.4 3660.35 
7863.29 1389.44 
414.828 2326.54 
2265.05 5336.76 
5092.17 7884.72 
1199.74 9480.46 
3952.28 2640.18 
2324.09 3472.58 
9555.83 794.303 
2142.39 7603.64 
3847.69 9130.46 
8567.18 189.252 
358.63 9448.34 
7435.1 8001.01 
8980.17 8439.82 
3083.9 3339.55 
2100.15 947.168 
4728.99 2514.98 
3273.7 6994.04 
7851.73 8365.87 
4878.74 9051.47 
7846.31 8831.02 
1691.64 170.388 
2303.58 1247.45 
964.691 4445.96 
8851.09 4812.38 
3576.4 7418.26 
5001.63 3935.03 
6866.58 2436.72 
1936.03 5846.73 
876.522 5019.92 
9186.28 2976.67 
5967.09 3915.25 
5491.65 9240.8 
909.266 3343.37 
7606.65 5788 
2394.82 5452.95 
4619 4086.46 
5623.34 6922.58 
5333.91 6588.03 
1368.52 4184.98 
1400.39 4944.93 
1603.22 6402.03 
8879.96 8469.8 
8838.74 815.969 
4316.51 9715.27 
5835.89 3502.77 
2691.92 1802.97 
7418.02 8183.57 
1043.75 8327.28 
1526.92 8650.4 
4115.27 3921.74 
4103.33 8734.28 
8008.2 9726.67 
5656.84 3342.09 
6314.67 7025.36 
7527.08 7715.07 
1970.27 9130.3 
4117.07 850.214 
7600.09 2955.8 
1666.18 1916.58 
2671.05 7502.08 
5419.35 5362.97 
9305.05 2837.36 
3546.53 348.779 
1164.62 5073.45 
8999.18 5279.9 
8995.19 3102.49 
4014.16 7003.38 
2829.14 9670.99 
345.459 9143.82 
6696.34 7872.54 
6858.86 8666.61 
7002.82 975.921 
9516.83 4602.89 
3931.72 1182.99 
6519.48 6602.77 
8685.07 1938.81 
1965.73 7990.1 
4776.17 5512.25 
8338.88 5940.79 
585.687 7338.04 
1220.67 9580.88 
440.515 5234.83 
6584.25 3269.66 
4905.81 6929.7 
2413.45 1602.13 
4802.22 9272.32 
268.729 1805.03 
248.222 9785.56 
6407.92 4179.94 
968.535 2927.38 
782.701 9653.61 
4866.19 2748.43 
7643.69 9642.36 
8260.68 5982.55 
5583.14 8846.37 
3320.57 6803.82 
8427.24 3761.09 
2038.63 5011.46 
7030.74 6944.44 
1941.15 9444.2 
8546.57 6743.37 
8716.5 8815.3 
8548.4 8964.72 
8600.84 4956.31 
3144.65 9569.37 
7883.69 3927.35 
9222.96 2749.87 
6675.78 6866.63 
2392.21 4936.44 
2849.16 7975.35 
3782.8 6169.73 
4779.15 2210.02 
9930.82 6817.78 
7221.48 6961.54 
3762.2 9162.63 
6405.72 2308.75 
5905.99 5122.2 
1124.03 4454.38 
4086.9 9724.87 
9410.68 7231.55 
9294.22 7294.36 
1158.88 8517.17 
44.2036 7834.65 
5383.78 2436.42 
2771.08 8232.94 
411.754 6553.88 
4402.66 5190.91 
8763.9 4333.46 
2008.67 5985.36 
1294.99 5770.87 
5147.97 7700.71 
8079.62 1053.95 
2822.9 9203.65 
5508.32 6909.8 
8928.5 4918.99 
4141.33 8222.71 
2213.33 5300.2 
6739.86 2257.53 
3134.84 2123.62 
4693.95 5905.92 
356.548 5105.7 
2459.78 4759.21 
296.59 1223.66 
9092.67 2305.26 
7209.02 387.645 
8076.13 2356.98 
8088.36 6155.74 
3410.92 911.235 
5359.38 8919.24 
7821.03 4287.86 
3838.21 1962.34 
2510.55 6051.54 
7262.55 9250.41 
8309.07 397.373 
1374.01 3003 
6303.3 1730.56 
8108.7 8763.08 
6489.77 8405.29 
9986.74 5582.43 
710.538 7195.75 
5970.07 8786.67 
9552.72 4058.41 
4942.4 2963.63 
4969.65 301.754 
1882.85 2790.66 
4589.62 5721.07 
4753 7100.17 
1772.59 2015.53 
6350.56 81.6488 
2412.91 7724.58 
3084.65 8716.2 
9455.14 1193.33 
7479.27 5944.89 
9598.63 7465.99 
1527.3 309.147 
4661.72 7497.37 
9095.82 4214.43 
1555.77 4038.2 
7178.06 6525.41 
4339.95 9060.91 
9316.07 8929.57 
4781.96 4069.06 
6029.72 6554.56 
6084.59 2380.26 
6636.21 8497.5 
104.821 9720.86 
7213.68 9559.96 
914.173 4692.93 
5504.83 512.783 
2158.91 7032.14 
821.931 6820.63 
4529.49 9917.75 
1035.04 6085.26 
3955.93 8213.09 
2610.65 8295.88 
7273.99 1926.71 
7225.43 2055.93 
5995.76 3255.14 
8610.49 2080.34 
5635.4 5246.68 
577.82 5740.22 
4967.52 7791.5 
5300.16 5881.69 
2484.42 804.977 
6394.47 4643.32 
7837.11 7216.4 
1463.93 2366.59 
7134.14 2498.97 
8451.84 1090.05 
712.046 1062.48 
9385.93 7986.03 
2989.19 6611.35 
41.9465 8984.95 
9866.49 8652.43 
1065.27 5501.87 
3899.1 1643.09 
1242.07 8866.61 
9434.6 6542.23 
4748.28 1919 
7347.2 1142.74 
6562.32 5184.3 
8359.14 8026.25 
7550.89 5493.26 
525.203 6002.71 
6583.31 1237.25 
7065.19 5969.23 
9223.28 54.3607 
2580.56 9265.23 
9039.31 2447.03 
7917.64 104.568 
7948.89 1816.72 
1747.66 9190.96 
683.317 1182.24 
5733.17 5431.6 
3101.23 3080.36 
6574.34 9663.55 
8264.65 4933.46 
7689.79 5815.52 
426.702 8214.99 
1818.22 7010.01 
9452.24 8883.41 
2979.22 8675.5 
8937.77 5559.78 
7940.71 7977.06 
8006.81 5858.34 
8081.63 5955.68 
7675.06 9829.29 
5146.63 8358.38 
1011.51 879.778 
3789.96 4112.75 
3960.13 364.281 
3776.28 2224.77 
5297.74 1466.05 
8040.29 5724.44 
9681.04 9858.51 
2734.44 9133.26 
8741.9 5713.66 
7808.75 7679.65 
1273.42 5749.44 
5656.7 9280.22 
1607.77 3738.32 
5235.89 9282.83 
3567.59 382.496 
7641.19 4579.11 
1262.27 1431.14 
8691.86 5222.41 
1795.42 2468.12 
7447.18 7093.16 
3934.18 5487.45 
2817.59 3615.2 
5345.95 5552.02 
2748.45 4087.83 
1265.66 557.182 
1767.47 2539.08 
6306.63 7424.17 
1819.28 7914.39 
1162.47 7055.17 
7197.21 4730.06 
7437.67 4838.38 
9309.17 8699.94 
6269.52 8001.01 
3922.33 8064.94 
469.112 1369.5 
5158.08 4403.29 
6856.95 7975.67 
8018.49 2202.88 
3527.68 766.923 
6290.71 4793.34 
1324.1 8058.18 
7332.42 7630.73 
5482.33 9151.7 
5545.11 6644.8 
6206.86 2742.3 
1374.85 3644.51 
7580.68 684 
2344.43 3850.18 
8685.01 6266.77 
1915.11 9154.12 
7636.27 7073.19 
3557.39 4493.2 
5048.85 1575.86 
6696.08 8576.52 
2342.79 2986.77 
3369.84 3666.89 
1044.94 702.242 
1297.61 6527.27 
9853.94 6842.71 
3172.06 6060.78 
9585.01 4546.91 
9705.29 7165.67 
5230.91 2049.71 
1015.84 3915.9 
8316.48 2930.95 
3070 5952.73 
4.12497 6627.39 
445.908 5052.97 
8203.25 7141.99 
3629.47 546.023 
128.743 6999.32 
4212.92 1173.68 
7701.56 5510.52 
7700.95 7555.49 
2353.22 872.993 
3616.25 1938.21 
5419.9 3321.53 
9103.89 650.789 
5371.24 119.711 
4566.69 3687.7 
3050.66 7636.68 
9640.42 3054.79 
4264.06 86.3129 
8107.76 2467.29 
7228.3 1737.21 
3013.31 7357.04 
8736.53 7226.23 
8530.72 6438.07 
2736.73 6231.66 
3993.54 5089.95 
7104.65 7609.8 
7028.16 2524.53 
931.307 6132.03 
3175.32 6302.54 
6251.74 7742.01 
9990.24 9302.4 
5378.67 9630.64 
2357.17 9642.73 
9716.96 464.91 
2110 6945.24 
2202.12 5123.32 
4302.27 938.639 
2349.53 2832.97 
7376.71 5086.26 
9064.63 1370.24 
176.196 6169.26 
8980.04 7204.36 
8693.8 9911.34 
3336.37 1869.1 
6213.87 9588.11 
9611.11 6204.09 
8890.5 4989.77 
5834.72 1247.65 
4632.48 5551.66 
1712.56 6742.48 
2496.88 3914.68 
1865.78 6799.14 
4853.32 4215.31 
9632.12 2230.02 
9301.58 8696.73 
3600.26 9477.77 
4865.97 2580.28 
6682.11 3559.75 
2491.6 18.4656 
5428.86 8705.47 
9606.58 5039.95 
4909.54 8497.06 
29.7 744.245 
9744.71 4662.18 
6295.9 1457.25 
1404.65 8792.78 
5371.93 3270.43 
5591.91 225.238 
7485.75 5224 
2455.26 6787.31 
3920.71 6055.52 
6265.06 8786.69 
8635.79 2947.16 
2346.43 1127.38 
2965.62 7775.28 
9832.85 2572.18 
2815.21 4742.38 
1069.22 2844.91 
5486.62 813.91 
7507.09 1782.51 
2271.16 8911.74 
575.272 7643.09 
2182.16 6167.18 
7868.33 9667.9 
1391.17 323.569 
6455.19 5311.88 
6379.08 2720.24 
4098.55 5014.86 
5667.39 6444.98 
6142.24 8633.02 
4220.24 5975.08 
1205.18 7035.46 
717.441 2274.4 
9880.37 6204.07 
3088.31 7387.45 
7986.58 5359.47 
6299.17 8561.85 
3002.55 8481.33 
4729.01 870.859 
8149.22 6120.18 
1194.43 4604.39 
1432.04 7573.51 
7324.63 5530.59 
2588.36 2992 
1975.55 8730.6 
1625 6195.8 
4705.66 2830.19 
3231.24 5423.1 
5104.59 3111.59 
1627.15 8192.91 
499.027 9613.73 
3552.36 6798.2 
8175.56 6554.91 
5279.52 2904.55 
7425.77 3428.72 
9024.72 8620.19 
8033.11 456.747 
6193.69 5357.72 
5987.34 8782.05 
8349.72 7962.89 
7512.63 9974.73 
4158.67 2218.27 
2804.9 7389.91 
7641.37 7909.49 
501.485 9268.52 
6102.38 1000.51 
8882.23 9654.74 
7798.71 7057.77 
6209.63 3078.21 
9962.32 3635.38 
6506.93 8987.03 
2255.55 4540.02 
9443.77 8449.24 
9897.74 5431.1 
7231.27 8247.45 
3393.97 4743.88 
8222.16 7552.64 
6962.15 1027.04 
4942.53 4603.51 
8936.53 5444.02 
3872.01 5038.89 
6444.53 2754.22 
4693.61 4243.23 
9811.99 903.225 
7321.44 9774.29 
4538.6 3828.35 
8761.3 6794.16 
8368.37 8205.06 
5243.39 8266.1 
3636.14 2474.64 
6513.52 7030.11 
7218.53 4735.66 
4582.73 4180.66 
5762.7 9525.26 
8784.17 4699.21 
4969.26 2656.16 
9738.1 1413.77 
5410.38 4431.7 
5656.99 5222.35 
5334.92 2978.42 
4996.63 9873.53 
6806.77 3757.92 
6667.67 5175.13 
1962.96 1911.04 
3441.21 5599.1 
4385.68 9954.73 
2629.19 1604.19 
4690.38 7211.92 
5784.85 453.064 
6737.16 4569 
5152.28 1706.4 
7225.16 4890.36 
3120.17 2635.52 
9322.06 8777.17 
7857.88 4656.97 
1755.57 2854.49 
4530.48 8562.34 
6612.41 1198.13 
3737.45 8575.37 
3109.17 7178.65 
4174.45 7494.85 
7133.37 6803.64 
9099.04 1823.73 
4015.55 4883.88 
2276.79 752.692 
9452.88 7429.07 
2459.1 6678.02 
2319.42 5579.27 
9313.55 1641.46 
4356.42 7171.41 
6298.43 6111.99 
25.8863 828.895 
4674.31 6638.3 
2027.03 8411.76 
5213.65 5136.2 
5590.4 9388.11 
2631.04 2723.75 
6191.73 1730.06 
4547.48 207.261 
6613.94 6824.28 
959.953 6066.8 
4253.33 3419.05 
2744.81 6572.75 
8998.32 2058.34 
8214.21 3354.73 
9229.75 4512.62 
9466.72 9255.63 
5341.52 4141.01 
5893.91 7368.55 
2552.76 1107.55 
2504.73 8143.16 
495.637 5135.77 
866.897 6687.37 
6865.83 5414.38 
6894.63 3479.75 
2238.64 7854.58 
9546.55 6491.97 
1273.62 2291.34 
3064.7 271.92 
4349.68 1278.89 
3626.65 3579.41 
5791.52 3093.35 
2835.03 1133.02 
7234.36 8728.94 
8501.56 9787.12 
9836.49 1006.28 
7930.27 332.11 
6142.04 8797.16 
7019.48 3007.86 
4211.53 3914.09 
6487.61 6450.17 
1768.66 6034.15 
2942.12 3042.28 
8325.49 6006.82 
3314.2 2675.15 
7285.71 6940.84 
6254.56 3077.21 
34.1713 9089.59 
4210.23 7268.53 
7818.52 2711.78 
7055.64 7654.99 
3718.06 4985.89 
7987.1 9860.1 
3783.04 5006.56 
2867.94 7994.56 
8920.66 9355.55 
4444.71 689.298 
5389.68 7386.83 
3731.57 3715.15 
3393.64 7045.77 
6390.3 679.336 
3986.59 2644.85 
3756.55 4020.76 
1734.43 7966.78 
1289.28 9552.95 
678.543 8344.92 
7207.92 4396.6 
3330.79 5195.01 
4256.68 7113.83 
201.554 7124.62 
5108.37 9122.21 
6480.15 9553.08 
9811.51 1869.82 
6939.9 3543.07 
5584.96 333.524 
588.818 1975.25 
1012.86 4575.41 
4620.1 4769.41 
8596.18 6354.53 
2736.17 9885.46 
5907.46 3414.72 
8230.36 3115.36 
7811.31 1561.13 
8310.37 2067.98 
8674.96 8511.92 
9192.6 3783.31 
7634.12 5672.74 
3336.38 7445.61 
7542.55 276.267 
988.658 3127.5 
609.791 1577.48 
5102.75 1622.65 
6152.89 9722.85 
6392.06 4749.05 
6077.37 9128.23 
4634.49 1984.81 
2542.93 2864.83 
5100.17 354.227 
4425.96 3410.53 
2422.21 3100.91 
1922.43 1614.79 
6884.22 9556.55 
7287.53 220.584 
7002.14 4830.06 
496.851 7990.8 
7957.56 1106.64 
9568.27 3060.3 
2729.29 5721.15 
2783.14 9121.35 
470.175 8860.5 
8249.57 5104.66 
845.297 792.48 
7969.49 5945.47 
1146.71 2395.44 
9356 3568.91 
5496.34 1278.41 
5183.7 2380.55 
834.941 2471.22 
2601.13 7837.08 
7301.28 3097.98 
5827.86 5258.83 
4204.62 5396.12 
8319.13 6933.92 
1117.25 1102.25 
6055.25 1587.42 
9962.75 4304.8 
6692.09 808.033 
5097.28 4661.56 
6753.5 6243.99 
7057 6109.48 
9812.9 2553.33 
7387.89 4996.59 
4933.87 8222.83 
7467.81 7535 
6059.9 4769.07 
632.968 1887.74 
27.8794 4837.59 
7283.86 8347.01 
1771.49 8401.11 
9449.25 7826.74 
9988.54 9411.99 
2131.53 6680.61 
220.007 7228.81 
1342.15 6973.51 
3472.78 8399.15 
3082.97 3285.67 
952.461 470.844 
8282.26 5886.33 
8693.67 5750.05 
3421.32 4753.55 
519.102 4054.29 
6641.3 546.981 
8891.88 3925.14 
8893.99 663.353 
2326.24 8343.23 
8490.1 2314.76 
7755.2 621.606 
8995.37 7975.21 
7850.42 337.499 
4948.7 1323.18 
8736.65 8031.67 
4608.85 9689.11 
8502.52 2891.09 
5575.43 7196.17 
8641.14 8996.75 
1949.71 9160.25 
3051.02 8591.01 
9707.23 1942.88 
2516.13 8601.2 
2606.23 4842.37 
6944.41 1096.31 
7157.13 4699.59 
1717.92 6152.48 
2674.78 9568.33 
6489.98 7623.48 
891.495 5226.61 
5655.14 5500.35 
4915.7 4157.63 
8391.44 491.115 
1353.79 7032.56 
9487.86 3303.5 
6192.79 2538.86 
1894.49 5900 
4481.74 4410.62 
4501.18 7087.97 
9253 1445.57 
8184.28 6410.11 
6145.16 9902.19 
2562.57 8819.95 
9470.51 9052.55 
6443.41 361.986 
4279.15 2098.53 
5862.33 9194.85 
6256.16 4253.75 
9685.96 7609.95 
1286.3 9173.81 
913.439 7479.09 
1712.65 2807.93 
3379.08 6194.39 
7218.56 7880.26 
3282.34 6471.54 
9325.84 1466.6 
2881.63 5470.98 
1368.78 5444.2 
4290.91 839.273 
4496.74 734.305 
1201.26 8775.88 
2832.83 7063.59 
7970.72 9089 
1317.32 7656.66 
6698.93 2603.62 
6830.46 7612.37 
82.6998 8543.11 
420.285 3461.78 
4737.48 7638.84 
1342.02 8019.83 
4110.36 667.841 
9486.43 6991.99 
6138.82 855.196 
2436.18 429.72 
1694.47 6932.92 
1164.02 2895.73 
5708.78 3996.86 
9959.32 3679.48 
3085.84 1276.62 
1336.13 9784.77 
3880.25 8166.58 
7397.12 3962.95 
6709.67 7817.41 
7424.73 1447.14 
5456.23 8766.75 
9466.96 9566.59 
9434.59 8953.38 
6558.56 5573.4 
9808.57 8994.74 
6003.12 1503.03 
5927.64 7167.14 
4398.75 1636.4 
1163.98 4358.05 
5315.88 4249.82 
5634.68 6652.01 
4034.57 9514.92 
4818.58 1431.68 
3477.85 1528.23 
9249.08 902.562 
2975.37 4705.3 
9669.31 2442.32 
4271.87 9103.88 
1395.68 830.416 
4677.26 1204.24 
9825.16 680.364 
2707.26 5752.78 
7847.51 7106.01 
7389.19 9011.49 
1464.05 2705.05 
3261.29 7098.72 
9357.06 7295.86 
6613.63 4175.62 
8727.54 91.4655 
5703.86 7976.6 
994.028 8679.23 
2681.88 663.321 
1121.53 6953.75 
9767.21 2517.21 
7784.17 4444.45 
3721.44 7609.31 
5124.82 6428.71 
3362.07 2972.31 
3534.7 751.24 
1983.78 4998.75 
3456.29 5245.07 
2097.46 2813.34 
2540.91 8711.08 
6988.96 1268.43 
8802.55 2692.8 
9245.04 9796.58 
1372.01 1926.9 
459.883 2493.54 
8880.65 227.071 
5010.74 6664.8 
4671.52 8732.19 
4274.09 9796.34 
5160.88 7636.16 
2768.63 8695.58 
8387.4 4752.4 
3694.31 1843.68 
9997.47 5791.77 
4657.02 2538.37 
4502.84 1645.96 
3806.8 3305.37 
4338.76 3051.82 
3101.93 5710.77 
4978.73 3561.82 
8204.31 3859.36 
3788.89 3215.03 
524.144 8460.41 
1947.2 4798.24 
8256.73 7108.08 
2434.38 1025.34 
5803.64 821.768 
5777.75 9497.96 
2665.45 5775.2 
5289.71 7322.46 
8313.57 9792.54 
8968.43 2120.36 
3097.9 3307.17 
5172.18 6199.83 
9017.94 150.893 
9761.65 7222.23 
4010.25 3550.51 
437.251 4534.4 
2010.91 2384.46 
9332.63 267.622 
9492.54 1767 
1292.96 5296.16 
2588.76 7070.71 
4794.1 5254.21 
2845.89 83.7908 
2576.66 1159.45 
9876.33 1545.07 
3279.81 2974.21 
4852.24 8451.99 
9174.04 3870.17 
8602.89 8935.67 
1092.38 2613.12 
2486.17 1529.64 
7147.52 4497.08 
3914.09 6480.13 
4764.7 3406.61 
8247.13 6057.66 
8702.78 835.876 
3128.35 3496.86 
6090.09 5974.25 
3580.65 8666.75 
7133.7 3456.97 
211.796 413.492 
6431.18 5064.04 
8865.49 5605.21 
8934.2 7468.35 
4540.87 26.5706 
81.4594 7027.04 
1556.21 7228.98 
1524.1 5470.3 
3709.09 6288.8 
8876.91 1956.2 
2346.44 7579.67 
2792.08 5474.8 
1076.51 8882.17 
1449.03 4657.16 
7548.89 8582.73 
8114.13 7760.69 
8996.22 4545.3 
2824.71 7861.69 
150.488 1758.9 
5330.03 4691.35 
1785.47 5411.49 
1718.37 3341.67 
2640.45 3242.47 
8811.97 6349.54 
9531.26 7688.86 
8305.74 1877.69 
5268.51 1097.81 
7352.49 6345.02 
9979.97 8801.52 
1002.17 7528.85 
7384.23 9116.3 
5289.52 6380.43 
3661.58 8114.23 
4242.1 3812.07 
9873.13 9572.13 
8503.42 1658.58 
4983.6 221.776 
5000.25 7624.05 
3464.25 3812.2 
3973.57 2995.49 
1501.05 2279.3 
4873.18 6769.56 
3377.1 2225.65 
3114.57 3357.06 
1027.15 4116.74 
885.888 8411.38 
3233.02 6175.41 
4791.8 6894.6 
4289.62 9033.9 
706.651 4162.73 
8606.02 9210.07 
5821.31 3589.6 
9431.85 821.543 
1213.63 2896.08 
4633.75 5187.2 
5891.57 6134.79 
7466.5 764.735 
2904.34 843.581 
2990.39 6018.91 
4200.64 4017.54 
135.632 5086.53 
2428.91 3368.65 
1261.92 7220.71 
263.238 5551.54 
6254.59 969.889 
9714.28 4860.59 
179.943 5535.57 
8450.19 9611.79 
6357.11 9663.83 
2507.85 990.841 
4851.01 8399.42 
7125.64 2317.49 
9164.15 29.957 
3161.07 2154.52 
6048.87 7361.71 
6172.07 6184.5 
2448.22 8600.97 
9553.15 3710.14 
5821.66 9816.39 
9261.68 2076.24 
786.262 8975.94 
6936.83 966.205 
4511.49 5387 
577.978 868.585 
5050.81 3085.83 
1859.43 9901.82 
1485.23 8985.06 
2219.29 649.361 
9015.02 5380.36 
2803.89 5063.87 
2742.05 8975.95 
1248.35 5190.27 
7576.91 801.483 
8900.41 3398.55 
617.857 8162.07 
5474.79 1404.12 
7137.99 2411.6 
2370.32 1649.46 
7798.6 2948.3 
2518.04 2849.4 
6034.13 4377.47 
2751.2 7519.36 
3362.52 4970.49 
8168.72 2377.52 
350.837 972.585 
7441.39 3092.89 
9948.54 8689.73 
8283.16 7525.43 
9491.22 7183.55 
923.963 109.058 
5345.6 6398.75 
1513.18 2483.57 
8810.35 3883.5 
4133.03 6608.94 
6831.8 6651.08 
9458.33 2865.92 
1028.53 2209.52 
385.256 4391.05 
7180.01 8553.97 
6768.57 7530.85 
9526.56 4209.93 
623.719 9475.08 
2899.65 8906.88 
7000.49 2390.85 
6090.42 7924.45 
2499.91 1436 
4323.19 4013.09 
3919.57 3133.52 
7896.59 8052.61 
9742.46 4728.38 
4703.67 9200.78 
7594.29 5732.2 
1410.28 7979.55 
123.226 8590.29 
6533.5 6891.79 
6121.11 6060.05 
1101.71 6744.83 
5535.11 4001.36 
5651.7 2535.58 
6392.21 1742.1 
460.011 8892.12 
3178.1 4783.2 
2905.19 7097.67 
7916.72 801.76 
5150.26 7659.16 
5530.14 9853.93 
6859.92 3124.41 
5586.1 8270.2 
1103.94 5709.33 
6860.47 7637.45 
2601.11 2981.56 
3697.48 3702.81 
9726.4 9232.58 
7704.17 5378.08 
1768.15 4096.37 
7120.18 2228.16 
2988.47 298.257 
7011.35 5893.66 
7395.93 4928.05 
6695.42 2546.17 
2587.2 2225.54 
2400.08 9447.12 
5349.95 7986.19 
7717.3 6453.9 
3695.5 4577.75 
4091.33 6296.61 
7559.31 7788.8 
9999.42 7285.69 
7021.37 7703.58 
2663.76 8789.52 
1799.93 9783.93 
1017.66 4788.4 
82.1715 8029.01 
682.041 7478.1 
2957.05 7377.46 
24.2573 5544.25 
9603 2424.34 
4991.35 4952.94 
410.51 2708.63 
1406.82 4106.01 
7286.39 5498.14 
402.6 4845.68 
3286.93 402.003 
2131.36 308.287 
8105.58 4795.12 
9097.81 9905.5 
4579.03 115.448 
4693.89 4661.2 
8144.46 5375.93 
2139.29 1101.49 
2753.37 2163.54 
6645.74 2356.36 
4587.88 1637.08 
7309.3 4998.39 
4345.71 8716.11 
9104.4 1632.08 
4214.24 9507 
6477.76 7501.17 
9909.01 8609.12 
7809.46 8014.57 
3404.22 6907.25 
7920.06 7983.25 
7022.7 2613.92 
2644.44 5167.14 
7989.85 4783.73 
6268.63 743.206 
6947.27 2914.36 
3099.56 1535.14 
4551.44 408.845 
6533.53 8897.15 
9124.96 5637.92 
529.214 3339.18 
5144.9 7006.98 
840.336 5053.89 
5616.08 8649.79 
3068.45 9020.31 
5557.02 988.484 
7003.55 2579.7 
3602.41 9647.99 
7746.84 1592.24 
4431.7 4015.46 
2335.45 1378.95 
6929.82 5435.01 
2914.09 1481.24 
5843.86 9447.62 
378.374 4968.8 
5085.52 907.589 
8307.98 230.404 
7914.57 9148.32 
5284.3 3530.63 
7798.09 8352.74 
2550.92 3355.1 
9341.23 9554.47 
5934.81 2943.62 
9202.44 3681.63 
4535.86 3634.12 
7697.09 6871.31 
5013.07 4626.89 
2306.3 7927.15 
6108.13 8150.16 
7374.75 6486.51 
3118.94 2460.25 
7394.1 1426.9 
2690.66 5308.65 
575.204 7974.96 
8839.28 8373.3 
6327.68 1390.19 
1728.38 5668.9 
944.642 7663.19 
8612.51 147.065 
1344.8 3148.36 
3781.18 9041.89 
19.6476 8794.25 
3668.77 2325.95 
6721.39 9776.9 
476.092 4096.13 
6263.4 3595.03 
6556.38 3657.48 
5021.94 9247.04 
8966.12 5597.14 
7221.98 7805.39 
3970.42 3549.65 
9195.57 5698.8 
9218.54 140.2 
3361.98 7831.04 
287.264 4706.78 
979.38 4068.45 
3748.65 999.028 
2862.68 7417.42 
3324.98 9584.07 
7194.31 3801.07 
3680.18 3457.69 
7396.1 236.544 
7115.16 2418.02 
9483.58 6081.27 
8015.17 6705.55 
3886.64 1985.57 
255.177 3082.2 
7684.38 9473.72 
3222.4 1046.33 
7304.74 3509.66 
5753.11 8284.12 
7578.11 9501.76 
9283.15 440.772 
6919.17 2608.11 
24.8253 4113.46 
6409.18 3705.01 
7571.14 3805.27 
3941.55 4686.29 
6223.29 3425.11 
767.541 4238.44 
130.644 4654.18 
6224.01 385.821 
7736.37 3908.37 
9859.54 958.752 
4954.71 7164.27 
4468.41 707.803 
5448.37 2046.5 
209.549 4731.51 
2487.27 7128.72 
7339.62 2512.1 
1242.16 3748.78 
6217.1 8813.3 
7554.05 158.635 
3499.57 3777.33 
3583.75 4267.11 
8015.77 3714.39 
8921.29 4239.77 
4100.21 6657.65 
8148.14 3959.74 
7616.4 3102.83 
1123.99 2084.79 
3810.64 6572.36 
4131.29 4020.19 
1303.85 6618.57 
1148.88 8643.46 
9130.66 2391.04 
