1300 2
1033.21 9740 
3059.17 6222.36 
5542.56 7111.87 
9603.26 5299.22 
2170.42 9253.94 
8904.28 7625.15 
5815.85 787.6 
9511.67 7989.88 
2732.41 5344.48 
6705.94 1717.98 
3637.65 4721.31 
1460.45 8588.58 
3518.61 9924.6 
2365.19 7562.09 
4652.41 7855.19 
3316.11 5685.62 
7595.18 6375.28 
1907.96 3137.72 
3487.14 1511.21 
8436.95 5657.55 
765.128 7341.21 
3282.69 6580.98 
8128.81 2794.34 
4570.83 861.2 
8138.82 1276.75 
2579.18 1776.46 
5998.07 4039.63 
365.028 9516.68 
3964.21 2730.22 
7078.75 8616.62 
585.394 394.842 
4302.22 8180.57 
6770.12 6210.17 
1318.28 257.242 
7721.38 9755.23 
5914.79 8486.51 
7096.42 9197.48 
5067.47 5225.21 
1991.81 9638.3 
6086.41 130.619 
915.039 8665.59 
1907.08 6913.11 
2705.2 2272.11 
6429.77 6669.41 
5002.32 3508.5 
5286.01 5587.72 
3903.34 9588.23 
3768.27 673.444 
5798.38 5086.56 
930.686 3519.75 
4841.77 6845.48 
2006.24 1938.17 
6042.95 7073.7 
7163.38 8034.76 
6711.99 3249.78 
8165.38 7627.03 
1915.36 72.4399 
4540.12 4620.56 
2344.55 969.869 
1289.96 7346.87 
4478.36 6575.97 
2934.57 8381.7 
6164.18 6702.85 
9055.15 1962.54 
1789.39 9985.83 
5482.29 6631.15 
6831.3 7488.52 
8569.32 2874.23 
4562.21 5732.69 
908.969 1274.18 
8982.47 9074.35 
8901.21 897.81 
9146.79 3441.31 
5518.37 1491.32 
4411.18 6808.33 
8838.19 8889.54 
3384.28 1772.75 
7271.23 9548.45 
8475.6 6326.36 
1510.98 264.967 
6312.18 6993.27 
6896.12 3143.46 
4481.77 5465.43 
6017.69 9043.98 
1198.1 6926.66 
318.151 180.555 
6000.99 9219.36 
1078.36 5147.76 
2660.66 6596.74 
6639.07 7071.84 
3405.04 5477.25 
5961.37 6789.32 
7249.99 3232.58 
6337.76 5725.57 
9558.94 7848.73 
5990.54 5871.11 
4841.98 2886.65 
9014.57 9323.76 
8352.07 5032.24 
8367.72 9550.17 
1958.88 8685.88 
9730.73 7959.87 
7905.22 809.077 
3107.61 565.86 
7405.81 9746.68 
7637.7 810.84 
5223.92 3599.05 
7600.16 2473.89 
6831.63 3937.9 
8199.47 6390.56 
1786.62 4189.99 
2261.64 6628.6 
7076.64 1276.19 
5952.34 5428.69 
6308.43 4320.05 
4978.85 8267.32 
3005.91 4709.56 
6227.17 911.111 
5518.64 9334.78 
1476.97 2924.44 
9081.45 9114.67 
3735.28 4305.34 
2713.7 1335.42 
6779.24 9545.33 
5273.32 4978.69 
5935.87 7059.94 
9168.68 8197.51 
3688.52 6245.3 
9473.71 9640.86 
1673.98 5782.12 
3960.9 6652.83 
4049.42 6966.8 
1362.38 276.573 
7877.92 6881.02 
9611.35 9354.89 
9805.45 8692.78 
8469.54 3540.71 
2998.11 1183.22 
4876.13 9777.34 
728.531 149.435 
4756.02 6664.4 
7209.37 3924.68 
4861.89 897.877 
169.961 4335.58 
538.724 1843.94 
117.681 4499.62 
8496.77 4167.1 
1466.41 9859.14 
4443.67 9344.32 
6740.14 4055.01 
8699.19 6545.58 
2747.77 7168.71 
86.2719 5745.88 
8351.93 4962.4 
5523.21 9080.47 
5111.84 279.204 
5744.84 2321.19 
4203.88 606.716 
3219.07 4373.84 
4942.29 3757.79 
6217.78 5059.97 
8257.41 4714.53 
9227.07 9723.82 
4573.65 3670.73 
9068.13 1313.78 
7725.74 7767.3 
7859.36 473.495 
4936 7945.63 
6219.37 3287.92 
2908.01 1742.56 
2368.37 8019.85 
2021.77 8113.21 
341.029 6225.65 
8719.93 3560.1 
599.471 3662.2 
7317.89 6817.25 
8722.18 5575.29 
1531.76 7949.23 
5299.1 6105.42 
1619.95 4367.21 
7419.2 9345.69 
2134.49 5278.54 
9819.18 7070.49 
3224.15 6038.54 
358.395 6132.16 
7781.1 2726.76 
4152 9802.87 
839.958 4493.03 
6028.5 9559.89 
8053.13 6627.97 
3222.07 5371 
3445.2 1944.23 
946.279 4976.96 
9893.46 6245.38 
1082.36 1513.39 
612.566 8501.56 
859.066 2747.06 
3780.08 678.232 
9817.55 7004.22 
6716.77 175.93 
3136.37 4497.85 
2902.69 7288.36 
4300.7 3742.65 
1781.37 329.182 
3302.52 9834.5 
6957.15 6524.59 
5205.48 402.331 
8468.82 6151.76 
5379.29 8362.27 
2397.12 6461.66 
9875.66 3009.69 
4963.2 734.714 
5756.75 8743.28 
1412.95 5574.28 
5747.49 8129.72 
5750.21 8883.85 
2627.55 8652.9 
6172.2 6928.26 
2395.54 7953.57 
7257.44 5698.06 
7788.05 4214.57 
2222.63 2993.52 
4616.9 691.436 
9145.29 9996.2 
9053.71 1542.39 
6457.84 8929.35 
4552.08 1421.02 
9664.07 308.807 
164.284 1077 
5883.09 5911.77 
9206.71 1633.28 
4795.61 1834.25 
286.17 967.79 
8762.51 2681.71 
8921.36 6019.93 
8379.76 6709.4 
234.484 602.377 
9702.92 4851.39 
1293.81 8848.19 
4847.57 347.502 
390.564 1305.39 
9276.86 4942.64 
2726.41 8940.91 
5251.45 2890.69 
17.8842 1134.52 
8802.46 9224.6 
2767.8 3598.05 
1058.83 3053.97 
4565.84 9821.34 
5735.68 3487.19 
5841.25 4115.42 
196.575 6075.74 
4717.8 9899.5 
927.106 6011.61 
8747.67 5774.67 
6359.12 9138.24 
7080.06 5635.96 
4080.86 9806.47 
4576.84 9332.31 
2697.14 4594.73 
466.81 1499.59 
3819.31 3234.61 
5097.64 4878.14 
6288.58 9663.49 
4699.46 2024.24 
3150.66 540.695 
6139.67 3347.24 
6616.43 857.453 
3246.72 7543.54 
6869.07 1994.37 
3318.19 3228.17 
1132.59 398.232 
8864.12 5213.45 
204.682 3440.95 
4545.74 2901.83 
8035.68 5012.55 
4401.42 1854.97 
8247.16 9499.06 
6733.11 4535.73 
9162.53 1432.55 
6559.97 2313.17 
1973.24 2699.62 
5660.41 8589.67 
3557.07 8907.13 
6133.19 426.125 
901.48 9451.39 
3654.29 2034.07 
9849.62 2518.4 
7247.52 54.284 
5959.35 1793.24 
2956.11 3995.01 
6805.79 7357.53 
5849.97 5052.94 
6856.57 2583.06 
9588.66 6019.08 
4015.61 6148.62 
8332.25 5988.85 
8848.24 3992.65 
4578.51 2405.3 
2899.76 711.688 
2831.42 3801.24 
163.058 6485.71 
5835.31 12.6593 
9004.11 3082.81 
66.9434 4963.44 
4876.05 3023.05 
8958.45 1681.83 
380.562 4808.4 
6734.76 7237.13 
7391.46 6323.41 
3256.19 1407.05 
2472.01 1588.43 
7395.91 1320.23 
5581.07 1974.4 
3725.53 8480.83 
2686.09 6556.96 
2282.05 2849.15 
3042.65 8117.36 
2861.81 2046.75 
1200.15 2928.75 
7010.19 6076.2 
5951.8 5968.62 
7758.03 6332.36 
776.999 4492.77 
3569.48 8168.46 
816.169 6825.67 
9575.51 3288.18 
8414.1 6971.4 
4608.42 3995.15 
8945.8 8333.95 
2475.97 1631.88 
4890.89 4758.02 
4481.02 7933.54 
2875.36 7342.83 
9980.29 4075.5 
271.56 6990.46 
151.687 6223.36 
2959.06 7909.71 
2555.71 3736.06 
2402.47 6125.18 
1904.5 3218.64 
2950.83 1480 
6506.82 1364.91 
8451.4 1115.22 
5360.07 7397.19 
9449.17 7836.04 
9029.07 4340.04 
2594.04 3510.07 
2273.56 5469.39 
852.881 2253.83 
9544.9 1124.44 
9244.29 9696.58 
7347.8 2203.33 
7606.28 9903.51 
5939.39 8.73754 
6028.68 7843.89 
3227.38 8979.51 
9323.89 9734.2 
344.41 7775.27 
849.406 5704.48 
5172.44 298.559 
3540.5 4201.49 
4638.6 6134.54 
7711.56 6912.16 
1603.92 8564.44 
9165.99 1148.8 
9688.88 8410.27 
845.366 7036.67 
613.582 8451.65 
6940.16 6552.97 
8460.39 2968.82 
4396.84 1687.75 
1948.32 3720.71 
1421.93 2292.73 
1495.97 2271.34 
7997.21 6668.41 
2569.9 1537.69 
869.885 7208.49 
7672.23 8581.45 
4120.64 9276.15 
7145.87 3286.61 
424.927 6834.74 
1696.87 1270.29 
3871.39 2310.45 
9721.94 811.54 
8863.42 8182.31 
3780.36 3260.24 
9870.06 5728.68 
6980.96 1291.97 
8021.41 8476.92 
3563.31 6018.61 
5145.31 6133.21 
7556.3 6015.2 
3341.69 5228.51 
4596.63 7462.33 
4504.64 1742.49 
748.923 4929.57 
8577.23 2445.79 
6199.86 2448.61 
4756.24 5921.79 
3260.15 3619.64 
4104.08 7040.51 
6879.88 3974.12 
2769.18 3860.82 
5266.09 790.574 
2337.72 8829.41 
6809.18 7483.04 
4962.6 4365.46 
3498.22 8304.29 
9593.97 8094.85 
5766.6 4098.6 
9837.34 6515.52 
9028.17 8414.55 
8961.31 5228.01 
863.138 3717.53 
1149.78 4123.28 
7337.16 5253.86 
1163.78 4217.03 
9227.98 3932.95 
8077.85 4494.05 
4723.53 415.551 
3323.44 1532.69 
7898.59 8286.04 
5898.15 1396.79 
6590.31 5492.11 
9491.64 2356.89 
9590.71 9328.96 
8872.41 8618.85 
7743.49 7833.7 
3846.85 8606.63 
1551.21 4996.62 
2729.9 8888.37 
250.463 3893.67 
3105.38 9478.44 
7826.63 1183.21 
3972.48 2550.14 
1598.77 7295.92 
4082.83 9497.35 
5581.95 9980.98 
894.126 2172.24 
5473.08 385.749 
4529.13 5063.76 
9714.71 3401.53 
3682.6 7458.18 
1235.21 7529.44 
6064.8 2786.42 
2526.05 8794.69 
1674.78 2776.51 
2688.35 4780.16 
2254.94 514.964 
5963.38 6227.41 
3065.1 7562.14 
3523.32 7147.94 
7059.48 9105.26 
7128.9 7953.61 
1277.49 2601.96 
8339.35 5806.63 
7665.72 8054.05 
9208.15 1348.31 
5512.21 443.348 
8877.75 1576.99 
3229.77 1403.79 
371.669 4904.55 
4180.3 3060.02 
9684.71 6435.24 
3574.99 5648.07 
2662.63 6640.09 
3210.2 6185.95 
3788.01 269.659 
5291.2 916.894 
8223.26 6568.69 
3518.85 6562.6 
2375.3 1184.56 
4616.63 1583.43 
2532.87 128.825 
2026.78 1410.61 
1705.82 5256.55 
2814.39 2077.49 
161.083 6994.69 
5137.51 9845.79 
3429.91 8712.49 
5493.85 6092.54 
5352.56 8704.04 
2278.48 9140.57 
8973.7 7569.68 
57.4495 7196.95 
4138.35 3576.3 
3759.54 6513.65 
4760.87 8376.17 
8097.08 7293.74 
8504.99 123.847 
8704.34 210.79 
5380.4 1518.72 
2288.28 5541.48 
8513.41 7425.78 
5387.26 1943.31 
6138.26 881.091 
8035.85 1490.81 
9585.14 314.311 
631.362 8558.82 
7883.99 688.812 
5755.76 2022.32 
4265.12 9515.29 
8535.96 9025.98 
7891.44 6633.03 
6319.7 6396.41 
6756.88 5024.03 
6607.2 2137.26 
6542.75 8895.48 
7678.74 5056.14 
6321.25 3065.98 
6999.44 2459.49 
3947.07 5035.28 
3950.29 3532.19 
5349.59 4581.66 
2091 3233.56 
5270.47 7846.76 
5255.88 9535.58 
7362.03 3791.83 
8561.55 5253.46 
424.84 4881.23 
1649.85 7181.72 
9905.26 8257.06 
9318.98 6447.99 
7152.52 6997.7 
1504.11 3473.75 
63.6667 8503.56 
5933.24 4010.74 
3538.82 9883.53 
7542.93 8888.41 
4465.17 9633.93 
2121.95 9735.64 
7480.67 7377.83 
9271.2 4842.69 
1169.64 7832.74 
96.1278 1594.48 
2713.95 1745.98 
8776.2 2619.2 
3.01996 8095.15 
9067.19 7155.54 
5092.84 571.29 
629.272 5156.5 
9074.85 6562.51 
9167.25 2613.65 
6446.02 6710.16 
1502.04 911.176 
6344.08 3623.99 
646.797 3824.74 
1001.81 9918 
8667.43 2171.45 
7750.72 8763.55 
3765.92 464.659 
509.517 2542.1 
3083.86 512.537 
637.241 2151.03 
7668.08 5730.08 
2722.32 8297.35 
886.567 1797.16 
4859.84 53.7959 
4410.81 1305.85 
6763.96 5912.85 
2217.02 3108.02 
9536.84 2863.82 
6932.76 538.633 
2781.8 5600.17 
2710.08 532.509 
4363.7 6476 
997.168 4873.22 
9018.11 4081.03 
5385.76 9655.35 
6232.06 3053.82 
5385.41 8954.39 
1351.15 6271.98 
751.526 6210.99 
6325.77 5162.33 
7516.83 3089.72 
1075.17 9733.86 
6197.74 611.994 
2597.66 3130.48 
1150.63 5379.46 
8730.65 3860.71 
5911.97 3094.33 
336.693 6909.14 
7967.56 9354.8 
990.15 3353.3 
9010.13 7222.21 
6407.11 4395.52 
6176.58 7758.26 
667.486 6928.11 
3969.23 6993.26 
2090.42 1486.05 
82.9585 3165.59 
1219.89 6280.7 
3777.58 3817.55 
9411.18 4928.21 
9197.01 8141.81 
8788.92 5108.97 
1236.12 9125.61 
2018.09 9203.68 
8480.39 3008.24 
2556.96 7490.51 
230.436 8964.07 
1886.02 6407.02 
6722.31 2553.5 
3335.11 691.531 
9546.76 5425.53 
2177.58 9629.72 
8591.12 3397.47 
5910.4 2368.69 
7215.02 5321.56 
7296.9 6412.02 
3463.35 6085.8 
1520.97 4699.47 
5211.4 3539.06 
3903.13 3691.77 
6547.3 6460.09 
1182.26 6777.74 
5424.15 3068.28 
3184.74 2146.44 
5621.78 6519.84 
2837.97 5168.53 
1945.36 5015.56 
4798.23 536.461 
8413.03 708.613 
2905.15 5628.03 
6030.17 202.031 
2040.03 9493.52 
6287.83 3560.99 
4192.97 1499.21 
7100.05 8096.11 
5190.98 3647.33 
4556.18 6373.25 
425.053 9980.33 
9441.53 3609.79 
2126.75 5063.29 
129.616 4964.73 
231.801 2074.97 
9980.28 5030.03 
2611.43 8393.29 
5738.64 5516.58 
4021.3 1768.8 
5718.61 6061.33 
1262.3 2006.43 
9622.33 5455.28 
3505.64 6722.36 
3551.37 8696.62 
369.679 8107.55 
5069.85 794.732 
8087.86 4511.36 
4404.52 214.598 
9574.65 4534.14 
5179.33 9806.45 
6609.11 5159.59 
4836.46 9220.55 
3552.87 575.092 
4737.11 7574.17 
2343.89 455.71 
3635.49 3606.19 
2462.14 3257.8 
9061.47 5967.78 
9980.16 2612.82 
4664.38 349.819 
720.354 9734.23 
1144.55 8808.21 
4245.58 5549.07 
9022.81 3820.21 
83.1947 4202.12 
3626.64 6692.31 
9361.71 8463.11 
5912.84 2914.56 
9038.2 649.931 
488.719 1382.07 
1105.64 4124.21 
4988.27 3567.78 
7382 4049.72 
9535.56 7362.14 
6662.54 4199.92 
7711.96 7382.89 
3934.14 8856.51 
6191.09 8179.72 
4405.57 5213.89 
1999.91 4488.76 
9416.01 5626.56 
1181.05 8777.7 
4089.65 7093.89 
1692.25 3127.83 
7743.82 2180.97 
4509.91 8849.46 
6305.18 9498.17 
2417.22 3687.16 
3547.88 1952.76 
1049.28 210.398 
6152.69 8761.25 
7593.29 86.8116 
7617.74 3784.36 
8266.53 2023.29 
8998.25 266.426 
6512.06 8414.24 
5892.98 7693.11 
7191.93 9982.63 
4786.98 8884.18 
3110.45 2530.78 
1065.13 7620.36 
1380.23 7370.31 
7118.51 3797.45 
1057.45 666.374 
5750.21 2106.73 
876.772 1902.88 
867.962 8470.06 
1989.69 8485.7 
2254.41 256.204 
508.978 1252.64 
522.63 7021.03 
9666.88 6415.61 
4714.13 6858.79 
6398.23 9501.11 
5742.95 9508.68 
2031.87 6808.08 
7129.02 3412.1 
4178.37 4247.51 
7209.54 5235.82 
4913.89 2959.74 
7342.55 5790.66 
4862.62 8210.51 
4260.7 6852.31 
6696.2 6515.11 
7108.51 7205.17 
7767.75 7631.14 
4226.19 7434.62 
4046.74 8940.32 
4293.39 444.946 
8441.41 36.3182 
9953.62 473.262 
6844.4 7082.62 
3885.36 1022.75 
1330.12 1094.89 
6258.56 6244.01 
4054.63 3601.09 
2034.65 8917.24 
1811.59 6295.35 
5769.53 8507.78 
2810.45 2878.02 
5712.94 578.186 
509.145 9939.13 
8012.8 4555.88 
8879.43 2306.17 
5000.83 7320.82 
2342.49 4954.43 
7794.08 9186.89 
2037.04 1679.43 
209.616 3367.16 
2774.31 6468.18 
9611.16 6828.94 
69.2556 1645.8 
5746.16 1880.84 
7941.15 1515.68 
388.61 751.581 
4393.7 6101.55 
1329.77 4902.85 
6040.66 9342.57 
9458.73 4920.08 
1648.72 4459.54 
2240.88 3991.21 
9413.97 34.9457 
3178.08 1450.99 
1714.37 3387.69 
4818.15 4488.69 
9855.87 4429.29 
1317.61 9925.13 
6075.09 7063.77 
1805.96 4016.22 
8579.45 2194.57 
4767.8 2973.13 
8296.12 6097.57 
7875.98 4336.76 
5440.12 7334.69 
9256.84 7088.84 
1794.2 1497.7 
1080.03 1208.16 
1532.65 4258.11 
2659.15 3247.02 
7645.81 7477.29 
7735.71 7501.66 
1906.57 9053.32 
7426.77 7981.66 
6117.07 9232.73 
1997.86 4696.5 
1427.28 6765.66 
7669.64 9723.39 
2863.21 5545.6 
4060.14 8303.33 
2880.27 3316.96 
5392.16 4674.47 
4814.67 6472.19 
5882.63 6347.32 
730.283 8541.77 
9594.34 8376.09 
6019.05 7330.03 
5877.74 7925.62 
6383.32 3304.49 
5907.26 2500.38 
2537.21 7905.13 
7196.88 3964.48 
4670.77 4866.5 
3687.86 7533.99 
412.082 7748 
5837.3 3292.35 
1064.94 1229.44 
7966.82 5879.61 
7701.63 3849.43 
2226.91 8431.91 
2391.18 1821.23 
6807.98 8410.23 
9151.25 2685.7 
6335.83 5534.56 
5990.2 2243.08 
8034.94 8527.4 
148.189 5231.81 
2491.87 4818.96 
98.2919 6179.73 
2352.93 510.374 
3927.71 8190.23 
3802.72 4992.65 
9419.68 1769.52 
872.245 7121.29 
5618.95 3099.15 
5553.18 8010.13 
4920.38 2361.15 
6420.34 4071.62 
5046.85 2756.16 
9606.18 1037.03 
4999.24 7641.1 
9564.43 5147.43 
2872.89 2056.28 
9966.39 2971.19 
8236.01 2319.3 
3481.56 2163.7 
509.521 7284.28 
7156.35 9929.2 
9053.8 8028.6 
7050.47 4672.73 
1127.73 2603.63 
2682.84 6048.12 
4964.78 9103.18 
119.719 11.6196 
1859.32 9725.9 
1048.65 6858.56 
7366.99 613.068 
2005.97 239.865 
2669.35 1972.34 
3211.05 905.342 
4291.65 6692.61 
3069.04 4801.17 
3976.88 225.377 
4730.35 3030.66 
8253.97 1780.8 
7703.39 9381.71 
4384.43 386.21 
5429.81 9349.21 
9489.39 5549.53 
9360.83 1348.7 
5275.41 409.469 
8207.26 2642.38 
1022.54 213.211 
2882.25 3691.89 
2185.55 6093.3 
4597.23 6477.2 
2785.89 7666.27 
1278.35 6762.77 
7891.65 6008.7 
9793.43 6145.6 
7789.5 7496.8 
5527.3 2173.91 
7883.01 957.086 
1523.11 7372.38 
6506.61 883.928 
8721.08 1782.01 
1293.4 6928.32 
4424.39 2315.93 
7141.53 7306.63 
6007.82 9327.08 
3399.91 605.032 
5804.27 6185.81 
8271.3 7082.62 
2948.56 6162.93 
3091.31 2741.97 
2308.52 880.789 
238.746 7835.82 
3054.7 8121.75 
8792.9 4577.82 
5494.12 5299.5 
5461.74 4215.18 
7081.5 6755.14 
1143.48 1505.87 
9071.07 8285 
8812.51 5078.88 
7612.07 2212.4 
5683.91 3416.32 
8398.21 3955.2 
498.921 1346.75 
118.112 3590.23 
4088.71 2426.63 
4471.02 4327.46 
262.432 7525.72 
2449.2 9055.33 
2103.52 7943.32 
4354.81 7565.26 
2158.48 1436.3 
4320.39 3301.95 
2942.17 3391.44 
1586.94 1754.66 
8470.32 9199 
3967.07 4154.21 
2615.3 2365.26 
8109.41 3114.22 
3712 8227.52 
6704.45 7800.72 
654.137 1175.45 
2128.16 916.568 
8701.17 4577.36 
9971.9 804.673 
2520.66 4326.7 
8369.94 4679.13 
5763 2690.3 
7981.08 8705.17 
6081.75 9568.02 
459.819 4552.05 
8767.01 4426.88 
8706.26 1382.29 
6792.14 6815.65 
4496.52 504.129 
5043.16 1200.95 
8304.85 5697.3 
2376.41 432.995 
6613.86 1077.56 
5010.36 6585.75 
1882.23 7531.01 
912.43 252.15 
2210.13 6675.43 
2942.45 191.2 
5380.59 9024.2 
9759.22 5840.41 
3576.23 8526.21 
267.273 2282.48 
9908.51 7059.41 
9098.13 4405.01 
7563.54 4141.28 
5605.96 5868.38 
9838.57 7982.37 
6301.37 6452.42 
9059.93 1311.71 
3038.15 942.145 
8842.72 3950.58 
1194.3 1052.84 
625.992 4136.75 
1244.04 6006.58 
3160.93 1003.24 
1846.97 6737.17 
9529.46 2114.24 
9019.65 9437.95 
9173.66 8117.76 
3842.94 6737.18 
2259.02 9448.9 
2605.54 2097.58 
7431.26 8906.91 
8550 6491.17 
218.601 1588.13 
7433.31 9061.32 
5538.71 8627.61 
114.144 6164.7 
2764.34 1358.18 
2171.26 5925.28 
2361.42 4018.23 
2662.43 1890.86 
6132.47 1682.06 
1328.79 5306.11 
9799.82 5171.73 
2043.27 2058.83 
4620.62 4648.81 
4156.41 2051.86 
3555.7 2706.39 
8543.03 3774.3 
4294.51 5976.32 
2835.61 9833.22 
4603.92 2949.75 
5997.91 7368.26 
4307.94 8169.17 
3293.52 6669.36 
2187.38 5955.94 
8560.22 8319.84 
7638 9889.01 
3625.93 7437.8 
5060.73 5669.2 
9496.63 9681.34 
317.997 3653.02 
1733.18 3873.7 
6359.4 276.194 
7648 653.902 
6252.52 483.596 
487.107 856.417 
3433.35 6485.01 
8224.67 7741.29 
4654.16 1518.17 
4410.63 6841.54 
7474.12 2970.83 
5161.37 5112.1 
2859.83 8787.3 
2549.88 7920.56 
4456.49 2046.49 
7601.88 4774.48 
5699.51 9335.07 
8648.18 2058.9 
9611.26 6296.17 
2712.8 5863.76 
6779.76 3199.91 
6720.18 213.097 
9684.92 4944.84 
7954.38 4339.07 
6463.01 2364.99 
1180.59 3937.11 
5335.83 6341.95 
9049.2 8195.66 
5129.24 1599.07 
6116.19 9585.72 
3645.56 3718.06 
4360.19 9345.08 
3053.11 3008.35 
1403.96 2664.36 
9304.52 4116.77 
8528.12 6084.27 
7316.68 5248.28 
6297.37 7001.58 
193.104 4251.73 
1340.63 6656.11 
6616.73 2521.22 
593.205 1952.53 
8863.18 9642.41 
148.174 3992.39 
1241.46 6264.37 
3578.1 4887.03 
9982.43 7938.29 
4232.09 3035.53 
946.623 5636.05 
5699.89 251.127 
9752.82 4227.99 
6335.4 7069.48 
9476.27 2632.74 
4071.04 9669.38 
6884.47 5411.68 
6325.48 3501.18 
7932.9 6918.68 
5453.72 6796.06 
6561.07 5601.89 
788.437 7802.54 
1866.24 4366.54 
2689.54 1848.66 
2304.81 6921.63 
4884.18 3251.43 
2557.66 584.052 
3502.56 2310.46 
4812.04 9837.95 
9379.94 4288.3 
2470.68 3450.97 
3957.66 9355.15 
8862.64 283.116 
2856.32 6795.53 
7201.8 8310.04 
3591.57 3762.85 
3911.91 4380.01 
1565.37 5778.16 
8746.54 4254.92 
7626.81 1051.33 
1176.53 2510.98 
4302.76 3734.19 
3095.03 7805.32 
6044.65 7907.07 
7643.25 5424.58 
2195.36 113.917 
8875.54 6153.01 
9469.07 7738.17 
6436.13 2325.37 
4533.68 3637.91 
635.393 8125.25 
7400.76 4547.3 
2505.24 8966.13 
325.444 1251.77 
3221.03 7952.26 
2303.1 4397.56 
463.221 6605.87 
8131.75 3558.25 
4411.17 4176.39 
1465.31 2054.41 
9600.97 3660.67 
2168.33 8476.49 
9813.68 1637.38 
6214.65 6249.8 
3962.75 748.311 
9887.71 4598.15 
8873.56 7288.45 
9145.45 1378.79 
6254.57 9470.89 
2630.56 9475.6 
7423.13 4933.66 
3873.14 7886.35 
1539.51 2004.88 
1444.59 5950.69 
6181.27 2909.9 
8005.09 5782.22 
6570.57 173.403 
4258.7 6384.24 
1810.78 473.325 
2634.02 5773.53 
1221.64 2521.71 
371.662 95.1826 
9810.16 9517.11 
1473.97 6064.71 
8987.99 4104.53 
5540.29 6411.11 
9038.2 9413.44 
4297.44 577.692 
1418.3 5742.04 
6528.38 7599.57 
8651.94 4533.45 
3381.78 5222.5 
4706.86 7640.47 
1606.72 6517.64 
8113.8 4240.73 
2291.16 9335.43 
6762.44 2662.82 
9430.62 6572.58 
2179.92 904.57 
2637.27 1167.89 
5009.1 8177.57 
7578.99 4047.28 
7590.99 1876.42 
4624.97 9009.29 
7618.46 1153.33 
6608.85 6270.38 
5686.79 9990.63 
1492.86 393.628 
7631.08 3099.58 
6911.27 5744.86 
7340.31 9202.43 
5080.28 4102.73 
1865.23 4510.87 
675.298 4045.15 
5415.44 3312.57 
5213.03 424.529 
1490.13 2792.01 
4471.81 9081.12 
4668.43 9096.78 
8090.39 2286.87 
250.095 4699.23 
8557.25 5936.88 
4689.84 50.09 
6330.51 2320.9 
3149.67 3241.76 
8065.76 489.962 
2444.17 3146.02 
4592.7 4309.4 
7656.89 5267.99 
8354.55 3072.32 
8580.57 3567.57 
3496.85 70.6747 
6359.58 7968.66 
9151.79 1027.99 
7065.42 7242.17 
3314.85 7315.51 
1941.38 1872.08 
3252.38 6631.22 
1922.17 9582.89 
8952.12 5071.84 
2824.64 7017.86 
5561.8 5268.81 
163.857 154.482 
9578.21 7820.75 
5422.48 7932.74 
893.05 4003.02 
1500.29 4389.9 
4073.7 7859.87 
2358.54 3225.47 
8887.86 9423.95 
467.627 2202.69 
6739.45 2409.01 
4074.78 9991.83 
9040.22 5996.95 
9574.7 7992.32 
1068.78 2399.32 
5010.16 6630.58 
7668.13 5174.02 
6785.06 7246.32 
2994.75 2207.52 
5179.05 3887.8 
6210.54 6679.34 
8277.69 284.227 
4539.19 636.213 
3509.7 3427.03 
60.1507 3977.33 
5629.73 6799.6 
6386.33 9704.5 
6791.42 5426.54 
5701.44 6366.1 
3418.84 6770.21 
8765.42 8429 
3400.77 6433.53 
3603 185.819 
3679.84 6597.75 
2393.34 8858.89 
485.531 8603.88 
5538.21 8763.23 
8888.11 77.3912 
9399.44 2397.79 
3504.42 9459.59 
6375.12 9134.15 
6259.17 2761.44 
8838.63 3050.57 
8187.98 4540.05 
9416.67 1606.8 
1310.25 8182.08 
35.7893 4711.03 
4615.6 3638.79 
4896.84 8295.44 
236.525 7290.18 
7154.31 722.056 
5894.05 2692.51 
9485.28 4782.14 
2769.9 8884.7 
7179.93 6274.32 
8344.28 3555.04 
5408.46 4603.43 
6316.48 4247.07 
7654.01 4504.44 
8787.13 7070.67 
6111.24 97.361 
5252.73 6147.03 
4808.39 9868.33 
9785.82 9705.23 
8163.75 22.3315 
6995.4 5318.05 
744.388 2889.43 
8010.55 229.652 
7671.57 780.439 
9114.36 4851.48 
7054.76 7458.61 
8406.52 2463.2 
2062.03 4722.98 
6710.28 9716.04 
9227.42 5497.39 
6786.68 5338.65 
5594.75 2039.4 
1485.66 403.117 
1907.71 1271.47 
108.33 71.4407 
1293.8 7103.73 
5389.49 2038.19 
9993.15 3400.02 
2267.84 7664.7 
4180.46 1382.18 
2516.17 1235.21 
8840.79 922.674 
3698.41 902.804 
5645.66 408.67 
618.823 4873.06 
5906.06 7405.51 
211.689 1500.79 
9444.9 1697.35 
1903.9 1352.59 
2968.82 2012.23 
1424.03 4262.62 
9115.96 6813.52 
6300.8 9109.1 
213.528 8568.64 
6773.78 4393.99 
9950.82 9289.95 
5629.2 8791.59 
212.607 9327.61 
9694.39 5858.26 
9736.28 313.201 
731.306 5642.32 
7718.71 942.996 
7143.11 7163.6 
2640.35 9047.01 
8516.19 5609.16 
1059.23 9940.22 
9871.78 175.173 
6753.73 6172.56 
9284.27 6967.26 
4741.19 6058.03 
1361.23 4691.99 
5347.97 6990.43 
3483.56 5560.57 
6318.02 3177.94 
1418.82 6054.29 
3491.14 2150.12 
1696.59 1209.83 
3093.12 8839.7 
8373.42 5733.47 
7886.7 6889.59 
1342.61 8945.93 
6829.8 1214.37 
