1900 2
6154.8 3454.67 
1323.95 5610.56 
5372.88 3684.45 
2970.93 9.72646 
5430.01 6902.23 
7141.02 9046.5 
4386.38 9666.46 
5506.66 7075.83 
4691.11 5877.41 
4101.04 8511.09 
8851.66 9710.56 
6941.89 9633.52 
299.947 1695.97 
8100.51 3909.05 
221.868 4562.26 
2539.56 6376.66 
8016.93 3863.51 
1987.21 3389.8 
7547.96 4958.13 
3399.52 2977.95 
1860.34 540.531 
2024.43 6246.73 
206.973 7531.09 
3322.53 4898.09 
3408.48 7423.58 
3409.16 2260.12 
7134.12 351.033 
1893.63 7434.06 
2047 9994.14 
1343.1 2268.87 
4556.38 3882.66 
8645.53 2573.3 
7746.17 632.722 
5963.09 5294.11 
5590.86 9362.62 
8272.07 7451.2 
9903.15 296.481 
3697.91 110.104 
7827.57 7020.44 
5008.19 1236.03 
4444 8417.36 
3496.15 1578.1 
8768.39 5389.78 
9012.17 815.37 
5383.9 355.246 
3084.24 9940.29 
4237.91 1729.75 
2513.57 1984.06 
2362.48 8476.66 
7278.17 7953.33 
7839.26 5550.22 
5404.51 7742.39 
5846.7 9102.42 
7852.49 3674.25 
6122.85 2860.67 
4910.28 566.833 
1278 8406.43 
2144.94 46.375 
3796.2 1157.08 
861.745 9180.1 
1512.33 3945.98 
9120.37 5750.24 
5675.74 1633.92 
7734.29 8038.21 
110.561 5012.45 
5991.52 7949.82 
562.647 1396.02 
5692.19 6409.35 
498.427 3544.66 
83.5799 6621.27 
6405.33 4993.86 
7188.11 7683.33 
3400.28 9333.04 
7729.71 7196.48 
490.111 8591.45 
6376.56 2002.44 
2537.42 5496.92 
7752.68 8213.15 
7130.84 5486.95 
6251.35 7241.4 
499.384 2242.86 
5191.2 1062.03 
3638.88 883.368 
7471.38 4137.31 
4428.03 7554.96 
758.563 833.341 
2548.8 7946.67 
8516.67 5949.08 
7279.7 6246.36 
3145.54 7769.81 
4837.8 9522.1 
9772.25 7375.22 
5019 7524.91 
5588.35 2149.82 
3011.85 1839.69 
9391.21 3511.23 
4082.54 4582.39 
4573.27 7721.42 
5465.76 2044.63 
1858.71 9893.79 
9599.58 2617.27 
727.115 2148.37 
563.928 9243.79 
8097.45 7843.63 
5490.13 1242.97 
5613.42 327.916 
765.053 5385.65 
7703.13 5784.05 
2910.55 3291.47 
7933.87 5922.4 
5131.16 7325.06 
9433.63 9213.7 
1907.44 4006.88 
6935.1 7373.2 
6051.5 8793.81 
7266.97 5651.07 
1411.07 7994.08 
7799.44 1975 
7237.86 5896.87 
9818.62 2727.97 
7139.84 5432.03 
3055.89 7904.89 
817.663 759.004 
3688.93 3728.21 
4050.47 1622.78 
9650.61 9181.63 
8947.84 9084.22 
8395.31 855.258 
3091.08 5330.4 
8228.46 9142.59 
4124.19 5495.41 
4793.64 5535.26 
3489.48 2593.06 
7510.26 727.315 
8489.93 7328.86 
3455.29 5629.75 
2760.87 6511.18 
3534.63 3578.53 
7270.18 7223.55 
7306.74 1320.64 
8846.33 6957.34 
502.249 7794.15 
6041.54 8897.56 
8649.41 9132.62 
4227.94 6877.85 
8275.19 8352.13 
2373.24 3068.82 
3887.37 5862.71 
5661.88 1397.61 
6590.03 4151.79 
8726.47 45.2996 
9781.55 1487.32 
6556.48 3316.16 
5065.86 3826.64 
539.697 2372.59 
5147.28 9386.03 
9329.92 5649.52 
7180.16 5371.44 
4547.07 5829.55 
4504.05 8775.01 
2707.38 2779.23 
7127.12 5080.62 
5848.04 1014.47 
943.317 1509.9 
2412.08 7533.35 
5661.7 1138.53 
7578.65 5443.23 
2625.86 4135.1 
8759.39 7691.72 
7961.74 9299.09 
64.2852 3109 
8685.1 9394.21 
8758.53 5865.24 
4765.63 3305.58 
1694.78 9269.68 
2080.57 4402.16 
2048.89 9207.68 
9482.78 7896.93 
222.14 426.079 
9406.83 2634.22 
7959.43 5068.52 
3772.76 5538.05 
511.728 6398.61 
9673.16 9271.12 
4090.31 7634.89 
8570.19 4154.6 
743.872 7255.27 
3548.79 9502.4 
3120.49 8314.42 
2807.96 4815.27 
7584.09 4888.53 
9217.42 9632.98 
4096.2 8700.19 
7529.89 4318.34 
9126.26 6936.71 
6952.56 7085.67 
2005.21 725.295 
2623.71 2516.94 
7123.91 2296.85 
1788.04 1214.21 
9931.74 358.206 
5368.8 675.593 
7613.47 8917.59 
177.976 733.945 
7232 2985.94 
5549.21 4816.07 
7874.47 4766.62 
4449.03 1970.65 
3466.79 1978.9 
6288.98 2593.03 
8915.61 3241.52 
9678.71 920.802 
3966.81 2302.4 
3437.74 1090.71 
4599.25 5225.78 
2304.91 4530.97 
5583.98 7673.72 
5206.57 3197.44 
6591.29 5384.54 
3931.38 3823.27 
8370.48 9480.59 
8639.34 6244.93 
4247.2 3088.35 
8215.57 7713.98 
5067.25 4504.54 
306.999 3982.84 
7746.06 9985.71 
4903.64 1712.86 
2288.09 8341.38 
2803.56 6887.34 
3567.14 5108.47 
1418.3 9151.12 
2782.17 6624.86 
2348.55 9373.47 
2009.39 6279.93 
3196.72 379.852 
5760.51 1836.04 
6624.78 7.68466 
4924.39 4840.34 
7721.67 9991.64 
9344.87 8028.67 
3974.46 7090.92 
8014.35 8878.11 
8803.77 302.426 
7219.47 1607.32 
7189.77 786.599 
6715.79 8608.06 
9937.72 9497.96 
5232.91 2286.25 
8871.41 7242.3 
8566.18 2068.12 
7622.15 4326.67 
3904.16 4246.91 
4334.35 8828.55 
9087.25 2056 
8820.18 8432.11 
84.6517 2794.63 
5523.01 8099.01 
1672.72 4326.76 
8401.43 8892.19 
5934.08 5591.18 
9678.79 2649.85 
4199.23 9616.5 
2147.8 9432.14 
1902.73 1019.19 
6674.42 468.895 
3087.31 4296.56 
4795.56 6991.48 
8543.47 9129.92 
5820.02 7630.7 
1185.9 4640.18 
6062.8 1270.56 
7434.8 1585.78 
9369.56 9107.52 
5912.54 7770.98 
7999.69 1846.6 
3362.14 7678.47 
4496.45 7561.37 
7294.95 6644.25 
6993.49 9197.68 
7663.44 3667.89 
9666.57 750.739 
7964.45 4462.12 
7742.22 6507.9 
3592.02 3562.22 
4138.59 4777.93 
8202.39 201.366 
6048.48 5637.18 
1787.15 5418.03 
4744.68 7699.69 
3188.99 2744.35 
9546.3 6551.12 
422.804 4042.73 
4112.47 7717.75 
686.963 1105.95 
6915.41 8350.41 
4773.84 6581.97 
9101.15 2738.27 
1044.07 6843.34 
9246.17 4636.1 
405.543 3384.74 
9414.02 8607.93 
3586.1 5462.49 
4245.09 5373.25 
880.497 8989.77 
3072.93 4069.48 
1734.11 2619.21 
620.59 2156.91 
6661.94 4733.06 
9874.66 7348.91 
5839.01 6790.06 
5699.3 612.83 
3372.01 4800.43 
3351.1 4416.09 
1643.75 2597.25 
9052.18 2049.3 
5981.98 8466.19 
657.213 9568.09 
3928.66 4902.31 
4941.33 4809.15 
3892.06 8014.26 
8878.64 5626.17 
633.455 9499.23 
7783.08 7295.4 
4232.28 7657.72 
4644.29 71.2684 
4447.77 343.572 
684.098 7819.78 
5144 4035.2 
2235.85 6787.75 
6632.44 1288.01 
8837.05 2614.41 
9754.2 9494.26 
2182.48 3682.84 
4396.55 7123.81 
8491.99 8288.61 
5138.05 7370.61 
3914.76 5771.51 
6869.82 1697.82 
3066.89 1102.08 
9355.54 7711.18 
1173.35 3803.29 
8054.75 1857.45 
1623.05 3198.73 
5892.64 3858.9 
9986.48 2525.07 
5146.91 8823.51 
5139.48 4901.09 
8317.75 7321.96 
8583.93 2714.29 
4445.75 7075.91 
1002.88 9583.8 
4446.51 4917.64 
5355.29 1316.31 
6615.46 8422.18 
2418.4 5970.98 
6133.34 3591.75 
9774.27 4188.08 
5449.2 1397.3 
7386.81 1341.82 
5256.2 7373.27 
3866.89 403.094 
6196.77 9006.37 
5304.19 4514.51 
6328.31 3888.1 
7228.79 774.048 
963.997 8231.67 
357.832 5410.5 
3149.29 5713.12 
6726.82 9764.75 
4135.28 9145.22 
5735.71 268.605 
2736.95 5509.96 
4456.68 8186.14 
6907.27 1843.47 
9527.97 2163.45 
9216.75 3394.84 
2566.54 5413.5 
2401.2 7870.73 
9928.01 8729.51 
1758.82 7156.78 
9503.56 2722.81 
5388.44 9861.39 
8133.32 8537.74 
5574.5 4860.12 
8302.47 9709.78 
4005.32 4038.16 
9978.38 6742.27 
9548.12 4435.05 
4928.39 6455.37 
6278.52 4456.34 
8618.82 5495.25 
7851.19 1185.35 
908.732 252.371 
9056.08 836.721 
8981.88 814.882 
7993.51 8485.43 
3537.7 3381.93 
8346.81 1671 
1919.65 3921.29 
6531.12 222.097 
3631.05 536.419 
4260.26 3609.42 
7278.68 3808.37 
8044.46 2207.06 
263.723 4322.97 
6663.4 8882.55 
9818.22 4514.58 
67.8815 726.935 
4766.95 9123.96 
1563.66 3748.82 
9938.84 9557.16 
2234.23 3476.52 
2939.07 581.02 
5147.52 4858.72 
4502.31 1678.62 
5080.82 8133.36 
2215.04 9341.08 
1742.76 9493.72 
3149.42 9787.22 
1700.77 3413.15 
4110.17 8364.17 
2295.68 3928.38 
2878.73 2363.56 
4655.31 7645.68 
1487.51 6218.97 
1394.48 1426.33 
5776.11 3628.71 
4902.86 8715.18 
4209.73 50.3599 
3573.89 8712.03 
1728.98 8654.71 
6845.37 3944.02 
7995.77 8588.13 
3437.72 1145.17 
8375.33 5138.49 
4558.32 2485.49 
3502.64 6854 
6413.86 6381.37 
9217.56 1069.16 
4027.03 705.047 
7288.12 5421.51 
2131.38 3064.22 
9050.21 7034.24 
1779.38 3259.92 
7084.6 5353.27 
1971.94 8813.58 
4007.96 8817.31 
2757.58 2003.71 
7405.42 6195.3 
3148.88 5780.74 
1333.77 7707.2 
8266.23 4836.41 
4561.19 4680.07 
1217.77 3778.73 
5749.23 5244.8 
4483.77 3037.33 
666.289 6615.16 
6101.55 9716.5 
3649.38 7880.93 
2976.41 733.957 
3234.19 4948.35 
9547.53 7242.15 
3765.64 2305.09 
9245.87 1171.05 
8500.39 2394.73 
6951.79 9834.16 
101.922 5218 
4670.56 4663.11 
9898.07 5888.32 
8441.84 5647.28 
1133.1 2925.59 
8684.61 1799.39 
9540.75 4786.14 
1515.88 3190.11 
2667.06 4492.29 
3924.06 5901.25 
9440.64 3471.58 
3143.39 3206.27 
5776.67 2389.24 
4377.32 4277.05 
4783.97 1329.09 
4111.2 4885.89 
6547.08 8781.75 
9549 6445.14 
4670.06 7990.82 
2092.4 5803.16 
916.396 776.989 
7602.56 457.127 
5563.13 9118.43 
3647.23 8230.19 
3610.71 7571.3 
4131.42 3051.33 
1042.86 7274.81 
6257.59 6819.54 
9664.05 634.892 
1096.57 4448 
1963.98 5207.77 
9333.9 8511.06 
3989.51 8882.88 
4956.18 8659.57 
6873.68 7048.58 
4462.71 7790.08 
7825.57 2065.25 
8247.21 3388.68 
1183.67 1894.42 
1618.86 4794.38 
9465.72 5750.28 
7845.7 508.567 
3025.08 4103.28 
7328.1 2689.11 
4738.17 8424.68 
7137.11 6702.15 
3632.43 6470.99 
5213.2 7621.93 
5353.86 169.362 
6281.48 2227.52 
7217.94 744.177 
17.5876 5043.49 
2809.43 8264.79 
8432.17 3993.1 
159.201 51.0122 
8787.47 9624.92 
5801.29 6633.16 
133.472 8826.37 
736.417 7461.58 
1515.46 5474.59 
5886.24 8652.57 
2176.72 9518.66 
5123.55 7389.92 
7140.58 477.388 
7559.28 3422.04 
2704.91 4777.2 
4166.22 2722.5 
9820.69 6975.65 
987.277 8252.85 
968.729 1146.48 
8303.86 9756.2 
771.383 4105.14 
6389.34 904.855 
2931.49 7125.76 
8366.43 4446.95 
2600.33 4252.65 
3099.5 4777.05 
3771.3 8223.05 
2166.95 911.859 
8700.44 9726.23 
4333.9 1405.33 
4503.41 8500.13 
4127.83 4324.09 
5475.76 5115.11 
2576.92 6444.49 
6261.59 880.769 
6200.67 7032.97 
4985.91 2589.99 
7937.83 7917.4 
9715.75 6304.24 
2364.33 2316.06 
556.876 5463.83 
7093.11 4328.17 
3686.86 9260.06 
5240.03 2387.28 
8986.27 9573.94 
3792.62 3489.66 
8074.04 7920.45 
7813.75 3549.79 
3035.55 390.66 
9994.27 9297.13 
1271.43 6194.93 
6330.09 6257.34 
8784.92 4267.9 
4174.71 8500.66 
572.125 6539.04 
816.705 1129 
2002.85 7909.82 
5457.17 5689.72 
7169.86 697.189 
8077 6156.11 
271.109 1869.6 
9645.77 8345.15 
9790.05 7459.51 
1894.92 2825.58 
7850.17 1889.18 
2122.7 9121.6 
8084.11 8452.79 
5378.92 6869.01 
2720.67 9553.63 
5369.66 3292.79 
6092.66 6186.36 
4421.79 8095.51 
4096.16 9878.97 
3785.21 1266 
576.139 1862.19 
7422.11 847.248 
3731.79 7067.87 
9192.4 3521.82 
4527.36 1087.31 
6347.4 2377.51 
2976.49 8470.1 
1499.09 1060.58 
6922.86 6878.01 
7929.59 9643.53 
6431.62 3299.23 
2936.31 2524.26 
9485.59 7358.1 
619.755 3581.73 
7237.05 4404.96 
4847.73 7813.19 
6267.15 2269.82 
8660.44 9998.94 
9337.69 7852.82 
3520.75 3865.03 
8940.13 9868.15 
6242.54 1916.6 
8338.23 7741.64 
2977.18 5261.07 
4619.63 906.751 
4904.59 1051.24 
4205.98 7840.89 
3575.5 3691.55 
5198.98 4195.26 
7273.29 2436.01 
8600.22 2121 
249.183 4867.35 
4390.82 8909.62 
4866.27 3728.5 
6762.42 8387.02 
7593.53 5702.54 
8255.15 3836.05 
7619.14 6593.36 
1577.67 596.294 
1854.41 6197.3 
1503.05 6759 
7248.54 5709.03 
4599.88 824.026 
9400.58 9798.86 
5019.28 6673.85 
2234.85 3619.48 
8794.85 2484.03 
8486.83 3185.66 
1393.64 3353.09 
6914.15 8156.06 
1740.1 4507.66 
3858.58 9995.25 
8343.72 1477.7 
6588.59 9921.39 
2073.99 8443 
6118.68 3577.04 
5201.99 3367.2 
9286.06 9801.87 
4191.23 8686.62 
9600.71 9210.51 
5360.46 1835.54 
2829.98 4155.29 
4319.57 1316.79 
7340.94 5713.21 
4669.89 4255.08 
3869.26 6409.98 
8762.74 7727.84 
6405.21 7106.44 
9205.54 2993.78 
7027.81 1279.51 
1436.76 3146.47 
4856.55 6638.75 
6513.68 4142.6 
6440.6 704.888 
2829.21 6041.29 
9915.4 8189.66 
7876.83 2745.36 
2344.93 2196.38 
4062.15 9685.87 
7909.6 8732.04 
3940.93 1778.84 
5142 2703.65 
9506.67 1547.2 
9810.09 8712.19 
4540.98 6837.89 
9991.71 5977.74 
9984.36 4848.24 
2616.47 6498.02 
8990.84 9057.07 
7202.91 1820.03 
5098.34 7118.29 
9.67614 2975.15 
9863.65 2354.61 
5171.54 3925.78 
2040.46 3081.12 
2657.8 5981.39 
4859.95 7799.81 
8685.05 4366.61 
9347 8495.12 
3078.79 3887.96 
5333 3070.48 
9865.71 5317.34 
7918.72 2482.16 
1815.35 6909.54 
1539.22 9018.26 
8729.57 6637.56 
6136.53 8739.25 
9612.71 6000.17 
1093.84 4784.23 
9925.95 3134.3 
7865.35 2583.73 
9115.7 2725.28 
383.524 7800.73 
7091.89 9730.53 
6295.83 170.661 
3618.47 1628.81 
3241.14 3484.16 
6946.16 1159.84 
5966.32 8761.5 
8069.38 7505.54 
7779.74 6798.94 
4143.08 3916.26 
5538.17 3755.78 
9916.43 6632.01 
8540.01 9842.36 
9766.32 6405.34 
2426.07 8882 
9130.62 2809.6 
6682.71 6222.5 
2540.11 2978.53 
6393.16 6158.58 
4607.34 9634.3 
9642.74 1553.48 
794.12 5609.05 
314.965 8863.5 
3114.57 8094.71 
5662.43 7257.66 
2010.95 1200.58 
1013.42 1927.36 
7832.6 9553.43 
1769.7 7598.9 
5958.75 4195.78 
6480.88 5089.35 
7005.38 3163.57 
1311.83 9545.49 
6142.1 7704.99 
5704.05 749.421 
7339.27 5346.77 
2302.9 8133.39 
955.806 2617.86 
6996.88 4070.38 
712.557 2659.29 
1328.02 2723.51 
3859.87 2341.43 
4650.87 1692.45 
1894.84 6420.58 
9291.34 7853.59 
616.336 5772.2 
2942.93 7621.71 
8935.77 4254.76 
7167.18 5077.85 
1959.73 2871.21 
5827.28 9299 
8217.99 8130.17 
7432.38 9173.79 
748.022 4429.23 
3244.16 1460.58 
7088.52 4572.17 
4184.09 948.371 
6913.6 8834.96 
2640.82 8808.45 
5255.52 1932.15 
6662.02 5871.86 
7704.35 9604.95 
3493.55 6640.11 
3859.69 660.718 
1717.95 5819.42 
3531.93 7545.22 
5118.41 1749.9 
5675.38 2550.77 
923.678 6423.4 
6980 4167.83 
7883.98 4068.51 
8740 2068.05 
5016.88 5653.59 
903 7657.7 
4462.02 6158.52 
9589.84 1124.02 
2030.36 7294.17 
728.954 5523.92 
3934.26 4588.64 
6184.64 5652.21 
408.048 9716.57 
3197.41 5526.46 
1466.45 8872.79 
8077.23 2390.13 
5296.17 5057.21 
6557.96 3180.14 
9125.72 5297.95 
5248.19 4142.58 
951.524 6151.19 
1800.26 5413.55 
2309.7 1390.08 
6537.57 4340.06 
8684.25 7266.52 
9863.98 2618.5 
1855.15 6048.6 
8270.71 2263.2 
5765.15 1468.11 
7789.66 7231.6 
340.884 5866.87 
9621.73 5637.06 
924.06 6179.68 
8817.19 49.761 
1477.61 4065.37 
4192.34 2429.13 
216.541 5992.6 
7842.68 2526.24 
7382.68 4380.23 
6866.3 6066.92 
1646.74 6730.26 
8685.42 3501.89 
2778.85 6956.12 
5765.09 8544 
8424.22 3554.73 
5775.58 8765.11 
9421.59 5397.3 
4402.15 345.636 
1576.96 3219.33 
395.397 3054.57 
7284.7 4587.74 
5483.7 7501.24 
580.316 3326.37 
27.457 7962.99 
7706.6 6893.76 
4029.89 9353.34 
3624 2715.29 
2855.22 6402.85 
9671.41 8620.3 
4946.83 8095.62 
2175.02 722.396 
6860.71 1596.59 
6119.7 1262.84 
1942.23 7696.66 
4482.17 2337.63 
751.208 1766.85 
6925.36 6234.91 
9268.08 7505.68 
9561.28 9295.54 
5468.65 7267.86 
6189.28 9498.55 
6621.19 9813.28 
2213.82 9476.4 
6216.11 1885.22 
8096.69 1162.92 
9980.83 271.687 
1885.32 6841.52 
1868.28 8005.02 
8104.37 3810.51 
5701.65 2586.52 
6148.13 6452.86 
4353.36 3073.48 
2687.76 3621.43 
579.137 2249.02 
2916.95 6047.79 
9516.88 9106.23 
5546.32 6138.05 
8919.49 7760.14 
5614.43 5135.59 
9645.36 3711.1 
6298.51 9626.17 
3982.79 8183.83 
6467.68 5851.07 
6188.83 4572.03 
9661.57 1890.47 
7158.55 5809.69 
8343.33 1511.89 
8883.17 1031.07 
5133.32 9462.3 
3280.08 8050.27 
5510.08 2796.95 
7156.49 1056.38 
8934.99 6075.96 
8816.52 4549.41 
1211.53 8461.87 
8260.51 7510.04 
8088.02 2243.29 
5693.86 4555.69 
8094.35 1882.67 
9127.72 7755.91 
3773.13 6286.25 
3565.58 2116.44 
7798.14 2448.73 
3147.51 2931.45 
1911.02 6427.59 
981.701 7421.1 
9224.54 8138.19 
8477.48 8159.51 
4214.13 7293.98 
2708.9 5425.66 
5755.83 969.399 
2935.69 3843.84 
3212.68 8629.54 
8399.53 1307.02 
512.193 7527.23 
9062.93 4285.33 
3813.46 2628.5 
6401.77 1611.58 
5077.24 9549.28 
4543.03 6988.26 
5976.85 5524.73 
4409.34 5201.37 
3662.9 2886.8 
3360.87 7877.03 
180.766 6069.77 
3302.68 5936.6 
7039.17 6238.36 
9780.44 251.839 
4867.89 8179.95 
1558.86 5380.08 
5707.16 621.777 
9665.41 9520.62 
3250.28 6067.16 
1132.18 8327.51 
5616.42 5675.21 
5315.75 1593.25 
1199.92 9725.09 
6794.63 4862.82 
2611.87 155.476 
2739.83 2792.63 
6225.25 6042.51 
8729.23 3264.4 
2280.85 8509.65 
3516.24 7148.74 
6689.58 5075.1 
2528.81 2396.73 
5696.88 2194.2 
1917.33 8947.16 
8261.36 3049.51 
7274.65 3877.76 
8724.72 2590.39 
5471.02 9924.64 
2315.46 2265.62 
4787.45 4927.33 
2421.1 7527.28 
7719.96 8646.35 
3569.77 6449.18 
1910.73 5850.63 
4958.82 5426.97 
2999.36 1648.38 
502.058 5528.16 
4045.11 6198.94 
7722.36 5962.44 
5146.07 5983.7 
9011.95 2420.71 
9861.47 7736.65 
5011.1 5332.46 
7661.27 7326.56 
7598.09 2448.7 
2253.87 19.1732 
9975.98 9973.83 
8665.52 3545.74 
6423 576.239 
9396.37 1381.8 
6003.21 2395.71 
3030.18 6505.27 
7923.87 7075.29 
2704.19 5646.22 
3037.71 7850.26 
1629.9 2049.64 
270.958 1491.35 
9786.28 5282.06 
6823.82 7447.54 
2608.6 4421.89 
9896.24 4862.47 
4441.06 9872.21 
4836.29 3106.57 
3417.93 1259.26 
3682.8 2814.28 
2641.06 9686.02 
5209.98 5671.24 
6191.27 3133.84 
2746.51 8895.46 
8780.05 5784.22 
6745.71 409.938 
7833.86 7016.66 
1901.29 7620.12 
2298.7 8725.1 
5067.65 4907.3 
3146.98 4963.87 
9769.77 7588.04 
4836.06 4606.04 
694.585 8253.99 
5865.3 4377.39 
1068.25 8506.36 
4063.39 6278.23 
4177.58 254.644 
9412.07 6924.09 
9150.1 8192.11 
2708.3 5895.79 
8602.04 542.139 
2912.44 503.315 
8162.26 5211.14 
9228.42 3229.89 
118.427 2375.38 
8193.76 9888.2 
9963.41 3029.81 
4494.22 657.982 
1283.78 359.505 
5035.37 2352.03 
8865.87 9098.76 
8630.26 3043.43 
9353.41 8042.31 
9967.53 8503.49 
6234.4 2675.81 
4399.27 4836.43 
3217.95 7311.71 
5339.75 1380.19 
2522.83 4568.15 
4610.09 2641.26 
6943.53 2803.83 
2529.44 6906.92 
5833.64 7023.66 
7564.9 7117.42 
7383.16 2600.26 
9469.44 6249.01 
1699.01 8099.69 
9292.45 1052.39 
6141.98 9259.95 
9555.89 2376.37 
1935.74 3955.14 
7212.8 5153.69 
1266.82 2552.53 
6533.88 3789.65 
7120.68 1143.95 
6430.91 4064.19 
3947.78 8960.35 
971.094 9781.42 
5983.99 8536 
6898.82 3367.13 
1136.24 6368.25 
9616.14 2835.25 
4467.91 8908.57 
3887.64 609.88 
8168.51 3443.51 
2986.25 104.236 
7398.65 199.034 
5257.93 8665.47 
2751.56 1791.79 
2455.1 9872.24 
2935.74 8886.01 
3936.41 6883.53 
7846.34 4907.51 
6664.93 3830.31 
3443.49 3563.74 
7197.44 4579.73 
9931.98 6813.57 
7414.98 4399.88 
5722.12 1302.6 
5009.76 3890.61 
4746.11 7996.01 
3994.85 2144.74 
8195.04 9252.78 
810.194 946.591 
1044.55 3265.3 
818.816 3980.29 
2151.29 4755.23 
863.802 9997.64 
9662.74 7528.73 
3827.93 3106.21 
1092.45 1025.36 
7685.94 1024.42 
7838.93 5100.9 
5424.3 3561.03 
6403.51 434.04 
7451.65 1149.61 
8430.05 1446.48 
3294.35 6625.08 
699.236 4104.54 
7571.67 1743.79 
7369.84 8390.48 
5724.08 9521.14 
3145.7 6587.88 
9518.76 2808.42 
4116.6 3346.67 
5914.63 5209.05 
4372.03 3600.55 
6233.47 2210.94 
8701.46 1657.75 
5771.97 5104.95 
2091.79 3223.6 
6254.55 521.822 
4670.08 9548.9 
7146.9 5369.31 
3653.43 4718.55 
7113.1 1023.25 
3109.01 2837.16 
544.373 6254.71 
9425.04 63.1121 
9063.12 3541.62 
3409.78 4977.73 
8750.67 7781.81 
8578.28 4984.12 
9992.75 7279.72 
6641.87 5764.7 
2384.65 8733.66 
8988.3 8639.21 
9255.48 3658.36 
8188.1 6402.36 
9027.67 1841.51 
1120.89 6140.75 
2864.77 4229.91 
8977.9 3409.14 
484.599 8402.92 
3472.25 9547.72 
1944.52 6882.03 
4525.44 695.174 
4663.83 3103.71 
5679.3 4656.56 
383.415 2321.15 
421.242 2768.07 
1054.79 9409.54 
1407.26 310.256 
3067.88 9595.36 
6712.62 2095.53 
1436.85 7833.51 
8236.27 4301.62 
2063.4 7214.16 
7710.76 2548 
5617.06 1182.99 
2095.71 7561.59 
8065.02 6621.15 
8256.76 2728.83 
9724.85 3936.04 
7385.39 108.252 
6257.19 7806.63 
2876.32 7311.98 
7216.16 4283.58 
7622.24 284.016 
3878.93 4334.84 
2379.54 5315.78 
2168.33 615.801 
9617.4 4231.73 
7829.96 7328.14 
6779.73 3447.01 
8511.13 8875.44 
1008.58 6576.13 
5496.56 9265.34 
9304.96 5221.4 
3201.36 6690.34 
5329.65 9458.55 
4496.95 8205.98 
6770.51 1713.09 
2489.54 4392.73 
1997.11 6368.47 
8727.57 4376.65 
1684.23 895.883 
4992.45 1301.61 
5127.61 2822.4 
8629.75 1907.33 
6269.4 7140.86 
782.745 7277.98 
3716.97 6279.31 
6543.3 3021.92 
1500.69 9744.66 
9712.26 6830.35 
9203.2 4209.2 
5036.31 5973.69 
5922.29 7525.85 
366.407 7919.39 
3894.3 9093.98 
2296.03 5578.54 
9989.86 7288.48 
6880.15 5117.46 
110.862 5509.88 
7024.78 6380.26 
2650.72 7807.53 
3658.23 6367.7 
4086.82 201.511 
9389.62 5587.51 
9946.17 9101.86 
2417.85 9149.35 
3311.04 7454.15 
5123.03 9233.33 
4979.99 5489.43 
7152.7 8874.29 
4583.39 9448.73 
4452.81 4573.23 
6737.2 1332.94 
9690.69 6848.06 
6842.83 6715.46 
3228.31 9493.55 
4522.97 6886.54 
5861.23 8609.79 
7088.05 5250.83 
4197.29 7034.2 
4352.68 6615.13 
6183.54 7663.71 
4069.27 1306.55 
6897.02 9049.26 
6795.98 4049.71 
7923.53 1379.35 
3498.43 2376.32 
5952.59 235.61 
3709.27 5643.26 
7083.67 552.075 
2358.71 311.963 
45.6075 6881.68 
7198.5 5906.84 
5491.45 4286.53 
1157.65 9688.74 
1320.71 5510.33 
6303.85 7504.25 
3174.03 373.107 
8810.8 71.0321 
9422.36 5606.76 
4120.74 7345.88 
6986.11 7619.17 
9722.2 2938.68 
7854.78 3431.45 
8581.95 4938.43 
3983.53 940.637 
5250.4 4029.14 
7822.31 2448.88 
9935.97 3313.74 
6735.41 1093.61 
3002.46 8056.12 
6603.94 9306.32 
5560.35 9777.96 
9679.42 4371.13 
9849 9101.77 
9977.89 3969.72 
6447.63 6963.98 
1588.87 6169.82 
9902.67 9443.65 
9601.27 8484.6 
4382.07 3584.79 
9425.24 9632.47 
7613.92 7247.53 
2081.33 7549.88 
561.258 8816.73 
8643.49 3563.72 
6872.84 5247.41 
2870.02 2433.17 
5025.36 2549.43 
6804.3 4874.34 
1651.18 6782.17 
8844.06 8098.82 
3746.14 432.915 
4268.62 3648.79 
9876.57 3869.88 
2133.37 4258.62 
7454.66 1558.59 
3891.07 5068.57 
8806.12 5972.4 
2618.43 9367.38 
4789.12 1261.9 
2931.08 1661.93 
6509.31 5801.1 
4095.11 1534.65 
8350.53 899.391 
6408.99 1.69866 
7681.56 5253.03 
8100.52 1427.69 
5685.94 2369.12 
5076.48 5562.49 
6239 7209.85 
9821.11 3693.64 
8768.44 3712.16 
8762.21 7574.54 
9684.56 1380.62 
6941.9 4473.66 
2642.52 9872.98 
6135.59 9151.83 
5674.07 230.683 
686.458 4024.58 
1130.07 7095.44 
4026.28 8811.64 
2348.45 2126.78 
239.309 8034.39 
4495.9 5315.78 
3596.87 734.876 
2525.61 3417.96 
4428.52 1294.03 
7130.12 3190.71 
8868.57 6814.67 
4571.33 5810.45 
1288.31 7213.84 
5683.41 7423.9 
6365.65 1357.46 
7654.59 7052.11 
5382.04 8784.66 
4147.54 9408.32 
7596.28 6495.99 
1535.08 7835.59 
4530.36 6030.98 
3151.36 8127.23 
6765.85 5676.98 
1545.18 1194.35 
6971.01 8675.3 
4385.06 5839.56 
5489.95 8956.39 
1649.99 6778.26 
6170.21 7333.41 
4202.14 2535.85 
8690.87 1856.71 
9587.96 4072.89 
641.359 3735.48 
3481.19 8237.64 
231.453 5016.27 
6073.22 4761.82 
1047.23 9224.58 
2889.03 7813.09 
4901.54 4434.21 
9007.44 1872.53 
3109.49 3392.49 
7712.09 8599.44 
2348.86 9362.08 
5377.68 8519.07 
6695.47 9579.82 
1054.91 5386.32 
1436.52 642.851 
9459.21 2077.88 
4378.33 2940.39 
315.506 4609.78 
7956.66 6388.72 
9371.6 9003.9 
5613.29 2260.62 
6816.97 514.808 
6694.82 5824.4 
2387.34 9804.31 
9216.88 99.4107 
8403.73 1565.73 
9461.5 3781.4 
84.7822 6156.95 
3361.2 1139.69 
1543.26 4797.73 
1782.54 1002.45 
6875.61 6160.87 
3942.84 7191.11 
770.64 1899.49 
3579.82 142.225 
903.372 9193.11 
2402.84 7720.34 
9707.91 9097.67 
3544.72 2095.23 
8901.96 2761.59 
2194.64 7305.68 
4327.31 1656.12 
1087.05 4412.1 
7813.07 4448.26 
5551.79 9356.33 
9245.98 7334.33 
358.768 6121.57 
3495.18 4301.61 
3312.67 4265.82 
6201.1 6892.48 
4408.05 7104.47 
6085.57 6810.89 
4824.8 5793.47 
5908.54 8369.52 
7888.7 4810.48 
1131.09 83.3298 
2116.14 5458.41 
1739.45 3203.19 
9870.5 9552.53 
7651.45 5422.27 
8908.84 6897.42 
2756.58 9267.61 
3018.97 6251.77 
3569.2 6331.64 
517.57 9770.31 
3224.1 4925.62 
6874.76 9309.68 
1736.49 1699.55 
5103.13 7645.03 
69.0514 2991.81 
2455.49 1200.15 
3075.14 4571.63 
6658.55 4814.6 
7774.82 6529.04 
4367.1 5426.26 
1951.3 3275.93 
2323.66 4707.88 
2543.52 5342.63 
959.63 6112.72 
1674.25 1477.2 
5883.01 4898.35 
6402.82 2757.76 
4208.01 8139.31 
4457.31 9311.14 
5784.32 4526.36 
2302.94 8239.8 
5726.5 5378.08 
2811.42 2385.04 
192.658 586.22 
8914.08 4559.76 
6012.48 865.362 
7835.69 8336.13 
5573.24 379.193 
3678.75 6532.87 
6491.92 5353 
8010.07 2374.91 
251.332 4412.88 
5132.67 4459.34 
2552.17 9589.98 
3770.47 8336.48 
4116.32 6073.4 
6576.27 9842.82 
1451.47 9387.68 
2227.84 1644.12 
9973.9 1141.91 
6203.89 5986.36 
2007.27 4039.56 
4322.48 7580.51 
4418.75 8001.23 
4113.37 910.654 
3354.21 2123.43 
3285.57 3605.54 
6536.3 8418.24 
8064.88 9088.47 
8008.2 1835.33 
7424.93 2124.5 
7908.74 4001.18 
1967.31 9360.21 
3388.85 4195.15 
1004.31 3362.74 
5337.06 7208.2 
9349.1 7344.33 
1247.74 3671.56 
4924.83 5666.5 
1672.77 9038.2 
6577.15 5026.98 
1161.61 9862.72 
8632.52 7697.91 
8280.94 6697.38 
6786.36 6289.12 
8532.72 4211.28 
8413.63 6441.44 
8212.46 380.923 
5801.63 1601.29 
4576.08 6805.94 
4964.03 9913.14 
4014.12 4313.11 
7257.46 5261.86 
7984.68 2182.27 
928.344 9657.45 
1220.45 7505.49 
4684.41 2382.06 
7368.19 3316.92 
79.9585 5649.12 
14.2815 6866.32 
1938.22 8547 
1077.58 351.837 
4988.42 9290.04 
732.759 790.029 
891.318 5308.84 
7595.97 5855.35 
5221.96 1610.07 
168.444 2479.4 
6871.94 8153.12 
4661.67 7800.28 
7810.56 5882.12 
5305.76 2494.95 
8264.19 2673.94 
5811.87 8344.15 
8323.05 5826.15 
5210.45 261.259 
4373.13 6288.03 
613.096 9361.55 
5578.06 1345.86 
151.563 6469.37 
6654.69 7747.53 
2324.7 1876.64 
9357.6 2493.15 
4356.04 6229.52 
646.252 9017.71 
4029.79 8456.81 
4899.81 9335.55 
951.744 3163.98 
2009.47 6763.61 
1508.11 332.501 
2589.74 6718.56 
593.76 6962.88 
3006.58 1206.86 
6324.41 8584.63 
2552.71 6475.97 
5053.99 9207.4 
4223.49 7378.69 
1084.02 3581.07 
9871.84 5440.06 
9810.6 518.073 
4457.75 3840.37 
8974.88 9357.56 
3175.9 9926.62 
2521.53 5185.36 
6690.22 4029.64 
5517.87 9279.97 
748.19 6111.62 
6242.82 3754.77 
7318.48 2567.22 
2339.38 9871.19 
9043.19 7393.37 
9078.58 3266.66 
4772.04 162.583 
6847.73 4643.86 
5602.64 6658.31 
5161.93 60.3756 
498.661 4136.8 
9417.94 3674.56 
4063.41 1939.46 
8859.92 753.609 
5969.1 4377.77 
33.5576 6717.29 
489.38 6276.38 
472.038 7807.86 
8843.6 2811.42 
7679.04 7886.77 
204.766 6757.6 
1153.41 4976.81 
6920.18 8001.15 
9620.67 2522.81 
4659.44 4782.58 
2583.18 5158.1 
8919.38 2001.1 
8832.66 2982.77 
3940.56 7692.57 
3736.38 9909.66 
2070.32 3769.93 
6626.93 2559.7 
46.2993 7098.97 
367.547 8889.9 
9910.39 8046.58 
6776.65 115.137 
4804.16 7930.07 
5091.94 1724.32 
5931.2 4712.59 
4247.13 590.619 
9495.17 6830.31 
5748.72 8414.53 
8831.42 4581.36 
1397.28 2771.96 
2273.91 5133.66 
2681.6 4344.23 
8903.59 9308.53 
6903.94 8949.89 
6407.49 7271.48 
7839.77 6317.86 
5318.05 4616.41 
6432.99 122.194 
2546.46 1524.92 
1846.52 8477.66 
6237.51 6093.65 
9068.28 5732.66 
2923.94 4816.98 
4147.18 1755.34 
9398.35 5544.46 
4527.3 1672.24 
678.103 7208.9 
6016.48 9581.7 
6517.41 2920.39 
8531.57 2924.88 
191.861 6371.33 
9242.74 5509.91 
987.725 5675.72 
5632.1 3534.19 
7200.63 7478.62 
2011.83 3438.13 
3572.25 1080.1 
9170.79 6496.2 
5897.08 3317.95 
8251.54 5295.41 
8862.41 2778.82 
6967.65 9540.51 
9987.71 2984.11 
9122.19 6505.11 
5904.51 7653.75 
9429.99 6096.37 
4025.06 8672.72 
1606.26 5012.78 
4348.42 7238.36 
8546.97 1549.03 
4716.97 558.791 
4987.16 8289.22 
1638.89 4157.93 
4785.4 7535.97 
7475.88 3036.92 
2831.36 6338.27 
5815.74 9799.02 
5878.77 5803.43 
2783.11 5000.94 
2308.53 8687.61 
2654.67 1738.5 
4783.96 6679.73 
411.204 6390.22 
1692.5 4759.62 
3628.56 239.458 
6308.65 8345.53 
798.248 1295.79 
6634.73 2437.14 
5453.73 1420.12 
9973.11 2929.59 
4457.04 2804.45 
9267.86 272.757 
2603.45 5146.61 
6076.19 5386.56 
147.541 8384.72 
4074.16 2802.22 
123.208 8858.12 
9481.95 534.412 
5248.33 1174.43 
5294.03 8876.89 
1413.89 1602.67 
7222.41 2212.14 
2898.46 3857.12 
4649.28 8352.18 
5277.24 4622.37 
1281.76 9734.28 
7426.82 549.602 
7.01692 30.2565 
5696.22 6083.21 
5416.82 5843.76 
4467.91 9490.98 
8645.97 4591.12 
8349.08 8127.9 
5125.53 3597.4 
9302.34 419.544 
2474.27 716.21 
2022.21 9696.68 
2928.35 4920.67 
3553.78 7577.63 
3272.84 8831.02 
2199.97 4554.59 
8565.28 9626.79 
5104.2 8572.3 
9657.05 800.395 
4655.49 5073.85 
6644.15 9123.4 
4564.81 5290.11 
3714.5 2913.88 
3418 8840.04 
6511.28 2720.32 
9259.58 8985.55 
3436.53 1281.77 
8682.21 6364.88 
6202.44 2235.97 
3942.48 9475.28 
1066.98 6142.46 
4029.85 9632.26 
5769.23 9134.05 
8204.55 5426.27 
9934.44 2860.02 
500.103 6578.58 
1983.41 5064.92 
1868.67 5697.91 
7978.8 5286.67 
4537.93 4490.06 
8006.98 3797.49 
3475.59 1443.49 
5079.26 2157.79 
7808.36 1281.69 
4393.76 1750.83 
756.948 5460.74 
7893.29 4786.8 
5092.98 3662.5 
3920.83 3297.51 
9088.77 3855.26 
6157.53 9588.88 
433.821 8140.94 
4653.78 2302.49 
3838.83 2632.56 
7589.16 8376.76 
7122.62 5596.12 
2174.24 598.203 
7039.61 7253.5 
2755.99 4847.95 
8535.19 7149.75 
6598.78 9292.14 
2610.47 4492.05 
4078.92 7703.45 
8154.56 7999.76 
1000.95 7243.31 
1855 7158.48 
6832.17 2288.82 
5299.4 1485.93 
4591.31 9138.23 
4118.49 2180.45 
7514.98 1241.1 
7776.57 9689.22 
1839.3 4816.16 
6942.71 4595.29 
9664.11 5477.88 
1745.02 6262.88 
4770 4355.48 
754.915 8848.93 
2058.92 8909.47 
6848.67 3059.86 
6152.77 8703.67 
218.323 2984.92 
992.469 5517.72 
4470.85 5583.78 
4655.94 8589.33 
7764.23 2170.9 
9830.43 5540.78 
1860.11 1669.71 
356.922 8802.81 
6265 21.0172 
4280.68 8010.02 
6283.9 9050.68 
2365.48 7038.81 
7899.59 4424.4 
5948.27 4748.24 
7484.26 2101.01 
3451.89 7702.58 
5085.93 4444.36 
3220.29 9556.78 
28.1223 7876.23 
8146.09 7792.35 
47.1174 7976.51 
3333.12 1907.22 
9646.22 3690.04 
710.018 5911.2 
3711.05 4990.69 
3921.2 9994.95 
4041.36 6286.69 
7033.74 1940.93 
711.068 2981.99 
6689.17 8195.33 
5083.01 141.046 
5897.9 168.919 
4585.4 9118.19 
9725.69 4613.53 
6994.4 7871.77 
2405.86 7041.52 
5848.26 5738.98 
8948.75 5494.46 
9429.02 9658.76 
1405.65 3140.05 
4649.44 5326.85 
3134.99 8690.8 
1613.52 168.715 
631.714 2324.59 
3150.71 7320.89 
519.9 8233.71 
7461.93 6417.8 
8402.63 2047.32 
5535.97 8128.31 
6660.85 2530.36 
6000.06 9066.71 
9571.88 1848.31 
4805.67 8520.61 
7342.77 4234.67 
8179.35 8748.42 
7374.72 2828.78 
4075.25 509.692 
1519.56 5688.77 
678.407 2151.27 
8013.35 3829.11 
9472.16 8533.25 
2062.81 6934.08 
4951.03 465.424 
8981.4 486.989 
8593.73 5642.23 
3017.35 4593.78 
4708.92 2589.21 
6442.09 9514.59 
1109.8 3784.84 
3749.24 9289.15 
2533.24 1123.94 
2117.91 6608.48 
1633.63 3637.47 
2297.23 2312.04 
5788.75 310.571 
6141.15 5260.89 
8843.82 8203.96 
2194.95 3794.84 
8669.39 1176.33 
4281.83 7263.1 
6818.55 7299.18 
1856.87 1527.45 
9888.39 8298.95 
1042.02 998.171 
2083.77 4791.26 
287.306 4617.01 
5915.2 2405.22 
1225.47 7548.84 
6042.69 3522.71 
9860.88 1831.42 
3833.28 6002.01 
7092.31 2677.09 
4205.96 9287.26 
6471.93 2875.33 
463.566 753.744 
138.418 7282.12 
8052.92 1995.28 
8809.57 7941.29 
294.22 9851.59 
8939.46 2377.99 
4642.83 9226.77 
6995 558.017 
1631.97 8220.47 
8106.85 7674.66 
1743.17 7967.71 
9506.08 5576.45 
3969.71 6598.38 
8253.54 8175.67 
5885.62 4725.45 
1050.98 6349.18 
5479.19 1189.4 
3631.28 3532.1 
3184.68 2440.83 
1473.37 3478.9 
2292.41 412.821 
5856.9 6935.24 
9639.59 2851.88 
7493.26 1271.55 
1072.33 5600.09 
8946.21 2815.5 
3567.79 8452.28 
8391.95 7537.5 
5050.64 6645.47 
5713.15 936.238 
1370.9 6764.13 
7285.42 6850.09 
7953.53 916.685 
382.168 1138.19 
3357.52 1855.54 
4617.1 5649.93 
2268.36 473.975 
2585.15 1907.94 
3325.85 78.3874 
3179.49 4398.19 
5678.48 2125.68 
7213.69 9246.27 
577.944 5605.62 
6783.74 5628.58 
2251.07 2496.87 
6564.82 3621.97 
9261 3850.22 
472.037 7214.51 
4766.91 854.205 
8352.71 8124.43 
2709.75 2969.79 
3774.34 4978.11 
3443.76 6359.49 
6886.05 6769.61 
6437.87 65.5164 
1167.78 2116.34 
2191.2 8381.47 
1362.59 2769.14 
3987.08 8146.33 
8397.72 6238.15 
643.185 4962.53 
9860.11 9904.19 
8812.75 332.132 
7118.68 3579.65 
1186.34 5471.37 
1704.06 3896.08 
8441.16 5478.4 
8874.19 1884.9 
1837.87 5760.22 
8654.51 8275.74 
5825.74 9822.3 
392.062 8016.94 
8203.75 1754.65 
786.062 2190.81 
9900.98 9183.79 
8428.96 544.143 
4146.3 8289.05 
448.312 2959.03 
8621.19 7566.99 
6538.68 9807.52 
3038.34 8242.74 
3703.59 1479.48 
3721.12 2577.77 
3364.38 5558.99 
8337.99 2018.88 
3834.71 4163.71 
1841.16 4226.78 
2180.63 44.8918 
5981.42 2966.69 
2235.7 5882.38 
2150.46 664.647 
6426.52 6296.76 
8953.7 6874.84 
9255.79 7574.87 
4441.81 5794.46 
7382.38 7480.16 
4037.18 1085.95 
8959.64 7758.3 
3663.72 2324 
3317.28 2001.69 
4342.88 7151.99 
6165.4 6184.03 
1378.75 8346.04 
6228.93 7360.17 
1312.71 8464.63 
3242.54 3463.18 
9129.28 9669.06 
9759.94 8082.96 
6543.88 9015.71 
5657.82 985.673 
4810.16 3040.18 
8465.83 8847.34 
4126.13 7425.45 
6605.63 7789.85 
9749.45 9922.9 
9791.54 4092.31 
