1900 2
7915.14 5634.32 
8963.34 2183.28 
1147.66 369.719 
417.705 2100.1 
4294.38 1113.29 
3305.38 8539.59 
3897.97 5926.12 
7079.77 993.622 
8244.81 7939.28 
8974.09 2398.37 
6658.81 1420.57 
47.9323 3725.84 
270.597 881.121 
4454.22 8844.24 
1951.46 5480.78 
2588.21 9866.6 
1115.08 1551.53 
2049.87 2262.73 
1921.25 2467.57 
4362.83 6215.63 
3580.87 7668.21 
4755.21 7478.83 
3594.31 1834.96 
8472.45 1839.1 
9774.23 7446.53 
4237.48 6433.03 
8867.09 4285.41 
158.852 9137.69 
5166.53 4613.07 
7981.91 7117.99 
93.8276 570.107 
6984.57 1208.91 
2121.64 9034.44 
3471.64 4042.89 
1501.99 7834.47 
258.503 5082.86 
5502.66 5013.71 
2561.67 9096.98 
6848.66 1034.11 
936.065 6622.88 
8480.63 5173.54 
3055.89 7347.71 
9458.95 3214.74 
6485.38 4625.46 
7827.81 4467.28 
1743.43 7921.64 
5037.39 8728 
9130.54 7159.02 
7762.42 2602.17 
1201.9 9264.41 
436.623 1460.4 
4347.25 5939.29 
6474.11 6908.92 
5036.25 3322.75 
7943.03 5972.31 
9945.63 6423.64 
1145.84 3001.51 
3771.33 604.769 
6216.25 256.697 
5230.23 4044.04 
4723.98 6973.66 
1965.66 9761.36 
5701.65 1096.19 
6920.37 3464.05 
3698.35 8122.26 
2728.44 4134.97 
9582.66 7075.7 
74.2443 6056.75 
3984.6 5110.49 
9379.5 1927.61 
1082.79 9325.12 
8351.25 2228.63 
2326.61 2122.57 
2833.39 8542.86 
2379.26 8063.62 
2586.88 7103.24 
5037.27 4552.54 
6864.58 738.898 
5648.72 3784.93 
4202.95 9347.08 
1907.18 6931.39 
3482.03 1489.83 
4007.07 3556.28 
7546.58 7991.67 
8666.77 6926.06 
9919.28 9749.56 
6251.17 8270.51 
1978.17 8577.78 
393.064 4811.56 
7120.62 2772.33 
2875.17 9707.5 
9875.57 7912.44 
4260.02 6740.13 
8651.33 9908.74 
525.046 2854.27 
9255.8 2432.23 
9785.66 2737.81 
3922.05 3792.71 
6294.09 1468.61 
1784.37 4960.84 
8394.68 1703.63 
4710.38 4645.83 
9974.15 6688.55 
3223.59 367.195 
1500.09 344.188 
3139.52 4375.26 
51.6658 3015.07 
2287.68 4311.68 
9755.2 938.993 
4220.4 280.229 
3793.26 3476.19 
2712.45 3578.9 
6214 6634.51 
7371.61 2508.07 
8103.12 9155.98 
7468.91 6497.78 
859.599 2179.27 
1143.59 833.729 
8867.82 4367.18 
1200.92 367.892 
4711.37 4340.45 
4743.15 4763.03 
7355.52 7030.82 
9074.71 7110.7 
7969.82 3295.1 
7390.93 1763.06 
6771.29 103.364 
5341.96 2985.27 
6737.87 2713.56 
5493.34 4840.97 
1869.52 2962.23 
1338.73 2729.12 
5141.5 2482.32 
3562.85 4009.31 
6849.5 4763.78 
4377.2 1560.85 
9104.22 9120.35 
6323.88 6459.72 
6151.15 5398.58 
3570.4 4120.95 
8693.68 961.311 
5884.01 5464.95 
1064.68 1225.96 
8450.22 7802.55 
3939.51 3943.54 
2643.5 5809.04 
6905.77 3982.23 
8538.16 2047.26 
6464.56 2100.99 
6056.56 3314.04 
6864.77 433.744 
4874.9 5968.98 
9554.09 1198.76 
2428.68 5705.23 
6597.35 5999.08 
9826.18 5291.01 
6960.39 5710.18 
755.949 8025.06 
6936.13 9206.17 
5827.59 875.628 
3149.69 8471.09 
6684.67 55.4471 
2453.31 5222.81 
2102.7 8917.87 
7323.8 8159.27 
2231.9 4188.55 
8593.01 7106.8 
157.513 8147.08 
8305.56 2586.19 
3852.29 4902.89 
8585.27 3678.46 
193.884 5545.64 
9388.63 949.833 
3570.69 6324.75 
155.986 9398.29 
7200.38 3305.68 
7869.36 3885.03 
3361.13 322.659 
9107.83 5463.83 
9240.53 6431.62 
3623.08 1472.41 
620.156 2216.07 
8579.21 777.668 
363.142 6884.75 
3363.86 4215.44 
1787.62 1949.11 
7893.89 1981.51 
7494.76 7282.51 
2931.34 1065.43 
3607.25 3087.33 
463.701 807.608 
6393.01 8333.07 
4692.63 9754.13 
8655.72 3800.45 
5217.95 7896.24 
232.053 8841.03 
9368.65 852.209 
1057.09 7947.84 
1629.88 1420.23 
4832.58 4993.74 
5635.66 6620.2 
6942.85 3529.54 
8601.71 4437.59 
812.038 1533.03 
5503.02 4419.28 
4620.36 5966.72 
5226.89 1013.35 
4299.77 9919.53 
767.467 2955.48 
3719.96 5985.42 
851.7 3952.01 
4826.43 220.334 
4804.22 5883.51 
8168.18 6434.1 
7303.74 3000.74 
1427.82 2939.39 
9620.94 8370.67 
6468.93 8222.63 
2808.24 7280.97 
9755.66 8311.26 
1700.24 4376 
4277.97 6927.13 
5389.35 8577.74 
6846.64 6156.82 
1533.2 566.583 
2142.22 2384.9 
4518.6 6968.65 
2605.24 9322.82 
2852.14 773.398 
5756.9 155.866 
3774.14 7184.72 
3095.25 3395.05 
5555.38 9564.18 
1617.67 8363.62 
6845.14 1373.31 
6674.86 8545.37 
5749.31 952.819 
5472.48 1138.65 
9530.56 2319.11 
7295.47 1063.75 
2885.69 9437.69 
3448.65 7404.29 
6406.32 6053.89 
6727.09 9258.46 
6827.29 2483.98 
9414.32 601.407 
9668.7 2509.56 
3996.46 5224.06 
2073.73 5614.13 
3587.66 8918.87 
6987.44 262.504 
7464.22 2736.73 
1215.32 2936.69 
3875.38 745.867 
5255.79 1170.83 
1809.61 8141.48 
608.502 5258.27 
5545.75 7014.82 
1312.14 2272.82 
6273.26 8139.43 
4756.8 5687.57 
8740.84 4425.48 
8197.13 2737.28 
9649.54 270.838 
8351.41 3237.18 
9189.7 5338.83 
3499.68 6653.91 
8075.56 4715 
9590.59 1950.93 
5460.87 4846.37 
3121.76 7270.48 
2987.84 3730.26 
2528.73 8533.59 
745.062 3840.87 
806.394 7018.32 
1980.29 5563.19 
2705.87 721.109 
9988.67 902.978 
3458.39 9638.19 
1173.82 1809.79 
2875.35 363.502 
7148.62 6375.03 
7017.41 5224.16 
1090.01 6607.99 
7175.09 6550.88 
1454.34 296.832 
3821.35 4442.18 
4027.09 6350.08 
2975.75 4772.16 
190.941 3782.14 
1790.46 2171.23 
9345.33 4496.33 
2892.34 9333.99 
5399.31 6350.73 
8972.16 6573.12 
8160.52 1847.49 
6936.62 5309.11 
8222.52 3954.02 
533.26 9312.54 
561.985 7708.35 
5863.4 2016.33 
8005.18 9684.75 
6458.5 2032.26 
6034.82 9434.25 
6804.41 6225.76 
3216.38 8594.87 
8396.99 2561.7 
3091.18 1289.31 
1895.67 8490.49 
7640.04 867.814 
5063.59 5800.54 
2715.31 2000.2 
1109.63 937.812 
5954.22 1642.89 
250.33 6516.2 
9351.24 6113.73 
8532.53 7356.41 
5798.47 4991.01 
9388.66 1833.27 
4425.25 6193.06 
8059.02 7641.63 
4787.91 6455.99 
203.309 7879.1 
7745.3 2098.98 
6369.57 5385.33 
2966.79 1433.15 
1185.84 5682.1 
3433.35 2295.48 
6619.91 9387.56 
3938.37 6870.24 
5903.75 3289.6 
2983.96 4436.26 
645.988 8782.42 
9427.27 34.6348 
615.669 3852.51 
6227.69 8674.69 
1494.12 1015.59 
5130.67 1697.43 
8894.69 2875.96 
3796.41 5264.24 
8261.28 6763.2 
6697.39 9447.13 
2445.28 130.717 
1742.59 9065.19 
9518.28 5680.96 
5935.42 5422.01 
8970.56 8919.37 
9858.27 9616.55 
7701.78 9285.52 
9651.18 8317.44 
3138.01 5878.86 
6992.12 4632.13 
6894.45 2122.77 
6329.56 5789.12 
4998.73 125.949 
1053.34 3260 
6889.15 7750.73 
2707.11 9334.42 
7881.45 4449.69 
8399.6 7399.71 
130.637 4335 
2821.71 9101.19 
3254.35 2679.96 
8717.72 956.109 
1965.46 8368.89 
9273.55 5103.48 
4247.73 6265.66 
9735.61 1142.16 
8388.43 6065.15 
6931.28 3387.15 
6191.1 7984.62 
6647.14 3080.23 
5735.33 9354.25 
2414.64 3616.76 
3803.93 814.222 
1016.46 3934.56 
5149.22 3838.16 
3035.74 8403.57 
6518.12 1753.45 
9359.68 8483.58 
122.316 8633.21 
3587.04 4370.04 
4898.85 3322.64 
5512.2 3287.27 
9387.79 2443.46 
6674.42 5578.88 
428.064 3321.54 
8659.11 6163.4 
2675.78 1073.74 
9780.16 6479.7 
1887.96 796.6 
414.249 7037.18 
4634.76 3449.99 
5440.73 1152.86 
5203.44 4800.39 
9636.45 5325.75 
3433.59 3223.47 
9695.8 8332.44 
6546.11 5207.98 
1619.69 5933.89 
7651.44 8294.11 
1512.76 8079.5 
1615.63 171.853 
4242.88 4291.41 
1245.59 4023.03 
771.095 3133.55 
4819.63 1185.34 
170.712 9454.39 
4635.33 5611.44 
607.235 9838.77 
411.814 243.665 
5164.51 3845.4 
3467.14 4860.29 
2177.82 13.2363 
68.2513 3797.51 
5947.13 7719.69 
2091.61 7459.88 
5799.18 3707.24 
7631.74 42.0477 
7998.65 8877.33 
4065.08 8769.74 
2010.86 8884.7 
9955.09 2181.57 
8339.07 4590.41 
7793.01 8946.31 
4429.16 8204.83 
9189.97 9593.67 
2050.21 2657.1 
4453.94 4228.03 
2670.33 4522.19 
8025.55 8617.46 
2241.87 117.137 
6077.33 8041.05 
3824.38 3709.04 
8083.09 1823.01 
2586.35 2148.15 
592.737 4597.21 
1032.84 547.808 
6778.79 9371.91 
5138.21 4571.78 
8318.21 9567.37 
2776.59 7508.16 
9161.02 4826.8 
165.242 3614.95 
9054.84 2835.57 
8137.14 7080.37 
1453.02 378.99 
7197.5 7530.34 
8420.04 1021.87 
1239.37 6503.11 
2844.88 3825.73 
8651.27 3437.61 
8422.94 9684.11 
3985.42 5201.71 
9056 9123.63 
9773.49 7374.19 
8690.99 2550.07 
4882.33 7852 
7376.88 5047.58 
1466.93 6431.7 
7883.15 9604.07 
3512.05 9336.17 
9983.06 709.534 
6866.49 8403.08 
1731.4 8105.87 
4906.17 4576.28 
1931.57 3557.42 
8013.89 354.498 
3241.51 1999.29 
5556.21 2297.5 
1122.91 5329.68 
9671.68 9813.89 
7879.76 4554 
7665.87 5256.61 
9601.58 9132.8 
1688.29 7484.71 
8736.85 5200.34 
6820.86 8719.89 
5909.87 3687.34 
7122.95 7641.27 
1793.19 2029.11 
2217.53 3724.76 
5586.53 231.402 
4079.26 8828.04 
2230.69 9635.47 
1125.52 3353.6 
4965.14 797.188 
3167.47 2844.87 
5351.19 833.331 
8101.49 4952.75 
9966.13 9789.78 
2437.44 8702.96 
4990.1 9258.3 
7422.84 899.959 
2945.62 4545.77 
8541.23 4738.81 
6574.88 758.746 
8463.57 2161.39 
990.148 2542.81 
989.418 3220.84 
2178.27 2114.94 
6574.44 7143.4 
2912.13 9741.91 
9988.27 8263.31 
575.226 8089.75 
3216.05 541.34 
7879.51 5653.49 
9244.3 2869.59 
4911.77 6667.13 
3769.55 7857.39 
1212.88 2310.77 
2596.19 7787.76 
3069.51 1059.74 
9949.15 4059.66 
3602.56 938.556 
7280.5 5780.82 
3053.49 3854.92 
2924.21 5965.62 
3596.82 2912.46 
4228.92 4172.04 
1002.19 7444.96 
4713.38 8881.7 
3098.43 3957.67 
1751.28 8010.21 
624.782 5520.83 
5867.58 1837.66 
7831.6 8463.77 
9625.43 901.099 
9523.51 9574.56 
4960.76 3126.06 
513.103 2241.25 
8906.88 3566.6 
6096.17 1831.07 
9532.22 9692.99 
4743.53 3761.12 
3865.02 5745.73 
1206.06 8578.4 
4627.41 4304.5 
2536.06 6378.69 
2314.69 3160.84 
1899.51 8182.27 
4998.51 9731.11 
6646.02 4623.92 
632.193 6169.52 
4198.46 5592.96 
9295.58 4711.57 
7834.2 8202.44 
8278.16 3930.36 
33.4891 7810.36 
3623.33 4777.02 
1571.46 7488.35 
522.732 2777.53 
6066.74 5150.14 
7082.03 8602.8 
1528.82 9396.71 
1763.62 3428.33 
7578.97 6762.13 
3159.42 4224.97 
1386.02 3791.62 
394.475 5584.49 
9384.57 9690.05 
296.035 7218.76 
7892.47 8574.2 
1149.1 7925.96 
6384.54 4772.44 
2702.96 7956.01 
2260.77 3225.7 
733.517 8327.51 
8375.84 7815.54 
6930.29 9904.66 
7212.24 8693.91 
3332.97 4791.19 
5456.02 6492.4 
9016.16 6842.04 
283.998 9410.63 
2426.51 9668.57 
9100.67 2722.55 
6887.31 6993.12 
1296.73 8036.41 
4919.06 7681.27 
2808.83 7622.03 
5637.26 5069.6 
847.707 6370.77 
3397.09 9223.55 
4186.3 327.364 
9128.19 1398.52 
9021.27 2461.15 
6189.71 4477.27 
8953.55 5205.85 
1319.3 9237.55 
4616.47 3745.81 
8906.1 3717.11 
6468.36 5793.4 
710.217 7765.08 
3829.79 5629.28 
5446.33 6638.63 
3251.29 1083.58 
1708.21 4099 
7454.35 5105.31 
3322.53 1640.63 
5432.67 2450.71 
3039.15 4453.93 
4911.86 9228.86 
8931.2 3865.39 
4434.7 250.481 
3102.92 9051.16 
3996.29 2009 
2768.26 464.631 
7802.4 3478.48 
8229.71 1632.18 
9107.75 3676.03 
8270.81 2359.03 
4759.61 9979.02 
6458.02 2213.94 
5084.31 9780.55 
3854.57 516.959 
2231.24 6893.72 
4970.88 7143.09 
6122.57 3902.07 
1008.47 557.249 
4152.55 4111.39 
9608.41 8148.84 
6120.39 2376.65 
8613.47 3922.77 
5855.13 6843.17 
5554.95 4962.86 
519.18 3825.74 
7321.89 5278.79 
3804.74 3779.89 
7492.72 8889.04 
3560.43 1347.28 
9406 5791.66 
8241 4376.87 
2934.74 4363.56 
8278.94 3943.21 
4920.8 2431.47 
8054.59 4529.2 
580.294 4174.96 
6905.85 9193.76 
8097.74 2760.96 
6036.92 3652.67 
7723.82 6556.1 
7478.41 5045.69 
1834.86 1283.13 
8825.59 9327.59 
172.162 2386 
674.849 9578.17 
8177.66 8915.85 
3955.02 1112.38 
3279.39 2233.94 
5055.59 8200.19 
4665.41 3110.16 
2729.37 5245.71 
7285.13 9635.22 
4439.46 5382.85 
2396.17 476.354 
9035.52 119.97 
7032.45 6513.92 
5165.67 8867.31 
7797.05 3991.24 
8194.89 7969.21 
6377.23 8869.73 
7547.36 4554.88 
7785.57 1502.36 
5667.26 1064.94 
3736.3 722.831 
9265.13 8401.72 
3832.99 1994.49 
3647.41 1118.11 
1629.7 8086.86 
6500.95 4025.86 
8563.22 5536.46 
4145.84 5595.65 
2050.35 9311.5 
4462.95 9847.4 
3302.72 2657.82 
7816.6 9679.95 
1527.54 5363.94 
4234.81 9313.1 
6866.3 9902.07 
378.028 602.589 
624.884 9643.16 
9004.31 4457.88 
1637.64 2651.7 
5575.98 3267.34 
738.547 2076.92 
7293.2 9301.77 
7613.38 1439.02 
4897.4 9663.73 
750.505 9360.35 
9511.12 4053.22 
2018.15 7327.7 
3733.16 3545.69 
2691.62 7967.97 
2858.77 9557.92 
7870.02 3236.8 
160.493 8494.91 
2879.95 9164.8 
2952.77 4517.59 
1816.48 8528.75 
7784.93 2555.03 
605.653 5078.11 
1856.78 8219.03 
6517.13 6754.18 
7882.74 7267.64 
6114.51 7393.84 
1320.85 8132.66 
4721.52 5054.01 
1678.33 7413.14 
3021.96 4537.11 
6971.05 891.964 
7773.91 7131.54 
9386.87 653.839 
6296.32 2339.62 
5171.43 8112.81 
868.355 2956.34 
667.818 1474.01 
8034.45 2524.6 
9693.04 4551.57 
9278.77 7575.77 
1819.19 5393.27 
4969.59 3140.04 
3525.91 9691.12 
8194.04 5204.25 
7104.24 1215.98 
9741.35 4075.27 
2107.95 7515.24 
1206.8 1494.8 
8169.08 7503.12 
3834.42 3340.49 
5615.91 4702.78 
6296.83 6283.73 
6176.79 4331.26 
8808.32 5869.81 
8882.83 8087.08 
3445.55 701.998 
3480.33 8415.15 
3842.03 7006.24 
8106.25 2036.06 
2210.47 5210.47 
3252.04 1951.81 
9285.75 5359.99 
9467.05 492.526 
6854.79 7636.12 
7995.65 689.197 
976.597 3611.54 
5391.97 7273.43 
9895.26 1568.74 
1604.67 8703.57 
7438.55 487.478 
6790.63 884.087 
1189.48 270.942 
9299.23 5031.51 
7277.19 7405.46 
7067.57 9487.66 
2615.92 319.594 
1439.46 1901.65 
5679.58 906.493 
2394.17 2534.36 
8542.61 389.802 
3223.55 9519.21 
4001.34 8615.53 
6792.62 3896.58 
184.255 8397.29 
2600.13 7622.8 
8884.77 9390.76 
8506.89 74.2253 
9661.71 7806.11 
5105.74 6938.87 
5211.55 2173.29 
6426.52 7827.47 
2492.88 7865.97 
9729.12 8172.47 
8772.47 2123.27 
706.807 7315.06 
2513.08 3930.36 
6834.26 6514.42 
2545.87 3626.86 
410.983 2730.13 
2024.13 3011.12 
352.914 908.881 
2401.86 8859.8 
983.106 2063.55 
6665.89 6088.84 
9002.43 1877.43 
8262.13 5428.93 
9704.9 754.996 
3294.88 9434 
8927.46 2067.33 
1557.26 9634.27 
9382.4 4070.33 
3564.61 6216.64 
584.73 6110.49 
9843.5 995.713 
8840.61 1867.62 
4006.83 9193.53 
2776.5 6408.69 
8053.32 3759.6 
8472.25 4719.19 
9848.45 7474.65 
6596.62 8110.56 
2903.56 6301.5 
8865.55 6198.45 
5735.49 7793 
8265.78 7292.74 
7427.25 7648.17 
1363.06 991.849 
3864.79 1947.79 
7102.34 3708.27 
2943.5 5942.93 
5575.89 6950.33 
5136.44 8352.39 
3359.01 3189.74 
2111.97 1831.24 
7908.94 1960.4 
9305.89 4505.54 
70.946 2209.44 
807.03 8936.5 
8407.89 6542.52 
6729.48 6673.65 
3835.24 4156.72 
4321.8 5198.3 
5148.57 8186.59 
7146.09 2250.89 
1894.85 89.5747 
8193.82 7470.74 
7039.91 3330.25 
5823.11 398.898 
6519.99 7935.09 
2230.13 4428.92 
9895.49 1536.01 
8934.46 9966.44 
3745.44 9741.49 
8902.92 2153.31 
6283.99 5632.39 
8826.97 119.215 
9789.11 3148.75 
5317.52 4937.66 
1335.33 2463.59 
7188.55 3230.18 
2553.16 5382.36 
700.904 9593.07 
8712.61 6524.02 
9991.97 5232.59 
4459.09 2222.09 
9661.5 4354.56 
3758.09 8595.94 
4320.98 7503.54 
8337.41 3223.88 
9656.85 4621.38 
8856.27 8483.8 
4740.6 8645.36 
1632.54 58.0978 
3583.01 2967.87 
2521.69 771.543 
6198.05 5074.85 
6153.9 6898.95 
4667.9 4866.49 
3422.95 4659.86 
99.0605 7882.04 
6881.94 9760.56 
2236.58 640.017 
8356.49 6557.56 
8143.55 6693.88 
9781.44 7800.39 
1315.25 8637.69 
6284.17 6055.85 
7283.04 7916.71 
6113.95 866.027 
884.563 8635.63 
1637.57 7082.61 
3710.47 7791.47 
3981.55 8378.37 
2657.95 7404.5 
3038.21 2757.01 
5286.51 9920.15 
2517.55 7523.09 
560.15 874.02 
4080.63 8703.7 
7567.9 3862.05 
6504.07 8883.15 
2499.72 2788.23 
4938.98 9782.76 
704.923 1052.91 
648.768 1589.49 
9688.54 2286.34 
8672.1 3398.99 
77.7932 2653.63 
1777.35 2735.74 
58.1055 4815.56 
5492.75 5344.62 
4735.69 8010.3 
2867.7 5295.84 
8884.32 6948.33 
3999.53 6452.2 
810.359 503.583 
5335.33 3310.08 
3291.81 274.299 
3092.82 3996.74 
1327.21 3741.59 
5586.22 1015.73 
6027.93 4258.3 
4414.73 6105.72 
6911.93 6192.07 
8841.46 6970.03 
1007.61 4334.19 
2314.64 5743.3 
2344.47 5182.33 
1039.12 1228.77 
2130.64 5038.65 
7680.98 2941 
5542.23 3016.29 
6251.08 8834.04 
3290.59 9343.91 
2830.76 4617.8 
3085.48 8416.98 
5633.53 9113.41 
2675.27 48.2442 
5219.12 9587.19 
6240.32 4060.56 
6557.21 7247.93 
8394.75 8871.85 
2991.21 739.211 
4054.16 4030.33 
1967.98 6184.8 
9068.98 9648.96 
9125.8 4611.19 
2665.23 5376.87 
3445.21 5955.83 
4720.76 6275.98 
573.61 7806.24 
4692.94 6207.15 
6919.63 7368.21 
6255.39 2138.73 
6955.38 2495.69 
6199.29 3512.58 
9743.62 4594.03 
2384.41 2734.81 
5333.24 6438.57 
6765.14 7301.23 
2623.35 5834.1 
6950.17 1749.14 
445.272 9615.4 
7126.01 3890.49 
5571.21 1846.75 
166.444 6144.82 
9652.99 4859.38 
2351.95 6572.6 
2227.57 8607.34 
8711.33 9182.96 
1103.01 4910.61 
2695.51 846.611 
9504.64 5079.92 
3581.42 4837.86 
1518.47 346.539 
2139.07 4141.83 
6180.64 9089.24 
5890.97 6625.91 
8704.62 3016.96 
516.378 4275.82 
4863.72 682.823 
420.623 4516.69 
5542.21 2772.57 
1089.27 7769.78 
1379.9 9800.61 
6952.72 2482.91 
4711.2 9648.23 
3329.52 4215.82 
4728.14 6910.94 
9053.68 6246.61 
7257.48 1192.73 
388.42 3438.1 
281.951 6279.39 
63.9897 8986.57 
9296.35 580.368 
3262.37 4160.05 
1263.19 3683 
8676.74 6805.4 
6455.57 9766.01 
4575.16 7835.47 
9566.6 1527.86 
318.358 4277.78 
1176.08 3647.88 
8493.6 5904.22 
558.799 7547.26 
2150.81 7816.28 
8739.99 2539.23 
1254.36 9021.95 
8818.62 1318.35 
8008.5 8114.95 
1898.71 1270.86 
2274.99 3161.9 
4953.85 951.707 
9967.3 1409.41 
717.703 4542.45 
9244.87 284.288 
6070.31 9563.23 
4562.07 7246.39 
3211.09 3055.65 
3150.58 3769.89 
602.898 5301.39 
1586.15 9342.89 
7840.62 2840.51 
8364.82 6659.22 
4158.85 6373.3 
4774.16 6057.57 
7644.16 7049.14 
9219.47 2598 
8000.85 9186.76 
4007.41 8718.55 
3729.18 3252.26 
9002.84 9799.49 
2815.48 3564.9 
7045.86 6026.57 
6620.55 196.427 
9796.46 7223.45 
5497.82 1382.6 
6566.32 3338.43 
4223.1 4931.12 
9997.65 8381.96 
1304.41 4771.79 
4439.5 8948.57 
1820.92 3658.96 
1546.55 9821.77 
2845.69 5553.96 
8540.3 6574.88 
8806.22 7543.13 
6374.35 1621.68 
1108.01 3420.2 
7648.25 7728.56 
3616.62 7444.7 
4951.98 9114.44 
8827.29 1518.29 
2452.85 3050.38 
6449.41 2450.49 
1432.32 7753.81 
7222.28 5871.82 
6702.37 9043.19 
9530.78 8248.92 
8864.94 2376.46 
3802.85 7405.23 
8951.33 2609.06 
4948.34 5325.67 
4230.74 6056.35 
8745.87 1878.97 
3784.89 2362.47 
9323.67 8736.87 
1476.9 8150.95 
255.142 3929.75 
1201.31 6704.55 
6380.24 2633.63 
4458.35 3602.5 
8505.45 1160.7 
2645.67 8036.21 
9409.61 1510.6 
412.652 3212.45 
8915.83 9363.99 
5821.51 3864.15 
4689.64 52.2249 
9920.5 3435.49 
1931.2 3705.38 
5797.96 1254.85 
2442.23 7274.86 
9405.79 2697.37 
1204.59 607.09 
9401.92 7584.83 
3240.72 3860.25 
1187.31 1746.15 
5020.95 3832.98 
9782.37 4430.54 
5343.58 195.003 
7642.99 4259.39 
9558.99 3464.48 
8123.55 4248.61 
3516.71 8044.04 
7684.1 5447.9 
1749.39 3482.04 
6702.75 4191.63 
756.886 6108.53 
6889 1961.48 
6715.62 6290.9 
9546.31 9956.34 
151.14 733.603 
1702.48 5172.09 
4566.59 1484.83 
9602.63 9910.17 
1679.83 7245.61 
4169.54 1238.8 
710.071 2293.07 
5487.42 4226.78 
337.093 3171.5 
9674.68 2086.49 
6653.55 6377.41 
6278.11 7410.43 
2485.92 3167.1 
9371.91 9201.54 
9458 8918.2 
9157.86 9609.14 
9651.81 860.32 
4781.21 4218.38 
2345.15 4383.83 
4128.53 4024.98 
1629.42 8298.07 
5263.78 2339.49 
591.128 751.179 
6566.27 928.221 
3922.68 6240.93 
3014.71 576.209 
2618.32 9292.82 
7986.64 5104.24 
2459.9 7358.54 
4305.77 1917.89 
6276.72 3463.61 
1527.01 5928.51 
4323.93 6308.22 
146.869 6669.08 
692.035 4275.4 
694.035 2321.45 
2573.45 5957.81 
4660.94 3164.58 
6708.99 1227.19 
4092.8 631.656 
7468.11 7107.51 
1207.86 86.4175 
6400.31 9194.51 
5190.66 8860.22 
6553.02 9496.43 
778.085 2829.73 
2960.02 2305.1 
8758.24 7283.95 
8613.32 8905.11 
3953.01 9305.36 
3180.48 4647.04 
1626.79 5753.93 
604.841 6287.73 
8918.51 7313.83 
7514.92 3011.29 
7945.49 4983.02 
118.777 9153.35 
5069.44 6519.09 
8347.84 260.078 
5379.29 4900.85 
9756.5 6157.37 
7730.58 2716.51 
8462.47 6488.8 
0.437261 7075.77 
5393.89 3953.45 
6381.11 8574.37 
8600.49 8007.9 
4328.29 9205.33 
4295.62 3246.78 
6519.15 1810.52 
6258.07 4464.62 
6793.54 6376.84 
3617.96 1862.96 
2895.92 1965.78 
2123.03 8275.21 
6866.63 1879.52 
4432.56 4597.19 
4596.03 2895.01 
1085.98 4596.46 
9970.79 6479.86 
8549.91 6351.88 
5054.22 7150.38 
4359.77 9382.51 
6355.69 8655.38 
2629.27 2874.82 
465.886 8887.34 
7339.44 7259.42 
5264.16 957.381 
9122.38 8160.08 
2923.16 1245.4 
6435.27 9789.8 
3124.92 867.812 
4386.97 7720.94 
3762.83 5472.95 
2317.39 3733.6 
1952.8 867.28 
85.4606 7007.02 
8017.66 4445.23 
6389.51 4373.34 
3100.59 9018.78 
7248.16 3566.48 
7906.1 4587.58 
825.885 3170.24 
5544.96 9948.26 
1330.31 8468.13 
1193.64 7765.57 
8257.91 4318.56 
8633.39 2644.86 
2039.48 2396.2 
8117.81 4356.87 
6129.79 70.5929 
5224.15 6215.25 
7077.61 3241.79 
660.462 3467.1 
7615.13 3761.06 
2485.86 4863.27 
7327.54 391.937 
9450.85 8153.42 
3562.18 4995.8 
8101.67 4892.49 
3463.91 9295.31 
2658.04 1721.79 
3613.85 1291.41 
4366.66 5653.34 
3687.61 2484.45 
10.1919 9817.4 
2555.05 5234.34 
6032.63 9632.66 
8476.14 6693.1 
3099.74 6091.25 
454.134 5585.6 
954.506 7781.67 
5977.53 405.34 
5935.07 9539.71 
5401.14 4036.72 
4432.18 8865.04 
3332.02 7090.22 
586.819 6945.87 
8381.64 4953.48 
2599.19 2069.23 
7437.93 2609.38 
1886.61 9992.98 
7843.73 7919.24 
9625.62 6319.85 
4612.32 2725.34 
2411.08 5066.45 
8310.93 3365.59 
2848.11 4288.45 
3770.93 8783.18 
3828.14 9172.06 
2819.89 8260.32 
8037.09 6151.9 
5350.53 8623.91 
3097.76 3732.15 
3577.37 5696.95 
5801.38 1015.28 
8306.33 7687.98 
1008.24 6150.04 
5607.21 633.84 
2469.87 219.509 
3359.18 4880.95 
5285.96 1670.09 
8246.54 8134.07 
5958.54 2017.45 
6917.23 9786.68 
1189.49 9737.12 
8046.99 9226.58 
5889 3397.5 
7850.47 8986.76 
7129.65 1427.82 
4683.69 2931.01 
2443.11 2990 
618.976 3451.35 
9140.03 6226.18 
4085.19 1609.88 
6445.69 7444.36 
6490.83 1731.64 
9114.45 4737.35 
9865.71 5072.98 
6754.79 6782.92 
4859.64 7944.29 
6520.02 2906.61 
7170.85 2409.01 
6304.12 5021.31 
1395.75 3433.75 
6449.13 6079.44 
6364.76 8892.24 
9069.44 6983.74 
2343.57 8209.45 
3209.9 6428.76 
9819.33 9655.6 
3873.1 6310.15 
1387.22 2987.54 
1047.48 1252.91 
8060.51 7802.27 
8035.83 2920.14 
5746.54 4555.84 
5826.75 2917.37 
6964.85 2130.85 
7938.68 8360.6 
5564.6 4387.8 
4440.02 1929.35 
3280.02 3509.44 
8913.08 5623.59 
1718.88 2122.97 
2052.33 1538.2 
1778.55 5925.43 
7848.34 3165.77 
8912.97 8895.82 
4418.67 6973.46 
6698.07 2454.49 
9893.6 2444.59 
7010.32 5720.34 
5361.96 3975.15 
7851.19 3300.63 
2335.74 3415.77 
7688.43 6775.76 
5345.11 968.43 
285.188 4258.18 
6592.02 2004.07 
6381.15 8644.35 
3542.27 8159.7 
4569.76 1390.6 
1325.45 3482.71 
286.399 5744.12 
456.162 6984.47 
8198.61 349.748 
9429.06 5208.92 
6070.08 4791.01 
9184.07 3921.25 
8091.63 1519.79 
7337.02 5780.04 
8295.55 2682.12 
6748.47 8580.74 
6940.3 3340.47 
584.791 3321.43 
1984.81 4127.06 
1481.12 6554.57 
5517.66 2806.57 
37.267 5804.06 
8550.69 493.429 
2788.51 6749.28 
843.177 2217.55 
1958.18 6913.26 
7008.56 1142.24 
834.496 5100.17 
2662.03 8171.52 
880.199 957.563 
853.616 7628.67 
9538.3 7793.91 
969.128 123.076 
1115.33 2953.93 
4250.14 2596.44 
9508.5 9767.79 
5403.01 9545.77 
5571.83 3953.68 
39.1842 8360.34 
702.951 882.362 
577.874 2661.14 
7795.62 7586.43 
3803.37 8630.12 
2686.59 6465.4 
6801.62 3566.79 
7422.96 7655.23 
1195.44 6961.25 
5449.13 2164.57 
7084.33 6564.46 
5118.51 1334.44 
9160.9 4626.99 
1102.22 4563.9 
4172.75 6674.05 
8517.58 4211.93 
5034.37 9220.53 
5094.29 5612.25 
1881.65 2889.9 
3198.66 5685.02 
1520 5885.25 
2150.41 8321.62 
9452.04 9573.37 
5976.84 647.466 
6534.6 1425.95 
2812.04 3618.91 
7990.4 7930.54 
4953.35 7151.29 
2557.52 6055.57 
1715.17 6730.27 
2729.6 232.728 
942.184 7763.98 
9453.26 6036.48 
3376.2 1334.89 
8926.38 6574.86 
7019.91 446.363 
2460.1 9170.31 
8767.98 1912.12 
8743.67 4744.8 
2559.59 5278.25 
6170.75 5371.62 
8897.16 4161.14 
3302.15 3850.5 
1312.41 5859.67 
9906.07 3027.57 
2589.92 2635.66 
3260.3 3532.1 
399.618 2713.54 
9568.58 3775.82 
4048.43 8494.94 
350.67 1068.32 
8941.31 2810.77 
238.622 7709.27 
4722.89 8982.29 
2454.05 7282.48 
4260.53 8624.8 
2654.09 3157.67 
2785.92 5956.24 
7008.17 4098.33 
1815.89 6914.23 
7125.9 4405.81 
9549.89 386.187 
7937.92 9949.51 
3099.73 7506.48 
3725.31 7148.16 
6001.41 4075.98 
8216.49 4942.7 
6886.75 8455.11 
2651.95 1609.62 
7437.38 5106.01 
8892.1 1697.89 
3730.79 1546.17 
4855.56 6516.71 
7502.41 1863.72 
615.022 9318.3 
8777.94 7740.92 
3724.09 8327.81 
8127.11 1661.99 
8277.3 1226.83 
9168.47 2002.6 
8374.99 5169.87 
6078.58 6591.46 
112.546 2965.31 
5046.55 2764.5 
4574.93 2483.91 
7870.5 3467.02 
4181.8 1601.28 
5013.19 9037.37 
8117.99 2515.58 
901.066 8733.01 
1833.86 9679.01 
6473.92 5557.96 
8006.81 4601.01 
7219.95 6284.09 
5827.84 6388.41 
8286.69 4202.81 
1558.25 4365.25 
794.251 1670.8 
7330.56 5840.8 
4435.3 1905.48 
8324.71 2305.78 
5372.5 2506.5 
3907.06 385.67 
1543.85 2025.03 
2901.25 2444.92 
758.028 4735.12 
2123.91 7231.95 
293.057 130.7 
1832.94 7513.01 
6414.79 7660.78 
3901.4 4701.46 
1863.57 5459.65 
9066.71 2657.82 
7130.45 6397.26 
8498.63 1565.73 
8302.74 6823.32 
3871.52 3675.21 
9329.83 7778.58 
4060.88 873.661 
9803.61 6962.14 
3318.58 561.624 
1697.24 5442.49 
7793.57 1990.29 
5573.19 9626.51 
9503.3 1987.96 
7287.28 3404.68 
6689.43 9150.85 
8864.33 5756.13 
1808.66 5994.76 
2153.37 307.267 
7560.49 456.086 
7130.59 1431.99 
4131.3 6460.4 
9210.57 8192.18 
7334.06 9014.17 
5154.31 652.623 
9575.79 6851.54 
6095.11 7369.34 
8841.84 1668.28 
6995.84 8345.12 
3656.25 4283.1 
1749.78 345.662 
3433.93 614.09 
6101.79 5242.59 
6608.85 8255.16 
5549.86 4169.33 
8711.24 2680.44 
5601.32 2842.53 
9140.84 4811.87 
1034.69 6474.88 
3826.03 6189 
7127.5 3401.8 
3040.52 3222.6 
771.128 1882.34 
4890.88 7766.97 
227.445 8547.13 
2050.05 1977.22 
8892.79 5483.99 
2591.31 4994.57 
726.565 9200.17 
3249.71 6276.43 
3369.48 1960.93 
8956.86 8970.8 
4803.46 8097.68 
3782.65 5838.15 
4572.54 7608.68 
2027.13 1700.03 
1010.46 5067.66 
4922.63 1781.59 
6950 9813.51 
9548.56 7177.44 
8360.63 1598.6 
9154.67 7253.41 
7082.58 1745.97 
2247.95 7809.15 
946.116 5497.66 
4085.56 4315.59 
7458.59 3042.4 
3286.37 2262.03 
1140.07 7069.02 
8100.18 5712.61 
4677.69 127.291 
7412.64 5688.15 
5194.95 2335.26 
7469.74 2144.93 
2148.75 7018.28 
9322.37 509.365 
8616.88 8477.03 
7762.77 5699.44 
222.977 10.7066 
3508.57 1169.09 
5508.37 7594.13 
5484.68 2966.94 
636.518 8771.05 
5228.97 1776.58 
5840.06 3329.12 
7489.2 517.73 
3456.42 4901.82 
6205.88 8651.36 
7237.08 3675.6 
796.275 9385.83 
693.863 118.632 
9895.2 9310.74 
8595.66 7657.95 
5010.16 8818.64 
7668.66 8518.74 
9987.73 3177 
6112.85 5472.39 
6143.94 6749.37 
4243.43 1372.89 
8525.96 83.4759 
4702.01 6015.14 
601.206 8158.43 
916.94 6807.08 
6809.78 8154.02 
482.666 7606.05 
7539.83 1176.53 
7724.68 7435.01 
487.251 6320.32 
5092.94 5497.42 
5138.94 2761.58 
4016.14 5126.65 
5938.59 128.973 
599.03 2082.51 
6878.34 4842.46 
3455.4 5404.28 
4925.94 8157.41 
1419.4 5527.14 
6315.83 2336.34 
2334.21 3125.59 
490.344 2816.88 
731.62 8030.18 
3993.41 8456.3 
5465.17 4480.66 
4776.61 558.099 
9978.07 9915.55 
3319.68 3994.19 
5042.19 9258.27 
4123.16 5641.22 
1340.76 1001.49 
483.661 4796.16 
6405.77 5409.6 
2953.56 7825.18 
936.726 9269.38 
161.502 3270.94 
2394.95 651.846 
6087.81 3126.57 
8682.02 81.2048 
1582.86 4147.18 
4561.86 6359.47 
4705.28 4539.92 
6275 8024.96 
8534.11 1317.17 
7283.21 2657.26 
6958.38 8623.97 
3658.75 7442.05 
3420.11 64.5042 
2851.63 6373.66 
7889.68 3788.35 
5643.03 8051.18 
7059.29 8037.98 
8703.03 3147.09 
1164.54 7385.03 
3228.29 2747.4 
1532.19 7790.16 
9106.86 6237.47 
2330.06 5381.84 
4262.41 864.148 
6699.01 1545.6 
3521.4 3657.38 
169.552 7180.15 
1099.41 3589.66 
7244.65 3951.03 
9963.32 5134.32 
7739.39 5606.34 
3185.48 4798.66 
3644.3 1888.49 
7945.75 4808.84 
9273.53 1174.03 
7556.24 805.707 
8964.19 6663.08 
7043.18 1294.23 
2044.91 1305.57 
2158.37 8743.92 
2851.18 5679.78 
2401.29 3020.73 
2859.91 3500.69 
6610.39 104.548 
7451.73 6573.7 
5238.87 5191.1 
2180.02 8424.35 
9989.76 5824.32 
312.828 7935.5 
633.147 9586.36 
9109.53 8189.39 
392.047 8073.69 
4852.45 7435.23 
9367.92 6897.36 
8740.8 1526.28 
5641.27 1591.96 
7206.05 8042.55 
4612.69 65.9471 
1543.23 1223.06 
170.495 8994.96 
7796.76 5409.36 
4186.04 9976.78 
3833.7 4175.78 
5801.08 4146.52 
2111.26 6434.23 
3732.86 1220.77 
4623.59 4124.91 
9294.47 9476.05 
1560.12 8662.37 
6373.39 300.902 
188.629 2014.64 
1892.86 7394.68 
57.1793 6505.55 
7460.63 1600.41 
7728.61 7631.12 
595.348 5525.35 
3040.47 4781.39 
5502.11 6874.16 
8957.17 1303.17 
1020.67 1068.41 
7737.4 4753.53 
2289.19 2360.98 
8878.44 1583.64 
1837.01 438.546 
245.989 8210.4 
739.448 434.618 
225.024 2632.31 
7829.3 282.203 
9137.86 5289.91 
1882.61 6866.46 
2921.02 2477.96 
2391.8 5961.49 
7259.34 7893.91 
2835.64 6216.5 
9197.08 3856.31 
7284.91 6934.47 
8609.84 9574.1 
9295.44 7488.27 
1157.72 1132.43 
7926.81 1403.71 
9342.83 8666.26 
1838.32 9567.86 
1298.55 9667.62 
9850.06 436.4 
4957.52 1732.65 
7302.86 7878.54 
4210.61 9694.65 
3840.01 1469.94 
7588.55 6675.65 
7686.44 6785.61 
531.938 4971.33 
3720.06 9141.78 
4545.41 3015.49 
6630.03 5703.13 
4147.92 4556.82 
7106.84 3490.74 
3223.07 8945.16 
3058.58 4521.62 
8612.77 2908.62 
4958.02 3570.27 
4641.27 2260.87 
1448.79 8851.88 
1955.5 5288.81 
321.809 9544.05 
1964.44 8008.25 
6329.64 2496.38 
2979.56 49.6883 
1638.14 7524.98 
3065.18 8268.17 
3228.09 7213.1 
2824.97 334.911 
703.818 6048.04 
9280.07 3762.39 
569.649 7892.83 
6671.01 5527.67 
1463.08 1312.27 
7788.54 2911.88 
164.135 9744.04 
8200.68 485.944 
9288.08 165.102 
8494.19 5617.7 
2661.48 1473.74 
5667.39 4299.61 
8998.71 8732.57 
2567.76 2226.78 
5945.65 5392.74 
2561.7 6649.47 
1440.76 1841.75 
411.844 2010.41 
9734.58 7082.86 
7538.09 1197.64 
8395.12 5326.61 
4109.52 8559.26 
5070.64 2310.18 
9045.2 4358.69 
2475.28 7539.38 
9976.4 5136.76 
9013.11 5643.77 
9436.38 8011.81 
4376.33 2004.12 
238.573 321.959 
7396.86 2800.27 
6971.43 8837.63 
4642.02 7383.27 
848.021 4376.58 
4466.11 8386.11 
5574.22 2861.21 
3712.7 9683.74 
1420.45 8783.33 
1993.9 465.64 
3142.01 4469.19 
8005.02 3118.39 
9605.95 7018.11 
8762.17 9042.31 
5029.9 3138.48 
1046.42 5268.47 
3460.44 8443.28 
8068.74 431.845 
7280.88 2710.74 
7815.11 8128.91 
7087.32 2281.21 
6515 2661.53 
5142.42 227.679 
2345.25 6562.88 
9011.01 4339.16 
7028.51 2153.01 
8808.34 5033.51 
5271.4 8414.28 
2051.61 4033.55 
7456.57 7081.5 
7172.03 8502.98 
2349.96 632.449 
6946.24 418.679 
1064.29 4227.11 
3129.42 8879.41 
2356 216.728 
1160.6 8871 
2878.26 6303.02 
9098.68 5223.51 
2865.88 8109.67 
9562.67 9894.39 
262.664 8370.99 
4927.89 5534.07 
6785.25 6979.49 
9567.62 4241.8 
4060.98 6739.63 
2744.77 6410.93 
7372.08 9691.01 
6829.61 8436.38 
3918.11 9959.04 
7315.77 6274.11 
175.747 8476.36 
5145.09 3054.01 
4779.37 4243.75 
8277.51 7645.24 
2353.4 7840.16 
7539.61 2616.07 
6211.14 2467.48 
8150.13 2996.37 
9446.98 7717.74 
7238.18 3507.94 
4457.35 9982.95 
9918.87 1829.42 
9673.94 6748.47 
265.774 3592.03 
6707.49 7581.54 
9866.14 6883.23 
6057.89 5011.22 
9937.24 837.237 
9254.97 8214.74 
8482.48 1608.35 
6054.88 6022.08 
4224.42 2266 
8489.56 2374.54 
5262.38 7936.52 
92.2574 2500.54 
1444.44 4549.61 
2483.47 1363.29 
6379.02 2157.4 
8111.76 6644.8 
5749.43 4819.23 
4226.32 5615.56 
1702.45 284.194 
626.756 1639.67 
1121.43 9881.72 
9854.41 9603.91 
1490.06 5909.27 
5625.97 5714.48 
8175.27 4115.51 
8089.02 3437.63 
2052.01 8181.28 
5938.17 3496.45 
2730.87 8421.64 
4859.74 9109.89 
579.016 2971.48 
5754.67 6328.45 
7790.71 9980.99 
1943.99 9493.15 
265.17 2570.74 
1132.81 1386.6 
2452.45 987.193 
990.493 3942.5 
6896.46 6616.46 
9656.98 5071.72 
731.952 7745.98 
8509.35 2783.96 
5927.24 4447.5 
6280.41 8658.11 
2869.12 1140.13 
7767.98 3448.14 
4111.61 3522.64 
9776.59 1902.3 
3503.61 1720.56 
1395.44 3768.78 
4291.3 2528.24 
5155.38 6743.74 
3515.44 6145.88 
686.23 411.882 
2762.32 343.196 
5483.6 3494.27 
8089.18 3992.94 
6278.23 4016.41 
8440.44 2558.63 
2674.5 1309.55 
3698.76 442.462 
4757.69 7810.37 
3965.1 4534.26 
9712.67 7468.71 
6254.81 1108.09 
1237.48 546.094 
3636.33 6392.86 
7289.84 7151.77 
2538.72 7976.07 
7563.65 5301.04 
8319.26 3047.23 
8795.31 6408.43 
7040.17 5073.52 
424.814 5480.59 
7632.15 3099.31 
6790.14 1330.89 
3541.77 1547.81 
9141.25 7506.87 
6082.07 8853.9 
4975.56 2336.86 
9961.99 6213.04 
2882.96 3598.3 
2605.88 172.777 
750.051 5144.6 
8148.85 8313.7 
445.619 6468.09 
1360.91 9240.93 
2876.5 8401.08 
4314.43 3301.31 
3881.65 1946.57 
6400.62 671.769 
3277.46 9942.4 
2219.58 2418.69 
7449.25 8301.64 
