1300 2
4532.84 5309.59 
8298.85 6705.77 
8840.62 7864.79 
9442.76 1266.81 
2154.18 2929.14 
4545.55 5239.41 
144.755 1726.47 
602.916 1047.34 
9815.26 9714.42 
6046.01 6811.43 
7938.58 53.3317 
896.806 2487.65 
5316.27 6517.26 
5704.96 9160.62 
2433.19 6689.24 
631.589 6966.04 
1998.81 8930.44 
3671.79 839.408 
6795.21 3114.53 
2106.22 8949.4 
6043.67 6651.77 
4188.79 6188.42 
8378.24 4791.7 
7235.77 8193.49 
4506.11 3281.76 
5004.9 2444.68 
3335.09 5901.71 
4932.32 8651.37 
2418.95 637.263 
7811.97 4852.15 
7326.5 8443.56 
1818.17 9325.31 
7373.98 5489.96 
164.699 4169.17 
8604.48 2270.92 
3118.55 4648.13 
8922.69 7307.34 
836.539 7300.91 
2099.03 8072.3 
5494.38 6605.14 
1354.05 499.266 
9049.81 4689.15 
6400.97 3982.12 
3340.49 8819.93 
4619.38 1152.44 
3672.06 1945.86 
9596 5490.23 
1271.16 6969.96 
980.164 1435.85 
1139.12 9584.65 
3706.77 4257.67 
4232.76 2629.44 
1564.99 5069.3 
9930.36 3664.02 
3141.59 5424.72 
269.138 4495.64 
5923.99 9318.95 
9184.79 2324.94 
3301.05 2525.26 
1144.85 7920.44 
3677.71 4816.91 
9866.3 3273.69 
307.12 1137.44 
243.641 1287.28 
2573.29 1382.76 
871.915 6280.06 
5640.43 5104.68 
8909.5 7205.42 
173.966 8839.84 
869.419 3315.56 
4264.55 1138.56 
7811.2 188.515 
457.492 6995.97 
2513.46 3758.55 
9521.23 3658.31 
1678.96 3198.93 
8475.22 1545.25 
6472.62 8782.34 
2682.68 6716.26 
69.6103 5255.97 
8099.02 941.525 
1536.02 3739.43 
6046.21 445.507 
944.834 6220.17 
9285.35 1814.25 
9535.73 3549.88 
2952.81 7346.91 
3738.39 3410.3 
4342.86 6251.85 
7168.85 3864.08 
9910.16 8847.81 
7063.01 8385.37 
393.041 3535.61 
7167.69 3075.72 
251.853 7237.3 
8331.7 8350.87 
8178.83 9867.72 
2090.29 4225.02 
313.208 3035.12 
445.173 9598.56 
4849.38 9980.9 
3148.42 7802.19 
7327.8 6886.81 
1212.47 1670.64 
3138.64 8381.32 
5534.72 3048.79 
7229.12 2597.71 
1434.14 7622.16 
6133.32 8601.83 
697.865 6385.17 
5839.12 9029.56 
4736.03 4017.94 
8897.26 6826.32 
8242.95 9210.47 
9861.44 8688.13 
8809.01 4710.8 
8669.01 1957.41 
2512.97 5996.79 
8844.22 3725.44 
7667.43 1982.85 
2106.75 3202.13 
5031.64 9335.87 
5799.84 6465.78 
6958.01 1933.15 
5067.6 7655.87 
8318.32 906.703 
6685.42 3054.33 
4924.64 5582.67 
9880.65 3167.57 
4793.12 9742.07 
1855.68 3602.12 
4452.85 524.676 
5559.53 6965.83 
6521.47 4403.74 
691.253 4188.88 
6386.59 2798 
7391.01 1418.21 
2133.85 3190.84 
7883.99 9091.86 
5123.99 2951.57 
6747.71 3442.29 
3858.27 3433.11 
6496.62 8782.91 
9015.78 6377.25 
1950.47 3808.88 
6119.31 3806.15 
7411 572.144 
4330.82 2970.51 
7537.97 852.272 
7374.25 8229.22 
5041.15 3760.82 
1027.21 2432.15 
5179.02 3161.06 
5622.99 3062.99 
2252.9 746.959 
6014.56 9000.61 
4189.25 9872.83 
2433.7 685.85 
8655.73 1449.46 
7063.1 606.174 
5258.34 3182.39 
4412.32 2669.32 
3754.53 8743.15 
5639.83 1292.49 
9595.42 3014.06 
9521.71 4636.55 
6774.88 548.898 
7068.7 1953.88 
3709.95 2691.67 
5016.88 5962.85 
3438.63 1031.42 
4963.44 7627.88 
904.24 7397.14 
8313.73 9559.97 
8846.6 5376.81 
166.123 4104.92 
8559.2 4578.44 
6774.24 2313.72 
3321.57 2414.05 
3606.2 2916.98 
5428.11 3127.89 
7553.53 2202.97 
3676.79 4622.21 
4156.85 7386.75 
7313.88 9173.73 
3349.58 752.497 
205.132 8313.02 
8380.38 1109.37 
5710.14 6694.09 
669.321 4556.72 
2070.88 835.444 
8661.64 630.066 
5413.89 5435.86 
2943.78 8735.46 
7849.91 6549.99 
1652.42 3278.01 
9677.88 9205.95 
5480.98 3354.66 
3828.14 9637.83 
741.386 1142.01 
8811.54 4090.97 
1894.51 9016.67 
2403.97 274.865 
126.024 8114.11 
6968.95 795.345 
2670.81 9039.83 
1630.79 1332.43 
9669.9 7044.68 
6768.29 2613.66 
5780.12 4618.19 
9163.65 7432.54 
7896.19 8841.51 
6638.48 3377.15 
2196.15 466.603 
3014.96 2937.54 
1608.61 1826.48 
7028.51 3503.12 
843.132 9432.47 
3777.98 969.156 
7546.56 746.917 
1764.5 217.357 
9786.75 3395.29 
1549.79 9456.63 
439.952 8318.08 
2070.28 6220.08 
2936.25 1233.91 
3652.6 832.425 
75.407 291.064 
4209.58 2271.56 
757.666 7224.54 
5209.1 2366.28 
9051.02 2237.59 
5869.4 9894.15 
1670.05 9647.38 
863.289 9216.61 
394.282 2627.79 
9433.97 181.014 
6023.08 983.743 
9637.64 6463.03 
9301.82 1707.9 
2683.09 2238.06 
2941.81 6335.69 
3070.48 3017.22 
6626.76 7280.06 
5288.78 7384.42 
4504.58 497.865 
9750.7 3555.58 
2735.46 5620.08 
3449.71 4405.51 
5267.45 4313 
3622.11 5661.73 
6940.79 3056.06 
5842.74 2963.86 
4039.8 5480.37 
9426.89 3341.61 
7188.27 2109.96 
5579.66 130.064 
8445.66 8650.15 
3147.28 5072.4 
5930.19 8436.06 
2456.81 434.748 
8933.93 2207.49 
3990.33 1669.37 
7827.58 7440.04 
6074.87 3095.01 
1753.03 9696.98 
8756.74 8693.82 
2753.02 4599.47 
1657.66 6792.83 
79.8198 1084.53 
134.419 7268.09 
3194.49 5714.08 
7398.16 1640.13 
4364.21 545.42 
6712.53 294.381 
8981.48 9169.33 
729.129 7915.39 
1376.81 4719.46 
9584.76 9204.39 
2159.48 5659.61 
2299.38 3912.5 
5356.58 1056.1 
2606.31 8109.6 
5655.57 4263.96 
4902.41 5735.39 
5348.49 5036.83 
3003.46 8542.98 
750.893 401.602 
183.092 5115.1 
947.021 6895.62 
5409.49 9928.5 
6064.94 6138.61 
7843.87 7441.75 
858.053 7428.61 
6646.12 3017.53 
3088.21 8945.5 
6930.04 8444.78 
1.58436 9536.34 
6554.36 5657.15 
3800.29 1456.75 
1392.53 9148.78 
6493.58 4395.99 
7691.74 7244.47 
4797.59 7874.83 
2359.56 5744.61 
4770.43 7769.05 
5673.1 835.353 
3907.64 3516.95 
8277.1 4765.7 
945.549 4923.2 
7783.23 4033.76 
3868.68 4713.25 
2478.52 3870.27 
4249.58 9032.89 
9527.42 8049.86 
489.624 919.933 
7198.62 6983.21 
5315.92 4890.34 
4227.66 113.497 
2765.15 6587.22 
5858.11 7535.59 
4356.25 1531.19 
8370.94 8263.9 
5048.14 6648.02 
3029.58 5993.69 
1571.21 812.791 
27.4331 5439.9 
5526.04 2505.96 
9310.17 9775.62 
1538.82 8837.57 
7825.46 2028.45 
9757.5 5024.07 
9011.65 5073.41 
9914.41 3239.3 
5186.91 2679.55 
9826.52 1045 
215.116 4182.76 
2576.19 8586.06 
2446.64 7624.33 
5234.06 5476.22 
3618.01 6805.28 
6289.01 3645.44 
2245.15 1815.03 
6151.4 1555.3 
1590.63 7690.22 
392.856 9416.09 
9718.67 150.342 
4440.14 8730.31 
5223.75 4354.53 
1969.59 410.64 
7034.08 1796.1 
1455.64 7249.19 
5978.86 4031.82 
5835.23 8425.5 
1656.14 1069.28 
3901.7 5274.15 
7874.56 190.694 
8919.59 119.692 
2005.73 5070.96 
1674.99 3596.36 
2761.17 2067.85 
3012.44 2479.82 
2218.19 7452.58 
1210.11 7441.94 
1807.1 3179.7 
7852.58 8841.18 
4975.8 9308.22 
6090.35 954.638 
3340.03 1925.57 
9380.14 4996.17 
2994.85 3281.82 
270.294 869.388 
3472.51 9189.88 
989.081 5478.24 
4260.83 2664.07 
9074.6 7022 
4731.93 2087.02 
9501.82 6950.12 
9539.61 711.913 
4392.04 1346.69 
3891.61 2244.61 
187.846 8867.41 
1552.81 6278.2 
9822.05 4892.84 
8203.77 9202.17 
9889.01 1198.6 
2483.97 159.283 
2067.99 5956.49 
9349.16 3057.07 
1434.71 3609.97 
5721.15 509.297 
631.953 453.054 
2596.32 133.754 
7403.17 2135.91 
845.667 1795.2 
3482.6 4737.28 
4039.81 3670.45 
3604.68 5592.62 
9948.64 3426.71 
485.445 8152.4 
2628.86 374.434 
9351 5112.83 
533.717 1418.97 
1069.3 9882.88 
4476.04 2504.01 
3492.84 197.171 
3013.31 4124.79 
650.224 5609.63 
4258.55 8053.4 
7745.54 5104.21 
9848.59 1228.13 
9841.49 3888.38 
4898.57 3446.16 
9481.01 4847.2 
6872.87 9966.45 
2999.58 9501.73 
340.868 2350.56 
4614.55 874.585 
3769.53 5683.85 
757.449 8245.57 
8187.86 4250.29 
8442.75 1201.16 
8375.08 9092.97 
6810.79 2633.61 
7146.35 4556.32 
7737.82 6994.92 
5784.44 7579.3 
883.291 682.996 
1025.44 364.28 
5530.2 7898.3 
330.714 8529.77 
7400.01 671.581 
880.318 2014.54 
1546.17 4649.85 
7698.39 2303.62 
2895.41 5886.24 
6553.9 1338.14 
7087.4 4928.96 
431.088 3898.17 
7562.57 7577.44 
8454.49 5300.37 
4572.34 4238.91 
2879.65 5455.63 
4921.91 3905.09 
5819.91 452.086 
1803.37 6150.63 
8981.86 9203.38 
6822.21 9862.18 
1217.91 8368.38 
4512.01 8916.31 
671.974 7407.42 
4802.53 7225.88 
8745.55 1889.91 
2154.82 9176.64 
5788.08 9717.39 
6754.06 4242.55 
5017.74 1326.38 
8481.46 7897.4 
6782.02 3403.35 
1802.46 2601.91 
3855.44 3605.84 
8752.54 2837.28 
2809.2 5574.73 
2699.44 4027.12 
3943.09 7211.45 
2943.41 4615.07 
4618.85 7745.93 
1840.92 3364.39 
9635.84 3995.75 
2541.01 5423.91 
3713.12 9295.07 
9666.46 8730.86 
621.437 8147.9 
6628.24 7403.45 
1551.23 8430.71 
5.35074 5406.67 
2036.53 8757.89 
8243.95 4845.73 
4332.61 943.373 
8872.85 8275.7 
8154.82 1816.24 
2890.75 2773.66 
9562.17 4731.67 
6138.05 9198 
8727.42 8679.06 
4621.89 2440.52 
7974.11 4288.33 
1171.37 8595.55 
2436.21 7799.61 
5998.98 3987.44 
6230.3 6004.33 
9394.11 8266.82 
4762.21 7638.05 
3112.53 9094.82 
8581.42 1985.36 
7370.5 6736.23 
3801.6 261.235 
9509.89 3363.75 
4992.91 5647.92 
2561.73 3720.31 
4326.96 7183.62 
6160.83 2301.05 
1471.93 7332.2 
896.579 3908.14 
5131.79 6895.56 
7895.58 1362.07 
2899.88 7289.68 
9628.89 7662.09 
4927.71 2741.41 
6756.89 3509.11 
4726.77 4127.38 
245.321 8528.37 
4388.61 9755.21 
1892.11 9381.52 
5403.1 4453.84 
3101.82 9730.06 
1637.45 9262.65 
2031.09 3109.38 
6594.83 2927.67 
7017.52 1726.61 
9823.24 4913.09 
3088.68 2723.1 
2202.76 2717.56 
385.173 7130.47 
5458.97 7142.06 
639.56 185.725 
1269.43 884.882 
8714.1 5658.04 
640.072 606.192 
5039.54 6043.18 
5060.04 8141.36 
5773.22 6697.48 
7403.99 7804.31 
9806.87 3998.81 
731.969 6824.37 
5725.42 555.188 
1737.45 8814.1 
3278.29 3940.2 
1531.64 3663.46 
1070.65 6990.61 
805.508 1710.21 
7176.33 2074.93 
2595.1 5890.42 
7732.97 3235.17 
6496.61 2772.5 
9278.34 1556.63 
913.84 5051.55 
8254.11 8317.83 
2855.84 8060.96 
2316.63 3587.81 
4885.32 8042.05 
4143 6622.77 
6856.13 7421.29 
562.956 8387.78 
1084.73 1633.61 
5378.37 1890.24 
3343.82 2554.69 
3965.17 5938.92 
8445.1 1698.12 
9174.08 4941.7 
4470.62 8452.41 
6498.32 5384.46 
3503.94 4752.42 
3702.28 6359.79 
2813.36 6018.91 
9947.6 7698.68 
4060.94 4090.58 
4321.43 917.059 
1511.85 4884.39 
9304.84 2596.58 
6518 4683.19 
4486.82 9861.82 
7237.88 8451.99 
5800.72 5682.96 
150.1 4974.79 
624.64 4620.72 
3427.19 7122.96 
5.16698 6931.13 
1875.36 3707.45 
3290.9 4688.73 
9726.35 3238.48 
2387.39 3787.28 
7329.06 6708.82 
4704.34 8840.92 
1593.2 4009.16 
1437.48 8111.19 
8692.35 5924.3 
7973 5930.21 
4376.28 3773.7 
1613.15 4526.38 
8748.49 2237.79 
9147.1 2175.66 
9360.75 9152.27 
9106.79 1236.1 
2859.7 2397.67 
5924.83 2586.04 
5636.15 8312.22 
6373.31 2965.19 
5021.02 1077.63 
1806.09 6614.22 
5086.79 3243.58 
4725.4 3779.12 
9167.88 2698.38 
9709.33 3544.14 
6472.08 1322.46 
8070.52 5220.56 
3560.25 7217.61 
7396.22 2920.98 
6369.86 6502.99 
4157.08 9229.56 
8900.66 81.8897 
1815.57 4536.79 
8394.11 8188.89 
7501.98 3415.11 
9266.52 9308.08 
29.3173 4353.3 
2551.63 4754.72 
8132.42 1719.5 
7453.09 7841.73 
5263.64 3925.16 
9164.19 3334.14 
9145.72 2724.42 
551.733 6541.92 
5645.4 6921.59 
3044.89 9802.48 
6151.13 1945.53 
9884.37 7966.7 
6482.32 8278.46 
6155.57 3984.28 
1693.56 5422.08 
3292.34 1722.88 
9775.38 5843.97 
6477.59 7907.78 
7563.47 3930.67 
5749.49 2827.09 
7855.83 4913.66 
6161.24 7001.53 
7638.07 6712.97 
3543.43 3283.46 
3634.55 6588.32 
3085.92 9785.68 
8533.84 2970.28 
7752.36 5016.14 
1248.73 3907.92 
9000.42 2942.28 
9330 2292.75 
4665.16 9105.35 
8136.72 1142.73 
7013.11 5700.18 
5073.4 2762.58 
8527.27 2929.22 
7676.24 4688.49 
9930.75 5314.3 
1401.45 3474.16 
8597.75 5036 
62.4579 1683.66 
4821.65 8596.3 
4653.94 2574 
3612.43 5902.67 
6481.92 2612.84 
8844.96 5811.89 
4905.59 3510.1 
4917.23 3042.29 
4652.83 1930.33 
8742.47 9726.24 
4692.91 7269.73 
2655.44 2369.13 
1958.2 2586.17 
7683.43 3359.65 
6060.33 6281.17 
8395.65 6122.78 
7964.83 3217.29 
4719.07 2618.76 
5791.29 8331.5 
8521.43 2273.18 
944.319 7366.36 
8085.08 5849.91 
876.446 3002.29 
8892.2 5529.28 
4932.62 7634.65 
5255.5 9625.53 
4904.36 7910.94 
1994.64 6862.57 
497.091 9678.07 
222.205 6557.42 
5959.22 8617.85 
2680.18 3924.03 
1835.12 7399.25 
6542.79 7626.41 
5730.74 5064.2 
9899.59 6675.05 
2430.54 7984.65 
2524.94 3306.99 
986.93 1417.12 
8836.27 5919.55 
9051.78 4091.75 
5545.06 3956.12 
2002.68 7539.7 
818.674 2499.77 
7217.76 1040.88 
9057.18 3176.96 
9658.73 1737.35 
7100.99 1493.84 
9136.6 3643.76 
9120.25 4867.32 
8707.96 9019.83 
1542.36 1138.48 
7004.46 4067.3 
4445.47 7991.4 
5484.43 3281.73 
3910.93 4536.19 
7373.48 9455.99 
8492.31 9376.16 
6995.67 9310.99 
1875.91 4213.41 
351.849 933.074 
7390.37 10.5655 
2670.43 4491.34 
1504.41 1807.01 
8135.1 624.64 
6674.34 6843.04 
9644.47 8216.7 
7981.53 6648.91 
2283.98 2426.98 
4640.29 7768.41 
5708.71 8551.22 
2304.58 3082.17 
8007.19 796.879 
2458.31 5002.84 
107.849 4334.22 
9216.25 459.698 
5267.29 6606.6 
470.263 7937.72 
1097.93 1974.67 
9744.73 9233.03 
2599.31 6419.05 
6076.05 2243.76 
4635.73 4057.56 
8892.67 6919.71 
6484.54 3532.95 
4688.11 2193.24 
2084.15 6992.69 
5275.41 91.3232 
7789.57 7733.72 
5094.17 7897.42 
2067.92 4310.4 
8357.12 7335.22 
916.986 8827.38 
5272.92 2014.91 
802.031 5017.64 
1247.93 3401.34 
1436.67 7323.98 
5645.1 6072.4 
1381.52 4537.76 
2992.1 7866.07 
8070.71 7680.2 
59.2866 154.843 
4672.88 5334.7 
246.166 2462.43 
3068.4 5340.33 
359.827 5136.32 
9650.73 8716.94 
2471.52 567.701 
7544.3 7744.44 
2582.61 8346.34 
2762.06 3830.54 
1747.66 4198.73 
1154.5 7392.76 
271.115 2536.03 
1930.5 3263.21 
402.077 1.19124 
943.396 461.364 
156.034 5616.27 
5796.06 402.201 
8078.7 8864.46 
5742.53 8438.52 
4000.76 5393.25 
7155.45 6472.29 
5960.95 4699.74 
4216.71 8543.56 
3046.06 6978.77 
2374.09 4793.72 
1177.49 3528.59 
2186.46 1448.6 
6064.62 4116.96 
4711.82 6466.69 
4118.15 5655.21 
6928.06 4274.18 
1271.46 2724.1 
4676.39 9350.16 
1588.54 418.9 
7788.67 5589.3 
5812.15 4944.1 
2061.57 1773.08 
9643.84 6278.28 
316.624 2689.88 
3257.04 2690.71 
7483.6 4434.53 
6219.3 9670.06 
5883.14 2283.9 
3787 594.934 
8750.59 7905.15 
6250.15 5678.63 
2179.32 7521.61 
8402.73 6855.7 
6871.75 9991.27 
7274.6 4660.41 
5580.55 3086.73 
9604.51 7642.12 
4859.81 9248.33 
3920.39 5176.43 
1938.2 7177.43 
7867.14 9421.79 
1611.94 4086.42 
9091.83 7495.08 
6370.32 2878.81 
8090.01 5120.9 
783.944 4340.14 
799.512 2963.26 
1861.73 9202.24 
9818.96 8733.49 
9193.49 7093.54 
3393.88 4774.03 
180.256 2998.37 
2416.14 5040.06 
2246.69 6336.52 
216.479 4184.89 
3513.94 8083.62 
3606.67 5125.88 
2170.03 2698.48 
2620.95 8540.35 
5577.3 710.943 
3661.23 6361.24 
5051.08 4460.75 
9324.5 6912.82 
3662.97 9143.44 
5646.29 2856.45 
6236.97 9040.17 
7630.47 6417.22 
2038.53 46.592 
1457.27 4285.22 
6383.12 1673.75 
8470.11 9897.06 
9757.37 2076.75 
5022.92 1927.38 
4775.24 7643.87 
467.72 352.515 
8354.81 4128.95 
6713.75 3405.88 
8589.7 6038.24 
318.685 2252.65 
5181.66 5964.98 
5109.1 1418.61 
5005.13 2739.55 
7835.83 7043.66 
2786.15 9293.1 
1328.86 9169.26 
966.837 9798.96 
9066.3 724.192 
1875.7 4089.21 
2651.58 6650.94 
1733.06 3119.3 
7003.45 87.8591 
7248.25 3717.19 
3493.74 5837.93 
9755.42 3812.43 
8090.58 4937.07 
9777.4 3199.66 
6355.68 4782.52 
5939.22 4191.49 
1826.16 8725.36 
3484.58 3155.02 
7894.61 4451.42 
2953.96 6960.9 
5175.61 4829.67 
1050.09 7827.19 
1480.59 2783.15 
946.465 8484.04 
2871.01 8194.71 
2201.21 6364.75 
4032.63 1956.62 
177.159 2123.2 
6893.69 9954.56 
5322.86 3249.35 
4737.06 1262.06 
7440.84 6563.22 
9987.42 925.401 
9718.24 7882.02 
5376.82 2672.18 
4842.9 552.411 
7501.85 5892.99 
8379.6 8982.43 
8676.14 9326.06 
7466.46 1547.13 
7520.76 9667.67 
7911.88 1553.37 
1624.27 8089.04 
3676.57 8517.95 
8043.58 8999.43 
1767.28 2780.63 
261.474 9208.12 
9343.85 248.882 
133.505 9062.07 
8130.9 5510.32 
1734.23 2973.78 
6062.73 9236.08 
8866.76 4442.31 
8218.5 7542.88 
3768.36 5684.93 
9090.01 1289.1 
5352.58 7001.88 
2842.47 6976.85 
5090.9 6519.04 
5494.79 3134.47 
5518.46 7262.07 
5915.09 5779.93 
6470.17 5258.92 
6028.81 6603.68 
4320.97 4159.69 
2113.98 6055.2 
7133.47 8176.72 
5291.26 6000.22 
2619.01 3509.74 
3543.09 6387.37 
9194.68 2633.09 
7676.47 4547.24 
9634.96 518.928 
1524.08 4725.84 
7037.97 7018.86 
7860.31 2556.41 
4280.92 3775.39 
8336.34 751.073 
9034.31 4365.13 
7354.75 3355.26 
8524.83 9468.73 
9410.46 5658.29 
7645.44 4701.71 
1658.49 264.431 
8211.46 5201.58 
6651.8 7406.12 
7834.67 4328.26 
1953.34 7469.62 
4847.19 3477.42 
2195.44 1885.14 
496.265 55.7351 
4441.55 4777.18 
3831.12 2777.87 
5528.25 2865.41 
7143 2882.99 
6220.67 5667.82 
2351.71 5631.12 
1326.09 9997.14 
332.819 2984.58 
261.555 8544.27 
8186.16 6913.36 
5950.37 6020.81 
1241.6 7903.72 
3490.41 6088.78 
1381.12 5685.86 
7973.92 1877.38 
5741.59 2415.45 
6654.56 9572.71 
5193.32 2182.8 
2438.11 2336.31 
5065.79 8658.78 
8004.13 7417.49 
4289.89 9330.21 
7414.62 4622.7 
2314.77 7676.17 
3166.96 500.919 
4589.51 9117.34 
6521.73 5831.11 
7021.04 12.1282 
1919.87 8402.15 
5697.98 9893.79 
279.518 1439.56 
2309.23 6934.08 
1012.25 7502.55 
9116.88 3450.36 
9838.86 4182.65 
2109.12 7842.97 
1600.13 6399 
7173.17 9014.75 
1021.69 9487.94 
6690.9 4188.65 
9988.86 1280.4 
3305.97 6510.58 
7111.51 326.991 
6522.71 9031.38 
8729.14 2220.67 
8925.16 9008.66 
3660.23 1234.37 
5942.73 4672.48 
8736.92 5059.59 
8122.83 8575.77 
9242.25 231.936 
6418.72 842.36 
6630.94 3591.88 
9857.11 7652.63 
3079.8 6548 
1841.27 3068.65 
7828.4 5147.24 
9579.23 4939.89 
5474.23 6101.92 
3971.25 4203.36 
8322.59 2896.39 
3212 1982.8 
4130.76 9154.73 
6655.28 2867.66 
4214.3 4778.1 
1443.41 3456.53 
5010.04 7862.14 
4298.89 1640.96 
1453.99 4155.98 
9293.59 4533.8 
703.962 1134.84 
7602.44 8532.36 
6282.08 7181.65 
3472.23 1756.29 
3283.55 7443.48 
5959.65 1606.13 
339.848 9171.65 
3588.93 4470.61 
8326.36 244.194 
7338.27 2540.64 
5022.29 8781.68 
5997.17 32.3134 
6643.8 296.044 
1673.27 8097.8 
4452.03 966.843 
2631.58 5155.99 
2101.68 234.002 
3688.33 8383.76 
7415.66 7160.56 
140.031 699.191 
4604.01 6099.68 
2305.32 4943.86 
5271.31 5894.25 
9414.47 3597.65 
6138.44 6752.72 
6138.29 1160.72 
5534.39 2135.44 
1193.03 2178.17 
2431.49 2866.3 
275.954 6883.51 
3833.15 2907.53 
2039.48 5934.83 
3141.53 5727.81 
4318.57 557.171 
2888.35 4458.6 
1256.36 7492.36 
558.258 3561.68 
2436.21 5829.57 
9455.93 1850.66 
9427.21 5594.35 
8603.38 5565.48 
6755.07 4137.76 
7700.92 7948.1 
6315.93 132.391 
814.385 6591.89 
7015.9 4647.53 
9499.42 9055.39 
582.34 2640.93 
4783.18 4900.91 
3198.1 7671.53 
9359.5 4454.46 
5163.88 9917.76 
8016.14 7600.09 
5747.31 7472.05 
9450.75 5174.51 
3066.38 8054.12 
739.972 9821.45 
2191.86 8440.9 
7769.53 8507.79 
8573.29 8583.92 
5099.66 5589.17 
3231.43 4599.06 
4644.54 3813.77 
7239.99 9427.73 
8714.68 438.072 
7099.24 8074.17 
4892.53 2263.11 
7991.91 2908.66 
9863.2 3739.21 
380.695 9313.94 
8913.71 3447.08 
7368.04 9653.68 
3268.51 9559.9 
8094.56 1038.03 
8067.67 6667.83 
9621.95 3167.31 
2256.99 2853.36 
7766.37 6901.53 
6667.13 5006.34 
6329.24 5381.79 
5444.41 3428.47 
3455.94 336.929 
5691.57 1447.84 
3245.59 5554.75 
5187.04 3626.29 
4868.67 4100.74 
7073.36 2236.69 
3754.41 341.862 
1796.58 1848.95 
1379.89 9864.25 
8516.79 1001.82 
3031.54 773.76 
3855.19 797.895 
7675.29 522.304 
5804.23 4004.51 
5904.1 1248.63 
7432.98 9360.04 
1585.56 3124.54 
807.862 4831.15 
8679.29 5994.91 
8457.43 3547.95 
95.629 5530.78 
5784.64 3850.04 
5872.64 7581.22 
5698.99 7252.54 
7445.45 4215.76 
8254.36 476.972 
4989.52 2109.53 
1274.87 2664.8 
2631.83 7079.1 
6669.31 8535.93 
8327.73 4102.27 
7895.96 9913.29 
7226.81 8703.82 
4744.42 5906.08 
4698.71 3201.84 
9454.03 4794.34 
8732.62 5238.66 
8644.37 4605.25 
2819.86 4343.35 
1857.77 265.285 
8559.11 112.109 
742.258 3548.62 
2221.64 2017.12 
6213.41 4853.48 
9096.23 2882.71 
3389.39 7423.94 
6984.98 1285.33 
7337.22 4211.77 
9989.15 2081.62 
117.839 4687.84 
5283.46 9571.87 
9482.18 4016.06 
4810.51 8126.53 
8621.31 7630.36 
2469.87 479.056 
7895.65 1028.96 
591.166 8637.91 
4577.58 2812.81 
655.013 790.97 
7666.28 9751.24 
3673.68 1055.66 
7175.17 658.638 
2340.99 4512.36 
4870.41 2330.12 
6593.98 4988.25 
7017.96 1877.43 
4560.1 6500.12 
5893.49 9370.61 
4626.64 4514.78 
7000.95 7096.5 
4993.83 4896.58 
8125.46 5585 
3534.47 2703.02 
8397.81 4189.49 
3493.99 6064.07 
3940.71 7167.67 
7119.73 1115.86 
7826.3 9460.71 
5628.22 2696.7 
1790.81 2222.19 
7684.95 8808.77 
4099.62 2245.03 
5308.87 9993.1 
1615.62 9935.51 
4507.86 8616.58 
7032 9501.7 
3513.14 5157.44 
5086.68 7047.61 
7860.46 3484.47 
1237.08 1354.44 
9548.54 5177.79 
8522.1 6668.25 
6293.65 6348.39 
6128.94 1921.86 
9045.09 7919.75 
4144.05 6730.02 
6728.51 8243.66 
8975.04 2037.36 
8236.75 590.649 
1972.86 2744.59 
9207.22 9004.86 
2246.28 2720.35 
4162.28 7332.96 
9767.96 2022.73 
817.408 1005.03 
3377.16 365.93 
6182.82 1899.25 
7034.18 2476.46 
8247.63 3163.1 
4398.31 7292.7 
1082.83 8542.36 
4022.7 7811.34 
6786 2997.73 
9848.71 5022.73 
3588.38 1821.55 
7767.33 2795.59 
826.388 13.5847 
5515.93 4988.67 
7346.54 5283.88 
7011.39 8163.95 
6288.91 388.539 
8529.88 2471.71 
2287.78 5564.04 
4948.17 535.403 
8727.14 9346.48 
7828.11 9809.97 
7888.82 1850.79 
7621.3 4674.81 
4848.52 7469.99 
9697.54 8436.9 
9291.54 7464.85 
1232.47 117.908 
7478.43 6748.41 
5106.58 4824.95 
2032.27 2117.95 
2988.89 8321.18 
2506.49 1518.75 
792.873 4794.28 
7082.78 5741.04 
5329.68 5809.9 
5087.51 3157.77 
5619.86 2976.31 
5008.56 3241.14 
7651.11 9857.09 
711.108 7348.63 
8293.98 2.6279 
4813.46 9526.45 
120.536 2291.88 
6274.84 5227.11 
7116.83 8307.11 
7345.07 105.701 
6628.27 9851.56 
1624.45 7421.14 
4645.82 8707.23 
3162.16 9975.5 
4517.12 8249.67 
3133.26 136.963 
1225.96 8141.82 
3378.1 8877.08 
7998.89 4089.21 
6225.69 6292.85 
4091.84 1039.14 
5819.28 4212.37 
3331.02 2094.1 
9439.49 447.833 
401.19 6784.54 
553.534 7029.46 
6636.08 2177.98 
4450.58 1281.89 
885.199 7612.74 
1257.37 5402.32 
5862.4 4390.63 
5539.28 7088.36 
2532.43 8917.38 
5965.42 531.307 
3006.58 2191.1 
6824.16 7098.41 
3230.24 2643.42 
1310.77 6561.26 
4737.52 750.239 
7009.09 5138.71 
7534.78 7562.62 
2168.15 4170.84 
9740.61 6618.73 
5452.73 625.79 
4231.45 6710.1 
6028.11 93.8327 
1100.71 1567.38 
7182.19 3633.14 
484.744 3147.59 
4164.44 3491.32 
5338.69 988.585 
589.717 8568.93 
3632.01 1900.49 
5130.17 8369.53 
2650.72 2139.24 
3508.23 185.483 
9701.87 5676.38 
4356.32 9442.46 
2295.09 9809.05 
68.2305 6526.55 
6519.13 6096.34 
6620.38 7619.83 
7663.72 3802.56 
