1400 2
4224.74 1370.69 
9475.85 5791.75 
4405.21 8628.3 
8458.73 4499.96 
9079.73 6735.25 
7876.89 9352.96 
9995.91 545.834 
8246.17 2173.5 
5488.97 913.082 
4796.76 5735.24 
8511.55 5178.45 
6137.33 3753.65 
1924.73 621.162 
2514.51 1666.23 
5582.43 2165.01 
9606.6 9807.17 
3535.69 9082.44 
5598.91 7940.9 
7710.72 4057.62 
2440.84 6790.43 
792.853 317.714 
6143.37 788.747 
863.548 4389.53 
2962.24 6352.51 
5302.61 7759 
2087.73 3814.15 
2937.43 8225.06 
7567.8 4862.16 
8846.23 82.2913 
6528.4 4428.64 
2247.3 6134.98 
4235.79 5782.99 
5217.4 9834.7 
3723.88 2928.1 
3892.31 6164.72 
9718.53 4685.16 
6482.44 5861.88 
5473.91 7345.99 
251.396 8436.15 
3698.48 5554.01 
6195.14 5786.21 
9368.15 9132.57 
4011.26 6935.93 
3994.72 2857.47 
7018.22 523.1 
7286.11 9265.52 
6658.08 1521.88 
5048.5 1875.46 
1356.57 8772.38 
4803.56 5248.87 
4937.09 4522.08 
9934.03 1419.51 
383.944 5407.92 
8765.49 635.34 
3844.06 2463.96 
6189.35 39.1758 
8250.17 5557.48 
9171.75 2261.41 
2493.4 3166.45 
5118.88 9511.62 
3689.55 2404.97 
8777.13 347.615 
3926.85 3825.61 
2223.08 5283.42 
2597.97 7026.64 
532.273 7535.06 
1548.7 466.288 
8954.57 1932.65 
5874.21 7720.04 
2567.99 9718.27 
183.978 8757.33 
9757.44 8434.15 
4314.8 8929.17 
695.545 6808.19 
2095.61 5814.43 
6319.8 5785.16 
8219.4 5096.91 
6132.77 2146.23 
8922.52 8355.85 
7429.65 1520.47 
5382.48 7961.92 
9055.53 6931.18 
8428.21 8010.08 
8863.83 4302.4 
5730.1 1431.8 
4020.65 5914.08 
189.114 3778.08 
4348.21 4503.91 
2707.23 5043.76 
1312.09 4802.84 
858.168 7631.88 
587.975 9077.57 
2728.78 6720.75 
1223.78 1651.28 
5076.58 8653.43 
3171.75 459.042 
6615.34 2227.27 
7390.22 5043.53 
237.33 6254.03 
9345.94 5967.43 
7685.83 3366.57 
1881.5 7874.95 
7144.65 6229.71 
2378.84 9851.88 
1273.45 3690.93 
4654.7 2131.62 
1322.79 5242.67 
1209.17 4051.57 
1963.4 2432.95 
5702.85 7039.98 
1086.37 8874.6 
7499.02 7701.71 
1101.85 4889.23 
2745.22 1339.18 
1143.25 2091.14 
7306.61 8829.08 
5457.71 9188.11 
6704 2602.34 
5417.81 9082.84 
2454.2 6691.26 
2773.75 7108.9 
8822.88 4096.55 
2351.56 32.037 
8148.12 4314.96 
2464.99 3850.95 
1354.92 3551.36 
2725.53 8853.95 
1253.05 3827.37 
3743.16 3998.27 
5166.55 4886.41 
6089.41 2473.14 
3715.46 1547.11 
1661.23 419.453 
4149.45 7079.04 
9502.3 6603.65 
3770.28 2276.03 
3712.53 2593.14 
6372.58 6064.09 
2625.18 4520.68 
379.03 5090.17 
8371.63 1733.95 
8641.53 1097.13 
587.883 9894.58 
4924.5 4331.04 
3892.84 91.0341 
9217.45 9982.25 
2564.17 2932.9 
1529.34 4225.4 
3352.35 5678.79 
1304.42 2854.63 
2282.42 5074.7 
5130.66 5994.96 
7667.85 1503.22 
2059.03 293.014 
6023.9 2438.06 
5383.19 4395.51 
4172.01 4024.7 
5492.65 4759.9 
3919.27 417.136 
9090.94 7812.1 
508.171 8308.37 
7794.33 3072.34 
1241.25 9323.67 
7297.75 4593.6 
5002.44 8602.17 
7448.23 7284.86 
3676.86 2578.87 
3279.8 1344.69 
4082.09 5338.83 
1637.71 105.982 
7776.89 7020.89 
4501.5 1948.88 
1045.58 9994.14 
6708.78 4964.84 
411.263 5799.7 
2776.93 919.434 
4108.05 571.244 
3991.78 5349.3 
9894.92 1289.51 
9942.9 4897.34 
9891.68 7391.11 
2182.19 3568.53 
9969.98 5461.99 
4913.22 4052.06 
800.8 6550.93 
4158.04 8577.69 
3571.8 8659.54 
526.553 4617.38 
8653.66 7235.33 
9582.22 9064.92 
3035.01 2359.13 
9984.36 7143.07 
2930.38 3976.12 
2492.35 2825.28 
5265.63 2435.23 
7722.62 5157.29 
9826.34 9904.8 
8725.82 9796.31 
5366.77 3639.02 
3848.35 6167.57 
189.934 8006.39 
4745.24 3761.74 
6665.91 5271.8 
8379.12 5319.55 
2507.11 7961.32 
4384.46 5542.12 
320.437 4368.8 
2685.17 3250.81 
8344.92 5177.52 
6076.09 3610.53 
7612.76 3798.69 
8767.82 7439.08 
3703.47 7493.62 
7235.37 9070.25 
1132.63 1083.7 
5237.8 1322.57 
9090.09 9983.04 
5084.3 5755.98 
5254.82 3463.4 
1075.51 7761.93 
1424.71 5459.97 
3304.04 1745.14 
9828.77 5989.21 
4995.96 8173.67 
1166.72 1072.03 
1784.18 8779.47 
4870.71 551.984 
6218.54 8574.19 
8045.61 3453.89 
7644.42 9178.24 
4537.6 2882.2 
500.79 3627.67 
2865.23 5585.09 
9383.65 8120.05 
9048.5 459.148 
5881.96 473.185 
5919.12 9186 
2218.33 5747.87 
5175.2 7214.28 
3921.52 6341.92 
8286.31 5705.7 
5121.37 3157.01 
6257.68 1339.9 
1731.18 4303.28 
4793.79 9375.6 
3481.5 9331.39 
2257.78 3982.29 
2959.04 5123 
9567.38 2342.68 
3243.04 8615.86 
2801.82 9125 
9089.05 8720.94 
8310.99 1307.36 
4468.79 3486.17 
8521.64 8390.32 
9828.09 6807.94 
4096 4949.45 
9964.95 353.667 
6289.34 1696.11 
4656.94 1083.11 
1071.69 8138.44 
414.485 3329.47 
2120.71 3373.53 
8452.47 1688.08 
5716.2 1695.49 
303.923 8518.03 
820.476 9392.97 
7238.95 9131.46 
700.308 1707.73 
2617.62 9221.95 
98.0308 2445.69 
6029.87 4194.03 
7395.14 5994.8 
4547.7 3684.46 
7690.91 9204.64 
4767.57 8762.6 
7343.07 5182.06 
2092.06 9463.78 
8555.59 544.514 
1151.84 4271.77 
2240.01 1455.77 
2789.78 3060.48 
848.718 28.721 
2191.93 1549.03 
1736.45 4809.55 
770.958 1834.48 
7255.24 6800.83 
6028.51 4650.36 
2795.61 576.195 
8334.82 486.504 
9780.84 3102.37 
9249.11 7123.89 
8284.43 1341.15 
6587.65 6840 
1885.66 7739.5 
1111.76 4125.67 
9195.26 3901.54 
7186.15 43.9633 
3930.27 9378.08 
1592.99 5666.72 
4187.61 2363.95 
7501.2 1442.83 
9164.77 3529.7 
6093.19 1960.37 
4105.89 4427.99 
2446.87 3886.71 
7530.36 1695.96 
1010.58 5814.78 
3037.11 7598.23 
2654.77 4922.77 
5337.71 3766.53 
9048.43 4532.96 
7668.07 6234.57 
4576.92 1598.32 
5612.63 6169.91 
7265.04 9800.24 
8533.86 4766.22 
1243.06 7698.61 
8295.92 7336.25 
9658.98 2401.8 
1764.22 2105.83 
6288.51 9294.58 
3801.79 7299.09 
5109.35 6838.9 
4897.31 7764.12 
1761.65 235.005 
1530.63 810.065 
4767.96 9198.7 
7044.63 9344.88 
797.004 2657.25 
5514.78 8062.04 
2457.47 4048.61 
2828.25 3700.53 
1747.21 1124.15 
1036.76 1406.17 
3525.95 2800.98 
3512.01 9814.46 
2095.55 7313.8 
7113.54 7204.9 
4152.68 2010.83 
4969 5914.33 
2245.84 6499.63 
6724.39 7013.8 
5698.31 3769.01 
6358.67 6495.31 
6426.26 1873.43 
4557.34 8883.73 
5922.04 7385.59 
2584.25 7669.25 
8509.74 3621.01 
9075.42 2035.68 
6421.99 2587.41 
1850.12 8517.55 
9901.21 8963.66 
5722.43 4053.88 
974.48 691.411 
9968.21 3220.32 
7191.04 6692.58 
234.104 2889.33 
461.576 6592.77 
9384.64 6887.83 
8466.2 3941.96 
5771.55 4388.22 
1327.53 8355.79 
2057.45 9837.28 
1976.79 1132.86 
1872.94 8398.78 
3720.28 3723.06 
6916.31 3621.48 
2686.71 2638.72 
7675.35 3661.19 
3330.14 7643.54 
6881.51 521.156 
4336.11 7115.61 
3410.49 4797.68 
3708.36 2795.11 
1685.5 2174.54 
6737.07 7457.05 
6562.76 8064.61 
5812.82 8620.22 
7901.87 7789.61 
9753.08 9774.8 
6188.38 3473.34 
3497.85 3104.67 
7094.82 6184.55 
5743.39 4770.15 
9845.74 9073.53 
2413.68 6727.23 
9594.69 6749.78 
3842.82 3005.15 
1547.45 7551.18 
5800.26 3232.95 
9725.73 2537.32 
689.978 6288.47 
601.913 6502.8 
4908.68 8503.78 
4292.39 4661.74 
8278.57 480.752 
8135.08 1776.4 
3585.42 5229.88 
7960.95 9328.82 
0.0192086 7806.67 
8402.33 2413.7 
4533.88 7997 
9163.48 8376.7 
1002.14 710.912 
5927.87 6802.4 
3943.86 5653.58 
9339.72 4633.84 
1942.03 9941.64 
1136.62 6850.71 
8445.4 5429.02 
1512.43 6723.95 
5909.77 9647.51 
8500.35 9495.19 
4877.38 6461.28 
8823.99 4877.4 
4267.93 7226.3 
7291.1 8801.81 
5223.29 6454.56 
7178.49 6225.42 
7165.47 3106.34 
3027.81 1109.31 
8759.92 2367.51 
5743.15 701.933 
2309.13 6879.77 
7552.64 754.515 
2308.77 9065.07 
7478.46 8218.54 
8712.57 5978.79 
7713.72 3589.93 
2440.06 6537.69 
8467.33 6707.99 
3763.98 5758.41 
5509.78 8987.26 
2212.95 2688.26 
5212.67 9378.42 
5794.6 8240.47 
487.72 4554.5 
607.968 6230.87 
5256.43 2917.1 
3110.63 2809.06 
3671.61 5419.41 
1874.11 1150.06 
3637.93 586.665 
7128.86 1351.63 
4176.6 9568.91 
7889.32 2643.91 
6276.88 1653.28 
8402.32 1786.65 
640.522 615.259 
4474.9 5853.19 
9993.68 269.484 
4093.64 481.385 
4823.98 4701.61 
6712.26 80.4 
7618.71 9822.89 
2889.46 1290.31 
5242.28 4763.57 
2440.37 8880.21 
5350.23 9569.22 
231.82 9526.83 
9138.12 8121.14 
2170.73 5414.98 
9774.42 573.034 
7201.63 414.921 
1188.29 1676.51 
6268.11 1181.96 
1946 361.735 
1663.34 6769.98 
5063.35 8375.6 
6850.38 2682.04 
8198.47 9739.84 
3972.35 3440.73 
4503.39 6412.71 
2320.92 9853.63 
5981.92 2552.74 
9380.44 5120.03 
673.865 1551.15 
534.992 448.264 
2124.19 7736.62 
863.185 3312.48 
9413.13 7131.29 
4494.44 1359.12 
7493.03 6157.78 
8129.1 2556.36 
4533.36 4979.46 
5238.4 2731.82 
4719.28 9210.74 
6172.55 9222.68 
5623.44 8493.47 
9076.29 1605.35 
1046.2 8456.71 
6725.37 1720.06 
7.8462 7260.36 
2168.33 2132.03 
4996.97 3031.51 
5444.51 4410.09 
162.789 9938.95 
5769.2 7655.82 
6096.71 3898.28 
212.16 630.051 
8877.74 5450.56 
3361.87 3597.01 
4661.28 9534.42 
2819.67 284.706 
8027.87 1895.94 
1890.05 9074.07 
352.633 8615.43 
794.112 360.479 
5875.77 2962.44 
2492.51 872.724 
5993.95 7937.02 
5282.81 6156.74 
7875.95 1051.99 
3812.54 3972.64 
4950.28 4024.7 
4602.7 3828 
9475.26 7964.56 
7425.01 4136.52 
7498.96 244.666 
4421.23 5526.81 
2140.6 6311.28 
4600.86 2493.24 
4926.69 5394.97 
2853.72 802.445 
8357.41 5346.23 
1675.17 4351.35 
3283.23 6957.98 
508.067 1159.17 
8009.97 4320.61 
5131.82 2960.23 
8345.31 9734.51 
6788.23 7820.54 
7699.06 4213.23 
1957.05 5198 
4457.9 6378.28 
724.796 6598.5 
2689.54 5325.66 
9091.74 7616.23 
720.617 1945.44 
8418.67 9078.03 
7291.67 93.8252 
3429.36 574.883 
7051.8 3937.42 
1734.05 5061.76 
8258.03 6865.87 
8021.99 6603.32 
6600.36 4810.21 
4423.85 4299.4 
9023.44 6380.89 
9497.4 3481.32 
2759.15 222.182 
79.8032 5448.69 
5547.84 9171.54 
3064.9 6268.46 
1116.96 1483.56 
5346.47 8408.63 
1577.38 8775.83 
8983.51 8629.19 
2713.24 717.546 
3690.93 971.251 
7583.42 1712.91 
7574.57 4183.76 
6523.12 1998.4 
8483.16 5546.55 
8379.29 7980.55 
9027.87 1138.43 
8202.73 9107.67 
6587.12 3750.56 
8279.2 9652.02 
18.9986 9396.16 
1135.57 5365.47 
7804.77 2712.95 
4141.28 6788.26 
1342.12 6854.52 
7505.8 5033.05 
7825.77 5089.2 
6745.96 5400.32 
9272.96 3269.07 
7398.72 7756.11 
8815.62 5778 
5736.64 7843.47 
6916.43 3939.36 
6951.12 3503.54 
7689.92 5230.3 
3155.54 7708.92 
4626.44 4291.11 
3074.37 2431.19 
7004.06 7215.65 
9219.45 8346.18 
4070.15 6725.23 
3379.22 1895.91 
1814.42 125.164 
7296.23 1087.36 
3394.24 4694.94 
8843.47 2209.84 
472.92 4580.1 
53.2905 7389.35 
8519.46 7004.41 
892.87 6209.36 
2234.7 4048.41 
3918.26 6861.14 
8339.52 6992.63 
9292.33 5343.57 
4208.26 8511.76 
3689.73 8278.41 
5236.98 7068.94 
174.302 7051.39 
7194.11 7470.53 
8138.75 588.328 
2165.45 6982.21 
2798.17 2638.37 
1562.3 2851.46 
27.7042 81.7396 
9855.87 920.575 
6291.1 2090.55 
4968.99 209.342 
8951.69 3308.5 
7201.97 8244.01 
8652.06 1410.21 
6755.75 2341.77 
9688.63 1992.71 
9410.72 9862.93 
9044.1 6604.81 
7333.44 7182.84 
7193.14 9498.89 
4165.03 9991.3 
2137.25 5727.33 
2842.74 2164.95 
5809.07 2698.6 
3085.53 2100.15 
4789.15 8054.51 
2309.49 3740.83 
1362.99 9511.46 
1984.82 15.0391 
921.658 8740.57 
2356.81 610.267 
733.256 1767.51 
473.179 9777.36 
8372.33 7806.62 
6960.18 5565.45 
7305.5 1125.19 
5556.73 9442.75 
6852.52 8399.48 
1607.68 2661.57 
1098.05 4693.2 
4761.72 5887.2 
2747.7 7071.21 
9628.03 4110.69 
6582.66 1612.83 
4125.73 7504.32 
353.379 6482.55 
8114.59 1086.64 
8250.06 8587.76 
863.973 6622.37 
6394.37 7824.15 
2187.8 3699.85 
8949.34 7744.53 
3142.58 5801.84 
6143.99 4750.26 
8463.41 7242.05 
9443.46 3225.12 
3129.23 2191.14 
296.316 2757.25 
6301.84 6878.98 
4370.08 427.557 
4383.28 4723.45 
6910.1 2497.85 
5810.09 5160.15 
1085.59 6674.06 
1782.5 7479.96 
4498.19 3970.3 
1179.8 3447.52 
1714.81 4322.38 
9249.36 7858.8 
9072.63 7712.75 
5100.83 8516.08 
937.855 8230.06 
707.204 1234.17 
987.291 7009.04 
8113.15 5357.37 
7436.6 2496.41 
80.804 4346.69 
4994.25 5890.89 
9506.83 6079.85 
2564.94 1289.32 
3559.79 7063.13 
5259.62 4739.59 
510.634 6974.43 
9061.97 9759.99 
4833.21 8134.58 
7472.73 9934.04 
6650.64 8410.59 
8164.09 7357.85 
9644.76 9151.38 
4366.87 7757.89 
4508.73 1803.46 
254.276 4589.53 
6150.14 5248.53 
480.411 5656.96 
1328.36 3045.35 
6946.28 4888.16 
108.468 2205.88 
9627.75 619.102 
9180.3 8689.7 
379.078 4013.5 
6824.27 7851.81 
3947.53 3474.89 
6262.38 2111.6 
832.724 5907.12 
1262.96 5199.6 
3664.98 5771.69 
7003.05 3919.26 
361.212 3153.18 
9167.79 841.624 
8810.14 496.133 
3886.97 5756.4 
5384.29 3995.44 
7962.28 5012.02 
4614.54 7142.57 
3701.7 4993.62 
1156.05 525.953 
2845.41 5103.58 
4000.85 9107.79 
7215.18 4833.57 
5014.89 8478.14 
33.1507 8679.87 
4249.82 7036.21 
2599.12 4611.03 
189.37 1766.89 
5452.66 8999.51 
2263.02 9339.63 
4755.9 7647.31 
3335.06 2718.16 
2659.31 7949.6 
9860.73 6361.02 
2943.21 1016.76 
6886.97 5788.62 
6120.34 887.799 
4896.39 3335.5 
5721.37 9911.28 
1813.63 5754.52 
8591.14 6063.45 
2790.71 1190.24 
674.468 2980.08 
2957.12 6127.13 
1979.57 5220.15 
5466.74 6735.47 
2867.44 8801.8 
9453.64 5526.75 
6751.38 9314.35 
1887.75 9694.59 
331.095 8774.72 
5483.2 6451.44 
9662.52 379.574 
9786.94 5383.87 
290.839 1600.55 
1138.38 8881.98 
7664 3929.08 
72.197 8338.47 
6909.16 3029.32 
4465.58 8888.74 
8249.47 9932.32 
5624.19 1116.89 
8734.1 5077.81 
6643.65 5485.46 
4392.14 8531.4 
5180.04 4723.24 
7306.11 663.218 
1174.65 6968.61 
1042.79 961.577 
2352.47 1333.63 
2562.13 3490.85 
215.592 226.113 
7419.93 287.789 
8564.58 4329.08 
3317.11 3030.14 
3217.79 1566.56 
2962.45 8841.98 
2683.45 1696.53 
3919.78 9327.1 
7181.99 8311.92 
7858.48 2362.01 
3035.14 5164.57 
3025.23 4209.79 
2133.17 4068.02 
5171.37 4485.64 
5401.66 7733.5 
7976.48 5617.25 
7959.61 5396.4 
5905.04 6524.18 
9725.47 9222.15 
9554.32 2943.25 
788.691 2516.75 
1785.22 3472.14 
4213.27 5704.99 
2799.23 1395.25 
4016.89 657.694 
3757.26 7052.03 
5822.27 6782.5 
1261.81 7955.44 
850.503 6433.18 
2441.06 6252.16 
4166.66 417.524 
1869.39 2126.25 
5813.92 7774.42 
8650.43 5539.38 
6996.55 8204.73 
8482.62 7785.24 
721.46 267.823 
1257.37 4934.73 
5972.82 4056.6 
6329.98 9989.71 
4714.29 87.2307 
7041.72 536.541 
6869.73 8303.53 
8491.98 7720.23 
4736.69 933.016 
3972.37 8903.35 
1350.54 5841.76 
1029.58 7164.46 
3616.17 9680 
2703.82 612.701 
7884.72 1186.43 
8397.94 8606.18 
1454.25 9655.31 
3540.89 7427.06 
3711.89 9870.88 
7416.76 8426.19 
9958.11 4458.47 
8962.73 6827.82 
2761.98 7454.69 
4548.03 7498.67 
8387.7 8520.4 
6402 9738.24 
4362.14 7431.58 
6902.69 7978.31 
7111.57 9606.5 
8591.01 4996.27 
792.914 6988.94 
3602.43 2247.16 
6644.23 7143.32 
9674.23 356.111 
7014.18 7090.97 
8782.3 6972.27 
1549.42 7745.01 
3800.08 4311.4 
5199.67 8348.11 
1810.05 3587.36 
6868.49 8212.05 
3325.58 1230.62 
5643.61 228.253 
9208.93 2755.16 
9834.76 7799.92 
7751.43 627.655 
4788.84 1353.84 
2874.82 1433.06 
8497.16 2549.03 
1789.17 5511.32 
9640 571.445 
2483.58 1189.4 
8316.45 6283.66 
5500.8 3516.11 
4631.75 7310.85 
7103.47 1500.22 
5522.89 429.036 
2730.84 1166.49 
657.289 1939.75 
3921.65 492.03 
9739.67 1673.06 
1119.69 4528.5 
3026.89 3994.5 
5961.55 1524.03 
6543.54 7750.72 
7035.35 6183.52 
8322.16 9518.93 
7372.92 6638.6 
5802.57 2873.71 
154.688 434.298 
184.547 7258.16 
1934.52 5707.44 
7687.19 4665.36 
6873.92 8344.48 
6605.11 795.553 
8836.51 6344.77 
2468.61 9956.2 
873.25 5495.51 
3950.68 6834.8 
7019.54 494.202 
4585.5 4054.87 
6677.72 2907.65 
3573.79 4050.63 
9546.25 9376.36 
6924.34 9700.93 
9810.66 7108.89 
6959.07 1745.16 
2816.3 4646.25 
6410.52 9690.23 
2990.71 3015.62 
485.763 1827.21 
9360.39 2954.37 
1783.39 233.624 
8449.88 5734.07 
7068.42 5469.4 
6228.27 1653.91 
9524.28 2905.98 
4561.56 3098.05 
6956.6 4107.79 
2474.39 3880.93 
3808.71 2285.03 
989.794 767.762 
4030.19 3806.1 
5414.01 440.692 
3496.31 8404.72 
3456.31 3982.07 
231.913 2816.69 
6936.44 2015.3 
3050.31 5386.31 
7749.37 118.717 
855.693 3977.62 
1772.63 379.952 
6883.59 6334.19 
3478 3840.18 
441.957 5952.39 
7721.11 4250.66 
8237.42 8710.9 
5018.42 2267.59 
2516.98 432.418 
2708.28 6013.29 
8837.14 6164.59 
9995.36 9069.05 
8981.28 6931.79 
1084.34 2031.57 
2318.08 8833.7 
2150.28 3173.77 
2811.3 3922.91 
3553.72 9694.9 
257.081 7031.72 
3535.07 699.039 
2984.09 1256.16 
4949.7 1221.49 
9967.06 9968.13 
3489.08 2484.02 
400.527 6197.36 
8497.31 9237.67 
2361.93 8492.66 
8306.71 1343.19 
5424.43 9391.04 
3374.75 7742.51 
8224.73 5525.04 
916.262 1036.02 
9447.95 4469.98 
730.898 9705.03 
1501.69 4265.96 
404.054 4485.78 
5522.12 5353.75 
5707.28 5489.16 
5321.86 9196.35 
7973.19 5722.39 
5393.69 6470.48 
4960.04 7755.62 
4963.12 3266.73 
9098.81 387.534 
2657.76 2473.55 
8130.04 882.466 
7998.59 9046.3 
1918.48 7446.52 
3516.27 2649.38 
7151.53 5017.96 
6915.34 7555.59 
9503.75 2437.45 
2909.33 5211.01 
7926.61 8231.19 
4407.34 5899.77 
3953.56 9801.04 
2370.24 8913.61 
7556.64 7333.36 
2180.32 6655.44 
7720.9 4838.08 
9128.98 5850.92 
5720.54 7127.55 
4897.21 7639.02 
4574.06 8413.48 
288.386 1725.57 
3431.42 7203.73 
9281.16 2935.15 
9641.17 2190.47 
8146.16 7567.76 
421.642 2553.48 
3467.52 4375.21 
2354.5 5837.76 
3288.79 9911.15 
3171.1 5469.12 
6566.57 891.981 
307.174 5695.53 
6742.9 6027.72 
2823.07 1640.09 
3666.72 7397.13 
53.5496 3955.11 
9122.7 3484.97 
1158.82 8403.84 
6420.12 799.977 
594.294 4566.26 
8367.74 1015.94 
7119.74 1835.24 
5391.14 9474.25 
7673 8679.94 
9385.38 844.085 
4149.04 5951.93 
1736.07 4456.21 
1647.45 8478.97 
483.909 4470.52 
119.039 4150.63 
1867.62 172.589 
8105.74 990.307 
3657.56 9264.56 
9394.15 77.6655 
64.5226 9988.44 
4643.93 8432.26 
1004.36 1763.65 
267.488 6395.51 
1237.89 7940.49 
5075.43 623.247 
8784.57 9224.46 
6575.17 520.622 
3680.65 8222.62 
8999.59 4164.56 
2693.12 9118.63 
8315.19 4560.74 
9291.22 6420.92 
5551.05 2948.76 
5685.46 4945.18 
3026.43 5749.99 
4933.61 7670.35 
4182.23 5937.97 
9434.01 4449.72 
2333.46 671.876 
2390.19 7408.88 
1295.12 1174.75 
6633.33 7870.3 
1695.37 313.963 
6092.9 694.941 
4478.52 8786.02 
9813.57 2793.7 
3346.75 9104.77 
9214.62 8897.8 
2053.51 4900.07 
3842.96 5079.94 
650.037 8776.57 
2750.27 4832.27 
4714.53 2184.26 
9281.99 7047.99 
2856.14 1672.16 
4456.85 4151.26 
2846.91 1090.16 
2021.54 4542.28 
1404.13 8114.45 
5237.22 5882.65 
6900.45 5050.77 
8676.35 247.179 
4155.52 7890.96 
9144.98 6209.03 
2791.01 2987.92 
1288.95 3441.05 
1764.48 4039.22 
8273.31 6479 
6223.48 7555.29 
3526.97 9079.62 
9227.45 7983.82 
3230.87 2074.34 
9073.99 5252.41 
6616.62 478.096 
3366.84 1853.82 
6360.75 267.271 
6904.59 5037.08 
514.45 1060.09 
2928.03 9659.43 
7269.13 5719.03 
2647.33 8558.08 
9160.08 4411.81 
2597.29 7433.38 
890.795 8820.77 
4988.65 4417.77 
7900.38 4216.08 
2401.57 1131.23 
6290.42 1475.54 
6383.64 2907.02 
1953.64 9750.48 
4760.84 8314.39 
17.7329 1665.41 
3351.45 532.183 
2725.5 6279.48 
191.592 9994.63 
1998.5 2838.92 
8552.7 1158.56 
7250.73 1149.96 
8591.93 8141.53 
9970.73 3580.56 
2559.28 7871.09 
7796.64 4960.85 
9002.32 4087.04 
6436.39 5385.94 
6994.06 8390.03 
5136.41 1754.88 
6704.4 5154.14 
3420.29 55.8333 
5686.32 6145.79 
6335.31 5877.91 
6140.41 8333.81 
8716.84 4693.09 
9492.37 5967.55 
5843.05 8084.28 
4109.06 5813.77 
1664.83 6668.34 
3684.85 9461.47 
1629.17 2687.15 
3548.49 8065.56 
8073.1 542.536 
6455.57 3209.49 
2297.41 3159.95 
8363.63 5717.7 
3215.79 4049.93 
1863.48 9551.1 
9927.85 8003.89 
7884.89 8644.67 
2696.96 7377.24 
4612.21 8540.01 
5461.5 8721.27 
4353.76 7126.33 
5389.59 8038.61 
6587.79 7018.77 
725.746 136.266 
5084.31 8798.84 
678.801 1539.87 
2008.31 2976.22 
4699.82 371.923 
8693.92 7915.6 
4421.86 557.383 
7466.69 4349.69 
8561.27 5351.56 
2994.34 1258.22 
2728.78 7606.54 
9798.23 8190.28 
6327.79 4151.98 
5316.6 1717.37 
2190.57 1904.37 
8736.14 2916.31 
2040.64 3820.43 
1715.14 2719.44 
5360.29 3723.45 
5695.66 60.0969 
4095.38 4389.56 
7975.7 8517.23 
4946.94 5442.37 
2866.9 3508.2 
793.911 5861.24 
4766.41 3522.69 
3467.76 4564.63 
1712.96 9795.55 
8716.6 7029.56 
1512.91 907.153 
8933.93 249.024 
3823.47 974.556 
4069.45 5538.61 
3694 9429.75 
9262.06 9389.65 
9489.84 3357.42 
3779.19 7465.53 
1874.64 8726.14 
2907.88 4741.54 
2234.32 3701.79 
602.754 7000.73 
7224.48 4070.51 
1565.34 8937.44 
3866.05 281.924 
5966.99 5378.95 
1189.08 4900.9 
5627.98 5012.54 
5875.46 9697.43 
551.135 9569.46 
9127.16 9813.2 
8959.09 8616.99 
3170.6 2738.27 
6082.5 5045.24 
1464.39 8990.38 
9786.77 3698.71 
2692.16 389.508 
699.42 9916.64 
4460.02 2264.76 
8854.07 8326.07 
2546.68 4821.03 
3705.01 3735.76 
9721.94 9332.98 
8748.3 5597.38 
9030.4 9299.44 
5166.82 8157.54 
9112.62 4125.89 
6774.51 2283.2 
6864.16 2856.99 
7328.44 8328.55 
1847.35 7115.19 
2027.23 4539.51 
7504.7 2726.65 
4456.13 1964.71 
4991.41 3310.18 
290.758 7538.1 
8131.21 3995.77 
1273.84 7853.13 
3328.73 22.1265 
3450.49 2359.11 
9321.56 8617.31 
516.636 8434.17 
2743.18 7291.15 
717.351 9607.34 
148.12 8045.79 
7935.87 1995.47 
5160.96 9963.1 
6534.98 2665.65 
2689.74 991.099 
4630.35 7681.16 
4301.28 4921.11 
5219.23 2432.48 
8916.88 6493.07 
285.594 2245.59 
6515.2 3736.09 
4604.71 5836.75 
2353.38 5121.34 
4270.9 5096.57 
2412.47 4988.25 
4703.89 2560.59 
3034.02 2639.74 
4556.07 8194.99 
2602.83 1091.03 
860.617 5292.57 
2082.13 5490.97 
2973.71 6383.41 
412.066 8192.95 
8815.89 9328.94 
4686 9101.48 
1574.52 1201.19 
2837.56 6179.23 
7037.94 5190.94 
1300.55 1308.82 
287.487 3713.03 
6297.07 4991.38 
6273.62 9331.09 
7631.12 829.669 
7526.06 233.935 
1920.7 8386.67 
5526.51 4002.84 
3877.63 8500.22 
386.231 4289.69 
6693.15 9202.12 
3618.62 1379.13 
8303.59 5193.14 
2580.32 1141.13 
1372.35 9618.25 
6332.07 2672.91 
927.055 6619.55 
6385.93 7224.12 
1610.91 2659.54 
6555.19 9242.03 
3489.21 4081.23 
9475.97 5409.91 
2467.89 5002.46 
9412.74 6345.52 
3502.66 9798.97 
635.193 195.788 
9001.08 4253.81 
1574.92 7304.65 
9446.96 4155.24 
8445.78 819.293 
3773.48 4777.83 
3492.2 4700.53 
1397.36 9878.13 
1924.64 3008.27 
2537.65 8479.83 
2250.29 6026.86 
2561.04 1726.24 
1436.75 5028.93 
6728.7 849.477 
1374.43 231.342 
648.435 2009.63 
427.13 9649.51 
6263.44 2002.05 
6954.15 5710.38 
6157.29 5399.91 
6529.67 9930.76 
177.717 21.8551 
4631.28 1575.08 
9899.99 6555.92 
4583.35 2437.62 
5035.73 6833.64 
8464.48 7596.77 
8559.88 9901.23 
2625.69 5288.56 
750.695 4000.12 
5519.91 1399.13 
6009.75 5947.04 
1048.63 2273.17 
7949.09 8002.78 
7983.55 4106.36 
3402.67 4513.21 
4037.11 3580.38 
4535.06 8668.38 
5155.46 4435.03 
5224.28 9738.81 
6872.66 259.997 
6572.44 5337.12 
7856.77 5132.3 
5238.34 482.444 
420.849 5989.04 
4482.57 5940.75 
7388.17 492.297 
1887.77 8436.79 
2765.47 9836.86 
6439.55 749.001 
3943.2 9842.22 
5262.21 7980.3 
3422.59 9797.27 
6648.67 8578.05 
4232.28 1872.94 
8316.85 1104.92 
2132.94 4889.27 
6442.05 9989.71 
21.551 1680.37 
472.134 442.4 
7669.41 4954.7 
6383.15 5057.56 
5447 8270.93 
3494.33 8212.46 
8107.77 9933.89 
8961.46 2050.95 
9776.09 4223.65 
31.24 3198.66 
4020.91 6679.91 
1776.69 8253.19 
8552.85 93.522 
9358.11 685.772 
4982.79 5800.14 
675.462 5004.34 
7480.51 1147.6 
5446.74 5149.91 
6102.3 1829.88 
207.446 1549.28 
100.788 3701.78 
9761.74 8208.56 
3635.65 8723.19 
259.494 3411.72 
2946.83 290.734 
6610.38 6967.73 
6970.65 8387.08 
5220.9 5523.48 
8480.6 4579 
6209.25 3463.37 
379.125 6884.72 
8467.71 7859.64 
8032.31 3914.43 
3009.53 4134.59 
5744.31 3216.97 
5683.87 5845.1 
6918.75 5445.59 
4053.64 554.388 
4168.77 4313.13 
3966.11 7115.59 
4603.86 576.478 
4083.31 1574.49 
8963.55 9304.21 
7097.97 7444.14 
3883.2 3307.21 
907.489 4262.32 
191.909 9375.2 
2121.94 8224.22 
3289.61 5131.47 
2358.8 9033.92 
8348.45 8042.66 
4879 5267.18 
3488.24 8932.63 
5821.57 7657 
3245.75 9787.68 
4772.58 7849.61 
364.144 8855.89 
9424.11 9327.7 
8160.09 6522.06 
6771.82 2043.26 
9829.28 7679.31 
6305.58 21.167 
7054.49 8427.53 
8245.39 344.08 
3558.98 604.166 
9378 1907.41 
8646.83 4256.98 
7174.6 2135.05 
3189.6 2996.15 
9792.06 6435.35 
2783.82 4564.62 
4284.94 3147.96 
3420.49 3709.03 
2475.64 1580.56 
