800 2
9322.84 5096.51 
1335.54 543.516 
1506.53 7484.55 
2975.66 8658.47 
4742.67 2129.1 
4278.01 6081.45 
2644.96 5411.37 
176.442 8300.53 
4777.22 7764.22 
7098.77 7548.29 
6878.38 8738.72 
697.647 2414.24 
1756.2 5771.82 
8018.19 3277.93 
5261.17 5728.11 
7063.88 4584 
824.604 8399.42 
5127.52 2331.13 
5883.95 8103.18 
989.589 626.6 
232.261 5267.6 
6708.05 2877.22 
678.949 6884.49 
1177.73 5456.17 
4648.69 8276.5 
3004.44 1527.06 
7015.2 3702.09 
3941.3 8771.41 
9473.9 1959.48 
2049.32 4735.06 
7687.58 9113.2 
9319.06 8512.19 
7512.59 4446.56 
843.303 3396.53 
2549.72 1832.89 
4023.13 2781.98 
7100.49 731.158 
5659.2 7779.44 
7615.65 6836.93 
3235.59 2264.32 
5113.42 6240.03 
3791.38 2128.6 
9942.12 7732.68 
899.992 9416 
9692.15 2949.31 
4151.04 7379.72 
2062.49 3470.09 
5891.89 9575.09 
7916.65 6735.19 
2971.6 466.353 
8568.08 6994.72 
3248.34 5668.56 
7725.88 8907.54 
3447.99 5341.51 
5744.46 6683.58 
7605.84 857.859 
2923.59 1397.2 
2986.46 2865.69 
9129.88 3886.45 
2281.67 8822.01 
6835.77 6432.72 
6201.71 8898.26 
9902.8 2093.58 
8473.33 7819.44 
8828.78 1444.91 
8285.79 7396.84 
8439.63 1534.11 
3065.39 6165.5 
441.631 6513.37 
1506.99 6186.09 
3196.93 9112.83 
7043.95 6120.52 
510.008 30.3946 
8986.21 9639.88 
3916.85 1267.87 
8461.88 752.6 
7700.59 4663.57 
9650.86 7603.37 
6757.16 8124.17 
5422.79 5585.92 
9569.08 3708.56 
2982.75 8008.69 
5242.67 6048.14 
4174.17 5684.3 
2561.49 5681.16 
1870.37 5758.43 
4793.97 8914.32 
1878.93 5303.98 
8944.72 865.129 
4943.85 2861.55 
2133 3405.71 
3614.15 9833.59 
8069.28 3264.99 
7436.94 4826.43 
1389.15 2859.72 
412.328 958.21 
6568.28 3395.08 
8966.9 1810.94 
9443.21 3141.06 
7495.24 2004.69 
8822.22 9365.61 
7763.11 3616.18 
8279.92 9642.04 
8920.16 7224.62 
507.155 3863.99 
86.1517 2640.15 
7269.7 3700.3 
2473.72 5338.96 
6965.29 9910.67 
165.373 8354.44 
2770.37 577.701 
9312.65 9338.65 
3972.78 8279.54 
1149.57 3415.97 
1420.58 8644.81 
5420.65 242.785 
8010.4 3183.75 
3858.96 6290.3 
2825.77 2779.1 
3514.9 3332.93 
6643.09 3601.05 
5973.08 3912.77 
7301.36 8446.81 
9251.74 4266.63 
8357.46 9417.11 
2621.06 1127.81 
9994.81 1933.69 
466.443 3967.57 
213.209 1616.01 
7383.54 1633.79 
260.801 2804.18 
1876.57 8271.2 
5987.92 5735.54 
4561.49 8813.7 
8514.64 8076.39 
2146.61 5157.72 
1677.43 8119.7 
9070.49 8978.78 
6566.49 8322.21 
3245.4 4923.93 
7739.3 5866.46 
6051.74 7734.1 
7800.15 6518.18 
1701.65 8013.35 
8134.19 9085.19 
9647.14 8394.99 
1889.35 1523.7 
6666.18 7877.27 
7259.23 1227.65 
6690.96 5773.86 
9304.04 8837.57 
931.555 981.446 
6957.25 2.02776 
9960.23 3523.72 
8324.24 3205.61 
8447.64 6063.52 
9072.07 4499.37 
3797.6 6872.2 
1017.53 5499.25 
4885.53 9151.72 
4584.43 4532.66 
7546.7 6473.78 
6056.36 4212.86 
4351.03 3315.57 
5440.5 1041.97 
9089.43 4744.52 
9879.54 20.9669 
5725.97 6836.77 
22.9947 5686.18 
360.467 8347.23 
8891.79 8808.11 
4410.74 7963.85 
3307.46 8208.34 
4836.03 4324.99 
3707.58 9721.56 
3476.69 8292.01 
4254.21 1023.37 
4765.77 310.546 
5236.23 9116.8 
3626.12 676.715 
158.756 2715.53 
5421.24 38.2762 
2736.5 1147.19 
6875.04 2759.49 
6833.37 7235.51 
1106.71 5725.14 
6043.6 5517.45 
3688.98 9351.07 
3725.78 8525 
3676.04 7433.36 
8246.55 7152.73 
5725.35 2500.74 
8176.1 491.104 
2811.29 3412.32 
9607.91 6437.4 
4089.03 9766.66 
9152.93 9510.27 
9804.94 1889.41 
657.435 6679.96 
4648.91 7490.8 
3915.46 5755.61 
3215.93 9959.06 
1273.04 6904.9 
9310.11 4998.82 
5429.89 2986.13 
2432.16 3676.42 
138.845 8157.51 
6177.16 8314.95 
8648.61 8988.45 
1727.25 8256.5 
5425.84 5816.28 
8023.15 4578.75 
5326.53 7828.07 
6468.17 5983.96 
4508.02 1117.06 
3474.75 8423.47 
6872.67 6690.68 
8382.52 8145.71 
3595.56 7692.61 
3144.51 9025.45 
678.725 5576.67 
2701.86 817.57 
3734.17 8879.03 
9132.52 2382.76 
7867.46 859.751 
639.25 3293.28 
6676.03 8662.4 
7872.03 2002.54 
6490.45 4340.18 
7986.5 998.448 
5457.24 1461.23 
9421.92 2329.89 
8151.91 7804.42 
475.582 1747.46 
5497.02 3620.09 
772.894 6175.74 
9196.77 3474.76 
6993.31 2930.92 
2353.77 6125.81 
5313.68 221.209 
6985.56 5952.93 
3514.49 3661.58 
4615.31 1386.5 
5664.12 1105.74 
5726.69 3650.6 
2104.19 1183.91 
5111.84 1526.09 
3513.8 3263.73 
9330.51 3989.38 
5011.19 4827.51 
7609.47 5784.08 
1003.23 6806.22 
9258.83 7996.55 
9737.14 1612.58 
4122.34 5050.8 
1833.79 1107.89 
1003.71 5348.28 
4769.46 5619.02 
6734.79 433.563 
6724.76 2461.46 
4084.17 8828.95 
3645.36 9196 
355.028 7159.16 
2459.71 9685.54 
1148.52 7470.9 
4513.04 8758 
3254.96 5516.27 
5564.2 2513.78 
3512.8 5301.32 
4126.36 7635.14 
352.103 5960.15 
8743.03 1355.81 
1308.42 3512.48 
6974.83 8043.21 
3946.04 3699.58 
504.644 8030.2 
2528.51 4150.01 
7226.19 2883.54 
1309.15 9685.9 
2569.06 2457.67 
7156.78 7082.1 
1215.65 411.727 
2598.36 6779.85 
2925.5 6111.16 
2081.16 7051.87 
3746.28 2433.26 
3012 2489.29 
3789.07 4320.42 
6001.77 763.888 
2363.61 9947.81 
4463.46 2868.25 
7977.99 6991.98 
7018.26 5204.17 
9875.52 8327.42 
4890.05 2444.56 
785.072 2046.82 
9526.67 2000.72 
2458.54 2125.01 
8780.58 5384.05 
8236.16 861.717 
2435.9 1982.43 
3294.98 5447.9 
4471.72 7084.05 
9768.32 473.473 
7847.94 2131.92 
421.264 2311.38 
5000.17 8399.26 
9303.36 2018.42 
3603.41 9178.86 
345.816 8493.46 
1623.41 1130.89 
540.257 1150.06 
3131.61 2998.8 
3275.06 1912.17 
8382.85 1511.21 
2773.89 818.734 
3493.64 6068.86 
6266.64 7965.36 
3152.9 6034.94 
8438.83 1000.82 
8166.86 8860.09 
3312.2 3167.02 
7259.33 2615.54 
5185.43 862.723 
1794.39 5531.25 
9356.18 3417.79 
6662.14 9896.44 
4567.85 9793.75 
2895.22 7842.91 
1705.91 1278.06 
9354.12 4479.79 
2096.79 2847.73 
548.642 8363.43 
813.075 3701.54 
4398.35 9251.91 
4702.35 2565.2 
8111.98 8014.55 
5732.21 5371.3 
630.078 917.632 
6234.02 2424.46 
6448.88 5590.19 
5842.26 3111.01 
5486.61 410.088 
2904.74 8381.83 
8253 4610.65 
9659.89 7607.1 
9090.44 1756.66 
454.814 9639.08 
120.069 1267.89 
3340.6 4518.42 
519.776 8042.96 
7083.62 8631.76 
6057.49 2815.82 
4003.04 6687.57 
3733.45 237.047 
9112.03 182.317 
5827.23 4954.27 
3293.32 1313.82 
5364.36 6198.06 
9695.65 3617.34 
808.692 9355.52 
1224.42 9899.13 
1112.16 1679.23 
9538.2 1232.23 
2947.12 2878.78 
5750.65 3466.9 
921.721 2834.26 
2098.64 6979.21 
5650.07 6101.68 
3666.76 9383.52 
6338.73 2778.78 
9565.84 2165.94 
7733.05 2859.15 
3479.76 3097.4 
9057.21 3175.4 
6714.74 9865.9 
2530.9 7939.16 
9765.02 3643.06 
9618.39 9303.2 
4875.29 2565.49 
2181.96 625.928 
6032.39 3103.68 
3460.18 8131.03 
82.8791 9110.26 
4232.7 3749.64 
8493.77 571.407 
6528.42 8059.59 
2737.35 4261.45 
918.72 6217.12 
7358.85 9975.93 
9392.51 4073.57 
9841.81 1923.4 
2012.71 9606.81 
5566.46 1631.08 
8909.99 441.732 
4196.57 1091.94 
1067.66 228.947 
4195.62 4527.84 
8359.98 4278.5 
3638.08 2592.66 
8028.15 2131.83 
3164.07 4556.55 
191.407 5901.42 
8818 1110.13 
2118.52 6176.83 
1086.04 1511.01 
250.385 927.837 
3434.41 2263.09 
534.633 9000.87 
3894.17 9444.63 
9442.6 8090.74 
536.55 510.241 
8319.69 4732.17 
5038.08 6679.65 
9010.68 8676.17 
9272.31 7038.81 
807.986 2436.36 
1595.34 999.393 
8337.78 413.325 
2109.52 456.275 
6590.16 3195.56 
1967.29 6840.55 
4123.4 5401.7 
9103.64 4658.03 
4402.54 2997.79 
4102.64 3845.13 
1088.51 4639.19 
4355.37 9408.2 
9371.37 9393.45 
6087.83 8382.03 
8069.6 5360.13 
5420.82 8877.59 
7796.49 7016.16 
9876.98 6134.25 
7429.48 1986.49 
6590.52 4019.62 
5182.05 8557.81 
860.152 9305.45 
3959.49 9963.79 
3963.46 8362.03 
2961.56 8066.1 
2207.14 4050.07 
2705.28 6562.51 
3458.26 2076.62 
5955.94 9546.09 
458.635 4025.53 
4906.2 5879.45 
2903.1 2702.68 
2895.59 2780.07 
8836.92 325.056 
4766.56 5427.43 
4344.68 9948.6 
3985.22 5204.83 
9254.03 7944.71 
5168.6 3217.48 
6306.72 8130.16 
1283.56 8513.86 
2180.22 3988.84 
5076.36 5638.48 
6065.46 1032.28 
5184.55 6524.09 
5057.81 90.7413 
2403.53 7960.91 
2793.42 5299.12 
740.966 1630.32 
5624.18 5507.52 
7057.75 9968.86 
5456.11 1042.95 
5173.67 4710.13 
8987.66 342.26 
7927.6 5294.36 
8472.42 9211.16 
3808.21 652.628 
3199.98 8884.57 
6291.11 9265.44 
9916.85 1475.64 
5789.52 4974.64 
1566.38 8193.05 
2935.54 4359.8 
3492.15 3676.51 
5990.12 9116.33 
9184.03 3047.86 
9085.17 4640.12 
4090.81 4258.83 
9350.25 3078.45 
4601.09 7277.83 
8372.81 3073.49 
6488.98 2181.01 
3726.12 9688.96 
1065.56 17.2115 
8954.38 982.389 
1492.85 4743.89 
5957.03 3059.24 
2936.92 8892.58 
7419.04 6429.07 
2569.07 3409.15 
5545.38 1753.08 
6457 4630.54 
6393.2 547.792 
8889.37 5743.44 
3626.24 3490.44 
3021.25 1999.04 
6563.93 9510.23 
4180.04 290.035 
9199.17 5245.6 
307.246 8153.54 
6227.99 1800.1 
2897.41 2185.01 
4859.34 5834.33 
1077.56 2278.36 
2263.38 3646.63 
5687.51 7808.76 
5399.71 2144.5 
2439.29 1792.9 
2692.29 1328.63 
7536.33 6318.53 
4819.07 557.569 
8317.56 1382.98 
67.7837 2497.59 
1673.02 9266.96 
7743.19 1980.26 
7420.48 3971.16 
3780.36 317.877 
6156.17 8639.7 
6152.2 7233.73 
918.052 8415.58 
880.344 6605.56 
6224.33 6280.06 
8750.06 8663.62 
8072.95 1442.33 
9992.25 5609.27 
7760.86 4811.31 
6166.84 6078.41 
6194.29 6234.62 
8576 7867.3 
5501.56 6319.17 
9847.57 2922.03 
290.315 3627.91 
3239.91 6446.48 
2267.6 9392.11 
3680.2 3185.65 
7807.68 4560.54 
9791.21 4032 
840.578 8541.26 
2695.6 8913.53 
9983.59 2687.83 
4522.78 7744.43 
7499.14 689.604 
3822.82 3693.41 
6924.23 2398.8 
1560.69 2425.77 
8717.97 1408.24 
5347.8 9008.29 
5036.16 8587.71 
5454.75 7303.76 
7979.8 9134.95 
489.391 5787.47 
3695.47 280.588 
9819.46 4536.05 
8821.84 2515.04 
3449.57 8805.42 
5202.88 7972.35 
6549.83 2702 
8661.95 372.635 
6395.4 5586.16 
2771.44 7956.1 
8011.93 1489.4 
9364.34 3359.72 
497.668 4400.48 
1947.41 5952.42 
1704.22 9927.21 
5087.35 2193.61 
5714.66 8782.83 
2474.2 5534.11 
3318.86 1296.03 
8049.15 6768.43 
101.426 3252.01 
4740.76 6651.25 
5954.01 3402.69 
7023.89 2349.39 
8988.85 9795.33 
305.475 7000.77 
1284.71 9669.82 
360.472 1782.37 
4070.28 2307.88 
7734.8 5774.5 
2235.08 2822.13 
7968.11 7949.74 
1604.94 442.297 
3483.84 4923.8 
1738.32 1532.97 
1692.21 1839.75 
4784.98 6432.97 
8491 738.974 
9835.66 5514.88 
3088.37 8824.5 
5310.19 3393.84 
5825.25 6594.89 
3063.64 6185.73 
8377.27 7133.92 
8493.61 6112.05 
2908.41 728.672 
8934.18 876.508 
8678.42 539.106 
1318.8 2162.24 
5462.91 3057.13 
3695.21 7155.12 
4896.88 8480.2 
3588.07 3387.87 
9219.17 3423.72 
8902.74 2307.52 
2248.2 4212.91 
5701.36 8073.46 
807.792 8765.01 
4259.17 9185.06 
5898.91 2752.76 
5297.09 8807.33 
3481.43 4231.25 
9683.83 2159.83 
4770.36 1002.62 
4322.06 233.252 
4059.75 8017.28 
7388.37 8956.63 
6497.45 976.432 
2344.48 5716.61 
4400.15 1247.2 
8024.13 6648.36 
5460.12 3725.47 
4721.8 6267.91 
2490.46 8980.96 
5452.95 8389.38 
1733.7 750.026 
7196.69 5215.13 
4981.28 6880.5 
7374.96 9751.64 
7883.12 1697 
9984.89 1942.85 
9714.28 7373.25 
899.463 6211.72 
8349.68 3243.94 
1928.31 2749.82 
4491.14 9952.43 
9398.17 9951.26 
3677.89 4119.95 
6219.15 6168.35 
3100.9 1672.08 
4557.71 4834.6 
2422.11 1754.38 
49.7066 7403.39 
8634.88 7424.66 
7155.01 6517.99 
9121.67 7139.89 
8460.84 8835.93 
4513.12 9360.3 
5047.63 2862.78 
2604.22 6975.93 
5612.6 7095.37 
6928.35 5010.75 
7046.61 606.22 
9130.71 3265.74 
6774.57 2231.58 
4937.82 1332.27 
7066.18 7359.93 
3086.65 7115.89 
4763.31 1721.52 
4540.53 1918.3 
8239.51 3662.18 
9058.19 6700.33 
2498.09 3571.29 
6060.62 7545.72 
6434.07 8664.84 
4521.63 2046.65 
5760.19 1449.96 
7057.4 2806.78 
2056.18 6188.09 
6072.51 8830.75 
8419.68 1010.32 
163.007 5485.84 
8370.25 3249.66 
2601.71 3133.54 
4971.18 7142.24 
5051.84 3210.67 
804.403 4110.01 
9911 3302.49 
7681.29 5971.6 
848.193 4115.34 
4636.43 5369.82 
6161.99 396.6 
6819.78 3219.38 
3203.38 8875.97 
9407.47 9275.89 
7706.7 7827.13 
286.196 7869.71 
3312.95 8656.45 
1119.35 5914.66 
1789.97 6090.53 
3056.88 6841.81 
9301.21 3861.29 
951.801 9212.19 
7163.78 8633.09 
5183.78 8011.97 
2748.42 9820.2 
3381.78 8910.41 
216.786 201.548 
2129.77 3420.16 
9077.51 1537.22 
2696.04 6784.2 
9364.35 2982.23 
4653.89 2677.29 
1638.67 5773.25 
8591.95 3428.64 
1863.76 1648.81 
270.431 1164.95 
5510.1 1222.23 
377.126 2673.86 
9855.33 5560.9 
685.815 2603.73 
5381.09 4067.6 
1514.12 5597.87 
4269.14 3643.9 
9018.04 3346.64 
5181.12 1714.06 
130.825 4545.45 
4696.29 4784.72 
7222.74 6334.96 
557.949 5814.67 
9763.6 2421.71 
7463.48 34.0123 
3586.67 2973.56 
1256.24 3963.79 
5647.42 1111.55 
9524.69 6333.23 
3715.28 4905.76 
400.809 5229.41 
503.62 4669.95 
8873.3 9521.66 
8016.59 4054.41 
1235.7 8147.42 
8599.86 5931.99 
2932.12 5822.58 
2266.94 3490.07 
1637.23 2030.52 
5911.78 9100.71 
2064.53 9498.45 
2074.25 3320.78 
3462.22 7721.67 
4432.33 2986.9 
4054.88 8147.62 
7892.66 4455.69 
3377.01 8396.28 
9125.64 2250.3 
7917.92 7142.22 
6304.7 9153.62 
5289.62 4904.55 
5085.6 8221.74 
727.114 7352.53 
1711.79 2364.35 
9383.05 7623.58 
1465.04 1447.57 
7122.01 3539.29 
4768.34 584.212 
1260.94 9200.67 
3571.11 5315.82 
7348.27 1463.75 
9771.51 725.264 
9860.03 8897.13 
2975.56 7777.94 
6039.34 9280.26 
6931.54 1328.94 
4184.79 2017.12 
9550.68 4911.91 
9369.65 1262.45 
7276.25 8752.69 
8886.03 8741.3 
200.242 6008.02 
2280.57 4968.59 
6592.23 3541.52 
4169.24 163.322 
8857.34 1517.5 
1627.07 8628.83 
2242.76 1487.09 
7525.95 5218.32 
9265.03 3565.27 
4498.57 6196.55 
4894.21 8683.36 
8213.67 4444.87 
3595.25 7583.31 
5707.32 871.487 
6335.98 4593.33 
9612.78 6536.23 
601.335 1893.34 
1504.79 7193.56 
5434.86 5674.04 
7356.89 4292.19 
7191.54 8983.96 
2921 9434.3 
471.035 446.937 
4652.6 9736.06 
4012.21 9151.17 
5932.6 8906.41 
