1500 2
940.144 2120.48 
8463.55 8667.04 
8134.27 2892.52 
5970.21 3314.22 
5558.7 2323.8 
7623.77 2784.47 
7554.13 8459.83 
424.312 9130 
2599.42 3327.43 
7154.95 6778.32 
4177.66 7812.01 
2594.33 44.1193 
210.213 3302.51 
8772.98 5645.19 
508.708 9044.37 
4290.33 1448.85 
1164.84 2753.86 
115.88 9299.11 
5646.38 6086.09 
2613.31 1205.07 
8409.89 237.062 
3989.54 5964 
8696.89 4413.85 
5093.99 1296.3 
7741.27 2248.92 
8074.62 1918.92 
60.912 668.925 
1963.04 271.125 
3971.44 736.002 
5916.32 4480.15 
9780.37 206.627 
5929 945.191 
2960.49 6044.88 
244.284 8606.87 
2130.95 2857.6 
9811.94 540.833 
3094.66 3801.46 
6504.84 1791.53 
8215.31 1598.81 
3087.83 5956.56 
3847.73 1162.43 
7875.48 3908.64 
1831.35 9838.52 
4179.77 5802.79 
574.504 96.0682 
282.921 354.86 
302.696 6211.92 
1300.05 3263.19 
2256.78 1544.33 
1870.04 4387.73 
4401.93 1681.96 
4928.57 7496.59 
5483.42 1433.39 
9288.12 3698.71 
3032.2 2375.94 
9655.27 6879.93 
3538.37 7530.74 
788.556 5369.72 
7369.24 4968.33 
1172.49 7943.75 
5064.39 1455.42 
8298.6 5367.09 
7667.33 9598.66 
8630.28 9924.11 
1142.97 500.298 
4311.83 5544.91 
2182.26 9240.4 
3041.48 7665.68 
673.77 2329.59 
1364.37 3705.97 
4705.52 1019.62 
585.879 8243.89 
8550.36 1374.43 
3613.59 5919.58 
6342.76 4786.09 
3863.31 1407.14 
6241.5 2161.9 
6774.22 3908.82 
1760.54 5404.48 
3832.92 2903.51 
5904.78 8144.75 
8448.42 8087.04 
7385.13 1489.88 
5752.7 8058.9 
3819.47 7117.06 
1764.85 8524.99 
8136.69 2350.73 
6768.87 6687.03 
3725.16 382.443 
2606.6 67.9052 
5168.53 6469.91 
1475.04 1410.02 
8631.81 8249.27 
5318.84 392.329 
3653.73 9151.75 
3295.84 9558.51 
7296.48 1744.24 
7645.54 4681.6 
3234.12 3398.22 
2740.48 7053.59 
515.265 4505.33 
5578.57 8651.95 
6856.05 2347.42 
5338.96 581.2 
2729.86 7945.56 
649.105 7898.39 
4415.45 2124.15 
9308.4 3047.24 
373.395 4627.22 
3439.57 4027.13 
3778.96 6735.41 
3585.63 1075.42 
8479.65 1231.15 
5757.02 1713.76 
4629.36 8497.5 
8767.35 5144.63 
3002.81 4345.9 
3796.56 9858.86 
6693.32 9135.53 
440.043 9423.18 
7081.07 1089.15 
7321.55 1496.51 
3213.29 6629.94 
4543.75 3586.69 
1257.14 7983.32 
7613.82 5036.1 
4718.72 1199.43 
6111.52 3198.35 
2430.57 1868.53 
4912.11 7059.93 
366.006 3679.44 
2204.54 3368.81 
8025.34 6001.11 
3227.66 4718.64 
5136.62 3667.7 
4141.8 2217.67 
4756.85 1463.33 
3714.18 7970.14 
8093.27 8257.93 
1556.81 9350.41 
6241.23 9170.63 
4386.49 959.932 
370.042 498.001 
4158.28 2800.61 
2366.53 9070.4 
9860.55 2732.53 
2749.82 2065.07 
6101.35 775.151 
8066.18 9329 
5493.79 3202.78 
2996.68 9635.6 
5420.46 7753.53 
1098.91 9134.64 
5723.66 9192.18 
7392.55 7280.47 
8542.57 3633.76 
6451.09 2929.05 
4593.69 6821.13 
3427.05 8751.98 
9621.74 5793.58 
7822.36 9482.27 
8526.11 572.166 
1547.33 4627.44 
1347.32 9613.51 
3956.43 6841.11 
2816.28 6953.11 
6476.69 8236.74 
4706.63 7575.6 
7371.36 430.269 
6767.76 4763.89 
7710.74 5310.32 
8397.65 4161.81 
8239.37 2991.33 
982.927 1666.4 
1743.29 604.654 
7459.98 9565.65 
86.9105 5986.08 
137.798 1634.24 
613.504 1485.11 
1247.74 4569.93 
8326.23 4064.02 
1523.03 4802.9 
2300.74 6229.65 
2378.48 9672.1 
6659.92 9146.24 
4435.97 4370.65 
4456.54 2833.6 
8532.46 2695.89 
5824.93 9515.39 
4362.3 7568.22 
120.028 1822.27 
7133.85 206.938 
7808.34 7271.65 
1841.18 8421.85 
8756.77 3088.92 
2991.76 7082.98 
7152.94 4514.79 
1885.85 9453.68 
744.427 4264.33 
9125.76 7404.35 
3410.56 3561.72 
1774.98 7867.1 
6395.32 307.429 
562.978 2220.23 
9822.82 4925.28 
9788.46 9942.85 
6747.54 6922.29 
149.768 4555.87 
4193.93 1990.95 
2977.7 2950.68 
5079.87 5969.46 
33.6351 2232.79 
484.236 1919.49 
1686.45 1228.66 
6183.82 812.201 
8633.01 9594.38 
4373.92 407.981 
7461.46 769.221 
715.411 8024.44 
2989.46 538.213 
2949.7 2777.89 
481.043 9697.24 
9700.19 630.812 
4253.1 3894.1 
2621.76 7230.8 
6844.77 7701.63 
3200.24 6878.41 
9934.42 3684.48 
8797.9 1620.85 
4913.14 4981.71 
2433.05 3546.14 
4576.07 6806.97 
3954.12 2037.52 
7576.19 4669.53 
61.9412 565.633 
5207.75 3011.64 
3343.53 5688.79 
2708.87 3043.7 
6319.6 6961.96 
6937.79 8941.36 
4192.74 3782.55 
6642.97 7392.98 
660.942 6577.37 
1077.45 9458.84 
8198.22 5990.59 
4440.53 631.261 
9536.73 9016.6 
7438.23 3490.83 
1054.1 5014.41 
8160.36 1116.04 
5580.04 3368.09 
4127.68 8923.57 
9056.88 6836.55 
1967.25 5376.46 
3798.5 8905.04 
4317.81 7991.24 
2687.58 960.76 
5384.21 3348.52 
7538.13 6461.65 
2807.34 5736.34 
2452.22 7247.87 
6367.6 1988.93 
6264.45 3805.82 
5479.77 7318.55 
8820.23 3640.11 
8434.59 4400.25 
7008.21 2562.25 
3323.81 6065.07 
9398.81 5291.06 
1441.52 3197.28 
4196.09 5759.33 
1188.51 6883.66 
6720.09 6572.71 
232.165 4258.2 
3034.35 3039.51 
9994.54 5486.57 
287.364 6362.12 
7475.51 6551.82 
167.916 2955.26 
3870.35 8988.14 
6595.37 2304.93 
3388.38 3603.56 
4867.18 6712.19 
9668.64 4265.97 
2003.23 1110.14 
7463.25 6199.31 
6869.47 8651.76 
3082.96 3589.54 
5224.46 3315.13 
7847.74 8258.81 
6354.63 7842.26 
3745.36 6642 
4204.36 1220.85 
3193.8 4372.28 
4176.11 7064.15 
3360.4 771.468 
9369.08 6748.78 
4375.03 4236.24 
3460.95 4043.65 
8502.21 5464.18 
5153.79 5965.45 
1663.48 2023.24 
4617.19 4746.44 
5612.77 9841.65 
8061.57 3460.5 
8100.44 4416.19 
1302.74 1845.79 
1058.17 5507.1 
3066.64 4251.96 
9879.37 7242.75 
1316.1 3239.76 
8014.22 685.157 
9988.54 2389.23 
4921.4 3449.48 
6432.88 3423.59 
8913.66 1586.65 
9389.04 577.129 
3609.89 4006.21 
5323.57 9222.67 
3847.84 3385.12 
2683.15 1948.27 
7801.31 3985.89 
3794.05 8859.47 
9492.98 6860.69 
3111.42 9372.34 
4103.43 4427.52 
2612.08 2117.63 
5112.67 2600.61 
4506.86 34.0559 
6050.09 939.727 
3457.65 4963.73 
2526.38 2846.67 
5540.86 6136.27 
6852.88 864.417 
5358.93 700.705 
4249.54 8042.07 
2648.97 2050.83 
2027.94 6443.02 
910.288 1520.91 
3303.7 4021.71 
893.232 7407.12 
8449.23 3505.31 
9524.75 3561.88 
6105.92 4031.59 
3595.94 2155.99 
4971.32 7053.59 
7119.73 7497.7 
9900.25 2660.57 
3633.96 6753.11 
3524.99 8992.88 
7453.82 7774.53 
7034.94 102.773 
9825.36 9062.88 
6545.8 735.63 
583.775 9849.49 
4757.34 1477.01 
7256.6 3206.55 
4982.32 6781.33 
6768.43 1088.23 
812.904 364.353 
3244.22 5784.22 
7417.94 363.926 
3281.91 7318.17 
3024.5 6915.87 
4071.27 6549.48 
5908.74 1525.07 
4324 2943.66 
1627.85 4149.34 
2006.53 8173.64 
4884.97 2590.3 
8023.12 9642.31 
4067.31 5279.7 
2848.84 9049.63 
2061.01 9617.27 
137.839 2873.91 
9981.62 3382.06 
8658.14 7399.54 
3745.98 1940.03 
4717.7 6770.48 
8855.9 8788.97 
3319.95 4764.62 
314.028 7643.94 
7708.28 1941.88 
1793.26 9714.8 
115.503 6678.23 
2305.09 8138.62 
6320.52 6372.4 
3418.3 9169.36 
5422.01 5479.31 
8786.6 5559.85 
8353.22 8768.21 
8941.91 7011.35 
6167.73 2687.87 
8951.37 885.411 
9458.35 7807.25 
9674.38 2778.28 
2571.85 9988.41 
422.206 280.11 
1930.27 2215.47 
9994.91 2045.77 
8893.7 2299.98 
184.375 5214.2 
8672.38 3602.68 
4383.54 4094.37 
9081.99 3170.13 
9654.22 7435.19 
1938.32 8596.11 
4446.52 8106.05 
1283.97 3397.88 
8991.46 742.304 
1205.12 8665.82 
3520.59 3776.97 
8654.21 3942.79 
4057.08 584.464 
6158.26 4051.97 
2630.24 5051.94 
6351.96 2814.61 
266.128 5024.32 
6417.29 4649.67 
9118.69 5499.26 
7819.8 8772.9 
2934.44 9758.11 
7369 7380.96 
7864.14 8652.97 
778.822 6855.58 
9395.27 1983.94 
5521.38 2915.84 
5760.91 4175.58 
6858.63 9817.98 
4760.05 3016.88 
3869.94 7390.28 
8068.82 221.881 
204.874 8334.95 
5246.2 6622.16 
2984.6 4364.88 
2121.4 804.376 
3137.76 5055.84 
562.47 506.745 
2436.78 8426.61 
9159.71 3215.6 
5282.17 8554.97 
5199.54 803.543 
1470.79 960.429 
4979.12 8329.42 
778.397 9739.17 
1346.28 4648.34 
7129.43 9415.1 
4870.22 7334.31 
7750.03 116.405 
3956.45 734.61 
4481.28 6077.85 
1538.99 7619.05 
1133.68 2101.46 
8125.79 3570.45 
528.05 7285.49 
6786.05 5810.23 
5840.44 1985.58 
6613.77 7311.23 
2946.01 1592.88 
5640.63 3724.4 
1332.03 6986.91 
8372.74 8461.46 
6401.99 3242.94 
5795.76 4152.01 
3359.35 9752.21 
4886.62 7840.63 
5830.05 6425.6 
5459.67 6963.72 
8527.06 3585.44 
534.159 9055.11 
870.915 7320.21 
4865.32 6711.35 
9305.79 1479.07 
4022.56 2251.78 
3071.94 9663.19 
5976.18 4403.97 
6650.09 4348.91 
2865.42 3052.07 
7591.85 8661.17 
7204.07 951.184 
8413.37 2090.67 
8791.82 4243.4 
8516.27 4251.47 
1207.1 7043.31 
7836.91 1741.26 
6098.4 8707.82 
9061.48 963.701 
5419.16 8367.25 
2442.77 9441.72 
619.013 5514.71 
9104.9 6595.2 
9918.68 5754.97 
944.086 2784.09 
8807.04 8535.94 
1445.24 6011.09 
9487.12 9858.61 
8101.76 8278.92 
4101.99 6618.02 
2530.37 5309.1 
3661.31 367.263 
7050.36 9759.71 
9075.09 6111.82 
723.396 4494.23 
4479.05 3166.16 
3935.94 5098.07 
8680.88 3040.82 
1693.25 8599.54 
8795.79 2637.33 
1383.61 7602.81 
1173.25 2828.86 
3613.89 660.355 
2687.45 1715.63 
8939.28 6789.44 
8333.65 1469.63 
2098.52 1994.94 
1836.89 9148.88 
1754.63 911.963 
5260.69 2478.03 
5406.19 9739.74 
5644.19 9342.13 
4837.79 4325.05 
2382.93 6531.04 
2924.58 1178.7 
9168.37 4308.19 
8781.52 341.602 
7137.05 2395.39 
1001.96 9824.5 
4111.02 9941.23 
6613.92 2444.65 
1410.85 8712.45 
4439.59 3247.74 
7861.32 6194.22 
4159.7 3121.99 
8672.25 9565.89 
2861.71 4316.43 
8908 7699.5 
8641.48 1290.91 
4230.52 1566.04 
2469.62 3398.88 
5874.23 1251.11 
3740.48 3011.26 
3646.5 4742.43 
2835.74 7757.52 
4683.65 9449.67 
202.149 6094.5 
8162.1 4641.74 
9342.24 6023.4 
835.941 3501.92 
9145.39 9508.19 
3067.8 2007.08 
3824.61 1975.78 
9706.59 2466.07 
3266.7 3937.09 
4032.11 5736.32 
7335.97 9906.35 
6987.43 1076.43 
2917.59 633.914 
5818.86 5753.33 
8391.43 502.497 
5202.98 8593.58 
6596.99 3365.06 
3235.3 5939.21 
9388.46 4071.24 
9441.14 8533.83 
3579.42 2508.92 
540.89 7404.02 
4484.7 247.46 
9870.09 7751.4 
4184.55 3902.19 
3487.7 1520.51 
3808.52 475.113 
2596.94 6726.11 
1109.03 8415.8 
2479.43 9500.46 
8918.3 7682.41 
8094.03 5515.27 
1047.45 1329.31 
1454.47 435.889 
5400.55 895.59 
8969.71 8979.97 
3404.51 9510.6 
6383.98 7889.21 
9758.06 6254.05 
5640.6 3942.6 
156.227 9128.29 
5463.11 3964.75 
9603.41 8060.04 
690.84 712.419 
6475.83 3170.27 
212.863 5394.11 
852.654 8306.89 
909.364 1900.1 
9636.2 2363.84 
2335.99 5036.73 
3259.43 1305.69 
4016.68 6663.93 
816.276 400.644 
4553.13 574.324 
6654.7 193.705 
4516.92 6810.92 
9322 9980.03 
775.654 8925.39 
8040.06 1466.49 
9637.81 4515.87 
4636.76 9850.67 
9909.98 5489.41 
8157.54 819.323 
7389.52 7793.72 
3183.16 9725.51 
2830.44 6442.58 
1031.18 6847.12 
3106.5 1847.46 
7247.77 7659.63 
2421.78 3902.45 
7853.33 6938.7 
713.357 7175.32 
6918.72 1489.01 
6100.69 4958.76 
2955.5 5738.49 
9474.63 7592.26 
5589.14 9384.59 
3081.66 3746.67 
203.895 471.16 
1540.38 3387.05 
196.651 4370.82 
9829.64 1227.83 
1217.93 2936.12 
3075.29 8465.7 
595.734 5497.07 
2368.13 8449.07 
2435.75 3081.48 
5624.37 9354.47 
4570.5 1725.04 
4313.22 7526 
7463.53 3787.83 
5118.25 3052.66 
3172.4 8199.91 
6799.33 3376.3 
8671.07 8339.71 
6763.35 8867.72 
2710.51 6592.98 
95.5303 3928.44 
9529.1 3170.82 
2394.12 124.815 
8667.88 4762.24 
8573.88 1103.62 
7843.73 4198.23 
458.077 2414.21 
5923.28 4771.3 
9940.21 3386.79 
8559.13 5058.44 
6439.45 1731.51 
3258.32 3238.77 
5107.81 1929.37 
1578.46 1871.15 
797.074 4288.97 
8464.13 892.604 
8217.41 7993.21 
4063.42 611.504 
8118.02 2731.29 
5373.75 6691.89 
3834.91 3217.46 
890.106 4292.98 
5631.66 6813.39 
9064.28 5571.85 
200.163 7623.39 
630.272 6639.62 
9354.9 3888.6 
9878.38 4462.7 
5817.97 1456.82 
6333.85 6615.04 
5745.79 4797.96 
7507.65 3963.18 
2791.15 1571.05 
4574.68 909.155 
4302.34 9948.43 
7601.04 8137.25 
3165.87 8491.15 
2430.22 8797.54 
5304.52 1494.48 
4369.37 5504.68 
9117.87 4999.64 
2144.28 8472.75 
8888.24 2022.64 
2935.44 4706.19 
3479.47 9269.29 
1321.22 9225.26 
4067.23 8828.87 
3188.42 6858.38 
399.908 7763.1 
7767.54 4702.25 
7711.51 5368.56 
2839.48 877.369 
3859.69 5269.7 
9674.9 9164.21 
6764.17 4044.26 
4668.88 5882.03 
9043.9 6813.16 
4354.76 7932.12 
8835.8 7290.2 
2638.3 2315.25 
6559.47 3959.52 
1540.49 626.689 
2788.38 4728.9 
7485.07 3188.29 
2491.99 5252.59 
7890.54 203.487 
621.137 729.999 
1080.86 4480.83 
5999.7 755.743 
3645.03 2763.85 
4800 8313.91 
8645.88 3843.89 
5127.04 3000.63 
1775.99 3962.83 
290.811 4414.3 
6278.07 6850.28 
8373.82 7818.56 
7476.97 1162.18 
2547.45 4962.03 
4350.47 5039.44 
214.603 2240.98 
5242.92 835.74 
2970.98 6323.78 
5316.57 8970.68 
7079.52 8961.6 
1734.52 1879.51 
7275.49 380.378 
5723.39 2402.51 
3381 7499.39 
6365.34 3671.82 
1913.67 2643.4 
522.083 287.47 
461.941 7999.06 
1449.65 3009.39 
2961.07 5800.12 
8048.83 3175.67 
8041.1 3291.73 
4011.41 1012.07 
9615.51 9327.98 
9982.74 6695.02 
8289.57 1717.24 
8574.53 5565.04 
2097.62 4297.91 
7967.55 5478.62 
1797.28 4332.87 
9150.44 3710.95 
6976.27 9672.52 
3998.42 7438.21 
7671.56 5448.07 
447.584 632.616 
1248.16 8496.41 
3808.29 9289.26 
1788.13 7819.7 
301.312 1403.63 
7147.66 284.039 
8098.65 5437.21 
2001.28 6673.16 
1002.23 4098.9 
971.052 8969.78 
9577.53 2768.33 
3302.64 8727.95 
6479.28 278.894 
8400.46 477.677 
7717.11 6072.01 
5925.74 8164.69 
6704.62 7173.91 
6661.08 512.891 
6463.15 8449.21 
8332.59 6764.47 
9852.84 5480.24 
7048.5 7951.47 
917.432 9049.79 
4624.62 1919.66 
3148.67 5595.67 
889.43 2726.18 
8364 4192.07 
1454.12 4843.26 
4470.96 9854.58 
5320.94 2188.05 
5926.56 1246.66 
352.726 2631.17 
8420.57 7013.81 
3144.06 4883.7 
5463 1476.63 
1648.15 5315.83 
6956.87 8696.66 
3267.28 7874.3 
7746.43 7891.9 
9793.96 895.081 
3487.55 683.378 
3621.26 1851.53 
4875.45 5075.38 
6694.79 9346.41 
4929.94 2015.71 
1534.45 856.485 
3262.37 1887.17 
3487.65 1682.92 
8900.98 6631.71 
6566.62 4363.97 
8108.34 8214.78 
9679.8 5065.19 
6911.42 2947.06 
2939.48 4657.83 
838.936 2733.42 
5552.91 4326.48 
3416.8 9174.17 
6178.01 8292.25 
4249.53 2872.78 
7638.64 9179.47 
4888.48 9173.09 
35.9397 8150.85 
1060.24 3523.59 
9833.77 9961.23 
155.286 6400.38 
4325.18 8263.63 
4615.14 4004.96 
3328.8 1526.54 
6952.02 6268.28 
6184.36 7790.95 
9001.7 1737.25 
2117.42 2418.49 
911.407 8295.42 
710.716 5160.94 
1168.18 8349.36 
4340.39 6056.67 
7522.43 4376.33 
4207.5 8582.67 
7899.93 4041.26 
8543.88 8055.21 
441.621 2869.05 
6318.82 5056.76 
6874.01 9647.63 
6583.3 3826 
5915.89 2767.65 
1616.94 4917.57 
4504.9 3734.35 
7336.06 5416.31 
2029.76 8046.77 
577.229 3197.95 
6396.11 4917.62 
9254.62 3918.53 
9293.96 3462.1 
2501.19 7193.87 
7503.36 1045.06 
5249.06 7944.98 
3914.1 1567.87 
3001.72 788.091 
1215.48 9585.02 
4614.1 7131.36 
2352.65 6231.03 
2048.92 6857.55 
9965.39 9384.97 
2273.84 1995.13 
7431.73 2851.07 
5193.08 3827.83 
7768.69 4447.68 
7746.36 7062.63 
7909.78 247.526 
4256.48 5413.12 
1292.58 9505.54 
3358.09 5206.68 
1073.39 6359.81 
5994.77 2288.87 
5944.82 608.853 
9420.23 8297.47 
6839.89 1469.13 
5155 6805.26 
854.088 7428.84 
8800.39 8285.82 
279.892 3993.46 
2113.63 8048.58 
8441.14 9859.99 
5111.2 6350.9 
107.496 9367.68 
1764.01 1400.08 
8873.2 5122.1 
6606.76 9946.59 
1481.89 2601.52 
2235.44 7426.71 
3210.37 1655.66 
5724.16 50.2434 
3124.79 879.149 
6855.5 3978.87 
8307.99 5655.88 
2264.68 8587.88 
9649.34 4378.31 
6636.45 8090.46 
4238.28 1747.63 
4441.34 4345.77 
1115.29 6205.34 
5745.85 9988.49 
1327.42 2352.59 
9935.07 2809.31 
4954.11 2170.49 
236.008 8164.49 
3826.15 5960.17 
8214.73 6950.93 
6839.32 5070.22 
929.79 5147.29 
726.079 3194.47 
3735.16 375.4 
7572.77 371.594 
8465.86 1811.03 
2119.22 2907.18 
6156.8 3234.51 
9112.52 1902.63 
3222.99 439.927 
4255.23 3158.04 
3249.24 9209.34 
5328.53 3485.25 
7373.81 9154.67 
9445.42 5588.52 
6105.59 6284.72 
658.716 7035.38 
1432 1384.8 
229.829 5167.16 
1760.2 7802.6 
5538.76 226.034 
9613.63 7657.98 
3133.21 5770.41 
892.477 2245.72 
7673.05 4115.46 
2685.64 1928.26 
7273.5 5934.89 
1137.58 2602.01 
9420.13 8511.39 
1756.67 8865.54 
4099.89 7862.26 
5150.24 4758.6 
4897.62 6582.25 
6143.4 5127.45 
1749.39 7903.6 
2930.04 7288.15 
8129.63 2543.65 
4946.11 1262.82 
8314.06 5838.59 
3508.54 5987.09 
9954.05 6194.19 
7915.35 7227.54 
2129.05 9052.93 
9829.55 1549.17 
7564.3 1586.2 
414.692 1664.17 
9448.46 5564.94 
6422.78 4346.07 
2147.17 2566.16 
9473.52 3896.56 
469.738 2403.54 
1184.69 8599.37 
4947.19 6130.8 
9862.19 3261.24 
1969.38 3370.72 
9248.33 1923.41 
9564.9 7163.67 
9150.95 1693.94 
6216.58 8980.49 
3243.11 3780.87 
566.673 3657.8 
5445.04 15.1209 
9222.74 1867.8 
4361.19 1369.89 
4433.96 3834.7 
5266.44 4903.7 
6238.24 6451.13 
3503.05 1185.42 
2581.92 3365.22 
4446.66 4551.29 
6735.94 3694.97 
6474.71 6300.83 
858.625 5625.64 
7994.77 7075.21 
4606.11 1237.86 
856.058 5172.79 
4895.66 6301.1 
5187.91 4118.38 
8168.9 9549.1 
5488.27 2602.84 
3383.78 754.692 
7506.54 9622.03 
7205.83 1009.57 
807.427 9787.74 
4374.79 5254.08 
4339.02 1110.72 
8949.06 813.712 
7411.54 9807.68 
6439.36 5406.29 
6882.88 1045.45 
6644.15 7738.93 
6218.24 1539.79 
4040.01 1406.13 
5658.17 2208.89 
955.211 1146.42 
4811.73 4338.99 
1901.11 2318.25 
3961 9106.94 
3327.82 4768.43 
8894.66 7702.61 
22.4976 3233.67 
8813.33 8971.56 
4047.38 6224.85 
8779.22 486.716 
1631.13 5662.08 
1532.17 8275.27 
3401 7750.41 
9815.06 7441.01 
9156.53 5473.21 
9649.91 111.727 
6619.63 4461.62 
4450.72 8520.74 
6779.88 8411.72 
7627.66 107.682 
3180.14 6522.3 
7810.3 3202.63 
9755.97 6623.61 
2174.17 3803.33 
2848.44 953.38 
4290.05 4479.57 
6615.46 5822.21 
2754.82 16.446 
3572.6 2569.87 
7457.46 2729.12 
8043.08 7107.35 
2840.84 4662.7 
1568.96 7291.56 
3183.42 8348.84 
5703.27 811.068 
8456.52 8883.4 
7333.37 6266.8 
2086.02 7089.33 
2890.39 4260.19 
892.64 5738.83 
5213.57 5182.69 
218.381 1829.02 
1004.88 2973.21 
1845.46 4577.48 
5543.07 9302.92 
7306.6 3586.14 
6410.26 147.428 
8248.84 7979.22 
7438.99 1432.25 
6328.04 3142.25 
2243.32 4784.54 
2025.63 9576.69 
1051.31 4111.65 
6666 3941.7 
8371.85 7558.64 
9680.53 3585.4 
2741.31 9898.91 
5414.42 3746.19 
2872.1 7259.88 
8323.67 8415.17 
6562.79 5630.26 
2001.3 2973.03 
5777.69 250.12 
952.232 3216.66 
1682.37 7280.27 
6358.91 3925.68 
2064.79 8384.54 
3502.36 3116.1 
2496.18 168.338 
7057.8 868.006 
7726.98 6738.31 
4453.41 468.268 
6637.2 9867.83 
4214.46 9509.3 
7127.69 2538.12 
7924.45 3690.47 
8168.38 9925.75 
6663.5 3946.05 
175.851 7615.73 
7162.71 1858.22 
4895.98 3521.6 
5783.9 6960.77 
1906.13 9286.26 
76.8476 4402.3 
9454.6 7134.65 
5270.31 7181.56 
3872.94 9723.72 
7649.82 510.12 
9591.53 1864.27 
19.3998 6719.2 
4402.38 7943.85 
409.651 2570.74 
7869.58 7073.15 
6516.79 8045.43 
4688.86 3679.48 
9903.65 9584.84 
7201.08 5687.54 
6545.59 9107.21 
4973.78 6622.44 
3509.5 4428.36 
3757.07 8779.81 
1609.9 7630.01 
8503.51 9259.72 
8140.13 8095.02 
1123.97 8159.53 
4814.2 5526.36 
6103.36 5223.85 
8097.1 3972.93 
2296.98 4613.87 
2018.34 6985.85 
8293.35 1921.98 
6570.68 5494.42 
7609.52 3116.25 
4601.61 2583.28 
9738.7 8111.11 
7011.64 3495.75 
6890.9 8621.54 
1125.74 5394.39 
7881.24 9265.86 
3489.38 9005.22 
7425.37 8303.58 
4531.55 3528.72 
3527.42 2628.63 
7501.64 5824.4 
7242.5 9519.99 
2810.24 5535.84 
1441.95 9380.91 
1030.24 9051.46 
2497.15 5631.85 
1634.72 2235.83 
3742.93 8646.36 
5731.58 633.813 
7267.88 6857.31 
6028.2 5149.11 
6123.16 9517.58 
4154.31 3548.52 
7821.15 8685.86 
7077.23 1348.55 
1314.48 4578.86 
7172.96 8556.98 
4098.83 9983.19 
4092.8 5540.78 
9364.09 5123.03 
4592.22 1861.22 
754.863 6226.95 
4097.05 4497.8 
4873.29 9828.63 
5131.61 2141.16 
6685.93 1159.79 
7290.26 2809.07 
677.357 1444.55 
6357.59 8498.51 
130.396 3434.81 
9847.06 1444.87 
8013.67 7020 
1.83628 2112.48 
7003.17 4094.64 
7653.26 6367.25 
9217.67 2245.46 
8228.47 9972.53 
8472.41 2325.5 
4470.31 3345.68 
2154.11 9601.92 
5486.84 8840.04 
761.697 2777.09 
1649.1 1439.05 
4221.64 8006.69 
9937.56 4352.04 
1441.48 9784.6 
5796.91 9455.15 
6804.59 5798.75 
1567.61 3807.74 
9893.38 9220.87 
174.975 9111.03 
1466.32 8403.44 
9083.55 9938.73 
728.93 3553.84 
3284.4 2883.04 
3155.75 8771.24 
1723.07 3917.45 
1548.31 3372.17 
5356.5 5769.95 
1378.83 5294.04 
121.964 2820.31 
5078.63 5918.87 
2275.44 1883.2 
1717.6 3843.06 
5690.95 1610.97 
3063.92 5865.92 
721.981 4530.24 
4269.35 9805.53 
4468.95 4998.28 
3359.36 7753.35 
7881.32 6515.1 
6524.57 9604.39 
432.532 8072.88 
2976.54 5789.03 
3842.8 4355.38 
1083.06 3964.77 
7175.69 6161.69 
9883.64 9451.13 
8044.89 1601.23 
3294.17 3735.82 
3212.19 6358.09 
9601.74 3934.17 
888.31 3871.07 
3739.69 5357.26 
8869.35 7099.04 
3110.59 6750.65 
3614.13 9635.16 
6355.03 4046.66 
7708.02 9331.57 
9835.69 1550.81 
3686.93 918.733 
5515.57 862.599 
7080.42 5399.2 
313.715 5125.3 
7000.43 3607.89 
8861.12 212.6 
9965.98 8462.84 
4146.77 854.273 
2333.9 7886.46 
6211.53 1203.23 
4985.48 9322.12 
7953.88 8599.61 
8957.27 4308.9 
2646.25 6665.27 
3640.45 2481.93 
8216.07 7327.38 
3400.66 3731.63 
8189.98 481.067 
9130.83 8503.69 
5606.36 6131.24 
2111.57 4467.47 
6343.84 2077.53 
2930.29 490.595 
2931.8 5264.19 
8377.05 9143.33 
6467.42 3362.52 
8465.44 4421.29 
1962.11 7422.69 
8730.18 4608.36 
4087.94 2370.62 
7090.29 2304 
9698 490.934 
6035.63 7887.96 
972.001 5166.44 
6391.63 6578.37 
1297.66 8503.2 
1045.82 7641.5 
580.71 3976.11 
8132.1 3512.51 
9240.3 6509.13 
2655.83 5707.7 
9871.65 1121.26 
128.97 1833.75 
8543.95 8859.16 
6442.11 2631.87 
1229.76 3532.38 
4935.87 927.735 
4023.32 971.488 
8815.69 4995.32 
6137.93 5207.31 
1573.67 7435.6 
3710.49 2619.48 
5077.08 4291.2 
6595.59 3209.16 
7803.71 5835.87 
9718.29 459.524 
1543.55 9589.93 
1580.78 1672.53 
1423.66 124.71 
531.663 7865.77 
2756.58 1761.42 
1398.14 7692.46 
2689.15 5421.46 
8663.95 1504.83 
416.757 4801.86 
6712.14 1990.43 
2237.44 422.606 
4609.91 7314.52 
4713.8 1205.48 
523.663 2517.5 
7041.35 241.941 
2977.02 8584.91 
9831.87 4557.8 
257.417 1255.51 
4682.51 789.08 
9121.28 7439.1 
2550.5 519.403 
5131.54 5239.65 
5940.86 3795.47 
6744.48 6357.62 
8597.33 3456.6 
8348.04 834.747 
3879.21 2957.93 
8149.27 8593.01 
4163.42 8672.93 
1110.49 1204.75 
8914.87 4087.51 
9789.66 8746.72 
8645.32 47.0625 
2.22007 3327.81 
836.143 9123.5 
766.893 3386.64 
9642.91 5898.43 
8626.3 5583.75 
9693.9 5370.76 
1941.34 8291.21 
8827.36 289.368 
9125.95 2706.55 
3247.3 7275.2 
1299.55 7410.72 
5948.11 2410.04 
8615.47 4862.97 
6497.55 8405.12 
3609.67 5142.85 
8452.18 3611.89 
8470.67 9288.32 
2735.38 9237.56 
2674.95 2378.27 
5135.97 1301.22 
7962.01 4829.85 
6671.99 9903.36 
3121.04 5499.33 
192.71 2246.98 
8205.88 3440.01 
9522.18 9505.43 
850.711 5470.28 
1915.45 9466.18 
333.228 8413 
7871.28 3942.9 
3555.84 6323.44 
7554.79 2026.48 
5611.74 290.157 
1264.03 8286.69 
2668.42 6400 
9587.91 630.422 
1229.84 6259.88 
533.764 4350.88 
1759.19 726.474 
6597.86 9965.08 
4166.49 6120.03 
9470.48 5017.2 
1590.29 1385.91 
4483.36 1923.52 
9798.92 2354.62 
5866.42 3354.73 
8678.06 3421.2 
5381.22 4289.79 
3711.35 6645.25 
2576.46 6379.78 
3045.23 2164.35 
7010.2 4275.07 
8424.23 7543.97 
8625.95 183.411 
8270.44 5223.8 
148.469 2436.91 
1343.81 9618.95 
7454.1 2934.1 
1004.85 1937.45 
4857.62 803.749 
4292.07 724.02 
4158.48 2970.11 
4145.22 9539.7 
7259.9 7856.57 
6184.93 9836.36 
4236.33 9230.16 
2000.69 1246.52 
3505.21 424.909 
8790.49 2131.15 
608.32 7060.91 
7354.94 756.789 
9497.82 8698.75 
375.725 6951.9 
1632.83 1380.58 
8889.35 6490.45 
2184.33 3181.4 
7214.47 6342.81 
6151.51 1359.67 
5882.49 3411.39 
9216.24 2067.41 
3247.73 3452.56 
1297.55 5248.42 
4699.08 4802.76 
5673.33 3489.55 
6933.91 6281.65 
550.44 4288.83 
7038.44 48.2394 
2987.57 7414.16 
7000.14 4620.4 
8794.74 5889.48 
1110.83 979.049 
9070.88 8325.3 
7321.86 5222.37 
9684.97 3204.33 
8633.76 8901.19 
5271.74 1881.48 
2353.74 6569.29 
7129.9 7052.82 
1372.04 2803.22 
542.348 8305.94 
9084.87 1092.79 
2594.76 6123.29 
1141.03 5582.33 
3537.44 8141.17 
202.713 2332.16 
4030.63 1313.54 
3311.21 3101.49 
9638.85 633.05 
8323.86 9323.8 
3837.38 6957.61 
8224.98 9109.12 
8839.08 578.695 
5678.4 5968.97 
7631.51 7050.43 
8772.18 8173.86 
5356.36 7857.03 
9266.65 7951.12 
3980.31 407.656 
3533.43 7517.74 
8548.83 3736.14 
9849.9 2579.44 
5049.69 3161.1 
5680.93 4688.52 
3794.15 4004.77 
4012.3 7631.53 
962.36 2237.26 
6740.64 9801.45 
2815.95 2419.02 
5770.4 447.446 
9469.45 4542.56 
8621.3 4825.79 
2399.58 7887.93 
2776.89 6379.89 
8295.59 6310.32 
3897.61 6844.4 
46.4493 3747.5 
9423.84 5096.14 
6908.6 5104.75 
9784.66 702.726 
9109.52 3796.94 
8334.26 71.86 
6034.19 5074.88 
9873.3 8850.14 
7493.89 5643.69 
9297.59 6963.33 
186.234 7918.88 
1789.1 2585.82 
5806.8 4565.99 
8965.7 4102.37 
876.295 2863.3 
946.755 922.745 
6610.8 370.576 
6018.88 3519.38 
5475.32 5803.52 
4222.11 4584.82 
9600.46 2556.35 
4656.68 5634.63 
7631.22 4529.97 
4484.76 5125.1 
173.642 3782.34 
2088.41 359.876 
1701.2 3877.51 
2945.69 7508 
8443.5 1911.38 
1610.35 9319.79 
4774.68 2557.11 
242.521 1385.46 
2927.68 6261.4 
4904.84 8403.01 
2064.91 9126.95 
2987.81 1665.35 
1683.28 7644.5 
7299.98 9314.5 
2174.45 1784.73 
4439.59 2348.1 
5567.06 6528 
2707.97 7268.26 
405.49 5653.66 
4776.24 8848.99 
7565.04 6386.59 
8168.77 2339.71 
8943.7 8411.29 
3725.17 1871.36 
4672.67 8630.01 
274.353 6737.58 
7756.95 3262.17 
8402.93 9440.23 
906.649 5702.9 
8754.71 3081.1 
7487.63 3194.29 
5429.2 3054.67 
9722.29 8137.17 
322.921 127.759 
3790.82 5099.16 
8976.75 1355.85 
1485.74 7145.5 
3695.55 429.422 
5556.77 7420.72 
2300.79 229.423 
6050.71 2575.14 
6967.01 3807.64 
5837.31 5369.92 
3247.85 6743.96 
1072.8 2002.55 
9825.06 8560.43 
5196.84 5254.24 
