400 2
3627.64 4646.09 
2144.57 2857.53 
3771.66 3144.65 
7489.93 1273.13 
3286.67 5887.93 
8.36794 7972.64 
1993.4 2709.14 
3367.23 2126.16 
4088.66 6254.73 
464.115 8575.46 
6958.5 5586.48 
1057.03 6892.74 
4924.33 6791.76 
9884.37 9644.96 
8640.77 976.54 
8392.64 2268.4 
5622.63 537.192 
5125.93 9394.29 
3681.84 2615.84 
667.405 6968.51 
8503.77 675.773 
4941.13 497.154 
3384.92 8308.37 
2623.32 7473.58 
4563.08 3087.43 
6049.02 1521.56 
8673.91 7106.05 
8414.3 3598.22 
3897.79 8298.66 
3243.15 2538.55 
9275.2 1635.78 
4806.95 4897.81 
2172.97 9932.88 
4292.08 5854.81 
2548.71 4959.49 
2823.31 1052.46 
5635.26 7764.44 
1549.62 9020.18 
6072.79 4172.93 
6493.74 635.857 
7260.36 2542.74 
2157.42 5934.25 
9648.79 571.702 
9532.47 3546.57 
8870.36 2775.61 
6085.12 8145.54 
4411.39 892.052 
3043.33 6584.36 
824.917 7335.41 
2439.16 3373.62 
2294.88 5262.47 
4426.09 7930.14 
3026.9 5975.7 
6950.31 9099.69 
148.617 3444.03 
9735.55 7408.98 
5986.77 1892.95 
3343.22 5635.54 
2464.65 2875.67 
9182.11 1334.99 
5651.28 5267.21 
9480.53 62.654 
6159.26 2523.84 
6647.02 6984.18 
9859.25 9086.18 
357.788 2154.11 
4348.63 4783.87 
84.2412 7375.53 
759.559 7034.55 
6475.2 908.177 
478.556 6210.73 
8317.16 6465.33 
8103.68 1660.36 
2100.85 568.315 
4536.04 1282.95 
1903.31 187.301 
6550.16 1383.81 
249.955 2709.41 
3907.65 6896.97 
9693.59 3766.88 
5983.13 51.3608 
5921 331.741 
4835.24 6005.24 
7707.27 5594.79 
3039.77 4182.45 
6502.97 3518.32 
393.168 4820.11 
9983.65 8496.85 
6480.47 2084.49 
9065.17 1016.49 
3367.44 968.453 
1203.79 9917.6 
2352.27 1453.75 
2626.99 6259.92 
8350.72 2320.56 
26.7834 4333.83 
2371.92 5947.78 
4665.57 7207.16 
1953 2372.82 
2801.94 4992.77 
6555.28 9304.91 
8511.09 6948.44 
4125 8494.72 
5445.28 605.46 
579.195 4510.42 
1621.95 3946.63 
5478.88 2825.75 
3864.21 7831.14 
4279.5 6491.2 
4091.05 2630.2 
8811.77 4117.83 
6964.03 1183.67 
65.5922 1629.59 
8390.83 2018.59 
4002.41 1192.75 
7011.36 557.674 
497.639 5522.43 
7506.12 4622.64 
4017.14 2951.38 
5228.1 4596.34 
7461.8 6850.06 
8542.97 2940.66 
9675.8 2407.17 
771.789 3955.28 
8898.37 4862.83 
6585.48 7710.12 
8980.66 3549.5 
8893.79 9046.26 
5179.09 7284.6 
1064.83 9181.5 
8477.35 8076.19 
9739.18 8974.99 
3598.61 7245.28 
3597.61 7615.75 
196.64 8825.71 
2212.07 7658.44 
5675.75 755.023 
599.085 5351.54 
3162.19 1370.87 
9306.82 2060.54 
6233.71 5892.29 
9770.66 5214.36 
9441.79 8664.43 
4260.6 4620.87 
5949.01 5325.43 
3802.35 4426.35 
3401.61 3541.52 
3401.32 7000.22 
786.779 6998.93 
4615.95 983.419 
5824.63 6828.02 
8641.86 1500.37 
7583.04 9240.95 
6851.91 745.215 
611.803 6158.72 
2805.75 6845.51 
2050.99 2576.39 
2059.85 1492.77 
1240.81 6320.45 
6113.63 7189.82 
1645.86 9915.99 
1616.15 5047.47 
3457.49 5017.47 
2047.67 4244.27 
2016.39 6663.62 
5227.69 7841.02 
3491.62 3869.53 
9341.39 1074.65 
3110.46 6193.28 
1819.86 3722.26 
2351.98 4625.62 
567.756 4402.97 
7202.01 2627.61 
5895.74 8442.82 
8948.06 2009.36 
5632.62 593.903 
1925.33 7248.77 
5641.37 5382.82 
2266.23 7689.04 
9627.09 4282.62 
4352.63 4854.76 
2123.62 7844.25 
8724.28 1465 
8918.9 1834.72 
7658.28 738.743 
5556.98 10.2441 
5364.36 6124.74 
4413.22 2566.35 
8752.35 308.943 
1009.15 7700.39 
2318.3 6641.77 
8294.29 4243.63 
3890.53 3935.65 
9626.45 6156.76 
1624.66 9253.52 
439.365 5977.3 
4108.26 2562.99 
3821.53 2832.53 
4027.99 2740.42 
4667.25 1686.25 
3479.16 224.22 
1696.49 8843.52 
6348.96 6109.71 
1409.85 5101.29 
6418.65 2419.01 
2801.67 8736.96 
9060.78 1095.94 
2980.57 2951.3 
5031.59 2607.01 
9108.06 6656.25 
1860.51 9547.43 
2633.54 5968.77 
2110.4 6455.07 
8801.3 6138.38 
9195.49 3468.54 
7824.63 2674.63 
3692.76 9521.12 
1518.13 41.7017 
5630.82 2927.99 
5143 2049.45 
5347 7944.66 
786.394 4407.76 
9040.61 3766.97 
7359.06 4072.18 
6373.98 6467.11 
728.418 8234.49 
6014.51 3361.95 
4203.25 8124.91 
9817.03 3004.53 
4263.28 9012.5 
6473.07 2087.89 
1687.11 165.813 
1609 3205.25 
207.515 7239.82 
6133.24 5350.51 
9289.27 1480.22 
3295.16 75.6516 
5887.98 2335.74 
3842.62 3247.02 
6407.92 216.579 
9714.13 7136.34 
8451.07 5728.63 
498.279 2654.3 
3853.52 315.288 
5658.84 8116.8 
9327.79 2131.89 
204.679 1014.88 
2297.7 1813.68 
4220.13 2505.22 
9053.5 353.348 
7855.73 8342.76 
1833.56 1150.87 
8418.41 7721.54 
3486.61 2261.01 
968.552 9894.53 
2477.59 682.665 
7030.86 928.642 
6411.29 7529.14 
3582.94 264.798 
7844.43 9241.78 
8381.6 7172.2 
1373.65 8586.28 
8187.08 3671.36 
399.942 2407.19 
6176.58 9453.44 
2760.54 4032.29 
7796.18 4594.1 
5183.16 6214.57 
2315.63 8669.77 
8475.59 3284.18 
8564.29 953.158 
3966.85 5595.13 
1881.8 378.121 
3124.25 5464.74 
642.919 968.656 
4706.51 9024.52 
8140.85 6080.16 
7610.78 6327.91 
9751.52 8010.72 
8735.1 5928.08 
7464.15 1495.62 
9960.36 5260.31 
6089.73 5143.5 
1474.87 8405.36 
3813.25 9950.45 
1689.52 2377.52 
903.595 5656.37 
7972.65 2785.4 
6034.49 1096.88 
8250.14 6677.41 
2065.53 2956.63 
5701.91 206.369 
9036.79 3312.67 
6534.28 8788.29 
1323.37 5269.37 
4716.35 8787.52 
6764.99 4676.69 
4047.81 2854.7 
9820.2 5522.68 
1260.04 3633.43 
5473.12 2949.56 
6010.95 6376.71 
8605.93 3983.58 
9162.11 4640.4 
5080.46 7412.23 
1317.79 7146 
368.839 7019.7 
7352.36 9405.63 
332.351 3886.63 
8193.9 1655.72 
9156 2910.22 
443.226 5920.97 
7586.92 4491.04 
8775.67 7407.1 
13.7016 35.6947 
1040.51 5486.82 
2985.26 7051.47 
1863.51 1591.17 
1035.03 1025.6 
6231.57 6115.49 
8437.83 7549.36 
3261.47 8806.67 
4569.04 613.819 
8212.28 4901.39 
4500.45 6406.16 
6557.11 3656.43 
9316.38 7000.34 
9577.4 6903.28 
1491.36 8353.05 
4310.36 1505.06 
8388.75 5350.87 
6991.88 1373.99 
2402.32 8855.39 
2965.15 3437.35 
9880.99 9196.72 
9552.85 8318.81 
6746.06 2814.3 
7125.46 1315.08 
3428.12 5337.72 
6216.46 7928.57 
1743.86 2773.56 
1584.98 1060.23 
9773.9 1162.36 
7963.51 1265.24 
9515.41 2273.85 
2770.3 7904.14 
7624.72 9762.18 
9278.13 27.0284 
8617.55 2243.26 
3464.38 8498.53 
1439.96 3017.21 
6817.32 8186.02 
5831.52 3942.76 
9501.1 9259.64 
9280.49 5717.55 
7188.19 1024.33 
8491.11 8773.17 
2084.56 8264.99 
9935.53 48.0492 
9530.23 9450.92 
2321.9 2300.51 
7355.04 9946.62 
2062.67 6633.16 
9973.65 680.207 
8876.42 3438.02 
9178.74 316.366 
6455.23 5996.04 
8502.39 2286.73 
9938.8 8003.47 
1546.35 9219.27 
3721.01 8734.54 
243.584 2212.1 
7507.68 2328.14 
477.071 7443.19 
2376.19 7.28309 
6894.1 4698.09 
2307.79 4249.12 
4644.7 4370.47 
882.263 4618.34 
5050.67 9758.68 
8056.36 4229.39 
75.0303 4511.57 
225.415 8577.42 
6798.3 164.2 
6580.88 8344.65 
9383.47 301.866 
7079.17 9627.05 
2513.96 4586.83 
1955.18 2991.04 
2030.01 4331.37 
2998.32 8924.1 
9029.46 5306.11 
3173.21 3674.15 
9676.58 4055.47 
8292.48 4727.23 
3814.14 6348.82 
8956.63 3889.17 
860.375 9182.04 
2466.57 7658.67 
9346.24 9047.45 
