700 2
6048.24 7614.09 
6248.7 4065.67 
8123.18 1407.74 
7958.53 3007.95 
8057.83 5701.44 
762.638 6729.99 
5783.2 8440.75 
3534.84 6823.66 
5081.01 5666.39 
8317.46 6983.24 
5366.77 4848.93 
9717.47 5936.9 
9091.01 1159.11 
3987.34 3995.26 
6371.41 3179.01 
5937.73 2419.63 
793.087 2186.42 
6485.3 8916.26 
3594.15 4443.81 
1924.2 1651.96 
145.237 2686.83 
8381.95 5928.44 
1127.57 1916.78 
2752.08 6208.58 
7583.16 1069.52 
3191.8 2949.92 
5918.45 2909.25 
8886.82 5009.45 
4068.37 2874.14 
9004.71 439.755 
6053.15 4942.42 
2859.38 6846.23 
7128.84 9344.68 
5762.48 722.978 
3788.48 7686.68 
2374.94 3933.71 
373.493 756.877 
9862.15 1501.06 
2673.65 2614.22 
7709.64 256.8 
3683.74 901.426 
3206.72 9602.19 
3810.68 2093.52 
4611.62 7879.05 
4967.65 3616.31 
8318.8 1020.78 
8558.74 1178.17 
7867.01 5687.56 
522.83 3629.47 
6410.54 4311.31 
1316.13 8785.48 
8245.02 1689.63 
9542.36 8107.15 
3190.69 2215.99 
721.353 900.312 
2472.79 4405.09 
1801.74 5679.51 
4007.27 5612.42 
7773.03 8618.89 
3491.45 2740.66 
2235.18 1810.23 
3761.44 793.904 
2988.4 1628.44 
6481.46 3511.23 
5257.91 2891.98 
7822.54 6574.04 
1677.45 6067.54 
8263.67 1219.79 
4174.67 1454.34 
3435.78 4896.02 
2354.65 5908.58 
9301.12 4156.39 
1588.07 3308.37 
9768.81 9361.1 
1927.24 3260.24 
2101.74 4162.43 
5070.47 5863.18 
4956.33 8058.87 
7491.62 1437.78 
1570.08 2749.51 
4329.76 9392.62 
9323.56 6007.21 
5460.14 7587.21 
7227 9634.81 
9041.55 662.763 
4530.82 1396.18 
6571.34 3831.92 
5552.57 8159.41 
7140.29 5321.36 
7520.49 9067.53 
8581.6 9622.23 
3229.94 3652.05 
5485.4 8186.27 
1710.91 2977 
9624.04 3280.99 
5726.52 3953.79 
2673.59 5050.06 
9961 8133.72 
2637.25 7187.98 
7768.52 1678.78 
7850.74 2299.32 
3074.97 4422.06 
6131.23 8627.54 
2581.45 3271.51 
3948.89 101.926 
2339.02 2530.47 
9724.16 5568.96 
6182.53 5209.54 
3755.21 7893.44 
8186.54 3379.23 
1174.41 3913.04 
7333.02 3848 
8963.1 7294 
1981.7 1600.33 
4481.96 9750.22 
3279.12 2332.69 
2049.52 6354.09 
6754.75 8180.75 
4981.61 9336.21 
1452.24 8930.5 
9438.13 3791.26 
1460.96 9162.27 
9360.21 7643.49 
4371.79 3115.4 
5536.91 2558.32 
6494.63 6711.31 
6471.36 3827.64 
559.294 5434.44 
1121.62 2541 
7034.77 5603.59 
2291.2 313.871 
7936.27 4340.72 
6667.96 4691.01 
2521.45 1649.55 
4027.2 3973.69 
580.032 3465.31 
7764.95 2040.99 
2627.57 7125.15 
9684.48 6999.36 
240.531 5221.37 
9557.67 6735.16 
1932.66 6029.02 
562.784 2491.96 
1463.44 1684.41 
5032.96 8498.21 
7287.99 7324.16 
8812.08 5224.25 
1664.86 5480.02 
9915.26 4186.31 
7129.57 3942.44 
8160.01 7709.6 
7407.75 5924.94 
9750.59 35.2966 
3050.07 9435.05 
7034.65 3290.6 
4656.4 6592.31 
25.7514 6589.07 
2621.31 588.536 
9081.02 4084.75 
2272.94 4113.96 
2582.94 9560.93 
1438.11 1395 
4785.17 3102.97 
6875.02 4700.41 
7289.28 4004.57 
8642.84 5449.27 
1714.15 6050.58 
1374.2 1464.73 
6085.87 4424.27 
899.761 3120.51 
7714.88 5556.16 
9712.82 7740.63 
2145.21 2334.12 
8329.16 1226.22 
6418.87 602.088 
5340.18 9001.8 
163.005 6778.29 
396.789 4948.17 
9881.25 7271.81 
9648.58 7170.52 
1276.36 8291.41 
2619.77 2990.52 
4341.97 3993.97 
4455.24 427.824 
8418.24 5355 
3548.33 6133.1 
911.15 3261.14 
3873.71 3056.36 
5595.26 2202.85 
4282.58 2014.11 
2804.94 9622.76 
1015.89 2967.95 
6401.03 1412.68 
7916.12 6282.26 
8684.49 7564.68 
3452.76 9960.85 
5856.08 6072.54 
2951.35 198.027 
66.487 7406.6 
625.85 8484.73 
2761.58 4174.19 
4617.81 3672.73 
7435.33 8491.52 
6729.09 3030.57 
694.354 1011.65 
5044.68 3499.3 
634.397 6060.57 
6467.24 7035.43 
7473.25 4383.35 
3317.67 6157.73 
1948.01 6770.44 
6118.57 7804.09 
2842.96 9069.92 
8002.11 2909.44 
6476.5 8627.96 
1394.15 9238.08 
2802.13 6011.96 
2910.8 237.441 
4503.46 9639.9 
3268.01 5197.82 
651.533 8312.68 
8697.11 1285.93 
4373.24 5164.34 
8321.36 1846.47 
9547.68 1639.01 
8004.2 1495.68 
8409.45 4122.75 
9299.76 1252.39 
3192.66 7301.86 
4161.83 9669.16 
5929.81 5555.99 
8907.22 8731.94 
1567.93 1818.01 
8969.38 6071.4 
1457.89 2237.38 
1269.19 2109.42 
550.043 9966.31 
3395.35 4923.28 
5130.63 1716.69 
6769.76 4678.29 
3355.7 4773.94 
6173.97 1765.14 
8896.7 5473.72 
3017.53 2089.34 
2775.57 7179.36 
1758.48 8705.37 
2735.33 665.683 
7437.3 4303.27 
2483.69 6406.66 
374.644 3941.58 
8644.04 1643.84 
6051 9194.08 
1610.13 9446.35 
4117.35 6740.76 
1163.02 887.085 
1419.03 4518.73 
5661.03 7593.01 
6283.87 4557.71 
3066.71 9301.4 
6647.04 5842.28 
6480.74 8405.52 
4547.63 9216.08 
9071.2 1984.91 
3519.32 1554.88 
8391.58 3893.97 
5496.45 7035.6 
5537.81 1547.43 
6229.67 7147.94 
993.767 346.995 
3888.68 2156.79 
1234.08 5307.71 
6675.52 6895.11 
2900.7 2959.36 
1452.8 5967.41 
2260.74 8099.84 
1809.67 8741.48 
6505.34 6357.3 
7957.54 5576.52 
8342.22 1476.85 
7131.4 6733.78 
5370.82 2627.83 
3769.36 908.609 
4175.27 9999.03 
8056.55 5169.04 
346.006 1945.21 
7325.83 1580.09 
7252.92 4001.32 
8475.19 153.603 
6960.69 9927.99 
6121.01 9221.43 
8027.81 7930.69 
7962.9 4533.14 
4287.97 5920.42 
109.642 2630.17 
7397.27 7241.04 
9363.95 2768.07 
9868.88 3133.3 
3676.68 4044.13 
3132.31 1733.21 
9213.17 3478.31 
3678.42 6538.97 
5058.4 931.318 
540.281 3533.58 
1084.92 7500.97 
3461.55 7205.94 
6722.38 1489.35 
5136.6 4685.26 
6022.48 9424.58 
605.666 6132.12 
2054.73 8002.94 
3373.15 1418.66 
770.994 3242.01 
4551.96 4447.68 
7286.13 7684.27 
6180.89 6499.28 
1162.56 9859.3 
3038.24 6220.96 
790.605 3578.52 
9754.54 1875.53 
1079.47 3216.07 
9081.46 7801.85 
4705.42 4218.05 
2487.1 727.885 
3642.61 3092.76 
6860.01 5697.33 
1095.68 233.138 
7116 1866.68 
3475.14 1667.94 
6314.35 761.26 
9352.21 2495.22 
7260.54 514.754 
2354.51 298.763 
6735.72 3145.11 
3877.28 6490.24 
5020.64 4956.75 
9706.32 4102.08 
2758.59 4411.72 
8320.13 5245.69 
5139.6 1962.72 
8338.45 1999.6 
7660.05 9434.13 
2232.73 4776.03 
1300.79 5707.88 
6443.98 7615.15 
6469.14 5796.16 
110.352 3729.66 
6310.92 2464.86 
4028.43 3046.62 
5609.97 7905.71 
9536.86 630.596 
2862.44 9243.16 
4732.68 5621.03 
3654.86 3052.79 
866.703 8794.47 
5015.51 9205.15 
794.048 2675.55 
8639.27 3026.78 
7451.58 9940.06 
8734.66 3895.54 
7555.19 5203.78 
9691.71 7665.54 
8933.44 6002.61 
130.388 2961.85 
9049.23 5740.36 
867.543 8586.07 
6370.96 3729.99 
7829.22 1103.62 
9351.02 1484.06 
4156.41 217.707 
278.516 9171.93 
9422.86 1072.56 
1847.46 8062.11 
4099.35 9299.04 
8002.16 2833.99 
3194.57 5557.33 
8037.77 2886.26 
3222.86 6971.19 
8888.87 3353.25 
9933.04 7938.08 
9093.61 800.569 
6524.13 5464.55 
4530.56 4353.33 
6568.17 3881.56 
5837.4 724.569 
4099.27 6115.91 
9896.5 3522.11 
7188.48 1743.94 
1584.21 1287.81 
1042.96 9586.36 
4121.79 4237.53 
5143.68 2159.54 
7123.79 8366.54 
9130.74 6012.64 
1719.77 9063.76 
3950.7 813.362 
9864.33 474.82 
6277.91 4394.87 
4828.15 2846.07 
8276.43 665.535 
3570.64 2375.68 
6781.45 3467.11 
5897.79 3969.91 
5211.05 7482 
5257.71 6254.01 
7068.35 9379.51 
491.53 2212.01 
1539.03 7615.32 
578.532 669.751 
3627.94 2298.3 
9733.51 7578.65 
3111.66 9597.83 
8053.47 9389.58 
3992.68 2881.6 
2235.63 2269.1 
3547.14 5806.26 
4644.78 328.571 
9273.38 542.556 
4298.48 4484.41 
8024.56 9556.19 
738.409 5092.89 
8935.68 1229.94 
7304.9 474.701 
8845.26 7883.43 
1144.45 2473.19 
181.711 877.947 
51.8175 3293.37 
475.757 8105.28 
2682.93 4468.44 
986.872 4918.56 
6737.53 4534.01 
724.806 1382.3 
4862.58 9998.18 
1924.85 9161.06 
4482.58 9949.41 
8717.24 5220.98 
5042.28 7652.91 
6450.92 2347.15 
8127.61 5296.17 
230.564 9272.06 
7769.35 412.275 
149.991 7821.17 
3705.65 625.748 
5926.44 6388.58 
5094.19 6913.31 
1307.13 1831.7 
1447.3 2031.93 
3214 6309.89 
2030.1 5138.85 
5470.93 6512.67 
5088.24 4188.15 
1733.64 130.499 
1841.05 8184.56 
2477.65 9968.65 
3480.71 2708.22 
9240.7 1250.05 
3120.49 9390.69 
9071.22 6826.14 
16.4201 4997.64 
3214.71 5110.61 
1910.93 4521.83 
6942.31 3358.24 
6553.76 156.293 
9668.12 8583.86 
5295.14 5139.04 
5096.52 383.367 
9327.19 6830.16 
513.866 1168.22 
5014.71 2991.52 
1136.86 8495.42 
5699.74 377.538 
9745.47 8820.23 
9768.23 8816.67 
5646.35 9784.65 
3814.3 8861.06 
4895.24 5725.23 
3382.88 1837.53 
9083.47 9936.64 
1993.82 8751.58 
8520.48 7288.97 
3890.6 3616.99 
7672.33 3217.77 
447.129 8186.2 
4385.99 5461.84 
1177.7 5522.85 
3957.24 6877.44 
5900.39 3702.7 
5697.65 5668.6 
2519.35 1343.99 
5453.23 6333.65 
205.03 348.446 
2058.87 3587.91 
2185.98 1142.32 
3524.53 4179.8 
9893.9 2045 
1468.75 3784.48 
5661.98 9141.08 
7002.25 6109.11 
7327.27 1388.23 
1570.93 8504.97 
6911.08 5528.17 
5382.39 2811.45 
9230.87 1080.03 
8480.04 1750.2 
2424.02 3933.25 
8083.86 2629.05 
4281.7 142.707 
6216.95 6467.68 
1285.03 9741.48 
647.461 1178.91 
1786.46 2116.21 
4963.39 7448.44 
1257.28 1965.63 
3557.54 8584.54 
3353.85 5128.47 
7089.5 264.915 
656.624 2471.88 
3076.36 9887.49 
3551.9 1556.39 
1637.68 5975.92 
5489.65 9721.54 
8604.97 9771.35 
9864.24 4821.91 
6239.01 1149.25 
4563.37 6886.47 
2328.16 6349.83 
9002.68 7291.56 
3798.26 259.943 
9257.18 7355.79 
8844.49 2611.02 
2484.25 5933.97 
2875.94 3140.87 
8405.84 5952.3 
3028.35 1957.73 
7508.69 4666.03 
7933.65 2998.32 
4387.54 6538.61 
2769.65 4251.77 
1360.5 9008.66 
5401.02 5923.87 
5895.11 7729.19 
2273.68 4897.78 
5020.72 6071.94 
5157.72 4277.89 
3427.72 4002.19 
6888.91 5911.96 
9936.16 9764.85 
9052.84 8341.99 
5717.13 2081.16 
299.702 3225.8 
6747.19 8233.36 
6224.12 1134.72 
4771.95 8993.77 
5386.48 6132.44 
8002.41 787.489 
2056.3 3897.51 
8516.68 4329.98 
8795.28 3537.38 
401.903 3952.98 
7815.27 3829.62 
7955.17 4704.17 
9741.59 7891.32 
4469 8794.4 
6233.29 186.105 
875.551 6532.99 
3411.91 7622.74 
4766.33 9636.03 
8757.46 9538.28 
8629.78 4143.92 
5670.7 6632.17 
4931.41 7727 
529.662 3448.07 
2056.96 9324.95 
6985.45 2458.87 
3277.91 4800.71 
6288.49 1233.07 
9504.88 6030.05 
9124.39 3973.86 
4824.44 5357.65 
4159.96 5699.99 
1890.63 7571.87 
3322.72 6656.95 
7207.88 2080.16 
6195.21 5837.64 
6224.08 1865.9 
2469.79 1155.47 
9592.9 2999.45 
4603.55 1649.85 
2324.38 1588.98 
4108.71 5602.3 
6389.69 397.18 
6835.37 5894.56 
6427.24 5959.73 
9868.41 1251.66 
1317.37 4028.36 
6951.65 3208 
1600.21 274.352 
9864.95 8808.08 
2354.51 6060.15 
4645.7 8578.59 
7926.05 7115.49 
9734.06 7518.93 
114.93 4337.59 
9168.78 2439.31 
5926.57 3277.47 
8041.61 2316.25 
3674.65 4876.96 
8210.81 101.87 
836.675 8079.2 
1353.53 2154.05 
2107.54 8305.18 
5362.05 3707.74 
8579.53 5226.98 
2515.81 934.024 
1287.11 7161.51 
9512.61 9213.16 
4276.98 9246.65 
6732.07 4391.91 
3584.23 5900.83 
6831.22 9510.8 
9178.3 4872.81 
1827.03 2852.94 
9749.77 37.8207 
2954.81 586.429 
8117.02 4308.34 
2740.48 224.541 
2613.5 8102.52 
3932.28 1193.02 
3329.49 6448.09 
2127.04 4616.6 
3609.58 1639.64 
3829.74 7886.56 
886.273 561.796 
2278.45 4470.5 
6462.63 9109.67 
3981.28 5640.92 
3982.47 5808.31 
8493.85 3732.23 
5846.13 1448.65 
4318.66 3963.14 
5756.98 7059.13 
4187.68 8370.49 
5161.64 8119.96 
9563.5 8491.12 
4568.04 1690.53 
3107.7 8177.61 
3330.17 6937.44 
6064.16 4216.44 
7499.24 8342.61 
8686.94 3961.85 
7452.27 2668.2 
9602.76 1434.72 
8476.52 8096.6 
5166.95 4322.63 
9545.25 9485.61 
8285.77 5302.21 
6544.72 2473.43 
3672.68 1706.34 
593.376 3236.17 
197.448 5161.41 
4926.7 3305.15 
3339.01 8256.87 
242.577 9403.17 
2473.29 7741.81 
7745.76 1160.21 
1703.65 5198.01 
3828.41 1306.4 
6632.73 2304.91 
9403 1799.67 
6627.54 8948.23 
1285.26 4913.29 
4250.42 7829.98 
7386.73 7923.11 
9536.32 7980.1 
1159.26 9733.77 
3141.5 6085.96 
3038.9 6480.5 
4342.81 3281.48 
5883.65 6816.1 
1023.28 3629.39 
7976.31 2726.92 
8827.4 1804.7 
4033.32 5460.12 
4109.61 3436.3 
7259.78 737.139 
2384.51 8545.04 
5650.43 6634.94 
6375 3037.14 
4558.02 5911.3 
1017.23 5717.28 
5645.05 4158.72 
1803.22 8683.95 
639.21 6146.03 
1965.41 6522.86 
2962.11 2988.69 
152.242 938.398 
5715.61 8979.65 
2743.1 9748.93 
4439.75 6852.71 
3185.22 1699.52 
7589.85 5569.73 
