400 2
6941.63 2212.48 
4955.31 155.327 
8224.77 6771.53 
3391.47 6602.87 
553.925 7078.83 
90.045 5148.72 
7353.71 6156.76 
7911.96 821.88 
2067.99 1373.07 
7001.11 4691.48 
287.527 580.463 
9250.21 6211.74 
5988.78 2649.92 
6262.04 313.559 
8772.79 247.71 
6652.45 5714.41 
2460.19 1607.75 
5869.73 684.936 
8379.28 9261.2 
7287.8 8933.2 
6340.01 7377.85 
4081.91 3693.7 
3534.59 1993.85 
4515.58 5602.58 
3366.92 1516.68 
294.045 3654.45 
2097.14 9544.26 
9866.19 8085.92 
2194.16 6128.21 
8399.48 966.929 
6375.92 5051.91 
6681.34 8836.11 
6659.66 2551.05 
9521.05 5038.92 
1812.24 6808.83 
3972.11 8152.25 
4186.66 8054.01 
1845.93 7721.25 
47.847 6361.52 
3323.81 3414.77 
7878.19 3617.86 
7069.22 9975.33 
3162.1 6935.39 
8061.23 5356.26 
3063.59 6460.7 
6323.19 9439.51 
1512.59 3004.51 
8275.6 8172.26 
5555.56 7796.63 
3211.16 7367.79 
4605.44 7183.27 
5520.03 8792.11 
5237.27 7365.96 
6513.34 5285.11 
3727.46 9837.16 
8699.88 1605.63 
3455 5769.08 
1580.95 6617.1 
2704.46 9642.18 
1973.34 5768.05 
6102.86 8296.53 
5207.54 7615.46 
1301.02 3483.12 
5787.7 6856.58 
1279.74 8998.86 
4224.36 5885.18 
6182.11 9744.38 
4677.27 1419.36 
7110.32 1190.6 
6704.47 837.765 
1027.74 5404.34 
2443.4 4482.74 
1173.4 4024.34 
1099.82 3877.86 
3666.51 3073.17 
9645.91 9769.37 
1369.68 4853.43 
7384.81 2670.7 
8336.55 3172.48 
9527.28 9616.29 
2171.32 3751.62 
5501.45 8353.43 
3495.98 178.702 
9772.79 606.289 
1369.3 6477.24 
1444.05 2397.04 
1881.56 3887.45 
6879.78 3054.96 
7911.79 7979.6 
6932.82 1578.28 
1052.75 6578.71 
1347.63 2422.43 
1432.12 8732.44 
5093.13 9768.67 
1904.9 4620.39 
9384.94 4076.23 
8372.01 4886.37 
2429.64 1867.97 
5065.07 2202.41 
2474.26 6434.37 
8679.66 3918.32 
8831.41 561.203 
7805.77 5711.17 
3616.17 5717.54 
3690.75 548.974 
7295.83 4743.5 
7127.69 8643.46 
7165.93 8559.81 
7375.88 2259.04 
8328.46 9280.78 
6879.44 7713.39 
3356.99 5251.43 
2599.74 5786.63 
7119.4 7664.81 
7989.05 9593.67 
4099.17 6668.69 
3511.96 2930.56 
7229.89 1317.71 
8641.73 846.04 
7035.26 2332.47 
1395.01 4331.07 
7075.97 8522.7 
2974.51 4241.88 
7082.49 350.371 
6500.92 5410.94 
9631.15 3380.34 
3124.31 2988.13 
8631.77 5724.05 
8774.76 5751.16 
3388.84 6763.79 
5344.8 7488.01 
3432.46 8856.77 
418.559 662.335 
174.464 9060.29 
1508.38 7209.72 
1392.74 2903.39 
1540.77 8468.71 
1426.07 4515.28 
2710.57 8508.56 
4865.65 9211.49 
3919.49 4496.79 
2591.82 7043.79 
7484.92 1223.57 
2767.82 6259.66 
6974.73 6156.67 
3023.43 2319.51 
3644.66 6455.89 
1176.26 4063.22 
7118.22 1350.73 
3123.5 8626.6 
8560.45 4516.24 
1529.97 101.204 
2984.93 2956.04 
4616.49 5695.49 
1464.59 9482.14 
4906.97 5384.08 
3978.91 7498.78 
2427.85 1463.81 
8722.36 5195.68 
7723.47 5697.06 
1352.33 746.877 
8016.58 4996.99 
7202.77 9192.84 
9060.21 4320.97 
543.549 2183.7 
2947.55 9104 
6699.93 4477.53 
9205.2 9684.86 
7433.57 3821.67 
5380.33 8898.16 
3303.79 287.284 
4282.22 7282.71 
7786.07 6710.07 
8746.52 6508.41 
1905.73 6469.97 
2205.45 3258.06 
7216.84 222.015 
8255.05 4419.59 
9414.85 7315.25 
8740.57 9958.4 
9498.94 1688.1 
9062.38 6198.86 
6165.63 8267.57 
5883.7 3599.18 
2089.22 1264.01 
2497.32 5393.02 
1551.3 6779.54 
2675.71 9337.37 
3489.6 1422.21 
5845.75 5395.33 
7892.17 8051.21 
8653.39 5109 
8273.22 6908.42 
9528.59 7688.06 
4223.65 8269.14 
7646.45 3722.57 
9957.24 6708.81 
9921.43 6122.85 
4976.37 5805.11 
9722.03 7065.59 
7069.12 2219.34 
2458.59 8620.42 
8998.88 5134.3 
7957.76 2488.46 
6556.51 3803.5 
7883.79 4448.67 
1854.69 6537.16 
9557.66 127.901 
3445.56 9086.24 
7815.96 7669.21 
7355.36 5462.39 
1391.76 7312.58 
2171.19 1313.17 
3435.42 7147.56 
7118.28 3157.43 
4213.13 4187.38 
5376.77 6671.73 
2807.78 4375.64 
1806.01 765.53 
6864.1 8362.52 
4569.03 4747.87 
2811.17 6423.73 
1285.01 2368.81 
6551.63 4730.57 
1455.03 4367.57 
2399.76 8810.39 
9829.97 3791.52 
6122.96 2001.14 
5104.69 9558.37 
9148.7 2222.95 
2715.79 3361.82 
6410.34 8092.56 
33.525 9218.12 
2468.18 1839.53 
9983.65 9332.28 
202.035 4552.66 
4080.13 3013.2 
976.373 5365.14 
5382.01 7528 
95.6951 6837.04 
1895.56 2495.45 
5647.42 1725.51 
6286.97 1770.36 
3726.65 1391.65 
1328.71 2875.33 
3614.6 4044.5 
6237.15 24.9198 
2137.05 6270.68 
9243.04 4605.23 
8110.21 9226.67 
3937.5 8312.24 
3779.31 8017.63 
1325.43 4755.69 
3382.75 6707.44 
2283.67 3478.45 
3544.47 4179.23 
5973.9 9191.88 
5904.74 2260.86 
962.221 9631.39 
3652.51 2290.93 
2506.7 7267.11 
6335.44 8743.85 
7292.03 8472.49 
5014.51 6535.05 
3077.7 3124.7 
5761.7 7015.2 
1436.93 9541.01 
5032.81 2762.36 
4296.68 8415.56 
9469.8 6580.35 
1894 3014.25 
759.565 7867.9 
2206.11 6664.3 
128.742 3168.33 
6295.67 3781.25 
5459.26 8802.37 
1048.34 1794.68 
7546.21 8340.37 
267.154 2560.7 
4875.4 3344.86 
5685.41 637.082 
360.039 7122.34 
178.079 5392.85 
9884.7 4474.76 
3808.4 9354.48 
1055.1 5702.39 
2368.71 1814.66 
3570.28 4574.82 
8478.96 3699.02 
7743.15 4774.62 
7480.27 3202.4 
3576.97 8528.61 
4997.08 1123.17 
6868.96 5264.23 
3683.87 1744.34 
8609.09 9369.28 
2381.42 8969.13 
6491.6 2559.5 
4361.96 6376.28 
7034.26 8170.36 
5730.74 8089.36 
3872.73 8099.45 
9904.03 7443.01 
2674.25 8382.97 
1142.01 417.381 
3157.58 8622.28 
3619.78 6734.55 
7150.87 8616.86 
7857.72 4019.81 
3881.08 1541.57 
5764.15 2490.15 
910.83 8145.57 
1459.26 7402.43 
705.059 5821.23 
3778.69 7739.32 
3991.57 9509.43 
5828.67 7864.3 
7608.87 5732.68 
5307.3 283.098 
4115.63 6449.31 
700.479 7273.21 
5071.57 4320.26 
4007.74 2222.42 
2937.1 1865.44 
6242.23 6818.17 
3407.01 2006.36 
9308.33 4317.84 
151.922 767.572 
1720.25 856.98 
6588.8 5498.94 
8596.3 580.349 
5008.36 4424.95 
8444.65 2617.21 
157.611 3751.93 
2900.31 4273.24 
201.222 3600.79 
1546.44 5272.79 
7921.05 5554.18 
7495.21 858.127 
7419.62 3737.43 
7676.3 826.612 
5743.79 6984.61 
5144.45 5895.71 
7752.18 6864.7 
6752.69 4340.96 
2363.63 5348.98 
4921.31 7371.99 
9773.93 3365.94 
9989.21 9931.54 
7117.88 2889.5 
4204.77 7319.1 
6490.29 5751.21 
2591.87 4411.32 
1305.37 87.0673 
5269.45 8724.99 
3824.49 2945.73 
9551.6 9568.29 
9930.34 4696.03 
5463.98 7682.5 
1560.72 2216.66 
2023.45 3924.35 
7565.64 6944.76 
1296.33 7339.55 
310.684 1285.52 
7271.08 7428.56 
4175.02 1475.83 
4747.64 665.29 
7227.04 7339.51 
5076.61 8532.4 
7426.58 346.036 
7257.37 1251.06 
3291.77 6808.95 
819.324 3222.09 
1504.97 6283.31 
904.573 3065.69 
8499.96 2928.02 
6990.04 6065.58 
9872.78 8286.37 
3405.12 183.444 
9571.88 676.178 
7612 3746.88 
2152.01 2359.63 
4412.18 9379.04 
9699.14 9488.78 
7911.43 7125.7 
9834.82 5168.78 
8376.75 3126.57 
1977.72 9196.08 
6348.66 3482.69 
5479.36 7253.23 
6548.37 3979.31 
181.231 3538.39 
44.8785 53.9909 
1824.74 3450 
237.435 1396.61 
4126.17 7849.44 
5143.5 6278.18 
209.046 9555.67 
5657.21 9908.18 
9044.44 3568.62 
