400 2
3685.7 6711.8 
3661.06 8629.11 
366.282 5543.44 
7685.09 8593.97 
169.95 3365.97 
7194.81 160.491 
5911.19 4160.98 
6351.7 2213.29 
366.45 3627.54 
1419.74 2152.02 
2050.52 5963.02 
7746.18 7097.9 
642.837 9705.29 
6551.98 9203.07 
3005.43 1891.74 
1982.18 6691.13 
8603.53 5643.24 
5320.23 8969.81 
1186.66 3005.3 
7563.76 1356.61 
6371.27 4758.56 
1517.1 2282.45 
8919.54 7868.81 
4495.73 9285.99 
1496.32 5915.48 
1437.99 3546.85 
1878.48 9184.16 
644.729 2521.31 
8889.44 7196.71 
1724.37 1894.85 
9088.45 3706.55 
8585.99 7691.96 
9349.79 3906.19 
6661.76 536.43 
6911.49 4225.5 
1893.04 3282.74 
8984.06 3410.14 
5565.19 7903.58 
1278.93 60.9073 
7189.55 2775.26 
5976.39 8627.54 
6322.11 7854.86 
7811.68 6966.83 
376.162 6701.1 
4163.53 2100.53 
8595.96 3251.96 
5807.08 7181.93 
943.899 5156.85 
1088.11 7605.66 
5693.28 7999.6 
1831.14 7586.32 
1282.33 815.188 
996.445 6847.51 
8718.77 2275.38 
6908.42 5908.3 
5050.63 2884.79 
4535.82 1372.72 
739.638 2347.48 
8339.56 1115.8 
9048.59 2503.07 
3216.33 7644.53 
5755.03 9023.41 
4826.44 6698.92 
4180.24 5914.55 
4304.56 9873.51 
3914.13 6135.71 
7459.81 5196.46 
6950.9 8456.26 
2043.95 5669.65 
731.621 8952.38 
1577.93 5782.26 
1837.15 6113.75 
7154.98 2576.79 
8461.23 5494.52 
3692.59 7509.8 
7997.59 6908.92 
5154.32 3752.6 
5932.31 9980.76 
451.507 112.531 
5895.29 4756.07 
9986.04 9809.42 
891.762 7445.84 
5005.86 7842.66 
5902.09 7049.82 
3512.29 6633.71 
6002.18 5090.22 
2415.94 7839.33 
1203.95 9570.92 
416.098 9665.18 
5065.43 4108.69 
7174.97 3063 
1017.59 2329.27 
6815.6 6949.9 
2310.01 7267.11 
7062.43 8205.31 
2023.16 7048.46 
8014.71 2914.92 
4494.28 3020.56 
757.564 396.353 
70.3588 4269.85 
7030.06 6072.53 
9360.07 9446 
3911.84 564.003 
9016.91 4327.94 
229.168 4082.32 
8436.63 7404.14 
7145.32 9454.22 
9733.41 3960.91 
6404.1 2043.41 
1228 3466.52 
248.697 3251.16 
514.957 8263.41 
6166.09 5009.24 
1283.95 6923.65 
5405.59 1354.31 
1193.49 2435.64 
7426.85 553.538 
1881.62 1338.67 
1117.54 898.517 
5666.62 1346.71 
4980.84 4103.23 
8750.85 2126.14 
3557.43 8484.24 
6087.05 9961.53 
527.628 7315.05 
3428.03 776.325 
566.197 3942.99 
9039.74 6732.28 
8952.23 323.674 
3655.92 4357.81 
1677.99 4849.4 
6793.44 9104.83 
5402.94 8675.07 
443.49 6520.48 
9573.58 6110.11 
7867.19 4554.41 
213.317 6618.02 
6680.55 3770.75 
5102.24 2767.59 
3732.26 5629.87 
82.6226 7160.3 
6406.19 648.82 
1103.27 5445.91 
7381.1 55.4824 
5769.59 1037 
4413.29 7447.57 
5886.41 1206.72 
6552.39 1289.33 
9881.79 6995.88 
7809.81 9455.36 
3105.97 5676.99 
4009.75 3319.29 
2294.99 690.279 
7090.03 7397.23 
3457.87 822.281 
3027.08 3540.49 
7982.58 9433.28 
4189.31 9085.85 
4879.17 1570.4 
9141.33 648.744 
2607.4 3554.6 
8096.32 8493.81 
4761.32 4648.69 
9783.14 4643.09 
1644.55 7592.93 
4098.43 4750.52 
3269.9 8108.17 
8069.81 5564.89 
8798.45 5159.83 
2962.1 2256.3 
5982.11 5989.18 
5796.79 3964.67 
5422.44 9986.1 
3050.5 301.596 
1556.48 2191.81 
950.34 4163.88 
5746.41 9046.66 
2657.67 507.712 
3695.33 2440.79 
5150.8 5339.89 
33.7 9249.23 
90.3934 3303.6 
7357.39 8160.2 
8868.49 6155.83 
3320.01 1830.57 
8412.13 9302.12 
7819.75 4208.91 
3266.77 3242.17 
4194.99 6317.27 
3543.77 5751.47 
8509.08 4494.11 
9915.35 4255.47 
3540.75 2573 
4763.18 7236.08 
5013.79 9913.98 
2575.95 5047.49 
9163.2 2666.34 
8351.09 6520.57 
826.53 7219.56 
2676.38 4146.54 
9050.12 1088.49 
3448.65 6869.86 
5297.4 6715.42 
112.014 9492.39 
3032.68 3655.78 
5243.84 1541.73 
8149.89 5159.17 
5797.2 1690.62 
7732.17 560.363 
8926.71 2745.94 
474.328 1502.64 
7793.43 9637.52 
4168.98 6144.5 
6158.08 4995.51 
3364.04 8834.45 
9142.06 2414.15 
9922.95 2590.69 
9284 5220.33 
9306.11 9396.02 
4712.7 2338.77 
3051.78 9956.54 
3880.51 1201.66 
5115.69 9677.71 
2892.28 2847.85 
238.053 1818.97 
5593.79 712.381 
3321.61 3387.21 
349.888 7490.59 
9531.71 6507.96 
2486.09 2895.73 
5342.4 1628.13 
5309.87 5265.33 
4218.82 4593.86 
485.639 3524.91 
3989.86 5198.33 
5863.68 7041.64 
5154.85 9744.19 
8243.3 270.529 
9421.88 1135.56 
3118.38 9659.93 
2954.53 8712.17 
372.297 6276.14 
2099.36 722.185 
3766.72 1631.05 
7230.15 6252.8 
4526.78 2572.53 
7880.93 9836.65 
7837.86 2099.73 
4430.49 8323.5 
5624.64 8420.34 
3521.82 1488.31 
5461.97 8676.67 
1232.48 3705.25 
8947.2 654.344 
4840.81 2065.56 
314.26 7795.34 
777.718 686.556 
4071.47 2877.08 
1408.74 7838.19 
4508.13 8638.89 
4090.97 9034.9 
1211.41 1971.89 
8871.53 9049.27 
4071.62 3302 
7372.76 9696.26 
1722.33 894.559 
1184.56 7184.29 
9571.23 2417.04 
889.525 8518.42 
3071.38 5730.33 
583.966 3385.64 
3525.66 1361.68 
4072.2 7597.13 
4238.76 5480.94 
5435.3 8746.89 
4119.81 9526.28 
7781.78 5331.22 
1498.15 6653.29 
4380.47 5569.77 
9955.29 1753.21 
5266.01 1677.6 
2647.77 6450.57 
8861.9 2218.99 
8867.61 9751.42 
737.387 1938.97 
5481.74 1321.35 
5324.62 9007.4 
2683.04 9396.82 
6604.52 6921.8 
4877.74 2039.8 
5668.67 8997.55 
1566.06 3450.43 
4328.75 3064.21 
103.704 8709.23 
8633.98 58.9801 
462.421 3899.97 
1736.58 3110.19 
350.526 598.467 
5329.18 9218.13 
349.874 6066.56 
1157.09 5831.62 
7387.91 6481.71 
4839 70.9331 
5878.51 1443.5 
6992.73 756.231 
3483.31 2661.39 
9753.78 5049.37 
6111.81 4082.52 
8113.58 6215.52 
2791.73 6747.54 
6274.5 3254.15 
647.499 8011.08 
6364.34 998.025 
8609.55 1693.5 
216.143 8959.42 
7760.06 1373.24 
4791.02 5147.96 
7854.95 9630.03 
5218.89 3733.44 
1073.51 2211.61 
4489.67 4556.82 
4872.99 4243.43 
9606.2 984.788 
8325.95 7719.76 
7200.31 1117.66 
4467.29 3474.79 
4371.81 5114.79 
1485.86 736.138 
6112.81 95.3894 
2429.64 6328.95 
9054.81 189.68 
7702.19 3845.82 
5337.64 5557.12 
3475.83 556.512 
9290.55 4549.34 
2768.12 3780.21 
9106.17 7641.11 
8023.64 8712.35 
8625.9 6349.57 
6432.09 5826.19 
7467.24 899.36 
9300.98 1839.04 
6014.15 786.814 
2575.17 2126.94 
882.203 5004.81 
8455.89 9937.02 
5194.49 6158.07 
3782.82 532.113 
1715.17 7258.65 
1088.62 1005.71 
1807.98 3856.74 
4785.91 914.129 
1497.83 2809.53 
9626.48 123.713 
9159.11 6058.55 
5949.9 6626.33 
6957.91 5250.86 
8465.37 2972.04 
6037.67 1040.52 
5098.98 6919.88 
6045.33 3554.85 
6856.88 1239.81 
9712.92 639.68 
1771.92 1428.07 
7898.33 2860.55 
2433.78 9706.31 
6717.29 7219.69 
620.422 8215.12 
29.2042 246.88 
8338.83 9188.31 
6305.43 4288.72 
5814.62 3263.32 
9539.58 4279.97 
6235.35 5577.23 
5320.49 1334.31 
2497.09 1365.81 
4889.17 9353.96 
2605.62 4602.07 
9993.64 4377.54 
6030.14 7891.96 
7238.09 8463.92 
7598.25 3955.36 
5683.59 8218.67 
2170.46 5712.79 
8465.55 509.281 
4901.09 4770.96 
4798 715.693 
8034.28 4337.56 
4995.66 4269.62 
9914.79 316.141 
5603.93 2411.86 
1681.95 493.081 
1765.8 4287.57 
5095.15 1759.43 
8665.11 1125.27 
9651.39 5903.18 
9589.19 7249.62 
9858.54 5272.76 
5468.28 2028.98 
985.541 3933.81 
