1900 2
4688.14 1671.27 
9314.38 3724.39 
4074.85 224.858 
5909.89 5637.64 
4800.98 8293.23 
1608.81 3792.43 
9378.13 3250.31 
7734.94 4356.14 
2169.08 3392.19 
9989.11 9190.45 
5454.72 7416.97 
7684.6 3872.21 
9801.31 6907.73 
333.479 8112.82 
8196.72 7444.06 
1671.13 2884.85 
9115.33 985.49 
6609.24 3190.16 
1210.35 2519.11 
8827.81 6011.32 
812.318 436.6 
9803.76 190.429 
3686.91 7538.69 
4546.56 5855.99 
930.86 4535.66 
5046.42 6385.58 
1952.61 2731.01 
257.774 1753.91 
9638.74 591.253 
9866.73 7835.44 
8035.31 1537.84 
720.271 7150.63 
2523.33 7329.51 
340.774 3733.68 
9848.62 9168.58 
9745 660.919 
9605.18 9548.75 
851.348 3292.07 
7087.41 5397.91 
9148.06 8018.27 
9933.57 4194.47 
4403.84 1886.17 
6925.47 4661.61 
3640.08 6564.19 
5252.87 3506.8 
4399.62 3288.16 
5044.64 5119.89 
438.773 7567.97 
2449.38 779.547 
1301.63 2297.98 
9948.13 1046.61 
2958.9 9553.29 
595.34 3810.25 
2845.35 7682.75 
9208.16 1993.39 
5701.01 9141.72 
6187.86 104.835 
1027.87 3113.32 
4766.45 4667.95 
9677.51 19.2995 
8174.75 4077.11 
3307.46 3219.37 
9197 3746.24 
787.315 1646.36 
4525.78 2088.94 
3944.35 4473.89 
3135.55 6903.25 
4027.17 3730.89 
713.482 6872.52 
1413.63 9921.64 
8865.91 7114.64 
9063.35 5053.75 
7219.48 91.2022 
8167.07 1985.91 
4759.16 7844.56 
2005.21 2933.89 
1921.66 5312.67 
6153.26 1118.64 
9058.91 6940.57 
2765.01 3584.67 
9029.51 6709.35 
8058.57 2165.05 
3612.58 2085.72 
5895.94 4326.07 
8958.23 7309.57 
4247.69 7824.13 
4424.2 3311.02 
2877.86 1643.66 
3402.22 1044.91 
3629.57 8161.38 
8889.47 5634.78 
1095.25 811.115 
947.433 7248.51 
1929.76 6.3243 
4189.06 4694.76 
3591 3218.56 
1404.1 1649.55 
5383.61 5016.68 
3735.27 1279.53 
9342.75 2693.48 
8589.11 3590.42 
517.592 3013.29 
6901.44 3395.45 
4656.94 303.648 
4440.36 8286.51 
8465.03 3329.82 
3921.27 9560.28 
4140.94 4868.71 
6808.77 6070.69 
4875.03 997.816 
765.438 8466.03 
4216.38 2169.53 
115.561 9599.98 
7186.22 3850.83 
879.501 6528.94 
6544.31 9468.61 
119.347 7061.9 
2481.88 7020.79 
457.338 7138.82 
7324.44 4897.7 
5425.32 5789.45 
8227.53 9346.59 
5349.71 2368.45 
4215.28 2158.46 
8439.14 9090.31 
3156.28 9204.58 
7556.32 7372.65 
1374.1 7671.88 
6972.62 8560.31 
1522.69 7852.12 
5089.24 8067.01 
7320.71 5208.59 
5128.89 9802.59 
2229.36 5586.23 
6941.39 9553.79 
483.915 2366.69 
5343.22 8711.44 
1713.27 692.916 
1079.87 5928.55 
2851.38 9519.01 
5018.84 6007.65 
8723.58 2575.15 
3380.29 97.6557 
247.014 352.894 
8657.97 1769.71 
8205.02 3747.19 
9836.71 5525.71 
8955.78 4965.59 
5328.28 1185.12 
551.8 2269.66 
738.898 1035.71 
4636.35 6082.12 
9747.16 6349.61 
6775.04 827.01 
2278.14 9626.42 
346.006 7296.98 
5634.05 9069.58 
9872.13 9014.34 
9167.24 119.125 
9367.24 7825.19 
1888.83 7572.24 
1572.36 1725.53 
3097.93 528.123 
6691.12 8426.21 
1713.24 7242.92 
695.848 2452.14 
8278.63 5332.2 
8534.26 8025.77 
1681.79 5309.28 
8852.78 3959.93 
4935.68 9198.79 
1256.9 569.717 
8268.35 1129.01 
9584.06 7435.57 
1248.13 8951.28 
5260.74 3136.97 
6523.5 6833.11 
4862.5 9621.43 
7361.23 1553.6 
8047.62 9074.47 
8796.52 8743.47 
1526.59 7075.13 
4075.65 60.8382 
5100.89 5757.44 
5370.12 3953.66 
9717.37 305.785 
3152.43 974.252 
875.503 1420.76 
2103.26 459.546 
8856.34 3351.4 
9410.83 4117.06 
6488.36 5934.31 
950.152 1350.84 
5555.72 8311.38 
2904.45 3603.32 
7385.83 1700.95 
2346.77 8912.43 
8776.08 6422.42 
8973.27 3876.95 
2179.84 4343.37 
7830.61 1897.19 
4649.16 983.02 
2871.45 5524.66 
2403.78 4974.71 
5984.2 1260.1 
8326.1 5395.01 
5377.16 4814.45 
1329.31 6327.32 
6165.29 6885.03 
4638.68 9069.74 
488.334 2024.5 
770.669 2835.11 
936.908 9546.75 
9257.53 9910.17 
3423.69 1437.35 
4253.53 1254.28 
3334.55 8902.68 
2237.3 6205.99 
4427.32 4641.08 
1180.68 411.51 
5901.19 9506.79 
5806.52 1278.33 
4321.22 7135.83 
7605.65 486.498 
4020.84 2244.31 
9556.24 4509.17 
4268.81 326.89 
7344.28 5205.72 
9873.64 6601.79 
5115.87 3297.31 
8039.14 9369.4 
4551.59 1373.67 
8272.07 6788.89 
7579.67 2699.37 
1429.96 8760.35 
3110.88 7331.15 
8267.12 8917.41 
8609.48 2588.32 
6053.22 6215.11 
3074.82 74.0433 
8459.42 2631.04 
4583.22 2728.22 
2957.93 1927.48 
7933.93 2831.56 
8529.28 3049.79 
6128.87 6568.4 
2419.18 680.443 
7942.08 691.225 
7469.34 5521.73 
3390.6 8899.3 
4282.06 6501.48 
6230.43 2549.17 
5418.87 4839.89 
5137.49 1472.07 
1054.98 8212.31 
1546.11 9514.41 
843.338 6129.33 
2242.61 3801.27 
8056.81 176.523 
6632.83 6586.07 
3226.31 2761.68 
3154.46 5645.49 
3442.12 1096.52 
6336.72 911.441 
6618.24 9727.31 
9810.74 900.287 
6228.77 6041.15 
3449.45 1647.62 
881.015 8586.94 
3119.69 1936 
6799.24 4665.81 
1450.39 7642.58 
795.118 3692.99 
1443.83 8851.93 
3869.51 8076.66 
5437.99 7095.83 
838.319 8592.44 
2741.3 4280.44 
9688.96 9078.02 
5191.88 6307.19 
8805.31 5002.6 
7207.48 5034.07 
1043.73 656.91 
6681.69 1924.74 
9243.85 9801.38 
3860.74 6043.07 
4467.17 5311.13 
3685.63 5262.29 
9004.12 5129.46 
4114.2 2873.62 
3206.1 9552.19 
9969.45 4044.42 
8144.62 2710.73 
8324.86 7833.56 
1788.73 3516.73 
4140.73 594.03 
8519.33 1348.19 
5628.1 9563.06 
2005.1 2309.77 
1487.79 1248.94 
2111.14 5348.53 
7292.01 6578.31 
659.638 977.622 
1840.59 9663.76 
6107.08 5954.79 
2537.36 9313.19 
5506.97 2506.79 
3357.59 3651.57 
5217.52 1682.43 
1485.11 7006.25 
5199.16 5625.84 
7600.28 3718.47 
6974.03 3228.36 
3281.51 8979.13 
5538.14 4769.3 
228.052 7649.28 
117.81 7520.06 
4227.58 777.448 
8497.68 6068.16 
441.188 4604.75 
2022.94 2978.55 
3917.92 7529.9 
5485.33 7275.51 
1181.45 702.832 
8957.94 2666.56 
7709.08 4157.08 
8292.41 5309.35 
7875.56 5266.42 
8537.71 1157.05 
4245.54 4075.83 
5926.35 4473.59 
1725.09 6044.16 
1993.64 5952.67 
6821.61 491.3 
2020.81 7262.8 
5096.05 4043.75 
241.326 9013.96 
1573.64 5726.66 
6289.45 2755.09 
6429.49 5247.38 
5421.65 4138.56 
9404.46 3714.04 
9447.9 7280 
8980.47 7985.6 
8437.06 3225.99 
2061.41 4363.39 
7699.59 3786.51 
407.536 9693.22 
9739.17 7229.15 
184.504 1759.97 
4491.93 5280.55 
5803.72 4733.25 
4294.5 7377.36 
459.893 583.935 
132.435 6889.38 
5831.31 5554.09 
1027.92 5235.76 
9268.13 475.807 
2515.74 8248.59 
8461.4 952.782 
1474.56 522.8 
5316.17 9174.15 
4309.31 5723.71 
8867.35 4048.46 
2952.84 9051.86 
5808.44 7444.77 
4332.39 1612.14 
2178 8626.89 
8989.5 2637.89 
9210.83 9121.94 
9527.28 5042.12 
4676.01 555.179 
277.86 3944.13 
1030.99 2793.6 
2192.7 9492.39 
3746.38 3667.27 
15.1732 9062.56 
2841.4 4324.48 
4786.25 1708.74 
8372.94 7739.09 
760.576 4181.36 
5183.83 5092.97 
5793.51 7361.84 
3719.84 4782.99 
9999.73 2930.65 
3904.92 9526.99 
7972.77 8580.93 
82.1511 8250.63 
2525.04 1113.14 
1044.22 4717.75 
605.51 4790.6 
8385.01 620.683 
3853.14 1226.39 
4945.16 8639.39 
2935.13 3318.09 
6378.46 3695.7 
7499.45 1562.28 
8788.67 3292.94 
8924.12 2508.5 
8075.93 8923.83 
5439.15 1980.83 
8450.8 3411.9 
561.748 8532.95 
1662.52 3086.79 
9646.09 2706.74 
7804.54 251.583 
7497.34 6189.53 
872.266 1350.46 
7415.92 5817.43 
9989.86 351.035 
9135.52 6368.3 
4046.74 6634.95 
7930.58 2835.39 
9927.89 6854.68 
5343.89 8003.81 
5778.49 783.025 
9984.64 4229.28 
4194.93 546.375 
2762.21 5857.45 
3633.17 2408.28 
8564.18 1437.69 
2659.87 6061.5 
7627.22 3532.13 
7411.97 5043.13 
9349.56 7401.81 
5394.16 8485.06 
3770.09 9440.9 
5120 1700.65 
2276.28 5047.87 
8555.33 7620.17 
3051.66 4333.81 
8403.2 3036.29 
8563.08 2598.11 
3582.67 1325.28 
8455.56 7215.83 
3733.56 7019.73 
8653.52 6393.43 
3081.21 6280.72 
9925.56 493.165 
1323.84 9275.1 
7894.97 6718 
7760.15 1665.04 
6158.89 2880.13 
3365.7 8435.17 
7928 1921.01 
6055.33 979.647 
6254.82 4458.51 
4015.94 4817.89 
7056.62 7598.6 
6143.17 5512.17 
4814.42 9876.73 
2531.88 3467.92 
6270.14 5613.09 
9748.65 6195.68 
6106.25 1072.46 
5470.77 4001.21 
7790.47 3230.9 
5666.25 3949.34 
6111.03 9031.95 
2384.49 4039.01 
952.944 8439.82 
5018.66 7207.76 
2898.31 9034.6 
2025.64 9954.93 
6633.18 8168.8 
5467.08 1447.58 
8045.51 7998.96 
4915.5 4315.64 
3612.03 4664.13 
511.302 9718.28 
5736.6 5982.07 
3719.47 3527.04 
9212.97 9385.72 
7476.38 5323.99 
8417.66 9860.87 
9363 9370.6 
8300.67 4381.64 
6578.35 1198.96 
3416.22 8603.98 
1153.87 49.3886 
6772.77 6620.95 
1496.97 4818.26 
4619.89 6412.47 
9133.9 8231.92 
1076.59 9645.2 
7950.18 6813.18 
5627.26 1669.64 
340.211 4840.21 
1055.35 7816.59 
164.184 9473 
7677.44 9527.18 
8843.58 5978.09 
3908.81 5421.91 
7177.05 7325.03 
4025.88 8330.92 
7374.42 798.632 
4951.86 8871.39 
5616.9 9571.75 
5283.85 4750.78 
7803.65 6360.44 
4395.96 5753.82 
3173.61 23.2029 
7423.46 3513.82 
4863.42 8478.8 
1330.39 5027.6 
7951.79 9007.83 
4554.77 6795.35 
4985.91 8463.58 
2217.25 2162.94 
5788.6 6243.13 
493.841 3163 
7041.76 5445.7 
2034.38 2658.64 
5017.43 7318.23 
7409.42 2821.06 
3678.65 1805.37 
8574.88 6852.26 
1828.57 5998.32 
366.056 6691.99 
4477.1 1696.45 
1719.57 2428.87 
704.261 6274.34 
9224.22 5690.17 
4737.9 1441.46 
7853.1 526.478 
7684.59 8346.94 
3689.48 4726.34 
3792.62 5723.86 
7384.98 8810.05 
3042.07 4794.39 
1631.1 6720.72 
6599.76 205.96 
3572.96 8428.33 
6204.28 3939.01 
5120.3 681.362 
5635.46 6839.87 
3110.23 6339.72 
3114.19 2334.44 
2029.87 7852.09 
3775.9 9882.98 
8378.57 1460.47 
8229.9 2068.03 
6186.81 2022.51 
7791.89 3571.77 
832.545 833.941 
8366.16 2463.64 
7554.66 4965.9 
2669.6 1127.6 
3394.21 8873.88 
5066.62 8514.51 
9555.24 702.06 
5354.37 2665.46 
7041.78 8468.56 
4999.9 9071.65 
6320.64 8775.8 
8954.61 4699.19 
236.25 7184.5 
6767.23 6423.06 
9207.01 4559.1 
9994.83 39.5345 
5393.04 8360.97 
2503.18 2947.68 
3326.84 5172.78 
4075.28 6721.05 
4046.64 9141.9 
5235.55 3601.87 
9843.96 589.894 
6267.33 6885.72 
9058.45 1267.21 
5957.36 5379.07 
42.989 4911.95 
78.2492 279.239 
2096.43 6845.48 
6702.29 1303.42 
1404.56 6697.1 
1342.96 6797.6 
5058.05 3846.14 
9745.28 8384.9 
9018.92 3820.54 
5105.93 3065.54 
2962.42 341.462 
6667.41 2806.36 
931.356 2934.72 
9692.08 9989.81 
4201.93 5649.43 
5368.87 4244.92 
561.363 5447.12 
4524.16 2657.8 
2292.57 1226.44 
3961.22 3697.13 
7923.54 5304.18 
494.709 2981.58 
9150.32 239.969 
1366.46 8169.22 
4060.51 6472.39 
1234.74 7022.93 
6813.85 7902.15 
9829.29 7745.21 
836.857 9521.36 
7735 5038.79 
5170.77 3103.85 
9283.71 5732.13 
8550.96 3807.85 
8389.93 843.52 
5034.28 2351.13 
4540.65 2957.81 
7655.31 5035.36 
5939.38 6805.61 
5275.33 7305.84 
4974.81 9335.84 
3778.21 6209.55 
6358.75 592.045 
4111.69 6188.03 
8337.25 4948.54 
5709.38 6072.23 
9987.33 880.128 
9176.08 9271.02 
6612.26 7727.03 
3078.85 5002.17 
8570.55 8113.14 
7353.31 3111.18 
1070.93 5008.6 
8146.54 7010.31 
1814.2 3421.85 
4316.13 6789.01 
2757.67 8094.35 
2998.54 9116.43 
8686.39 7110.23 
5304.44 7023.63 
2058.75 1013.8 
3095.84 2046.07 
1893.93 2271.9 
1317.07 8506.19 
9998.93 4395.92 
3508.35 8569.46 
2509.04 861.635 
1680.62 3579.97 
5870.24 9827.17 
590.266 7684.43 
3249 4906.4 
4473.43 6006.67 
3000.73 7471.97 
5123.08 1687.1 
4582.18 427.511 
8710.73 6640.93 
1441.31 1806.55 
8687 3335.25 
4078.46 4.05248 
1841.42 4077.37 
4399.97 5349.77 
2646.82 6909.02 
6211.4 4327.44 
488.971 2081.62 
4154.59 1079.24 
9766.06 7403.59 
5985.64 4239.47 
3410.24 8986.37 
1711.42 8533.33 
673.455 6293.59 
8960.84 9384.18 
2934.51 402.136 
1190.72 1621.49 
3737.38 5269.18 
1625.55 5578.8 
9346.55 6025.52 
928.552 1993.35 
2934.52 7139.95 
6320.79 3423.49 
9221.58 475.36 
4502.73 8987.62 
7878.95 488.349 
3227.07 1289.17 
9474.72 4938.48 
9822.5 148.156 
1232.06 8783.33 
9532.34 4166.57 
9185.46 723.045 
5788.06 2922.83 
5992.22 7413.61 
8501.63 5338.76 
3439.11 9430.18 
7332.1 6373.63 
6570.12 3652.88 
9797.12 5791.68 
4128.24 4299.83 
4779.28 2007.17 
4788.18 8006.34 
3296.34 4262.88 
2944.81 3118.83 
4411.04 4176.87 
1902.14 3943.36 
8343.44 1087.58 
4666.41 4131.48 
4010.41 658.614 
1545.07 2512.02 
5997.37 4984.18 
1942.18 3329.46 
1357.8 8512.3 
6982.33 1154.9 
4303.96 1110.55 
5454.73 9083.24 
3117.72 242.901 
7089.56 6414.06 
4505.78 34.3521 
9532.89 8916.82 
4211.22 1435.01 
2860.17 2554.64 
2522.59 7526.58 
6686.12 6533 
8185.19 8231.19 
9045.02 4182.54 
3215.36 987.182 
7512 4573.15 
9499.48 4494.32 
5728.05 3803.43 
5604.87 1182.77 
2886.65 8722.59 
1425.67 9976.21 
5136.63 5931.46 
10.5439 4669.5 
4848.27 4221.76 
6104.51 7708.44 
6776.4 8627.1 
5235 3462.5 
5160.08 3420.17 
1693.68 4205.08 
7602.72 4909.03 
5192.26 5114.7 
9482.19 4691.72 
9609.02 5210.22 
8495.15 5213.87 
6393 1381.78 
3936.43 7818.67 
1357.97 9073.06 
3750.11 1368.52 
3742.55 8598.38 
5590.28 9847.06 
6306.8 2366.66 
8474.14 1541.78 
5829.16 3634.2 
4961.95 7522.84 
7839.28 2564.65 
2431.85 3031.52 
7679.35 1914.02 
7723.24 7288.34 
7124.24 6218.37 
2502.19 3517.22 
7600.15 6438.63 
1335.88 8958.12 
5511.67 5085.99 
326.624 9254.22 
3684.35 5916.9 
9101.26 9991.15 
8283.56 7575.38 
1532.91 4112.71 
1209.57 6494.86 
1635.52 9048.84 
9059.5 4067.38 
2080.34 6738.83 
5981.4 9803.58 
4027.16 3105.62 
6021.94 6529.35 
6622.85 3622.08 
2967.96 7958.72 
2580.18 8479.64 
3044.7 2906.81 
7733.84 6729.05 
8823.71 6835.09 
6720.18 7107.25 
4410.45 8253.09 
1219.94 5620.02 
4747.93 2855.47 
4668.84 3807.42 
6922.84 6749.18 
546.233 2904.22 
6552.75 4573.39 
6009.85 2574.67 
1102.73 2632.67 
6196.75 4070.69 
591.379 8776.93 
2550.31 3636.08 
1683.72 284.132 
365.107 507.415 
7119.22 7085.29 
7614.67 1529.65 
5338.36 8834.61 
7149.67 86.275 
1690.06 1818.49 
3893.69 8612.91 
8567.67 4439.93 
1517.11 5120.4 
9013.32 7526.96 
7695.07 116.028 
159.613 3891.8 
4186.72 750.992 
2668.72 6737.03 
4387.07 4352.44 
7021.16 4752.17 
4859.85 4140.36 
1837.45 2474.51 
5670.01 7175.81 
1309.1 2819.67 
7262.08 2999.16 
4638.16 1155.76 
1612.05 3205.82 
5595.68 3129.16 
8326.22 4608.98 
656.102 6021.28 
4725.01 815.715 
9913.08 8911.73 
1566.71 2581.78 
5648.74 5953.77 
6934.22 2669.88 
705.932 1794.05 
6810.24 2543.38 
4268.56 2480.24 
9719.18 5577.66 
5299.9 6981.25 
8576.82 9938.06 
8137.01 188.854 
3143.86 3732.67 
3318.02 1470.06 
8341.65 3974.12 
7491.34 3066.65 
4789.83 7404.4 
1978.36 6356.54 
9986.18 7627.1 
2310.3 6920.38 
296.964 3016.23 
8714.43 7107.21 
5559.61 2982.97 
9587.44 5278.78 
8560.63 4887.33 
2260.01 7137.43 
4825.37 396.997 
7326.29 7969.23 
4129.67 644.288 
9439.29 2471.31 
4618.41 6930.61 
5537.96 9408.24 
4335 7516.32 
5764.76 4321.16 
5143.4 8075.06 
1241.53 5440.36 
1091.28 9955.96 
2547.55 6650.88 
2938.92 2134.98 
1929.64 1499.53 
7022.3 4189.65 
8636.96 1847.65 
4586.65 5963.23 
9816.88 8716.32 
6607.52 9256.15 
1187.6 1225.91 
6186.75 6725.56 
634.135 521.729 
4241.86 6398.9 
4842.89 9385.26 
4473.94 6084.42 
4825.61 5565.22 
6040.36 7373.16 
2216.08 8979.28 
9508.13 4145.73 
478.787 6530.42 
8335.38 9115.75 
8378.07 2922.01 
5078.97 8194.94 
1638.31 1686.47 
7451.07 2825.91 
2912.39 3637.8 
9551.47 3546.52 
4159.53 3793.31 
9945.42 9002.42 
3178.56 4419.34 
5086.82 8004.16 
9984.56 1127.17 
5377.3 2200.63 
106.423 4885.42 
6346.35 585.211 
1415.82 4681.72 
9700.96 9793.89 
7603.72 4779.91 
7988.81 9242.03 
6466.39 5439.87 
2067.93 9378.77 
9077.67 1619.38 
2925.27 3237.18 
5412.69 2870.67 
2239.59 8591.25 
7290.02 7326.41 
6595.39 7274.56 
8453.58 1972.68 
9475.19 8560 
6858.1 5821.53 
9145.21 8273.92 
503.224 8846.15 
8067.8 8106.95 
3626.05 6056.59 
7348.96 92.4177 
1496.44 9416.89 
9471.19 574.091 
1036.25 2396.45 
3811.27 6448.94 
5267.12 6050.86 
5040.17 2557.12 
3377.25 1635.55 
9831.68 1830.81 
3608.23 9306.85 
390.791 466.308 
5128.36 9536 
8740.23 5631.58 
8382.14 6808.01 
3738.51 2008.17 
2864.58 1087.46 
2100.59 4361.02 
504.328 1571.76 
4935.11 1540.58 
3968.2 8746.38 
7989.52 9235.32 
4797.22 3029.68 
1792.42 8174.48 
4665.23 1624.09 
5.26756 8273.45 
930.922 396.058 
8739.76 6059.28 
9932.06 7479.97 
1690.85 8314.18 
4287.96 5429.36 
322.33 7152.54 
6516.82 2422.92 
1513.54 7021.15 
3994.67 6448.65 
8561.73 7962.88 
5195.02 6551.23 
7198.18 9992.24 
9580.91 8990.61 
8166.7 4246.12 
614.678 8171.97 
2519.55 1545.6 
8568.03 1259.3 
7604.88 8500.07 
8739.27 9295.73 
6814.23 3027.22 
4725.08 7136.56 
179.74 1241.89 
9559.47 1693.28 
8263.04 3554.13 
8141.94 6824.75 
1516.99 3336.94 
3375.96 8715.17 
3329.17 2956.85 
7705.76 1495.85 
7202.96 8320.44 
9667.82 9722.52 
9866.04 8235.83 
981.798 7470.91 
6735.88 9721.07 
6766.62 3550.09 
2748.27 1491.68 
686.633 2928.01 
2733.57 246.091 
4621.29 996.589 
3800.22 2763.21 
7821.34 5317.21 
6100.15 1197.28 
4032.37 9429.32 
4154.13 1738.12 
925.15 1357.08 
58.5429 592.951 
1079.58 9924.58 
8828.78 2061.38 
7395.47 5564.64 
1782.43 4162.08 
9114.73 4530.69 
5653.76 9801.37 
7458.7 8387.33 
47.44 2079.97 
9383.92 3847.66 
4843.19 7205.24 
9164.88 943.321 
8402.52 3197.23 
372.621 2556.63 
4935.35 1297.77 
3913.71 4993.9 
1890.72 4993.29 
4918.46 719.484 
7054.66 2313.92 
6284.12 8837.09 
6476 5398.84 
3367.77 2129.74 
5200.19 826.451 
517.053 5247.63 
2906.43 9900.97 
9095.29 7749.61 
7106.19 8260.15 
8692.93 5508.69 
1457.37 9065.55 
8065.33 6392.72 
363.307 1979.02 
1386.6 2254.03 
6972.31 6305.06 
2973.51 4026.95 
8618.98 9257.64 
2864.02 5094.96 
4656.46 6231.79 
7224.7 9856.65 
7058.24 7741.75 
5104.26 9964.67 
7642.71 4199.54 
7714.26 4748.88 
2459.67 6407.18 
257.559 3917.04 
5472.71 8322.89 
309.745 5836.02 
301.887 1696.34 
8090.05 7274.19 
8001.4 1063.54 
1301.13 6620.37 
321.165 4165.15 
1715.31 4977.62 
396.924 8940 
4834.26 7455.17 
6681.74 9938.52 
7419.82 4324.43 
4138.03 5134.06 
9073.31 6597.71 
1541.22 9330.87 
514.729 7013.93 
7653.73 824.473 
2849.94 7955.62 
2520.82 939.969 
5229.8 522.204 
2003.51 6530.92 
7142.57 2324.68 
696.055 8857.88 
7302.3 1092.98 
7797.86 2136.54 
8548.14 4479.58 
2075.04 5967.94 
8804.01 6213.08 
1101.99 7877.3 
2810.76 2643.21 
7208.15 3325.49 
9657.14 4861.87 
4149.97 2507.06 
2817.47 6670.78 
3447.03 8047.27 
7192.99 5450.55 
4578.17 4335.54 
7775.23 5274.23 
3193.4 5077.51 
6367.2 991.248 
7214.05 4915.33 
5470.83 9289.09 
883.259 4274.82 
5502.15 1985.25 
2152.11 8312.92 
4628.46 9360.25 
1638.39 4285.58 
4222.1 5788.35 
6792.65 7039.57 
2459.12 239.666 
5086.82 9652.11 
5690.21 9664.99 
3987.63 3465.42 
4939.2 7181.03 
8542.93 1306.38 
8172.28 5756.97 
6221.72 3643.09 
5046.04 7104.98 
7917.92 548.179 
9090.22 70.0049 
8861.09 3718.67 
9430.26 499.467 
8004.25 3652.34 
6287.82 4796.88 
691.896 8746.94 
5036.55 5778.72 
8399.03 726.744 
5443.69 2386.65 
4192.16 382.869 
9567.68 2735.08 
1689.25 7739.94 
8492.05 7910.97 
1383.01 3538.07 
5015.93 9300.93 
4086.25 4106.13 
9370.94 2947.33 
7824.8 8801.18 
3446.8 5829.03 
2453.5 9734.62 
625.899 3145.4 
8481.55 5662.45 
8924.12 6880.56 
6389.19 4367.79 
9267.21 581.338 
4750.66 8834.87 
3316.42 6439.91 
6574.79 1808.45 
4350.86 7957.81 
5346.52 9366.79 
7258.72 9432.77 
3472.91 6629.64 
2380.08 1297.69 
5430.8 5826.88 
7126.72 7884.3 
5561.48 7752.62 
1029.68 4043.01 
3415.05 9953.8 
923.555 9804.24 
4321.57 190.747 
385.564 9072.22 
9025.62 3701.98 
5512.12 5600.39 
5510.43 9862.98 
3558.18 856.927 
9229.75 816.884 
289.68 2702.64 
7446.52 2669.76 
4000.33 2877.31 
8496.64 1127.03 
761.592 4058.11 
8879.65 1791.28 
8101.12 2294.69 
1745.06 9024.67 
2098.91 6066.63 
9215.42 2484.48 
5138.84 8241.02 
6186.46 650.934 
3841.39 1696.87 
513.894 7399.57 
2553.79 9743.64 
8216.46 2843.47 
2446.26 5662.96 
5513.24 6446.59 
8540.27 4009.86 
7573.62 9301.86 
8067.97 6453.26 
1093.12 6169.06 
8747.95 2838.18 
5193.72 846.845 
8904.81 4409.12 
3331.32 4043.63 
2650.12 9517.78 
4694.56 6491.51 
1214.63 5208.45 
3891.07 3768.43 
4952.08 2107.51 
6611.9 7398.34 
7770.47 2125.12 
3844.92 6310.72 
6134.98 1418.52 
5612.56 4202.93 
7871.78 6705.68 
371.981 6619.71 
9543.86 5565.7 
7466.56 8448.65 
9974.82 797.863 
2492.26 2624.92 
315.628 7186.82 
9116.43 1530.26 
2395.26 3007.49 
5298.69 7347.34 
5114.99 1910.57 
4745.67 2885.44 
4035.69 8590.58 
9196.16 170.657 
9.0874 4808.71 
4373.59 7880.87 
1514.37 4745.57 
4500.56 1058.22 
311.253 1967.1 
9506.87 286.055 
2764.97 1999.12 
2910.98 3080.6 
9185.94 2027.4 
4610.85 1581.18 
5034.88 9909.54 
8928.52 149.854 
1820.09 3674.17 
3035.3 5855.79 
2264.73 2231.44 
6026.44 2273.82 
7040.15 400.016 
154.67 8554.52 
5145.59 4655.23 
9612.74 5456.84 
6622.34 9119.59 
5742.89 9387.31 
1118.69 8653.87 
2467.89 304.613 
681.249 7078.74 
1885.79 5716.13 
6988.27 814.292 
5865.98 8808.36 
4488.46 8901.28 
4664.13 6753.19 
1132.7 690.554 
9027.01 8172.85 
1090.57 9181.68 
6727.35 6236.16 
3836.89 6340.07 
1692.98 459.216 
5459.65 7435.87 
9846.52 6578.34 
6089.72 2314.39 
6882.96 6770.97 
9393.13 8768.75 
2487.08 6381.38 
9583.04 8353.07 
5189.73 4071.48 
7254.33 9853.85 
824.651 8387.03 
544.392 9851.66 
6559.86 1634.96 
9033.32 3287.2 
7871.12 2870.19 
9627.27 9564.1 
3329.41 5086.91 
6999.95 3175.91 
1665.23 3089.66 
5490.31 8548.19 
9860.63 4883.42 
7316.92 2347.7 
1264.79 6899.94 
700.747 6454.52 
971.406 7955.08 
6308.36 1796.06 
6342.09 6852.75 
1647.7 2901.93 
8487.71 680.993 
6189.13 6358.81 
3551.18 5816.38 
5922.89 6880.59 
903.269 2922.82 
56.4879 2568.5 
6012.48 5546.79 
1116.67 5873.09 
430.203 8433.59 
8220.79 1694.99 
5333.52 8921.53 
8149.51 6304.93 
6876.59 4457.85 
8100.98 3218.66 
1310.58 9748.68 
6120.59 9798.29 
429.652 2309.7 
6157.09 3980.84 
8126.08 2079.96 
861.411 9029.35 
5002.78 917.899 
1597.84 1015.24 
6464.69 2714.51 
6888.33 6894.9 
1148.09 5109.09 
8589.89 6481.61 
4030.61 6739.39 
2786.51 907.184 
1197.22 887.478 
4125.85 2507.8 
636.137 246.421 
2306.08 1065.79 
2556.12 8463.17 
5046.63 682.191 
543.106 5908.04 
9711.54 5545.88 
6825.94 1309.36 
6561.12 3290.61 
4023.88 3449.43 
185.491 5171.96 
8558.53 8775.38 
1653.55 2589.12 
5514.75 4440.07 
3496.3 6711.97 
5327.54 7622.15 
9219.78 5963.68 
7868.57 1525.84 
7029.47 424.677 
9989 2076.08 
1106.87 532.093 
7984.12 818.394 
6077.98 4810.04 
2127.76 2639.08 
8100.65 6151.63 
6088.51 8286.14 
1323.58 4647.02 
7061.5 2977.13 
7236.14 2576.24 
7417.2 732.43 
9288.21 2744.72 
8354.58 8507.97 
8708.41 6223.13 
33.7905 5737.86 
6647.81 22.777 
7813.94 7754.68 
554.87 5798.04 
8573.07 6632.85 
608.061 700.812 
9271.93 8708.71 
6852.45 5360.42 
6994.83 8176.02 
7.43097 4056.32 
1153.14 7243.57 
6632.56 8570.34 
7976 5920.75 
1315.04 6330.57 
4428.7 23.4321 
2553.68 4462.49 
5761.29 9201.49 
4485.27 3575.22 
6956.15 5040.14 
9373.26 5529.2 
1672.97 9981.32 
6230.01 944.88 
8690.01 3082.44 
6305.3 5684.83 
1258.45 6312.74 
9741.15 2411.59 
3556.29 6373.69 
981.904 1532.28 
2294.42 2296.95 
7862.85 6723.12 
2320.38 416.508 
1185.6 8081.67 
9618 5670.87 
1656.87 6574.13 
710.989 1030.11 
2103.31 2383.96 
1011.42 8333.32 
3328.84 9701.43 
1415.74 9634.14 
5386.24 2674.19 
5946.86 5127.37 
5085.77 9503.16 
1501.04 6067.68 
1035.42 3795.46 
8364.62 8898.26 
518.562 684.988 
9314.77 1704.16 
8766.66 8932.75 
7375.03 423.514 
5506.86 8086.01 
1453.63 7610.17 
469.955 2465.05 
5943.47 3798.79 
2166.46 7359.21 
3432.92 7552.7 
33.3876 9379.78 
2680.06 5119.16 
8882.92 4181.1 
1186.82 9918.34 
7976.55 9551.45 
8816.58 8495.12 
236.421 8131.34 
199.258 9003.08 
7064.07 7574.28 
9426.59 2570.91 
5660.28 880.206 
181.064 6130.24 
3345.25 6124.54 
9929.03 5511.71 
3483.73 3361.93 
3064.4 3517.12 
2741.7 5744.46 
8636.29 1624.6 
9925.55 9823.11 
1542.92 7902.09 
9374.54 359.483 
6397.19 9610.96 
8490.82 6596.45 
8614.03 5554.87 
4170.71 8040.6 
8125.78 9831 
8920.81 8306.85 
5961.21 2266.05 
4431.37 5890.23 
7777.76 7915.1 
9252.16 842.145 
1432.21 1993.84 
6586.6 68.4759 
3618.44 6512.14 
9891.59 5161.35 
4414.21 9266.11 
5520.84 811.385 
8877.06 4011.64 
7407.83 7491.07 
9566.51 1578.53 
5531.66 7692.28 
1409.51 4452.45 
5999.11 7370.72 
6718.5 430.46 
3260.93 4496.24 
8345.56 2513.07 
5338.39 9777.77 
4506.91 1924.97 
9846.25 8125.35 
8437.11 9737.82 
3286.68 2851.31 
9003.91 8807.52 
3662.69 7880.95 
2819.14 1070.51 
5372 2385.63 
2649.04 903.645 
77.8944 4058.55 
5356.1 6077 
1429.26 2074.58 
6507.46 4690.19 
6570.82 4853.01 
7203.26 1909.19 
4630.76 1710.16 
3834.17 4476.99 
9835.51 2271.26 
4214.79 3122.18 
5122.57 3218.69 
1929.68 8785.26 
1099.62 4748.82 
9855.77 6471.63 
7134.46 2504.8 
7375.27 7212.35 
6563.35 2731.35 
3289.34 7992.6 
4805.93 9796.8 
2682.77 1376.74 
4649.79 9886.04 
3285.93 9280.56 
1596.18 7120.1 
3757.53 1431.67 
9391.36 7972.33 
4553.84 4513.92 
1191 6483.52 
3299.17 2290.62 
1232.33 3154.92 
8762.25 8366.78 
5659.72 6137.5 
5579.12 2223.05 
8868.85 8868.45 
215.638 3674.77 
8665.23 2898.41 
5051.51 3315.01 
2784.43 8337.44 
2595.55 4380.61 
5457.52 6353.08 
5812.28 4848.87 
4325.4 366.109 
9362.78 5516.4 
6849.63 2661.93 
7807.02 8081.96 
5816.86 6569.25 
6448.73 1476.56 
2706.73 2027.82 
3699.62 1575.57 
896.258 3915.25 
5250.34 9561.49 
6813.67 301.827 
2876.49 9598.1 
8639.26 5472.04 
3978.69 4096.77 
1825.1 9790.97 
8945.63 6150.5 
157.066 8308.4 
1666.88 7006.7 
970.316 9473.89 
5088.64 6787.17 
6043.12 1537.35 
8263.74 8749.85 
3565.17 1963.34 
325.408 4461.43 
5878.59 5575.75 
4022.91 2692.24 
5877.57 6899.39 
2290.32 4516.82 
2371.41 6269.01 
8613.59 4196.51 
6059.97 7559.2 
346.996 6217.04 
5867.59 2013.87 
3223.72 6837.9 
1487.75 8312.36 
3625.06 7530.87 
9849.71 1888.78 
6280.71 3414.87 
3852.12 6606.12 
7876.3 9730.71 
2181.85 1899.19 
2422.93 8059.42 
8798.58 4713.25 
2576.23 1169.97 
982.247 1189.8 
5366.49 7042.22 
8749 5713.48 
3259.24 4616.57 
7727.36 6482.96 
1454.46 9215.11 
4795.3 5079.52 
6745.96 4644.99 
6968.3 3026.65 
8059.85 820.396 
9632.77 5936.13 
551.086 1814.6 
7835.32 2974.02 
9874.02 6633.89 
7687.27 2450.23 
7803.86 8669.51 
3640.03 3170.33 
5711.71 2389.01 
8883.82 8970.95 
7005.58 6611.16 
5453.89 8460.04 
5826.25 249.167 
3539.54 2572.19 
4894.16 507.819 
5598.84 2953.99 
1328.22 5231.6 
8890.13 1879.3 
7046.2 6725.43 
4853.32 6920.2 
3359.3 2540.56 
9370.44 1163.15 
1210.06 3010.45 
4333.48 6921.77 
5399.46 3217.28 
5892.7 2405.03 
9828.44 1346.57 
865.055 5654.67 
1595.74 4404.59 
8226.86 6489.9 
4912.41 3825.69 
9443.89 6240.63 
9057.29 8334 
8119.93 6103.47 
5059.42 2973.23 
3023.66 8418.72 
5513.8 2394.08 
9581.87 6723.86 
5404.53 3915.34 
3645.61 803.974 
7132.62 9538.31 
3209 6961.04 
884.871 4074.06 
2615.7 2480.61 
8478.65 842.545 
8970.51 3391.05 
4668.24 8414.38 
9631.68 3725.51 
6748.36 7751.6 
9828.98 1807.76 
724.81 2852.63 
226.467 6238.61 
5246.7 9808.34 
2962.44 651.215 
3723.66 6608.05 
1455.19 856.258 
6146.35 4664.19 
7817.3 7031.22 
8738.25 432.981 
9511.83 7216.89 
1275.53 8482.33 
607.926 5943.76 
6896.69 239.591 
9669.27 3645.03 
7991.19 9498.24 
5452.8 8716 
2350.85 5679.26 
4954.58 7597.55 
5487.58 7917.03 
8248.77 9211.24 
4525.07 9703.96 
67.4824 671.401 
4368.13 7884.78 
7702.62 3106.37 
8317.76 7214.44 
323.244 9593.29 
5696.75 931.171 
5537.03 2593.42 
1170.76 5206.29 
6238.46 9161.95 
4704.51 1691.24 
7877.93 7055.36 
7370.5 2832.5 
4652.9 2858.07 
749.507 2901.65 
2069.3 5274.57 
2605.59 2136.78 
5945.97 6973.72 
21.5433 3648.58 
80.0751 8339.31 
863.009 403.319 
7932.58 6559.76 
1334.49 3469.6 
9153.18 2505.25 
8675.89 5391.63 
1667.18 3380.39 
7082.86 9545.11 
435.732 4453.35 
2377.59 5088.63 
7311.42 3127.09 
7990.28 9380.72 
8401.67 595.853 
1517.48 4347.62 
7569.58 1539.02 
7996.21 7649.65 
9878.33 8859.22 
8052.97 7810.89 
5418.96 9387.46 
1280.47 4572.13 
1892.69 9956.36 
9963.75 3559.88 
3336.73 7046.6 
3104.97 3772.46 
1499.94 5482.56 
8861.09 8811.36 
8609.65 6851.35 
8192.06 7011.3 
7447.21 9709.53 
1358.91 5016.76 
1248.54 9355.12 
2666.4 1126.85 
8214.32 719.349 
8937.74 3633.26 
106.791 218.19 
8205.39 1999.48 
174.531 8169.12 
5559.36 3511.26 
5215.71 8664.33 
7283.72 6715.65 
4146.87 6144.79 
5526.99 2756.5 
2996.13 3719.03 
9767.8 443.314 
3428.55 1126.69 
5460.08 4677.08 
481.793 8126.47 
5803.93 8696.11 
8845.82 4741.65 
2329.35 8952.62 
4959.84 534.72 
952.083 5134.37 
8703.84 6511.44 
8645.63 3919.54 
5175.76 5929.33 
635.168 9322.62 
2074.1 6162.16 
2079.11 5070.23 
9881.18 1846.9 
5513.54 3309.71 
2973.59 973.604 
7986.79 3455.38 
9100.08 3790.71 
2151.47 7945.88 
8532.36 4480.82 
6898.48 3492.19 
5015.54 7850.57 
8626.56 3719.37 
4361.99 7272.18 
7638.91 9537.75 
3201.49 8274.08 
8860.36 5275.59 
4436.22 939.449 
345.806 4317.38 
2786.34 5859.35 
7627.09 5759.93 
6832.95 5613.87 
9215.32 5933.01 
9404.58 1366.77 
3878.88 7936.93 
5847.6 777.347 
1429.1 863.124 
8627.91 55.6417 
4582.5 2989.89 
7327.82 2221.39 
2527.62 529.291 
495.449 1387.96 
5804.88 4931.67 
2327.41 6150.69 
9249.05 5113.75 
2010.02 6876.12 
873.669 8842.98 
2489.98 88.9684 
4775.97 1894.54 
1455.74 8654.85 
9831.47 7303.34 
9432.2 1260.55 
8166.46 8060.1 
1316.19 2748.94 
1049.97 8644.01 
4970.33 3577.59 
9173.3 5465.78 
4965.55 4978.17 
397.426 7292.96 
1128.84 9646.47 
2406.69 3138.87 
6522.58 3280.36 
1981.83 9012.56 
3369.33 6757.8 
907.088 4825.07 
5412.64 738.542 
2128.39 4844.82 
1999.09 294.839 
2904.9 3315.29 
3043.78 3954.87 
1959.28 8014.11 
7532.46 1132.57 
3479.87 2497.99 
6110.74 3877.3 
9790.95 7239.58 
3523.75 2197.62 
378.429 46.3164 
5477.99 2360.25 
9058.88 8847.32 
9118.05 9965.96 
3672.37 4530.67 
704.489 5800.77 
9375.49 2703.58 
6095.61 2280.38 
6018.87 9139.39 
6235.25 7978.15 
7153.48 3767.69 
9110.72 633.334 
6265.68 5221.44 
4510.63 6056.62 
2461 8034.38 
8254.24 2839.43 
8080.7 3732.21 
5199.69 7139.56 
2579.51 4317.72 
7105.51 6251.89 
8848.39 7810 
2052.64 8223.87 
513.561 8148.24 
504.233 6532.43 
7287.61 6739.48 
4510.57 4441.08 
507.157 3621.27 
5074.41 6772.84 
8842.71 9585.04 
2829.44 1303.7 
7619.41 1083.66 
4143.13 5700.09 
4815.87 9342.81 
2839.63 7395.38 
3660.52 9945.14 
3647.25 2508.9 
7755.12 5699.89 
732.751 8268.68 
3848.11 1236.98 
4801.1 1135.71 
7976.47 9311.66 
5576.78 8483.62 
2932.92 651.177 
5256.45 1775.61 
236.201 8085.89 
3079.31 7855.61 
9169.55 7222.43 
3555.68 3985.4 
6565.23 6395.32 
1380.77 225.731 
6340.44 5028.02 
2734.63 4095.54 
727.895 3467.38 
2364.2 4576.01 
4704.36 7165.3 
5711.72 2680.81 
6476.95 1288.48 
1164.42 9409.86 
1939.66 6420.86 
1185.46 2175.86 
4506.73 4264.76 
31.4554 3676.27 
1487.18 3587.14 
7661.67 8052.41 
9982.45 9042.44 
8278.14 6322.88 
4070.45 1012.75 
418.401 4798.34 
4480.13 2782.6 
9374.35 9184.49 
9947.9 5086.05 
1865.28 6424.83 
6374.53 3029.7 
5834.68 8314.2 
9450.57 7020.13 
490.044 3957.28 
1284.88 521.499 
7633.55 2772.06 
4108.64 5295.2 
824.453 4091.07 
4337.62 9102.59 
413.934 8408.07 
115.326 832.335 
3206.39 4595.45 
3614.94 2580.73 
3779.93 3562.83 
7666.78 5645.21 
9987.66 4041.29 
8674.91 5822.32 
2355.47 8125.46 
2842.44 2845.52 
2082.73 4127.32 
3367.02 9716.27 
6899.38 7475.65 
5011.46 7723.83 
1566.71 9349.08 
6826.41 1980.64 
7757.14 6941.73 
2812.98 963.513 
1537.17 6427.92 
3544.24 5317.1 
9990.74 1211 
962.289 9978.38 
5252.29 9637.2 
5800.69 7607.77 
7762.64 8643.12 
453.268 9845.37 
2770.42 3820.28 
9561.63 9669.8 
1295.92 4573.07 
7393.62 2862.63 
3922.13 4220.01 
4843.28 1679.25 
1161.72 7656.26 
2642.77 2698.89 
4084.16 6187.01 
8015.99 4074.88 
7398.01 8978.27 
4053.25 2650.28 
8615.46 9853.94 
258.035 6378.08 
8497.05 711.303 
6223.44 1267.45 
4531.59 5785.05 
937.241 5827.51 
358.101 8330.86 
8690.14 4280.24 
2550.85 3533.4 
5959.49 3712.57 
1189.64 8602.25 
6411.46 5273.79 
4789.25 4427.42 
9348.68 2187.24 
3405.68 3401.91 
4837.52 2021.12 
3255.84 5095.55 
8399.21 1752.87 
5806.86 4622.63 
3020.32 338.428 
407.661 3957.56 
6165.94 765.763 
2288.4 4856.06 
5046 4839.25 
8389.46 1005.47 
8551.82 9579.1 
9607.73 4963.25 
4852.88 4396.95 
9390.68 4201.54 
6584.19 2796.34 
7603.46 1421.69 
4817.47 859.276 
6517.25 3216.66 
2612.14 2324.08 
7839.29 5632.47 
2662.51 8246.95 
9590.03 8828.45 
9012.71 1878.42 
3684.49 4058.69 
6717.67 2073.94 
5064.16 5269.46 
1653.02 4671.87 
232.702 6505.9 
9068.83 9623.38 
707.424 5653 
2419.71 8310.88 
7074.69 7237.18 
9170.16 3591.92 
453.819 1782.28 
5916 8293.11 
7414.75 8578.51 
6540.04 7004.76 
7406.95 5552.73 
8883.18 1091.42 
9611.43 5600.82 
3165.36 4675.57 
870.272 4818.38 
9347.44 1102.97 
1324.26 8416.25 
726.34 2031.69 
4069.24 3146.05 
342.549 1143.91 
383.211 9512.7 
4735.83 837.03 
1294.97 651.815 
9130.14 8709.72 
9230.33 5670.16 
5714.46 6637.26 
1222.88 4597.62 
7728.68 834.285 
198.428 894.025 
5509.86 1068.7 
5712.41 4857.29 
2171.68 7036.67 
3273.52 2898.02 
