200 2
7642.18 329.374 
8836.99 3387.93 
8708.36 1025.57 
7946.99 6442.34 
3007.53 5250.67 
3962.06 2690.6 
3189.32 6795.17 
8998.68 7404.49 
2450.17 5568.8 
5282.32 9611.88 
7828.63 4422.09 
1308.82 1962.72 
7866.57 9.65365 
8014.27 7249.62 
7587.14 8328.79 
6817.01 5229.3 
8658.17 5653.98 
8617.23 7366.52 
6679.55 6564.2 
3808.83 9687.08 
1814.85 7770.89 
2377.66 5004.17 
4566.05 1376.33 
2408.65 7016.22 
6945.12 7690.97 
6628.08 4773.74 
2113.05 7936.89 
6736.46 9979.62 
7946.55 4750.71 
7229.22 5533.67 
3079.48 4046.22 
762.953 1737.64 
9700.2 9380.18 
9104.15 6379.73 
5944.37 2912.97 
6066.79 7759.22 
683.844 8444.45 
2763.38 5249.89 
9820.77 5172.03 
2266.09 6765.88 
2862.99 8894.17 
1539.6 4976.04 
6831.05 8276.06 
4955.64 4777.58 
3026.75 2184.84 
311.234 6106.24 
6231.06 1074.19 
7843.87 5931.24 
454.354 6948.01 
2310.95 6398.72 
9860.98 8377.74 
4157.93 544.804 
6822.17 6921.3 
5794.69 6642.92 
2093.32 8060.79 
3408.78 4956.3 
6954.94 4948.39 
9932.34 3785.97 
3224.43 4887.96 
8563.55 6251.19 
7072.8 8874.78 
2357.41 3303.84 
9948.97 201.268 
9235.08 403.305 
7149.28 1546.02 
6802.03 7010.24 
9923.75 959.935 
7555.04 6745.9 
7881.24 3349.72 
3388.8 9974.55 
1410.48 6797.59 
4930.84 8365.42 
1745.96 4863.17 
2151.37 4970.4 
9751.13 714.903 
1221.57 6823.92 
9589.68 3578.98 
127.745 9538.63 
3780.24 9362.83 
9941.94 929.504 
908.827 6743.95 
7939.74 832.561 
7703.88 5494.76 
7578.46 5585.11 
8844.48 967.248 
5559.64 254.948 
7764.84 490.468 
8620.37 9510.8 
5353.64 771.726 
4481.18 5104.75 
1486.63 5702.74 
1928.65 1076.3 
9281.72 2056.39 
614.912 3061.95 
1419.21 556.835 
3991.45 2328.03 
7300.78 1931.18 
3160.59 5004.65 
7425.94 739.038 
589.739 6270.41 
1706.29 6149.38 
6525.35 9471.12 
6639.85 5145.71 
8981.91 1993.47 
5917.43 3463.07 
7098.22 7404.06 
9165.81 9026.87 
8480.36 8447.51 
1083.24 9095.27 
1509.45 2502.45 
9652.1 5500.9 
4830.48 6952.87 
7432.08 7991.08 
1957.5 4858 
8730.11 2547.24 
1128.39 436.383 
8696.62 7653.74 
9907.51 5336.46 
2799.43 8889.4 
7329.92 8716.86 
2352.44 4428.12 
6120.91 1518.24 
3454.97 4601.25 
9965.75 4538.22 
3696.5 1475.18 
7040.66 3348.58 
6976.08 1871.13 
301.433 4408.14 
9862.21 2258.94 
9266.14 8592.3 
4806.18 394.515 
9028.69 3502.78 
8048.26 8936.18 
8839.24 847.674 
7825.55 6169.15 
9564.54 177.981 
597.254 5685.43 
1696.22 4052.23 
286.657 1661.95 
8590.44 3983.15 
3137.13 5631.09 
7331.73 113.195 
7502.22 7633.17 
4521.33 7364.41 
9892.1 3787.46 
5956.69 4698.26 
4181.97 4985.36 
8201.05 2230.22 
3921.52 7040.27 
3077.89 1747.06 
3209.4 2642.41 
1925.04 3806.65 
8327.84 3621.26 
7858.88 8614.5 
5283.21 6449.3 
2597.63 8420.34 
2080.38 9929.37 
8533.53 9582.59 
7562.52 3054.85 
6946.98 7454.61 
6842.31 2903.66 
2152.85 1024.27 
7889.02 353.882 
3254.48 1810.53 
7394.15 6332.37 
3557.59 603.533 
8974.78 5482.62 
4410.19 7302.61 
9103.88 2269.05 
5917.08 4387.07 
8718.35 8514.72 
2807.39 798.708 
8444.07 1340.91 
381.285 6006.57 
4395.76 7328.27 
3461.16 1238.06 
231.914 5614.01 
2262.32 8120.94 
5967.89 5516.81 
9931.47 3362.03 
1849.16 3489.04 
3965.56 823.931 
8971.66 8375.74 
8126.54 8075.52 
644.774 4043.6 
2462.58 9363.12 
2558.3 5269.97 
161.816 1002.35 
6610.88 543.101 
7008.92 1006.63 
7871.37 470.064 
2244.69 8103.28 
6084.07 4507.01 
6224.21 2051.95 
23.8016 6155.65 
5413.97 1872.97 
9644.69 9379.53 
2696.9 8616.33 
7755.26 823.418 
6691.84 8400.03 
