700 2
842.724 8847.39 
3581.28 6396.83 
1736.58 1785.18 
3884.6 3954.52 
9806.47 468.558 
7868.59 3121.58 
7241.34 6555.53 
8542.85 7060.71 
5135.16 7022.8 
499.029 1591.98 
6223.43 3150.64 
3951.34 399.361 
8355.11 7808.34 
4428.54 6366.19 
265.708 9931.1 
2265.47 1108.43 
8778.47 5846.75 
7505.26 515.035 
7631.93 1389.84 
4469.55 7438.38 
1858.4 2338.12 
559.948 9099.74 
8893.65 9102.8 
6160.44 4028.79 
6125.59 6659.47 
5620.78 2348.99 
9810.11 9572.12 
2748.36 8165.2 
7380.44 7176.9 
4531.38 7646.15 
7107.98 6796.85 
8754.58 5886.43 
2643.59 6259.83 
6401.46 275.503 
7649.67 871 
7713.88 9508.07 
3209.12 8273.83 
8607.79 2102.75 
7376.62 4768.21 
6131.55 3502.18 
1427.66 1752.31 
5851.18 1237.76 
1324.41 8599.53 
9402.96 8704.85 
5776.41 3934.32 
6350.99 2884.37 
731.157 5105.56 
8770.8 3374.74 
1365.36 5172.25 
3650.25 9015.03 
6043.25 1364.11 
8523.08 9252.37 
9637.95 7130.86 
1355.11 7014.55 
1899.06 7486.66 
516.712 3326.72 
9238.96 6367.89 
4564.48 563.357 
4967.41 3967.42 
9268.21 743.803 
7901.74 5619.18 
3628.18 8632.9 
724.719 2398.96 
2007.63 2090.08 
7571.21 5657.87 
1105.1 3614.45 
7021.99 9628.18 
2866.8 6659.92 
6759.03 4221.91 
3674.44 8658.08 
1708.56 4191.16 
1984.78 947.503 
559.03 6549.26 
1510.86 5526.44 
516.662 779.052 
6270.24 8418.4 
6398.23 9898.42 
7051.28 7122.95 
2297.36 9058.91 
9213.03 9868.58 
4716.76 318.117 
3483.01 1738.73 
9946.3 6349.81 
8398.65 6705.31 
571.708 2073.08 
5363.37 2280.26 
6264.24 7348.16 
3227.77 6823.27 
3897.4 4738.63 
2349.69 4414.06 
5517.68 8619.93 
2832.45 1915.89 
8518.33 9883.73 
9038.84 815.675 
8942.62 8251.86 
684.234 3659.37 
8569.98 4167.24 
5398.1 8516.26 
517.034 3796.74 
5221.56 1088.74 
5869.82 584.911 
3369.01 2134.03 
7933.07 6596.77 
8957.3 1830.45 
1335.38 1306.97 
6244.51 6853.06 
9926.9 9076.96 
8768.95 8445.21 
8960.68 7807.78 
9260.88 7903.28 
6059.62 9945.12 
1562.64 4629.59 
4112.34 6960.74 
3145.83 4629.38 
757.463 8367.39 
5718.12 6627.28 
8952.3 9087.12 
8761.31 6885.35 
5683.88 7718.6 
8715.8 7019.26 
9025.57 4960.3 
3872.3 8952.45 
4037.24 2641.24 
7397.64 2997.9 
448.999 6658.5 
901.169 6508.62 
6603.6 2463.81 
1138.19 715.929 
9424.55 4284.03 
5345.3 181.995 
2651.4 1063.4 
6809.27 1603.68 
150.509 5570.57 
8489.03 5834.39 
3289.15 7204.81 
2853.63 2314.7 
2165.09 6725.93 
1267.13 6202.33 
9367.16 8664.77 
9200.24 9816.16 
5323.25 101.388 
6324.77 1926.84 
2565.2 7462.96 
2642.77 1989.73 
1746.97 7988.07 
2171.72 4398.36 
9051.48 8981 
6002.04 9201.99 
4551.55 4491.05 
5036.36 7840.7 
1695.84 7889.98 
155.38 3860.93 
4615.89 1422.51 
63.2505 3983.03 
87.2551 9263.49 
3799.18 5410.51 
9364.88 123.925 
7337.35 1930.05 
7586.88 9980.12 
3919.78 9333.85 
7968.18 6091.5 
3732.2 7019.64 
5072.48 9734.24 
6221.61 9624.03 
4225.27 1257.95 
7464.71 5921.11 
9147.93 7620.09 
9782.05 3763.81 
9042.6 9845.3 
7746.84 9129.86 
9108.77 1546 
4540.35 8473.63 
1669.93 1877.68 
403.662 9256.81 
1857.78 4323.44 
8590.64 9825.96 
414.927 2322.82 
6845.58 5487.41 
2057.04 3067.18 
5111.42 6282.31 
4325.13 2576.12 
2203.41 3473.05 
196.199 1985.44 
7236.85 9238.8 
1830.73 4983.68 
8368.64 939.476 
6529.68 2908.97 
9413.1 8199.61 
4786.65 9816.76 
7456.4 6644.43 
4140.19 6047.03 
6470.38 4555.12 
8369.85 3315.95 
42.5083 426.881 
6383.12 5153.93 
6709.2 708.238 
7730.05 8912.61 
4181.29 7926.25 
898.034 1418.12 
7165.04 2728.76 
6401.8 5533.66 
3668.24 2931.47 
8442.63 3081.32 
1131.06 3229.26 
2898.07 8587.46 
9873.69 7038.26 
4634.47 6344.05 
1593.35 3004.3 
9660 1635.86 
3431.18 6043.11 
6789.8 140.363 
6751.34 4519.83 
9052.97 932.613 
2446.07 9951 
2350.74 9611.1 
2679.75 8752.54 
5144.75 6347.98 
1683.99 3587.36 
9429.3 2815.04 
6816.62 2327.35 
1402.48 6690.29 
9365.61 6036.95 
3034.33 958.943 
9041.25 2694.31 
2594.81 2472.42 
8737.41 9384.6 
2612.78 5488.74 
3904.42 1665.74 
6421.35 6350.48 
1616.72 8772.09 
5961.57 4296.47 
7524.61 1106.3 
644.432 9208.6 
4693.65 73.7163 
2023.62 1510.25 
2401.07 3426.1 
8200.54 1766.66 
9463.05 1234.85 
2725.6 8504.28 
3929.16 5320.41 
976.684 2666.56 
4704.99 3589.47 
8155.3 8609.41 
5255.2 4576.64 
4959.87 6871.93 
3348.71 921.427 
1168.38 873.305 
2027.73 1812.81 
81.8838 6721.38 
1886.52 2105.5 
8231.63 4287.59 
5531.6 6432.16 
6054.25 4994.63 
7667.01 8779.85 
3498.9 1596.16 
4100.24 4475.58 
4262.72 8805.23 
8065.05 2418 
7414.61 3320.23 
6994.64 2374.47 
192.14 343.336 
3295.9 1360.52 
1216.64 5323.62 
3173.33 1298.53 
2044.99 5059.85 
3404.03 276.603 
9347.44 8935.63 
6708.76 5401.67 
3930.24 4375.76 
4181.51 7429.14 
5971.91 8281.74 
1904.7 234.614 
7086.95 9969.75 
2652.62 4501.55 
3289.96 9647.26 
6876.02 3482.1 
9990.59 171.9 
4842.62 1207.22 
5495.52 8015.95 
2505.74 7540.51 
3075.78 5909.77 
7817.11 2423.2 
4845.39 4525.86 
7824.88 8775.63 
8901.62 2006.37 
6204.75 4873.51 
288.092 8109.46 
5108.13 7375.04 
8079.19 7760.74 
1876.58 1369.14 
7407.98 8752.6 
4851.24 7398.56 
8924.5 9693.86 
8605.78 4420 
7709.79 1111.5 
1960.5 785.554 
7021.28 9777.61 
3208.76 1866.65 
4303.45 1033.62 
642.26 3205.05 
3039.99 6847.01 
8078.56 3328.08 
4956.45 3186.67 
703.104 3035.63 
947.399 2579.68 
4404.77 8355.38 
1332.26 9256.01 
5753.92 256.739 
8949.86 4359.68 
4676.74 6659.63 
5471.19 6637.24 
7445.18 2492.45 
6414.84 653.926 
4359.1 718.272 
1687.54 5001.36 
3923.32 4727.53 
1848.35 2001.87 
8055.61 6804.81 
5188.54 8758.71 
9840.43 6135.94 
1338.37 4245.18 
4491.31 2670.63 
3501.18 245.216 
2927.37 2451.01 
4604.9 7604.12 
9110.64 76.0729 
4241.34 6555.81 
2568.52 656.159 
7209.74 6927.62 
1374.43 8897.28 
1928.96 5297.76 
3624.79 3777.31 
7299.63 1680.38 
582.1 2488.15 
439.078 422.517 
8624.1 1777.45 
4667.7 3115.39 
4448.08 8168.88 
3360.61 7375.46 
619.874 7965.51 
4979.56 9730.52 
8041.58 9220.9 
6286.31 610.085 
9877.06 3496.04 
7537.7 1251.47 
2393.3 9466.66 
6549.23 6018.1 
3243.95 3848.84 
7698.48 3826.05 
6336.99 8137.56 
4248.57 4961.07 
9915.01 8916.27 
8076.46 4363.08 
7085.13 1437.05 
1738.52 7705.01 
9402.56 6718.08 
7435.51 7444.12 
5938.96 3721.81 
8054.21 5816 
7217.84 5591.89 
7067.47 9611.14 
5058.54 3616.68 
5629.22 8302.49 
7465.51 3327.68 
2128.53 3802.49 
1465.22 6377.1 
8763.56 1380.22 
5293.35 6840.01 
5743.3 2378.47 
8277.06 7481.81 
83.4598 7679.6 
4199.87 7518.97 
5123.71 138.812 
1240.76 3177.9 
5954.81 8458.6 
8769.79 3022.26 
8069.72 3828.31 
6638.93 3698.93 
2130.79 4104.43 
7026.61 4259.32 
7906.92 8491.84 
636.401 6670.46 
9872.05 5929.76 
3510.45 5615.33 
8308.23 1787.5 
3097.13 8391.69 
9467.1 7297 
5910.64 4590.79 
7435.82 7151.39 
7768.69 3390.61 
5609.98 6538.46 
6412.86 3679.68 
366.763 3051.78 
7378.61 2497.55 
7156.21 4405.21 
6756.87 5063.12 
2897.03 7393.27 
1733.56 2769.06 
3323.01 5244.02 
8384.4 1631.22 
7031.52 1481.51 
22.8875 6498.6 
8778.52 5933.52 
1089.37 6214.31 
3084.9 8858.06 
9604.92 8694.88 
5396.51 6017.77 
2374.55 5763.27 
9069.55 9753.16 
8260.83 6225.75 
4158.35 5017.68 
1288.85 7055.37 
2410.94 3022.41 
9824.44 5733.95 
8266.43 8208.82 
7365.17 5297.93 
9690.33 7388.05 
1796.51 8468.83 
3321.56 2885.89 
4683.12 6406.46 
1743.93 4288.03 
5101.32 7140.44 
305.78 7475.87 
2903.7 9375.33 
7229.01 1164.51 
5601.06 1387.34 
6182.19 6889.91 
8442.72 8593.13 
9912.32 8267.14 
4327.06 8178.73 
6475.93 1692.2 
3476.65 6166.24 
9080.26 5273.16 
4635.05 2401.8 
8159.05 9318.18 
8808.26 9902.98 
3606.19 3909.57 
7043.41 3911.97 
1385.42 9947.11 
3287.28 8614.43 
1111.6 8888.34 
1.76066 7293.79 
5778.23 8444.48 
5886.9 5690.53 
6711.59 213.939 
3869.25 3187.51 
1906.14 7345.9 
9353.76 986.381 
2619.04 3988.79 
3388.18 778.066 
3306.95 2196.43 
681.029 6913.14 
6105.99 7724.44 
825.087 7491.42 
7671.53 4112.37 
6105.84 8783.13 
3000.69 6107.6 
6076.9 8778.92 
4552.06 1963.79 
4469.44 1263.63 
2177.73 8338.69 
4451.15 4083.87 
5684.57 3804.88 
5070.25 8303.61 
7793.68 8458.43 
9081.67 1100.61 
654.839 9762.7 
8013.75 6760.83 
7487.12 8838.83 
4252.23 5158.63 
2951.18 358.053 
3941.74 5951.87 
6465.65 18.6276 
4730.78 1017.69 
1982.42 9200.22 
2281.32 4160.14 
7538.9 6732.47 
8244.01 3223.45 
537.334 3314.24 
1527.04 8331.01 
1772.66 608.692 
9431.62 2427.5 
371.375 7445.35 
9188.33 7858.49 
6284.16 3440.55 
3017.11 9235.35 
3798.6 6958.85 
5187.2 264.234 
6977.48 9917.99 
1281.92 8959.89 
9118.19 3563.24 
3120.02 6657.07 
295.693 1364.01 
9880.52 833.026 
4678.25 1407.54 
9164.04 6450.91 
2016.23 8595.64 
8878.41 2387.6 
6040.97 8066.73 
246.082 2325.12 
1507.26 3263.19 
1560.45 5305.86 
222.019 6747.65 
5570.09 7199.49 
6665.62 6852.01 
6159.37 5783.79 
415.24 9279.38 
2440.85 710.932 
643.375 2321.35 
1543.96 5321.63 
3728.88 707.977 
1772.52 5745.11 
9303.61 650.918 
8132.72 5344.57 
8717.64 8378.8 
7669.68 224.883 
1641.97 9230.13 
5530.74 1863.99 
5977.76 1100.82 
9063.49 2643.37 
7952.83 5222.84 
8427.16 8368.07 
4502.2 867.989 
9079 5145.58 
3189.34 622.942 
467.188 6918.22 
1330.92 2239.71 
2663.32 634.517 
2890.63 796.02 
5979.08 1608.26 
9174.82 3648.75 
1833.14 816.776 
2878.86 7363.88 
2680.77 8856.62 
8464.7 1744.23 
1499.97 6417.51 
6967.07 9927.13 
4785.56 1469.25 
795.106 3864.54 
6614.83 3984.44 
4487.49 7082.02 
902.646 5818.4 
9321.73 3565.96 
6452.92 2212.35 
4361.98 2431.99 
3820.6 3536.79 
6080.74 5653.74 
4353.56 8959.6 
3017.61 7034.33 
7816.2 1482.29 
8778.56 9316.18 
7899.8 5745.62 
9243.3 2685.34 
7214.87 38.3863 
6549.88 3829.69 
4022.83 1037.35 
911.687 4925.47 
6855.75 233.402 
8491.44 3308.66 
2445.75 2853.41 
5740.64 6266.35 
6390.19 1821.36 
1920.08 743.739 
780.942 4937.69 
7778.07 8597.15 
6419.97 6556.62 
7913.31 4319.75 
2302.22 7156.59 
7005.09 9517.09 
7194.98 3554.95 
3346.76 1217.79 
4592.3 4258.45 
6143.26 1448.04 
4491.85 4634.68 
4756.7 6937.6 
7488.09 497.323 
3203.93 3878.27 
2318.69 5124.01 
4622 3099.63 
61.6788 2400.06 
1696.76 6481.65 
8956.67 9610.07 
801.389 1258.88 
6766.64 7806.48 
775.95 3961.6 
1361.42 4122.71 
5179.38 5953.72 
8381.16 1322.63 
7401.76 2872.99 
5957.31 2158.44 
9810.58 3445.38 
2655.76 3014.49 
7323.65 4974.45 
8138.5 1945.64 
8074.08 8200.18 
4345.69 9770.83 
4681.82 3302.35 
9380.88 5483.21 
4561.23 6147.5 
3289.67 5337.18 
109.083 4651.09 
9459.89 5288.47 
604.794 7841.03 
6611.09 8006.55 
713.995 2568.39 
164.979 524.56 
6013.77 2820.74 
3539.05 3337.4 
7795.19 1677.54 
5283.04 5869.25 
9877.72 9628.73 
5640.07 4559.52 
2931.07 5020.94 
42.7161 7492.29 
1168.42 3332.39 
2829.46 1277.51 
7983.48 2289.33 
6565.97 8588.27 
130.334 3177.05 
6594.81 844.329 
5745.43 6759.79 
1368.89 1759.19 
9580.53 4907.94 
5096.59 7375.7 
6585.48 379.61 
3244.94 6463.19 
8.32468 8885.01 
1022.7 2939.39 
3905.93 1065.41 
431.668 5074.35 
4397.8 3261.12 
6351.86 2381.26 
5550.45 2917.81 
969.514 5680.78 
6094.86 7564.32 
6525.11 1840.28 
4324.09 7894 
3599.47 3904.6 
2801.93 8696.05 
1280.29 9387.41 
9075.67 4525.23 
5850.59 9083.99 
3410.22 6873.28 
2023.36 7316.15 
7938.7 2455.03 
2390.49 2336.48 
5716.16 8742.35 
4717.75 1266.59 
1660.14 5687.26 
6947.37 7755 
3251.56 3472.47 
9595.28 7575.66 
1366.45 3194.73 
1480.24 4168.38 
1890.77 2760.53 
3555.77 966.417 
7285.76 9406.36 
50.39 695.971 
6279.62 2073.75 
8012.13 4218.31 
4528.79 402.598 
6554.79 244.924 
9144.95 1272.52 
1511.51 805.073 
6959.78 8458.88 
8560.08 211.326 
1931.33 8155.34 
7786.98 3297.78 
1350.06 9267.22 
7466.16 3240.83 
2027.74 1021.91 
4207.24 9313.5 
428.255 4257.63 
9.45496 6707.88 
6331.39 8021.58 
926.17 860.156 
8424.18 7480.96 
1105.08 7569.11 
8753.48 2616.59 
8374.18 5713.24 
1075.46 6934.24 
5924.57 3006.79 
5089.57 3711.53 
6304.57 6439.62 
2978.74 3770.71 
9680.45 5006.48 
4792.62 3887.68 
4319.96 5220.88 
8145.31 4329.41 
1928.74 4476.68 
2350.98 2854.91 
5336.84 775.139 
335.854 6441.92 
8344.25 9089.33 
9058.51 6718.41 
4802.56 133.952 
3652.63 727.111 
3140.74 8742.2 
4438.64 9445.31 
5181.81 7417.38 
