1600 2
4155.32 1396.98 
7409.29 6325.42 
8164.43 1991.68 
1974.01 5164.18 
9751.12 1123.09 
7787.79 5391.23 
5090.03 4914.38 
155.874 6717.92 
3244.89 8602.51 
1139.67 1682.95 
6497.75 3739.29 
140.892 5186.12 
2912.48 2788.13 
8578.65 7312.57 
5925.28 6914.91 
4053.12 80.587 
8311.89 1462.39 
6406.01 6476.3 
3454.07 8380.01 
1640.47 3205.17 
9503.1 9428.26 
8596.41 4593.11 
4342.63 8752.28 
1311.01 7587.51 
7354.77 2450.68 
9270.46 3852.51 
6189.97 9411.35 
9038.63 9102.45 
2199.47 7617.26 
6415 8124.75 
4532.16 468.1 
8205.34 2844.03 
1930.49 4611.33 
9320.34 5384.56 
2991.32 960.791 
8589.73 2494.41 
389.037 7186.12 
7087.52 4731.67 
5938.39 8398.52 
2319.16 3293.15 
849.182 1589.61 
7145.65 7039.15 
1000.94 6184.27 
6141.58 3200.41 
3801.51 2556.56 
1325.14 8333.67 
3024.66 9530.48 
1177.68 4955.15 
4141.79 498.004 
339.693 7133.11 
1458.79 8929.43 
9627.52 1847.83 
6115.53 6715.02 
6579.5 2053.9 
5113.52 8898.66 
5347.05 5962.71 
488.248 2492.69 
3001.84 1489.19 
8676.95 9143.42 
4689.6 2478.45 
1699.96 6014.74 
812.1 4724.62 
5545.2 1989.78 
9679.78 9687 
2487.79 19.4519 
6820.09 3946.58 
8948.88 6447.6 
5794.42 5064.39 
3162.6 2373.9 
7118.3 8276.12 
1272.54 2465.33 
4238.81 1760.78 
4958.02 7240.65 
3249.97 3634.95 
6384.05 7939.57 
6113.4 8084.01 
3954.3 6925.5 
2808.62 9499.5 
8915.29 2488.38 
9186.48 1403.06 
2507.83 6006.55 
5349.64 1456.69 
2454.13 1144.04 
6521.09 5616.73 
3517.94 3639.37 
3892.84 4790.47 
6104.7 8131.65 
6551.26 1062.7 
5372.28 9801.23 
4697.65 1756.31 
7740.79 811.036 
9840.33 1695.06 
7736.54 2648.93 
1194.55 6651.81 
5137.31 381.008 
8054.87 7645.14 
6387.56 3404.49 
9101.84 8841.7 
4548.53 5622.9 
4458.41 8066.47 
9262.27 8351.25 
2856.93 5366.95 
6482.88 9408.18 
6429.65 1855.15 
9209.4 1127.28 
3611.46 6950.17 
1938.32 3451.77 
8645.23 9674.86 
6100.71 9839.78 
6326.65 1238 
220.773 4381.5 
8883.14 6608.33 
7785.99 7984.96 
5450.01 2334.51 
3607.85 9908.42 
400.961 2870.1 
8259.66 3257.89 
8237.06 4742.52 
2666.05 4666.69 
6597.67 1875.44 
5793.98 209.114 
8825.61 7732.3 
3660.89 7470.82 
7407.14 9761.59 
7310.59 3733.77 
999.574 7531.36 
8115.27 9882.72 
4139.68 5901.25 
7867.66 9589.69 
8235.75 1475.49 
9498.1 8636.72 
4345.6 7757.74 
1894.59 2582.64 
2500.24 4560.64 
7249.33 9097.91 
6436.08 3043.29 
9307.02 5261.67 
775.565 2967.89 
2732.47 8182.7 
2729.47 43.0433 
1916.46 3729.04 
7574.4 31.7125 
3611.74 1714.06 
5932.96 1479.38 
1303.74 4168.7 
2954.87 801.814 
2805.4 7300.47 
8559.55 4699.98 
9883.11 1059.77 
9260.63 7132.42 
157.664 5696.69 
175.685 9464.69 
958.34 951.25 
2432.56 3690.81 
9133.95 5162.03 
3733.86 1050.39 
8891.07 1308.24 
1082.11 2502.79 
3022.3 7015.07 
3982.17 4326.04 
1183.75 6937.04 
5127.85 3989.14 
4237.5 3687.39 
8689.13 4120.59 
4747.16 7949.74 
1252.99 4904.82 
3646.41 1428.67 
4369.49 4604.75 
2379.92 6802.05 
8295.56 1513.86 
1964.06 2029.4 
2564.25 855.114 
3337.65 3646.36 
3357.9 6359.95 
661.406 7340.07 
685.973 1845.15 
4277.1 5813.83 
5834.3 8514.59 
9501.21 4523.41 
2635.16 4248.36 
2473.13 3888.15 
9153.18 6119.54 
5316.82 3522.66 
724.276 7696.74 
324.694 9019.84 
9210.6 2288.76 
1049.23 1774.83 
3143.87 4386.87 
5421.19 6501.77 
746.805 6082.6 
3841.83 1432.78 
7927.75 8118.93 
7246.6 3762.03 
6633.5 6747.8 
8285.44 9268.67 
996.142 758.551 
3156.8 149.305 
6878.09 8473.62 
3671.96 7602.37 
6170.35 3996.66 
6622.19 5380.93 
6285.41 7671.42 
7155.76 9429.29 
2058.27 2576.94 
5931.04 2805.08 
8659.53 9772.87 
4237.86 6587.26 
7891.78 1484.45 
349.274 4525.27 
8232.25 8634.71 
3793.92 9228.39 
9393.26 6950.72 
9377.69 6271.34 
5424.33 3049.64 
3873.69 1594.66 
7046.29 495.866 
6975.59 3331.69 
8167.28 4131.34 
2760.96 225.542 
6708.27 8692.01 
3030.62 5367.79 
8464.86 7268.48 
1955.03 6356.63 
8752.92 2304.31 
881.885 6985.15 
939.002 4675.81 
6213.53 332.247 
1626.51 5591.2 
6603.58 7050.84 
8640.84 477.258 
8645.5 5687.12 
973.123 5621.08 
9018.81 9140.41 
9752.41 1779.76 
9365.95 6460.67 
471.747 2396.55 
1828.44 8936.61 
9665.03 3783.47 
5293.22 8417.94 
6087.78 6175.11 
5403.07 7026.78 
850.901 1616.58 
7359.03 2477.42 
7207.78 3962.6 
9528.26 5848.61 
4439.86 8173.75 
1535.71 5412.98 
3794.81 554.504 
4553.37 3547.2 
2334.26 3919.3 
7.85168 2806.01 
6315.85 1836.29 
1742.6 5980.87 
5619.76 7035.83 
4398.79 1707.53 
3210.92 9801.86 
8734.31 4061.82 
1418.43 6093.32 
6539.23 8626.21 
55.902 6067.48 
4474.8 4495.76 
4241.21 6010.51 
9908.74 8036.01 
6565.02 4462.09 
1583.2 8899.28 
8381.39 1591.05 
1705.27 4697.23 
3427.34 3447.87 
678.08 9047.1 
483.677 5076.87 
754.609 3694.6 
4878.72 9488.92 
7756.41 6297.15 
5582.22 4295.63 
4923.34 5638.12 
363.093 9398.14 
133.864 4604.3 
5408.64 42.583 
2640.3 1973.64 
4504.67 4223.49 
872.899 2886.04 
5814.54 2578.17 
7583.27 9241.88 
6026.03 8261.35 
8288.96 6509.71 
3338.21 9043.57 
204.289 8216.92 
8532.47 7960.7 
4514.05 4114.67 
2256.32 9437.39 
9752.8 2619.41 
8835.52 9886.66 
7223.71 4244.14 
9929.25 9864.01 
6217.78 4433.9 
4087.48 7090.68 
7319.94 9902.02 
9668.85 4903.2 
9143.88 5694.86 
3164.53 7432.83 
2204.56 6502.74 
6476.38 2408.85 
4719.65 5008.83 
369.533 9233.7 
9123.5 2625.85 
8671.07 8876.29 
5245.26 7506.57 
8762.93 2468.96 
1750.7 8692.16 
2332.95 7968.48 
3126.04 6420.43 
5059.14 445.969 
6322.44 4727.97 
5349.17 5466.3 
422.819 8513.7 
2899.11 2627.38 
5016.42 9375.49 
5036.22 9736.07 
4384.3 5405.76 
8969.75 3507.79 
8031.61 7640.8 
2384.06 3276.85 
5147.36 1146.98 
5745.82 6898.05 
9839.13 8078.77 
4866.52 2965.16 
4499.18 9925.66 
3411.13 821.605 
4653.61 8760.3 
6287.91 5076.43 
7273.98 9187.02 
7703.81 2290.39 
8562.5 2740.02 
2026.44 2946.78 
8145.77 996.172 
6454.58 6177.36 
8636.97 8838.64 
9454.22 3784.31 
9985.61 5200.01 
682.349 9824.73 
3278.76 5548.87 
2789.87 7777.95 
5474.51 6201 
8599.55 128.104 
4961.28 4887.44 
5204.54 2235.25 
4074.45 2908.33 
4525.63 2636.93 
5648.35 6552.08 
5583.71 3794.1 
7548.25 2038.27 
9971.46 6185.2 
876.893 9425.66 
9969.51 862.489 
4625.66 651.847 
687.204 7904.42 
6200.71 3477.08 
5682.35 1675.2 
9678.08 4281.88 
1803.31 4639.35 
9169.33 7007.84 
6874.59 3243.76 
9916.17 1400.21 
5880.69 5564.5 
7952.29 1464.38 
9358.6 5500.52 
3502.65 9330.05 
1685.7 4379.55 
8755.69 1655.2 
5242.04 3381.33 
2307.05 5929.24 
1285.73 8507.76 
9406.32 6968.08 
182.943 9084.38 
1249.94 1986.25 
3723.71 419.248 
8994.09 598.29 
3663.01 8910.25 
1998.5 9543.69 
4474.74 9950.79 
1008.05 3833.32 
5451.29 4510.71 
3163.35 7136.99 
8890.25 1919.02 
8792.19 4132.27 
5300.35 1099.22 
61.4931 6586.08 
9606.98 9467.81 
3554.14 9789.92 
8552.18 4804.08 
1776.15 2275.87 
5223.33 770.23 
2874.16 8886.33 
9680.48 4872.66 
8430 4155.2 
4823.44 9438.06 
7988.52 274.708 
3948.75 1151.86 
7411.7 2838.98 
3070.89 6203.87 
6971.25 8371.24 
7303.09 7032.75 
4957.3 6910.05 
6500.54 8511.43 
6699.96 5052.7 
3315.49 8476.11 
7328.57 8538.82 
9246.34 202.719 
7425.13 8926.8 
5075.38 5855.12 
3081.99 9898.82 
5293.16 1070.49 
173.51 9241.91 
2222.36 7585.21 
2080.87 5293.24 
3789.06 9052.12 
3664.46 1092.14 
6084.85 8621.76 
8002.19 2585.38 
7133.17 4702.12 
7638.08 448.652 
3178.22 4966.63 
8987.47 2424.54 
5169.35 6412.59 
1351.32 244.718 
2267.69 4433.31 
143.521 7560.85 
5503.81 317.031 
6802.74 7726.16 
7902.24 8883.61 
3019.39 1691.28 
7935.72 6683.85 
2783.42 4020.56 
5305.59 785.589 
6605.93 2438.75 
5487.71 4243.99 
2887.4 8665.93 
9210.62 1874.85 
1090.45 4379.96 
8287.44 2441.77 
4624.68 555.113 
6875.09 4768.2 
8115.96 2378.87 
5085.23 4918.68 
105.019 2987.45 
3802.28 3124.41 
4678.74 1737.98 
9808.25 7462.16 
5758.54 5113.82 
8247.74 2364.45 
7552.57 3735.44 
6608.44 439.952 
2401.35 5819.05 
2314.8 3491.81 
198.992 602.227 
5933.58 4823.67 
1157.34 2808.65 
9591.87 9273.3 
5187.52 4677.08 
4191.97 5292.54 
7664.53 7994.25 
8416.95 2343.25 
9732.23 8225.18 
9805.4 5490.75 
3338.99 8053.13 
7855.2 891.546 
1788.55 4463.63 
1331.5 4189.91 
282.659 3646.3 
7681.71 481.651 
4248.53 3615.28 
5305.32 5405.87 
6423.92 4897.17 
4679.15 1611.43 
9574.25 8871.12 
6903.97 7238.76 
6865.36 5320.9 
9582 6597.57 
3546.07 9387.39 
2088.3 6885.06 
7440.5 9943.5 
7776.61 9229.05 
4407.11 9108.11 
3418.94 4689.77 
2754.39 1100.64 
5171.42 7002.92 
4715.92 476.721 
2408.77 1139.82 
5373.89 7087.93 
2751.25 4948.12 
5959.04 9655.23 
2186.85 2824.38 
4976.11 1768.84 
9421.95 8522.18 
1156.21 1510.23 
5407.23 8596.71 
1453.72 3183.82 
7825.75 5860.83 
2291.92 1244.67 
550.577 5046.31 
2345.31 5722 
2049.21 7061.23 
6198.72 4457.99 
8201.05 1572.59 
1545.9 952.286 
6520.71 7504.94 
607.495 8707.56 
329.3 5583.61 
476.383 9751.25 
4105.78 1632.59 
1261.46 9513.01 
229.287 2715.18 
2696.82 8055.03 
8576.01 4988.73 
9299.71 9126.58 
35.023 1645 
4848.56 2084.24 
8706.23 1047.26 
6542.23 6907.26 
2619.85 8088.13 
7859.55 9140.56 
5593.05 8467.04 
7848.1 5922.35 
4050.63 8324.48 
5673.58 8156.41 
9957.08 6935.04 
7669.4 186.346 
9650.22 366.2 
8241.38 8226.21 
5354.93 7541.07 
7352.78 5389.95 
9186.07 2201.33 
7474.19 7892.28 
3248.59 4016.4 
4799.53 5868.44 
2104.51 2659.06 
5008.98 7697.56 
1126.08 2857.06 
3619.89 5176.72 
1181.53 9293.47 
3333.11 1138.59 
6228.49 1002.5 
1324.93 5878.7 
1368.7 9566.31 
4104.9 6723.63 
7107.36 1457.66 
2113.56 6293.41 
3658.99 9587.75 
4185.68 6907.58 
3604.14 8985.2 
2776.01 5708.65 
1644.24 7784.99 
3406.19 2770.33 
642.034 7026.07 
7947.04 1823.56 
6319.53 1280.14 
2962.15 2548 
2282.63 4287.08 
8426.7 3651.33 
3853.38 2531.59 
374.938 960.726 
3989.25 2488.5 
7254.14 7648.24 
2076.24 1439.8 
4555.8 5680.38 
424.989 7331.81 
1389.01 2069.23 
5116.78 4795.19 
4839.56 5758.81 
1821.25 2786.58 
7582.38 8140.77 
4066.72 544.508 
688.759 6349.35 
4831.59 9115.46 
0.66612 8684.97 
1647.03 375.604 
9645.7 5636.28 
2864.11 6899.82 
3284.5 4940.35 
8339.62 7840.31 
620.704 8764.61 
5172.1 2009.71 
833.829 288.861 
6804.9 5673.39 
6047.67 8626.15 
8459.97 3630.03 
6766.91 2526.67 
4174.54 7455.67 
8876.03 9006.13 
6571.11 8876.7 
7691.09 8218.14 
9252.3 7336.77 
3854.41 2116.39 
4236.58 7138.91 
7056.73 2576.18 
4979.2 7677.44 
1340.78 151.286 
9687.15 2174.61 
440.147 6492.03 
7848 6487.82 
5118.16 6307.95 
117.835 1885.05 
8834.63 4292.37 
9340.72 7710.64 
3298.49 5911.81 
6587.32 989.562 
4129.94 5839.6 
8326.33 7984.35 
7955.99 2562.89 
5123.25 5012.7 
5139.08 102.435 
2690.12 6479.86 
253.721 2377.25 
8654.47 693.868 
8869.29 6502.45 
7181.69 3987.43 
2810.39 7299.52 
5872.49 1644.99 
1591.88 5213.19 
9355.63 4890.37 
1124.99 5942.93 
5879.93 5254.93 
1782.51 4206.25 
3239.26 9738.5 
6769.14 8362.51 
4751.18 1908.2 
8464.95 7441.31 
8388.06 8718.67 
9818.56 7042.51 
9412.53 8687.83 
3544.95 6594.2 
2675.24 6355.33 
3893.71 8547.73 
8000.32 5485.59 
3760.9 7355.94 
375.946 4885.89 
3298.85 6255.88 
140.798 5081.37 
462.11 3380.06 
4819.85 7231.25 
1742.55 9571.03 
9139.45 207.482 
7012.32 7527.49 
8926.15 6830.87 
4569.98 8338.66 
5518.68 8114.93 
4932.85 8193.92 
4470.24 8826.56 
6741.64 2470.55 
4312.14 502.521 
9826.49 4688.08 
5388.41 3125.33 
943.945 5529.21 
8206.69 1406.05 
8909.27 3026.52 
8637.3 651.802 
2597.54 7776.74 
859.284 9609.86 
5304.21 9785.43 
6440.71 9874.19 
8124.08 1959.37 
7989.1 3056.91 
153.277 2459.33 
1883.46 6894.91 
4929.88 6195.6 
7397.43 4756.35 
883.663 2785.83 
7881.68 1827.61 
8315.03 6088.35 
3233.66 7224.28 
9114.88 1870.95 
7876.08 1712.4 
9647.68 8735.36 
1322.24 4951.88 
8520.78 7762.95 
4826.05 6644.84 
9722.32 2815.13 
9701.75 9875.6 
5274.46 1585.2 
6770.49 204.319 
7780.79 4167.91 
4960.67 8664.46 
6953.74 2842.33 
492.046 5268.75 
8930.68 3725.71 
2493.01 8045.54 
5596.66 369.076 
9757.93 5244.33 
9104.44 1080.16 
196.184 7625.2 
8843.1 5022.23 
4270.03 8565.41 
7837.37 3971.76 
8440.98 3111.81 
5556.96 5211.46 
3316.13 3337.73 
9379.37 8276.8 
2002.17 6333.09 
1119.11 2494.22 
1601.82 49.7709 
6219.93 4094.83 
8095.31 1816.57 
4463.91 7853.23 
7060.89 3568.33 
8933.38 7257.08 
1193.51 7776.47 
2279.29 5463.54 
6341.86 116.641 
9435.3 4782.83 
3228.45 4992.24 
9994.28 6544.58 
8329.98 9373.64 
4821.36 332.134 
5706.71 5940.46 
2826.35 7308.53 
5990.24 9046.28 
1403.34 4085.53 
862.829 5867.25 
1938.74 7923.72 
9435.57 872.105 
5180.78 629.072 
8648.58 7460.07 
6092.61 4990.42 
7576.71 5527.9 
9773.24 805.147 
520.125 9767.51 
7349.72 8850.1 
9141.13 2171.06 
9182.24 4847.82 
8111.53 2008.57 
2156.33 4101.75 
1054.83 3559.67 
8187.27 1917.66 
9426.91 125.995 
9841.38 8862.47 
998.101 5022.15 
9491.54 9646.68 
2482.2 5584.14 
4637.08 58.8997 
1112.02 4410.31 
864.046 1632.14 
4177.8 8213.77 
482.229 3318.91 
384.817 9664.47 
8166.73 8496.35 
1673.02 323.042 
2598.07 2727.85 
3882.71 785.331 
4645.51 3309.6 
911.327 4486.88 
2172.05 1909.43 
9509.03 1663.58 
1556.09 1991.21 
7247.71 6193.17 
2050.11 8359.73 
603.455 2914.16 
9991.87 4781.25 
1127.91 474.086 
8100.17 1512.73 
138.534 6266.88 
9.0573 1811.55 
6589.92 2607.13 
4539.41 472.613 
3392.46 9184.92 
3782.22 4303.79 
3671.78 5954.27 
6213.22 3180.79 
7617.85 7769.31 
5172.01 4865.54 
3962.46 7222.12 
3225.26 4565.91 
136.257 3217.12 
9347.16 1264.17 
3691.2 7447.31 
2776.9 3829.74 
3714.18 2785.96 
5641.29 304.082 
5393.09 180.681 
776.696 8785.55 
9365.6 4558.91 
3089.32 3037.37 
513.164 9302.54 
6218.16 8131.01 
7071.83 1390.15 
2996.54 1034.27 
8612.27 6221.8 
5600.18 8748.52 
9438.92 4947.32 
12.6749 3130.1 
2394.62 2789.57 
6959.84 6108.8 
5575.53 2601.11 
6412.88 968.598 
2781.79 7189.58 
9754.15 2147.38 
1748.47 2843.45 
5184.74 2261.63 
2145.98 1402.89 
392.627 9217.81 
2793.04 3389.17 
252.061 1405.29 
9610.96 5852.24 
153.792 9049.86 
799.545 166.467 
2179.94 3194.17 
2956.04 9139.78 
9302.96 8531.57 
1740.87 5715.83 
9500.17 4522.67 
2905.38 9254.3 
6670.04 4653.85 
2097.73 1854.77 
6915.49 4243.71 
3257.66 7308.11 
3461.51 6050.69 
697.264 3713.57 
7455.98 308.211 
9565.81 7609.77 
9358.07 365.334 
7776.24 1538 
3559.5 732.261 
677.764 2862.44 
9263.83 2418.64 
8578.27 8763.98 
6941.3 1483.64 
8018.26 3611.33 
6137.49 115.975 
5466.09 3052.96 
4359.69 8723.75 
361.058 7821.2 
4774.43 1058.32 
1534.75 2230.39 
1366.53 1100.53 
9840.16 724.588 
1465.87 7616.38 
2262.59 5025.37 
8348.64 2940.35 
7887.81 7612.45 
5358.99 6466.06 
6376.42 2300.27 
7949.7 4394.65 
5911.6 4087.18 
4510.63 1377.68 
7140.14 8870.32 
101.413 7501.19 
6691.5 4875.84 
8559.52 8226.24 
7106.23 9926.05 
9326.78 6946.37 
650.62 792.625 
4562.74 2913.21 
5817.99 2911.36 
5853.56 3705.79 
523.802 1212.53 
171.834 6900.22 
3512.8 8121.54 
1294.85 9424.41 
2208.69 5805.48 
802.069 9348.83 
4675.78 903.482 
6850.01 1367.26 
5779.32 5409.51 
9593.51 2885.53 
5335.54 8920.26 
9831.91 5986.16 
9712.89 4394.63 
8899.37 5530.86 
7305.99 4752.91 
9236.65 7829.79 
5965.44 9408.48 
4729.99 9478.24 
7530 6024.85 
8902.63 9738.7 
1830.32 9704.7 
9087.51 6506.1 
608.162 5937.5 
7873.36 6387.48 
1346.99 7466.85 
9273.02 6682.53 
6387.1 9104.91 
2668.67 6099.97 
3499.52 1568.02 
1630.82 805.498 
6320.93 867.453 
8635.29 2286.34 
275.92 3365.27 
1764.57 7805.92 
9390.12 667.179 
7544.6 1220.42 
371.859 6632.1 
7726.52 980.021 
2569.58 5599.86 
7367.5 3916.57 
3066.7 6640.51 
599.085 9453.8 
5745.4 3267.76 
5553.75 9244.92 
4835.78 7184.57 
50.4022 1156.69 
8052.02 8685.7 
3443.03 8327.94 
2050.95 5207.6 
6133.85 1441.05 
5874.78 3678.44 
2661.47 6246.64 
310.516 387.968 
7226.66 2880.1 
5987.83 4594.14 
6796.67 9054.53 
1234.63 7395.75 
8508.31 6980.03 
663.492 4062.05 
6224.94 5499.27 
1246.6 6275.34 
6655.96 9298.63 
4961.02 98.9696 
7626.56 7011.97 
5306.57 3760.39 
8453.02 1181.33 
7438.83 1114.47 
7427.96 7749.34 
1502.44 4654.6 
629.421 7490.27 
9248.75 7426.09 
6544.78 483.365 
4821.82 5053.08 
7463.4 5485.31 
9115.12 3688.32 
984.567 361.709 
9963.66 7640.52 
9660.34 4924.66 
7739.49 7286.88 
1936.61 3046.04 
1047.25 389.609 
4227.37 8486.08 
1504.08 1655.32 
6235.4 3006.51 
6309.92 6864.82 
496.764 5558.65 
4290.89 7041.54 
6042.02 9112.71 
2094.6 3505.4 
4598.01 1209.71 
7193.72 5582.58 
1571.42 7157.36 
3223.08 1231.74 
2082 962.559 
8518.61 4018.61 
4008.6 9565.86 
4408.22 8235.97 
8051.92 5912.3 
9891.29 4287.3 
8918.81 6201.19 
1152.1 9415.57 
1759.83 5443 
6457.1 7801.85 
4555.69 8551.7 
1307.23 9153.71 
9761.41 8500.95 
4736.27 1332.81 
5658.29 7959.35 
2564.55 7740.29 
8921.91 1083.14 
1758.88 2930.5 
648.987 6167.1 
1166.45 8700.9 
2079.38 1057.73 
2988.19 998.173 
7258.92 4140.29 
413.731 9018.75 
9583.29 6870.83 
6820.58 4138.96 
5422.52 8127.81 
3292.65 5183.92 
6628.74 8028.92 
6516.73 2287.01 
5988.26 9081.28 
27.2871 4910.16 
164.405 1786.17 
7840.65 813.392 
7953.27 9007.11 
9514.3 32.632 
64.8177 2502.47 
1030.81 7323.74 
6642.76 1444.54 
6342.48 6226.03 
8315.37 3163.04 
364.979 3737.87 
1290.84 3657.63 
8921.79 7919.58 
1686.54 5438.5 
206.581 7674.8 
4519.76 233.868 
2584.94 4684.17 
2020.04 425.573 
5497.56 9973.31 
9432.68 5011.84 
5.9211 9497.5 
7514.31 1036.73 
6821.22 4157.05 
2481.26 3163.68 
383.065 796.614 
6326.72 748.044 
4534.49 7617.56 
4405.68 3456.26 
5537.13 6092.22 
8894.76 5743.71 
3767 3414.51 
5977.58 6351.93 
8098.68 7997.62 
6777.51 3596.22 
7970.91 6210.17 
8608.06 7976.83 
5707.65 6122.35 
9013.55 2528.86 
279.386 1494.8 
5692.54 662.451 
2291.41 2019.25 
1410.5 6825.9 
9636.81 5816.17 
282.141 5173.92 
1908.37 9176.9 
917.619 5675.37 
2591.39 6895.2 
2027.29 690.049 
4892.8 8804.79 
4286.27 2863.69 
5014.95 2894.31 
840.498 722.587 
9016.66 9854.05 
3251.44 9296.05 
1348.83 8943.98 
9958.5 3640.25 
963.213 1368.98 
466.129 600.007 
7185.15 748.269 
5773.93 9093.52 
9925.17 6691.55 
4768.87 2516.54 
3586.73 6796.16 
3206.59 8479.53 
5600.94 7492.86 
1343.2 615.871 
387.154 2183.7 
1338.46 9403.82 
2037.74 4589.9 
8699.85 3386.57 
3533.87 8658.33 
7026.81 4497.08 
27.287 7492.94 
5097.09 7212.44 
8241.21 871.004 
6305.94 8166.37 
7562.55 1074.8 
682.894 1149.27 
7870.95 3889.49 
9628.8 3471.88 
1382.33 971.985 
4087.75 1769.48 
3155.69 5426.21 
1173.28 5193.42 
16.0913 9873.13 
8579.99 3549.96 
8531.44 5606.79 
8047.04 8558.73 
3099.71 3144.12 
5771.14 1340.91 
4015.12 2077.07 
9507.28 1577.66 
3151.86 190.155 
2726.93 1022.8 
4079.64 2355.71 
4494.68 5461.97 
3327.7 8582.42 
7231.46 6483.38 
4008.61 8404.74 
1676.79 4024.7 
8277.85 256.758 
7574.66 6809.27 
5863.55 5621.69 
5367.98 8963.26 
8765.81 1139.11 
304.155 2780.91 
3216.17 9811.43 
4358.57 6368.04 
1.57059 7085.5 
7390.84 4081.21 
9441.21 1885.5 
9543.18 2768.88 
467.903 6774.62 
9252.26 4476.51 
5179.35 929.032 
8501.22 3457.18 
1185.79 6075.86 
266.436 7049.34 
1697.54 5634.42 
6012.58 463.328 
6773.52 6316.74 
3244.24 9989.7 
6128.15 7602.81 
6357.72 6129.72 
4688.29 3748.54 
210.919 4129.47 
5634.03 9754.1 
6898.36 6101.94 
6528.71 6150.6 
578.435 1708.04 
7079.63 9079.65 
5165.22 8265.43 
5155.5 5431.66 
5314.75 6853.04 
1066.06 1327.31 
7316.37 7839.58 
7644.05 560.589 
7829.26 3772.18 
8163.4 4186.96 
9901.91 2851.67 
7935.5 112.806 
6981.14 3569.52 
9866.91 3879.48 
9671.46 6395.6 
30.0635 249.874 
8103.65 7109.7 
9329.53 3268.85 
5375.11 4485.01 
8700.51 689.835 
1338.03 9766.57 
2017.14 8654.4 
7606.13 9661.19 
9214.99 5435.37 
3433.36 7378.36 
9622.33 3335.24 
230.013 7557.81 
3448.05 7211.15 
1127.32 3314.94 
1090.61 798.753 
9710.55 1120.68 
1048.63 7814.18 
8230.38 378.137 
1083.01 3605.46 
4863.15 9783.52 
4295.3 6201.18 
9550.07 6312.44 
4855.56 7156.18 
5973.62 4070.52 
2591.54 9406.97 
1448.87 2213.85 
2742.2 1678.89 
9771.67 6190.25 
8890.04 898.967 
9505.2 9980.65 
1697.72 9215.73 
1101.31 2746.35 
7029.89 9331.69 
3124.48 8112.9 
2937.13 7987.63 
7896.4 7232.43 
4188.79 7446.46 
3544.86 9044.34 
4602.62 9518.48 
3114.85 7194.16 
8925.44 4563.72 
9408.01 1667.62 
6242.61 9179.66 
7857.88 5132.63 
78.6126 7363.05 
5113.26 1776.33 
6578.76 6214.58 
4522.68 3608.63 
5546.24 7647.16 
1721.51 8483.38 
5634.78 9617.92 
5715.79 9823.56 
7064.35 9260.65 
8867.89 1666.96 
8779.11 1982.73 
8861.12 7704.53 
6546.45 8269.11 
9372.16 2789.04 
7448.76 7230.01 
7921.67 7527.37 
4593.05 3034.92 
9303.7 1171.8 
9249.5 3826.37 
4780.43 4795.72 
1473.51 6501.94 
3279.08 7108.29 
6119.84 8994.87 
6931.84 3184.18 
8255.51 5799.71 
4851.14 7034.6 
7782.44 3712.24 
4739.12 4328.87 
1981.33 4111.26 
7117.92 9430.09 
1341.25 5039.58 
6957.44 5934.31 
8074.5 6261.13 
7106.1 7323.98 
87.4739 1886.52 
2119.68 1560.99 
8388.46 5398.76 
8669.27 4508.29 
4393.62 5601.09 
7692.47 2649.11 
1400.79 2543.59 
9683.71 9183.23 
6255.82 4422.81 
3512.08 8237.15 
8534.07 629.983 
7667.23 9875.33 
5669.56 4624.65 
5809.62 3744.04 
885.757 2915.7 
1068 973.231 
4802.22 3187.68 
2534.22 3190.66 
8586.45 1203.47 
7698.95 2980.05 
6804.57 5391.39 
5629.16 8205.36 
7934.98 5312.86 
7388.56 4190.79 
9735.67 900.631 
2427.93 8269.73 
1530.61 95.1333 
8145.04 7200.17 
4719.78 3954.64 
944.195 5605.54 
6870.34 2012.19 
6578.77 1672.54 
5199.88 9112.99 
4863.2 3786.31 
316.444 2562.13 
6766.36 7121.01 
7953.52 2395.5 
5326.35 5888.49 
7708.36 2714.9 
79.2559 7444.02 
3615.53 2507.18 
5713.73 5146.14 
2602.31 3858.75 
2346.3 7322.1 
7813.38 3290.49 
2927.62 4683.7 
5302.69 9506.39 
6356.24 502.548 
8619.36 1219.42 
4288.86 8935.8 
3781.54 1055.2 
6056.8 1735.05 
3450.71 1383.13 
7623.53 1159.05 
4098.03 7702.79 
8603.06 7713.56 
209.953 4316.77 
2859.68 2812.27 
8175.52 5205.98 
134.347 5988.88 
8496.47 3061.97 
672.566 3799.14 
2568.34 7028.8 
4301.69 1187.68 
8248.22 8590.54 
123.467 2029.75 
9645.74 6180.27 
3764.8 3096.43 
7563.4 1388.31 
4255.48 1661.41 
9091.1 2858.53 
9374.96 9301.06 
7175.3 2234.63 
2113.31 5350.8 
7440.6 2247.65 
1339.67 5937.05 
5309.62 2012.23 
9736.19 7877.96 
9041.04 4037.86 
9065.63 7289.24 
2628.39 9189.1 
9318.99 2274.12 
5369.35 3083.77 
5370.55 2932.73 
4472.08 9626.03 
4594.14 3563.17 
2484.54 3969.08 
2864.21 9659.84 
6203.71 4977.52 
5010.63 3644.3 
7225.17 6350.3 
9581.35 2534.77 
8362.53 9317.53 
412.707 7403.55 
3355.37 9478.34 
4692.78 5983.76 
8667.43 4011.75 
8257.88 4036.76 
7095.52 3628.41 
6969.49 1567.59 
3254.42 1563.61 
5130.76 5738.96 
5532.7 7994.97 
5398.79 1736.39 
2972.47 409.398 
5380.69 197.618 
6759.69 4962.02 
2732.39 5122.21 
4279.53 3145.09 
2525.74 7634.9 
2623.42 7218.52 
3618.64 1290.83 
1230.25 1876.5 
5327.59 8325.77 
5504.9 2297.07 
9893.36 8759.32 
3860.68 5024.1 
4498.27 9393.38 
3019.06 9897.05 
1129.75 5991.52 
306.433 6510.44 
6189.14 7066.13 
1472.44 8921.53 
2188.32 5751.97 
2066.61 4714.06 
3386.85 4690.02 
1932.56 7005.49 
5980.85 3162.81 
8881.99 1308.43 
1488.56 4386.88 
3605.49 1381.91 
3146.18 7466.17 
6406.01 7644.45 
6859.53 9425.07 
7541.48 7989.28 
5416.58 7847.92 
4499.7 1605.7 
4914.03 5972.14 
527.215 7102.35 
1724.09 2593.82 
1816.39 5110.94 
7283.85 3748.95 
2116.42 3264.68 
6911.76 998.386 
4573.11 8400.32 
5385.26 8178.6 
9782.23 8531.45 
5644.76 6188.23 
6175.88 2504.27 
5613.28 3717.34 
493.538 1029.84 
1565.24 4993.24 
2635.55 6479.27 
965.369 3162.76 
3581.6 2689.46 
5756.58 5397.99 
7800.41 3040.41 
9146.94 9916.82 
6305.09 6058.68 
915.19 878.187 
4458.98 6300.45 
9056.79 4241.2 
4831.88 4701.53 
429.412 1007.74 
7205.8 6042.69 
4725.08 7699.34 
7072.54 6290.33 
2692.56 9708.08 
2769.59 3657.93 
2870.83 6351.19 
6347.4 8627.41 
1749.16 4147.78 
1667.8 896.081 
4064.59 7972.9 
6954.76 4979.78 
8851.08 1413.73 
1280.21 7907.86 
5654.93 6112.09 
2609.37 6084.34 
7119.83 9815.17 
2127.02 1844.9 
7514.49 9199.56 
8135.23 207.038 
8907.62 904.8 
3864.97 1778.43 
7255.99 212.35 
405.827 9005.15 
4360.13 2073.63 
9901.23 8424.72 
46.5122 6855.97 
3404.48 8897.6 
8269.7 4684.7 
6805.44 3924.61 
796.774 9414.8 
8.93632 7916.61 
9229.96 2135.95 
9761.51 6744.43 
1335.49 7896.73 
6951.47 243.1 
8801.53 816.423 
2021.53 6057.5 
1028.77 2427.36 
5062.63 5388.91 
4500.99 4963.84 
3813.61 4547.51 
1819.79 7218.1 
3445.09 89.4787 
1902.78 250.504 
4014.09 2699.55 
9665.31 4023.03 
616.14 8895.25 
6158.98 377.634 
5639.66 7494.48 
8274.36 2591.11 
7737.58 7075.87 
3407.53 9759.11 
3133.35 4436.31 
2186.46 8195.97 
9825.21 6687.45 
3159.8 3638.81 
1234.94 4979.59 
856.885 4680.02 
5069.07 2759.66 
4930.53 9083.16 
5459.21 4595.82 
3106.17 6075.35 
3491.05 9265.15 
6452.98 9130.71 
6759.61 4727.33 
1721.8 4497.17 
1803.18 5129.33 
4256.27 4936.52 
9565.64 6442.72 
3132.48 9390.83 
3130.16 6292.28 
3029.63 4365.1 
1271.85 3886.51 
9045.12 6340.92 
6646.17 3975.63 
5424.06 2105.36 
8571.45 8530.23 
8180.71 2062.48 
7795.37 4633.68 
1193.17 4554.97 
9361.01 2914.97 
9052.14 1164.17 
8044.31 3308.39 
6100.69 7609.93 
9751.11 9233.17 
7000.75 2881.26 
5525.43 30.3564 
7246.35 6797.28 
3916.87 6291.46 
3138.18 563.022 
267.07 8562.24 
2668.39 8838.52 
7092.46 849.083 
900.984 4887.81 
5482.76 2094.16 
9442.78 4843.75 
5009.13 8494.9 
6007.92 3053.42 
1803.27 2108.59 
663.329 1554.37 
1341.74 7664.08 
4435.63 6867.17 
7694.43 1681.96 
3664.43 1611.28 
7973.42 6802.61 
2174.31 8240.49 
5364.83 4842.69 
7078.99 2457.27 
5691.77 7979.97 
7345.08 1174.52 
74.1108 6787.85 
6018.27 5083.24 
5282.73 2026.17 
8136.65 7086 
4134.76 8799.98 
8640.37 5476.5 
6464.04 3075.98 
2343.65 4158.46 
4757.94 6008.08 
5769.74 2731.34 
2810.67 7944.05 
971.808 8175.5 
2786.73 8050.8 
632.761 8478.5 
6030.75 7977.85 
9653.02 6104.86 
4765.67 5671.27 
1188.08 48.3845 
7697.44 9324.74 
7134.39 1832.18 
8124.71 5774.74 
7308.68 4588.73 
8850.72 9652.33 
8747.2 3608.64 
5660.4 4516.92 
6339.98 8471.07 
2460.96 7311.79 
6646.55 5247.68 
5362.57 7279.31 
3726.16 1393.31 
5257.14 3379.17 
7498.17 22.8005 
9050.44 8686.26 
71.1851 6747.86 
8010.98 7205.57 
8580.05 6135.67 
2980.29 5888.71 
724.386 1830.99 
5541.03 9471.58 
5439.64 1201.4 
3988.49 1779.6 
9672.47 6449.45 
9091.39 6319.01 
1697.11 4453.95 
3598.31 5423.28 
5847.25 8855.45 
8802.44 3345.41 
8878.25 7852.86 
2031.65 8949.43 
4600.71 42.6086 
6154.99 3180.74 
6178.28 9135.28 
9069.45 6902.66 
966.258 4610.46 
6374.23 6405.9 
5811.86 362.7 
8185.5 5484.32 
6812.15 7276.88 
1803.31 8509.26 
1730.81 5401.62 
3932.52 7578.06 
4257.05 2734.94 
923.454 3135.28 
587.788 2955.1 
2084.7 5188.5 
2997.71 8239.69 
8369.24 9175.99 
7374.95 7438.67 
6078.63 8341.21 
2049.11 2452.84 
4747.09 7860.98 
2815.54 2932.57 
3345.28 9627.69 
209.428 5148.59 
8136.93 1940.24 
550.184 2069.43 
9518.3 4807.23 
4804.37 441.735 
7942.51 5392.16 
3396.84 27.1915 
580.641 6394.54 
8266.88 8949.88 
5570.51 5641.81 
6388.53 1649.13 
3983 8437.64 
4101.97 8730.08 
6298.6 6917.52 
1662.64 9643.87 
6545.19 1872.07 
4792.44 4682.1 
3812.3 5342.63 
6751.53 3330.58 
149.84 1555.89 
3772.32 8092.35 
6948.05 7169.15 
8119.54 7528.69 
3563.68 6386.4 
6478.55 9134.19 
2028.19 2867.06 
783.307 6011.19 
1304.68 4885.28 
4741.26 7603.28 
1802.78 6403.9 
7247.13 8347.97 
8275.96 2039.56 
3030.06 2088.25 
7382.18 9781.59 
5418.83 7532.02 
1337.46 9191.15 
5624.36 8285.51 
6360.28 3743.88 
5814.19 9923.96 
130.268 2292.72 
9058.14 2158.46 
5159.78 9841.45 
8169.65 6464.46 
4726.71 2910.9 
4067.72 6529.49 
9314.8 1314.84 
4877.45 7590.75 
3354.4 7907.5 
9678.99 736.561 
7689.08 5097.81 
8268.58 9026.54 
4288.94 3892.92 
7312.04 649.208 
7636.81 3126.21 
