1500 2
159.132 9119.24 
6859.87 5175.36 
2203.29 221.239 
5254.14 409.068 
5170.35 7849.13 
3269.24 2596.06 
9965.61 7764.46 
2640.99 2552.54 
4676.81 9624.43 
8825.39 7197.16 
9198.17 8423.12 
4644.14 5639.51 
6909.68 3424.64 
4703.84 1706.3 
5245.66 8965.17 
3960.73 5404.79 
8084.39 820.582 
580.128 287.662 
1041.82 5834.27 
696.729 6212.17 
3683.38 3965.97 
8808.23 3648.97 
1730.42 1449.2 
6201.5 6407.23 
1073.61 5026.88 
3604.37 271.761 
3449.98 8248.51 
5911.27 359.64 
1673.13 615.096 
2065.94 6918.78 
9580.26 6026.67 
2323.56 7664.63 
6847.25 2903.68 
7952.3 7889.07 
8737.95 8649.02 
4101.22 2421.31 
2614.98 2909.44 
6070.28 4345.39 
4358.64 2271.77 
752.603 5432.25 
7298.64 4356.97 
5704.01 748.603 
2605.46 1615.27 
1108.24 4278.59 
2230.36 3174.18 
1197.36 1810.61 
9200.85 3520.91 
9475.24 6048.08 
6424.6 7427.52 
3937.13 5162.53 
6076.53 8038.35 
7583.84 8691.51 
947.77 3654.11 
3036.88 5306.41 
5925.87 3789.49 
738.648 3224.5 
8146.46 6442.66 
3973.1 751.902 
8057.93 5081.34 
5030.49 288.273 
8255.53 6227.85 
2098.88 7456.35 
9748.76 1574.11 
3504.41 6173.34 
9001.63 7441.54 
1335.85 5078.14 
5479.88 8919.69 
3769.63 6427.65 
2573.78 6806.51 
1734.04 8499.66 
595.979 2472.69 
1724.14 8742.44 
8915.35 5697.24 
9494.34 6973.26 
778.566 4524.81 
7261.53 9034.09 
752.643 9360.41 
6490.43 501.386 
934.503 9994.84 
6674.73 9936.13 
7436.37 8010.58 
5014.25 2916.23 
6930.26 8783.88 
9343.87 9504.04 
5590.37 1077.9 
8003.68 6186.35 
3550.58 9727.82 
4928.77 2465.92 
5425.04 4423.09 
9439.17 6203.6 
8947.9 6700.69 
5237.68 9700.55 
6061.09 1728.09 
201.916 6995.59 
1722.92 6876.64 
6931.7 9159.28 
4887.2 1945.94 
2075.49 1817.44 
729.8 1419.35 
1321.47 6320.17 
2497.25 9325.14 
2506.51 6047.83 
9052.94 7435.28 
8513.75 4477.96 
1858.35 7952.9 
681.548 806.238 
4653.58 5919.23 
506.768 714.648 
7647.31 708.684 
7710.24 9370.23 
7585.33 4641.93 
8529.5 2472.51 
6587.86 604.975 
4289.95 7317.66 
2024.33 5611.42 
3637.82 4521.57 
4936.55 6144.32 
569.384 3989.47 
3579.58 9083.13 
8467.43 5437.94 
7036.01 9148.98 
6244.17 1689.57 
5068.19 6750.94 
2404.22 2715.49 
7459.62 114.445 
2085.7 5044.93 
4756.37 615.178 
7517.44 1344.22 
1220.15 1807.38 
8661.88 3244.48 
7418.8 2299.69 
7766.05 2355.33 
8444.01 8335.43 
6344.8 2023.58 
7418.55 4812.22 
7461.51 4454.54 
3961.18 3705.67 
6144.12 9029.37 
456.594 8548.34 
1744.84 7916.22 
8662.79 3830.54 
2961.14 3419.14 
4445.71 478.564 
4763.36 5665.87 
2285.95 3425.22 
8910.35 9704.75 
5724.91 6676.38 
2060.06 4168.9 
5011.8 8404.86 
6192.48 2430.33 
3217.06 3653.98 
6884.87 7178.24 
7359.65 3028.97 
6207.59 7816.24 
1577.29 7952.43 
5732.44 240.061 
1782.95 8693.58 
3659.2 6228.66 
9172.14 8422.56 
1894.51 1458.07 
1847.77 804.841 
1162.8 7572.68 
7481.22 3222.86 
1741.56 2493 
1627.7 7934.04 
4923.33 4844.76 
1588 1808.18 
2022.99 8947.65 
4837.15 8230.58 
6763.88 6414.44 
6182.99 2496.3 
6654.5 7965.94 
1189.87 313.684 
4194.58 361.994 
8736.24 6089.09 
1820.07 583.993 
6893.94 2982.87 
8156.67 4375.14 
6205.73 9898.23 
6868.14 7833.43 
7832.26 1791.45 
2678.18 9420.27 
3599.62 4701.16 
8367.9 8436.77 
2931.72 5131.76 
4851.19 9114.71 
7628.06 1505.68 
7080.63 8817.93 
1819.36 1275.2 
9179.92 555.589 
7364.29 999.974 
1139.58 4258.21 
3982.84 9296.25 
8633.35 188.551 
9194.47 5501.47 
8021.98 7026.71 
7292.92 700.14 
6446.96 892.523 
5401.3 4814.85 
9329.29 8333.03 
9946.61 4180.47 
7447.72 7574.65 
5686.15 4528.34 
6392.57 7505.51 
5803.53 5572.48 
8061.1 3167.81 
6572.45 9200.68 
7426.01 555.273 
8496.92 6059.34 
743.823 7691.37 
1560.8 8765.8 
4718.07 8853.71 
9465.94 1165.01 
9746.24 4867.23 
5979.85 9075.51 
3200.24 5926.44 
3255.97 647.944 
3501.08 8942.12 
5176.28 9893.65 
6447.61 979.796 
5466.11 4508.7 
4147.6 2038.54 
3709.36 1573.6 
2593.81 2206.26 
7632.94 3337.63 
9897.63 9193.74 
2103.42 4615.68 
8047.43 1569.35 
5780.69 7793.65 
6436.58 1760.53 
6869.15 9636.82 
7686.97 125.1 
284.746 1188.04 
9067.22 5461.03 
1081.67 5514.81 
6440.82 6547.77 
23.4927 588.407 
8586.31 3732.85 
2162.01 1180.1 
5939.12 9794.95 
4517.74 5836.73 
8988.67 6621.16 
452.395 7036.09 
8190.51 6233.08 
4829.73 4627.07 
7993.61 1698.86 
4263.88 5680.57 
1823.96 4548.62 
6868.6 891.161 
9.63058 7950.27 
6405.97 6450.45 
4498.03 6429.47 
7038.86 3084.32 
162.305 9200.87 
4264.42 6101.42 
8995.8 8782.16 
1938.14 7984.46 
5403.31 2390.53 
5020.53 3593.8 
8623.62 9850.26 
8220.87 6617.21 
1549.1 2484.73 
2297.76 3373.06 
7033.35 9166.37 
4264.23 7042.98 
7116.62 670.182 
3493.42 1614.63 
7099.65 532.263 
4698.95 7261.95 
9733.13 8963.37 
3363.36 8728.91 
7745.52 5301.5 
6713.35 3148.81 
7692.03 1733.87 
6742.61 6315.63 
1584.11 4963.47 
2932.82 3133.22 
7448.2 5230.59 
6506.28 4481.54 
4396.94 770.49 
1524.5 1513.54 
1440.67 5017.92 
3128.17 8540.32 
5550.19 7827.12 
5802.26 5283.3 
6790.48 9165.62 
4012.19 4535.98 
4467.1 725.532 
7684.8 2159.11 
2459.4 4427.39 
8474.73 4043.52 
9390.86 1407.54 
7176.73 6839.04 
6638.13 3683 
1320.56 1035.05 
4453.49 2845.07 
2548.59 5894.16 
7862.99 5676.77 
4434.46 3413.16 
3503.87 236.707 
8696.46 294.337 
9402.32 2708.64 
4830.32 3869.4 
3434.17 2515.1 
6028.51 5893.57 
6942.49 4503.23 
9937.09 6333.33 
5910.77 7113.8 
3172.36 2548.88 
796.784 4492.92 
3583.93 5250.27 
7337.99 6132.52 
1144.42 5200.96 
1809.27 5578.88 
8614.12 5313.14 
5815.59 7310.57 
5607.48 5217.89 
19.1848 437.78 
9087.3 3453.35 
2952.88 5115.79 
9346.92 9895.37 
9619.02 9283.99 
6228.69 5529.77 
6397.78 9401.05 
8078.65 7194.56 
3893.96 1662.55 
2444.82 1231.93 
7795.07 3589.23 
6432.9 9604.34 
9168.11 5047 
4917.46 4983.68 
2357.55 524.918 
201.558 2376.74 
962.698 9288.86 
5830.09 3915.58 
4404.63 5177 
3810.93 4023.63 
4460.97 39.6069 
9553.4 858.731 
9440.66 7632.03 
8053.29 3334.6 
9294.58 498.09 
4566.53 7089.63 
4087.32 999.411 
6693.96 3255.41 
6046.42 1611.4 
8239.1 8403.97 
2136.32 8440.65 
780.69 3099.02 
7729.49 6610.78 
7014.59 2134.11 
1787.76 825.511 
6157.74 6248.73 
865.118 5711.12 
7107.46 305.759 
3343.13 5160.74 
3640.36 2637.69 
5658.83 8206.89 
9727.33 9746.15 
9206.3 6421.27 
3001.54 5252.7 
8032.66 1240.62 
3656.65 168.964 
9681.28 4437.34 
3267.98 7410.75 
1048.1 282.556 
9544.86 2835.86 
1108.07 5702.58 
9084.59 1973.19 
1413.68 6192.04 
2278.94 4756.81 
1352.76 5919.3 
7394.5 7011.59 
4126.17 7121.81 
6757.71 3332.45 
3543.06 9759.26 
8585.15 1575.71 
999.863 2241.78 
1744.67 681.122 
6679.12 5012.65 
8091.87 7727.23 
5295.21 7636.71 
563.073 6403.27 
3339.28 9647.67 
8376.46 4752.96 
5839.69 655.385 
9509.77 7192.45 
6574.69 6904.25 
4204.02 700.842 
4026.05 961.714 
4033.3 7569.11 
720.954 2618.43 
9144.81 1720.82 
4860.22 889.468 
2401.94 1539.32 
5902.12 493.796 
9266.55 1197.31 
8130.51 9829.62 
7600.58 1469.77 
9477.27 5977.02 
6222.73 5316.95 
6632.4 5732.48 
2509.38 3207.07 
2636.72 6713.39 
3907.92 6662.76 
7675.11 7941.21 
4231.85 8396.06 
559.628 3376.65 
116.861 5419.85 
4266.12 2518.8 
6959.17 168.22 
3012.6 6225.7 
1365.53 1143.09 
6055.31 8966.1 
2612.86 5532.56 
4943.1 8835.59 
849.493 1575.49 
4568.05 3358.87 
4782.56 7204.77 
72.2458 8690.48 
3867.51 7747.35 
6631.67 8099.37 
6143.4 7191.3 
1476 6260.26 
2611.13 5742.12 
8779.06 9570.3 
5910.34 1791.64 
5795.99 7275.87 
2934.73 1851.28 
6241.96 5547.59 
7383.84 1185.04 
4383.16 8233.33 
2760.53 8951.21 
1592.19 7543.1 
6155.96 1664.43 
6233.56 23.4523 
9411.79 2865.22 
8122.82 5555.17 
56.5033 9598.82 
1815.41 2667.63 
5340.93 594.446 
2237.92 1251.25 
2386.08 8033.9 
8527.12 5320.81 
9885.18 4769.06 
868.376 7269 
5954.1 5251.53 
5502.32 8714.64 
4202.72 7094.51 
6257.72 358.661 
8758.94 2491.26 
382.114 8170.71 
5356.48 8504.93 
3725.86 5412.98 
8103.74 5541.27 
8080.62 3444.65 
6135.71 318.516 
4695.91 8521.79 
8352.42 3223.01 
3842.58 8237.58 
7992.07 4710.96 
5506.56 3946.16 
9962.49 1008.87 
2660.78 4165.2 
8103.38 8918.5 
4523.86 6862.3 
1409.74 4905.97 
5033 6766.22 
3410.89 8758.86 
2179.19 1514.61 
4300.11 259.791 
4959.27 435.803 
578.307 9655.17 
8957.6 8930.72 
2878.17 2800.17 
7168.29 870.222 
7511.13 2674.83 
4816.38 7473.6 
3683.7 7477.16 
1638.79 1787.06 
6395.64 6162.65 
8649.36 7805.39 
1068.6 3682.35 
4571.59 4479.49 
2441.19 6750.78 
5994.11 6741.3 
7010.57 953.356 
7177.1 7588.88 
608.51 6134.68 
6519.59 3486.68 
8934.85 3687.86 
4356.9 6445.96 
6362.69 9173.28 
3919.54 46.3716 
6650.42 5558.33 
1833.43 3046.05 
1720.96 482.779 
851.416 2789.56 
4165.12 5423.01 
7269.06 6606.31 
2173.78 3263.15 
3347.59 9184.35 
4216.5 524.673 
6773.21 4825.01 
6659.35 3292.78 
8311.69 5594.18 
6980.64 2668.57 
2040.12 3343.31 
1841.83 5959.66 
3389.68 8492.25 
1517.98 5223.12 
1538.28 3238.93 
5705.89 2389.7 
6028.5 9871.02 
7812.71 3297.53 
6477.31 9986.49 
6560.68 9824.9 
9170.82 777.167 
349.558 5944.01 
5602.18 7008.91 
9236.8 3913.85 
2603.08 6217.42 
6582.42 4643.2 
9560.73 8424.25 
602.842 2950.4 
6916.49 2120.82 
8173.51 8454.78 
5359.75 3879.39 
844.459 1388.23 
3750.39 8657.17 
4685.76 227.687 
8643.64 1246.43 
52.5731 7814.44 
2023.59 402.131 
3758.44 7625.77 
7411.04 2995.22 
1539.61 14.1004 
9212.64 8122.03 
4657.3 8773.35 
6546.27 5260.14 
1723.74 3462.75 
7380.96 9897.25 
1917.51 2740.69 
3776.62 2761.96 
4128.92 7527.02 
1419.12 8814.68 
7754.7 62.7357 
61.091 7807.28 
7877.17 2084.68 
8209.41 1635.59 
9710.46 5620.43 
4630.81 1250.05 
5634.53 3843.43 
9372.09 291.814 
2616.77 5918.34 
5551.95 4340.5 
9381.09 2932.89 
4237.74 1298.58 
5673.58 8014.36 
4060.54 9802.5 
5541.36 5479.66 
8617.17 3296.05 
5542.39 8678.26 
1103.31 3419.55 
762.925 9312.72 
5055.14 473.367 
4933.14 9685.95 
1723.42 567.653 
3529.36 1095.49 
859.467 6146.13 
7013.83 6411.42 
486.615 6394.9 
9344.31 4724.35 
7693.48 5017.88 
2738.7 1754 
4820.36 8280.06 
7233.66 3437.51 
1576.09 2776.04 
2115.75 2679.4 
6195.58 2878.68 
1992.1 1250.71 
3352.04 6925.24 
936.639 5075.46 
7492.89 4466 
6170.95 8352.36 
612.113 3184.77 
4763.76 1098.73 
9579.67 4108.05 
5823.08 7273.14 
9125.93 8561.78 
9027.14 3946.27 
6841.82 6260.79 
7383.78 8417.91 
9036.82 9499.53 
1097.29 5232.39 
2378.19 3089.4 
6483.09 5730.24 
14.6168 7419.73 
805.681 7507.51 
1885.72 6976.63 
5859.85 2497.83 
161.387 623.589 
3596.56 9741.06 
4731.64 9419.64 
7014.18 3857.55 
7981.4 6041.31 
7803.83 4823.2 
2302.07 5187.59 
3241.09 1338.88 
4687.11 4338.39 
6571.27 7065.3 
7427.78 3054.34 
2795.52 7442.4 
474.06 3601.2 
4949.89 2359.78 
577.817 809.722 
4857.61 739.204 
1433.31 8454.17 
480.248 6164.95 
7873.79 7494.43 
22.4898 5855.17 
3535.72 7826.32 
678.356 5837.79 
3013.89 3919.45 
7176.67 7701 
8257.84 3747.92 
4766.28 5685.61 
6802.26 7561.8 
3127.99 7276.32 
1162.98 8077.88 
9636.1 1740.8 
8887.6 4493.69 
2480 320.899 
2947.84 2960.25 
6485.85 821.613 
454.661 6508.34 
6676.78 3990.38 
4334.64 7355.14 
9828.17 7348.53 
1274.57 7004.83 
5049.51 9532.41 
752.73 9815.79 
5218 7554.99 
7377.57 8345.99 
4831.3 8540.55 
6423.86 4467.38 
281.335 5311.44 
8961.07 2761.34 
5632.34 1908.9 
5721.59 2118.18 
2730.51 6176.25 
8626.52 9407.3 
166.608 2961.15 
6762.42 9994.78 
309.66 8036.99 
6999.59 5359.17 
7569.39 7752.32 
5174.95 2787.37 
5307.3 2552.5 
1133.34 138.577 
1093.04 7557.2 
4605.96 1374.37 
2868.63 3567.02 
4135.71 8500.97 
5475.91 9857.3 
619.134 8206.43 
6033.52 9245.66 
7613.7 6200.13 
2206.78 4376.11 
6194.9 2516.44 
2413.08 3194.47 
7875.61 9982.47 
946.772 3050.54 
2769.82 6254.07 
5603.05 3903.17 
6392.64 6696.09 
1460.35 998.586 
8070.46 4328.98 
4565.6 2206.16 
2829.93 41.4991 
2063.44 3449.07 
8247.92 8096.96 
2694.7 5861.61 
4297.08 4901.49 
237.702 491.957 
7417.93 2650.78 
3686.43 5293.53 
2633.23 4633.2 
8344.07 5403.06 
887.249 3947.1 
9306.22 7279.89 
643.176 766.554 
8278.48 8713.64 
5095.53 2844.06 
919.779 7925.46 
2885.56 2983.21 
1374.51 1133.47 
1080.16 4069.22 
6995.08 5377.24 
8970.71 7232.79 
5869.19 6388.62 
9883.57 9555.62 
1682.14 2516.79 
4188.8 26.1927 
7919.84 5076.05 
3973.3 7226.05 
2355.93 4616.47 
7992.6 634.391 
3330.1 3088.11 
3478.46 4249.87 
1013.56 6364.02 
7233.09 2388.08 
7497.49 8313.25 
6457.29 4492.56 
3690.47 5427.98 
1725.33 9559.66 
1816.59 1608.88 
9115.26 3498.73 
4125.66 3304.05 
3524.92 2045.49 
8380.1 7498.22 
9271.54 736.012 
2114.67 7264.12 
1370.4 5444.77 
352.215 4848.86 
9694.64 1365.78 
1212.86 6927.71 
3753.85 8710.35 
5240.94 211.129 
3202.89 8931.41 
5639.11 4928.22 
8491.05 7455.71 
6537.09 7606.3 
954.414 662.742 
910.33 4479.33 
2708.23 9290.43 
1977.53 1979.75 
26.426 4092.21 
9243.87 1396.83 
9536.97 9596.08 
6245.69 9231.6 
961.843 7458.55 
6159.29 4715.69 
6168.88 1400.22 
4926.82 9371.77 
331.612 565.92 
4299.97 8822.66 
8021.62 837.05 
6428.95 8976.04 
1499.79 7339.28 
3455.36 4208.02 
6629.69 5432.89 
6187.77 6656.12 
9525.1 5431.62 
8052.94 9062.05 
5027.69 4298.61 
8293.63 5989.53 
1757.14 4452.91 
705.21 7926.02 
5853.13 5632.03 
7297.78 6184.75 
6197.95 1597.74 
5007.39 4219.56 
2434.78 1436.32 
3195.58 3934.58 
8775.6 6650.94 
8142.6 5405.27 
2083.81 4330.35 
2061.37 1608.89 
9761.98 114.293 
670.928 4789.65 
4412.91 8964.56 
779.166 6170.05 
3417.46 1484.38 
4096.06 9270.59 
7116.41 1393.82 
5455.32 3314.34 
2991.56 462.696 
7533.91 5426.34 
1899.02 729.472 
9360.92 674.596 
7380.41 7503.5 
6079.86 9464.23 
1833.84 8141.23 
1073.1 1595.8 
8255.52 1744.03 
6385.45 2668.41 
708.574 7164.62 
8838.46 4126.03 
8648.99 2934.51 
3396.61 5765.38 
4328.33 8851.93 
9079.73 7319.89 
9314.62 6613.62 
2746.21 1213.62 
7343.09 2107.12 
1888.22 4723.48 
9610.62 7968.08 
4187.69 1444.44 
6109.3 5260.79 
3040.24 4364.8 
7004.82 9425.69 
7033.22 7713.39 
6590.29 5871.66 
1839.41 5239.27 
8806.17 5236.02 
1004.63 3134.48 
4087.93 84.3447 
454.352 3402.53 
6697.96 3200.56 
4616.16 4041.03 
5307.68 6504.38 
8764.52 4918.28 
4472.44 2952.19 
6362.72 581.721 
8212.98 9402.96 
4946.52 5217.79 
8828.64 1979.72 
2931.16 5418.91 
7851.38 4770.57 
658.162 6657.54 
6.5695 1662.8 
9792.02 4094.5 
1747.14 246.353 
7497.03 8445.1 
3446.92 2113.17 
2486.12 8754.6 
8617.54 1250.62 
3672.86 3089.97 
4202.81 35.5668 
3671.69 2415.77 
9438.53 8618.21 
7633.56 8267.15 
597.916 564.704 
3686.04 8449.3 
5335.27 4344.21 
5106.82 5341.84 
6007 4898.82 
9436.34 7754.14 
5145.17 6933.35 
6199.23 8592.09 
9046.52 8685.34 
7346.67 7664.05 
9935.96 1019.52 
753.997 4138.75 
1055.08 4425.69 
6554.52 493.597 
3043.88 4188.07 
8760.75 3641.8 
4752.77 2446.77 
2091.08 88.0265 
6790.98 7197.9 
5429.87 2797.96 
2096.7 4866.19 
552.083 7241.88 
1799.53 6751.31 
5833.95 846.03 
5436.63 3180.61 
8510.08 5372.58 
4200.12 9264.07 
9511.33 5255.21 
3689.74 6065.83 
5748.81 6733.62 
253.882 4509.53 
375.401 5006.65 
6956.3 2466.48 
5094.68 3747.26 
9664.38 524.531 
6545.22 1761.06 
5390.72 7097.31 
9002.94 7190.25 
3848.6 4836.87 
8036.28 9285.23 
8017.48 6546.34 
4657.79 2217.59 
5810.4 4169.1 
7472.8 9500.14 
234.915 3221.59 
6233.74 488.797 
7731.12 6609.15 
5495.45 4687.41 
9075.62 590.108 
8434.67 8739.99 
1114.64 4979.88 
501.035 6505.36 
2077.17 9503.97 
3695.6 5925.76 
4340.83 1731.86 
5210.98 2358.3 
8278.2 9868.77 
4575.88 4088.58 
4037.85 2048.66 
3588.7 4272.77 
5270.25 9822.45 
4761.56 3001.35 
6431.57 256.993 
7688.76 5507.18 
847.101 6123.41 
4247.15 1961.74 
1103.27 4748.19 
8467.1 3180.44 
4252.14 2162.68 
9106.2 8592.98 
3894.54 4317.16 
951.255 2172.72 
4185.92 5527.14 
6261.3 8223.77 
7575.8 9850 
2496.51 2846.03 
9672.43 7258.08 
5847.38 6103.98 
7515.07 3536.12 
1611.15 8362.17 
9659.54 5858.3 
323.893 762.792 
606.468 8790.99 
3943.23 4858.61 
953.657 3049.42 
3451.57 4848.2 
7366.58 4402.83 
7020.92 1552.48 
9929.96 3282.2 
9776.25 7505.75 
3132.18 2272.74 
351.76 2804.59 
9530.82 6199.14 
8908.57 7045.87 
9735.26 519.704 
5408.02 9394.78 
6378 5731.91 
157.56 6984.47 
4522.89 4100.79 
1843.07 5476.55 
7150.21 5294.64 
324.728 4516.77 
9697.46 7345.64 
6069.25 9627.41 
627.824 5845.48 
7133.14 3760 
8118.22 7484.9 
6564.59 7649.02 
3684.02 5473.15 
4694.87 3419.27 
5992.85 102.878 
2814.04 2370.84 
5834.79 2971.6 
9355.31 357.667 
7072.39 1198.36 
5834.22 4222.58 
6493 6158.94 
8739.35 6190.45 
3504.57 4808.59 
5817.84 4132.39 
654.051 2950.96 
7892.4 8772.27 
435.843 4456.98 
6421.28 4119.87 
9930.13 1116.13 
7539.14 5922.97 
1219.01 353.157 
8293.81 7053.8 
3324.75 7649.1 
7411.47 397.125 
8847.46 3245.67 
4619.71 5340.45 
9404.61 3359.04 
1530.88 2909.16 
8167.63 7348.72 
7041.56 8821.68 
299.661 4933.94 
7593.94 735.504 
9390.92 4015.2 
4855.37 9321.03 
5131.33 2394.49 
5243.98 6350.34 
2747.64 3537.77 
3404.12 6072.4 
1186.85 815.578 
6469.52 34.298 
4061.25 1089.21 
5374.75 3465.84 
4448.25 6905.62 
6375.01 2615.87 
4254.32 3416.55 
1437.53 4553.98 
8350.49 9031.46 
5289.49 7741.39 
3046.64 144.839 
7062.4 8177.97 
2539.33 2306.36 
4528.29 5286.97 
5844.12 7932.42 
1359.35 7030.97 
8748 7828.88 
7065.27 2809.23 
8918.09 2440 
6275.07 3366.32 
9345.62 2650.06 
5982.19 3599.93 
6066.61 7419.72 
8153.91 4417.08 
6451.17 3443.38 
2158.45 9497.81 
3588.22 9220.85 
7675.77 6127.55 
1527.19 2204.04 
1414.5 7371.31 
136.442 2773.85 
4402.26 8884.44 
602.713 1467.52 
1693.65 9520.8 
3907.52 7968.72 
2887.11 3253.12 
618.756 8869.3 
6853.05 6685.36 
6289 5006.94 
1102.42 2740.16 
8450.32 3260.87 
2237.95 2038.52 
2481.7 9913.71 
8166.07 4008.89 
2117.74 9580.57 
1380.18 2254.18 
2354.4 5782.44 
1138.6 2957.12 
7249.96 2832.25 
2477.9 1157.46 
800.95 5365.01 
4410.58 1419.71 
4234.29 1263.61 
8105.07 523.28 
6270.55 9207.49 
3263.43 4720.86 
2468.34 5501.38 
6759.38 4950.04 
5415.08 4925.43 
8958.93 7532.82 
4505.98 339.087 
9787 6860.38 
6121.53 925.588 
9817.5 3371.47 
3757.84 2295.38 
4528.93 4558.79 
7660.39 8939.51 
5978.49 1894.67 
203.108 4083.54 
2417.95 6473.66 
3291.02 5681.38 
1194.5 5759.36 
1182.75 7953.88 
709.382 6597.83 
2879.29 9668.31 
4130.63 7385.27 
7.37778 3917.62 
4245.64 6128.91 
4843.21 4063.12 
9500.38 8601.05 
6358.5 4029.29 
3159.82 4018.88 
2968.79 9138.31 
5913.54 3171.89 
3221.84 8331.49 
9645.55 6512.86 
4012.86 840.037 
2272.2 5195.61 
8793.92 2981.58 
1793.42 1673.19 
2649.87 5924.05 
9058.46 2657.25 
9841.67 3304.08 
8786.16 4684.86 
7367.19 8286.52 
3285.89 3725.68 
2315.79 6445.71 
7744.55 5284.58 
5584.01 3658.08 
8456.47 8805.85 
1989.55 8102.01 
5318.69 6002.41 
8942.04 7590.89 
1198 7735.94 
572.451 2991.42 
9409.13 3222.32 
8915.47 8467.57 
5879.57 8757.13 
1771.63 4665.71 
3441.98 9138.83 
2952.21 6727.87 
2864.49 5268 
3173.57 609.023 
552.556 8757.57 
4267.1 9009.02 
7563.41 6256.66 
7111.01 2882.08 
2259.05 6053.04 
472.948 3457.05 
3788.97 1045.4 
6448.47 3198.08 
4267.72 5363.93 
1665.63 147.276 
4121.04 3437.27 
4812.99 7563.02 
2576.07 7765.19 
4290.88 5440.56 
3033.18 7464.44 
6049.58 3585.73 
6222 316.67 
2594.74 3785.39 
6573.33 9705.75 
6667.47 8832.38 
5758.78 7140.41 
2289.41 9547.74 
8185.81 8737.88 
2745.8 2453.52 
4101.79 4411.44 
2600.79 8222.83 
7848.7 7413.78 
5785.84 424.761 
5178.96 76.6975 
5865.32 8212.13 
7541.14 1914.89 
1797.85 3763.12 
2231.56 4392.59 
7548.51 8804.89 
4098.32 4215.96 
7637.25 9857.1 
1356.36 9926.66 
9404.82 9542.17 
8664.52 2150.61 
1995.67 2766.3 
6562.05 4596.46 
989.117 4410.73 
2010.22 6774.96 
4835.49 7189.18 
6851.65 700.8 
5401.29 4392.78 
2615.69 7199.14 
8155.9 4847.25 
1591.71 5704.39 
3652.12 5690.03 
9920.35 1289.35 
5547.11 1276.69 
1215.99 4951.92 
818.845 9880.51 
7102.53 2814.51 
2646.79 3664.56 
7410.97 3635.91 
8075.29 9421.19 
410.85 2910.77 
6610.36 7262.5 
3611.57 2011.63 
1655.26 6227.26 
9210.77 9811.16 
1074.49 802.465 
5515.54 4726.61 
6492.5 5435.87 
6015.96 2039.59 
6712.57 7231.95 
6991.51 7531.41 
7112.45 4094.02 
345.908 9759.24 
7758.58 7756.88 
3395.14 5833.85 
7178.06 3805.99 
8744.62 3788.4 
1068.47 2356.17 
5800.03 2723.73 
8583.43 5010.79 
2534.87 9657.92 
5813.25 8050.41 
4384.51 2305.73 
3486.27 400.453 
4345.32 198.815 
7632.4 1336.82 
7730.23 4744.83 
5430.84 8076.13 
4504.05 3189.4 
5833 7899.19 
9023.25 3011.04 
1705.16 7767.86 
6799.44 2773.63 
124.012 2599.45 
5497.36 8707.44 
7610.24 8032.23 
8365.34 3423.47 
6082.63 2749.84 
5729.2 9568.89 
3150.29 74.5087 
9767.71 782.676 
1411.33 7497.92 
5527.51 6842.16 
5574.04 31.544 
31.5477 1407.02 
7930.73 9054.8 
4418.06 9635.89 
6822.64 1217.48 
2409.5 6946.65 
3816.93 7906.86 
5654.08 1427.15 
5939.08 4019.41 
4850.62 2021.69 
6769.24 579.809 
1590.57 9919.53 
654.318 1358.26 
702.192 2065.64 
8856.18 6229.7 
8907.81 4430.2 
6261.24 8939.36 
5837.22 4191.96 
7994.14 255.256 
3827.83 4816.76 
1472.74 6237.34 
1763.4 5289.67 
4144.18 7417.48 
6716.82 83.2466 
1436.87 1567.42 
2104.94 8206.11 
2147.23 3695.51 
8125.63 2801.55 
5053.77 8827.82 
4867.2 3909.93 
5057.5 3774.99 
8340.13 1318.72 
2714.32 4177.33 
5510.68 708.447 
4432.59 9338.52 
5525.21 5905.32 
5575.84 7288.61 
1194.97 9720.02 
4706.08 7911.79 
9803.27 6142.94 
9479.21 1908.19 
4349.04 1626.43 
5603.7 2474.65 
4427.98 657.449 
1302.45 9295.18 
4567.38 6359.95 
3070.15 2907.5 
7678.67 5784.47 
7084.83 3189.34 
6492.92 1517.4 
2527.84 2018.11 
7422.72 8103.68 
9306.73 8617.69 
7823.68 4012.78 
6529.47 7626.93 
155.709 6008.67 
9535.11 4504.75 
7635.1 5138.79 
6979.39 2063.07 
5796.24 8281.84 
1358.23 363.607 
4641.77 4428.38 
3271.1 2320.42 
212.831 355.915 
5509.76 6705.75 
1873.31 8037.6 
8723.86 9296.04 
6141.26 8030.57 
7913.71 3964.92 
2043.34 4443.16 
1591.83 2199.05 
451.814 1126.93 
6703.79 8086.91 
6265.72 3683.17 
149.961 2061.94 
1964.99 1508.19 
2425.55 6606.76 
5936.56 5696.66 
8927.18 6149.39 
6052.57 4436.93 
2855.13 7925.89 
2474.51 1578.97 
7221.9 8615.77 
9609.54 5135.6 
2580.67 1652.86 
9578.77 4172.5 
3851.91 30.5617 
5299.43 555.685 
8117.47 1565.13 
4238.85 8267.43 
3627.07 6203.84 
9775.62 6052.63 
2810.58 5712.17 
1749.26 1737.75 
1861.55 7801.83 
6174.68 4716.67 
5727.7 8649.19 
6295.64 2949.59 
7264.94 5905.17 
8085.19 9845.62 
7558.03 7663.94 
4018.1 1409.93 
7694.5 9317.53 
1965.61 5811.96 
882.64 6204.46 
4079.37 4509.71 
2408.29 3854.98 
562.322 5218.87 
9567.15 2311.59 
6956.62 1428.68 
113.404 3131.28 
6145.35 5841.11 
1780.45 2440.98 
8790.7 9045.4 
8346.15 6875.87 
8891 5904.17 
4539.79 2909.08 
7314.09 2234.27 
2226.59 9279.7 
8046.23 3109.23 
5484.15 2125.59 
7618.94 7892.44 
5980.57 8181.26 
3111.29 5547.7 
492.834 67.8949 
6976.38 606.237 
3199.18 3121.71 
6447.34 4979.63 
5562.69 5238.02 
4025.01 3908.82 
2113.87 2915.99 
9812.99 6653.66 
5825.07 7127.06 
8887.93 8051.66 
6406.75 6934.15 
1160.87 1890.88 
9059.73 8779.81 
9783.31 5040.28 
6961.06 2894.59 
587.962 7453.89 
2962.48 7564.34 
8060.13 6161.66 
686.03 4507.46 
1141.27 6248.72 
9745.48 5166.28 
157.521 1859.34 
8082.28 9970.51 
8513 3907.33 
7097.55 7400.92 
1958.97 3504.28 
4335.05 3119.84 
5395.15 3394.76 
1899.64 5178.45 
8435.04 8860.7 
8073.03 9023.01 
6314.58 1035.5 
6587.33 4374.69 
7197.16 7273.36 
8882.15 8338.43 
3522.06 8627.62 
3504.7 3679.58 
486.935 1586.95 
3650.07 8999.93 
5494.28 747.598 
6400.83 7453.26 
4251.87 735.865 
573.081 9647.03 
4130.63 2472.72 
4825.46 2565.65 
1333.4 2898.47 
1588.64 7647.98 
3933.97 8175.97 
2022.66 1131.11 
5449.31 904.791 
9469.53 8971.37 
9532.41 2974.21 
2650.93 19.3243 
4561.17 6300.99 
9019.26 55.4327 
7048.59 5420.08 
7508.69 1300.45 
6155.94 8081.77 
947.455 286.551 
554.472 5772.91 
2852.2 1887.87 
8671.38 4440.85 
9535.85 2605.33 
2616.8 1558.49 
3736.44 8066.11 
2463.28 3205.95 
7037.46 1995.67 
6180.16 9688.38 
2015 741.314 
5989.36 1034.24 
796.746 3037.93 
6454.32 8305.43 
4338.38 2610.24 
6387.19 5285.84 
2896.79 6941.66 
1058.73 5749 
8829.53 9730.11 
189.826 8365.37 
2335.43 2806.62 
9923.86 6071.86 
872.715 2387.13 
9277.82 7910.17 
4382.8 5457.96 
7598.54 6397.8 
6199.28 3587.88 
7432.04 6996.02 
6625.81 3886.34 
5301.44 964.176 
6496.58 1688.61 
6250.01 9393.37 
8630.27 7308.74 
5142.35 7459.78 
7038.83 5332.18 
5825.14 9374.26 
8138.8 5748.98 
5446.11 9011.52 
8136.11 4723.91 
6921.67 2518.9 
181.855 4520.19 
8916.7 6381.13 
8108.07 6348.73 
3377.14 4733.87 
235.054 8678.58 
5698.04 6731.64 
367.179 1948.04 
6124.99 8997.45 
9256.78 1267.33 
6457.22 6295.6 
6599.5 2282.34 
5669.84 4738.29 
8031.32 1115.93 
3749.79 6167.42 
5839.84 671.448 
8686.32 6021.69 
5191.64 7603 
2402.81 3299.7 
3951.71 5779.95 
8033.56 4186.77 
4458.52 3731.59 
918.387 4825.7 
5679.63 7043.38 
3823.13 4936.39 
8310.71 280.327 
1231.97 4910.19 
2562.66 6901.81 
9648.48 593.965 
8017.74 3398.26 
6761.38 3857.56 
4069.71 5447.68 
9879.25 9261.35 
3050.67 2282.05 
2561.03 7002.38 
8062 594.574 
1189.13 2520.5 
4326.16 2107.52 
7346.19 5.7755 
9150.9 1169.3 
4942.17 7461.58 
1449.63 6174.14 
2371.76 4012.29 
3075.93 2020.23 
4606.26 1093.65 
5418.49 1367.62 
4951.21 9488.2 
6815.3 4830.45 
8749.53 9865.97 
7112.5 1310.54 
6868.33 5174.48 
1905.11 8057.46 
7694.97 6231.28 
164.964 5041.15 
6237.05 9315.86 
6210.45 1179.2 
6777.43 7660.08 
7353.34 9149.19 
1672.36 429.249 
1169.4 6278.62 
1522.9 6587.89 
7646.24 6474.12 
6076.07 4461.52 
1304.55 4825.58 
4327.48 8417.04 
6136.12 1195.79 
3591.5 8041.23 
9253.25 1286.46 
4272.49 9418.21 
6327.61 509.523 
8734.06 2538.04 
1688.72 5511.47 
198.107 9042.06 
4660.64 1870.47 
9471.31 5830.05 
8149.08 994.195 
2417.92 5795.31 
7468.31 8493.99 
256.815 8772.86 
3319.55 4584.29 
7189.89 9455.67 
5780.08 781.372 
7496.88 5033.31 
2067.83 1769.35 
4451.51 8395.44 
2278.87 3185.55 
933.46 3967.6 
8697.02 1131.57 
