400 2
875.713 9765.21 
9281.12 5461.61 
7206.27 3568.64 
5987.4 3170.03 
8520.47 3710.58 
9626.35 9442.21 
5833.33 9256.61 
2079.45 4685.73 
9259.62 7714.44 
9993.52 2985.03 
6528.09 9008.57 
6168.59 842.881 
2123.02 2471.57 
6451.39 1735.14 
6490.46 2072.91 
4866.73 7366.17 
1838.11 4147.83 
2827.76 9044.37 
7716.47 8815.16 
2214.38 6236.92 
2525.73 1840.71 
5679.11 8359.06 
1097.3 7758.57 
3044.77 356.906 
5472.99 3038.27 
3341.94 2001.07 
2046.83 9510.52 
2843.95 4169.85 
1982.07 9295.34 
5904.99 8472.53 
1368.24 771.695 
5838.69 3206.34 
4919.53 8666.45 
2250.7 2635.98 
7481.6 4465.08 
8872.9 7.30555 
6305.8 4552 
8366.36 7403.1 
2310.55 1411.11 
7760.01 7783.54 
4449.39 1101.93 
9784.61 6496.22 
612.432 2628.54 
666.045 2594.5 
1923.87 6571.03 
1067.02 3292.1 
7342.73 6905.7 
6498.44 2262.24 
5572.14 8749.14 
4898.21 3053.72 
3214.21 3771.1 
3061.02 9520.01 
8323.1 1427.37 
6923.09 633.635 
2838.48 4683.08 
8417.18 7287.87 
5785.01 8201.77 
3784.07 6397.44 
830.301 4450.11 
8991.94 2754.17 
1021.13 58.9456 
6046.27 8363.85 
6964.65 2544.7 
626.07 2536.77 
1293.82 5524.28 
5590.49 4508.03 
9295.38 8651.51 
4028.02 7618.47 
78.8649 951.1 
8252.1 2917.35 
5634.18 6669.27 
205.201 1419.17 
4871.02 3989.27 
7816.61 5701.32 
8439.38 6808.54 
8455.49 9460.51 
6867.49 4501.74 
7824.34 3832.12 
7046.44 8450.42 
6368.89 8340.26 
3974.68 1959.36 
2848.28 3270.05 
610.86 6876.31 
888.502 689.725 
7827.41 9140.61 
3607.07 3461.57 
5809.85 3812.27 
4880.74 680.861 
7801.54 2697.34 
6382.19 6240.91 
9505.88 4837.66 
5701.4 6373.35 
9339.41 3525.73 
205.451 6385.83 
1976.13 6574.34 
4726.08 5950.81 
8533.71 7574.36 
9220.86 9144.57 
4450.65 109.343 
9834.29 2278.04 
9249.95 3441.35 
5739.61 5059.79 
7253.62 620.334 
5740.65 5055.15 
3317.67 2122.82 
1296.04 2823.54 
6960.48 6997.44 
9196.88 6299.87 
523.153 9402.34 
2685.68 2499.28 
5976.66 7411.75 
8450.09 4510.35 
4986.1 7670.93 
3654.9 9436.74 
7780.27 3489.17 
1714.76 7030.21 
6930.52 7454.37 
2089.98 4184.12 
8074.71 7830.62 
9239.27 1392.36 
9953.44 535.29 
4215.9 6913.9 
7532.73 3412.77 
3213.75 8055.88 
2815.09 5899.43 
555.148 8791.75 
3311.17 9005.24 
3302.08 8297.26 
6676.15 6956.98 
7733.99 4456.41 
446.135 9448.75 
1486.6 7376.65 
6903.11 3576.57 
1560.76 4977.8 
1407.18 800.011 
6370.16 1360.6 
1335.3 586.042 
8274.51 8868.03 
3998.81 1488.24 
6923.9 6813.89 
7387.67 7479.05 
5605.62 698.821 
6484.27 8907.7 
8996.08 3160.4 
5864.67 6730.06 
7616.81 6310.8 
6178.8 9103.41 
3687.44 3081.89 
2679.96 5248.2 
8059.69 4087.14 
6048.21 4429.83 
5447.75 7383.51 
5015.87 3722.24 
6251.53 9014.68 
5210.48 3175.41 
5828.56 2598.13 
654.441 1434.16 
3296.95 7138.71 
341.851 2293.02 
299.097 6206.52 
9023.08 7915.91 
2517.3 5201.86 
7019.3 6204.74 
8283.75 9699.27 
1452.92 6343.42 
3786.39 7501.12 
773.231 9234.14 
4884.62 5789.1 
2956.36 1136.13 
4803.77 8166.83 
4311.54 632.31 
764.947 4965.98 
2066.48 4061.9 
2104.67 2408.33 
6354.92 2403.77 
8614.84 5377.97 
319.661 1132.12 
579.814 7338.96 
7336.86 8863.56 
7038.21 8789.78 
5206.96 824.587 
6290.89 5980.19 
58.7101 1175.49 
1769.28 3015.07 
2311.62 6573.04 
1181.89 6623.15 
7205.36 1946.83 
1589.11 9271.83 
6008.73 3693.78 
1680.14 2363.63 
6097.55 294.965 
7741.6 6417.21 
1427.09 8321.42 
3756.16 8763.95 
7184.96 794.354 
7553.71 2391.9 
1618.94 3844.58 
8372.09 1677.65 
5020.07 141.349 
4692.72 7331.69 
6714.39 5874.61 
3954.82 3919.73 
7821.44 5543.93 
3191.55 3830.15 
9237.72 4871.69 
6193.78 5335.25 
5166.65 3935.36 
1752.45 6593.74 
2256.76 5508.61 
5357.68 9441.72 
6302.96 2911.37 
1833.6 7921.9 
6755.96 205.677 
9599.56 1776.01 
347.026 4292.26 
9107.7 7061.42 
166.849 3062.51 
981.136 7988.29 
8606.44 4172.68 
1818.42 7844.14 
9044.37 8012.2 
3179.38 4211 
1947.55 4931.83 
804.728 4204.31 
440.422 6162.4 
3646.02 6743.39 
9073.78 5479.62 
4665.27 5829.72 
5685.3 4264.81 
7605.73 6032.33 
8557.07 6713.42 
3093.73 8723.92 
9775.92 4074.86 
6712.19 8382.35 
8247.55 8530.61 
6226.47 7291.9 
6542.8 9405.85 
1502.88 8490.35 
4337.66 2307.61 
2694.65 4778.09 
8470.02 6340.67 
1521.45 7543.78 
1820.27 6186.73 
3373.48 7505.57 
451.523 979.196 
3537.88 9008.59 
7692.61 6631.61 
7732.5 7468.52 
706.456 4444.67 
5850.85 8954 
2975.27 2077.3 
6245.88 9518.07 
1483.14 7748.77 
8008.4 5820.8 
56.3641 703.034 
598.873 8526.38 
7043.7 2120.33 
6070.14 8863.97 
8307.05 9443.62 
6369.53 8758.58 
422.801 9907.41 
7767.16 8115.41 
6539 5499.64 
5583.92 7245.45 
9944.31 1434.75 
6199.44 2919.56 
3512.05 2445.31 
2437.62 4995.19 
194.059 446.002 
815.978 250.423 
1149.04 1414.85 
8776.8 8192.73 
3535.18 4846.93 
7056.69 1842.22 
4290.53 3426.2 
600.777 4713.33 
3333.59 8367.93 
2828.73 9872.58 
3867.55 8412.64 
7118.02 3811.85 
9847.39 3317.44 
6731.41 3359.43 
5762.75 9169.03 
8354.62 5956.81 
9615.03 9170.6 
6207.23 764.045 
585.432 4984.02 
8956.78 4120.61 
9830.94 6013.45 
5962.83 4121.46 
9439.65 6563.6 
8834.79 2773.22 
4931.52 1663.5 
2645.78 8799.07 
76.1301 9763.8 
2610.9 9923.52 
3081.23 9342.31 
3282.93 8843.98 
8511.32 1637.54 
4800.76 8126.33 
808.116 1007.98 
8890.38 1393.55 
5991.99 7847.14 
5514.16 5822.92 
3860.58 1476.97 
9944.38 3300.21 
8040.57 8779.15 
6073.43 2972.07 
442.634 8719.21 
1771.13 518.764 
8483 4382.04 
442.269 1564.21 
3724.33 3725.2 
408.165 2235.64 
5362.74 5208.93 
361.956 6170.85 
6216.91 9252.33 
7564.4 2208.88 
7099.46 3078.54 
8031.8 960.017 
4555.51 7976.16 
4260.22 2596.06 
6755.29 333.632 
5568.14 7197.92 
9052.84 7339.27 
7716.69 7535.82 
1721.29 8158.96 
9100.03 5445.62 
1884.14 9508.19 
7681.26 7246.88 
4717.1 8043.22 
3417.72 933.993 
7295.53 982.1 
3142.87 4394.98 
4060.64 1174.66 
5354.99 8616.15 
9150.81 9615.22 
1212.2 5906.08 
9948.85 6780.34 
3103.99 9001.67 
4119.59 820.656 
6537.48 5840.88 
8979.61 5637.49 
1286.48 863.734 
5145.66 8967.74 
8110.61 9862.76 
7010.94 1528.31 
796.74 4306.46 
2510.41 3939.61 
8701.44 6571.05 
5114.27 4056.41 
5187.19 4265.06 
3671.61 6399.39 
171.129 3620.44 
3179.71 3275.12 
2622.1 7299.3 
4095.77 9159.58 
3140.16 3075.37 
4797.04 4426.64 
3939.1 9942.71 
3394.36 2049.7 
9805.45 405.288 
3578.01 602.176 
4711.75 6088.42 
4541.79 3413.17 
2659.46 9656.06 
7469.58 7846.65 
3921.1 1141.17 
4246.02 4092.23 
4761.62 7425.72 
7367.35 7383.71 
4725 1463.11 
6543.27 7865.16 
4538.47 1340.3 
2291.78 8477.58 
1282.99 5686.14 
527.256 1088.42 
6091.43 4105.27 
1690.6 803.159 
193.668 6232.39 
4216.33 2853.13 
5888.43 1685.89 
699.755 9809.53 
2827.06 4945.77 
3901.75 7588.68 
2371.48 1269.08 
4972.37 7096.48 
2732.19 1515.63 
4961.62 7270.66 
2855.93 7253.4 
5748.22 4138.92 
2939.52 6275.48 
5227.34 9030.95 
380.726 6917.94 
9834.11 574.395 
3150.31 4050.42 
3427.52 9038.74 
5736.31 4127.27 
8848.26 8563.37 
9073.05 2749.99 
