1000 2
4057.2 7171.48 
8663.81 6509.03 
3349.2 6287.16 
7854.95 2381.44 
4675.96 3805.23 
6256.66 2956.59 
6515.99 259.952 
5484.41 4116.28 
3298.97 4091.37 
2336.8 1301.46 
4533.21 8663.38 
2414.49 5982.54 
7251.86 279.585 
540.578 518.349 
6581.63 4511.68 
733.505 638.813 
1683.15 9397.31 
7147.85 5032.35 
5684.46 5002.78 
7413.79 360.404 
8808.01 3670.44 
3317 5323.98 
3930.39 8801.41 
9440.26 7229.36 
2892.77 1777.04 
8530.82 7425.98 
440.401 945.301 
3408.5 7692.26 
1224.89 3949.08 
8210.61 7806.52 
8460.77 8944.11 
8445.33 143.9 
8341.41 5593.16 
5176.25 4025.85 
595.926 2590.02 
4386.25 9403.94 
6260.46 7703.25 
4727.9 190.835 
6504.64 4168.14 
7420.2 9397.41 
5945.18 5951.01 
6823.38 6385.58 
6896.31 231.863 
4077.82 8121.19 
4180.95 2288.41 
5927.7 2641.69 
1232.51 4373.01 
2785.59 9573.92 
9966.17 7961.84 
3599.75 562.081 
551.851 7986 
9966.02 6812.31 
5689.23 4693.9 
7003.15 2193.86 
8862.05 4423.33 
1591.25 4807.21 
374.321 8414.62 
1192.78 7270.63 
8646.49 5270.6 
5391.81 2827.42 
7559.02 1319.49 
5469.11 8791.53 
5692.5 8254.71 
8365.43 5658.65 
6216.53 1965.16 
6220.73 6768.38 
9951.16 6186.74 
3580.68 5640.37 
880.623 583.809 
7834.23 9742.67 
5007.14 9425.48 
4549.87 5381.46 
7840.09 5742.65 
2652.07 6486.56 
1013.24 8043.88 
9313.97 8572.26 
9363.36 4783.07 
7363.77 5055.84 
3037.76 5729.18 
714.48 9254.29 
7694.34 6935.21 
6022.65 7645.48 
3121.93 9603.33 
3285.83 4002.56 
187.124 1120.04 
3745.21 5194.26 
545.504 8295.08 
575.707 8385.59 
4037.71 3227.78 
4872.13 5050.95 
1271.64 4186.09 
3623.19 634.987 
8969.15 986.937 
5690.83 2006.89 
6716.12 6405.31 
1261.16 4410.44 
3340.51 7283.82 
2055.89 6462.44 
6887.13 5341.73 
464.982 7074.25 
6461.77 4210.19 
2268.5 7007.27 
2505.25 2844.21 
5392.85 6542.96 
6071.99 264.959 
1593.89 7343.63 
4451.05 5217.08 
7978.62 3420.18 
6204.02 3669.43 
5427.07 2920.12 
74.7225 6688.24 
7330.55 3415.23 
3972.04 9386.45 
9877.67 859.151 
4728.15 342.638 
7933.41 1189.9 
4552.83 201.891 
8197.18 7058.08 
3046.1 3590.01 
3601.03 9118.09 
3854.96 5194.92 
6461.7 8306.01 
411.987 4440.3 
1726.17 6616 
8109.73 7153.25 
9536.12 8184.45 
3841.47 6866.65 
1599.66 7813.51 
6253.08 1477.32 
8672.66 981.22 
1819.96 6606.05 
2171.13 6372.79 
6807.94 368.285 
3430.86 9854.04 
3958.29 7031.89 
8972.11 7813.25 
2226.79 5433.79 
6119.25 2638.78 
9874.09 7845.42 
9254.79 7983.8 
4998.65 8790.89 
6168.24 8840.12 
5657.53 7767.9 
6653.61 1910.59 
9245.22 5326.26 
2891.81 1065.16 
1932.29 5062.94 
7437.95 8740.23 
5431.22 868.788 
8594.25 9389.51 
7900.67 7566.34 
7202.75 127.45 
3000.12 3321.98 
2766.23 2874.19 
1167.39 2021 
857.979 6166.04 
811.87 7026.21 
5006.15 6469.4 
4794.1 1659.74 
8379.99 4039.3 
6986 1271.78 
5104.46 8918.29 
6334.72 2542.39 
7658.49 1765.93 
3411.18 6252.72 
1155.42 1311.84 
3819.05 8358.17 
1439.29 6819.17 
1680.14 4205.52 
9693.36 2847.52 
6226.52 551.321 
9013.56 7038.39 
7577.53 4019.69 
3507.77 2371.61 
5679.44 1887.74 
6410.91 2665.42 
3159.52 1515.36 
1583.69 9494.24 
4057.75 9242.19 
1260.15 7468.93 
5494.89 2415.58 
8780.76 9313.94 
773.737 220.035 
6133.09 2453.88 
4425.55 5826.43 
5301.4 652.053 
6377.75 4314.95 
7690.44 3955.27 
8334.64 1198.19 
6326.89 4014.06 
3085.93 2737.78 
6679.49 6245.45 
4253.14 8263.18 
5739.68 8310.89 
7505.35 6999.83 
5779.8 3000.22 
9415.41 4560.55 
2314.15 189.129 
4780.58 8447.24 
2643 9206.13 
4273.65 7944.4 
9858.19 651.387 
2259.33 7548.61 
4606.66 593.96 
8746.8 933.526 
4608.02 1832.71 
3671.31 1287.49 
8078.16 7924.45 
9550.67 3817.82 
6235.32 7056 
817.632 2015.1 
56.2025 233.024 
6575.65 2370.35 
422.153 1356.21 
817.567 3065.16 
562.329 5091.22 
1009.54 420.499 
5742.61 3268.88 
7969.11 349.246 
3862.84 6715.89 
1282.77 8470.86 
8548.6 4954.08 
9758.35 6626.75 
2878.51 9309.01 
444.55 9113.83 
6364.99 1262.18 
1128.91 6421.19 
1495.21 7704.55 
8791.54 1917.36 
9060.77 9609.11 
4982.52 9623.09 
4700.31 5992.06 
43.577 442.896 
9260.94 8012.69 
792.143 3123.76 
4728.56 2074.91 
1594.61 3277.15 
7028.99 1352.94 
9903.9 9907.5 
661.935 348.432 
9021.31 7026.92 
1610.61 150.204 
3448.1 3105.82 
7854.76 2239.62 
5023.18 6915.51 
1848.71 5.67994 
6538.59 6549.02 
5997.74 6582.16 
6991.91 5258.66 
4594.83 7784.05 
8382.43 9323.4 
9858.97 9977.03 
2600.53 6887.95 
1329.96 2504.41 
6795.43 1991.9 
2852.85 5816.73 
9018.82 4463.46 
5966.93 2466.9 
7569.28 3821.67 
4706.52 2592.44 
737.164 6555.22 
2598.12 7275.75 
3104.22 8595.86 
3857.89 96.1169 
3854.51 8452.73 
7880.17 2236.92 
7776.11 7739.12 
2213.94 376.62 
4627.05 3543.9 
2881.03 1422.47 
5535.79 5733.88 
7239.2 4554.59 
197.322 3206.11 
7021.49 7766.6 
7027.79 1727.99 
359.029 7764.95 
8283.21 2957.15 
5040.68 1387.42 
1553 8898.58 
1483.54 5407.51 
7351.29 9363.71 
7644.43 5127.37 
7102.81 9858.37 
5503.99 1729.85 
3402.25 8385.03 
3152.32 8938.04 
4118.89 391.497 
3492.62 4316.21 
3597.61 514.094 
2082.8 625.377 
2242.08 2441.83 
8390.33 525.281 
5398.98 3430.99 
1912.7 6951.98 
2329.55 3396.24 
2359.47 9680.83 
2759.93 3.88662 
4808.19 9862.74 
9862.26 312.169 
1592.57 3264.49 
8697.2 4744.89 
2202.51 2816.07 
5136.39 5695.13 
7132.28 8734 
6209.23 9215.08 
9359.37 8451.31 
1656.88 7749.68 
8976.59 7055.86 
1180.66 889.274 
4007.82 3510.21 
4285.51 6367.29 
3191.02 7045.43 
6371.18 7999.21 
6908.16 6233.42 
8311.38 8500.73 
9497.91 7008.56 
3245.6 1700.4 
9824.63 8381.99 
7395.54 6956.89 
7115.96 3604.74 
6171.95 6475.32 
2056.04 7828.84 
4224.98 1032.61 
4884.68 5405.64 
1921.89 8892.5 
8915.84 6207.4 
5259.78 2106.85 
3252.81 1630.94 
106.048 160.953 
7864.36 8417.43 
8661.68 7362.24 
5425.98 1907.26 
9062.65 5250.59 
289.233 6458.16 
2207.47 7405.2 
62.8921 8379.42 
3880.5 2118.93 
6208.24 8105.48 
3151.54 1092.9 
3511.11 5073.43 
9985.4 2426.93 
1280.81 5245.16 
4533.78 4533.62 
6876.1 4639.83 
4694.57 4740.44 
3057.25 3356.24 
2102.66 8483.22 
5263.5 1165.29 
3733.8 5552.74 
7623.46 5941.27 
2957.92 7686.35 
4320.67 6838.42 
9805.28 528.887 
4943.88 2956.8 
1621.79 8454.99 
8030.23 1607.17 
881.904 9311.04 
6852.33 5415.69 
3844.64 3728.41 
55.501 8539.22 
8468.84 3112.75 
1895.44 571.488 
1595.95 7158.94 
1736.78 5329.75 
2711.66 9360.24 
1271 5669.58 
7046.57 5591.67 
2507.97 6851.83 
6120.55 7451.86 
9808.64 7742.34 
5906.83 7838.85 
9349.51 6788.73 
7149.88 6201.82 
2204.4 994.502 
9930.23 2259.9 
9533.72 8399.05 
5372.65 1429.14 
8970.54 6968.6 
8588.08 707.306 
2298.34 1299.72 
67.5276 3569.34 
6969.3 7114.1 
9161.01 9477.27 
3965.91 5281.55 
6929.11 3774.53 
3023.87 2835.93 
1613.37 2373.36 
9624.66 8763.25 
8575.18 1829.04 
9757.75 8505.4 
4088.95 9291.45 
6904.43 9461.6 
720.573 5874.96 
6430.19 9308.65 
6582.26 8728.53 
608.361 6649.79 
2297.85 7577.66 
3763.87 1458.84 
7054.92 7729.79 
6740.39 3984.01 
1504.3 9764.26 
6819.94 3117.67 
2137.61 6444.58 
1880.9 712.776 
8273.62 1638.63 
9218.17 2362.55 
930.067 6122.59 
1824.14 1650.64 
1997.53 8254.32 
959.277 8579.79 
6982.83 1567.64 
5229.57 9280.68 
9145.3 8993.44 
739.509 6200.2 
6723.21 7479.9 
184.192 8227.52 
7244.14 7004.13 
1345.18 9381.75 
3448.69 3226.08 
94.5121 1722.3 
4864.71 9312.68 
4084.85 5794.78 
5435.26 5908.99 
7445.42 7432.79 
4163.29 8404.7 
6012.56 1146.11 
9972.33 1242.12 
426.773 9117.61 
235.544 1166.28 
5317.79 6958.76 
8646.18 5501.99 
5186.26 5890.31 
2506.1 6531.44 
5272.04 5954.79 
9757.51 5366.56 
7677.09 4622.21 
4679.22 1761.93 
416.971 114.462 
7670.92 7862.39 
7547.25 1834.2 
6267.07 3559.79 
2980.3 6239.39 
4801.91 3407.08 
5356.98 5037.46 
4573.36 674.761 
1996.2 3219.52 
6176.75 7182.46 
9109.83 8682.84 
3713.87 4381.86 
4637.62 3471.37 
9748.41 2314.69 
8093.58 4427.62 
4076.62 8510.55 
4542.08 1747.53 
6372.92 2089.31 
3581.72 2639.98 
5649.11 6562.03 
8879.36 451.003 
9969.11 4236.33 
5488.46 4542.45 
4911.09 7484.65 
7761.97 1087.82 
4667.09 6871.78 
9770.67 8380.96 
1253.63 4408.27 
1852.32 1002.02 
6722.96 9945.9 
5429.64 799.573 
8456.43 9971.72 
2547.1 4829.34 
2061.02 6128.82 
7469.32 7710.13 
2690.83 6348.67 
8161.13 2659.92 
584.98 3649.57 
7202.37 5496.07 
1134.21 4964.33 
6583.9 5801.3 
1836.09 6354.55 
4182.25 3089.72 
762.8 6034.57 
4091.74 7485.76 
5980.45 9521.38 
8285.34 4436.86 
9493.09 832.42 
9266.2 1554.09 
6961.24 6735.5 
9264.22 9652.08 
3084.15 7425.33 
2311.98 3669.13 
1074.89 9514.36 
9165.21 2209.09 
4478.67 5749.08 
8010.39 6314.76 
2103.61 2192.62 
9404.48 2866.41 
8227.19 3496.2 
352.16 4207.62 
3017.57 8637.5 
8644.48 2510.64 
9469.92 7910.67 
4064.73 6431.14 
4646.15 3328.93 
6083.21 7730.3 
754.249 8395.19 
1399.42 1829.14 
7909.53 564.606 
4038.23 2388.18 
6313.69 2048.61 
8702.94 8417.3 
4241.23 8107.4 
1283.7 2468.4 
1603.58 1635.86 
6676.02 4621.15 
273.339 5320.49 
7131.79 9743.26 
3231.14 1196.5 
6174.38 7877.29 
4525.44 2257.57 
5607.58 5279.68 
652.743 7007 
7108.82 8562.27 
7571.6 1147.03 
950.434 3885.28 
3195.64 9653.37 
2302.56 7436.87 
7760.75 3586.26 
9905.27 9364.33 
5222.12 6581.28 
3985.47 5495.46 
1901.75 1117.24 
5238.7 5132.89 
2313.74 1413.07 
3010.16 6839.18 
3670.64 8617.74 
2118.85 4323.38 
5624.72 9227.67 
2885.64 3196.31 
374.684 3836.07 
7081.59 3570.32 
3489.42 9384.15 
1007.18 1250.16 
2970.39 912.435 
614.475 8192.52 
7493.72 4599.94 
3687.96 9395.47 
5717.18 8926.66 
4528.34 8030.92 
339.708 7538.5 
4870.09 4010.34 
6156.23 6988.93 
8333.72 1780.93 
6216.58 1219.34 
4977.24 6591.27 
5055.41 2058.81 
161.574 8544.84 
1442.95 1168.75 
9794.99 4413.34 
2081.19 409.451 
2605.84 9574.9 
5009.39 6293.8 
8970.35 726.559 
5220.44 3498.67 
8757.48 5560.15 
1037.16 3627.55 
9570.49 7193.39 
616.469 7904.2 
8974.32 6833.05 
9123.54 3951.55 
3424.3 4178.94 
6010.37 3585.88 
2723.76 7453.31 
4754.63 2518.73 
1866.64 6835.81 
2928.19 4472.48 
6410.7 7937.58 
766.265 5381.03 
8664.14 5986.71 
8879.71 7421.6 
1546.84 9916.87 
1049.14 1117.32 
7110.24 1665.61 
9021.52 6084.54 
8498.66 8145.05 
36.0763 1922.95 
2323.97 6046.44 
5508.82 5047.73 
3499.74 263.431 
7566.46 5366.38 
7099.24 494.634 
9838.86 3509.93 
8432.21 605.106 
8890.96 7096.33 
6591.81 7770.65 
4517.92 8138.65 
7687.5 5567.06 
9255.97 4797.72 
7232.67 8277.48 
882.248 5731.32 
6422.51 918.324 
7654.26 8746.48 
6964.77 3163.07 
3794.19 464.487 
3426.5 1360.64 
5830.86 525.726 
1855.27 5669.71 
4035.65 287.469 
6274.81 2926.6 
7383.8 2866.61 
697.231 1901.71 
1005.25 8384.73 
7468.77 261.203 
3182.44 4701.43 
8538.68 4064.69 
432.728 4961.17 
4983.01 8086.99 
3707.63 1947.76 
1250.04 7501.82 
2412.25 4676.54 
8862.46 8243.11 
5202.27 717.719 
3912.8 9237.92 
1005.19 187.595 
2164.5 8388.99 
3054.2 2861.73 
290.684 4059.45 
1246.45 7759.46 
4320.65 4428.88 
2460.87 2859.32 
8493.57 2893.6 
7820.49 3476.56 
980.571 1528.1 
5424.32 2230.61 
9029.93 7836.57 
6907.15 7892.37 
6079.66 2109.4 
8610.09 9992.46 
1347.31 9615.28 
180.04 3511.81 
8004.25 3234.24 
6373.54 8294.94 
7293.69 7619.98 
6054.38 1614.33 
2048.85 8515.25 
4473.65 542.403 
1408.82 2294.12 
4018.97 2389.4 
3822.22 9443.29 
4620.01 2852.13 
7279.84 1527.15 
744.483 3359.49 
3636.55 9354.57 
3351.93 4983.85 
8969.83 3531.97 
8495.66 6974.07 
6766.21 4869.18 
5268.99 4059.89 
2489.15 1323.35 
5674.22 4538 
9838.6 147.853 
5080.4 1247.4 
2441.97 9099.37 
3636.8 6264.19 
8542.64 8256.81 
9116.32 5822.46 
9783.95 9860.8 
9181.95 3420.49 
9215.36 2533.86 
8404.34 8185.18 
6065.83 6899.98 
5159.23 2832.02 
1769.15 428.203 
6891.92 4258.29 
1751.55 2566.12 
8796.29 1590.13 
2713.97 3876.67 
2837.54 5155.94 
2976.02 6474.34 
1420.12 1518.64 
4731.13 536.419 
7341.1 4515.06 
397.204 6523.02 
7935.55 9612.56 
9056.88 6339.87 
7797.72 5122.69 
3239.84 2956.93 
7954.72 5008.98 
3385.14 4846.62 
9267.28 5136.69 
7412.74 8063.55 
6726.82 126.692 
1940.2 9564.36 
5282.64 4916.21 
6038.68 6702.75 
6434.85 769.79 
7239.17 3775.93 
5284.85 7636.37 
298.936 3220.39 
7248.92 9355.82 
9560.26 5046.62 
4478.49 2800.08 
8003.56 2433.2 
7809.06 1388.68 
7279.81 7076.32 
6525.37 4692.53 
5139.85 3252.17 
4819.22 7080.05 
2816.51 101.842 
1996.24 8855.19 
6804.59 8431.09 
9624.98 4043.75 
2207.01 4909.82 
1680.1 2505.94 
8130.21 8929.02 
1861.74 7690.45 
3975.63 6340.24 
490.511 1979.17 
8773.43 8299.57 
3367.85 6053.23 
5375.88 9893.21 
745.745 515.71 
3145.37 5564.97 
7595.76 5961.88 
5666.81 9592 
4817.06 2471.39 
8023.08 4442.02 
6515.13 230.065 
9351.84 8195.24 
2736.01 7482.03 
7124.25 4597.75 
5172.46 1099.86 
937.973 5662.97 
3079.03 9711.41 
3962.53 6446.88 
5764.62 9338.41 
6340.08 6510.36 
9854.12 9485.45 
2075.32 7449.86 
5447.32 7742.13 
7041.84 264.358 
213.496 5064.9 
4706.38 6728.63 
5294.97 4058.21 
4923.85 8030.97 
1540.22 2048.08 
2628.71 6712.69 
3147.94 3566.68 
2375.64 6226.98 
3278.07 6338.17 
2673.84 9042.69 
5676.57 9013.92 
5553.04 5530.67 
8499.36 7628.35 
2980.51 3946.66 
5370.46 22.3368 
4211.02 5583.96 
5087.24 8917.4 
2312.57 382.187 
2975.59 7236.42 
8413.16 4515.81 
9284.51 1041.85 
1228.48 2432.43 
4608.53 3604.13 
8659.41 7886.61 
9942.3 1333.24 
6929.28 5618.85 
347.144 2482.3 
1149.5 8846.5 
110.637 4130.02 
2793.14 5481.1 
4152.35 7004.16 
1065.04 9239.59 
5921.54 3377.61 
9621.78 8897.12 
614.019 8034.92 
3412.92 9898.53 
9076.78 4641.4 
2330.94 3685.29 
8245.53 990.336 
1571.88 8187.81 
2323.57 8501.16 
3806.64 2670.72 
983.446 4956.15 
1517.2 1094.08 
9086.17 4310.34 
6575.18 3238.5 
1314.48 7640.22 
2478.07 7236.02 
1017.82 2099.84 
6133.13 1631.84 
134.741 9546.05 
1530.35 9211.52 
4187.43 3861.29 
2896.79 2432.95 
4851.62 4468.68 
620.739 7175.2 
2969.82 4427.38 
9845.91 3953.27 
9383.53 1363.1 
5047.35 8469.68 
5673.44 1622.51 
1708.16 6987.93 
9262.74 4186.24 
4223.93 280.536 
6286.07 357.042 
1912.37 6420.81 
9903.09 3442.72 
5632.31 4090.51 
7304 8529.11 
6523.45 2155.61 
2997.77 7144.19 
9330.81 5967.59 
1571.56 9176.71 
9920.86 955.074 
539.789 4968.19 
9424.75 6213.23 
6590.71 1132.9 
3201.14 5853.43 
5319.14 7425.07 
6133.96 1605.19 
7782.11 8046.33 
8026.01 7685.19 
1489.04 3658.3 
1775.68 8793.04 
2187.39 8299.13 
948.634 5185.16 
5443.31 279.426 
1152.73 7014.87 
9456.13 1073.58 
7969.94 9995.92 
6041.77 7394.68 
6209.14 2632.46 
8527.58 9410.28 
8485.88 3846.7 
6835.33 4619.83 
5451.89 4617.43 
2666.14 3477.88 
2302.6 4155.18 
7136.18 4078.28 
2948.2 9323.58 
2377.4 3896.84 
4508.72 7820.71 
4176.26 5661.46 
4835.56 3632.38 
6735.03 2805.48 
3628.28 2776.78 
200.144 9837.42 
5409.24 8727.72 
9247.68 3895.1 
2574.4 6082.99 
8514.93 8026.29 
700.403 1181.06 
1504.15 3003 
5336.24 8640.34 
7081.28 8284.44 
7963.9 9458.68 
2181.26 2472.6 
7279.37 6357.52 
8134.05 2114.91 
9989.9 4869.07 
4920.39 3618.16 
7645.85 5120.53 
3455.56 3055.07 
3848.24 2703.22 
6950.17 6422.64 
8786.21 5465.08 
4448.92 9486.61 
6646.13 5953.07 
2489.6 1982.35 
4593.39 9570.88 
266.773 2557.27 
9029.54 2448.03 
5029.87 6308.89 
8805.55 3163.9 
8423.8 8795.43 
8032.97 3344.17 
2413.58 5678.8 
8464.7 5869.14 
8733.86 2312.92 
8572.36 5684.01 
8735.56 7358.55 
1149.07 3184.46 
6845.15 7795.2 
9137.53 9334.75 
9777.56 3730.9 
8905.61 44.3116 
6288.17 7935.14 
2492.34 1318.02 
4244.01 1297.88 
4481.92 2667.79 
93.2926 2514.87 
6011.96 2506.87 
8193.67 4476.64 
8376.01 6927.51 
6789.56 6948.35 
2611.5 5525.1 
4306.89 3760.58 
8709.56 1152.02 
1555.76 7847.08 
486.75 1333.3 
1577.96 9392.36 
1377.61 7866.13 
7327.48 3869.96 
9184.15 1571.48 
5167.83 3666.05 
4239.27 5261.12 
6180.92 251.21 
7768 4374.57 
4727.85 6143.99 
1302.06 1517.4 
3092.32 3913.57 
7042.5 7399.21 
7674.14 5752.05 
8551.22 9229.91 
3599.11 9037.97 
563.189 5177.07 
8430.32 1940.8 
3043.18 5757.79 
5810.76 2227.31 
7329.26 978.573 
5893.37 1568.52 
6239.7 2074.27 
1819.73 4007.68 
6448.84 6547.58 
151.645 7750.9 
8064.97 3243.96 
1664.45 5107.46 
643.153 9338.59 
859.492 9194.38 
8568.48 4458.6 
8232.34 9131.67 
9635.67 6662.64 
1072.46 2678.84 
2420.41 6883.21 
4906.15 9749.67 
7861.79 799.499 
1318.17 4101.47 
2873.77 3137.9 
8109.14 9322.61 
9685.48 8260.79 
7073.49 7750.43 
1504.74 8737.94 
2857.88 2147.89 
8076.52 3717.37 
1342.25 6644.99 
8175.97 9574.58 
5776.64 7811.62 
6237.21 6849.1 
490.439 8657.62 
3732.3 5396.59 
8407.28 1594.07 
6196.09 9725.45 
5695.53 9069.86 
2863.33 3804.66 
8392.45 2548.79 
2065.43 5465.92 
299.205 3570.17 
4203.85 3157.08 
5718.05 2280.36 
6874.45 7060.3 
8925.34 5050.4 
6634.87 4701.97 
2862 2872.06 
1551.05 3352.44 
1529.66 5283.35 
8749.03 9936.94 
6877.41 4945.11 
9662.37 2572.93 
4014.95 2525.68 
6377.59 2407.38 
5074.47 8443.02 
7873.3 5373.68 
2013.17 2077.14 
8530.76 7731.22 
4357.49 5405.19 
4791.51 3282.82 
455.574 1426.36 
7984.79 3317.58 
4298.43 9535.84 
6670.02 5828.09 
4819.17 5419.04 
5765.01 1696.57 
364.128 5427.36 
4269.5 4379.08 
7953.05 647.073 
6786.45 3027.5 
9090.09 4659.74 
8401.18 1103.25 
6736.88 6931.92 
8834.47 1094.35 
2337.09 3625.96 
4377.17 2792.67 
5052.33 2361.94 
6110.24 9350.75 
1897.76 2780.25 
5178.83 6716.93 
8199.29 943.819 
8413.5 8563.42 
6371.18 2682.98 
2942.47 4324.21 
