800 2
6487.86 3166.01 
4325.54 8462.54 
9085.11 585.334 
7296.79 2051.16 
4408.84 4604.92 
877.492 9560.91 
152.48 7606.89 
7033.62 9104.96 
2991.9 172.065 
7604.45 9857.26 
9951.46 4480.09 
1315.19 6531.86 
6597.75 4080.53 
8963.58 4134.34 
8846.35 4143.22 
1653.73 5334.2 
7309.23 5979.27 
3796.72 6394.32 
6564.61 1093.49 
8445.48 973.434 
5698.41 9322.97 
534.332 5850.89 
6929.85 7567.95 
4955.83 9921.75 
7740.02 2560.26 
9779 7691.46 
7040.36 1094.18 
4223.3 3638.09 
5174.71 3186.86 
7772.43 4021.04 
7330.08 9426.16 
9355.24 4639.29 
5405.42 3151.95 
1033.59 1970.01 
4245.44 9479.07 
2943.45 9943.85 
8802.03 3477.78 
5794.73 5731.86 
1045.71 750.545 
5653.6 8785.73 
3310.81 5432.58 
6477.17 351.147 
6526.76 700.445 
3989.24 1701.45 
3887.3 1761.66 
5722.49 1217.36 
1187.8 5077.72 
5856.65 6593.22 
8229.67 6890.24 
8563.24 2475.09 
6369.3 1506.67 
2418.92 5171.31 
4984.44 8213.65 
903.157 6030.16 
8964.19 6556.76 
4815.87 2274.98 
1989.32 1293.02 
2626.13 8516.08 
1993.46 6615.37 
217.512 5880.76 
8377.03 5940.01 
7098.13 9564.83 
1017.71 2954.76 
6158.03 9247.38 
9845 4721.25 
1722.44 6214.29 
6227.92 4141.36 
1385.58 1212.34 
2354.99 2288.74 
7242.5 1319.17 
8845.49 2058.35 
3594.15 834.797 
3351.36 6220.28 
9350.88 5344.82 
2835.63 9568.39 
1225.57 1212.64 
5508.38 8323.7 
777.45 6526.09 
1278.44 6935.48 
5773.44 1123.43 
1656.72 7495.89 
7337.72 7884.64 
1637.23 8723.3 
9096.98 3992.22 
1012.02 6339.46 
5311.39 9857.51 
8397.81 8905.54 
692.293 1749.16 
5125.8 43.1516 
7093.98 7961.43 
9611.54 8319.55 
9174.07 5119.9 
6643.23 9951.52 
1645.97 7921.68 
6886.99 7419.41 
9045.11 8543.71 
4915.28 6382.81 
6428.32 6552.51 
5106.09 5525.29 
544.718 6118.11 
1864.73 5856.11 
5975.61 262.523 
4761.63 6667.91 
2011.68 9887.42 
6711.06 9105.66 
7848.84 6322.58 
7425.2 7022.89 
1442.46 4068.42 
6974.39 3088.43 
1990.08 3861.36 
507.822 1035.17 
2405.05 5423.1 
7417.98 8833.37 
1975.6 2524.06 
4358.64 2520.32 
8642.18 6223.37 
8376.42 4617.77 
6485.89 3138.03 
1285.66 8497.57 
3025.44 7996.72 
7603.22 874.259 
4319.28 5028.4 
7897.15 5761.74 
9096.82 4871.52 
8850.17 1086.88 
8732.88 9357.99 
2122.05 1137.91 
4781.07 9540.04 
9971.28 6756.67 
2064.08 4329.91 
9276.99 706.24 
553.26 7653.39 
5324.01 7039.15 
791.409 6609.67 
5536.71 3816.85 
4606.37 3139.91 
4691.11 8925.65 
8168.31 2588.24 
4687.37 7265.12 
7459.76 3537.52 
8352 6192.62 
2895.49 474.036 
7330.54 7676.56 
14.0563 7301.8 
4433.21 2078.14 
1631.69 3710.18 
2784.38 2184.95 
1363.56 8108.39 
9224.1 2154.97 
4718.04 4760.8 
5971.82 9324.41 
7900.71 662.908 
8250.04 6069.01 
3251.14 2937.39 
3334.11 710.886 
6474.91 1686.09 
6903.51 9370.39 
2160.13 4234.03 
7046.93 2174.18 
1535.81 1480.13 
4252.32 3167.5 
5190.31 7036.7 
5352.45 6553.88 
5145.07 4576.54 
8708.84 9863.11 
9337.34 4680.65 
9187.5 7238.03 
5343.55 7437.53 
3307.02 8594.7 
374.9 6641.13 
9305.58 6849.81 
8327.22 6209.08 
6220.18 487.336 
443.085 3267.1 
2661.52 1978.9 
4747.23 6913.84 
5146.4 9937.54 
3950.52 498.835 
6491.4 9095.59 
5075.38 5200.23 
8958.69 4412.7 
9880.87 8146.18 
1650.71 5224.41 
5583.69 4957.74 
3819.09 5958.59 
1598.85 3124.66 
2808.38 9926.08 
9333.73 9028.56 
413.395 9776.82 
2295.64 3074.92 
1755.7 7042.86 
9988.76 6902.09 
6980.39 3939.27 
7400.93 3471.77 
3034.84 2476.29 
8671.99 1993.52 
6888.99 8552.85 
139.676 8539.7 
3777.24 5723.36 
3497.42 7596.33 
1681.93 5096.27 
720.97 4490.31 
5022.33 54.6865 
3518.85 5435.72 
9831.5 5814.48 
8510.64 1587.18 
2857.33 8499.38 
8489.28 9837.71 
2438.63 5890.19 
3309.46 5473.48 
8366.48 1981.44 
7466.99 5255.45 
534.269 7606.67 
3795.13 4311.51 
3330.01 7292.55 
1907.82 5011.94 
2388.8 2628.79 
9502.25 7411.13 
2683.48 3021.08 
2846.84 2514.97 
8835.56 1357.46 
4102.15 1692.87 
9856.84 2591.41 
1530.57 2295.46 
8481.6 4840.03 
7768.93 6848.06 
6821.47 5235.91 
2103.49 7355.73 
2842.56 5898.62 
1667.23 6172.57 
3191.15 3575.05 
1184.5 5579.96 
6203.84 686.733 
2991.07 8887.32 
3707.81 5837.91 
1402.27 2543.36 
7195.37 5504.42 
4236.23 7052.19 
8095.83 5766.79 
9347.65 6577.42 
606.805 7116.56 
3425.46 7428.27 
2352.45 5528.96 
4783.99 5195 
1427.56 6451.22 
1367.56 4618.72 
26.2469 2552.05 
198.655 6230.09 
3238.79 3189.72 
5117.39 6946.6 
9027.63 6519.66 
9489.96 6222.98 
2024.06 3726.17 
3275.15 119.877 
9492.97 2622.78 
6697.29 99.7532 
9739.34 122.738 
7528.02 2091.77 
5651.69 2312 
7286.77 7079.26 
8763.21 8654.33 
1697.96 8789.46 
1206.37 1896.61 
5019.53 4445.16 
5086.34 136.902 
1391.74 4113.95 
6656.56 881.684 
336.908 8680.62 
4607.85 3612.06 
8800.5 4100.8 
6234.84 5497.78 
4200.56 5974.16 
5620.52 1728.56 
8065.93 1272.19 
4040.56 5352.69 
8351.45 2803.75 
4007 49.3907 
1593.19 5213.37 
1946 6612.72 
9658.53 7032.34 
6749.62 1050.26 
1146.27 3406.17 
1931.94 1483.18 
2086.77 6539.79 
5095.24 887.259 
640.579 1330.05 
6385.04 4841.13 
7304.21 2005.53 
6569.7 5370.12 
3277.73 610.238 
722.793 1629.16 
3413.99 4729.79 
1678.55 5007.18 
9943.17 3624.55 
1619.88 9601.68 
656.877 8369.5 
651.919 1803.15 
1775.66 2583.86 
3286.33 3862.43 
9123.65 8381.56 
4749.69 9764.23 
9711.62 1134.71 
4605.35 7015.81 
3140.24 1175.03 
2385.92 6417.97 
1785.26 3108.71 
8047.13 5199.25 
7838.51 9725.68 
206.417 7781.66 
3350.22 1826.3 
7383.32 4007.09 
195.789 8035.24 
5810.24 1971.44 
619.082 9096.57 
5833.87 9742.73 
7478.11 583.547 
9506.95 7189.71 
1718.26 4112.27 
4205.51 4858.5 
5287.3 6591.43 
1276.45 7072.57 
9700.14 9323.58 
2271.8 7538.63 
9049.24 2478.22 
5320.27 2399.44 
4304.52 2703.58 
6406.54 4500.31 
738.801 2216.76 
6471.75 1357.88 
1313.32 2305.61 
1100.6 8791.43 
2889.16 607.526 
5981.12 4607.42 
4719.8 186.615 
9465.91 7.08632 
6778.04 742.347 
7079.65 6478.17 
65.9105 9351.46 
4016.78 9115.15 
1829.66 9337.05 
1514.58 6134.18 
2040.61 7921.12 
634.474 2779.41 
137.866 7106.23 
4137.29 1451.18 
9411.84 5237.89 
242.593 2300.98 
5845.42 6223.72 
6908.4 565.202 
6410.33 6374.3 
572.289 3188.36 
7116.64 7651.94 
9666.52 7182.55 
7003.38 3683.28 
6297.69 8833.04 
3020.32 7812.27 
4967.2 5060.93 
5733.37 5601.68 
7840.34 5871.24 
2707.89 1977.61 
7322.42 2119.71 
7215.51 7565.01 
4420.7 3060.91 
3788.72 1329.08 
3626.11 199.03 
7703.38 4198.4 
3387.39 4820 
1850.32 3053.89 
2002.54 8853.7 
6737.18 8300.23 
7686.73 9757.49 
6112.49 2653.91 
4818.4 1845.84 
8255.59 2658.72 
7717.08 963.46 
4636.34 5039.49 
3083.17 1851.83 
2604.49 7503.87 
4912.73 6393.2 
8832.95 8538.84 
6592.23 6536.31 
2737.23 9979.62 
1356.29 4587.55 
3033.49 3358.83 
3441.23 9770.67 
1659.05 1127.94 
9528.15 7771.53 
3781.85 4346.53 
9617.38 2037.43 
7005.26 7334.44 
3000.89 1641.58 
2373.91 6084.06 
3493.41 4978.4 
3587.91 8406.14 
1371.58 2420.84 
6944.97 7963.81 
8957.15 9682.2 
7943.41 313.426 
4269.73 976.89 
3672.26 7710.96 
747.543 5331.31 
8838.9 275.673 
3102.82 2620.74 
4622.21 2720.18 
4658.17 1627.45 
54.6067 7659.05 
3269.03 2428.52 
3743.09 6762.44 
7406.92 7331 
5168.56 8778.5 
9751.85 2113.51 
6742.29 8708.98 
1795.69 4685.69 
9022.41 6065.42 
5662.58 2694.65 
3776.36 6410.12 
8025.96 2615.25 
6685.79 1128.76 
5235.99 1307.98 
3848.95 9894.15 
2935.43 3903.55 
7553.19 6204.46 
6332.07 1296.27 
2966.88 3738.97 
8627.27 8135.44 
2517.45 8379.1 
248.934 9259.74 
7088.07 2044.63 
3945.41 6110.46 
8110.05 9607.99 
8805.11 1886.39 
6018.09 6831.05 
4501.64 2703.87 
7959.81 9737.63 
4011.85 1808.74 
9631.77 6947.29 
5712.29 7184.94 
3151.73 2044.34 
8481.2 6118.6 
5783.31 7108.46 
4254.02 8300.76 
5487.54 4502.96 
7560.49 2575.59 
6547.58 1505.88 
8686.04 4657.61 
1113.86 7491.13 
6544 7131.95 
4322.16 1045.63 
9835.82 2281.95 
783.241 3847.66 
4090.69 414.99 
794.927 9802.98 
7599.93 3946.65 
1847.3 6081.11 
65.2369 7630.62 
3189.55 4319.26 
5931.36 8677.09 
8822.21 3491.83 
1252.67 5369.78 
4997.71 9938.71 
27.3731 6111.57 
7429.83 6571.38 
3243.5 1751.97 
7617.01 3079.31 
4033.92 8400.25 
6926.97 8124.61 
8815.24 7721.89 
7927.57 6415.15 
1668.53 9774.87 
2496.24 1733.77 
7405.47 5685.8 
6053.02 3336.82 
4362.87 4875.22 
6828.65 5615.54 
244.98 1826.35 
5554.23 272.353 
7937.92 2984.04 
6843.73 1181.4 
4736.01 4460.72 
4260.71 8769.93 
2860.95 1187.66 
6894.52 1676.17 
8909.55 4822.08 
8091.32 578.06 
4596.93 587.542 
2311.82 2002.39 
6273.34 8364.85 
5339.21 636.196 
3240.05 2167.84 
6251.74 3485.03 
3994.18 1805.95 
3757.38 1932.08 
4789.99 601.097 
3113.48 9526 
5061.82 7374.19 
8295.91 7922.77 
8561.84 5190.42 
9598.94 7471.38 
12.4799 7690.23 
8049.44 4609.41 
8277.78 361.243 
6611.8 4551.1 
8726.09 1950.99 
5187.3 1966.12 
4118.83 1439.01 
5451.15 8113.01 
3244.96 9208.54 
45.0707 8034.96 
9809.63 3158.55 
7560.94 4871.43 
532.722 5856.84 
2794.18 9094.56 
1047.24 2393.1 
6565.92 1059.72 
83.319 4615.34 
5669.13 8361.1 
4976.58 2280.92 
2912.18 3702.66 
4231.91 8099.47 
5668.78 8350.73 
9538.49 1119.92 
6463.72 2783.44 
328.435 6508.8 
818.375 138.051 
9667.35 8379.31 
5009.48 200.051 
4236.13 7803.67 
9294.62 5283.38 
196.751 5860.52 
6343.1 280.069 
475.846 2012.21 
8641.17 5452.43 
4293.13 1553.33 
9155.09 8525.04 
9652.8 4823.85 
6875.75 9191.27 
5943.77 3339.46 
1974.69 6272.2 
9848.26 2793.07 
6410.25 9515.58 
1172.36 1419.72 
9715.64 5408.5 
9223.39 9010.24 
691.858 9420.14 
4870.74 7034.95 
9700.21 5346.59 
9047.17 8341.36 
798.999 3340.28 
9894.68 9954.09 
1865.3 9547.47 
4777.92 8741.05 
8738.72 721.669 
2080.5 713.4 
6993.87 1928.74 
3506.47 3404.11 
1444.31 4678.83 
4823.83 1159.93 
87.3148 4047.2 
170.144 779.173 
3467.32 5040.88 
7814.13 3167.51 
387.454 6861.28 
1508.84 1186.45 
201.538 1403.51 
1140.52 2066.84 
950.961 5918.44 
807.874 9689.69 
6640.11 2888.37 
403.069 3633.96 
4817.11 3909.54 
7038.07 6261.42 
8588.37 1861.88 
7421.34 8675.68 
5909.08 7591.49 
9454.86 9376.39 
2632.35 7268.96 
2543.88 3019.81 
4130.22 4052.73 
4206.26 4331.76 
5456.24 5346.78 
6398.6 6407.2 
1265.21 7206.47 
6096.87 7905.32 
94.8297 6499.93 
1539.27 4911.94 
409.454 8577.34 
1173.34 8997.82 
439.199 8594.68 
7673.49 6348.27 
6186.15 7128.33 
5724.65 8818.51 
4397.27 8268.53 
1838.3 8527.5 
2321.24 6044.56 
2859.24 7777.48 
1391.33 9257.84 
4184.66 2656.54 
6464.3 281.505 
561.84 6559.13 
6781.44 2101.11 
1471.05 7190.89 
678.424 2644.39 
6188.7 1117.62 
1239.06 3862.17 
7465.9 7425.22 
990.479 3190.53 
6243.71 5387.75 
1459.05 8082.01 
3915.24 3780.29 
4126.55 6774.48 
1557.75 5517.88 
6032.31 5742.4 
8174.42 2496.59 
6023.91 8736.26 
9055.72 2805.33 
837.349 526.757 
9996.23 1515.77 
3171.15 6184.91 
2633.4 4410.21 
47.0598 99.2758 
1835.41 1037.54 
3289.81 8079.12 
6425.29 4748.85 
6161.11 340.511 
8529.14 287.646 
7114.99 86.8726 
5805.53 3147.28 
5829.28 3979.93 
5643.87 1853.17 
2716.18 4699.57 
4658.5 3553.53 
5226.33 4654.71 
5069.3 8397.48 
839.603 7702.7 
2807.68 886.663 
7801.97 4643.09 
1924.2 1091.76 
2722.19 8349.49 
5840.62 8883.3 
8690 4369.74 
9170.94 5804.98 
4456.61 4976.46 
8952.26 285.873 
8956.39 4596.11 
2139.04 1672.55 
9295.68 6797.55 
5226.08 4522 
1452.24 295.361 
2919.46 2291.84 
7998.06 5727.14 
3178.51 5800.01 
370.211 5102.71 
6891.77 3092.4 
3452.19 2732.37 
1975.68 2142.17 
7102.11 1146.61 
7947.15 1558.71 
6123.07 6899.39 
1844.58 5079.44 
1495.48 3983.62 
6751.99 791.151 
781.15 1978.05 
5313.15 2233.39 
2273.41 8232.61 
4525.23 271.453 
3959.73 7703.74 
6071.46 4329.94 
2806.43 2963.22 
7422.34 6258.62 
5695.59 9398.03 
8400.79 2797.68 
544.621 6347.92 
4356.39 6667.69 
3247.3 6200.96 
1747.11 4742.78 
184.568 8499.11 
5533.93 965.718 
477.142 847.063 
3199.11 2750.56 
9079.67 7724.34 
3022.01 3039.39 
5428.07 9093.47 
7369.33 8234.5 
2056.67 4791.66 
4493.1 7752.26 
4189.67 2893.88 
549.925 4734.29 
9241.8 4906.31 
1401.96 2489.08 
1107.26 3149.07 
7231.86 1291.83 
1648.16 2765.78 
2257.54 2125.3 
3612.84 5456.65 
4875.86 2692.5 
3180.98 7897.87 
5731.88 8609.05 
6991.32 3101.19 
6843.53 9048 
7892.85 1336.62 
6800.24 2082.5 
4230.5 7350.17 
6816.79 3472.28 
2256.46 8218.75 
5961.36 3363.72 
1367.8 3193.2 
4655.55 3015.96 
5958.98 6913.09 
5141.27 9571.82 
2369.73 17.1099 
2264.3 5550.71 
7914.98 7996.18 
4159.74 4906.29 
1097.36 1003.25 
3954.27 8990.21 
2339.87 754.491 
1072.7 6570.36 
8104.66 7889.48 
42.6265 361.103 
6108.21 6003.99 
3724.82 7476.02 
9197.19 8380.37 
491.962 5156.16 
5293.44 5633.23 
4727.96 7663.17 
5650.34 6992.26 
3213.86 3565.3 
4988.43 7373.59 
8471.59 6085.79 
8376.84 2425.84 
5075.98 716.696 
3180.33 6148.68 
7287.06 1284.97 
4038.15 7329.69 
1646.07 146.342 
3333.66 5370.89 
7622.36 2530.83 
3751.25 8114.32 
7686.99 9044.69 
3747.53 2414.93 
6707.84 9397.87 
9407.19 9921.7 
2963.16 4395.61 
7295.27 1434.73 
481.379 5672.1 
3860.56 5557.36 
6388.8 7040.89 
1706.03 3675.84 
8325.85 5744.17 
1005.51 9971.93 
5890.52 4339.17 
5342.8 3512.86 
6870 9094.05 
1627.16 4556.97 
8138.72 5374.69 
6971.9 4846.54 
4772.55 6379.08 
4768.22 7735.7 
774.666 2063.48 
9170.43 1256.04 
7735.58 3030.97 
6813.41 4124.35 
71.841 8519.44 
7800.19 8397.7 
4263.59 8805.7 
8369.61 154.092 
3144.85 3712.39 
3666.95 14.8337 
2806.42 5294.11 
4571.8 945.124 
668.779 1543.68 
5791.67 5441.32 
7922.76 559.871 
3177.01 8697.42 
2623.35 2347.42 
9953.47 358.906 
5378.39 6766.86 
4483.26 5450.23 
5286.28 2283.44 
3847.91 9549.87 
1089.12 2217.5 
9703.97 4233.98 
5929.89 3370.9 
4248.81 8736.31 
8665 8820.61 
9681.44 9333.78 
364.277 5473.08 
4775.09 8287.04 
6032.96 7952.1 
6984.44 8656.3 
299.5 6937.89 
9015.21 5677.89 
3704.74 3498.45 
1128.1 8991.02 
5781.89 4976.01 
8540.88 6871.01 
7193.51 8244.82 
1104.97 3123.38 
1615.7 5353.79 
1859.68 280.688 
