2000 2
322.79 7464.32 
1052.33 3464.33 
5767.06 7164.39 
8826.32 9460.49 
7554.79 2146.52 
5374.44 3059.48 
7386.55 8912.96 
9486.26 7796.49 
5195.06 7435.85 
6622.98 5261.89 
3602.69 1164.11 
1221.44 6629.93 
7340.81 7405.47 
6861.7 3233.09 
584.521 3760.95 
2439.27 907.311 
1225.25 3491.6 
4371.64 6992.32 
655.976 3197.94 
6452.79 8210.77 
5344.45 1827.22 
1270.23 2730.99 
740.165 756.477 
527.47 5935.23 
8192.33 7150.45 
1197.1 1795 
8314.56 2418.54 
8424.93 5655.35 
9824.01 5286.61 
8888.44 408.516 
9047.56 1327.7 
1315.83 272.799 
4819.3 5687.47 
7265.12 5475.28 
8885.41 3717.89 
3686.03 4229.84 
5545.11 4956.26 
6960.84 6285.27 
5712.74 7488.31 
2220.48 3905.04 
4638.74 3417.58 
5700.04 2953.28 
5836.12 4124.95 
8608.64 5660.12 
9411.57 7497.06 
6068.64 8459.11 
8824.76 7384.46 
8731.91 3644.04 
3071.91 5997.01 
9119.31 1957.3 
9714.9 2805.33 
6187.15 5259.99 
7761.58 3147.96 
1545.25 3474.3 
636.254 3765.73 
7379.35 5274.99 
7183.31 3079.37 
8228.27 3019.42 
7204.32 6836.89 
8679.54 6615.87 
4333.93 4748.16 
5074.97 3158.67 
2132.6 3806.87 
6802.71 5204.52 
9803.88 5922.01 
7161.82 9518.77 
8727.34 3348.94 
4778.75 6488.9 
6496.91 6324 
9963.21 7133.16 
89.7128 7342.54 
2408.14 7273.03 
421.89 636.392 
292.43 7626.21 
7473.28 8971.97 
4242.07 1807.2 
3720.11 9317.04 
4965.87 5852.71 
3123.9 1768.57 
1057.21 2927.76 
7690.58 8219.03 
2446.51 6417.9 
1567.96 7225.26 
2906.78 8064.86 
3549.24 2869.98 
5198.01 3638.95 
212.496 7606.15 
911.962 634.386 
8242.54 1204.39 
8260.6 5715.81 
176.344 2502.66 
7523 3896.45 
1819.68 2488.86 
9749.17 4943.58 
4257.43 806.36 
7871.34 1947.99 
9025.39 317.834 
8365.88 593.327 
7543.09 1272.65 
8658.19 1092.32 
4142.63 3856.19 
4731.27 4355.12 
1462.32 5643.23 
4989.51 9704.86 
6847.62 3250.09 
5420.65 7023.96 
5752.75 2943.64 
920.401 7572.43 
5432.49 669.55 
2515.99 9689.92 
1475.91 387.316 
1637.89 501.281 
705.15 3.75976 
1094.61 8248.24 
1276.41 9752.8 
9340.56 5419.04 
3608.97 4071.81 
9774.16 5071.29 
9715.04 4763.66 
4776.13 6562.64 
8013.75 196.759 
3586.59 3766.48 
3140.39 4506.99 
1338.9 8572.89 
5176.54 3854.89 
8262.79 6652.45 
4242.21 9900.69 
7153.73 4947.36 
9904.45 8248.34 
3195.58 1180.84 
8001.12 2536.12 
6599.88 1610.07 
6607.93 6374.03 
6681.36 6322.96 
1137.67 1457.47 
2885.58 9151.42 
1654.23 6472.17 
2917.88 4794.62 
979.144 4256.77 
3367.5 6155.68 
8111.66 1630.27 
2808.12 2353.85 
1530.94 9961.85 
7301.21 1435.37 
8210.17 496.775 
2616.21 6211.27 
3032.9 9216.09 
7821.34 9640.83 
5590.1 4502.69 
5963.77 6727.76 
5960.16 8849.35 
5879.16 7614.39 
5321.51 8797.04 
2408.99 6300.65 
3053.8 5776.49 
2456.32 1165.44 
7406.76 5264.44 
3519.3 8937.7 
5226.27 820.489 
373.05 3436.42 
1317.26 2989.26 
9647.69 4350.16 
2205.33 7469.02 
3990.98 7795.43 
1971.69 9954.75 
4523.17 7931.84 
8804.09 402.313 
5546.21 4125.58 
9199.35 7955.21 
426.212 2253.13 
3731.68 2882.53 
3418.57 1138.42 
8146.97 6937.87 
76.1057 3373.22 
7758.36 449.156 
6809.63 9075.62 
3438.41 6457.31 
3425.77 5643.74 
3926.31 7416.75 
3439.15 5898 
7371.48 7962.32 
3829.83 6175.56 
8364.63 9376.04 
301.117 7563.97 
7331.23 727.329 
9817.1 1062.9 
3609.86 3235.65 
2201.32 1756.81 
173.502 2277.42 
5130.02 7931.86 
2726.58 1939.64 
7007.46 6164.99 
8396.95 433.213 
1808.72 2323.24 
7849.96 5247.87 
8221.24 5221.43 
3210.17 2051.05 
1396.97 1574.79 
1427.07 1698.08 
9138.76 8758.3 
2425.41 8955.83 
9821.2 6035.27 
2191.47 2022.5 
7792.08 2364.97 
4299.92 2922.09 
296.812 7026.5 
4861.72 7304.27 
3191.48 3258.66 
7737.49 5000.2 
5581.9 5587.43 
248.054 3803.12 
808.841 3458.23 
5854.16 2205.81 
5033.02 7281.24 
3903.89 4171.76 
6039.52 6329.3 
3127.58 5860.7 
2364.56 5319.04 
7883.21 156.618 
7684.01 2183.11 
3078.7 7980.83 
9209.62 7940.43 
5285.08 2401.08 
1199.07 3022.55 
7401.28 6780.96 
8609.98 7649.34 
584.06 9418.83 
1107.55 6438.22 
1624.62 6140.57 
3719.44 5528.5 
312.306 9758.96 
1857.79 3439.88 
5619.65 4222.34 
8758.92 3502.84 
4378.96 6442.92 
5685.95 7457.66 
4423.73 4895.56 
5398.08 9708.81 
7296.64 6597.14 
2731.35 4697.9 
3378.08 1341.32 
2347.22 3962.15 
760.127 3454.77 
400.352 2384.74 
9595.34 4119.79 
7913.25 9907.64 
3878.74 9771.04 
3347.51 9498.4 
3993.36 2106.42 
3001.22 8372.32 
8549.34 8687.18 
5829.97 2973.05 
3582.71 1228.03 
2681.85 879.335 
7825.17 5413.2 
5577.24 1203.24 
6754.52 7924.46 
5165.38 7514.65 
1379.22 5565.74 
9899.39 974.539 
9685.53 7812.62 
882.166 3564.26 
7583.64 4229.67 
3062.64 1576.98 
6336.09 6063.86 
9949.31 4885.41 
4751.02 5779.26 
7858.46 8333.73 
7007.29 540.292 
9213.07 4832.45 
5953.49 4790.29 
6035.69 2707.99 
2714.74 1201.06 
222.622 4093.96 
6766.79 121.993 
5068.5 6452.31 
7934.61 5950.66 
16.5503 5518.23 
180.317 3079.19 
7095.21 6516.41 
9143.05 7044.5 
1401.8 3894.05 
2823.75 9260.26 
2227.77 9831.04 
9800.55 1440.82 
4663.47 5754.03 
6231.11 699.144 
8462.02 8945.84 
1900.2 8684.64 
3039.78 8666.99 
8806.63 8108.28 
5119.28 6741.23 
4058.92 5135.83 
2259.44 4239.24 
8215.02 9354.66 
755.628 7358.05 
6399.14 2157.42 
1252.09 9222.89 
1417.67 3479.85 
9053.92 1218.2 
4920.67 3717.37 
6972.22 1151.76 
4416.52 5434.23 
97.5866 6316.72 
4118.85 3137.37 
4983.69 2925.47 
1245.63 102.962 
9666.7 5304.55 
5238.8 1926.12 
9543.79 3453.8 
1280.76 299.403 
811.841 7679.9 
2456.83 2063.93 
6902.78 3874.49 
5543.78 5956.68 
5092.69 464.433 
9674.05 2064.9 
1616.19 4090.56 
7499.12 1713.78 
407.257 1617.95 
4851.15 5390.95 
4543.42 6096.78 
5493.91 4210.1 
1401.32 732.694 
6136.22 945.091 
4186.5 7416.99 
1244.49 4998.34 
5096.87 3701.32 
7062.27 1999.64 
7575.81 2606.03 
7956.32 2668.49 
3070.46 7630.35 
4733.38 4686.66 
1720.89 2232.49 
6400.44 2128.15 
3850.44 1251.57 
7519.1 8393.86 
7348.35 3013 
2603.95 8749.66 
3745.69 8740.17 
9694.75 7932.19 
6157.14 939.231 
2930.51 1253.99 
4640.55 9992.78 
3253.63 2216.35 
2598.79 1209.93 
4884.84 5669.26 
8840.28 9618.22 
355.9 561.155 
1850.69 6756.34 
2689.3 5701.13 
8007.91 208.388 
4094.98 5356.24 
3221.39 6698.93 
4105.88 6967.08 
5439.08 3800.62 
4899.25 1596.2 
4739.85 7829.77 
2850.19 9380.4 
7822.53 6103.82 
1596.74 421.307 
7313.75 6481.57 
6090.57 6154.01 
6099.77 6446.47 
6715.17 7950.46 
3202.79 9404.47 
3651.58 1210.67 
9612.86 7746.56 
6566.91 2834.23 
4445.46 672.777 
9801.31 9884.54 
4473.4 4700.55 
1480.73 9213.25 
2530.3 4330.92 
8593.64 352.81 
434.725 190.354 
774.117 7748.48 
6671.92 6864.68 
3902.47 2771.68 
3311.13 617.625 
722.126 6513.92 
22.0813 4373.7 
7724.59 9634.94 
2120.24 4291.49 
2469.16 6565.71 
4964.26 2270.45 
6450.23 9437.66 
6971 7930.96 
8650.89 9501.3 
2261.86 7244.51 
9854.11 2696.59 
7434.87 628.208 
445.044 4106.77 
7492.89 4347.52 
6878.46 804.008 
4965.14 7600.58 
7317.93 4987.22 
1974.27 5042.5 
4622.15 4094.51 
9333.99 7091.31 
660.202 4298.24 
9361.76 7110.44 
3735.89 6332.74 
5041.38 2386.76 
5834.02 7303.24 
9631.28 5688.11 
9999.82 7066.13 
6316.32 444.851 
1172.88 3809.2 
4792.37 8051.34 
4613.2 9757.51 
5651.9 1931.11 
4744.72 7626.17 
6973.62 9366.87 
1720.67 6307.59 
6458.16 2380.87 
605.818 5819.9 
9491.3 4341.7 
2152.62 4532.66 
6728.47 7986.65 
1835.88 6359.73 
3674.74 1835.69 
3425.84 9991.06 
2280.54 4598.72 
3800.24 7072.91 
2650.04 8413.45 
6830.4 8301.95 
344.544 1575.1 
5928.1 7318.16 
941.951 7648.77 
3625.74 7400.11 
29.6203 4231.56 
3219.99 9520.92 
8573.26 5372.61 
4053.57 5301.71 
3359.24 5889.46 
1661.42 7033.98 
7725.15 5087.26 
7025.03 5.67363 
9685.98 825.258 
7078.58 2336 
9238.71 3908.97 
637.932 9583.25 
5484.08 6566.03 
6901.39 6426.03 
4214.78 527.118 
3826.12 4244.4 
4758.68 7046.1 
3765.31 3331.92 
2418.7 7818.88 
8633.64 5777.94 
3708.32 295.041 
2811.91 1433.45 
5382.3 9836.94 
1439.13 5068.26 
662.179 8517.71 
7404.26 9900.88 
2426.67 8042.2 
9484.11 7910.74 
4608.21 6385.49 
4336.75 8823 
6912.61 8162.87 
3067.38 1671.27 
5208.95 6832.7 
5003.19 7627.65 
4651.56 3636.81 
3405.57 8359.89 
3931.85 6217.48 
9793.34 9314.15 
6054.4 1232.45 
4382.39 6716.58 
9750.16 1786.64 
6617.45 2176.81 
9828.84 6101.54 
87.5356 4437.03 
2487.02 4424.29 
3260.01 9399.63 
2587.14 6327.4 
1070.88 7796.09 
3160.08 6074.08 
5423.73 7811.64 
9710.89 8829.3 
6171.51 3642.73 
5046.76 5964.83 
2956.86 1101.15 
7197.28 7339.25 
7817.73 6947.42 
9125.9 4435.16 
9124.23 8954.72 
536.684 9211.77 
3391.73 3023.7 
3636.04 6651.74 
2423.32 6223.18 
2979.12 3494.2 
4019.25 6139.2 
9568.28 9442.98 
3950.82 9279.15 
8272.27 122.313 
2921.86 3319.01 
6087.14 5878.72 
4420.16 3284.41 
3217.96 2237.87 
231.812 2343.84 
6673.03 9356.05 
1298.54 7209.71 
8567.8 4690.27 
233.4 2203.82 
1341.99 2656.72 
8427 4321.12 
6150.92 2446.23 
460.297 5719.18 
1889.2 4411.12 
4998.32 161.448 
4533.43 7920.18 
3480.46 620.558 
3798.89 7900.62 
3904.96 7016.85 
138.481 4136.78 
9360.69 6811.51 
3492.8 659.207 
4021.21 2060.59 
5349.48 4254.61 
4264.41 6691.47 
6911.33 2691.39 
1012.57 3062.23 
5137.62 1472.86 
8781.41 7026.82 
5883.98 3779.71 
7188.27 417.397 
1699.87 668.713 
1037.96 5498.76 
8569.34 4942.92 
2515.59 8707.82 
9079.7 1876.26 
5519.31 2572.48 
2535.47 9540.52 
4633.07 7884.94 
3795.11 8897.47 
4576.39 706.421 
1588.84 5588.96 
3768.65 6726.46 
7061.83 2550.04 
3753.27 2945.79 
6329.75 941.518 
3363.19 8029.63 
1610.23 4401.15 
3528.37 179.552 
9344.07 6043.96 
8887.37 8423.74 
7920.22 4406.67 
996.211 455.673 
3947.17 5629.28 
8340.62 7742.28 
4526.74 2916.99 
8448.7 6115.58 
8505.95 2217.33 
2842.03 5567.76 
4767.38 6595.29 
8513.56 1097.11 
7536.81 1876.73 
9126.74 9147.04 
6277.88 2655.09 
9326.6 5621.92 
8699.05 8213.95 
4045.65 6619.26 
2620.6 5041.86 
7074.93 6567.77 
671.125 5415.53 
4310.03 5197.86 
8332.52 2758.72 
1313.43 6838.46 
4976.05 4155.45 
2406.21 9743.43 
750.732 919.749 
840.522 8287.55 
2796.48 9967.26 
7434.57 9074.36 
2622.33 6761.15 
4696.26 1321.37 
4975.09 8741.92 
7940.63 7595.69 
3783.76 5015.55 
4163.44 4454.89 
431.061 8473.47 
9652.75 8763.58 
1232.18 966.157 
5602.03 6208.23 
5121.61 8008.24 
5951.64 5872.34 
8927.99 6792.16 
4159.87 1724.45 
6759.41 1594.43 
798.79 9381.74 
8355.58 5495.05 
703.093 3330.65 
4236.95 8643.72 
926.318 8020.71 
3659.25 5089.76 
2475.58 4090.31 
3563.21 2128.31 
2853.88 4795.39 
3094.47 8455.91 
1003.6 8216.08 
6464.13 6955.24 
4088.41 5392.1 
3747.39 8248.28 
7116.56 506.777 
9842.71 7915.35 
9888.52 8198.27 
3410.38 591.593 
1528.9 7647.33 
9235.32 2455.22 
5668.03 2894.55 
7544.97 8143.61 
6984.87 1108.17 
271.903 9838.75 
5903.55 3366.37 
8294.64 6907.15 
1582.43 4758.76 
3862.38 5670.84 
150.845 7609.76 
3919.1 7267.4 
8116.54 3761.79 
5182.73 8005.04 
1960.04 8593.11 
8596.63 3488.94 
6240.43 7831.93 
5944.16 1908.44 
726.467 3489.12 
52.0344 7711.33 
4597.28 323.938 
7550.06 500.821 
3690.31 5844.69 
7407.97 5272.74 
603.429 1270.33 
943.562 754.274 
8880.09 4862.66 
8021.68 6996.62 
8624.45 3204.39 
5001.64 584.466 
1797.48 3598.25 
4073.4 8037.91 
1430.17 17.5457 
9946.35 2156.64 
3506.66 9998.39 
9867.97 8103.95 
322.31 7418.02 
8604.77 4012.62 
3262.69 6012.72 
9285.36 3866.11 
7283.06 228.904 
4620.39 6163.13 
5091.56 2642.05 
3159.73 3715.99 
5846.44 8161.37 
4300.46 7643.92 
1759.61 8373.86 
5681.82 3189.78 
8391.41 5628.15 
5346.42 1898.05 
5626.53 5214.37 
1.98007 5948.83 
2632.37 8606.75 
9961.45 5895.05 
4619.45 9246.79 
9761.17 1902.49 
9475.7 4381.54 
8065.62 4567.25 
7023.59 1225.34 
8283.24 2870.01 
9386.71 2583.68 
513.908 1146.31 
957.521 6195.72 
4336.09 9348.93 
1823.86 9682.5 
1246.96 7450.38 
4896.86 1248.94 
3399.2 7529.22 
9855.69 3360.64 
3424.26 4475.13 
2607.42 3185.41 
6377.62 2083.1 
7566.94 4443.23 
6650.35 4590.52 
5668.57 4933.57 
7460.52 5055.27 
7517.24 7974.43 
6201.57 8474.76 
4170.14 537.646 
7823.67 5994 
220.134 9070.64 
3444.36 5116.99 
319.565 6843.57 
2646.19 175.238 
204.188 6070.45 
4650.36 2811.6 
9255.85 1027.96 
4894.71 6822.78 
5471.19 1545.03 
1413.28 1139.74 
6478.6 8873.8 
6195.01 3995.82 
6848.21 2396.56 
2470.57 1018.33 
2934.21 294.228 
7012.33 3154.34 
9364.87 456.675 
8271.33 9684.43 
7300.24 917.509 
9859.67 7504.43 
6987.96 4510.01 
316.016 6243.8 
5537.98 5210.72 
3066.56 1009.15 
6755.75 4479.84 
2148.89 3234.34 
3353.63 8343.9 
7230.16 201.824 
740.444 9700.73 
1220.16 3674.65 
9994.96 8232.49 
6829 9359.81 
8689.16 5100.31 
9044.22 5989.38 
6017.82 8903.87 
3493.8 3005.76 
3413.87 3809.81 
9249.56 8951.85 
9020.53 2316.11 
9961 5776.27 
6795.95 2109.87 
9010.61 149.559 
453.754 6240.75 
351.383 1194.2 
5941.46 1571.54 
4868.85 5936.4 
9804.03 1697.83 
5296.19 8493.17 
6798.14 4340.4 
4482.54 2815.95 
3244.25 7976.33 
5821.71 6658.12 
1786.13 5071.26 
5609.95 806.644 
7387.36 5570.93 
6582.91 4183.29 
7680.8 5593.5 
4332.85 8134.56 
1834.24 4684.24 
9328.75 7775.7 
6255.78 4197.59 
3712.09 6059.79 
5895.42 9008.28 
4552.94 2693.55 
3348.66 9035.48 
5509.5 6592.91 
7011.79 1331.19 
3251.01 8797.92 
6402.45 8860.96 
9604.57 3789.79 
4431.87 6187.46 
7973.09 2112.65 
1780.95 2305.92 
247.191 3615.19 
6990.16 9575.94 
1390.87 3245.92 
3773.51 5102.96 
9305.71 9668.93 
4111.23 3858.63 
2362.46 7459.89 
2894.09 7871.96 
4052.78 9905.89 
9203.15 7303.79 
8703.79 5605.58 
6164.73 8308.34 
9395.37 596.585 
4495.79 7368.45 
2709.24 6276.74 
9674.37 2956.43 
9891.93 6664.51 
2532.36 1282.79 
9910.43 6305.87 
6385.75 9216.12 
5974.79 496.965 
3074.74 8337.25 
7956.85 5968.83 
6209.19 2009.62 
5874.7 5412.32 
9313.41 4578.48 
1017.88 5478.13 
2886.8 413.24 
6074.71 7382.59 
7781.69 8783.95 
3659.32 7456.04 
1740.36 3551.24 
4120.53 4272.72 
4834.03 4030.95 
578.576 1219.76 
3247.06 6553.36 
1716.73 6321.79 
4890.59 9673.58 
2290.61 1099.77 
1683.19 8165.31 
6512.09 996.581 
2743.77 7529.97 
6474.71 5630.57 
7943.21 2549.41 
3013.14 5724.88 
1333.34 6672.46 
3180.9 3073.71 
223.684 7301.43 
7346.43 5057.71 
1332.37 7925 
6277.47 4579.42 
4478.35 7994.2 
901.201 9368.94 
7667.77 3191.81 
468.694 9350.95 
1357.1 6980.78 
347.518 4100.86 
4510.73 6822.23 
9731.43 2453.93 
9371.63 2744.56 
8178.81 704.96 
9417.02 1359.69 
3778.67 9640.71 
8661.12 1125.08 
4698.4 9993.49 
9050.08 975.856 
4572.9 3528.42 
8970.06 5474.1 
2897.34 6637.81 
8665.91 3366.04 
5988.75 22.9856 
346.801 6336.26 
4123.85 4857.53 
3158.47 3855.26 
7311.46 2530.09 
6599.82 5490.25 
3235.05 6016.82 
6849.94 7013.72 
5657.51 5511.05 
8138.8 355.895 
5504.52 7188.86 
1331.75 77.4008 
717.261 301.792 
5551.5 3614.61 
6939.6 4217.39 
6980.64 2928.33 
4240.37 7327.44 
9264.59 8364.22 
2184.96 2423.05 
2219.47 9496.42 
4953.14 8819.28 
4986.66 8188.19 
4836.09 1836.58 
5201.89 493.586 
7347.62 3340.67 
849.481 2852.13 
529.519 2181.23 
2929.53 1246.78 
2483.02 8481.03 
4861.39 9422.62 
2698.4 1842.01 
2350.94 6938.78 
9169.46 1615.52 
5302.98 1354.4 
4038.57 7522.45 
850.808 8991.71 
6341.71 5837.46 
7179.89 1177.79 
7674.04 2381.76 
1671.37 5021.65 
5722.44 2520.85 
7873.78 6251.96 
4702.08 803.291 
7498.74 7185.11 
9284.32 2360.1 
6607.72 1982.7 
4202.12 8958.66 
8921.48 3371.56 
574.155 4224.44 
4725.96 4612.72 
1746.87 5576.76 
3604.42 8088.58 
1414.21 784.285 
9266.37 9088.26 
3166.05 937.726 
4109.89 8888.49 
3458.58 1983.65 
5140.42 8160.66 
2786.95 2639.14 
5345.76 2071.25 
4999.25 1953.46 
4053.95 9201.36 
912.096 2975.41 
2572.9 1486.25 
7199.86 7298.86 
6098.97 8946.73 
2875.61 9703.39 
7035.29 4289.82 
487.656 6301.65 
3378.06 3653.7 
7239.37 7487.95 
2542.17 697.935 
9471.6 7682.6 
8858.6 2258.53 
321.724 4204.34 
4329.78 5320.97 
6157.79 8383.73 
4522.32 7069.89 
1359.13 7095.22 
8556.14 8558.98 
4394.06 4655.1 
7505.69 7269.67 
4358.47 4540.97 
1559.47 4846.13 
842.601 4937.53 
8499.83 8081.98 
2425.46 1041.99 
8779.91 1897.05 
8724.58 7638.49 
4155.58 9046.31 
1842.81 8485.36 
4367.26 8000.61 
6869.07 8889.58 
5070.48 8228.19 
5984.78 3626.61 
6787.16 378.829 
8281.71 4292.83 
7648.5 2640.16 
8833.81 9207.97 
7486.28 9676.41 
4145.48 5986.1 
7758.37 6570.95 
7028.08 6538.26 
8467.99 5752.65 
4176.73 2623.55 
4798.94 6019.55 
1108.89 9166.2 
4020.14 7977.96 
8055.76 9090.62 
6206.14 4040.53 
2717.22 2993.28 
4419.36 998.905 
7286.11 2067.84 
3639.06 6119.9 
1275.79 1125.33 
5796.29 5421.28 
7111.43 3554.64 
1992.2 4139.49 
92.8817 460.179 
9892.14 4269.62 
3083.73 4691.06 
289.148 4192.62 
3857.24 4309.29 
2170.56 1912.99 
3399.9 8376.7 
5953.51 6117.11 
1369.96 372.854 
7116.02 8656.07 
2440.69 755.066 
4775.96 3716.49 
1880.4 572.231 
9137.76 8991.83 
4126.87 1129.95 
3131.3 4219.75 
1590.13 3023.43 
8489.37 4673.86 
7714.49 8778.52 
8866.48 1571.72 
3087.79 1037.02 
3484.7 6487.69 
9413.72 9438.22 
2604.78 783.663 
9811.07 9720.8 
9439.73 2251.75 
475.852 4215.67 
5968.23 2356.25 
4787.9 5105.98 
1348.06 8914.78 
6235.93 4479.36 
3134.51 7826.05 
7502.78 1623.86 
2499.9 5217.26 
402.365 1366.36 
6788.97 3490.15 
2403.38 273.657 
9977.84 1817.09 
9711.87 2582.61 
2600.75 9522.93 
2303.39 2040.47 
1774.66 2779.25 
6256.14 7742.89 
5135.5 1044.03 
2848.85 6483.55 
9958.8 9084.77 
962.893 3093.3 
6910.81 8465.68 
4717.16 9410.71 
3682.91 5119.53 
777.047 471.868 
8609.68 3180.43 
745.525 8587.51 
4997.52 457.382 
1170.1 7598.27 
9980.31 3473.49 
9638.73 1754.95 
6252.74 5894.85 
9497.84 1388.22 
6938.88 2346.67 
7871.77 6897.67 
1431.43 8834.66 
9990.97 8342.24 
7300.32 4708.11 
7752.93 983.221 
9827.64 8529.98 
1455.09 8437.31 
1710.39 2200.61 
7024.8 6707.91 
2658 8194.89 
4306.15 2638.29 
1668.37 3944.87 
4393.24 7921.11 
9839.73 3891.06 
9309.33 6778.59 
6237.74 7181.08 
3676.24 7669.17 
6015.73 3667.19 
6011.39 3316.04 
8375.31 3764.31 
4299.26 8202.93 
2294.27 5754.35 
6640.22 4004.66 
7954.96 3665 
712.548 612.94 
1859.88 5018.7 
3251.23 3528.25 
8963.57 7644.47 
1449.34 8803.28 
1535.52 758.654 
5581.85 7773.26 
7939.74 9258.1 
5442.41 3955.45 
2925.28 1453.78 
7271.48 1300.57 
5218.09 1570.72 
9503.5 7512.36 
7325.07 6143.71 
1517 5280.01 
9808.71 2229.55 
5892.95 1668.57 
7248.25 9144.18 
5196.82 6211.8 
6788.64 6646.16 
5015.07 8324.15 
7404.81 596.907 
6097.39 5344.53 
9855.01 1539.78 
9299.98 2780.26 
2993.56 6571.45 
4080.83 8211.65 
8142.17 3584.32 
5723.99 5467.23 
9728.02 7240.99 
747.222 9536.71 
9470.54 6640.17 
1205.26 6718.77 
5784.34 6402.08 
2930.56 2572.96 
3048.22 7945.63 
897.094 453.015 
8542.53 6994.49 
5797.55 8397.52 
8534.27 5097.51 
1177.77 1527.82 
1668.94 5258.6 
9739.47 9811.12 
8842.92 5463.44 
5278.33 8570.92 
2704.42 6025.55 
8107.62 2174.94 
2665.71 9312.88 
8893.71 8450.04 
5714.94 1824.25 
1022.99 8763.16 
9769.88 1920.08 
9216.17 8312.39 
8914.57 5013.7 
6709.9 7448.82 
111.198 7887.67 
8976.63 1780.14 
3146.25 8716.08 
1591.24 1989.15 
4179.51 6869.57 
560.056 6883.93 
2895.1 8667.67 
9058.87 5560.81 
7980.53 7952.56 
4010.83 3695.45 
9776.81 5033.82 
2458.59 9546.67 
6953.9 1674.75 
7859.05 5868.45 
6688.45 4568.93 
3317.25 6799.65 
2456.57 2293.87 
8579.79 5602.82 
1009.93 171.019 
7591.98 5189.45 
7040.59 8152.03 
2073.36 9935.69 
6819.69 1132.22 
5496.48 4800.2 
9084.78 9507.31 
8495.65 8861.58 
4541.12 954.23 
8408.23 1495 
2628.98 6267.26 
7363.45 9317.43 
836.172 680.681 
6117.07 3292.75 
2974.55 4696.84 
8895.57 3984.48 
4867.86 6487.53 
9173.93 1908.43 
4639.55 1247.27 
1844.11 1459.21 
2379.49 7340.58 
6259.42 1464.25 
6847.88 4755.05 
325.816 1388.98 
5709.28 8734.05 
2883.98 8338.26 
5001.3 247.407 
7655.68 5837.47 
928.088 3772.73 
9130.21 3902.64 
8469.57 8025.77 
7887.12 3337.42 
4513.28 7061.03 
5245.85 9152.83 
8308.3 7089.96 
612.024 687.774 
4430.52 6871.44 
2152.03 1278.39 
1626.48 2477.84 
2667.37 7335.76 
1211.88 5551.34 
5674 6213.17 
5798.75 3329.67 
2050.63 6726.84 
7102.39 1180.82 
629.457 5571.95 
9206.59 8516.57 
8909.36 3719.85 
5577.58 4155.2 
2872.66 3885.87 
1245.14 3484.69 
4573.64 5675.66 
356.11 6725.67 
6954.05 1982.59 
9203.52 9621.42 
9318.34 415.377 
5172.74 4992.33 
6628.55 971.475 
8322 8679.18 
7698.31 5424.37 
9860 8327.77 
996.302 9066.57 
6844.33 9905.67 
2786.41 2421.9 
4060.85 5659.08 
6307.76 5305.99 
9143.76 881.391 
981.632 9499.87 
7607.06 7935.68 
1482.44 6810.56 
7557.08 800.769 
7225.94 2729.81 
5793.1 3854.47 
3701.28 4115.08 
2533.63 1399.58 
9539.45 2393.62 
9727.35 535.736 
1460.18 6571.66 
441.385 4246.59 
8993.55 4502.23 
9905.66 5301.3 
9808.22 9049.41 
6182.69 789.833 
8549.26 3789.74 
8725.52 31.689 
600.281 6282.58 
832.458 7826.22 
9012.39 6625.56 
1680.68 2713.65 
740.62 4214.31 
4113.23 280.053 
6607.93 3840.56 
815.789 8068.11 
412.197 1257.17 
2314.67 9405.75 
5759.41 2220.32 
4707.03 5567.61 
1269.71 889.705 
6357.44 9818.97 
4679.44 5082.94 
9850.66 5279.72 
1365.5 683.104 
3105.93 377.871 
7308.66 4786.6 
3091.52 8049.28 
9000.92 7204.75 
8329.34 5608.83 
1045.29 9145.12 
3676.92 1457.48 
402.282 5991.59 
863.216 6161.69 
8211.91 5570.25 
1729.28 9481.62 
6459.95 8086.72 
9300.58 1139.38 
3169.64 9151.23 
6419.1 4535.14 
9834.33 9525.02 
4913.02 7142.98 
4311.61 8004.54 
5192.24 3312.51 
5209.27 3521.56 
8921.34 6254.56 
2666.67 2598.24 
7712.04 3068.95 
8589.83 8575.26 
9230.64 6801.73 
4145.49 959.898 
6283.33 605.423 
9046.62 5583.9 
1744.8 2216.24 
4735.1 8163.9 
6751.39 4569.42 
7688.91 1664.38 
1712.37 2000.5 
9668.92 6904.61 
5313.01 4878.17 
426.157 4234.33 
1132.71 3092.82 
6832.57 8844.75 
6161.77 5422.39 
7419.99 5392.39 
2224.1 1565.46 
6352.29 8507.43 
2170.88 5398.89 
4091.31 3915.68 
7615.13 8826.41 
2079.56 4366.5 
3395.81 9768.47 
6030.89 5108.19 
1768.95 5699.79 
2012.79 7081.96 
577.943 2438.94 
1316.28 1710.65 
5531.77 8148.85 
555.385 1693.52 
3571.22 7975.37 
7085.92 5795.31 
9540.83 3438.19 
4302.73 1711.7 
8837.08 8394.04 
5627.38 6452.2 
7220.43 7706.94 
818.687 616.23 
7475.39 6849.57 
5724.42 9244.35 
2549.35 7737.2 
6326.29 3127.29 
176.131 7642.57 
4837.94 5707.9 
5791.4 5393.33 
7401.42 9362.62 
3368.68 4487.32 
5157.92 2909.5 
7925.52 9460.64 
4621.19 6762.58 
7854.67 248.555 
3214.77 5075.08 
7955.5 4033.46 
5691.31 5430.87 
883.012 1415.71 
4675.2 3432.36 
9152.92 1001.48 
6559.65 9329.05 
8644.05 1397.57 
5036.93 4435.43 
6790.9 2438.34 
3798.04 159.564 
6925.66 8955.95 
3069.06 4851.16 
8416.58 7690.26 
1613.73 6271.23 
7938.81 4828.5 
1346.29 5894.29 
8861.95 7037.61 
1325.15 9744.97 
8453.32 6000.35 
3177.31 7606.22 
7001.83 9736.95 
6935.25 5645.86 
1134.51 1972.17 
81.2777 7925.41 
4410.5 3879.31 
8084.97 1336.15 
2835.25 1154.02 
6187.31 1251.81 
8844.27 7801.04 
7523.04 6783.06 
2629.52 8869.33 
2677.34 1491.46 
5906.92 4002.48 
1236.41 4360.23 
2.8147 4413.71 
1966.43 7004.64 
4150.65 8901.68 
2650.49 5285.16 
873.832 2731.76 
3210.55 5284.34 
6611.08 1295.5 
6620.49 9446.33 
2449.52 2807.78 
698.124 1293.77 
608.805 8221.17 
8076.84 3238.33 
7090.48 754.156 
4729.78 2997.39 
4756.64 5966.19 
7357.62 4759.45 
379.885 9324.05 
1764.08 4530.54 
8225.71 4414.57 
9815.69 9099.54 
7146.33 3026.23 
4383.86 3757.39 
4321.73 1004.33 
3203.7 6771.25 
3812.11 3901.83 
8065.02 4420.92 
2122.98 6141.84 
7659.25 9213.46 
6896 2389.01 
2210.83 1652.62 
8355.2 9568.45 
6412.07 8735.08 
8892.48 8176.15 
3265.6 7118.18 
2590.7 3081.28 
6217.71 9737.03 
6107.51 601.555 
3494.41 429.223 
1605.89 6698.11 
7200.47 5418 
599.923 5265.48 
9838.92 2722.9 
1407.3 7498.15 
1936.34 8303.3 
9887.16 4147.18 
9955.92 8242.34 
3715.61 6367.98 
6977.41 2608.08 
4544.12 243 
9726.26 7134.82 
3324.28 5943.95 
6871.84 9431.79 
6545.51 366.229 
9861.01 8151.39 
7064.34 7061.47 
3569.38 7664.27 
2326.93 3408.29 
387.148 3734.23 
906.421 2323.49 
2037.52 793.566 
6470.67 1993.42 
9035.91 186.261 
8361.4 6013.31 
2794.34 2905.5 
6256.31 2520.58 
40.2986 9580.59 
8464.53 6912.13 
9012.36 5010.02 
7278.36 8873.36 
3161.4 4342.69 
5934.81 6730.78 
2006.94 8261.74 
139.047 2394.09 
1995.95 1045.47 
4717.58 4033.47 
1839.03 1188.22 
6026.89 874.929 
1374.49 4388.27 
6888.24 4168.83 
7293.77 3144.53 
6689.41 7334.07 
2725.1 5153.92 
4246.19 1737.45 
163.924 1524.53 
610.785 3325.32 
5867.22 6545.59 
56.0801 7874.16 
4807.32 195.127 
268.23 6803.27 
1240.6 4985.81 
836.721 3079.63 
6174.03 6863.61 
3954.56 7548.52 
1251.87 842.78 
1717.33 8545.63 
3987.31 8406.73 
5879.68 6712.41 
3560.64 125.852 
8449.85 3724.56 
1650.38 9060.64 
7049.88 7517.61 
5606.22 7105.96 
5391.75 413.515 
7301.09 5659.98 
7216.78 8541.68 
645.768 8053.51 
1621.3 6819.8 
4917.1 5575.85 
4368.3 6168.97 
6418.63 6085.62 
4714.58 405.926 
4492.34 594.25 
7118.33 8052.98 
720.102 5568.17 
1777.52 2370.49 
4628.79 8827.4 
9888.09 234.994 
5933.34 5279.83 
648.509 3234.41 
939.788 7865.29 
1776.08 1585.56 
5918.78 3397.37 
8405.35 835.865 
8973.23 2773.64 
7004.83 5391.85 
8859.26 1719.4 
5797.77 3351.58 
2313.65 2916.09 
1404.54 3033.75 
8484.26 3182.06 
5404.23 3113.04 
2009.44 5292.31 
3348.04 7942.78 
572.117 3996.55 
1177.18 1511.9 
1861.82 2953.26 
3097.46 7780.6 
6350.63 1502.8 
8616.47 5323.85 
4276.43 5621.28 
715.676 3135.67 
7340.68 6513.45 
6487.26 9654.32 
9429.54 7891.8 
2688.05 7913.79 
1073.84 8092.28 
1026.81 3083.28 
3384.58 4374.85 
1026.05 3956.69 
8371.4 2203.23 
5468.6 233.2 
5156.48 8566.06 
8013.8 1507.1 
68.8376 6630.26 
6830.95 4345.27 
2251.52 7546.62 
7480.95 9592.2 
4060.06 3968.18 
9246.5 3489.58 
1859.96 1934.54 
1403.35 2933.8 
26.8033 2430.17 
6017.08 3411.38 
6805.02 7043.12 
7368.07 5176.4 
9246.35 2836.65 
5409.6 4402.82 
1402.69 3423.38 
5909.92 1471.53 
53.6214 2740.85 
5816.8 2305.14 
287.451 3297.73 
1897.32 4347.51 
7265.91 1143.8 
7837.09 9125.88 
3078.34 9240.44 
2059.66 3105.14 
1670.59 8076.74 
6516.52 8475.61 
5119.85 3884.58 
3651.99 4366.18 
6721.23 9061.58 
8769 8123.93 
2484.95 4678.9 
9595.46 2538.57 
7419.74 5412.24 
4843.71 7707.2 
8709.97 6741.03 
2054.69 5975.87 
7884.84 9891.77 
5101.73 963.159 
9132.2 7161.39 
4068.3 802.77 
5238.12 584.808 
9278.38 357.948 
4469.39 2930.35 
4724.13 1190.6 
1991.91 3493.11 
9314.53 4476.86 
8172.01 8909.97 
7015.43 5591.74 
4322.2 1859.13 
3298.92 3032.16 
8600.16 5353.6 
9008.03 6484.98 
5245.36 4109.74 
7448.14 4377.54 
1271.12 1516.42 
5180.31 6509.24 
2101.23 4458.67 
6867.19 6570.62 
7389.02 1591.3 
7761.22 9380.93 
5084.41 7075.73 
3857.78 3256.4 
5985.69 873.192 
8848.14 307.87 
2732.32 2147.04 
3340.03 1332.46 
7500.65 2348.04 
7817.44 2745.99 
6457.79 5265.56 
7123.53 7728.91 
6781.98 2303.82 
4238.12 8883.21 
6762.48 1105.29 
5453.81 4151.48 
2696.59 3215.01 
3532.4 7781 
290.727 7390.17 
1037.39 6276.41 
8263.37 9885.53 
6584.28 995.667 
2032.56 9924.31 
2328.13 9533.21 
2272.34 145.551 
2279.18 8730.12 
5411.11 9402.71 
6459.01 2193.07 
1706.5 697.117 
1076.27 8468.99 
1802.41 6530.08 
2620.46 4499 
9745.09 6152.85 
2279.99 35.8008 
3543.01 3317.38 
6312.21 1806.36 
3202.89 2896.48 
2802.02 5235.45 
2820.78 5130.15 
4768.64 5093.11 
5275.7 7047.82 
3823.22 686.794 
6450.51 282.207 
2879.87 8157.02 
979.324 3956.14 
6625.99 2781.73 
486.199 9246.44 
7280.74 231.273 
5399.28 9560.72 
267.074 8942.29 
2878.08 6579.29 
748.626 6080.98 
9475.77 3550.65 
1316.41 2296.53 
8680.8 6085.06 
7389.64 3956.48 
3132.87 1212.84 
4643.28 9583.38 
1495.05 7523.15 
7740.38 2474.37 
1479.27 4366.35 
5256.11 1965.47 
3612.77 2536.83 
2196.74 9012.05 
2097.53 2463.81 
7954.32 4975.62 
9043.1 8702.95 
1056.58 8518.86 
2253.58 2372.99 
815.37 934.36 
8458.05 8205.01 
4890.84 1590.9 
9417.86 9534.12 
1174.26 912.889 
7057.25 8914.64 
3387.26 8536.52 
3280.97 8643.37 
501.966 6893.74 
1180.18 2698.71 
5905.77 3277.72 
5162.52 3860.07 
8253.33 4205.6 
2563 9309.91 
2724.44 4816.58 
1682.89 3539.81 
5750.94 140.925 
1744.81 641.768 
1731.83 1162.65 
175.872 2906.09 
2075.54 7233.12 
1820.71 5462.8 
5769.62 5101.67 
4106.16 6271.59 
1995.39 5286.34 
8970.29 7901.16 
8564.06 4132.8 
1761.22 6817.37 
8338.4 4324.22 
6127.27 1062.83 
9140.8 7810.16 
4602.64 4891.73 
7951.08 6347.45 
5533.5 9682.91 
7510.1 5709.37 
2588.98 9585.64 
2942.48 4409.68 
5048.42 8712.1 
9511.36 9154.58 
4983.67 1506.73 
4440.9 3953.95 
9407.89 3004.94 
8086.74 1169.09 
9822.31 6425.13 
5493.32 5949.56 
7487.95 4634.1 
3759.71 2090.58 
9525.83 1710.78 
8438.03 5059.31 
1393.67 5948.11 
768.667 3982.65 
5533.73 3711.14 
8392.33 582.137 
2423.22 7903.67 
9736.72 7406.89 
9410.4 4177.6 
1360.82 8818.27 
7182.54 9447.57 
9987.37 7004.83 
5872.68 5480.67 
2954.38 3360.61 
114.753 6714.09 
5451.19 9640.59 
8424.86 3889.2 
4699.88 9818.53 
9837.31 5468.55 
3801.16 5371.02 
9179.69 2193.48 
5953.16 1602.9 
97.1296 5689.86 
9009.79 9507.53 
9867.46 370.596 
8325.79 7049.98 
9818.16 8313.14 
4054.79 5690.82 
3793.79 7009.17 
9051.43 3908.54 
3723.24 4502.61 
3549.11 2148.09 
8391.81 8248.99 
1966.6 8229.1 
3717.53 5767.76 
3600.11 2897.2 
7961.24 9553.27 
4500.1 8058.37 
5243.11 3509.87 
7565.88 5110.56 
3880.47 5891.65 
2160.52 3698.61 
4204.77 6215.31 
9389.43 7998.56 
3224.47 8440.85 
1907.09 6947.72 
2943.44 5456.2 
9095.81 1335.23 
3705.17 1062.39 
9564.33 7422.7 
6830.16 3164.42 
319.885 4791.38 
2717.67 4819.98 
2849.73 7960.79 
8329.86 415.601 
3071.32 2210.31 
6307.25 5231.84 
5908.92 512.012 
1447.14 5298.34 
8510.58 4671.61 
3739.18 417.645 
1619.31 6682.62 
5873.84 715.101 
8017.85 9579.02 
1777.49 7582.16 
7001.7 8607.65 
746.56 7321.59 
3399.01 3464.23 
2141.56 6248.75 
1425 471.396 
6664.35 4496.33 
2681.7 2971.59 
9728.17 8590.63 
3483.6 1175.29 
3888.95 1994.16 
5846.91 7628.13 
2411.8 7466.22 
4310.73 8285.64 
8181.32 2328.56 
7864.65 9958.81 
9910.71 4866.33 
8566.45 657.255 
2187.9 1965.44 
4121.49 4329.46 
8214.19 5546.49 
4800.85 4878.52 
42.7957 7482.56 
7850.11 9770.97 
6073.17 1333.69 
946.244 9962.12 
3327.84 6793.15 
7590.23 5739.65 
4259.36 1900.94 
4025.27 2440.66 
4229.5 1889.9 
2399.46 4140.19 
6756.23 965.887 
4797.45 8944.13 
2931.33 8918.93 
3273.57 1145.51 
4465.4 8074.42 
6024.03 4508.2 
5556.96 3874.12 
4279.15 1630.11 
5207.81 5225.39 
1592.21 8535.65 
2018.53 9182.45 
4275.28 6277.88 
1083.37 8300.56 
8718.54 5312.86 
190.44 1117.98 
9453.05 6946.67 
2083.87 4250.48 
5890.79 5015.2 
3169.4 9164.36 
6160.71 7634.8 
7238.76 2184.72 
2142.98 2795.71 
6058.84 6422.13 
4425.82 1266.63 
1647.51 6018.03 
9802.29 3666.03 
5200.46 4077.55 
9943.92 6283.83 
2378.09 8662.44 
1596.67 2568.53 
9780.42 1049.71 
9515.2 1864.28 
5300.19 5405.97 
6879.48 8469.59 
4570.31 3040.17 
6104.38 1809.06 
5224.89 8247.36 
4604.77 1283.71 
4669.47 9030.58 
2550.34 6316.98 
5048.6 2352.61 
9983.01 249.045 
6430.16 9926.91 
6532.87 8808.26 
8589.33 8129.55 
1376.77 8369.74 
9179.26 891.961 
233.997 4479.44 
6297.93 7113.47 
2949.01 868.231 
153.624 9053.39 
2677.29 5378.51 
7300.73 7282.05 
6662.22 1970.19 
6312.62 9212.56 
8287.17 1361.21 
1565.15 8270.16 
1610.25 7995.32 
8197.06 8143.13 
6803.56 6786.37 
6272.66 8180.33 
5156.09 5451.9 
9072.29 5390.09 
9931.34 5370.21 
2503.55 2880.33 
6238.44 2657.17 
1933.7 8915.73 
8035.68 9234.43 
6197.77 4697.88 
1204.6 2510.37 
3910.42 9491.77 
3871.58 5475.58 
7761.91 5481.83 
3470.88 5958.95 
3624.94 274.418 
2745.31 9897.6 
8454.75 7901.4 
5349.48 7527.03 
3291.47 5280.8 
2897.22 5795.02 
8161.13 9135.66 
8452.19 94.8171 
8051.37 6487.86 
9329.25 4249.12 
1185.72 533.829 
6759.49 5096.15 
25.5778 631.055 
571.705 7787.49 
6112.88 4042.58 
3746.42 9737.82 
4317 6491.73 
9635.4 2771.73 
4393.11 4984.86 
298.743 7684.59 
265.648 3195.96 
3479.59 8426.78 
2331.6 1931.77 
8521.6 382.958 
8419.62 7850.83 
4632.08 9605.35 
8384.66 1391.56 
4701.48 8410.24 
2022.61 5273.18 
6197.71 8135.5 
9315.76 9944.13 
7873.3 3632.75 
6435.84 7508.68 
6404.48 828.935 
2493.53 6703.22 
8513.52 2759.18 
9899.19 1993.09 
1185.94 2230.77 
3924.86 9707.54 
2613.73 2344.47 
7558.35 7245.81 
1949.8 5942.99 
8637.37 6651.28 
4353.21 659.961 
1924.44 550.9 
8795.46 1240.19 
495.013 6668.74 
4872.94 6930.85 
4177.41 1277.4 
7759.79 6670.94 
7980.63 6273.29 
9430.11 7879.79 
8266.39 616.039 
110.55 2191.23 
323.563 2724.28 
4535.7 7881.91 
9970.09 6485.5 
3824.89 8607.44 
3136.76 8178.1 
9267.4 5061.2 
8729 8062.84 
6301.39 9224.01 
4731.56 1174.31 
6154.85 8908.97 
2451.71 3914.62 
5579.89 432.323 
187.896 5009.99 
8312.12 8454.28 
5626.03 8422.67 
645.494 5949.59 
1146.93 5181.19 
3831.49 1117 
1666.68 7656.38 
9724.44 4803.44 
5834.46 8991.83 
9864.64 4563.44 
7054.65 6166.01 
3787.44 1786.2 
7340.32 9942.29 
695.151 9792.04 
3856.89 6275.04 
224.342 4044.79 
1285.01 8536.46 
2499.06 6911.04 
6959.11 3144.55 
2860.61 8106.04 
8325.74 6692.09 
9223.05 9992.42 
4348.45 8947.47 
4795.84 182.895 
7939.28 4660.46 
4746.34 4993.92 
826.452 8533.78 
6780.12 8166.78 
8476.05 7475.27 
7958.79 2332.93 
3750.29 8183.14 
6377.72 5035.3 
6719.58 8876.77 
1946.32 3678.67 
2021.31 4806.92 
1784.7 347.032 
1499 1007.73 
339.434 5847.45 
9955.2 5135.27 
6030.35 7894.47 
9795.73 776.667 
2888.37 622.164 
9310.45 9668.48 
8788.94 7786.48 
7143.73 6747.72 
119.389 894.005 
4930.84 6497.11 
5929.3 1650.4 
5373.86 7875.62 
5329.07 7395.17 
2682.52 7113.77 
7742.2 4181.52 
8121.49 8081.64 
28.9575 8076.67 
3216.89 6059.3 
5971.12 3012.6 
6835.97 8859.49 
3634.77 6146.4 
8527.96 2423.69 
3932.86 5671.67 
9171.41 4052.25 
6565.68 4102.23 
549.339 2494.96 
5752.62 5923.2 
370.565 1081.68 
3318.36 3053.09 
8195.44 1060.54 
7234.61 6316.92 
9142.18 7263.57 
4393.57 2359.06 
3322.86 364.679 
5371.66 158.811 
9224.17 9006.43 
6305.21 7752.11 
1430.11 238.052 
3423.77 601.497 
4290.3 9989.44 
4703.72 4839.64 
2484.39 456.331 
762.827 2854.96 
1538.01 4081.19 
5908.04 9733.45 
5141.73 3142.64 
6050.34 4283.9 
406.194 443.9 
6642.95 3729.05 
808.579 2014.6 
3887.86 32.7313 
1021.01 193.054 
7784.84 2451.12 
431.106 1208.59 
3052.62 4721.41 
1198.02 7756.34 
9561.05 3682.41 
8212.67 323.856 
6537.36 9750.68 
4405.04 2445.39 
9484.11 9546.77 
5588.03 5534.44 
3830.65 5994.23 
5978.34 473.585 
9723.28 6786.91 
2488.18 3611.12 
6819.65 3509.2 
3804.17 4604.47 
5960.32 4235.28 
5813.06 9012.94 
8956.69 7011.08 
6769.26 8517.71 
693.468 4981.92 
8841.57 7230.83 
4732.58 3246.59 
9676.22 4216.67 
2793.35 5264.24 
9751.1 6624 
1258.44 5729.42 
7097.58 981.703 
