1200 2
6479.87 955.97 
5617.79 7279.78 
5557.11 3123.61 
9495.39 9030.31 
2829.74 4357.39 
6948.91 3528.73 
3742.33 1793.91 
5735.17 5284.35 
4226.35 3609.39 
3083.69 9145.39 
7030.9 2210.36 
3851.79 5169.39 
1888.27 7515.77 
9625.98 7650.54 
9485.44 5845.57 
5494.24 5965.29 
6801.54 1112.01 
3245.05 2358.63 
4235.62 2740.42 
1388.92 7065.36 
7097.81 8337.83 
594.079 840.117 
131.727 6329.25 
6124.46 4358.08 
9938.65 9208.15 
3503.46 6969.53 
1418.5 7355.24 
2138.9 3306.77 
4871 1764.87 
957.297 4356.42 
7610.43 6451.54 
321.694 4411.95 
7563.55 3566.74 
6770.58 1799.15 
6307.16 8159.5 
8864.52 3404.95 
6497.31 9458.6 
4245.07 6629.04 
5787.83 369.517 
987.105 5726.46 
9577.67 4490.56 
2695.98 996.154 
1845.79 4834.88 
4302.92 6716.79 
6599.75 5260.22 
1073.2 4210.16 
1711.74 1394.9 
8622.11 9275.29 
4961.64 5392.67 
1074.42 1268.78 
3552.15 9938.94 
4673.74 49.4495 
9397.52 8918.81 
6678.49 5185.33 
9288.32 7665.59 
911.776 8865.98 
2156.14 3607.75 
9862.13 4001.93 
8442.63 4165.04 
718.71 5042.36 
9425.26 1791.91 
9252.52 1136.98 
3186.81 7874.62 
412.247 8148.45 
3267.28 1486.67 
9417.23 6819.43 
1425.59 4090.95 
6868.88 823.092 
3009.74 3547.35 
6008.42 2298.05 
1212.93 6920.2 
1164.01 3369.07 
527.935 1026.13 
7371 8970.57 
5191.16 8089.71 
4012.91 4616.41 
9881.63 3265.42 
5753.39 3068.42 
1140.02 6165.63 
1216.85 4407.3 
7652.3 634.06 
1226.71 9077.89 
4725.01 8095.59 
9900.99 7734.75 
1642.93 5909.39 
32.7831 2855.86 
2829.58 1196.79 
6224.93 3357.51 
2222.92 3595.92 
2328.06 7414.08 
1685.62 6340.97 
2030.47 1567.22 
9606.39 7783.86 
4635.64 746.399 
3949.47 5852.49 
5153.7 1601.76 
6486.55 6380.41 
679.637 1211.54 
4475.99 580.607 
8946.29 6118.92 
6490 8979.08 
8974.77 9319.58 
175.852 5199.69 
2677.07 2398.77 
8795.6 5005.14 
9812.86 481.201 
1346.1 1843.31 
2048.43 952.471 
9627.17 6684.07 
1698.87 3576.63 
2536.54 6852.57 
5178.39 9023.08 
3232.96 5858.03 
234.608 7708.95 
6438.63 9180.9 
3827.85 2928.62 
8159.96 2802.61 
2248.18 8335.81 
8002.29 4925.25 
734.565 6797.88 
9930.39 547.405 
7279.08 1276.47 
2390.72 9327.5 
2228.94 2017.87 
6011.55 3927.81 
5594.5 8548.09 
780.363 772.874 
7571.16 4013.33 
6630.9 7805.77 
1722.26 3069.52 
6986.65 5550.11 
5998.13 5146.59 
8352.71 8246.31 
3482.39 6354.99 
3171.55 4216.95 
3152.85 3101.93 
4764.36 431.912 
4378.4 7155.07 
9759.42 6607.34 
9172.95 5770.95 
535.133 4767.43 
4319.03 1315.5 
5540.3 1890.17 
5328.82 2171.19 
9695.94 7051.08 
5240.71 6682.58 
2601.17 1238.82 
1829.15 953.87 
9485.14 5311.54 
7308.86 2656.67 
9528.49 461.691 
5758.6 4292.83 
893.603 136.978 
1447.89 653.002 
6744.32 620.82 
6423.96 7279.45 
5388.25 742.969 
8594.95 928.538 
2633.14 3923.75 
3099.73 2329.07 
974.817 8340.43 
9011.64 3575.99 
9579.25 840.778 
4529.86 9064.37 
6152.32 1838.7 
1721.03 5680.79 
2300.39 7479.62 
9973.63 3194 
7616.6 1421.5 
3847 4360.9 
2042.32 270.938 
1640.33 7430.57 
1013.91 235.263 
8359.11 3647.05 
4159.02 1458.82 
5976.12 5133.83 
9799.25 4987.74 
8709.82 9378.48 
5828.52 3239.66 
8442.84 1980.82 
5078.37 163.848 
7661.61 7378.76 
7643.47 7635.23 
572.738 5260.06 
9056.73 4419.74 
9620.96 1099.03 
4690.67 1261.27 
8529.6 5704.58 
1496.54 6888.7 
9351.63 5655.55 
8347.52 5327.73 
789.368 8146.75 
315.455 9499.19 
7525.21 6143.97 
2738.84 5968.04 
8124.79 7817.2 
6131.88 5786.39 
5195.95 3775.34 
3421.6 5768.69 
9035.4 2478.31 
188.405 8656.34 
3577.34 4879.08 
9917.61 2106.93 
583.644 1414.13 
8995.63 9935.28 
7069.69 7343.13 
5262.99 7859.05 
5489.86 5578.44 
7358.23 3015.06 
1722.4 97.0473 
8983.09 9847.2 
7914.25 5114.96 
5633.57 3110.18 
8890.3 9055.17 
8878.87 7925.68 
1533.47 9067.27 
6582 5110.81 
3946.34 6499.59 
7217.74 4529.98 
7913.72 6213.35 
4465.24 4983.39 
3556.47 9728.23 
2842.43 9046.32 
5306.65 200.635 
2061.36 7029.06 
297.682 1044.44 
6876.23 8211.93 
6159.39 2509.79 
1322.1 5049.68 
1564.95 200.951 
2975.33 3098.42 
9268.22 9557.33 
8209.23 3214.54 
6056.9 5426.95 
7744.52 3970.61 
1640.29 2209.75 
8954 5196.76 
1937.96 1796.4 
4243.06 7244.61 
1997.04 6304.43 
4273.65 2294.72 
7348.86 1149.87 
506.638 3508.24 
3659.66 1828.74 
8557.92 5224.61 
2029.69 1533.23 
8323.02 1297.9 
1090.54 6532.23 
4512.44 7147.45 
1959.17 2256.95 
1118.03 3599.46 
4466.7 72.0116 
8796.22 6404.66 
1868.41 3039.27 
3649.25 3865.45 
9343.69 7922.91 
6160.17 6692.54 
9072.78 6666.81 
200.761 2732.42 
8495.55 8758.68 
7957.03 525.221 
291.892 6280.03 
1823.12 1382.44 
2812.25 6335.56 
8529.88 4771.42 
8592.51 9647.92 
8370.88 3059.19 
9719.93 7167.08 
9463.84 1588.33 
206.331 3113.08 
5453.78 9550.02 
1035.97 1613.93 
6242.54 108.729 
8280.75 6443.31 
2841.15 6776.28 
5201.96 798.157 
7301.5 5493.86 
7078.19 9124.62 
6876.29 9890.44 
5460.16 5406.16 
4661.84 4052.65 
5054.06 3032.7 
7111.84 4773.97 
199.763 6575.67 
6362.29 406.094 
9688.75 1816.05 
9956.12 724.7 
3429.99 6198.65 
833.429 1710.72 
2641.93 3674.58 
8486.99 7843.9 
4472.73 5788.48 
3337.74 1550.9 
4913.07 214.015 
1441.32 373.216 
5620.17 6103.16 
4425.86 674.211 
9135.86 1537.69 
5448.18 9335.62 
8113.35 1810.45 
9741.71 7802.08 
3626.51 9697.82 
8526.78 7056.49 
5896.44 9360.21 
8767.21 8538.38 
3034.77 7254.19 
6382.26 7507.5 
3042.64 9720 
9058.41 7955.72 
9934.02 499.714 
8328.94 5554.17 
6602.87 2754.78 
6228.38 5738.71 
4292.47 1676.54 
5074.32 2405.8 
3487 4816.01 
207.868 7113.5 
4513.81 8734.65 
4169.98 410.241 
8094.84 2937.17 
8948.62 1129.59 
191.338 5330.86 
8637.1 3233.98 
5050.85 7695.49 
1189.69 4984.85 
8195.2 9518.62 
539.003 4798.06 
2273.39 6767.39 
536.752 6565.86 
8443.93 5611.07 
8971.66 1930.91 
427.066 9179.53 
9044.41 4940.88 
7914.16 3214.37 
5351.12 6008.98 
6151.54 4299.72 
7138.58 6342.88 
9630.59 5775.66 
9576.86 4681.42 
3471.13 766.53 
9666.27 1666.31 
285.134 205.255 
6464.37 2558.52 
6972.64 7001.12 
9124.38 5416.55 
2612.17 8096.02 
7347.46 3039.24 
7275.53 6391.85 
7980.12 5189.67 
9606.22 3331.22 
1198.64 5757.75 
7630.94 8337.22 
2100.61 7261.52 
4112.85 1677.45 
1942.92 7583.98 
2443.98 1609.17 
9250.29 2729.11 
1814.43 5714.64 
5287.64 8787.07 
2715.74 4412 
4203.6 5327.91 
2508 1551.05 
8367.14 9783.53 
7942.9 6347.24 
4973.18 7549.11 
9678.46 6171.82 
3306.84 7309.39 
4509.02 5407.44 
4570.89 8621.88 
7084.89 6513.81 
6205.84 9528.88 
8122.98 5456.11 
2257.97 9937.41 
1170.74 7545.61 
8724.46 3886.48 
1957.59 2928.05 
9214.38 4465.59 
4479.09 7581.51 
4249.1 2421.98 
3928.74 9222.28 
9971.08 3607.18 
5394.09 3277.9 
916.554 9903.11 
8685.35 5487.44 
8524.97 5770.22 
2001.23 4730.79 
5299.08 124.195 
186.893 7557.05 
61.5859 1357.63 
5102.64 8786.04 
5244.11 7060.23 
1714.07 4458.47 
1525.8 6193.17 
2039.97 5774.9 
8615.14 5968.71 
4997.16 8586.21 
9575.89 391.237 
1864.1 492.426 
294.331 549.425 
5979.87 8819.3 
6319.65 7981.1 
3550.08 1618.71 
8105.29 3736.97 
9175.76 8166.88 
5094.6 4278.39 
6952.91 338.69 
1338.6 8666.98 
4797.16 2864.4 
4860.13 6837.13 
8639.3 3475.26 
2805.82 3636.45 
2061.45 2381.69 
4027.69 3925.55 
2874.12 4322.02 
4474.97 8853.99 
3141.3 794.604 
6835.07 6691.38 
2413.31 4940.35 
428.337 1589.06 
3107.21 5522.94 
5867.45 60.1001 
5861.63 7206.05 
8727.08 658.774 
70.4385 3587.2 
7495.91 8709.74 
7062.46 301.709 
2346.17 9123.91 
2683.4 6373.86 
3049.44 5557.52 
695.857 7524.42 
4411.49 3837.16 
8319.02 1246.54 
528.523 732.318 
6186.89 956.86 
2321.38 9294.1 
6479.8 8188.83 
9354.2 2341.41 
5394.86 8081.26 
3000.18 5465.3 
1668.44 496.072 
4175.03 8730.9 
797.782 6521.2 
7854.79 3481.18 
2895.04 904.221 
9038.71 3590.89 
8428.64 3450.18 
7428.05 6747.64 
4696.72 7956.58 
7479.96 883.593 
8913.44 9801.34 
177.673 5393.22 
7990.15 9531.87 
7734.63 3385 
7613.12 734.793 
8850.3 9281.56 
1230.87 3025.31 
8012.45 2028.65 
9546.5 5867.22 
5509.83 2441.52 
6771.45 4548.52 
6032.42 5200.07 
7998.7 3460.45 
1947.69 2695.4 
1417.01 9427.65 
3578.99 330.43 
9228.97 3756.67 
5723.65 7219.1 
3288.52 3458.26 
604.079 901.623 
4193.05 9454.38 
183.168 5423.92 
2479.67 8195.61 
7452.56 2026.15 
4062.82 2962.38 
4467.68 834.25 
7510.9 500.078 
6034.32 5509.58 
3960.53 7982.01 
8204.98 5377.54 
7409.64 1783.96 
5707.97 6638.59 
5540.63 1431.6 
3857.67 8829.15 
4889.86 4461.75 
9730.77 9082.91 
3916.11 9913.94 
4506.81 6395.78 
8109.54 1959.36 
8421.93 2172.34 
4921.74 2889.6 
3006.59 2432.62 
3389.67 9040.91 
7942.19 7350.21 
7022.9 6147.16 
2727.73 4432.52 
7931.12 8435.7 
1071.09 3471.73 
9867.31 4928.76 
2300.86 4757.15 
9390.51 2031.61 
3840.05 3306.6 
1945.53 8346.86 
9702.38 55.0542 
306.198 8124.3 
2227.4 5227.93 
1013.88 5233.99 
7660.55 4403.55 
4274.88 5602.73 
1753.74 1297.76 
1749.87 4481.47 
5730.27 9680.99 
2917.16 6801.36 
3152.69 2784.45 
1730.1 5453.55 
7541.6 1120.59 
7485.16 1381.63 
4427.2 9430.7 
9728.49 4129.57 
9485.75 34.6689 
2253.85 1713.13 
5262.6 3267.73 
6947.12 2923.14 
7671.29 1221.98 
8525.86 9425.03 
2519.74 275.717 
3906.49 8250.01 
9956.7 6823.65 
5051.35 3109.38 
9608.1 6781.45 
8562.93 7149.68 
7902.05 6048.08 
8531.32 2329.23 
5478.76 8259.79 
6458.8 4964.49 
8294.46 8712.65 
6677.62 3557.04 
1980.36 3624.72 
6480.18 9651.65 
4846.7 5006.03 
9076.66 7366.44 
5281.74 2983.13 
5616.43 5238.43 
9806.78 667.764 
8347.81 9414.86 
7449.22 6910.72 
6564.53 5351.25 
2958.78 5095.83 
7680.48 8437.54 
3355.6 4139.26 
3402.01 1650.04 
2851.89 79.6113 
5207.08 4832.25 
3704.33 1687.25 
4483.88 8551.03 
6693.27 3560.53 
5917.45 1975 
6543.66 1533.86 
7213.43 6350.43 
2201.63 5561.22 
5765.28 9650.85 
2471.93 2329.79 
5002.08 5430.71 
7425.62 2682.54 
3868.22 781.21 
6821.79 7270.23 
2431.25 9673.68 
7349.84 7638.34 
4505.91 1054.16 
9325.58 8989.8 
9605.19 6018.84 
2550.31 5522.62 
7993.84 9093.97 
7056.49 5207.25 
5444.39 9258.11 
768.452 1209.65 
8908.94 3240.38 
3539.44 3911 
8671.08 965.047 
6593.54 2539.29 
1746.26 3415.32 
9809.52 4177.51 
3088.98 7159.35 
1815.83 7594.89 
8213.51 1141.39 
6584.67 7818.68 
7160.23 9134.98 
3341.29 5154.05 
8228.94 397.755 
361.281 3673.31 
9655.87 1129.73 
4882.95 8564.79 
4370.11 8422.39 
2475.78 3041.18 
9387.44 9069.32 
5580.47 1133.68 
2484.62 5389.97 
5311.19 5573.6 
2549.3 7127.02 
3168.48 762.79 
8268.41 9753.15 
8581.47 5428.62 
8888.11 1922.74 
582.656 7117.03 
2320.49 943.938 
790.32 1976.34 
2073.67 5673.27 
541.122 6443.78 
4095.65 3016.9 
9484.96 3483.07 
2086.21 5065.41 
4616.75 4570.83 
455.364 9927.94 
144.409 3004.67 
7054.95 3312.88 
3767.46 5323.34 
3066.01 2348.91 
751.945 1954.11 
4271.64 1334.6 
9071.14 6592.14 
2278.54 9861.46 
8568.48 4352.21 
5534.71 9109.6 
795.976 9630.36 
2126.49 280.92 
3113.42 4212.69 
5346.33 7730.17 
8783.52 5801.69 
7658.1 8927.93 
8806.36 4713.03 
2240.79 2573.8 
36.3524 5306.81 
4922.7 788.298 
7260.91 9194.35 
2122.9 6332.03 
5786.46 4401.44 
6193.47 4354.93 
8753.65 1728.16 
3464.51 9549.62 
1358.51 5591 
9830.54 4471.93 
9803.69 5176.86 
2202.08 8587.19 
978.533 9860.18 
7515.1 9784.89 
4573.2 9755.9 
2358.67 4609.55 
5062.68 7281.37 
5397.85 2323.58 
6475.7 7520.75 
8655.61 2262.15 
1922.17 4849.06 
6617.07 675.8 
6577.22 81.5669 
225.408 7935.73 
5672.56 55.9357 
2407.64 5476.24 
5232.79 4609.72 
4063.41 6211.33 
4469.89 1578.5 
5996.2 9043.09 
1334.37 8354.87 
3652.63 6397.06 
5636.22 9050.47 
8720.64 2111.91 
6571.21 7376.23 
4374.06 8493.37 
2225.27 991.112 
9169.17 8802.5 
1072.68 9394.58 
6738.21 6745.24 
9450.52 9145.85 
2221.46 4683.29 
3755.56 6284.87 
894.602 8225.46 
7863.37 6890.8 
7268.53 9197.74 
5245.65 921.138 
5594.78 881.86 
9971.61 4315.4 
2993.77 6542.8 
1691.62 7367.82 
5036.16 3916.89 
8358.94 4205.31 
2719.37 9431.62 
3599.88 9457.58 
6176.84 3050.38 
8603.42 8398.3 
7733.68 2358.97 
4683.16 8628.28 
584.403 2546.51 
5519.06 7852.93 
1744.24 764.697 
8774.07 7339.02 
1646.56 8745.67 
1654.41 4640.32 
5288.45 3346.02 
2008.13 324.587 
7262.91 367.051 
4529.9 9982.28 
9798.67 8129.78 
9439.85 5975.49 
1180.15 8043.25 
4373.78 8913.82 
402.202 9056.94 
7542.08 986.605 
1603.44 3061.13 
8839.54 3347.68 
3825.83 7613.59 
686.68 5472.38 
6359.24 2341.09 
112.69 1647.67 
5687.11 2120.82 
1972.26 2950.01 
2487.87 6502.16 
2932.27 2286.52 
4631.92 2372.11 
8262.01 5812.07 
415.343 2635.77 
4725.87 817.545 
1692.7 2267.94 
1804.15 3296.13 
5329.07 643.671 
6643.81 9154.89 
8257.26 7330.49 
4627.26 4616.48 
9671.58 4739.95 
6264.15 5358.67 
6860.77 8236.41 
8308.68 9348.64 
4738.55 1240.93 
1635.15 9370.47 
3613.04 9897.16 
5182.52 4028.38 
2532.91 9908.39 
4845.93 4225.61 
2176.32 6650.08 
7521.74 7505.38 
7293.75 4165.53 
6660.26 5550.99 
1496 1287.5 
167.457 1167.56 
6027.45 6431.61 
6526.23 2888.2 
4668 4834.89 
2236.82 9406.54 
6075.82 3871.97 
8777 9688.86 
3769.11 3959.5 
3717.23 6302.03 
3867.87 8563.16 
527.62 6044.19 
5213.22 8049.36 
3549.56 2506.95 
2214.88 209.799 
8057.94 3710.88 
1497.3 8225.4 
4878.44 7524.75 
4656.99 1404.66 
412.928 9324.99 
6239.55 2649.75 
8731.51 2315.35 
6521.72 7508.49 
2004.2 290.821 
1467.97 5721.43 
6592.85 5335.84 
4284.57 7120.47 
1380.02 9497.78 
5169.81 4929.58 
2004.71 7384.69 
5139.37 62.6366 
1095.56 6636.67 
8288.03 5974 
4161.4 2945.01 
7378.66 4574.33 
2269.97 3618.19 
7224.08 1001.47 
5933.54 3745.79 
8509.96 7937.74 
4036.61 9977.93 
3659.15 629.443 
5313.76 7943.71 
7749.91 6693.77 
7441.48 2919.71 
1623.33 9446.19 
304.383 6762.71 
9508.83 1399.94 
3399.36 7796.85 
7373.94 7560.76 
741.834 4752.58 
2135.07 3011.81 
8370.76 9359.16 
4013.28 4304.28 
3104.93 2523.22 
2242 7141.54 
2501.13 5901.15 
7770.98 7814.88 
3844.85 5520.88 
4508.64 1286.31 
8440.58 6131.97 
732.483 8744.97 
2894.66 241.295 
144.891 6294.02 
8038.14 7518.83 
3854.76 8779.98 
2271.39 5989.84 
1791.77 642.134 
5348.98 5805.04 
4946.42 8453.91 
8328.26 7188.42 
5595.43 829.37 
3089.55 3366.4 
8644.25 6934.4 
8887.27 3152.88 
8220.71 7327.84 
9284.85 8953.19 
6072.79 2179.49 
9194.48 6217.69 
8473.51 7232.61 
3736.5 2328.26 
6012.57 6007.89 
8318.1 7804.33 
6650.02 3667.06 
3609.36 1596.42 
2120.95 1937.6 
8784.84 7716.38 
2766.97 1874.37 
1082.76 1411.21 
8808.77 9970.03 
4564.08 7029.46 
7297.86 3848.91 
5982.63 3370.63 
6028.4 5177.1 
9588.32 4501.9 
2409.69 3324.8 
6830.15 8422.26 
9332.68 5148.23 
6226.57 5982.69 
8815.29 9835.93 
7579.11 936.218 
1773.51 6363.93 
8652.59 4540.48 
8238.3 9735.35 
5951.69 7047.06 
9705.36 515.753 
4076.51 7003.2 
4364.67 59.1231 
373.818 393.052 
5236.22 9962.14 
4894.95 7645.92 
3286.92 1725.09 
6068.16 2619.59 
6873.32 2294.71 
8602.27 5688.59 
2130.63 6181.36 
6624.81 3904.14 
2545.28 5277.39 
8444.62 783.563 
5012.72 4396.29 
7830.62 4718.06 
4912.04 1907.11 
1721.25 9276.71 
1966.23 2095.07 
9669.76 7202.46 
2057.19 4564.69 
4848.36 5344.1 
6289.78 916.5 
7963.69 3163.08 
3211.21 6565.95 
8851.68 5341.84 
2747.29 5476.47 
9245.97 5292.57 
753.839 7690.58 
6076.13 5766.56 
2086.85 3906.74 
484.605 6998.89 
5813.85 2205.85 
6275.58 7780.08 
4300.92 5945.32 
4982.53 6358.11 
509.997 9830.89 
1702.19 6799.78 
747.369 9665.88 
9962.86 3958.58 
6231.81 8814.52 
9300.42 8979.1 
4290.97 8546.38 
4271.65 5044.81 
6236.94 347.768 
811.349 8323.78 
4254.51 1295.95 
5322.65 68.3387 
3501.81 1598.21 
7848.42 7802.73 
7543.54 2830.93 
4160.82 8053.53 
2661.8 5863.01 
4853.29 3409.17 
5528.88 4816.13 
7367.75 1760.67 
3630.63 6668.16 
739.753 7921.6 
5214.52 5011.41 
2966.39 1451.43 
5359.17 3777.74 
9775.22 9613.68 
5073.7 5097.85 
9682.02 8575.5 
6696.07 7530.43 
6378.22 4239.58 
361.342 539.018 
2293.1 3023.15 
6402.03 7146.39 
6432.32 1930.89 
1962.51 3800.05 
3691.56 5593.14 
468.194 4431.31 
3514.73 5682.71 
9442.71 6481.12 
7134.14 4801.87 
258.841 6909.34 
4415.54 5332.54 
2007.18 4097.54 
3908.02 8703.24 
1627.95 286.223 
2942.81 1989.29 
825.24 5235.91 
5012.43 7227.27 
2382.29 1444.73 
9158.16 4344.79 
5244.79 2849.69 
9937.93 5712.98 
7281 3452.64 
1395.68 6723.7 
9933.76 8529.82 
1525.56 192.583 
5439.15 5941.09 
5525.12 7446.32 
38.6136 9433.14 
6149.55 1666.56 
9719.37 9092.36 
3655.85 544.589 
4328.25 8668.28 
7771.86 6710.54 
113.002 6930 
1055.32 5357.79 
9779.69 993.232 
1070.76 7060.67 
4445.87 2466.43 
3784.36 4379.62 
996.236 5309.91 
4572.2 6435.38 
1250.99 97.3014 
3881.69 1289.6 
9530.45 31.22 
2956.16 9249.79 
9123.58 6612.01 
9794.38 3451.82 
5280.28 7566.22 
162.339 5393.28 
4496.2 1217.65 
751.057 4275.87 
2210.89 1821.81 
1336.53 6656.76 
4288.25 5120.89 
1036.36 5284.48 
430.787 5608.56 
1719.85 1681.78 
5705.86 5601.53 
2971.38 5236.28 
5632.75 5927.54 
4486.06 4756.32 
2539.54 4280.43 
8208.13 7819.82 
1846.63 8370.47 
3213.08 6342.83 
9588.13 3964.14 
618.693 1799 
5785.96 1955.22 
8455.75 74.185 
7076.12 9492.11 
5358.67 7506.9 
5100.65 7078.51 
9188.68 806.489 
2680.03 2160.04 
6042.77 8312.79 
8087.58 528.817 
3069.09 627.102 
4809.24 1277.2 
8446.92 6655.88 
9647.68 1659.99 
2998.69 9235.79 
5624.13 3617.39 
1034.77 1410.07 
5572.61 9490.52 
1484.25 2648.71 
8982.61 6842.92 
155.595 4083.25 
3921.42 9344.27 
4889.74 6601.45 
1504.3 932.492 
4914.22 9591.88 
1461.31 7983.3 
218.962 6270.55 
9260.51 8665.88 
2926.41 8908.17 
325.853 5925.11 
8143.94 5949.98 
9542.49 9178.7 
7360.05 5115.09 
8669.21 8844.3 
7763.8 7651.8 
5687.2 7919.39 
1735.03 9608.62 
7263.65 6624.77 
6210.05 8767.94 
7557.26 1124.25 
8359.8 9018.57 
9107.55 8578.76 
5289.1 8368.04 
7244.63 8215.51 
7276.19 7570.48 
4140.6 5420.11 
3520.45 3683.08 
4598.8 880.48 
8798.17 3267.98 
9724.78 6561.95 
919.771 5411.97 
4481.32 2654.8 
5020.57 1744.95 
9279.57 1230.6 
512.875 6836.82 
2354.85 8872.68 
5855.37 1462.39 
7451.42 1144.45 
9830.43 4696.04 
9359.97 7106.6 
2266.5 3500.56 
2526.7 5786.95 
7183.63 7125.49 
6667.43 5981.78 
393.46 6392.19 
2543.71 1313.23 
1804.14 7025.03 
3968.03 6824.71 
8769.98 3247.59 
8055.31 9282.86 
84.3888 410.145 
8155.51 5939.76 
1872.53 5606.92 
7084.21 1702.94 
302.94 6444.16 
8809.55 2569.44 
9944.72 1336.23 
8356.39 7128.33 
8461.72 5023.81 
3110.1 8855.18 
1415.98 5653.81 
168.393 3220.12 
2678.83 4136.43 
44.8179 1448.79 
7384.02 8100.13 
731.627 7468.41 
8510.27 8887.14 
3408.15 382.788 
4494.05 492.339 
2085.73 4796.99 
6936.5 895.26 
7366.43 6881.2 
2231.49 5722.8 
4009.52 693.188 
746.594 7119.62 
9548.37 2162.58 
2773.41 9716.76 
5382.7 5452.24 
3853.17 5427.52 
6901.02 1237.17 
3527.63 7632.65 
8705.58 2037.89 
6519.78 2113.71 
2420.68 1013.81 
2606.05 4506.41 
5810.79 9542.55 
5401.67 3177.2 
6423.73 7633.15 
8900.01 433.229 
8326.34 9646.6 
7552.85 7874.69 
1809.16 326.24 
7591.43 7191.86 
5778.48 1444.59 
2619.36 2679.48 
2681.76 6146.99 
312.119 1387.32 
8184.88 6831.9 
3501.03 605.539 
7845.7 6107.07 
5111.95 3656.47 
5649.6 513.596 
6833.68 2073.31 
8146.75 5733.67 
2506.54 6473.07 
5380.25 59.3707 
4347.75 7189.41 
385.61 1939.17 
4381.26 6164.09 
3383.75 7000.62 
8843.57 6065.51 
3147.6 9155.69 
7452.83 1332.46 
5987.57 953.846 
1938 3833.25 
7060.92 7049.94 
7489.72 2710.5 
7563.54 4323.39 
4783.82 5710.27 
57.037 7290.36 
2183.33 5437.29 
7349.73 6531.08 
2626.69 7735.34 
8470.25 7007.94 
3899.41 1853.98 
4008.55 2742.96 
7919.5 7156.14 
1898.64 5372.32 
8488.6 7886.2 
6326.16 426.584 
1719.43 3387.06 
7476.53 9209.16 
6097.57 5040.05 
3532.53 881.369 
750.308 3589.56 
8171.73 2933.64 
9026.86 5521.44 
9464.72 1653.53 
3256.77 7934.95 
8661.47 7156.18 
9788.94 2670 
9899.14 7708.42 
9826.14 1797.76 
3080.72 8314.73 
9683.96 9406.88 
8741.31 1403.38 
2793.93 6217.82 
612.521 8891.5 
1257.86 4145.05 
9772.87 2008.17 
7734.61 7944.58 
4941.81 6761.45 
3466 4406.51 
8414.98 6722.77 
2341.44 7076.43 
3878.93 2130.36 
9746.43 3778.06 
9838.78 9572.56 
5575.81 2919.48 
7887.27 5259.76 
2326.34 6628.57 
6663.14 5120.27 
2846.37 7275.66 
4011.75 4104.23 
1420.69 3784.6 
6112.4 9155.3 
1729.16 1054.19 
5916.74 5195.16 
5460.71 4331.7 
1917.91 7802.15 
1408.11 5796.85 
9932.51 1154.53 
9574.9 9771.27 
727.067 5150.7 
2690.74 8614.34 
410.438 5017.08 
5242.89 7073.57 
137.33 8089.26 
4349.22 4149.08 
2193.48 5769.91 
7933.67 8305.88 
4925.19 9662.83 
9360.08 841.915 
4857.97 4820.76 
5173.61 6775.89 
2622.9 6581.73 
2572.72 2555.39 
7736.25 2147.6 
2326.65 8463.32 
7298.3 5017.38 
7077.64 7708.74 
34.4449 2320.51 
4782.29 171.775 
409.757 9131.51 
4320.85 2603.24 
4901.4 2254.51 
909.103 9826.59 
1917.32 269.163 
668.487 6775.29 
5089.93 5842.1 
3551.16 7712.82 
2423.81 6123.88 
268.198 160.048 
8271.48 2594.85 
