1400 2
5336.2 7104.19 
1288.66 4041.43 
5959.61 5129.31 
9993.17 3643.16 
181.551 160.192 
8355.45 3214.19 
6562.67 3260.7 
8206.9 981.079 
9755.77 1454.36 
9261.92 2571.66 
1294.35 93.9396 
1517.13 8746.38 
5963.7 4178.02 
7776.13 1737.59 
9923.57 5356.06 
7360.2 5259.75 
2460.23 8648.86 
9301.19 8419.84 
3778.15 9294.33 
2062.98 3959.7 
9454.53 418.413 
7173.89 6017.18 
3679.11 5380.77 
6998.26 3434.86 
6835.13 6260.16 
6006.52 8129.48 
6354.1 7523.66 
6875.84 2317.78 
1701.66 4651.95 
4055.37 1625.22 
7.99444 1415.55 
6884.97 2468.23 
64.3908 6186.14 
888.053 3842.54 
5480.46 2951.04 
7802.24 4934.96 
3369.45 4976.11 
952.129 7048.56 
356.871 7950.39 
483.406 7192 
4210.53 6489.93 
5321.47 564.614 
4013.57 2197.29 
2882.4 5715.23 
6849.24 6937.77 
7340.45 6857.24 
8353.32 4225.4 
9325.46 8417.71 
411.526 213.501 
2260.23 5891.98 
3164.54 62.4489 
826.929 6533.98 
5038.56 1779.06 
3582.53 5395.43 
9729.45 4065.93 
2587.42 3939.96 
555.843 7908.89 
4504.58 4569.41 
106.164 7386.97 
284.622 6955.41 
4324.72 7625.07 
3812.63 2678.02 
1850.46 3138.08 
1095.71 2261.98 
3351.58 3355.94 
8153.96 6516.11 
3418.38 8980.89 
3050.08 8456.95 
759.935 6632.6 
3852.36 489.365 
698.52 6439.78 
4429.33 1254.36 
4348.65 8933.9 
5823.77 4454.82 
6320.86 6108.39 
1410.21 645.56 
3733.45 5222.83 
3323.58 5583.9 
8360.91 4419.29 
7845.89 1712.47 
7775.22 5999.83 
8228.58 1193.59 
4980.71 1278.64 
9650.54 5740.65 
7911.25 3502.88 
6230.01 8609.77 
9942.67 659.321 
9864.13 4291.3 
9593.22 5687.88 
8746.12 5914.06 
1796.26 156.309 
6559.62 5529.71 
5379.14 9883.2 
1113.6 3740.04 
4302.47 8959.48 
5452.5 2077.68 
4959.3 3681.07 
3271.27 9940.01 
4959.71 2921.79 
5680.64 2870.94 
6424.67 1910.64 
1480.69 6367.32 
2569.96 1344.8 
658.603 2163.16 
7032.69 9404.72 
8077.23 8828.95 
9561.03 4636.83 
4358.64 4940.16 
4520.02 5472.24 
8680.19 8822.49 
4431.71 4132.68 
900.152 9391.01 
7813.75 4171.42 
9331 2773.44 
7093.21 5011.63 
5644.38 3517.86 
6922.27 7125.07 
9885.18 9492.22 
8469.87 543.765 
1655.37 5502.55 
9948.49 9732.59 
4331.48 9509.5 
4369.41 8690.12 
4449.65 8889.43 
4162.35 3129.82 
7711.91 8594.05 
7262.5 8612.06 
7985.05 5076.23 
2783.46 7316.03 
7849.67 9876.67 
2327.65 3494.03 
3394.51 9249.91 
619.086 3279.67 
8742.12 9088.96 
3823.44 397.47 
4591.49 3771.91 
130.048 8922.97 
3281.4 4499.46 
7613.07 7731.04 
3388.87 1775.4 
860.846 1100.76 
369.439 8123.35 
9712.82 8354.48 
3199.56 2496.26 
5670.5 1049.22 
2372.91 7998.15 
4543.25 5767.42 
7248.04 5162.34 
9047.1 5990.14 
4251.28 2870.52 
6387.61 8842.77 
6642.43 6517.66 
7765.72 9923.82 
1017.1 5378.78 
7654.85 4405.97 
7154.18 8515.69 
5506.74 7523.62 
6639.02 5219.54 
5878.09 9838.58 
7715.8 1548.57 
887.784 88.693 
9546.71 5431.03 
5856.12 6794.74 
593.351 4903.2 
2784.87 4844.63 
7773.71 9172.48 
3687.38 4416.12 
5690.12 1453.08 
4339.93 6707.22 
6831.86 1994.76 
1113.18 3986.02 
510.434 6619.92 
1509.62 7149.46 
1839.44 7387.71 
6988.02 9555.23 
8936.27 7875.81 
9643.93 8482.97 
3306.82 5500.03 
5277.7 3900.18 
403.205 8062.56 
8744.81 8176.92 
7235.02 2432.17 
2593.02 2925.13 
3885.25 6932.95 
9632.35 717.09 
8927.71 745.517 
4703.11 9438.15 
7365.43 6212.73 
6587.58 9204.87 
3600.42 3575.59 
8760.09 2536.68 
1451.38 8404 
1019.63 4758.21 
3904.01 6297.33 
8658.38 4307.21 
4359.87 7403.17 
2484.11 1594.88 
9835.34 5077.14 
4520.01 3720.57 
2010.07 4152.34 
4437.66 937.769 
4897.86 9140.77 
375.898 2263.28 
5353.49 6963.48 
1468.13 8953.91 
539.058 228.205 
1490.56 1990.44 
8632.2 2510.2 
6748.65 2536.19 
8807.53 5407.02 
6843.41 3167.38 
2810.17 9327.52 
4762.26 2645.5 
4404.64 9282.27 
6366.07 6414.72 
3434.6 803.718 
7352.49 8332.46 
9944.49 7728.39 
595.726 5297.96 
4691.85 2063.86 
4251.85 5230.91 
2292.06 5742.41 
7221.35 924.25 
8252.61 3969.99 
3460.44 7060.12 
9377.01 303.835 
227.485 2187.16 
9631.36 4989.75 
4832.66 4035.98 
4272 1198.71 
450.687 7706.6 
2002.43 7803.18 
6039.05 1946.91 
5531.54 6634.78 
7244.87 223.38 
8698.63 1496.7 
5454.29 990.681 
7239.12 2675.63 
1914.93 5491.71 
6645.61 5375.37 
2551.81 6022.6 
5679.21 2779.3 
8209.77 5310.55 
7769.04 3042.41 
9346.54 2041.03 
4241.12 9797.22 
9747.64 6243.56 
7600.38 5786.67 
8190.46 3131.91 
2421.43 5435.32 
3355.29 1120.04 
6932.02 8809.58 
2110.73 4171.11 
1485.19 4025.66 
9662.82 8130.81 
9401.03 2214.62 
4153.39 5080.22 
4993.92 2363.14 
390.758 2762.94 
5405.55 9737.29 
4803.97 9646.67 
9534.5 4551.59 
5890.22 7134.86 
338.244 4080.66 
266.757 2759.67 
9515.98 3622.05 
3879.71 6447.98 
2431.61 5990.44 
619.074 3916.8 
16.0791 281.88 
2047.59 9417.11 
2496.5 6200.98 
4497.32 7490.41 
8564.12 4888.08 
253.338 3969.66 
4625.35 5057.31 
3616.31 4159.83 
9608.9 9506.53 
1294.68 9947.15 
3587.18 1561.44 
2706.8 3103.14 
5183.49 6586.52 
9551.12 7615.1 
2576.94 170.172 
1531.88 2593.02 
452.052 3579.48 
2010.11 2948.55 
9780.46 6507.43 
438.946 8344.56 
1395.49 692.284 
2314.2 6020.84 
5749.6 5930.52 
180.658 5358.48 
5437.03 1475.34 
5305.62 9024.21 
3036.78 8012.42 
2127.33 8220.27 
4598.92 1678.42 
5835.35 7175.85 
1848.6 7367.23 
9768.87 2300.65 
946.694 1778.97 
5249.2 727.134 
8286.4 5688.15 
9071.7 9681.88 
6380.43 1385.88 
5702.71 2130.01 
7316.4 5883.37 
7488.49 2753.41 
7358.71 2794.09 
1777.6 395.47 
806.493 3904.93 
8615.74 5405.41 
5583.35 4451.07 
2581.25 7431.95 
1818.29 2350.1 
9732.59 2764.98 
4129.07 4981.78 
3492.12 2415.45 
669.904 2563.8 
2097.32 7050.33 
3949.68 7800.02 
9180.34 1266.06 
3683.37 6668.82 
4019.47 1042.06 
9462.91 5797.07 
1437.53 269.388 
9701.99 53.2535 
5674.8 5285.32 
4504.32 8256.04 
2717.25 6322.61 
606.129 2449.83 
9087.6 4735.2 
7431.61 2579.69 
7150.65 8101.51 
5143.49 9247.96 
5151.83 9093.17 
7047.97 4332.15 
359.209 731.329 
1000.96 4378.68 
1773.39 463.851 
175.729 3210.93 
733.24 9877.72 
3264.18 6408.04 
5163.03 7768.5 
4664.06 7880.28 
4091.1 5270.19 
330.095 3178.68 
5.37578 7761.7 
5758.37 7156.02 
5863.19 901.844 
6403.97 1015 
9995.01 3451.93 
5347.16 354.204 
4183.26 6348.11 
4732.88 5956.65 
6811.96 4908.61 
9167.57 7545.2 
4786.31 2431.74 
3953.22 9949.34 
200.221 8617.29 
7829.61 4291.32 
3887.46 8159.71 
7470 3892.84 
5921.39 3228.35 
1048.85 1784.57 
4130.19 7452.82 
2799.57 4125.19 
904.729 8146.72 
4479.39 5087.99 
4494.82 9212.27 
1044.62 1306.76 
4120.87 212.175 
8851.97 8907.18 
2643.91 2805.17 
8856.51 2844.13 
1422.44 6686.1 
7135.45 5309.9 
4845.79 4605.43 
9202.74 767.163 
7833.78 251.574 
2551.73 1963.96 
7704.39 5351.3 
6089.14 8609.12 
3498 568.518 
3697.09 7992.82 
9780.79 4741.71 
9299.59 3901.64 
4953.88 8151.54 
2808.81 7597.79 
956.69 1665.3 
441.908 2379.13 
8351.4 7577.36 
7689.04 3197.18 
2182.77 6891.76 
3964.34 16.5327 
7143.34 6516.07 
1980.49 4847.71 
1867.35 8069.63 
3456.82 5365.35 
8638.15 7153.91 
3358.16 8418.93 
1895.6 2657.72 
2320.55 6849.48 
809.243 5129.36 
4447.26 1765.93 
6794.66 4889.17 
4145.06 5146.04 
2466.51 1834.08 
8343.22 4649.28 
8725.85 2307.54 
4665.81 5869.17 
8823.61 6646.3 
716.862 690.943 
4715.92 4173.68 
6056.29 3354.05 
1327.57 9414.45 
1772.96 3223.17 
2072.16 4093.51 
72.6357 2881.4 
9222.87 4519.9 
4647.33 6017.51 
9409.06 8792.4 
1163.53 1875.56 
626.463 9506.75 
6524.84 9352.31 
1814.28 1190.63 
5221.46 637.876 
7836.93 5938.32 
1328.82 2552.83 
111.985 7385.11 
5906.88 1439.56 
6799.55 7679.84 
4662.72 8871.71 
1773.33 4735.36 
1753.09 996.175 
9255.26 6400.42 
7013.68 8664.3 
5192.8 8177.21 
539.841 5819.27 
7683.95 7064.68 
5171.56 9498.23 
8255.31 393.002 
136.093 6092.22 
6331.32 1464.91 
8645.05 6443.31 
8850.03 4551.91 
7882.86 5649.56 
2231.73 2545.57 
4521.24 4005.06 
7280.93 6274.33 
5001.23 6536.17 
2674.74 2014.9 
5200.46 7867.54 
192.095 5740.3 
3686.79 7876.05 
2804.96 8858.35 
7374.26 1060.25 
9251.35 7510.36 
7152.47 5582.66 
8975.27 5797.5 
2025.95 7825.28 
349.4 9908.82 
3474.82 2581.13 
2454.37 7996.06 
6586.19 9735.31 
4270.38 1587.41 
6271.46 6945.12 
3602.3 1471.9 
4812.64 3794.4 
7212.2 8499.43 
1670.43 17.1408 
7357.77 9044.69 
1077.39 6609.1 
6555.03 8229.86 
2191.75 5530.28 
4027.34 4217.7 
3355.54 4376.74 
4126.5 6830.36 
6957.88 6580.88 
4826.4 3544.05 
6316.17 9096.78 
5131.46 2587.61 
6041.88 8733.76 
4059.51 854.507 
2528.15 1271.7 
9353.94 4198.58 
1288.84 6711.69 
3243.25 2366.23 
3320.78 9798.28 
596.065 5512.53 
5328.55 4623.41 
9730.23 8684.09 
9000.15 3856.71 
5514.43 5958.01 
437.572 340.817 
9502.07 6753.74 
9437.6 4633.51 
9341.35 5479.46 
3367.25 3400.84 
6333.97 5895.4 
4672.54 5687.89 
93.9577 5961.38 
2399.57 3337.21 
8327.6 5720.35 
3135.47 8923.67 
1232.86 8464.02 
3547.06 963.073 
7148.09 2547.2 
4819.79 2662.51 
8505.21 5257.36 
3003.32 8007.26 
2011.08 2440.9 
2640.75 1352.41 
7920.36 6008 
4753.25 4254.31 
1903.38 9425.79 
9942.21 1997.34 
5387.15 2341.76 
5334.55 3714.74 
8062.11 8470.02 
2638.39 9294.97 
6934.02 6185.45 
258.026 4082.1 
8732.64 5077.81 
6744.6 7237.84 
335.155 9747.92 
5245.08 2346.24 
2188.81 7885.83 
3698.65 109.154 
3893.81 8451.9 
4363.47 5797.2 
7877.68 4305.66 
7794.54 3264.81 
6647.41 3129.07 
6979.55 4709.51 
1599.08 9617.94 
4004.46 8533.1 
5803.37 4262.48 
2615.18 4536 
9340.3 9359.78 
1773.81 9675.45 
9107.69 7018.89 
2021.67 1296.48 
4904.7 5720.32 
1405.64 8798.51 
4172.2 5769.1 
4595.69 2049.86 
74.7436 2390.21 
5314.67 6722.16 
5519.28 2294.21 
1431.65 7118.36 
1912.13 5436.1 
5651.45 7715.5 
9698.59 8266.63 
2251.47 9038.87 
7626.39 4025.29 
8714.31 6734.07 
1044.16 735.961 
8030.55 5948.86 
6456.28 9436.19 
4747.36 628.461 
5205.28 9343.05 
2678.32 5280.02 
1733.25 7992.99 
2002.16 7252.53 
287.183 3433.81 
4370.87 2199.31 
8869.91 22.3029 
9914.81 8568.49 
8288.93 2166.27 
7607.34 5915.31 
6191.55 6321.63 
2649.36 7235.72 
7057.59 679.894 
3184.57 3513.85 
116.067 7931.93 
4142.31 5321.35 
7274.96 6820.63 
601.351 9008.21 
4813.61 2603.51 
6260.72 5100.79 
6037.32 631.576 
7300.1 4907.22 
653.879 7214.89 
3475.69 8942.81 
9381.16 1083.01 
4858.1 5572.69 
7404.63 7507.46 
2808.4 4462.2 
8187.35 5992.96 
7976.05 8303.42 
3924.87 2118.35 
3624.75 1199.81 
8938.98 4226.1 
208.001 3752.57 
6829.61 6468.72 
8853.36 2866.91 
7100.3 6153.44 
7774.13 7754.17 
3368.32 1249.8 
6696.97 2749.46 
2332.81 1555.05 
8322.15 9737.44 
9062.5 1130.53 
4199.63 7249.84 
7123.5 2175.66 
5553.24 1048.35 
4294.01 9177.98 
2248.16 3232.97 
3404.06 2456.16 
6985.54 233.653 
8924.88 5838.88 
3100.57 6025.16 
1992.3 874.68 
3779.32 5360.62 
2124.48 476.269 
8110.08 4457.28 
2031.32 6432.22 
4194.71 1093.8 
7562.75 8394.33 
8343.64 4686.23 
569.981 3896.86 
5734.58 4863.99 
3074.82 7982.74 
8096.96 6478.88 
438.887 5082.48 
6712.53 9363.77 
921.341 9813.1 
5388.92 2913.64 
687.762 9168.24 
8274.26 2812.24 
9644.5 6384.32 
7269.53 1675.8 
2816.52 1464.22 
2769.6 379.253 
9858.55 1113.22 
5065.48 428.513 
5010.08 800.039 
5292.5 8084.9 
8782.78 3389.45 
4563.76 9221.67 
8471.93 1276.28 
8585.42 9393.27 
1089.36 3974.32 
2306.9 1777.12 
3142.54 581.142 
4589.36 2787.03 
6965.47 1858.87 
4462.83 9781.99 
3323.09 7232.43 
161.225 3181.62 
8345.66 5226.71 
3610.13 3355.72 
6026.74 8902.64 
1440.6 4809.51 
2292.07 6004.37 
4031.15 763.982 
7280.65 2616.56 
157.234 8370.01 
6590.87 2464.13 
147.115 9733.41 
3045.27 4736.48 
2520.42 10.7217 
6595.35 6983.25 
9792.71 9918.44 
4215.67 9953.94 
3100.04 2561.31 
5180.62 6710.18 
5917.03 1207.35 
5612.8 7357.63 
6016.86 7904.87 
3361.98 47.9939 
8668.85 642.614 
2664.55 8826.09 
9012.62 9255.42 
1290.2 9159.74 
8988.82 4335.47 
3896.2 1509.22 
4346.19 491.534 
8492.47 4138.89 
409.957 2708.12 
4092.81 3510 
5269.42 9273.43 
220.164 1186.43 
480.765 5832.97 
8544.07 6497.62 
3737.82 1906.03 
6545.62 2406.66 
2548.65 9210.17 
1232.73 1561.25 
8465.57 2522.93 
720.972 7454.37 
6858.4 4617.17 
8963.59 1204.58 
5108.71 7456.04 
5343.47 5518.66 
164.14 9436.27 
9028.66 5433.56 
8709.69 9248.83 
6620 9190.45 
5081.78 5164.05 
5688.06 8819.6 
7070.08 2233.66 
1226.24 9618.72 
1443.81 2458.97 
1179.96 9909.38 
4981.89 1900.93 
7363.73 1840.28 
6518.1 6327.31 
3044.86 1626.79 
3783.33 8388.32 
7145.45 3947.47 
7824.58 6174.1 
9381.04 6534.25 
5422.91 6001.02 
5724.69 504.671 
1165.04 1412.73 
9324.27 8235.12 
3646.39 550.489 
7853.83 5090.2 
3009.45 9033.79 
4999.56 7991.35 
934.705 2363.28 
9831.62 7452.81 
8690.59 2876.46 
9079.6 2473.9 
1264.77 6225.03 
6421.38 9089.35 
2399.12 5802.4 
5623.59 7822.03 
1803.39 1348.26 
8326.7 2968.44 
2761 7650.95 
1203.54 6407.39 
8201.44 9057.37 
1497.57 1210.88 
8091.15 6497.13 
9202.22 9025.85 
8860.41 9033.83 
6478.64 7550.98 
1910.28 5558.23 
24.868 3175.05 
1783.24 6446.25 
2264.39 4182.36 
2248.62 7887.98 
2004.37 4052.02 
9236.24 331.049 
7020.46 1997.22 
7982 8224 
8404.6 6183.42 
7281.36 9902.17 
7394.3 5372.49 
6399.29 6596.5 
4398.32 5259.68 
5630.32 876.95 
2810.64 7540.6 
6435.18 2835.51 
715.629 8218.42 
9281.76 2980.02 
2400.76 1530.36 
867.974 4405.13 
5582.38 104.195 
4736.18 2602.83 
2101.41 2718.16 
826.81 505.997 
8901.58 8108.17 
408.153 6295.86 
3480.64 6807.44 
2892.34 7878.96 
2067.1 8522.66 
8755.91 4877.75 
6063.24 5191.07 
7713.26 6778.86 
3409.47 6995 
9758.88 5810.23 
8525.36 626.837 
215.342 4107.73 
731.032 4951.52 
6710.56 2832.44 
7669.68 7537.37 
3338.44 6571.24 
5645.52 3746.59 
2867.08 9126.16 
554.016 5759.42 
7005.11 2621.12 
4282.06 5761 
7498.86 345.278 
952.058 5212.1 
7124.14 4361.53 
2207.08 6883.01 
171.746 732.431 
7509.84 387.088 
4840.16 8240.88 
5338.61 1550.7 
1073.3 3008.27 
9088.07 4411.74 
9579.5 4733.57 
8158.34 2446.56 
3859.71 8712.35 
8205.98 864.799 
1333.45 2488.03 
6625.8 8832.32 
2833.3 7577.86 
4044.4 9957.45 
1939.37 6251.49 
6840.43 2111.12 
6983.92 4350.26 
2498.21 1824.06 
2591.12 7836.81 
3374.76 3664.42 
845.065 2462.81 
8076.16 424.553 
7196.38 6234.48 
2871.12 1056.08 
4946.82 1077.08 
1920.87 6280.27 
3565.11 8546.68 
5112.57 6398.41 
6124.52 9156.97 
6355.84 8063.89 
5408.45 3196.26 
174.995 2392.35 
7546.52 2673.2 
4216.41 137.616 
510.001 7591.18 
3802.03 1355.07 
53.9717 1878.18 
1779.62 7250.35 
8112.66 4650.74 
8306.43 3059.46 
5727.82 227.287 
9339.73 9292.93 
8773.96 4452.29 
5691.32 4898.47 
3609.24 2047.14 
2962.34 9017.69 
5243.4 3137.34 
1410.02 2789.9 
5810.54 5626.43 
2927.51 6320.54 
3217.59 6729.55 
7675.61 3271.56 
8607.73 9455.23 
521.898 6720.37 
4105.95 8828.33 
9779.83 9833.77 
9055.62 9119.55 
9126.68 7829.56 
3571.82 4817.98 
2728.01 7181.06 
6865.13 5690.35 
6198.73 2108.51 
8827.69 7608.75 
4898.41 4638.21 
3235.17 7825.92 
958.738 6452.76 
4555.46 8634.35 
9724.32 3163.17 
8089.56 246.2 
9883.54 2195.48 
9074.53 9663.36 
2029.23 8130.13 
8782.89 1155.89 
5959.67 2354.69 
5973.88 8687.68 
9535.75 2838.99 
4378.02 5734.47 
4947.5 3205.69 
3343.21 9845.91 
7843.9 6578.38 
7671.81 8802.64 
3031.12 2227.25 
7436.97 2755.42 
5390.42 5526.51 
3001.62 5273.95 
7721.99 2076.13 
4937.29 9751.23 
206.241 3720.16 
907.104 6165.91 
6074.86 6880.98 
4853.58 5610.59 
9719.96 9231.59 
1345.05 4667.44 
2437.27 4688.26 
4513.33 281.155 
1266.62 2185.13 
9083.8 4297.74 
4412.38 6520.75 
7053.16 9802.81 
2047.24 54.7608 
5076.74 9769.24 
2130.89 14.0121 
9520.45 2337.13 
3734.18 427.534 
8503.05 9809.03 
7308.51 3356.61 
5419.61 7028.46 
2588.18 6764.66 
1695.89 5025.45 
1452.9 6209.22 
5306.61 2719.52 
8394.35 4390.39 
7017.26 2806.72 
911.118 4070.4 
2609.51 2958.36 
4125.16 7686.25 
2727.58 6256.05 
7700.26 2248.01 
8593.19 1434.42 
2675.54 7096.21 
1243.44 9984.06 
452.803 6663.05 
7012.5 3040.99 
3427.69 8708.38 
8066.44 4880.59 
4917.59 3373.03 
7600.12 3311.92 
7763.41 4617.36 
6118.64 8674.53 
8687.75 8728.14 
1632.88 2812.9 
6414.37 4360.46 
9068.95 4114.62 
6608.47 7662.12 
5549.03 9284.01 
4758.31 6792.47 
9268.05 5211.12 
3455.5 6280.53 
8252.11 6883.19 
4988.9 6318.53 
1763.77 9906.49 
9691.56 9363.88 
3218.39 7454.95 
3981.22 9337.02 
6129.47 2668.96 
8065.15 7762.34 
5481.86 4479.51 
2122.78 4550.79 
8594.12 8731.25 
2212.89 4143.14 
8015.24 6971.21 
935.591 7283.27 
2182.31 4391.09 
3563.79 434.399 
1274.26 8552.68 
6752.93 3038.03 
8459.15 6444.47 
2401.9 1677.52 
3899.4 6383.12 
1014.53 28.8517 
9052.08 9079.68 
7791.19 4533.93 
3559.17 9913.98 
9084.72 2153.28 
8645.21 1297.59 
6296.42 6660.43 
8268.8 7232.01 
3943.69 451.094 
1623.08 7507.47 
885.493 2897.34 
6060.14 7638.42 
5935.37 4519.27 
4082.87 8337.27 
6196.8 7982.27 
4720.38 7211.33 
8011.12 3772.44 
6291 5802.3 
8306.37 9850.17 
5716.26 7391.07 
2003.43 4361.45 
8688.66 8299.84 
1021.86 6957.44 
5531.83 4965.55 
7408.54 7154.91 
2473 8294.03 
52.2377 8533.14 
5932.43 5987.61 
3052.4 15.2847 
4324.87 9249.2 
7997.55 9045.24 
6460.51 6008.66 
2817.67 2751.49 
1810.94 1124.02 
2601.64 7527.2 
8515.08 4605.07 
1888.63 7203.73 
2904.89 2910.49 
4161.15 8436.72 
7876.04 1569.68 
5591.62 349.023 
9863.71 5643.86 
8882.16 5796.13 
1631.45 1934.54 
5811.41 5956.32 
1183.72 3808.95 
5001.54 7644.23 
9817.6 7819.21 
395.701 1628.52 
8943.22 2997.34 
9155.72 7458.29 
7602.41 1044.33 
4662 507.28 
3954.82 8823.15 
8944 1830.84 
392.814 4535.61 
2179.86 256.506 
179.445 1062.01 
6052.63 1810.9 
2996.55 1864.03 
7767.21 4180.27 
5672.97 2768.74 
1824.48 5490.56 
587.929 2220.19 
7119.08 9531.15 
5217.52 6274.79 
6989.42 2819.91 
7319.11 1651.41 
3327.19 1273.92 
474.544 2271.18 
3104.76 867.358 
6806.78 5284.62 
1123.86 6986.23 
6346.63 7176.5 
8797.12 9343.18 
9040.52 6564.32 
3523.44 4713.48 
9333.06 5347.92 
204.026 9920.99 
7568.11 7323.11 
9452.12 2785.61 
3597.88 6441.53 
5605.53 916.976 
8092.94 8932.72 
2190.89 8567.48 
1203.88 5295.65 
9434.84 8010.66 
580.253 558.684 
4996.88 6926.88 
7735.18 3793.98 
6270.05 6775.69 
358.286 9793.48 
1489.15 9691.34 
5141.39 1693.18 
9612.31 2709.48 
9016.29 9064.42 
5495.09 2614.15 
5505.93 1100.6 
3531.13 3598.85 
33.3016 5722.02 
2166.31 1237.18 
1017.65 1601.13 
9247.85 1597.9 
2159.82 4244.71 
8524.79 9895 
8038.69 4794.82 
6670.67 8396.98 
4588.28 8159.82 
8088.3 9729.67 
9853 7700.6 
2439.13 8869.27 
6765 7934.22 
1483.41 2270.91 
9034.82 5014.53 
5869.76 9068.13 
736.532 8036.07 
305.291 1754.18 
9637.21 9553.14 
3352.08 1797 
3797.83 1876.85 
1691.99 1836.5 
6671.67 8362.65 
233.456 1259.94 
6522.46 8321.76 
989.596 6375.44 
6022.34 3428.73 
5244.7 2787.32 
1362.94 6728.1 
5058.23 397.744 
1742.62 927.978 
9465.87 2479.15 
8964.05 9771.16 
4233.33 8601.24 
9324.28 7585.42 
398.226 3122.09 
9462.27 2090.21 
4958.59 6133.92 
452.849 5192.04 
7393.86 6975.31 
3513.78 8383.46 
3350.74 9536.12 
1812.17 8595.43 
2323.43 3175.11 
5323.52 7381.66 
3572.85 7066.14 
8309.64 3038.7 
9545.29 7273.68 
2809.85 3778.6 
5874.9 2134.11 
1364 6273.12 
5256.2 826.252 
8363.34 214.771 
6960.18 8816.19 
5406.81 4354.02 
5791.48 8920.6 
2737.47 9142.21 
8456.7 4549.64 
7737.63 780.116 
7724.75 3061.13 
8161.78 1297.58 
127.252 6471.4 
4336.29 9672.54 
3745.06 7146.14 
3451.12 9619.96 
9280.25 4815.12 
5893.07 4536.43 
5641.37 4256.39 
4751.2 2601.53 
3072.55 157.999 
6955.56 8864.03 
9078.6 9693.03 
8006.23 7535.28 
4242.65 5743.84 
8315.4 1967.38 
8804.97 6477.16 
3264.96 8932.22 
2948.55 7601.25 
8604.74 6693.61 
4747.37 2055.85 
6313.55 4027.6 
6870.97 2206.6 
8564.04 2512.33 
6462.99 3315.22 
5113.86 9535.55 
3473.22 2069.4 
8399.56 2551.8 
1762.41 6405.77 
87.0635 6005.06 
2149.59 8402.46 
7972.44 954.539 
4879.6 1237.38 
9886.76 7828.15 
8838.64 8491.48 
4521.75 3585.99 
547.315 835.282 
7613.59 7418.28 
3041.89 6177.61 
9930.61 9504.88 
9492.83 5044.45 
9040.41 2966.04 
7113.85 7439.95 
5517.84 8876.26 
3845.7 5604.9 
4881.3 5995.29 
4007.34 2853.72 
6949.83 8886.95 
4091.1 6836.57 
6715.08 2929.72 
5328.04 1236.81 
6515.71 5875.35 
2072.09 4129.29 
3293.62 5113.98 
306.888 3224.21 
4618.84 9799.72 
8268.67 3659.23 
2765.74 5382.5 
1099.17 8283.58 
4258.74 4944.87 
3888.46 9140.04 
940.142 7895.8 
1993.74 7889.97 
6782.73 6084.85 
4726.52 3497.8 
9014.57 54.5432 
4734.61 5530.26 
5929.9 6806.71 
9659.55 9223.51 
1920.67 9966.44 
2447.71 6539.51 
9766.15 716.358 
198.727 2531.87 
6098.86 1297.89 
815.434 357.584 
6242.76 4703.89 
9497.63 7182.9 
2599.68 1491.35 
5072.86 9382.41 
7576.2 9799.38 
2880.2 6590.75 
9853.92 7614.81 
2120.99 5783.8 
4421.5 1780.53 
5007.3 6342.17 
1746.96 7455.01 
2881.66 1513.09 
8171.37 3080.39 
4044.96 4270.21 
4378.28 4860.39 
4627.79 621.028 
9564.29 4125.4 
7803.93 2163.95 
5616.75 2876.77 
1546.35 3192.93 
2676.13 4426.54 
9783.68 2530.04 
2041.34 1904.66 
8313.84 6462.83 
3685.19 3321.12 
2804.99 5432.15 
776.114 5686.65 
6945.23 8947.48 
8767.04 990.177 
3217.67 3145.3 
5850.57 7845.46 
3766.33 5414.84 
1970.85 1570.25 
7578.79 7587.6 
4447.02 9125.13 
780.516 7123.15 
3551.66 564.182 
9653.19 5592.99 
2468.84 7967.02 
2055.81 6154.03 
1288.12 4860.8 
1586.16 2064.24 
547.427 8531.4 
1011.7 9314.46 
9521.57 4229.37 
2459.75 5372.13 
2074.82 6226.08 
786.95 4045.66 
7796.33 8365.74 
1633.24 2243.33 
7490.86 2413.76 
9366.48 1042.5 
2977.94 9019.66 
6635.49 5446.78 
6986.66 8691.31 
1600.8 8274.78 
3552.09 3186.96 
339.003 4099.51 
1718.34 1350.7 
3413.96 1239.9 
5580.08 5873.71 
6612.03 7654.89 
2099.78 7398.98 
1700.54 9896.11 
5764.7 3333.78 
2139.42 3255.54 
5747.54 1505.89 
4298.04 8725.48 
525.531 933.518 
4172.25 7512.19 
9624.82 5773.05 
5786.96 3176.89 
8960.01 6125.96 
7276.41 678.34 
7476.66 690.349 
1918.24 3056.72 
6564.06 8530.27 
711.595 8663.84 
5929.23 2412.13 
8559.93 1693.92 
5745.91 699.337 
4949.46 1493.44 
2205.23 9247.5 
218.902 2730.76 
181.002 4391.15 
242.93 9805.83 
164.184 6029.89 
2982.7 9124.2 
2155.83 259.091 
9802.54 9632.49 
949.44 1720.76 
2689.19 7513.5 
251.017 3400.79 
6177.32 6180.25 
5812.92 4737.24 
7874.17 1558.81 
5436.58 2823.61 
3052.25 7641.8 
2071.09 3271.15 
372.541 2252.1 
7662.3 615.471 
2057.91 7826.49 
6645.36 5040.61 
6950.67 8801.18 
5299.7 6753.19 
8433.66 6249.14 
8473.95 1122.83 
3762.62 8724.97 
4523.62 9939.95 
4905.2 336.521 
4677.17 2779.36 
1895.34 113.728 
5602.97 4947.59 
7755.53 7674.06 
8218.74 8128.07 
9926.16 5881.03 
8743.54 1984.05 
3707.5 5388.88 
7024.65 658.151 
4190.05 2324.33 
7411.34 2623.69 
8573.47 5885.28 
3746.52 2336.08 
4610.23 8270.14 
2276.01 9515.44 
8606.66 6953.18 
2294.77 501.979 
7066.9 7897.74 
5449.56 4822.42 
5571.79 3668.29 
2950.47 5497.93 
9549.31 1694 
7481.98 3256.79 
7082.88 4506.61 
3914.94 1272.91 
6830.95 1326.27 
3896.6 5404.4 
7211.55 7643.12 
7740.48 1821.76 
5913.24 16.4689 
1337.18 4519.89 
6969.64 3631.95 
5021.87 4036.53 
1529.68 471.414 
8858.95 7101.46 
4139.7 1809.4 
2599.38 3689 
3503.4 81.3347 
6945.79 586.256 
4587.95 860.718 
1859.17 1418.88 
2186.99 5755.77 
6823.28 9398.53 
3398.87 4563.74 
1220.28 9312.11 
4580.21 2557.45 
3831.98 1549.84 
6189.4 8853.85 
5586.37 7719.08 
9325.27 4445.3 
4820.53 3464.95 
6254.7 7419.9 
7153.95 9758.09 
7501.24 4099.72 
344.334 2089.17 
4960.44 2203.5 
3508.05 7147.43 
7959.27 331.309 
6545.94 1358.12 
4895.05 7766.22 
670.215 9475.26 
323.652 4502.2 
1025.09 6513.06 
3356.03 6611.46 
4232.12 2681.28 
1056.74 9052.65 
6146.23 7311.44 
6472.53 3300.16 
7069.52 3973.75 
7399.88 7413.85 
6062.92 2360.3 
9617.35 9570.97 
9507.73 7576.6 
9902.28 6053.65 
8934.72 4797.31 
3819.85 9604.93 
4272.56 4143.5 
4107.11 5297.64 
656.543 7463.15 
1909.08 4888.66 
144.413 2965.82 
3941.29 6290.64 
277.242 413.809 
9590.81 7346.76 
4387.56 6990.67 
4760.59 450.467 
9350.97 4377.93 
21.4179 8858.68 
1954.51 9923.7 
4912.32 889.209 
4720.99 8732.17 
494.124 8993.55 
2875.66 4601.24 
4291.18 3532.2 
2064.37 6200.26 
8420.86 2208.78 
9166.08 2362.14 
8499.43 9443.32 
2775.95 8090.22 
6790.06 7163.51 
5080.87 1550.64 
7613.98 4431.82 
5928.56 7635.4 
3290.49 7883.07 
7559.08 8202.81 
8772.28 2280.05 
6934.96 9266.4 
