400 2
8382.1 5439.02 
9712.65 2041.72 
4057.74 558.845 
467.882 9688.48 
1632.96 673.503 
5175.7 8784.61 
4077.84 2337.23 
8213.29 9738.3 
8988.68 6716.46 
195.12 1199.43 
4849.97 6870.52 
4989.1 5540.58 
6884.1 3745.84 
9446.34 2120.43 
9568.81 6841.68 
3272.62 7950.89 
2280.68 2985.26 
9992.61 6338.42 
3544.1 460.473 
6026.89 5177.06 
1133.98 1202.57 
3961.65 5211.82 
3539.8 2174.93 
4950.1 2528.46 
8891.39 5145.22 
3727.89 3741.34 
2015.72 8716.99 
9281.92 8899.82 
2462.81 8728.25 
1020.24 2031.6 
5569.91 4292.86 
9982.5 7850.6 
7278.12 9975.09 
4189 822.203 
435.543 215.88 
5999.27 1569.52 
1418.45 9960.92 
6781.34 4958.25 
2135.83 1731.42 
7486.71 1027.21 
6876.64 1214.58 
4768.55 8892.36 
9931.57 4050.46 
7792.16 2394.37 
2778.69 8812.4 
4425.98 8348.6 
3105.24 4408.45 
6199.18 383.343 
4383.52 388.168 
1205.55 4819.06 
604.048 7204.81 
6388.58 2022.5 
7165.72 3169.91 
6980.75 9301.55 
4901.32 4467.44 
328.742 1777.95 
5682.02 5097.29 
670.289 5613.58 
9147.75 8462.45 
8007.95 1926.42 
7274.83 2433.91 
275.003 380.058 
6842.36 6474.18 
763.401 1225.87 
6862.35 1968.95 
6044.93 7466.4 
9173.76 2433.5 
9488.9 6339.46 
5603.41 6469.63 
5640.99 504.713 
937.05 5969.73 
2282.66 6619.07 
1067.01 2952.95 
2232.63 214.74 
1415.38 240.566 
2141.16 8690.21 
2674.47 2416.16 
9070.27 9516.84 
8890.35 9833.67 
742.689 5752.68 
1802.6 6787.62 
3219.06 976.344 
9221.12 2707.94 
7315.8 4824.51 
9177.57 2956.77 
5329.22 114.603 
8926.51 7611.88 
6733.67 9993.51 
564.814 8966.31 
208.237 1980.2 
9206.87 2349.4 
670.394 1881.33 
4765.56 9740.67 
1398.15 3655.89 
9574.32 2140.84 
9408.57 1376.91 
8928.46 2627.62 
2353.25 8149.57 
5335.56 9669.05 
2974.06 4513.11 
2625.81 8303.29 
4627.71 1552.3 
5915.15 1361.37 
1545.8 6479.97 
327.661 1754.03 
8460.16 9534.53 
4103.43 9130.56 
1415.85 8868.99 
8871.21 2814 
2524.86 8445.51 
4954.84 1933.41 
9822.43 3883.28 
4561.03 2175.66 
2032.83 9896.59 
1844.7 5006.89 
4409.68 4470.51 
3310.16 9037.4 
6022.81 9225.31 
398.751 7568.61 
5705.26 726.413 
9322.65 4165.41 
260.93 3426.06 
3295.95 1676.78 
2295.03 2167.14 
4490.78 4819.89 
612.637 9445.61 
6753.31 435.046 
3328.88 1314.32 
2610.71 5361.71 
1210.89 4455.41 
368.585 5620.57 
8925.92 3678.75 
4657.95 4948.72 
2904.04 5056.7 
2517.31 8609.3 
5783.11 1839.94 
2774.7 6044.04 
5266 6070.64 
7720.82 7561.04 
8237.78 2211.58 
2380.91 8850.42 
1657.17 9134.22 
9285.47 4986.05 
448.519 1896.16 
347.745 1659.41 
6351.57 716.33 
7279.98 5277.48 
4395.08 1937.91 
226.178 7299.12 
6994.61 2743.49 
5908.41 2777.71 
4583.44 8683.1 
8821.75 9849.44 
4753.73 6542.55 
7410.46 2991.5 
8754.13 9791.37 
1841.9 411.29 
8925.57 1127.35 
5397.34 9374.09 
3023.51 5745.09 
1033.48 9375.08 
6461.42 8313.46 
4652.54 856.476 
251.35 4878.72 
8155.59 7245.96 
7622.21 4063.98 
23.6487 2205.63 
2747.07 8845.4 
2055.05 7500.8 
5387.93 9465.51 
492.277 4142.05 
9256.86 2334.18 
4553.34 8182.41 
3461.53 9950.68 
7556.49 6485.04 
5695.75 8589.97 
5860.1 2157.15 
6903.41 512.622 
3013.63 7154.76 
5391.34 1169.21 
4400.7 3013.53 
5233.19 4424.35 
5219.16 7980.26 
3269.73 7274.21 
5481.04 8657.67 
6739.7 5973.31 
2799.7 5996.54 
8307.49 7353.04 
4178.94 1769 
7303.7 1735.41 
8254.04 2999.44 
325.362 4114.12 
5156.59 7228.77 
4626.75 8170.22 
4383.51 18.0687 
9339.43 8784.21 
3031.6 4572.6 
3208.54 8250.76 
2552.84 6478.28 
5524.95 8033.87 
5135.92 2264.63 
4007.17 7935.62 
8261.18 2314.64 
5288.64 2440.1 
4083.64 2592.33 
4175.51 2337.66 
5591.77 4500.87 
6451.79 748.341 
1729.63 1078.52 
8918.56 6113.14 
1096.59 8257.97 
4897.33 4128.19 
2830.55 8105.88 
2378.93 5383.39 
4584.14 7903.88 
3417.24 9720.06 
168.496 7424.41 
7655.66 8429.67 
9739.05 2944.29 
869.755 3822.68 
5536.61 5045.27 
6160.34 1128.36 
9546.14 2612.11 
1876.7 1275.75 
3690.63 795.25 
7388.88 4787.22 
9053.22 2286.2 
8915.41 1883.76 
392.058 1294.32 
7267.15 4976.19 
9198.2 684.374 
4696.23 9366.69 
8108.79 2351.88 
7796.35 7847.82 
5296.17 8666.1 
1670.48 832.763 
3711.35 7830.82 
1961.13 3257.47 
442.912 3837.83 
4533.22 4133.54 
4633.08 1922.08 
8920.76 3686.28 
4208.28 7836.15 
5570.04 4600.34 
9130.47 2837.17 
9576.53 8328.65 
3521.55 4272.75 
7695.32 1630.32 
6624.63 5491.65 
9478.14 1920.78 
4157.73 1148.6 
2753.54 7869.08 
8979.41 4714.67 
1126.54 9422.33 
8552.5 5659.75 
3555.85 3185.56 
7581.84 2476.6 
6871.85 1790.1 
312.729 2441.87 
6390.44 9443.19 
5279.05 5966.96 
7771.82 8800.59 
239.69 5467.13 
430.894 6864.32 
958.759 9909.03 
8785.1 5116.49 
1057.61 1538.63 
2985.56 37.0061 
6253.3 4112.1 
9459.33 4805.78 
9771.86 3015.17 
7991.34 7353.68 
5491.76 4863.17 
9143.78 5804.49 
7305.05 5534.2 
5247.67 2584.07 
1501.14 3019.48 
1384.65 1740.83 
8486.6 1815.55 
8605.15 9445.36 
1724.56 7390.23 
4561.84 2782.17 
8928.86 7547.4 
2819.17 5182.14 
1659.48 2278.49 
9987.92 1431.32 
5293.66 7979.25 
8785 785.403 
2842.4 7928.76 
6589.9 147.43 
3462.94 1837.55 
2731.51 4964.08 
4857.03 4116.16 
6704.92 3343.61 
5931.7 5310.05 
2788.96 7656.26 
2700.27 7350.8 
438.412 1629.11 
4898.18 3257.59 
6811.25 6557.67 
5536.07 6799.16 
7988.99 829.713 
4778.39 6773.97 
1615.12 7620.79 
4702.71 8205.01 
7768.22 8165.66 
42.5442 499.709 
3129.73 4899.57 
4615.87 9834.64 
8243.18 547.553 
5144.67 1032.12 
8203.81 7844.94 
8382.92 8642.23 
9474.05 3281.08 
1899.8 6285.29 
9838.75 7435.87 
3084.43 7827.72 
8265.58 7862.82 
4601.68 9880.7 
5483.59 9304.39 
8085.69 3251.8 
7470.03 8128.24 
3751.51 599.742 
3027.79 8367.37 
434.367 1270.96 
8914.93 5579.04 
2303.08 7118.72 
3423.97 685.982 
5760.93 2898 
3967.07 7660.73 
9183.29 3805.8 
5096.58 2267.71 
1633.5 3362.15 
130.512 6235.18 
3242.83 5614.11 
5539.55 1328.51 
8865.9 3009.57 
9456.74 2617.39 
3609.31 2484.52 
984.75 4043.68 
3755.47 9899.68 
9622.72 6058.55 
7018.38 3046.67 
6744.54 2779.3 
5944.67 711.584 
440.015 5127.94 
4517.38 5536.6 
7395.65 6150.89 
8898.75 7526.16 
2386.05 2141.56 
3140.25 7925.61 
3470.06 2006.14 
935.159 2926.79 
4623.53 4544.47 
5411.31 5608.28 
8588.15 9166.78 
5507.94 8210.85 
5225.32 2526.31 
1257.5 1969.84 
5305.61 7202.17 
2681.42 5745.63 
2330.1 7198.8 
1282.21 9725.75 
3349.67 180.936 
7251.9 5735.72 
2322.49 392.132 
3661.31 5792.56 
2398.27 4596.47 
8719.35 7021.8 
9140.94 4130.64 
2630.07 7729.08 
3297.4 8138.01 
5939.91 8522.72 
664.305 7197.41 
492.541 5969.92 
4399.57 3173.96 
1715.53 6729.66 
372.747 2997.73 
6455.4 3722.42 
3178.67 3707.28 
9458.14 5501.16 
4099.41 3119.44 
1293.7 6497.68 
7715.91 13.0317 
3519.47 6856.84 
4143.67 6149.54 
4585.9 7441.07 
4287.53 525.789 
5963.78 4951.84 
7723.2 6456.32 
921.735 2122.75 
9630.28 2637.26 
8852.41 3.00932 
5634.99 5307.79 
3725.43 8813.66 
9015.07 3183.56 
4314.81 3114.46 
6303 5608.51 
9612.14 4018.89 
5621.54 3131.59 
