800 15
317.738 8400.09 8200.02 5724.34 3955.16 833.234 6073.47 3131.45 6058.17 3650.13 301.135 3428.74 5353.23 371.673 5794.6 
8827.51 866.341 110.941 2831.64 9042.08 2926.62 6620.71 4037.29 9813.4 5342.83 9796.06 2690.06 7892.63 9339.58 5873.57 
6255.43 9657.32 4273.64 4455.44 5381.64 8228.79 5288.67 1455.09 1360.22 1346.82 5105.22 1661.36 4775.56 458.429 2033.03 
570.144 9285.94 2899.37 681.085 2117.57 1941.44 3607.71 8738.28 5978.73 3421.08 4081.09 5774.77 6111.15 1973.71 5114.34 
1984.7 8229.14 4771.64 6258.33 2684.56 153.265 4487.11 7973.24 1608.35 5847.33 9320.06 6713.57 7508.69 4095.6 7172 
9541.72 4665.75 6457.93 2441.08 5346.83 8575.49 4382.51 8954.54 7313.76 361.224 2375.61 1394.83 6136 8486.75 3368.54 
1250.32 471.433 1597.67 6021.96 6729.77 4282.23 6175.23 1216.86 2255.45 7783.58 7064.2 1575.49 4497.14 4572.87 5671.1 
1669.12 4114.58 336.828 8127.05 6555.65 5683.66 6702.52 938.149 4638.18 4016.26 1299.37 7013.79 5411.1 7435.37 5500.53 
8779.64 8685.69 5971.96 377.285 4707.64 2701.71 4659.52 882.846 3918.57 6914.96 8666.43 982.75 8490.46 3163.55 5555.62 
4161.54 4832.67 9670.2 4498.37 2959.7 6225.83 182.01 9662.22 7163.98 4820.19 3678.47 8463.36 1833.97 9089.56 5898.71 
7334.49 7869.18 4584.38 3306.43 8246.47 9292.02 6008.14 2905.97 174.848 9926.71 9820.93 8841.28 909.445 8311.37 2004.8 
6465.07 2472.89 6837.47 6135.25 6971.26 9797.17 2361.06 7153.27 9459.37 9525.05 1973.44 3137.82 7988.38 3807.41 2227.37 
3887.08 1141.88 96.536 8471.46 4448.32 8343 7763.46 456.442 1248.96 7938.31 383.137 1069.87 6779.57 1292.58 9381.24 
8784.37 7757.65 1854.12 5621.83 3892.88 8825.38 5418.98 6253.94 5978.63 4878.33 5778.97 7952.07 8016.15 3767.34 1759.46 
243.506 7654.41 2901.35 340.042 6125.85 7349.66 8683.05 3889.3 7806.1 9932 1827.59 8189.24 1001.86 8607.16 9481.82 
383.081 7391.51 7239.45 2237.2 3013.32 1132.31 1062.56 8432.3 7386.26 7041.18 3310.61 3165.21 4993.24 1326.75 6932.54 
6752.7 1570.25 4586.94 9654.04 1910.29 712.779 7003.69 593.324 4602.08 4809.78 525.309 6429.67 2999 1527.16 5036.81 
2480.81 1910.25 2428.3 9720.26 4147.45 5441.62 852.557 5210 3873.9 8238.81 2251.17 7184.51 1404 7244.41 8511.25 
8336.55 3997.08 81.489 2923.47 3651.11 1991.78 3636.25 654.782 2585.11 8238.33 5464.56 3110.42 4667.98 8463.56 4637.58 
9704.79 944.344 6547.83 2133.07 664.586 695.256 7574.69 1517.14 5905.26 1448.57 9755.96 8156.43 8633.07 1159.94 5400.82 
7144.31 9496.49 9397.9 7225.8 2419.95 3049 9217.58 6056.2 3703.78 1802.67 4294.51 9168.33 4913.09 8962.49 7631.87 
9550.67 8667.26 8576.22 6098.48 800.316 9240.81 6793.74 8375 757.932 2698.98 9823.57 513.871 855.392 8456.62 1673.81 
6256.21 5600.92 1170.29 5654.1 2826.7 3590.24 8703.09 2044.26 9646.44 2406.86 3846.93 3940.93 1575.17 8760.02 2903.41 
9207.05 8310.67 1570.66 7783.25 4409.14 2370.97 7024.04 1202.86 745.96 7781.97 3901.84 569.511 8295.84 4757.23 9026.14 
9969.66 1013.42 4627.04 1139.93 6667.52 7453.73 4730.16 5370.6 9498 4376.58 7777.45 3344.91 8317.52 9352.63 2104.92 
1220.91 8559.66 415.575 2791.57 6342.89 4824.71 5162.55 3366.92 6027.57 5908.51 1148.87 9929.4 6478.02 9444.71 4686.62 
5504.14 9414.35 5700.04 131.153 554.264 2367.54 7584.89 5284.43 7738.13 7082.86 9661.01 5515.57 427.76 7978.51 4868.18 
2532.68 9199.43 3427.82 2948.25 1990.98 9770.71 7772.96 7153.53 3137.61 3800.52 3062.02 4286.48 3729.9 9540.03 3731.18 
8416.52 5044.15 3145.52 4116.54 5175.3 3699.78 6484.07 2760.17 8984.21 4222.19 9843.04 8645.21 9737.76 270.779 6623.7 
4605.92 2803.46 5823.11 8033.74 5751.71 7814.1 7804.44 3524.65 4967.61 942.036 7325.17 8029.62 5228.52 1055.06 7569.64 
8959.7 9471.57 2613.77 2105.2 3588.09 7789.07 5804.99 72.1521 549.228 4789.18 4294.34 392.248 3434.37 4032.09 663.027 
58.0565 8638.01 3466.48 5881.17 6671.73 9218.19 3695.25 4476.16 2742.83 8662.86 5418.19 67.9813 6692.46 646.696 1123.04 
4262.08 9606.4 594.594 6875.85 1711.59 4182.69 4664.91 7516.57 4254.84 5214.14 2305.73 8549.18 5606.39 5740.1 2581.25 
6269.41 5798.16 1219.25 9735.9 1679.31 7890.98 8954.07 5374.57 2367.12 1696.88 4037.41 7785.31 1764.86 729.854 8432.01 
2887.9 4991.94 8038.39 3482.49 1867.77 9749.97 7665.18 6532.68 7266.53 1920.01 1746.8 9572.26 469.172 7353.19 5312.35 
3050.43 3622.59 1110.49 4269.67 3358.47 2789.8 2160.63 2312.52 8164.37 4527.75 4009.4 2201.76 2313.04 5774.27 2931.61 
745.034 8662.17 7923.55 8783.42 2144.64 9791.33 8533.38 9809.83 6323.99 5799.89 1729.81 8070.8 5372.13 2198.99 5423.97 
684.465 5249.41 9046.56 1794.95 9519.08 2405 4584.76 1679.7 4717.52 2749.11 6207.45 8726.92 4950.87 8520.5 4501.17 
7882.48 9265.53 3163.32 5806.02 8048.93 5307.97 5597.33 6582.3 5117.78 1921.3 2382.17 6847.59 9992.1 7754.3 9046.58 
5416.05 8438.77 4295.97 4462.59 233.705 3815.04 6867.59 4818.46 5494.74 1585.1 7567.57 1702.17 312.008 2518.42 222.65 
4813.18 400.89 9488.18 7976.5 6206.91 7537.1 3284.45 1804.22 4119.38 8402.23 3725.52 6501.54 5249.8 3717.6 4255.83 
4296.36 9133.65 2694.58 8592.33 3596.22 2928.28 2407.35 463.794 7746.75 7902.09 2048.89 5314.3 9604.26 2360.9 7832.73 
9826.91 7174.08 8233.62 9315.07 5150.57 4440.51 6852.15 8435.03 6244.72 971.509 6837.24 9970.24 7473.05 2087.02 3687.82 
1728.86 6383.38 2821.45 4423.44 4975.7 6417.67 7351.73 7383.05 6881.46 5098.46 5285.12 8930.35 412.741 4889.37 1291.24 
8245.47 4716.26 8465.32 6479.07 4031.31 3615.88 919.556 883.446 2050.88 7164.28 1854.95 8888.12 7134.5 9328.01 975.127 
822.3 1056.85 7358.51 3643.75 5480.3 2334.19 61.3953 2832.01 9717.24 6942.85 7930.46 5002.35 5873.19 8343.21 9891.71 
7164.43 6588.66 4607.95 5629.73 3067.71 8639.26 9245.61 3987.26 9522.71 1296.47 1151.52 1377.65 184.579 8286.02 705.639 
1159.71 9108.32 1762.49 8518.22 2752.05 7242.79 852.39 2813.45 74.7838 569.616 9756.3 8005.25 5571.96 5629.48 6348.44 
5463.66 2793.89 2937.08 71.5944 8423.62 6004.78 8710.86 7669.21 9992.04 8233.55 8965.69 1143.55 9611.2 9150.26 9429.57 
316.823 309.952 8537.87 2079.32 8828.17 1289.91 9322.11 9680.56 4103.35 9396.89 250.157 3859.64 7402.12 5822.12 9489.12 
3750.54 1285.76 2282.98 6687.62 1357.36 706.587 2692.38 68.1982 8375.8 2684.41 8301.75 7341.47 3827.96 7912.94 6491.71 
3257.51 8229.76 6801.67 1795.37 309.059 5629.82 3085.28 9631.17 5310.36 7188.63 9028.04 5560.51 1048.25 6430.15 1382.62 
537.351 180.681 2668.38 2820.34 6868.3 4025.73 3526.92 9560.69 4093.93 1902.7 2245.08 2395.67 9244.17 6073.04 308.586 
5735.87 9330.55 8538.34 2537.51 1125.9 8847.4 8167.33 4211.17 8478.56 3477.67 1399.79 7506.58 9038.18 2448.04 3936.72 
420.785 2985.39 4117.4 3089.16 5805.73 985.687 7114.9 9332.65 546.355 1208.82 1235.34 2791.43 3604.48 479.491 8864.47 
3913.07 6215.36 8195 2451.4 8752.87 9320.9 1298.78 6920.18 3532.05 9777.34 397.836 4931.84 7283.91 9436.02 7379.88 
1220.61 9856.81 365.257 5338.01 2945.95 6170.98 6323.7 60.8361 5503.62 6870.05 1269.65 6738.96 9661.49 4874.13 7218.45 
8525.94 8787.2 3433.79 6720.92 1238.58 2186.64 6041.8 2537.36 9106.82 9573.86 2314.69 9504.66 4505.68 9598.59 8940.67 
1885.54 819.185 8797.45 2250.8 6157.2 1743.39 8421.78 2480.88 1804.23 3925.39 9350.93 3073.88 664.327 9012.41 7948.01 
7882.78 7538.33 6735.2 1316.55 4259.24 7973.78 3503.19 301.023 511.122 2610 9874.88 2825.81 2114.64 4380.54 2424.38 
1055.29 6266.09 3243.57 9852.74 8516.88 9400.77 1596.11 6938.65 1881.63 3400.34 864.023 1232.55 6474.22 1528.35 244.934 
4422.21 9411.13 7783.26 1157.39 727.655 2042.48 9131.17 4230.84 2343.51 9642.29 6840.84 2218.37 2468.08 8955.48 6598.91 
4892.46 10.7468 2864.98 8136.03 9863.49 1381.85 7536.78 1459.58 8320.5 9418.41 4859.93 9184.52 650.936 1334.13 712.857 
895.87 5756.34 123.965 8679.13 6913.74 851.62 721.6 6044.89 5082.46 3065.11 5687.17 1923.28 5283.48 8155.25 878.745 
1882.37 3047.7 889.492 4747.35 1183.71 752.962 6129.19 8720.49 2212.55 4449.68 8138.88 7072.47 3634.19 8789.82 8406.6 
4347.04 9685.69 4162.93 4471.01 8364.8 1076.65 5322.63 9086.41 7121.54 405.073 2151.49 2808.69 2328.36 7434.97 963.922 
3207.1 9317.34 4011.62 4096.59 4064.67 5195.33 4849.56 193.847 3915.8 7062.1 4643.53 2054.67 4134.56 8277.71 844.472 
2541.15 2624.74 530.144 6704.07 7095.74 8894.95 7780.73 2418.35 7981.34 4902.25 2823.43 132.814 7710.94 5151.78 7567.78 
8674.86 8358.89 6885.11 2686.46 2455.46 949.758 7881.79 7305.02 1143.61 1797.58 4367.1 5787.13 3852.25 8501.66 4064.82 
4696.73 1042.79 6689.56 5226.87 7746.87 3785.29 4121.8 5527.57 6203.64 2103.12 429.807 9027.06 2235.94 8140.75 4178.83 
9803.72 6815.59 2537.7 6688.81 9502.06 4993.16 7638.57 7383.83 2298.16 8782.17 9181.42 6665.27 4569.29 3033.65 5166.91 
8634.11 7730.38 6209.71 5323.65 2957.23 3956.55 9108.94 7079.03 9484.13 5312.56 9182.15 9913.94 4339.61 1418.07 8054.67 
8518.44 1221.77 4870.24 1056.12 7910.58 4372.28 6049.29 5549.13 1756.1 8347.45 4331.28 937.494 5012.7 8900.57 3971.15 
179.599 7534.66 1701.5 6389.3 2858.3 4658.73 345.842 1967.23 1737.74 9829.97 7279.79 919.876 9743.89 1619.38 2337.94 
7798.54 137.807 3559.71 2668.76 1193.93 1470.28 7041.04 7243.22 7019.41 8797.14 5590.65 1350.67 9734.63 603.336 251.226 
3705.76 782.934 7785.89 5407.27 7172.24 644.174 65.9815 7518.08 2611.4 1803.72 7348.04 9891.19 2723.6 7091.91 1510.55 
5061.54 4890.43 1648.36 8621.26 7559.2 2842.29 91.5193 4600.23 85.4916 7110.92 3397.35 5676.14 8461.6 3131.97 6279.48 
8712.82 6837.73 7062.41 6498.7 2244.98 4234.63 7142.87 2310.96 1752.7 9754.27 4114.69 9100.74 9645.44 6838.29 6192.63 
1155.98 1899.82 1083.05 2804.34 521.059 8642.24 5646.63 612.578 3242.45 5732.12 7723.5 6639.8 1408.25 6185.08 9771.77 
7687.72 4897.89 6609.49 4750.12 1396.57 8854.47 8984.76 8539.44 1165.42 737.438 8293.7 5280.11 9838.17 7939.12 2118.38 
6030.79 9095.1 4018.2 7113.83 1899.42 4539.25 5756.06 7546.05 5151.83 8998.51 3278.15 2875.32 5638.3 4686.4 9060.41 
5410.06 2374.11 3958.28 2019.53 7124.23 5354.85 873.98 6108.96 3894.27 2039.4 6846.4 2187.95 7319.5 6684.56 127.058 
9437.88 2715.33 9222.16 3456.06 9829.16 1121.56 7995.32 5585.2 8667.61 3147.13 4583.7 1945.74 6022.45 221.977 6632.14 
5082.84 5632.03 9006.25 9041.12 7651.56 6130.46 4395.95 8525.54 2239.4 8290.23 564.92 9085.81 478.165 7884.43 5770.35 
605.222 7322.29 8485.67 9827.38 778.336 8314.82 948.922 8773.65 3900 9616.53 1920.77 8483.7 1562.26 7943.22 8705.67 
8194.4 3026.05 4337.69 7200.63 2067.15 1989.23 3331.07 6463.1 514.752 5570.47 4753.31 1079.67 4656.26 5231.48 8964.1 
426.587 5836.7 6286.37 8912.26 5664.06 7064.71 7227.06 6612.98 5838.34 1127.04 6229.5 7759.11 9610.74 7791.75 5702.32 
8316.39 5986.13 8728.36 2654.06 3186.74 795.496 4643.29 6517.81 7258.6 5158.05 2088.26 2011.89 6237.72 6744.52 7243.37 
5201.8 7171.1 3080.05 1488.15 6083.35 8744.12 8552.86 3310.39 5357.08 4391.19 4437.43 1586.56 2150.29 4048.16 9378.32 
7852.6 2364.53 5364.43 6580.95 5018.6 8551.18 7376.45 9661.89 5068.97 4635.03 4819.92 7157.23 6646.92 1057.62 3901.73 
3890.28 6259.42 1072.81 6970.33 7747.58 7156.16 5714.43 6300.42 466.534 1071.5 691.593 4903.97 2658.06 2841.88 8952.12 
2036.36 694.464 1316.64 7400.79 7275.42 6335.24 5951.95 4651.85 5997.11 1020.9 9286.87 817.018 8178.12 5933.78 1874.64 
2079.83 9824.05 8134.06 3152.65 6794.37 5881.62 308.79 2508.78 2182.03 775.324 3580.27 2873.62 5679.29 6238.33 5715.5 
4631.4 8274.69 6409.96 5948.04 5675.46 3685.36 2283.26 1627.4 8337.21 8280.38 2648.29 7624.06 9097.39 826.403 3557.82 
972.019 2906.24 3381.86 9106.08 6058.88 176.211 4987.69 6367.67 2684.99 7169.71 7143 6265.27 43.3133 2822.27 2503.58 
5758.81 7453.68 778.257 2168.75 3401.7 6453.72 5854.11 5684.96 8081.12 4191.3 3965.33 729.395 1815.35 3062.7 1555.8 
5373.17 4034.72 4462.04 8755.03 3140.79 520.903 8931.24 8128.47 6888.58 1616.21 5298.17 4031.56 7881.48 5341.48 6853.83 
385.047 1100.27 4307.49 1163.3 3269.03 7709.19 7617.02 9123.14 3394.14 5698.12 3314.42 7359.47 6427.52 5129.77 422.152 
7983.32 502.92 4456.87 2445.34 9257.95 7597.66 2966.24 8189.17 5726.12 9854.82 9805.39 1024.27 3886.36 7686.85 6365.75 
740.173 8071.9 7466.03 5047.66 9235.2 735.037 2756.84 6852.21 9858.18 6150.98 2550.32 3172.58 3510.43 8977.84 8302.35 
3932.58 6961.14 8805.27 8389.46 9406.47 8063.21 5987.1 2372.69 6252.36 1713.2 2227.49 6057.73 2737.47 6113.85 3744.57 
9103.22 6854.02 1816.45 6569.23 1901.67 1051.63 7304.27 4658.51 7903.84 7162.43 809.474 454.143 334.998 4319.9 9431.98 
8637.35 8252.49 6393.1 7442.61 6641.93 5799.56 5505.8 2629.01 8172.25 1758.14 4342.21 399.728 7815.87 7079.68 6513.58 
1560.42 6182.89 3367.58 3376.87 2752.11 5269.25 4428.51 56.3604 9927.76 2332.33 7218.79 737.219 2786.48 7553.79 5057.12 
2218.44 6191.12 3309.59 8611.54 3633.71 9951.52 4411.08 9139.51 2580.51 2583.32 897.632 6922.72 2983.04 8713.51 4002.39 
9496.62 273.914 185.264 2864.19 3650.79 2937.37 8133.44 8079.29 2993.73 8061.19 411.609 212.506 8798.41 3198.08 7766.29 
3855.51 5416.52 3957.4 7165.1 4028.05 7591.11 7116.6 8439.13 6730.6 9697.12 1022.43 7628.23 6619.82 4005.47 6341.72 
622.195 3502.08 6615.64 807.459 6366.26 266.407 3744.83 4499.69 8345.7 6738.56 2560.86 8757.31 6951.07 1359.24 1955.38 
4717.34 5214.76 7371.9 8674.74 2379.84 1399.93 6265.84 9496.45 9839.06 2996.42 9193.55 861.466 624.641 5813.35 4866.94 
6966.36 6435.55 8369.01 3581.98 7243 4735.26 3848.39 987.817 9234.95 2194.07 7726.38 1795.79 951.368 4677.43 3155.03 
2906.74 9394.77 8369.79 278.627 8069.5 749.613 1678.56 4335.32 246.044 1517.6 7331.74 9439.59 2379.06 7956.38 5252.92 
7246 4922.73 1688.45 5615 8504.71 8931.46 350.241 2353.09 9919.28 9585.19 4547.16 7645.64 1380.96 5498.53 2323.05 
4535.99 8405.28 1717.8 2905.76 8683.9 9787.3 3655.38 362.443 4122.6 3901.42 1880.04 1454.33 3340.99 4259.1 9410.71 
8593.92 1505.08 4333.42 282.356 7120.08 2838.12 9213.81 7470.32 5191.21 9133.07 7055.5 9738.37 6778.69 8436.46 5236.89 
9101.74 2972.43 3642.14 819.526 5878.2 2326.03 606.809 9533.57 2688.47 4729.41 3434.98 4568.51 6183.74 6775.97 8827.61 
5594.43 5369.88 332.681 9927.85 5652.23 7452.76 2765.96 4866.03 4923.07 7957.16 3999.09 1978.55 7695.52 777.763 414.987 
2932.39 9879.5 3387.42 6574.53 699.013 9265.62 8900.56 1305.82 8799.18 1589.01 6035.23 2234.14 6157.53 2218.95 9010.11 
4985.12 7813.38 4379.97 5317.8 7741.22 32.1851 2770.55 507.158 4898.21 7693.62 8464.32 8897.3 9672.16 6159.82 9675.06 
87.1328 9092.21 9554.55 3474.55 5666.72 253.546 2740.16 4567.26 1559.37 1539.31 6156.27 7594.6 3773.45 2313.78 9813.56 
2783.55 7298.91 7626.92 7163.52 2616.69 5368.13 7195.7 5387.24 5875.28 2093.9 3080.84 4339.59 991.185 2752.98 499.391 
666.231 2840.12 9591.6 220.764 6314.67 5258.3 474.31 9054.83 9825.56 2033.68 594.123 5981.81 9628.28 4367.58 8295.6 
9441.82 7151.12 5594.48 7068.73 4314.62 8211.18 2436.84 1510.31 3598.4 8312.12 3604.21 6679.24 2651.69 4595.4 9432.22 
3151.08 5261.63 2272.32 2742.66 5482.39 8586.99 8000.96 5956.7 7641.8 7826.5 7990.38 8235.92 3808.29 7618.64 2603.48 
2103.87 7060.45 9754.61 7698.36 4129.16 4069.21 5909.52 6566 5579.52 9507.91 4878.1 9183.73 6187.13 7529.79 3779.11 
5619.34 680.86 9040.74 7891.66 3423.52 4523.11 6478.63 1424.46 479.797 4120.41 9250.96 8470.18 2356.32 3059.24 6088.8 
4959.8 5163.11 3149.24 4714.39 2861.45 7278.39 8783.6 8770.97 3844.37 4363.1 8278.87 8722.47 3546.82 4465.98 6252.25 
7325.93 85.3007 6933.11 6366.66 7976.96 356.616 889.752 4455.57 1781.08 1369.55 8575.98 1032.03 9839.73 932.281 4091.27 
5928.51 5892.08 9254.38 9077.75 606.449 2115.82 6356.13 9390.05 886.767 200.482 3753.13 9165.63 8922.96 7299.96 3631.6 
5175.19 4625.87 3716.9 2108.28 992.513 1693.84 2464.9 1882.27 6149.41 4245.98 3251.81 4725.37 5278.01 3091.52 5657.65 
9369.27 9020.04 1549.71 8623.63 8097.77 2156.16 739.432 4453.88 1546.19 1626.2 4654.36 5299.33 791.815 3577.3 2599.27 
4423.41 8752.49 7225.14 8140.31 860.755 8217.65 9834.15 3325.65 99.9028 5983.54 7571.63 3351.72 708.892 2849.62 6443.24 
6366.54 2218.88 5463.26 7916.26 842.494 3561.01 72.4056 1581.93 8014.89 1618.6 3208.12 2669.23 6917.93 3999.94 6246.53 
9517.19 8423.35 4999 6742.32 6563.64 5859.76 4959.96 6397.77 9185.41 5059.86 2381.3 6757.03 8411.58 3090.19 9606.65 
4854.8 9456.73 1825.51 318.045 7372.97 2668 3879.06 7445.38 4249.93 1893.93 9063.98 7458.05 4563.16 5981.89 1457.97 
809.675 5499.07 9881.33 5808.68 2241.37 6444.95 1668.41 7201.32 2842.71 853.806 2261.17 5224.01 7610.83 672.726 8314.19 
7217.46 5527.53 7770.91 9042.97 5845.57 5143.86 1710.95 9724.63 2589.23 5960.88 1618.54 1653.19 3418.91 6181.71 7635.08 
4876.89 6991.38 3134.13 4758.2 2800.04 5375.5 1203.13 4468.45 2576.8 4045.84 5322.26 4837.97 9269.85 2933.07 5510.69 
7584.02 150.519 1038.2 5354.91 9193.49 6883.78 498.76 904.423 6608.39 3087.99 6865.3 8226.93 4741.17 284.197 4408.62 
2376.23 5161.08 1399.98 5510.36 9919.28 4200.02 885.838 1122.39 8668.48 3462.64 5168.24 3990.72 8300.61 4438.07 6923.79 
3811.29 2022.07 7074.31 4849.49 7376.98 6267.78 1733.25 7875.74 7172.2 8341.64 963.713 4037.49 6568.55 5704.89 4321.68 
977.157 8081.12 9482.77 2377.14 3591.46 9402.03 6577.16 4477.3 524.408 5245.62 7939.94 5692.64 9236.34 6240.54 130.693 
6160.11 51.8062 2152.76 3234.41 4901.3 9529.75 9502.19 6634.55 7405.48 6674.38 4976.17 8369.19 711.847 1544.71 4074.06 
5033.53 2521.86 2155.16 4516.28 4899 5746.63 3918.3 1476.15 223.914 4442.71 6721.77 8163.86 135.332 5958.09 4404.38 
266.025 2118.19 4456.18 2418.79 5352.6 9357.48 1948.52 4854.77 5992.01 9354 1529.13 968.165 7723.17 2240.97 2512.87 
1797.22 7274.51 5034.74 3952.38 1790.77 9933.74 9699.01 5709.07 1409.87 9922.92 151.756 8131.64 8086.76 287.088 4089.72 
2491.12 553.112 6207.91 6947.31 2971.9 1560.49 6304.77 4920.42 6415.26 2296.77 4274.41 7944.38 3264.93 1997.56 185.341 
5777.8 3794.78 7459.85 812.521 7747.16 9250.62 746.245 7446.15 4959.67 2156.12 7369.06 5111.42 287.745 5455.8 5398.51 
4377.46 7946.93 5951.62 585.357 4894.22 8923.53 2145.85 1198.97 3843.93 8561.1 3495.74 8118.34 6505.47 6760.67 115.881 
6690.81 2538.45 3910.66 4150.64 3350.97 1657.8 3401.24 4097.22 9103.95 8360.91 6253.34 6472.99 3472.32 6541.08 1928.77 
8870.83 918.529 9875.7 4822.43 1503.89 4769.9 3745.94 3649.73 5968.88 7589.87 2210.82 9464.61 5708.19 8716.29 6225.26 
5824.08 5407.08 8763.72 9734.73 9557.72 2114.67 1392.51 2958.94 6211.89 496.442 1319.84 2465.21 6969.43 4792.15 9006.29 
8898.2 3662.96 9924.82 8773.89 8485.4 1428.69 3543.78 2231.32 5078.42 9512.65 9821.2 7289.24 8977.25 5529.38 6005.51 
5202.5 1353.43 1412.57 3966.2 1088.15 970.276 6080.87 2480.66 3929.22 2292.74 2977.1 5249.06 4757.96 9946.53 41.1929 
3764.23 8844.72 3704.16 3689.03 7618.59 2189.54 5117.73 1162.35 4420.86 196.13 674.982 4242.04 7485.37 9652.23 9771.42 
3490.86 4854.71 1124.84 4903.43 8820.91 2212.99 5873.71 4901.76 4693.65 9802.93 7194.5 7670.75 5051.97 1952.44 7617.27 
5093.16 5716.67 6461.97 8797.32 9405.71 4080.54 986.837 4523.42 5242.89 5407.7 4719.55 5917.87 9649.74 2204.9 5570.09 
9421.14 5695.76 424.781 545.963 599.171 9245.69 2758.95 6472.88 4147.43 7452.6 6275.79 1341.92 5123.34 1327.74 3294.36 
2740.59 6420.9 9011.04 9202.56 5218.2 8416.73 3283.09 6205.03 2940.13 8525.98 1612.72 7659.67 4443.84 1262.44 9864.57 
13.9058 683.565 5560.31 438.687 1229.53 6159.48 9684.38 3988.48 2632.34 3831.79 1441.06 8908.13 5173.71 6564.4 235.853 
8468.07 9304.99 6656.75 7479.09 8507.54 1874.93 5895.8 1790.61 8079.96 8835.93 316.573 9692.68 6495.59 4760.41 955.102 
6360.15 4774.31 1638.67 1920.44 5213 2868.2 8079.93 4897.36 6856.67 712.252 8729.15 8297.74 9620.38 3902.84 4862.12 
9856.24 2370.9 4167.1 6512.97 9849.99 2674.62 8387.9 5745.78 4465.23 6467.85 4581.7 4781.8 6160.51 1077.27 9542.21 
7115.61 7437.41 4316.5 8754.28 9357.86 9529.5 1622.46 7437.76 4426.85 8479.13 8150.02 3155.98 6776.85 7770.38 7058.83 
1638.96 7626.6 9429.73 5806.05 4139.56 9279.7 8480.67 2527.44 5025.47 2945.88 8995.29 9607.16 7727.67 5155.78 684.415 
7269.86 2271.38 8121.83 1586.35 1025.64 7479.67 1115.84 2648.1 4917.42 5542.68 1127.21 3067.41 8698.67 7904.07 837.781 
5757.47 9543.02 8464.38 5187.18 5349.06 2603.92 4466.87 3829.71 5131.36 9492.33 6775.58 4126.63 9099.48 4503.24 9282.41 
9783.89 1773.09 1553.77 7905.71 3359.44 2579.41 5385.36 4475.27 5227.5 302.758 17.943 6354.72 3370.17 8716.61 4258.77 
4207.95 4474.07 3801.77 2672.32 9661.25 9150.83 5276.24 4128.1 2980.52 407.588 3620.42 9756.1 4534.22 2719.88 4259.33 
3816.61 2503.76 6032.41 5370.38 409.449 9391.85 7949.79 5794.81 3867.11 3177.28 6097.57 3885.05 9531.99 9467.74 2601.65 
3790.74 3675.68 7075.71 7592.51 6348 6736.94 6743.32 1624.22 865.027 9723.84 2031.81 4485.44 9479.93 6566.03 7205.33 
3739.24 382.626 9709.08 9771.65 5753.01 118.517 9163.49 3702.78 5913.33 3030.58 6880.06 2010.87 6915.63 6412.03 1478.6 
9517.28 202.758 5154.27 6592.97 7795.27 1502.25 3329.9 4538.58 3126.47 4194.93 4262.4 5158.28 8680.37 3742.31 1724.29 
5885.68 7481.55 2106.92 5594.75 7253.19 7859.93 5713.27 6416.66 1562.69 1626.57 9447.24 8442.75 3637.45 6362.85 4854.77 
5116.04 5880.12 5057.53 270.296 2473.07 2852.78 1772.55 5802.97 7391.35 4899.02 9997.9 1653.74 57.2802 8678.25 5396.05 
1781.57 4563.92 2877.58 3888.49 158.648 130.751 1748.4 5871.91 6547.41 3311.09 7498.49 5994.63 1753.83 1135.92 2357.46 
6608.59 6251.96 8237.58 1666.1 6522.26 710.636 4518.88 8294.8 6513.61 1910.22 3193.8 6511.49 3563.96 3251.08 5189.73 
8960.01 5032.65 9753.65 1837.57 8921.15 9912.3 1968.32 669.53 5784.19 8515.73 3980.62 3282.66 4510.34 5734.45 4418.58 
6867.8 2343.02 670.521 5105.37 4009.12 7192.78 5816 8528 5487.56 2329.6 438.205 8681.36 8841.09 4002.16 1932.43 
4030.8 2962.15 6965.08 3784.43 4799.72 5886.21 3696.71 6768.04 6555.74 9480.9 5283.76 536.345 2763.54 9794.1 6270.79 
7182.12 6661.88 8613.82 7852.64 1767.23 2622.92 5045.4 7583.23 1150.91 532.949 9912.83 1589.12 9214.31 8753.9 5591.28 
1146.72 2784.68 8553.43 8111.8 6569.12 3353.13 3997.99 265.807 121.159 553.715 9746.71 5404.92 1090.06 2510.24 5198.99 
7360.85 9692.36 1860.86 5974.65 7544.99 3628.09 8597.58 2590.37 1211.31 9748.49 3123.32 1124.12 1337.59 2337.61 9878.02 
6928.86 3484.34 2662.69 5482.27 1596.12 9231.81 8835.4 5594.11 9497.61 8956.56 6147.83 9244.3 4361.46 7237.89 1754.52 
9560.46 4598.72 1446.86 1421.3 573.357 8991.85 5049.39 9170.93 1582.2 6260.7 8919.4 4705.53 7384.82 256.97 7043.14 
7262.83 7185.83 527.458 9925.52 2668.09 2123.58 9157.31 1503.47 7717.69 8654.91 460.019 3865.5 7899.2 4821.48 1103.37 
9653.72 4381.92 5702.09 1100.57 5803.22 6275.45 92.4004 852.593 5446.36 1674.6 7113.29 4365.75 6380.13 4498.1 4622.72 
3423.25 1760.92 1808.53 3950.71 1686.42 4476.62 6074.29 843.718 5980.09 3791.96 9498.63 6440.11 7657.46 7397.81 1261.57 
8760.83 7051.51 5643.49 4462.91 8152.08 1446.69 738.339 8244.48 2299.29 6184.7 9919.09 9412.58 550.434 6299.2 3910.67 
5173.15 9722.45 5671.58 6981.68 3673.15 7358 1458.29 9747.44 8201.72 7438.38 3539.38 7700.33 3878.47 1196.83 5098.13 
5140.05 9957.66 2149.62 783.524 4420.55 301.687 2230.22 5158.89 8546.17 4529.51 1343.57 8465.24 3942.07 1894.01 4764.42 
7852.74 7067.16 4486.86 3524.3 4048.83 8160.01 882.287 5507.11 7907.43 9084.01 2945.48 1446.79 6784.32 6823.95 2643.62 
1882.43 1963.98 2601.26 4032.05 2747.5 7021.81 4333.74 4977.72 2180.68 2879.89 9507.23 3524.26 1345.12 3449.29 5418.26 
6109.54 1302.01 2485.41 596.384 4826.31 6534.23 8756.39 5708.59 2041.33 6663.8 4792.58 4986.81 8110.6 1576.89 1810.74 
754.199 3459.32 3774.72 3355.46 7491.38 6522.22 377.254 1825.1 1499.93 2557.94 4705 1007.14 6082.19 6050.12 4456.43 
1500.44 2159.64 5758.43 3985.84 2756.02 584.724 520.062 1512.4 6293.32 2561.39 8176.2 1085.88 7548.2 6286.78 2662.78 
9358.94 7040.98 6122.1 3133.64 396.421 3613.46 9655.86 773.675 5438.56 1155.78 3331.61 143.543 2162.92 9413.8 6193.66 
6619.35 914.225 8353.3 2377.77 4900.07 1109.31 2962.49 5420.13 2621.7 9255.81 7981.52 797.887 341.677 5529.71 7084.67 
3004.45 4888.63 4125.63 9126.55 8022.27 4522.05 2739.99 7678.11 5295.72 8178.56 8833.89 8627.33 8322.1 996.796 8041.12 
4515.74 7616.15 8955.34 2869.02 9993.91 3855.4 3978.33 2956.39 9275.53 6600.03 2212.18 7257.04 7397.92 2553.86 2786.73 
4482.57 5558.31 7675.35 8608.19 4684.85 5697.6 3130.22 7424.84 3375.7 8425.95 5603.38 2209.57 7053.26 3925.46 3206.37 
5094.36 8441.2 822.5 4049.69 1310.21 816.397 7905.09 5288.54 3772.79 7180.6 1888.55 5984.97 4437.62 9286.47 8538.82 
7224.35 3769.02 4097.12 4899.68 2377.2 8781.96 597.271 5507.42 6206.79 3972.97 3933.35 1810.15 6182.55 986.591 5735.61 
9388.92 6080.96 4176.8 211.399 130.631 5487.01 1027.8 8035.72 775.528 4800.58 5216.31 2664.08 785.532 9653.93 1950.53 
9324.36 6878.26 5719.55 3421.46 1777.93 8096.75 2203.4 2375.2 3604.15 8410.19 6348.17 7537.5 220.321 2530.7 8524.09 
5955.93 1919.6 4605.03 132.711 2131 4735.66 5619.72 3158.79 2771.36 6395.25 7959.38 7987.67 9059.33 8744.91 7641.58 
1009.84 8069.25 4519.83 6729.4 1490.69 6297.76 4826.13 3694.09 8672.96 8430.28 2104.26 5021.11 5967.76 2324.59 7551.81 
4491.83 8280.52 9471.41 9096.85 8413.23 1602.39 3832.49 4032.93 4761.18 6603.86 428.158 2720.54 4591.51 9487.48 1465.43 
2233.07 497.309 9534.68 6752.9 7226.7 1025.35 3050.64 2052.82 4719.44 1723.57 483.076 6823.7 6744.68 6450.83 9148.29 
4296.47 942.645 7428.79 3767.86 39.4831 5842 5370.25 3871.98 9874.93 131.407 475.817 303.074 2851.95 5067.32 9790.56 
4317.38 7300.4 287.85 3852.03 4053.28 7514.55 4877.38 7103.91 9567.37 9596.82 8827.49 50.4294 6420.51 5572.15 6501.26 
5568.78 9868.62 7443.91 2997.55 3636.46 7483.39 8839.56 9006.71 1355.35 8714.47 9138.12 1831.17 9017.54 1990.04 6898.49 
8808.08 6307.42 4198.87 9095.94 159.437 8252.15 6610.47 5036.82 5356.05 6177.83 4633.62 4183.52 6228.26 1054.11 9755.67 
2729.5 6622.89 9624.27 173.394 9620.44 3260.72 7656.79 8459.98 2267.41 9012.14 7174.44 1405.51 843.292 6191.96 3395.55 
7741.79 5000.03 9702.97 1940.64 4095.95 9862.41 192.779 706.407 4899.21 5548.83 6884.23 9532.83 9732.34 3112.47 586.926 
9487.99 5841.97 7209.82 9112.25 6015.37 6830.24 2372.95 3672.14 5290.21 4640.36 2684.26 2464.63 6045.86 3527.55 8656.59 
9441.42 1269.32 3656.61 9144.38 3209.96 7752.56 9006.77 3402.74 8458.97 3905.96 8951.57 5343.18 3438.78 8683.89 8455.65 
4025.71 8171.87 4297.61 1235.51 7284.1 312.961 8065.75 9657.04 3985.1 3355.94 4297.38 6669.35 5820.57 343.233 196.888 
4477.14 9784.65 1466.21 8133.75 8929.01 4676.17 5886.29 7935.76 8078.92 4345.24 1841.71 7030.47 9688.42 5280.49 5714.35 
8144.06 9306.19 3886.2 2441.65 541.683 1170.28 2754.61 8607.43 827.308 6739.71 1963.35 5124.69 3409.05 7783.92 5467.92 
3605.94 2261.04 5252.56 5072.14 394.776 4181.55 9748.32 6281.07 2117.3 7827.21 626.286 3959.01 4857.66 314.689 9239.5 
571.993 8458.75 8545.67 4458.19 900.381 9087.36 5628.47 3654.99 7694.77 6455.78 394.686 9658.13 1580.45 3803.73 7442.03 
7048.38 7409.67 9703.07 2300.92 2481.8 97.8332 6482.48 2230.1 6378.9 8599.77 57.2936 7005.18 2558.76 4914.96 7319.87 
1798.24 5486.95 5778.6 343.899 9945.14 6678.98 9431.26 5573.6 333.961 7126.01 2029.36 728.647 6784.12 3609.81 4532.38 
4226.13 658.176 1942.04 3929.19 2959.1 4423.83 4027.02 9441.57 6653.93 405.903 8041.33 6711.22 7411.09 600.077 1626.17 
4730.94 2398.32 7113.12 509.531 2742.22 7058.24 7188.52 2173.46 2631.82 7522.48 9299.47 4661.18 8251.12 6083.57 8271 
2783.49 309.682 8929.17 4725.53 4238.87 1888.25 9149.36 8265.89 1329.81 5803.27 8671.8 9371.14 2514.48 6082.87 9971.22 
4140.65 813.795 2369.52 1253.75 1323.33 5111.74 8311.99 8511.84 7285.19 943.794 6034.3 6584.64 5604.98 4285.41 2668.19 
3875.96 7068.9 2977.87 2805.11 1794.41 7216.75 4693.37 943.749 5482.62 6023.18 6747.02 4154.4 5394.3 9261.5 237.252 
5365.5 3402.13 1051.05 7735.02 4655.88 2374.37 2846.74 2967.85 886.199 131.918 3911.64 6920.5 6716.56 9516.62 1205.89 
9384.75 3392.56 8274.79 2362.61 6197.67 69.1815 9579.36 891.019 1012.93 5061.96 6914.2 7759.95 9216.36 2308.48 7021.44 
9453.61 7673.98 423.554 504.643 5408.99 5079.43 2879.02 8255.73 8047.28 3765.22 8387.65 1958.91 685.7 5104.19 1475.51 
1891.59 4488.93 4868.07 166.367 6851.54 1065.72 235.549 6430.88 1956.74 1248.48 1492.82 8870.93 9008.43 709.164 1179.4 
6029.85 162.761 8853.38 6453.41 667.404 4262.35 1532.82 3546.42 2518.06 9580.1 7311.64 905.694 1538.99 7997.34 6009.88 
3014.5 9888.93 498.794 7882.56 55.2795 7350.33 8948.28 290.828 3781.19 905.004 1539.31 5274.01 9775.94 547.724 5983.17 
955.319 6577.58 6145.94 9808.7 3030.97 6813.34 4071.03 4563.79 359.744 6589.1 4143.88 7671.38 7494.79 5682.87 5668.7 
3504.66 8697.37 5557.61 4003.45 6579.91 5612.89 1353.77 5528.18 5903.72 5134.96 6433.18 7443.03 408.95 6209.1 7990.75 
6392.12 7164.42 4568.31 2538.04 6973.1 7599.28 9351.38 1044.12 2163.06 9711.12 7633.22 6306.94 7382.49 5127.99 1989.79 
3051.17 8632.65 687.135 8608.79 2636.09 7267.05 4221.66 3989.85 2795.21 125.367 9124.81 9228.39 7568.4 9533.76 5437.47 
5559.13 5925.87 2601.88 127.429 8463.91 9574.99 7726.71 7815.27 619.09 9889.77 7526.38 8252.31 6196.69 4908.85 3380.28 
8186.48 7960.03 2012.92 8873.62 6568.8 4649 6140.64 790.444 8638.86 8935.85 915.811 7763.65 8164.22 8484.21 7297.39 
3601.68 4043.32 3223.24 6203.56 4170.75 1687.13 5778.53 1897.45 9502.4 6397.62 1787.2 7028.76 4649.91 7983.9 1937.6 
8030.19 6170.36 9897.63 43.0936 5043.96 6466.41 4692.1 1184.59 7256.85 3330.93 120.422 8172.66 1094.56 8284.64 6656.85 
8391.95 1886.31 700.157 1615.17 8089.87 4870.91 3302.3 3868.38 6768.36 2804.68 265.982 8555.56 9833.45 4915.89 6539.44 
1771.03 2946.07 2709.79 1668.64 2989.16 7753.75 8135.04 7681.26 8938.33 5391.88 1012.18 9058.76 3564.52 2106.74 7343.38 
221.358 498.676 9229.69 921.515 2113.85 7319.54 5792.42 5416.15 1187.91 2560.76 8220.83 1453.89 1116.31 8054.26 6369.78 
7655.75 9825.29 9315.85 365.516 1493.91 2305 8119.26 9628.96 9986.25 7057.58 5020.82 998.414 6116.32 8585.34 3105.15 
3459.68 8806.7 3603.83 2689.36 9728.21 5717.68 8.88211 5520.62 1133.81 1196.79 8081.38 9354.65 2650.67 9197.69 7408.89 
9020.46 6853.42 7234.17 8336.29 7218.93 8728.08 641.265 5338.18 8357.02 627.503 2395.74 3377.82 1625.92 8512.06 1963.15 
4731.07 1971.72 769.83 8334.9 4661.08 498.028 4052.57 4669.96 6018.65 5186.38 5866.75 4100.01 4541.01 8517.42 3297.69 
1949.89 7537.86 151.085 9184.06 5874.13 7370.02 7912.12 6515.4 2708.18 6269.12 7142.9 5103.92 9646.94 8768.82 3615.96 
1610.07 3499.87 5587.68 2379.91 1834.76 248.742 2877.93 5887.32 4918.7 8896.58 1073.68 785.436 2996.58 5614.69 9302.86 
6294.26 7564.58 6840.7 6445.35 6748.62 2714.82 3815.35 4660.72 9230.21 6523.53 929.827 6373.1 1627.43 576.755 5141.9 
5243.39 2186.83 8641.77 831.05 4566.73 476.504 1079.79 7444.67 6363.82 5998.5 6341.23 7437.51 6783.93 9337.81 3052.18 
6086.78 5632.06 616.748 2927.46 2077.39 7365.37 5642.28 5892.74 2026.07 4872.48 2416.26 2955.9 1245.56 4043.69 3532.65 
6387.45 9287.07 5719.48 5029.2 118.106 286.203 5505.71 1197.9 7730.87 1869.51 7196.39 4072.09 9307.02 3980.31 3409.88 
2359.19 67.0687 9041.94 2975.94 2994.53 1119.32 341.286 8636.81 7012.06 2367.36 3509.28 9428.32 5323.26 4754.83 3471.99 
8855.91 1142.27 2759.04 4575.38 6171.47 2877.15 4861.58 1677.16 4075.05 2592.44 3546.68 1271.42 6664.52 2853.68 5251.73 
74.3864 5212.87 5318.8 9116.33 8188.8 8313.33 235.627 8530.09 6950.13 7247.69 897.429 459.389 6675.99 6220.69 5214.22 
147.957 5076.58 6356.49 2907 9651.96 2527.95 5784.15 4513.53 4205.11 9859.19 7105.96 7751.79 1130.6 3770.47 605.451 
6382.33 3844.85 5818.32 1701.12 2961.16 4007.1 14.4366 3196.79 2537.17 6964.57 444.461 3434.6 7423.96 7120.45 9655.29 
2638.16 7268.41 4731.85 8994.66 175.388 4383.8 1522.59 5959.54 8897.32 5727.7 5818.71 6003.27 3479.47 6949.31 9773.74 
4084.92 3331.63 3618.57 9903.24 5032.75 6579.73 3910.33 5047.19 9776.52 6447.5 2011.74 220.969 9882.11 9435.69 7341.42 
9537.38 2073.84 4609.81 4269.22 1068.48 4785.19 8653.02 2591.07 744.713 7550.32 8318.77 6563.43 3553.58 1798.23 3512.72 
3327.29 5883.15 6844.36 6945.87 5786.38 1877.09 3525.58 9696.7 6924.28 3302.09 6144.19 8936.02 3523.06 6026.28 8371.69 
864.459 5563.64 445.516 5474.27 9832.86 1513.99 259.442 8485.86 4105.06 1004.16 6036.17 2423.82 7567.58 9589.74 4222.04 
1080.29 2917.02 105.177 7924.64 9862.89 5891.55 9801.73 3388.45 5588.24 6726 6690.54 1732.41 5662 213.582 7758.69 
4033.67 1078.04 3322.32 4479.19 6552.31 3155.17 5993.18 6811.75 1641.01 98.2283 7815.9 7677.18 2522.04 5383.47 7266.91 
6744.09 6463.76 183.911 6849.26 4388.38 46.78 2740.8 4190.1 3435.23 8329.04 916.08 125.755 61.4384 6578.08 339.336 
7820.13 611.73 1417.38 1142.44 5090.92 7969.68 4297.6 1084.08 4781.41 5938.61 1182.31 2597.3 3615.78 3704.36 7980.77 
882.664 448.426 4444.51 1066.58 7297.69 8832.89 1113.36 38.4723 3022.98 4548.59 8367.51 3939.06 4674.34 8428.95 517.113 
5013.68 6249.07 1128.84 6431.05 7391.51 6219.76 4400.72 1689.09 7303.85 9182.13 7627.71 8486.16 1779.41 1243.46 2190.5 
9760.18 2126.13 2638.93 4204.67 3192.7 9936.62 3037.54 4306.06 9975.09 6060.52 8854.64 8342.58 9999.58 3528.97 6771.52 
516.671 8542.65 3020.57 1645.52 4973.68 412.057 7865.28 9374.4 2101.15 5169.11 8556.52 9728.85 3655.25 335.914 972.3 
5845.75 96.0777 3098.43 8484.67 4300.75 6291.13 8421.27 7338.29 597.173 8396.34 3398.8 9451.82 6738.91 3398.35 2980.77 
3510.41 3915.02 1523.4 6530.98 5560.54 6497.08 6943.03 3425.8 5871.47 9044.18 8594.91 4427.96 8773.02 2250.14 4763.88 
9745.32 8095.89 4859.96 2843.73 6580.54 9160.71 9134.86 5001.8 6498.98 9732.03 3398.12 9897.78 9183.83 137.01 3296.11 
2164.58 3647.42 7211.14 3687.98 178.377 2771.66 185.045 7121.41 6197.46 6056.51 6165.57 4792.35 484.459 4938.57 7042.49 
5248.34 4683.87 5138.36 108.277 7527.6 1718.89 9268.98 6662.44 6720.68 5767.95 6394.46 118.788 5665.71 5578.27 255.798 
8961.82 7742.85 3903.22 6172.94 1430.82 4081.59 8944.6 1615.86 1202.99 5142.05 7672.38 7368.56 9934.4 8156.83 2307.11 
6976.87 3405.15 6990.99 2115.22 3513.43 4518.57 3834.1 2782.4 1180.99 554.77 8550.34 7575.45 673.558 4216.03 3153.7 
929.356 3177.83 896.542 4832.57 9350.77 2327.36 8914.17 8295.35 3943.23 117.134 3437.38 1615.58 7485.69 3371.76 9772.42 
9792.81 348.616 3177.56 6783.77 2463.83 6690.99 1302.33 6297.93 9473.38 2483.32 6852.7 8023.7 58.7534 7526.26 2239.72 
3212.46 8455.62 5417.55 4109 3288.17 4768.3 6436.36 2202.32 3063.64 379.571 2319.46 6501.02 1995.16 9805.15 9872.78 
1767.56 9597.94 221.377 4945.11 6381.7 2685.21 1636.08 7684.02 8983.14 1109.45 167.327 5835.83 9133.15 226.08 3362.08 
1372.85 3438.54 1817.68 6790.4 7547.54 5105.85 1558.68 3983.88 7308.17 4622.32 4363.45 9627.63 1123.32 6358.61 9432.76 
996.077 8126.17 9030.69 1217.45 3071.26 5412.36 3902.66 4707.35 3096.37 2885.79 5816.79 3263.7 8721.62 4949.93 3489.78 
2083.68 6322.78 6928.32 3901.35 3113.16 4475.84 9007.2 4671.84 8459.72 6315.36 9294.15 2823.16 5942.97 417.453 9181.77 
5375.72 1413.53 7307.92 4406.39 2630.98 379.166 9818.75 6533.65 5086.51 2915.11 9419.44 903.288 6178.81 8141.04 5853.22 
9668.58 224.698 2175.98 6596.88 4126.05 5289.14 1072.7 3133.24 9960.97 9532.42 9448.6 9255.11 2355.56 5391.56 9672.56 
1537.31 767.261 1086.08 8845.23 5173.65 3717.06 9224.4 4992.39 250.692 4310.9 7907.5 9670.13 5214.18 4086.29 7811.15 
1067.38 3754.85 8035.85 3243.36 351.721 2161.88 8532.49 1424.43 5295.12 8493.45 956.832 4743.7 7748.55 3312.4 135.242 
7421.09 4849.71 902.503 8507.17 3694.93 6076.15 2224.21 2919.31 1068.52 2474.91 7230.2 8976.02 2145.02 2444.37 3062.29 
9956.17 3511.75 6817.14 7992 6755.11 7168.87 153.861 5287.59 8593.29 5448.98 3781.02 9550.12 192.666 1529.55 2862.5 
327.908 8950.64 7712.21 1230.41 7457.79 1407.12 7306.56 9682.01 4326.43 8375.09 2156.89 1556.61 7351.09 4301.91 4000.98 
413.362 4258.06 7512.73 7230.51 2250.04 4267.82 4399.35 2403.9 9555.41 2992.63 7852.88 3336.41 2542.73 8045.54 4865.96 
5405.23 8373.45 3816.58 3117.43 9603.86 1274.36 4524.54 6910.41 956.345 8850.97 5285.48 3113.24 407.562 2636.55 7415.15 
4408.54 3049.91 1673.19 1921.25 280.402 3923.23 6189.07 4679.76 6327.13 5744.46 7672.38 4179.99 9080.87 215.1 2225.51 
3946.81 5620.33 598.95 7763.39 8737.76 202.795 9037.75 3262.28 7113.2 9994.09 2113.24 2398.67 3107.31 2520.8 5035.22 
522.447 6929.34 8085.13 2195.64 8850.59 8365.53 6118.87 5039.65 3045.27 2445.97 784.093 717.64 6625.96 9864.96 932.739 
8851.48 3811.76 6553.07 9450.42 1575.13 5290.81 9653.22 612.859 8553.1 6766.41 606.934 666.317 9165.07 3714.25 3187.11 
4200.27 4236.7 116.437 2285.39 6432.33 8967.03 650.903 2551.18 4006.66 3696.18 4997.16 4790.75 4413.82 1623.1 4655.7 
5346.55 474.56 8467.46 1899.61 9924.98 42.5693 7190.42 9578.19 655.429 5743.5 6344.58 1262.36 6409.82 5509.64 4976.61 
9596.93 9709.91 9213.31 9713.37 1995.28 5645.62 8680.38 2646.18 8196.81 2687.03 6342.36 3193.95 7477.78 756.158 4817.05 
2133.46 6102.71 5291.61 600.902 8002.32 5216.58 643.471 5192.73 4794.75 1298.9 936.214 1139.31 2561.26 7346.03 6648.95 
7537.87 6942.95 6358.84 6751.17 6656.31 8354.12 2396.77 5336.67 1000.29 593.564 8023.7 7342.65 3787.51 5501.46 8098.8 
8604.56 7634.92 4201.5 3896.15 8235.83 2203.8 9112.73 8879.3 7396.53 3907.46 178.18 8332.75 5046.77 2739.44 5678.76 
1695.7 277.3 2621.7 8054.54 7028.46 9278.01 6408.65 9425.24 4614.66 7408.93 18.7844 2638.35 4751.56 3806.3 8139.81 
2850.35 2410.84 5774.72 7051.85 6307 4010.52 9255.65 5419.71 2889.8 6652.17 9327.18 3067.98 4984.9 4373.93 5807.43 
663.646 6069.64 6084.73 3285.35 4124.16 3113.17 2563.34 532.794 2538.4 7178 7941.73 2557.18 9816.34 2693.27 6363.48 
7956.14 5543.62 8774.32 3730.83 2595.45 5081.3 7741.36 1851.09 500.99 631.148 8503.26 9828.17 3699.13 3488.14 4202.08 
9506.56 4151.79 271.702 5591.27 7437.13 4395.87 8704.44 0.45125 4928.66 1242.82 7178.45 2870.37 3800 6994.78 5563.65 
163.461 4950.9 1107.25 8937.78 8681.73 3702.7 4019.06 6423.07 5553.8 4520.05 7054.22 4057.04 4348.2 753.336 7545.18 
8550.28 259.879 1696.95 8821.98 5851.15 9134.08 3217.83 4555.57 9134.53 8146.49 5798.4 6312.97 1016.85 9598.4 3307.73 
6580.49 9761.86 8258.62 7687.74 8699.62 6940.33 1390.43 2718.66 3363.39 6944.23 7238.71 417.595 1001.25 1586.89 1170.93 
8546.42 137.148 1430.81 243.357 8959.13 7281.96 9377.44 2176.94 1837.52 8511.95 323.414 7635.91 4824.9 1340.26 7234.29 
8132.63 7920.75 6996.14 6391.23 5608.48 5695.74 3331.55 6998.91 8414.41 6694.94 3943.11 5653.1 7112.54 4944.36 7239.99 
8283.47 3490.77 7377.13 9714.28 3734.12 6336.24 6996.22 3111.55 8513.18 8833.73 1623.48 8836.6 6469.63 6448.39 176.842 
3703.91 4581 8097.59 700.029 972.214 3706.05 6395.77 4303.76 704.94 4810.16 998.69 4648.05 463.242 8111.23 9592.41 
7703.23 6394.68 3083.16 5080.35 6108.94 6817.29 1416.57 3105.14 9928.83 9929.76 1938.86 1552.3 8766.34 8408.49 8000.69 
8943.18 2112.38 2581.67 7040.76 2812.41 3553.88 746.793 9208.18 7857.65 1451.73 4018.33 8856.33 6099.79 4481.57 6967.54 
5692.18 2184.78 3362.21 8775.35 7265.12 9471.14 5592.62 8681.7 2576.27 5521.44 8611.44 4515.13 7073.74 7377.76 2923.6 
5074.41 6320.93 5035.98 7656.07 3361.67 7848.39 1209.94 4108.46 7056.55 9067.58 5560.19 1074.86 7923.9 1659.96 5556.43 
4891.42 7352.15 7741.21 8253.63 6127.48 5006.32 7724.76 1720.08 3688 301.008 7241.52 2299.42 4816.13 4315.24 9677.18 
7739.73 9389.65 5998.09 2775.7 7045.7 9359.76 624.066 8255.64 3468.2 7680.62 7323.2 9028.39 8755.48 5247.08 688.341 
4311.89 138.489 8040.49 2053.08 8392.12 4167.95 7059.4 6116.86 5888.04 747.379 6417.87 3129.54 3046.8 1233.99 7444.78 
2723.96 8973.72 6834.41 8722.05 1749.4 3880.09 8081.79 2373.46 2135.71 1549.97 54.0647 9458.91 578.347 8809.54 4705.98 
1266.69 3121.42 4844.47 9307.18 5174.5 3236.57 3475.11 2233.88 9353.43 9363.15 2981.26 5771.28 2492.67 6028.06 7005.26 
9937.45 8752.02 5978.96 6771.84 7474.05 7728.36 651.915 5555.82 101.809 2787.63 7105.79 155.874 2246.52 7684.14 8965.42 
6952.5 8950.83 2086.82 1796.95 8257.98 7261.32 5033.52 1733.08 9495.2 4386.93 1096.21 2476.44 158.186 3588.88 8504.5 
7163.45 3526.31 7256.5 3142.4 298.133 4730.53 870.741 950.048 286.339 972.551 3737.68 7392.13 1128.42 5984.2 5076.25 
93.8252 2936.68 4027.06 2180.64 4733.63 2285.03 9441.96 9767.14 4018.11 8937.14 4154.05 5114.32 1413.57 4312.24 8703.2 
9918.07 1475.67 2229.49 7174.55 4618.07 2527.63 1905.07 5488.81 3477.67 2191.41 6461.36 7215.35 9583.54 7589.78 3199.53 
4659.77 7683.61 6136.21 8686.83 9864.25 869.823 971.846 9306.2 636.951 4989.96 8243.32 4791 104.258 9656.89 9103.24 
8807.46 9574.94 578.897 1036.93 6749.48 5196.96 3564.56 8654.55 685.754 7042.23 845.938 7147.11 4257.56 429.459 4736.88 
7457.09 5089.23 2420.47 3593.29 3776.05 2284.7 4463.11 4747.9 1590.88 5100.06 9737.85 9834.2 9891.07 9842.11 9491.08 
8994.29 8649.55 9066 9573.19 9686.48 5815.46 4770.14 3251.02 4469.99 5455.89 293.239 5315.93 2602.99 4550.8 5745.39 
7339.86 2007.88 834.602 9760.33 5601.17 4610.65 2045.02 64.2642 9358.55 3635.9 5164.33 9096.38 3470.09 5055.38 8938.48 
2961.15 4049.65 7588.01 2027.13 3622.83 7274.47 7842.59 8392.97 525.481 2312.56 3848.84 818.72 7628.49 6451.83 5369.52 
3373.86 3791.67 7377.4 4208.46 3551.99 2978.56 8819.11 5597.01 3042.82 8177.65 9232.91 8207.15 7274.01 2702.98 3262.51 
6212.47 5664.12 7312.16 3800.47 7691.25 934.975 1074.92 5533.82 9327.94 1600.4 7846.39 3176.76 2419.12 5474.86 9628.59 
7788.65 8848.72 3420.25 5166.04 3057.16 6972.23 8144.59 1876.26 2569.22 1187.4 53.8909 1802.11 9394.55 7327.91 4505.09 
2657.04 3540.36 169.192 9969.2 7340.83 7860.44 904.16 8415.75 3394.25 232.084 16.1398 1240.62 3408.85 2435.26 6715.48 
3037.42 223.896 5564.18 6457.67 5389.93 8621.34 3429.88 3534.51 497.584 5999.11 4721.91 551.475 7801.22 4116.44 7879.38 
2306.29 6773.47 1419.73 2475.48 6742.66 8760.55 335.909 7646.82 7176.29 3730.16 7878.9 7192.43 4970.78 1287.73 9627.69 
1686.23 4325.15 9851.59 7250.41 782.806 5241.5 5871.73 4212.69 8776.01 6369.32 211.782 3497.9 6920.79 8013 7614.34 
4800.16 319.276 4387.79 6219.88 2794.76 1130.43 4980.42 3130.67 8777.25 2156.69 6860.83 6656.13 9349.12 1831.59 7943.87 
8976.79 3517.82 2269 8828.37 768.214 3051.81 4069.85 6639.95 7264.5 2845.85 3009.25 7476.28 6343.75 9930.04 5489.27 
3958.07 4730.18 5808.54 8345.86 950.046 8603.3 9476.29 5930.46 1733.96 8253.52 8087.15 8594.78 4909.64 7436.26 426.353 
2853.49 6413.03 3944.17 5122.49 5241.38 4712.39 8174.3 9311.24 1352.32 5438.78 2157.07 4361.57 2915.05 8500.82 4291.59 
8404.32 2458.87 9021.77 4212.85 804.714 9971.82 2816.13 280.99 5902.27 4550.09 8534.51 3989.4 3144.86 3444.14 1425.64 
3571.21 6297.62 7838.67 7515.38 1420.1 3080.04 2227.75 9594.4 2391.26 3580.07 5033.17 4548.33 7941.64 7948.22 3049.13 
2233.21 6352.52 5508 1254.97 565.346 6312.71 1226.77 3381.48 6593.7 7129.03 7931.57 5128.2 1118.42 1076.41 8572.34 
2544.06 4647.61 4869.95 382.718 2162.98 6290.05 3462.76 4390.73 5884.43 5854.02 7970.8 917.579 402.329 5912.42 8865.8 
3451.46 8145.63 5218.3 8959.46 9400.59 5783.65 5272.16 627.345 9165.12 1865.85 7756.38 7096.67 6994.05 8874.8 8173.08 
5566.37 1418.84 2820.68 436.297 1801.56 4983.66 6726.34 5264.32 9374.39 2610.75 1118.32 7345.17 3528.33 1520.65 3257.57 
2394.11 4972.11 1403.18 7612.41 3931.55 803.758 3396.04 9203.71 1431.1 2561.15 1069.54 9187.48 9657.82 8063.58 8062.27 
7830.88 3629.94 9481.11 651.542 4066.23 1282.65 5635.2 792.557 6546.97 5009.57 3403.31 7665.29 2354.72 6931.64 9185.94 
5612.29 9325.76 4158.03 7015.47 6938.15 8089.58 7819.23 334.173 7293.27 9250.33 2895.32 8362.81 8437.8 2553.12 6426.38 
6500.05 383.987 56.2987 5981.14 1035.53 4122.53 7263.79 6670.73 4915.09 3810.74 1680.28 8318.4 1476.01 4035 5250.03 
661.936 9647.29 4575.76 4819.96 6662.74 1513.9 2909.53 4481.95 1848.07 202.785 3732.27 4743.39 8565.6 2170.05 7296.51 
4991.96 8670.1 7680.5 5048.26 4651.22 8716.03 9170.79 1914.99 5386.74 4085.86 5725.73 7067.02 2404.24 7201.74 1102 
7654.27 7863.68 749.269 2230.02 2683.63 7412.01 3743.91 5593.16 1893.95 5591.98 5795.94 5626.22 335.357 4361.52 7796.27 
7631.87 9353.48 6466.35 5312.35 4401.73 1117.55 4028.36 3572.5 3032.54 9415.1 7658.36 8758.27 6482.1 62.5859 5959.99 
7584.1 7716.85 3823.66 8333.37 9946.87 6507.29 5745.36 3690.77 2100.43 7639.31 9282.75 7896.37 3265.51 9618.11 2257.88 
1061.76 7249.96 1611.34 7528.11 2562.29 6013.07 8645.66 6590.66 9585.57 1678.17 6005.74 7243.91 436.423 2487.83 7306.5 
6396.42 71.9137 5023.33 220.058 8405.29 4970.19 6727.34 4150.63 8660.95 8827.77 1789.93 7943.68 6724.12 5055.44 7561.77 
8982 6117.2 4811.71 593.325 3645.29 7374 6606.39 2290.93 3964.64 6191.94 3969.11 9970.38 3435.83 4405.53 2458.2 
742.313 801.929 2530.11 5765.65 1021.99 935.377 735.813 7749.33 5086.01 9396.76 6577.08 6875.94 7340.43 3301.19 1931.36 
4902.18 2283.17 8048.56 9713.89 2876.5 1693.83 7087.88 9482.89 3984.76 1052.51 5674.82 7953.87 1022.87 9110.65 2359.38 
3481.07 9852.96 3161.31 6011.18 5618.59 4183.3 6946.56 6354.4 1932.61 2032.55 5751.15 8509.7 8908.49 3091.56 1810.87 
839.827 7993.74 4094.04 8888.38 7707.62 6970.54 582.2 4795.49 6453.41 4566.96 5847.99 2128.21 2520.82 6870.87 1238.84 
4880.2 351.922 1091.79 8041.51 6363.1 6710.38 2224.79 3309.64 3064.77 4157.4 5342.19 8815.91 2667.08 4250.66 1907.46 
4477.95 5090.49 9901.2 8571.99 3978.86 7608.81 5542.52 4561.06 2404.28 1995.91 9128.02 8252.27 4124.12 1648.82 5123.12 
5362.97 6529.02 5475.05 6454.76 4570.51 1838.13 3165.12 6795.3 5147.77 6229.88 952.689 489.948 5045.78 3619.77 4740.61 
6953.24 8097.72 9831.1 6854.43 6669.7 3809.94 4463.22 2212.2 8370.99 6867.5 4208.11 7499 5119.75 8332.24 9147.82 
242.859 3695.19 5676.82 5717.9 149.924 247.314 7556.04 3315.04 7042.62 2703.79 9544.92 7995.31 3193.74 4590.69 1615.06 
7934.35 1543.91 9712.78 7765.43 8398.34 6382.47 1575.35 2861.54 8594.67 9946.34 9729.04 2802.76 7445.32 4848.77 1134.98 
6593.13 5091.63 4830.17 2269.93 809.518 4980.09 2517.24 8365.55 8295.13 9559.86 1069.33 7840.04 7555.15 4263.07 2430.71 
9170.21 2197.4 3974.62 8882.97 9962.83 2372.95 5265.42 1538.17 5234.48 3860.07 1484.49 4963.5 6662.83 8929.82 9812.27 
7797.82 5522.93 4903.89 2627.97 7792.85 5713.4 7608.06 310.079 4078.94 5903.18 9869.94 5148.27 3743.2 7425.07 9411.34 
6173.92 6595.26 1608.72 148.525 5478.21 1571.54 2521.47 743.613 3109.7 7755.95 4603.68 4594.2 2719.44 1266.5 3524 
2531.69 9064.31 9046.93 7435.58 1692.26 6839.76 3148.97 9300.32 7149.84 7227.91 5203.48 7019.76 2376.16 8946.69 4444.81 
1787.48 5120.59 1040.05 3396.2 5269.11 6518.26 4967.74 7790.58 7261.88 8077.44 5546.52 1865.54 2671.62 8265.96 3132.04 
6195.62 797.635 2196.34 5242.53 8233.22 3888.6 2082.28 1382.17 3188.91 9232.12 8610.07 8392.39 6251.87 986.216 7339.06 
696.664 2773.7 2459.63 1736.72 6169.9 7728.74 8254.98 1137.62 5519.31 5516.84 9215.06 1065.81 7382.38 1886.66 9331.76 
514.402 8082.28 129.383 2710.74 3324.79 8362.6 6599.34 5407.06 9744.76 9788.24 4639.17 8354.82 8180.62 891.015 9341.04 
5519.66 1587.68 2114.72 7979.29 3324.4 8284.61 5708.02 1579.36 9422.23 1227.3 7096.2 8637.26 2293.11 4478.56 523.906 
1624.86 4992.96 8606.18 1754.24 7703.7 1930.96 116.826 4303.02 7338.02 9861.59 4091.25 1977.17 8216.4 2271.85 2868.18 
7557.42 7791.51 4455.86 9672.13 5770.79 7780.26 7956.73 1478.78 9359.62 7378.94 2706.09 6455.8 6016.18 4999.2 934.344 
6540.09 6624.06 5927.31 5146.26 8378.31 3630.99 7077.21 8495.13 7934.01 4415.21 8356.71 2025.24 6392.38 6573.08 4297.1 
9260.57 4130.48 2088.59 3716.41 3802.6 7859.37 1496.66 1759.31 9338.16 856.259 9138.24 2044.23 7312.06 5154.41 7043.43 
8246.4 1694.48 3667.48 4173.69 6840.74 2045.76 7804.68 3917.93 540.878 5738.68 8333.15 8897.58 7763.93 4725.52 5470.65 
2061 3986.07 9601.14 4149.59 7702.48 3403.72 2008.95 9199.14 5163.02 1347.09 55.3815 4301.25 3391.32 7367.44 9455.66 
434.735 5613.83 1150.13 4102.21 9787.52 7990.87 6147.97 7592.19 1908.78 6688.85 3330.85 241.916 5586.42 1094.76 4967.43 
1057.05 3155.76 8953.5 658.173 7305.36 6655.96 4061.89 9314.31 5855.09 9224.91 661.382 5910.47 3526.15 4052.7 3277.89 
2981.79 4487.44 8891.72 4131.92 8589.65 8679.23 2122.77 4737.61 6271.4 4031.55 1426.44 9602.25 4273.47 7012.86 696.995 
9240.9 8069.92 3852.76 8194.38 8728.09 1158.1 4850.33 2789.96 472.39 705.401 2014.86 1133.77 6615.87 5541.01 5186.48 
9893.76 8522.8 9673.91 8785.47 2654.7 8263.54 7464.67 4777.47 3001.13 3736.06 8809.02 4427.58 3338.29 3082.47 1440.42 
4035.28 2323.35 9510.33 7888.04 517.721 8238.41 9046.14 5368.05 1028.35 9518.53 6073.45 3043.21 652.288 2689.31 8584.21 
5838.76 2583.05 7107 5512.66 1368.5 9761.7 3776.19 8833.18 4539.15 6777.32 2569.21 3348.15 1204.88 5907.5 6430.62 
2645.3 9942.79 8753.98 2155.62 7830.81 9271.7 394.007 6876.94 4639.73 1422.36 6395.46 713.171 4465.57 7047.74 3402.48 
3049.76 2886.49 5985.53 156.742 8399.15 7354.03 9918.44 2175.32 6187.19 4457.57 8952.64 8756.4 7805.72 157.507 4663.89 
4236.32 2802.81 4606.66 2990.28 4958.42 2437.46 2261.96 5352.43 9314.39 6901.7 6774.79 5709.83 7614.87 1240.34 2757.56 
1017.33 4290.1 5644.05 7002.86 4446.84 4043.18 4356.87 4365.26 6218.51 544.043 8822.83 5171.13 9300.45 6628.53 5328.64 
3964.32 864.839 8131.45 8570.98 3855.12 3089.85 1008.41 6117.08 8442.28 322.792 3018.76 5217.05 6032.62 633.614 6457.39 
8790.19 1650.94 747.474 4434.22 8653.8 5194.32 8477.4 3010.65 9559.58 4695.89 3554.7 8382.39 9867.03 2855.12 5010.91 
5195.65 6819.44 5875.75 3327.08 5390.4 9730.87 6416.93 6398.81 5847.94 4859.2 6721.61 8866.7 76.2331 2754.21 9500.31 
6533.62 1544.38 1151.24 7281.1 5978.6 9805.04 2475.4 4455.99 2815.67 2034.96 9151.88 6370.37 417.337 9018.89 9225.49 
5428.25 4214.52 6044.92 1303.98 7541.6 1435.3 1034.83 3958.51 7834.11 6882.77 8817.71 4555.7 5749.45 8893.94 7309.92 
5249.75 5427.55 8854.3 6400.99 2708.63 4832.88 6206.01 5184.03 9288.87 9021.68 7218.99 8440.73 5392.03 7636.32 7459.61 
4617.51 3064.55 1674.11 662.407 4368.53 9215.71 2097.71 5403.36 3174.21 9931.82 2286.11 1991.9 4487.51 8035.56 885.824 
1797.4 3285.29 6313.37 651.686 9686.28 9022 5484.57 5892.27 4206.01 4773.42 4913.93 1424.98 3214.14 305.946 9061.31 
673.729 4923.45 2125.84 2347.84 5585.86 6494.38 1563.54 7683.57 1897.72 4737.74 7615.37 4183.84 6729.64 2102.86 2219.38 
7615.47 3900.26 5504.67 3928.82 4551.95 5190.94 2950.81 36.4987 1083.19 7156.82 4809.92 5997.12 8581.81 8024.06 6303.06 
7643.1 8697.79 1226.5 9768.94 1045.61 6812.36 6263.3 2609.15 4495.91 8161.02 7346.89 2111.26 2344.84 4076.52 4214.12 
4564.22 1691.97 8114.38 68.8771 5620.79 2666.31 5259.81 8571.6 2702.81 6343 5728.41 7512.73 2340.1 4310.19 5536.77 
8643.17 1953.27 4234.54 9869.67 1722.19 5280.16 6682.01 7985.49 7889.3 1177.9 6146.5 5236.18 3289.16 8491.33 9312.7 
7503.28 3055.54 1004.65 5617.65 3124.41 6625.44 8283.96 8384.23 5197.02 986.747 4727.21 925.413 8499.48 7067.31 5235.61 
4036.23 5710.46 7188.88 8270.77 5580.11 8911.07 3550.91 2262.11 6896.55 1440.2 3440.01 3043.03 6676.38 6729.18 1534.34 
5989.06 4232.44 4589.88 6993.71 9850.09 7714.29 3619.13 8134.03 6098.5 8816.15 9120.77 825.693 9741.57 7620.23 7893.01 
4977.16 1656.45 3603.45 2166.02 9927.22 9183.56 1077.08 3478.12 1445.65 7973.63 4918.32 4885.67 1016.64 1594.68 1614.82 
2550.98 7583.74 5847.27 7140.86 4577.43 5697.34 4855.13 8196.56 3831.34 953.617 7012.7 2952.1 1779.31 6754.25 572.317 
9672.31 1731.39 2228.76 3275.75 3897.41 2155.97 2459.3 4974.49 5634.08 3904.95 2948.1 552.384 8790.61 3964.74 2147.06 
405.422 6515.72 9730.8 6252.69 3656.56 4308.22 1950.01 8511.69 2504.76 5781.35 9465.31 9517.46 8733.45 1244.6 6271.69 
9305.77 916.899 8003.08 1534.52 4192.65 1900.47 3690.48 6651.94 6874.96 9324.57 556.876 9823.06 9876.95 9347.49 3787.78 
2024 9752.91 303.478 1754.78 6005.58 3960.04 6063 7955.59 2471.71 8567.76 3736.92 1937 8085.2 2470.36 3181.61 
4356.88 1776.11 4098.51 2359.94 3310.63 8291.15 4260.41 7001.11 4943.08 1135.36 6325.66 5499.96 958.402 6202.6 4847.43 
4746.18 8226.6 4600.32 5049.66 9981.38 605.888 9009.69 6044.36 8561.48 1481.39 4612.1 2298.38 3418.39 2697.29 4768.74 
6600 7054.16 6544.85 698.489 9414.1 9855.48 8989.64 3674.5 6856.57 3932.7 4809.86 3182.22 9432.66 5768.26 9384.82 
4280.07 514.421 7611.4 8880.39 5564.08 7592.76 9486.28 4573.76 3637.11 8047.74 6055.15 8249.21 346.107 9473.54 946.484 
5114.85 6073.52 8000.65 1659.68 6772.01 7414.73 1515.14 5761.64 1089.21 8371.71 9694.34 5899.07 1553.91 9126.99 1667.31 
938.708 3407.04 2181.73 8550.11 2287.42 7745.81 6142.85 1773.68 2319.55 9779.96 9821.43 8374.69 8029.16 167.516 7848.22 
8975.64 5282.36 3921.72 6976.27 6942.04 693.72 4390.99 8457.18 6455.36 5480.2 6828.87 6149.68 1379.25 8382.77 5276.65 
3046.56 9321.48 8683.69 5228.29 7871.57 971.093 2974.08 4014.41 2744.78 5293.62 3794.35 2566.19 3668.3 1823.5 2733.7 
1516.5 799.123 8016.06 5438.22 7775.4 4958.09 6131.94 2166.37 3415.25 2587.28 7646.56 244.095 8736.97 9025.81 8626.87 
4013.6 2072.35 7948.33 2697.28 7300.63 5819.89 3668.37 274.694 9834.29 6413.15 5568.32 3628.63 8979.34 9236.62 5452.13 
1713.02 753.102 6251.25 9729.08 6191.33 4026.63 4687.15 2323.25 6192.99 8102.4 4910.54 3839.54 8346.49 3647.49 2865.33 
6973.34 7661.09 4937.68 4921.66 358.356 2238.3 741.529 4026.73 2512.99 575.806 439.862 8081.31 4204.44 9419.2 7317.92 
9656.56 1132.2 8071.02 5907.8 861.268 4262.33 9934.43 5548.42 6585.58 6127.4 3650.8 1496.1 9966.94 1997.28 5143.59 
2832.26 8970.62 2804.67 7769.94 3892.27 3163.02 8.22658 4633.8 7189.75 2521.22 5209.6 7629.61 602.517 9414.04 7048.79 
7920.43 9070.59 8180.99 5991.43 4978.37 9042.26 253.741 4912.77 4590.67 6839.32 1040.16 8241.47 8335.42 1007.09 238.733 
3478.99 3839.35 9209.36 6283.66 1609.27 3101.61 9446.68 1617.5 7735.4 6636.42 4138.72 2944.99 4266.01 4741.24 2359.01 
1314.79 2661.65 1429.58 9495.78 8653.09 6407.95 8538.03 8906.83 1320.71 3128.67 5746.13 2360.87 1370.13 4081.54 3367.95 
1608.86 7560.53 7207.3 818.2 3844.17 8816.58 3919.81 3290.84 434.059 1655.2 9927.25 4572.78 4600.19 4193.24 9314.02 
6959.2 5508.03 1975.66 8388.78 5003.8 628.726 4796.71 3541.8 9535.55 6117.42 6670.48 5281.67 8478.28 8040.61 9363.2 
1846.22 9649.47 6923.71 9053.52 467.648 767.869 7870.08 4387.46 4058.7 8304.14 6042.65 3985.94 2876.91 642.82 8179.18 
2190.91 7602.02 3687.2 4166.56 5990.78 8690.99 4795.29 787.475 2232.78 4330.83 6904.89 8903.26 9612.5 5383.16 6943.85 
8975.68 7229.38 6593.3 5899.38 6282.89 7060.94 6667.25 4152.95 1448.38 725.936 2457.08 7491.04 4711.87 5333.98 8133.85 
2891.04 7524.89 5735.86 6578.24 1691.44 1726.62 5269.22 6486.73 2514.1 7502 817.541 9418.99 6405.24 430.02 4802.13 
3349.07 9405.7 2031.49 9942.37 5305.06 8314.38 7003.29 1972.3 2467.32 8451.68 2698.23 4924.39 5942.7 7410.11 258.36 
4076.53 301.131 7783.25 9812.39 6879.37 9474.69 1538.99 2148.57 5961.4 4053.09 9650.57 6778.94 3472.06 6055.79 7208.96 
8274.19 9404.86 6614.65 305.665 9347.21 1919.7 8620.05 6350.49 3891.99 1087.35 4802.15 6590.22 6011.74 744.827 4000.31 
6270.1 4821.36 4301.44 4053.33 4633.73 1180.8 3528.01 6172.73 3329.36 9489.41 225.797 2979.91 6268.34 3697.86 9035.7 
3477.28 1972.03 8440.54 91.9149 2277.69 7787.73 2011.61 897.722 4138.2 5903.6 1985.07 8940.35 2493.81 7996.81 9685.17 
6494.12 4266.89 4506.52 795.55 8320.23 9140.25 1976.35 1848.22 5312.96 5305.71 1337.61 5538.76 8285.62 7605.95 9236.62 
7321.31 1083.21 1208.63 5761.83 1175.13 3486.32 3549.55 3186.74 4384.04 7687.75 9090.34 6369.11 6628.08 1584.13 4365.9 
6313.24 8078.26 8632.79 819.744 8873.8 6953 9960 850.135 8801.22 5272.94 6155.85 138.814 811.684 4441.45 7744.76 
48.2818 1762.75 8827.97 1256.91 7524.58 3.08578 4743.23 1074.11 3189.82 9127.27 8761.86 2280.15 5496.36 5389.93 3864.28 
9862.26 1703.15 1942.52 8495.04 2522.9 816.309 5448.03 2482.88 1666.44 4249.23 7755.82 7822.29 4388.04 8567.5 2263.73 
2132.79 8615.79 4026.47 960.745 9872.69 1551.03 963.831 4615.9 2625.14 4153.66 3743.15 1386.99 6433.8 9239.51 6776.92 
298.069 9101.76 8480.07 2240.59 7596.78 1002.96 3056.9 3044.79 3485.83 4723.34 7294.02 1241.64 2545.61 1682.05 9809.14 
4809.34 3814.83 8424.91 8835.81 4775.58 8297.58 386.826 5739.41 2913.47 3011.97 9893.07 6656.62 4398.96 6326.85 5896.12 
1175.87 6624.92 4997.86 9655.94 8865.51 2594.62 658.879 1922.39 5639.41 4144.71 6645.74 2933.41 5386.35 9191.35 4615.46 
5195.47 4000.67 8430.29 3620.36 2836.47 3205.86 1917.93 3223.29 8945.27 4831.4 6235.26 8838.32 1488 634.207 5165.15 
7384.12 1810.07 1790.06 2381.96 1466 655.556 4976.58 2124.87 2577.95 615.975 6269.59 9223.69 3549.39 1655.92 8415.02 
8164.85 6851.39 2415.67 6595.13 471.736 5252.14 9800.98 2389.66 8475.43 8746.23 7221.06 4710.68 7584.53 8709.06 5344.88 
2749.67 6093.16 7154.96 4539.73 8475.12 8620.95 5195.28 3451.68 745.808 7773.23 4067.65 7015.39 6996.9 7617.04 8671.31 
5411.9 5781.87 5522.69 7827.58 2376.98 5994.42 3079.7 2177.95 8384.09 1555.11 924.164 5605.13 6265.79 8508.7 4314.17 
1610.65 1258.35 407.311 8765.61 5798.07 8882.43 7386.54 993.342 2334.09 8132.35 8766.58 6401.74 5147.73 5763.46 4018.77 
3819.03 1175.35 9800.64 9341.71 9002.92 2177.61 5336.12 2082.61 4355.56 3720.19 3637.72 5279.72 9325.32 9903.51 3788.4 
3639.47 1514.14 5046.75 4046.78 279.738 844.807 2929.19 7666.28 1838.15 5263.28 5798.62 604.706 1665.01 946.329 6368.17 
5683.78 4765.35 7543.51 5484.4 4107.05 6546.42 7662.02 9443.17 8629.03 2017.56 3163.34 2266.73 7297.28 2488.64 2170.22 
1085.67 6128.11 3684.36 6132.41 174.871 3964.1 6977.22 3104.06 1630.36 8815.37 8367.34 7428.98 9420.08 32.3294 8375.31 
5788.23 5716.11 3140.65 3331.72 1200.49 7247.7 9878.14 8862.51 6690.85 8507.15 880.05 9854.19 773.862 8177.33 2342.81 
2944.08 9263 8470.92 6628.44 5395.39 8645.79 592.52 2372.6 1749.84 2222.88 1187.95 117.159 9651.86 608.01 149.489 
8027.15 6396.24 5865.59 1167.78 9727.96 7066.09 8415.48 9606.08 5928.58 5106.32 8113.22 6808.63 4960.49 8887.08 4985.94 
7303.3 1831.14 4248.92 5774.21 8459.58 9644.32 4419.98 9052.1 2016.9 6169.82 1274.97 3204.85 6286.98 926.814 3812.86 
6436.47 8953.97 209.075 2302.05 121.736 9937.03 9368.13 8537.22 9543.1 5296.7 3643.52 7656.3 2105.31 8604.01 6543.36 
7091.25 5907.29 8374.51 1340.16 1681.49 6834.07 984.456 6101.47 5886.16 3001.35 2271.27 7161.12 6206.2 8558.25 8087.94 
19.0401 4994.71 7041.89 228.115 7296.75 7163.63 165.131 6664.87 5700.83 9708.23 1961.55 9344.34 7364.52 4066.86 7948.33 
3907.86 1158.09 3855.61 2282.35 2498.25 5537.1 9116.42 3482.71 1638.55 5002.56 6484.06 3909.82 2163.67 2690.24 2468.06 
251.594 2709.28 7462.76 7293.48 2937.4 4759.5 4457.09 3102.53 1424.35 157.903 2810.74 3385.9 9502.25 175.242 7452.76 
7450.56 4083.1 8610.85 1306.16 6365.46 1109.08 6843.25 5481.86 4591.79 8481.8 484.412 1075.83 2391.61 2648.08 3766.08 
4859.66 2899.68 6475.36 2322.41 193.145 9412.76 7081.91 4650.24 2515.27 8506.26 4808.14 5326.01 1892.14 4310.37 5501.26 
9344.89 1760.92 9584.36 7955.73 3067.08 5949.8 9064.81 9910.33 1431.65 3656.58 8392.11 1916.06 4732.41 783.703 4564.14 
8498.49 5643.37 7463.82 4973.83 7965.78 7656.97 4386.57 5047.67 2307.19 6901.84 3553.91 7115.33 2227.84 5446.04 1425.68 
7729.09 4790.92 3186.6 7313.43 2746.63 6253.68 3263.22 1811.42 6163.99 4694.86 5468 4556.09 6610.92 200.395 5339.79 
1175.05 8698.88 983.144 8638.87 3672.7 8948.92 6295.82 8059.27 3996.57 8603 4961.09 7550.48 5718.32 7188.92 2996.5 
7144 4918 7787.42 330.585 2231.41 534.035 6584.27 5494.63 2345.45 2748.24 189.476 7813.45 7304.33 6800.4 8013.85 
2644.11 7975.45 6712.71 3627.25 6614.3 385.392 2576.16 2910.1 8444.66 6572.73 1513.08 3405.73 4123.19 7231.4 594.637 
7119.69 4375.38 5512.63 4907.1 4705.97 7744.05 5441.13 1290.22 3238.66 7786.59 4038.46 3428.14 5600.02 1342.78 228.519 
3613.85 3986.89 8203.96 326.548 7614.14 4818.25 711.941 190.28 7728.34 9156.6 6763.01 9241.43 2562.31 886.18 6472.81 
3156.95 8005.87 848.175 8669.58 2912.96 5554.14 6413.62 8354.09 6844.36 9652.28 6140.66 882.802 3080.4 1740.67 2225.58 
3308.92 5354.52 6212.46 1512.87 5681.07 3826.58 6331.11 6393.01 4016.86 4059.44 5549.59 779.855 3300.85 8111.9 1666.03 
9773.66 1268.83 9671.91 621.816 9938.42 2584.85 6175.96 6352.02 938.921 3020.3 6004.28 7079.58 3903.1 9084.68 8820.25 
6128.68 2393.58 4174.76 2341.12 3906.45 9855.82 6167.71 237.546 6248.82 184.556 4296.98 1798.39 964.411 7597.83 9910.29 
2630.45 7371.47 1179.11 2302.34 7993.29 1117.51 4887.18 4169.23 7469.53 5826.1 7189.53 3473.79 2905.67 1092.62 2558.45 
1725.9 7221.3 4952.04 5900.66 9562.42 8858.49 5756.47 5730.11 9096.03 2005.27 5914.67 3393 3803.66 6879.08 990.814 
3713.94 9509.53 8362.29 4893.05 1811.85 6355.56 6010.56 6699.03 524.769 3480.07 2525.12 7714.3 6953.86 5430.79 8806.92 
9512.32 7156.69 6028.2 4464.33 3057.33 5590.6 3322.8 8813.8 1320.7 2418.82 819.047 7235.37 5811.82 4622.7 4114.44 
6802.63 8336.64 3623.95 5164.9 3229.67 5435.79 1520.44 9240.23 2134.81 2045.21 2720.28 4659.92 9759.51 9674.15 90.6917 
8566.41 9186.44 7247.38 4594.59 3650.76 304.696 185.175 6973.57 9118.49 1505.88 9392.39 9937.54 8741.25 5204.19 4560.23 
2855.66 2006.8 2896.85 6479.61 7171.7 6126.52 1915.39 8692.14 5366.73 4050.19 737.333 8087.02 8710.11 496.826 7761.14 
8800.81 9063.24 6947.57 6048.17 3657.81 598.318 6352.87 3842.98 7571.88 5471.34 5348.86 6964.25 5408.87 4090.09 2168.42 
9969.1 6945.75 4175.22 2865.93 3425.34 1346.91 8992.45 5340.73 39.0293 4359.17 9390.92 776.362 2446.17 8101.02 1273.19 
207.295 6901.81 336.407 7154.87 2949.96 3994.22 7753.18 9302.83 7837.2 5325.05 4774.15 3186.04 2289.29 183.004 7276.13 
4457.71 152.083 4221.86 8632.93 3018.01 7647.21 9979.83 2010.45 2987.92 18.847 6369.62 2378.82 795.209 8815.79 479.822 
2068.4 9023.08 7381.63 2404.8 6177.93 331.571 6399.02 3931.1 9634.4 4236.2 9256.15 4408.53 7422.24 1545.42 4591.54 
4698.36 6003.13 4743.62 8920.22 4636.04 7761.64 6567.41 4615.86 9772.08 9555.33 4634.7 6141.69 1934.13 5429.91 4957.45 
2413.96 7498.31 3980.52 9795.58 9903.12 158.43 127.139 6302.12 4089.53 9761.54 538.303 3345.66 4170.05 7960.55 4891.08 
8761.59 2658.89 894.188 3505.19 1579.09 5530.23 1266.81 8146.5 146.067 1038.88 7701.82 4780.77 7180.57 9635.95 210.667 
2138 2049.89 7708.98 6118.52 1845.46 7612.08 6276.95 1972.6 3914.18 366.46 1734.12 4452.48 3712.12 5904.17 2413.01 
8603.2 4665.74 5071.9 9497.39 8170.93 6650.99 5027.6 9437.75 4797.48 5173.66 476.608 2499.28 9954.43 7657.17 2135.21 
165.085 9795.18 4185.1 7874.06 5913.68 6030.55 5486.12 2190.61 8003.15 9400.3 2557.07 9737.27 3852.76 6269.19 5641.42 
6265.77 4872.38 307.14 1337.65 4369.75 8478.07 7988.64 9397.34 7915.8 2786.1 4570.99 8392.41 5285.38 4525.41 6049.57 
7420.59 4690.49 5844.73 1605.67 2564.54 1758.39 7636.22 8050.66 3949 5639.36 7450.94 6506.08 5376.6 1303.68 2775.25 
1018 7569.45 7647.63 1325.14 8907.1 2017.36 9803.22 6895.72 1414.68 7719 9681.83 5985.67 6111.4 4967.18 511.061 
2160.94 2387.75 5201.55 8005.67 3993.42 7766.09 9764.06 1629.62 5816.73 3713.05 7268.98 3267.65 219.105 2645.57 4571.33 
2994.36 3663.57 2140.76 641.968 4988.71 1047.84 2659.32 4791.91 7943.57 4074.01 2510.9 7625.38 59.6588 8622.29 2592.54 
570.719 783.223 4980.3 5772.27 8788.89 8973.71 3538.34 8552.94 603.321 9355.07 2265.97 7872.3 2622.71 2485.07 517.849 
7194.04 5479.43 4181.42 9334.8 6121.4 9170.13 382.624 8780.72 3962.03 8326.19 2854.71 6472.93 5951.55 2914.37 5095.21 
8544.09 3485.09 5878.43 3524.37 9257.36 4667.31 2498.07 2795.69 3220.23 3101.39 2150.74 5486.2 973.675 4773.45 7971.27 
1491.52 1967.47 3450.68 5672.94 1302.25 9572.08 4843.06 1684.87 8352.79 8805.09 11.0482 1207.48 5278 5962.6 4121.85 
373.193 4506.67 7606.94 6251.62 8031.05 6864.28 918.915 529.101 9659.97 4139.14 3630.49 1810.7 9625.34 4604.17 6584.15 
7596.59 6095.69 8551.62 1047.26 1768.62 9853.87 619.323 6611.68 1538.72 8972.11 5416.75 1549.77 179.573 694.732 7512.37 
4301.42 1067.93 2019.03 1908.35 7319.55 50.0593 8772.63 8238.46 579.161 8432.58 2377.59 4209.65 243.263 2002.92 8813.82 
6827.41 9599.51 4909.5 5379.01 646.751 6678.12 5232.86 1266.07 3289.78 6771.59 238.166 8706.52 8321.36 417.739 9401.26 
5833.71 4719.16 469.164 7852.74 6627.51 7788.71 7902.8 5400.12 6027.16 8481.96 3832.68 8404.75 2691.6 4075.95 407.653 
1505.41 903.341 7.14468 6414.91 6282.35 653.895 3093.01 1515.2 1919.97 6382.78 8286.79 2158.13 5089.29 6608.13 2575.87 
4490.53 2441.83 7295.04 4959.69 294.554 3922.53 2748.39 8197.36 9322.64 8775.55 6679.3 3155.31 7180.29 9370.9 7231.26 
7587.94 876.293 8134.6 7595.09 7291.2 4416.94 8248.98 384.189 5932.13 168.933 6766.97 4218.9 2327.07 1856.24 827.018 
4902.94 6346.77 3268.85 2197.96 1306.45 3563.4 6120.49 4054.84 1760.74 5443.11 2830.38 8440.04 8598.43 10.6472 7810.93 
5829.67 7598.59 8687.22 3964.25 5193.66 5978.4 8381.19 3442.62 6362.59 4313.3 3611.56 3129.55 8532.21 5938.62 4985.79 
9359.22 841.547 1332.55 2628.05 3039.51 2639 6191.45 9159.99 6693.84 7952.19 4603.09 9524.21 6392.21 3201.5 9534.86 
4203.12 9031.17 7133.43 2890.33 2995.4 2327.07 8868.73 1376.57 5769.7 5231.3 5689.87 9381.25 8360.85 4222.06 5319.86 
3346.62 3581.27 6161.4 4679.17 6209.32 9200.91 7318.17 2400.76 8360.88 4011.99 352.93 2963.96 3536.19 6745.14 6165.46 
3071.03 948.25 5196.6 204.444 3838.58 8192 2531.52 2707.29 9568.57 8301.21 7938.59 5258.42 7682.45 6299.42 9480.49 
3002.28 9646.05 3061.74 9163.69 4325.2 9271.06 8364.58 1643.35 1671.8 6725.45 5655.34 2024.73 9689.4 9191.53 8769.87 
5854.84 2262.54 9718.12 1051.43 2466.98 3556.68 9243.44 4998.5 6263.97 8811.99 3299.69 4202.55 4070.4 982.122 501.954 
3550.87 3984.41 147.984 6612.6 3148.08 4473.19 5883.65 1512.64 6116.54 7555.44 8238.09 1771.86 9580.17 7927.47 963.369 
8350.02 3782.3 3225.91 8068.13 4833.73 5692.89 1624.79 4077.15 691.369 7888.76 2889.13 3991.06 2091.29 6959.53 4973.19 
2593.24 510.377 8957.59 2741.23 7122.98 2105.65 7214.41 3006.61 3618.29 3330.93 562.035 1856.36 5102.79 142.187 9783.83 
6066.16 8492.21 3566.12 9292.07 6560.32 8399.85 4984.94 8185.11 2476.99 5676.31 6073.85 5366.11 9667.37 8165.14 2325.62 
4640.54 758.366 2836 3598.12 3499.59 9958.98 5703.77 713.987 2965.57 9322.06 4044.92 3527.61 1178.4 9147.71 3669.8 
962.218 5213.86 2161.99 4528.34 4505.91 8722.31 2928.17 9490.85 6907.4 5405.16 5167.14 2981.23 771.251 4834.5 1146.36 
3096.87 9475.04 1904.72 5932.87 3073.13 5404.32 5891.84 8776.9 6118.3 8857.41 8098.94 163.205 2385 9277.34 9310.92 
6054.8 239.545 4524.76 8216.79 4767.88 9030.67 6939.07 7696.05 8521.5 3846.46 3101.19 3688.62 6827.69 3872.44 8523.12 
7974.05 6969.31 7998.14 9878.77 2902.17 1071.26 5283.07 8794.01 9848.16 1401.35 7651.4 7947.08 1564.56 36.3832 7224.41 
875.461 6091.18 7463.96 5400.22 4307.95 2231.82 4430.87 1247.01 9927.87 2952.35 5093.46 3029.04 6640.97 1921.14 6901.48 
5164.07 9895.18 3870.78 3162.19 9773.94 6772.95 4233.45 5056.99 5566.94 4081.59 6458.34 3218.32 2028.65 8022.9 3254.71 
9253.06 8898.37 9345.89 6717 4298.57 3653.82 8948.82 8729.43 4900.82 8876.67 1681.77 9994.29 1905.7 8322.74 1915.4 
8807.18 3486.8 1810.57 2677.95 6648.99 1584.49 9450.9 882.42 6641.48 5017.82 4964.01 3099.81 8236.15 6992.66 1122.7 
1490.84 6245.71 21.0461 836.707 2962.69 4319.61 4490.52 1911.5 3049.03 9391.35 788.153 4730.8 9385.62 2693.85 3053.52 
1301 1501.02 6540.31 3111.58 4178.97 3189.29 4696.07 3629.85 4071.71 1337.54 8647.67 9035.71 4437.35 6883.8 6028.36 
5560.04 8374.64 2274.05 5581.09 9211.35 5236.75 9900.7 3701.85 7148.24 2949.72 3093.18 7936.4 7680.51 2478.78 630.233 
734.016 3779.79 2131.25 7274.33 6891.36 6310.22 463.6 1587.41 9940.07 4535.31 2924.95 8587.72 3571.01 7362.29 5471.5 
9599.37 2922.32 3846.13 1873.4 8503.41 3057.46 7110.15 8404.1 6759.31 4258.38 1353.8 9852.49 2194.76 9034.31 2331.26 
2824.99 9768.32 6111.05 4956.24 7042.64 3002.39 1266.44 7506.24 4589.8 1206.49 2041.53 7514.75 9794.21 5612.53 4877.03 
5265.7 5211.88 7799.35 9111.82 7085.29 6302.75 2169.26 4195.42 4706.83 8928.57 8453.8 6060.62 8781.05 648.539 5094.92 
1112.29 3473.53 4863.22 7223.34 8429.77 1905.85 225.711 9696.21 9412.08 4815.52 902.689 1453.6 2330.25 696.882 7066.13 
7207.29 5962.58 2277.99 5006.62 5074.39 9363.28 1309.35 7243.65 3558.68 6016.18 6172.21 2012.46 2076.79 4953.24 2661 
7171.71 6065.53 6134.53 2034.92 3288.85 4564.29 3940.76 3514.56 4260.49 3352.83 8330.08 5163.17 4806.42 660.316 5860.06 
1872.53 7867.6 1822.62 4150.53 2874.21 6897.01 3513.79 4183.56 4140.64 7072.48 199.725 312.828 9084.94 2276.52 5266.07 
1745.93 9448.22 1331.58 7880.46 1483.12 4620.43 2444.73 5423.88 8135 6705.21 8776.71 6465.06 1868.37 3583.12 7125.37 
7728.43 5455.65 4992.96 9551.05 9606.18 7867.16 6448.04 3119.96 2050.71 588.658 192.416 2250.43 901.486 9277.36 4526.95 
6167.55 1023.27 3975.15 7499.13 8903.73 5458.27 2119.55 1348.44 882.137 254.529 8053.66 9658.85 6719.59 9922.03 3241.95 
3844.94 7650.44 8697.6 8837.9 7201.47 8303.76 6705.05 3649.49 1423.7 8755.75 4238.15 1616.12 1006.17 5139.63 893.457 
5533.11 1307.17 1916.73 9508.26 8806.3 820.436 4966.52 925.835 2168.88 5848.65 1180.36 222.517 5507.48 7899.95 144.529 
8749.43 1744.88 7794.97 7447.01 582.761 4996.42 5750.76 7287.81 8645.91 7174.46 6043.54 2884.04 8790.57 7049.71 8023.67 
9684.03 2582.8 9330.84 1600.74 2091.05 8137.12 2421.17 7057.56 9062.96 4590.05 2906.2 243.306 4812.57 8413.69 8143.26 
4957.1 7163.1 9888.13 2752.05 4610.1 470.878 7748.47 360.837 7758.69 6394.36 7535.29 3802.21 9278.4 6325.85 851.901 
7302.06 6009.86 3434.7 6632.88 7610.6 5525.75 4769.99 31.7523 2583.3 3832.93 4621.8 5489.5 4076.23 9434.37 3903.17 
2219.47 4391.45 1066.26 2107.59 7143.5 5676.35 2578.47 4891.96 6037.19 337.136 1286.3 3572.47 4139.35 564.689 9898.31 
4991.25 7866.75 5908.15 8425.95 4499.61 3518.73 3951.68 9269.59 3550.49 6534.98 3102.5 8172.29 2024.46 7178.74 7606.64 
5927.63 9398.21 1998.08 6993.89 1505.79 9141.58 2670.23 4084.25 4033.52 8707.42 4421.39 5319.82 2279.87 8560.74 5884.51 
2178.16 3551.97 3751.24 8086.32 1977.9 8250.85 1605.03 5929.58 7520.43 5155.52 2464.54 622.913 3327.79 4489.01 7801.65 
934.419 416.623 7199.85 2932.5 7410.51 8705.63 2074.06 80.722 2789.87 6107.58 8788.14 7211.26 1427.39 1067.99 5771.98 
7311.9 3246.15 9323.94 1063.12 1332.45 1301.83 9313.97 2937.49 7231.41 6834.38 8093.01 9695.95 7457.3 1420.78 4184.94 
5258.93 2355.2 4601.56 2458.76 5287.7 2012.06 1164.37 7361.76 2092.78 3954.24 3469.33 880.904 1165.48 4896.72 1948.89 
6937.46 2208.6 5195.05 6261.38 3271.72 6527.5 7563.21 2585.68 9464.99 4794.6 9420.06 7557.98 4490.53 6877.34 8978.76 
8675.47 2136.25 1333.95 3277.02 4595.01 6621.65 5289.08 5759.38 3983.39 7381.86 9713.63 7452.72 8262.77 879.092 2349.42 
211.644 7816.55 4558.02 5406.69 4077.92 7829.74 1934.18 1641.11 415.401 1399.15 6435.71 9835.46 8957.13 926.225 6712.78 
7935.87 9601.7 8849.03 9269.81 2878.71 3444.03 5891.44 8167.79 9203.41 9874.83 5549.63 8917.02 7327.53 3812.38 9796.11 
9676.95 4024.03 7612.65 4234.95 9430.72 1690.55 2064.67 1364.88 3331.66 2480.08 2764.02 9767.37 2315.52 1721.13 693.574 
9028.3 9657 295.257 7877.32 8926.8 3173.96 1321.33 4818.23 1341.73 524.721 4693.04 6891.36 9441.74 2020.56 703.729 
9237.84 1697.49 4727.76 6850.47 5932.45 4158.46 8541.02 7997.12 5523.33 1872.66 477.179 8287.36 1640 2792.7 8.4694 
2333.58 1820.98 9665.47 2628.84 9698.3 8592.25 5802.8 1019.61 3410.46 7144.53 1544.33 8103.5 4035.88 986.056 124.044 
4739.6 223.877 1821.54 9467.36 7074.35 7753.98 3625.8 5615.34 5751.09 9149.13 7488 6228.27 7436.47 9128.01 9020.96 
7444.94 1461.57 841.93 7110.39 4090.4 540.212 5702.63 9893.2 1559.82 9113.09 7037.71 3104.15 7216.57 1073.57 4090.21 
7340.62 5813.18 4314.08 9162.16 5280.52 1388.41 6916.13 8906.32 7003.76 2667.2 8055.43 4491.74 8895.46 5491.89 3619.73 
7916.41 2936.81 5081.29 8758.34 47.1844 9171.7 9298.55 5749.81 9064.88 858.357 4862.89 6102.57 3962.51 2079.44 7176.15 
8052.71 9420.06 2989.3 2366.78 8582.2 8269.82 3755.19 5498.31 7176.12 758.932 8165.51 5231.54 5250.67 7060.96 723.409 
8870.4 4977.35 3660.22 3951.68 3735.68 3707.4 3123.36 3034.21 9457.21 2188.22 3892.57 4320.08 8290.8 7855.08 6399.53 
5466.93 5907.77 5819.57 8456.23 8274.56 4401.76 6726.03 2029.73 9900.07 3902.14 2788.66 8065.56 9133.68 8039.34 5126.5 
9857.09 6909.72 103.831 3517.29 861.383 3839.51 7224.69 3984.74 6873.72 6681.89 6172.97 766.273 1001.96 4463.75 8621.35 
7401.48 9930.67 4529.11 3221.04 8386.88 2803.65 7622.8 5112.9 4833.38 7522.85 9015.04 7622.04 5588.39 8148.7 5661.36 
714.869 8005.77 2571.07 818.7 1523.05 3432.45 4658.21 8747.74 7417.19 1531.91 5429.61 3590.14 2298.18 6431.57 8053.89 
919.516 3833.03 7984.54 5448.62 7054.07 6371.41 8252.27 4676.85 1484.29 3085.63 2199.68 499.315 707.658 7788.07 8648.02 
6369.02 8502.94 6653.77 8940.09 9321.64 8176.82 2372.52 3979.83 6924.54 9789.71 5511.74 2354.13 3379.83 7809.92 8785.7 
1433.71 8729.44 2618.71 9418.25 4178.04 9672.79 5789.64 2430.3 4349.62 7273.94 5515.93 6549.3 7773.25 6223.59 4337.35 
6421.25 2592.59 2840.27 3075.01 1532.66 2161.9 1251.81 3905.18 6141.73 8176.35 3694.87 1653.45 530.461 7074.71 9463.37 
9316.16 8508.42 8192.79 1934.85 7926.65 2370.82 1607.62 3716.28 4801.12 5957.24 990.198 317.036 2506.52 8763.45 6540.63 
6843.88 5184.69 9133.22 9684.15 8259.69 665.869 1846.03 9511.5 4571.05 7987.76 7687.83 8265.92 9641.21 8218.29 5340.62 
9104.56 7534.44 3849.01 7297.34 9469.29 1775.65 9668.16 1076.89 5491.92 4469.26 7034.14 6482.12 4786.3 9540.66 5245.56 
1326.91 6384.52 430.226 460.114 6068.66 8689.92 1125.98 7914.69 8201.41 5697.03 5902.43 5889.22 3962.94 5543.63 4107.5 
9303.55 4648.17 1641.92 3152.55 1945.5 1111.19 4928.2 1613.64 2188.08 420.107 6082.9 9222.22 6902.23 869.182 8762.87 
2147.77 2196.09 5147.37 2577.99 2656.21 1216.01 1267.9 3782.19 9130.7 9469.3 9479.22 5033.12 5358.51 3442.14 576.727 
9466.01 2745.68 5224.9 1107.91 5898.23 7170.4 2219.1 826.415 8784.04 4407.19 1246.52 4866.92 3629.39 8148.75 5736.1 
2392.24 296.502 7932.19 7539.61 2874.5 588.379 8755.62 4142.39 4370.57 7886.31 3611.68 3849.77 2919.41 8970.19 7291.91 
3496.13 8436.18 37.5772 8721.04 9544.1 5935.81 5891.42 1763.18 6762.22 4675.43 6170.37 8008.75 9542.35 9799.76 6157.48 
5278.43 2191.98 6453.98 3210.61 9731.59 9328.48 3798.99 8487.2 3470.85 8169.56 6373.49 7082.54 2019.31 9292.9 6052.71 
9311.22 2789.01 4488.88 9348.8 1510.03 4032.96 5284.59 7401.45 5796.14 2046.8 2076.86 1966.49 55.5303 1619.2 1766.23 
6213.01 6897.63 3958.22 2666.97 108.226 3689.79 1995.44 3907.21 2176.97 5466.29 2076.75 8550.46 2548.81 4096.06 7843.34 
8601.52 3407.27 632.338 3090.38 2756.05 2142.37 7123.33 8040.64 9543.82 2919.45 87.4286 1620.66 4885.94 142.959 3239.86 
6652.17 6355.97 137.478 610.372 9022.94 245.704 4300.16 1018.36 4152.92 6477.14 6484.65 6229.67 5027.58 9033.46 325.715 
2870.91 7634.96 3732.98 3503.25 725.317 6489.03 5645.61 7848.65 4529.66 5189.42 768.086 4617.09 6810.08 5654.03 4760.05 
49.9231 2306.19 1116 187.401 2916.56 138.928 433.105 7216.72 1157.29 4586.02 3693.84 7641.94 815.675 8721.43 6675.38 
1141.39 1592.32 4310.32 4874.37 5095.56 5035.64 1363.39 741.163 2884.27 5893.05 5930.58 3652.36 510.128 2740.64 9306.39 
5270.18 2790.56 1612.56 6386.18 2977.96 4529.11 6525.11 3411.07 1745.82 7682.4 7997.09 5439.66 5324.32 8812.77 4161.07 
1999.69 9954.16 5753.39 6310.01 4828.51 848.94 1345.64 6191.9 1590.1 4229.91 2084.94 7520.68 7882.27 2595.07 261.302 
7188.64 7865.25 3051.86 8801.2 4251.41 6029.83 3330.3 776.499 9440.9 5076.12 8458.9 7437.97 515.762 3783.2 6250.72 
4676.84 5782.89 6204.86 430.212 2092.89 1033.35 1279.15 3438.52 7225.25 2869.26 7668.43 9310.2 389.919 5550.69 1905.25 
651.221 2739.31 9770.49 3703.08 1540.49 4021.88 9732.91 4870.79 4798.38 9173.79 9946.91 3257.26 6611.74 462.65 7040.46 
2862.44 5139.49 2823.34 9067.3 5569.7 4916.22 100.629 6848.85 8354.75 7325.88 9718.11 6023.16 6636.06 108.008 1573.83 
8541.31 759.229 4313.14 8311.78 4462.31 5853.63 2333.65 4195.21 724.406 7132.03 3368.98 671.294 389.277 9980.72 1133.94 
7429.74 2843.15 6273.43 253.063 1910.43 1843.11 5169.29 2011.05 8691.96 3524.02 9336.94 8410.05 9547.18 5972.98 8518.06 
1120.99 4514.27 9277.29 5434.13 2826.04 3739.59 1287.75 5159.69 7934.8 2012.15 2291.7 1303.76 2683.45 2680.98 1284.47 
3817.39 110.705 4127.61 90.8038 363.768 6038.04 1933.92 5533.05 8049.09 625.863 9057.07 7386.01 9035.92 8604.23 3358.98 
7553.96 9725.22 7873.25 6831.23 5159.33 699.274 570.804 6447.08 5858.96 8505.6 8459.23 8150.66 9809.36 1142.66 831.626 
1093.81 4960.05 942.331 5221.42 5050.85 1306.1 1259.45 6984.77 6839.15 9308.54 7610.63 5896.21 6694.54 6646.53 4500.42 
53.5009 4200.48 4225.62 7926.75 1031.69 9384.95 8626.03 1602.5 5832.01 4484.97 108.08 4291.23 2635.62 9917.44 5433.88 
3467.24 1011.23 393.917 4409.57 6232.66 5444.77 5715.67 7492.11 2429.52 2554.81 6800.63 40.1398 8451.02 3495.15 6686.67 
2951.42 3548.65 887.132 7177.04 1475.39 1918.83 6561.97 101.397 3521.32 2393.96 4586.37 3629.4 6685.19 7221.99 3546.83 
2119.06 689.213 4558.06 2512.98 5098.79 790.701 7957.75 814.445 8282.81 387.253 3369.25 5083.42 427.393 1820.25 8578.57 
7114.06 4771.67 2127.2 8001.2 1948.69 3602.59 9920.02 8510.66 3703.99 3441.33 904.61 8290.36 7070.73 7589.8 5512.33 
617.538 9708.86 6201.54 5175.6 2221.82 1300.31 5966.3 179.546 2114.75 4249.09 566.799 5484.01 9332.51 994.191 7304.26 
7911.06 8108.26 2075.92 38.2459 6109.44 4024.61 3640.84 6029.44 2535.26 7344.82 9470.77 3439.87 5635.16 6541.48 1029.65 
1147.47 7159.02 738.49 7349.01 2334.6 2960.31 8649.32 8300.9 3139.85 764.053 2549.97 3706.65 6248.06 1882.46 4700.84 
3552.31 9793.52 2809.08 5628.22 9831.77 8918.52 9652.83 3472.58 4947.94 2188.07 817.392 4418.69 5627.94 6452.55 960.155 
6657.59 7600.03 8119.17 7396.08 4949.02 453.755 356.365 3598.32 8754.65 3496.22 4362.37 1304.6 7202.87 610.414 3187.06 
1903.69 4162.72 2980.57 4712.77 9790.94 2812.32 3631.27 9443.76 6284.9 8579.21 1631.82 7102.29 2997.89 7259.75 3554.83 
3958.04 3917.32 1154.84 2077.2 1313.38 6103.86 2530.95 1669.75 9702.17 1285.59 5165.96 4064.53 2590.19 2368.81 4674.94 
5777.26 4272.5 8837.66 8757.83 8985.28 8628.59 1570.12 2616.53 8072.33 7855.03 1195.73 9704.15 4957.3 4193.62 6963.89 
8512.13 8151.66 881.193 9666.97 228.842 2194.58 5770.81 2759.8 3864.32 5472.97 4045.39 9030.29 9537.49 6635.58 1399.08 
4212.41 2412.82 5671.59 3050.06 1170.63 4656.84 1678.63 2740.75 7273.37 9750.96 595.761 8469.1 9455.09 5553.06 2662.7 
6418.96 4065.18 814.341 7300.15 3732.13 1043.18 9494.73 9502.94 3802.98 3359.03 4975.89 7848.37 2389.3 4513.37 4483.93 
3788.39 8725.78 6896.75 9459.97 1775.82 8067.38 4116.8 3454.45 808.112 1390.15 3205.39 1403.87 9859.25 2660.47 6956.94 
2521.94 9079.43 1022.1 3336.28 6379.57 4754.23 4379.46 5874.28 4257.16 8182.44 9233.31 9233.05 6030.79 1622.6 3746.4 
514.698 5410.98 2472.17 7411.45 4870.94 4248 5478.81 8987.73 7702.45 6286.92 377.87 907.825 7690.79 237.108 3568.29 
4647.71 2759.04 2647.7 5669.8 6095.32 9027.27 424.017 474.764 4901.53 4681.17 8657.2 4134.83 3914.21 4687.97 5757.43 
7660.61 5202.67 1168.39 132.766 2614.1 6039.33 4380.76 8092.91 5027.05 2083.19 4379.81 5404.92 2991.02 2070.58 5642.03 
6559.31 6718.29 8401.07 9207.02 2388.08 4496.37 8234.27 2812.1 4971.14 3135.78 7493.27 3628.32 7270.61 1407.46 8316.3 
3028.02 9068.07 3518.95 4196.41 9200.84 6133.05 235.725 3581.58 4225.94 5262.77 5664.77 8605.75 667.674 8655.79 676.317 
6309.7 5215.09 7394.61 4710.75 4422.08 9782.69 9207.12 2656.34 2594.76 4178.24 5792.12 88.0171 7806.57 3062.71 1495.48 
6122.85 6090.73 563.532 9641.8 287.124 9764.37 5774.83 522.849 3345.93 0.758033 5785.62 9010.71 8606.51 6453.3 7666.48 
9282.83 2762.98 2881.55 6677.42 7473.73 7303.64 6460.09 6680.84 9959.97 9054.85 859.063 5752.07 9142.87 8665.63 8814.79 
638.328 4788.46 4905.5 1201.86 4430.24 5192.62 966.212 205.051 5715.47 4312.15 205.809 1501.08 3322.84 8812.32 7954.37 
989.307 8095.13 717.334 3870.86 4772.53 8191.06 1174.48 1232.6 4871.88 1134.44 287.429 5730.95 6886.51 9430.3 4396.56 
5701.28 68.6069 9185.02 606.758 1270.47 3615.24 5799.38 2236.68 3820.29 1514.83 6548.83 4026.09 3015.91 9871.66 2838.4 
970.266 860.954 933.507 1687.6 4731.81 5706.03 9878.66 5906.29 6938.63 4750.53 7040.73 7226.06 481.46 3927.23 6656.34 
4878.02 9628.5 6724.95 4063.02 235.245 7995.41 7678.25 6034.62 232.074 1498.52 7549.46 6780.9 5524.62 565.351 6652.55 
8363.01 1535.62 7513.5 9296.52 3223.22 2245.3 5002.54 3101.86 8151.59 1941.15 7852.39 5192.31 9167.21 8333.85 9119.53 
5823.54 3211.85 8748.02 2548.46 7274.87 8983.26 543.859 4953.11 5017.87 775.933 6451.64 2567.31 7556.83 1976.24 3132.67 
4209.36 339.235 4668.28 1722.85 9635.76 7891.5 3968.14 4638.28 993.344 2119.72 6579.43 8845.74 7312.03 5746.63 7179.57 
6431.55 1570.15 391.41 5179.55 4118.61 7666.28 4162.8 4662.47 2619.38 9180.67 5438.4 9071.01 1747.96 2995.22 1047.23 
4880.63 7204.58 1386.47 9548.91 8927.43 1022.21 7440.39 2895.55 5660.49 8433.74 5015.27 2239.91 7279.46 2327.29 7986.54 
4459.01 8758.83 9556.69 4850.42 3938.36 3675.28 2516.69 8101.16 8337.75 5136.07 7281.81 3776.14 4207.06 9029.78 6771.36 
5254.3 3910.39 3975.92 6640.77 3459.28 2903.33 7662.98 899.659 5798.89 3323.45 9333.4 814.145 5563.36 6612.84 3141.43 
3549.88 1071.83 1900.25 3106.55 5922.25 5838.61 6781.83 8438.94 3939.75 5119.56 3574.99 1221.55 8895.7 7782.05 251.305 
5667.04 3036.33 4161.69 9642.97 9677.1 7620.98 2546.28 7340.06 8520.64 8345.17 663.497 7854.01 9159.32 6226.86 4466.83 
2300.73 9776.73 5538.66 4200.98 2883.26 1460.9 39.57 9665.09 9899.83 3979.32 4784.64 3474.8 5200.87 3680.32 1256.84 
5452.17 9347.36 4293.17 9613.87 8990.32 3970.26 7234.83 1536.58 1310.3 5755.44 9881.75 1973.8 3609.44 9041.05 8200.65 
8076.28 1341.77 7977.37 3614.92 5542.74 860.617 5075.82 5582.31 525.692 4975.63 9561.64 5310.33 8450.44 4762.49 8990.65 
9707.28 214.644 8338 4000.43 9828.51 7328.3 7970.69 7063.32 8864.88 9280.99 2818.75 8746.62 1254.77 6428.19 7787.65 
9455.42 4504.45 9129.42 7432.78 8119.37 4672.14 8293.39 3195.17 254.441 8819.08 8170.8 9816.08 4129.4 6621.23 4578.55 
3120.03 6328.49 4793.19 1458.01 328.905 4621.68 8786.31 8299.59 1684.99 7651.17 7580.57 4503.73 6397.77 8835.34 931.904 
4185.4 8290.74 5436.35 3314.8 5723.5 3555.7 7986.95 4016.88 6750.87 8241.39 2835.95 4921.66 8057.45 6965.35 1542.87 
2635.98 85.3594 7871.36 7429.17 1543.37 8200.26 2050.84 329.663 6499.84 3735.82 7980.83 4080.39 8239.56 4378.58 2915.71 
9171.46 8563.99 1206.44 4607.79 1878.77 6929.94 8163.5 9865.72 946.802 4914.35 8107.09 3782.75 9836.01 6164.52 748.078 
1378.86 8800.49 833.437 9250.22 6229.64 2376.81 7450.47 8280.48 2706.47 3950.29 2016.28 687.289 8030.68 255.823 5065.87 
946.375 9427.28 3629.84 2152.81 4035.06 5508.61 9082.75 2198.54 5374.31 29.5375 7112.89 3481.38 3812.29 6948.89 9645.9 
4560.36 8327.75 8446.38 5393.8 7577.96 4676 7770.61 5028.41 2956.46 477.066 8978.7 4972.75 1164.35 7009.36 5228.57 
6230.23 7955.74 4655.84 9860.07 108.534 8690.9 5368.67 9191.29 889.421 742.965 9220.82 8002.31 4224.35 3033.09 4951.19 
3870.23 7593.46 3278.92 2316.59 2987.24 856.864 6992.59 757.837 5885.27 9949.06 1234.9 4863.96 4921.79 2399.26 1873.3 
150.346 8629.48 9829.04 4806.18 8489.54 9937.58 3497.06 3858.19 9128.85 4386.48 4601.15 8349.65 2388.78 8825.5 1382.73 
7339.97 2695.72 8976.19 618.873 5012.31 1963.41 1475.74 2004.89 2721.25 7361.01 1953.93 3956.15 2224.95 6875.72 6355.41 
4098.25 7026.06 4984.88 3927.28 1832.23 3474.4 3864.84 5329.3 7332.59 2993.66 9715.78 1933.72 1343.3 2104.55 759.21 
2726.03 9444.51 3454.93 1702.2 63.3704 8467.24 3665.62 1539.11 472.106 6386.87 8900.12 2426.03 343.006 1125.05 9301.75 
6698.42 5223.3 6327.8 1683.28 9150.58 8160.03 5157.68 3015.4 3489.31 2490.25 6009.06 3205.08 4423.97 7352.36 5309.62 
5183.18 78.3786 4754.12 8638.11 1780.58 4817.49 7105.33 5446.2 6356.6 7577.44 1833.05 5256.7 3.45303 2176.06 6381.75 
9305.21 8874.47 1605.03 5632.99 557.733 755.598 3793.01 5715.41 3771 7282.32 8205.66 9780.06 487.381 2629.61 7132.41 
5797 7812.79 7210.79 551.105 6450.89 8991.37 5368.59 3556.2 4437.55 1725.17 1133.62 6270.6 6981.87 1137.07 8446.66 
3363.6 442.259 7321.11 4968.64 6075.25 7878.85 5724.24 9868.26 3594.24 9495.23 7150.57 1799.88 9275.28 7637.95 4429.49 
6407.67 3434.93 2242.27 3618.44 3986.04 8693.15 2609.79 9354.63 2249.33 7047.34 1079.79 3382.95 3317.93 8061.66 4520.02 
1764.57 1425.25 4962.28 9085.68 6393.89 1037.51 6964.51 2118.1 905.757 558.729 1613.32 8056.32 2358.61 888.582 5694.25 
6788.1 7296.25 9129.19 9030.37 914.676 3115.21 7723.51 3524.47 2469.83 9972.84 571.795 3549.62 3355.77 3889.72 1611.26 
7875.79 5654.29 3036.51 2838.06 4739.95 9430.4 3875.57 1704.44 1548.48 4781.33 2263.17 3161.8 2837.63 4621.78 4050.39 
8531.89 1409.86 1346.62 7661.06 440.216 2261.3 776.253 8163.72 5785.77 3246.08 8136.55 6357.56 6795.7 1492.3 247.266 
8406.96 9368.1 5901.56 1443.45 2206.14 641.49 873.833 6081.7 2345.93 2422.32 863.012 4609.11 5584.12 3700.64 9230.89 
9634.51 2232.51 640.734 981.113 9893.57 1080.95 3242.41 669.809 9244.67 9028.18 3915.89 7381.2 5385.72 711.571 8873.5 
5632.98 9118.53 8241.59 1534.52 561.968 447.705 2176.01 1435.8 6529.41 4521.95 3858.12 7392.42 9131.05 9442.24 1093.05 
8361.92 9076.73 3325.56 9002.66 57.8306 3219.12 83.5884 3300.24 3888.93 9328.26 2328.4 7804.82 6709.44 7714.12 8516.39 
5582.93 3347.09 7634.9 3824.5 4881.61 8196.87 4272.21 7057.62 9632.67 801.598 1579.55 3490.78 8194.02 710.588 2933 
9287.07 9072.51 2009.72 2612.61 8075.15 2067.55 5831.73 8158.74 5367.79 9720.66 7486.98 7696.19 7525.46 4196.41 5410.29 
6041.83 9779.34 8757.38 3676.72 3603.82 3638.97 1873.57 7876.03 696.574 1506.23 8677.63 2276.13 4997 6871.63 2986.71 
7930 6158.68 2059.21 9939.72 8771.29 134.34 2007.25 4603.01 8293.08 7375.04 4323.65 5780.04 5071.21 1849.09 9976.45 
481.482 7890.92 9755.77 9238.86 1567.62 3359.58 2877.81 3441.19 1235.59 3574.38 4947.42 9913.22 5850.51 9944.42 6784.84 
8837.22 7874.4 2943.5 896.415 7814.1 1714.78 1030.76 9821.35 6317.78 9323.83 7196.38 641.415 5103.86 2267.57 2490.51 
5080.29 2749.05 381.411 4836.05 1987.89 1949.03 8195.63 4865.7 5390.22 9431.22 8440.08 337.625 9344.43 4290.58 282.026 
6129.25 3127.78 8156.43 9072.75 4024.2 5970.52 787.504 5054.95 5791.85 7105.29 4378.77 2988.22 7746.7 9482.63 5255.79 
237.19 4562.9 8004.84 618.602 9398.95 9992.73 2567.63 7594.55 4858.41 7957.86 7025.76 3298.48 8295.48 6370.17 7589.06 
8577.51 2499.4 716.823 6733.92 1572.12 4741.02 2704.42 2359.63 9795.98 8496.28 9464.92 4174.73 1484.47 7211.6 3657.34 
6740.26 7448.79 8220.24 4745.08 8067.39 7619.17 4737.79 635.009 5213.7 9596.21 8592.87 2239.44 2894.67 6888.33 8609.61 
483.712 5465.82 1108.99 1200.54 2199.73 2681.12 5941.56 4904.15 5040.74 5737.52 3400.41 4505.64 9912.25 4884.88 1717.23 
3569.57 1625.13 9166.02 1789.79 6370.21 7233.39 9408.96 1107.98 7868.4 4622.64 704.172 6461.25 6862.09 3598.84 3349.57 
5471.68 4082.56 8815.39 6580.67 5283.09 1015.1 9261.79 1224.63 5919.25 4302.51 6962.15 9319.66 8808.16 6874.37 4204.53 
525.367 443.924 5829.65 9691.38 2233.71 2199.84 6924.76 1642.65 3307.82 4793.14 6265.29 4011.99 1254.37 3127.36 7610.84 
4603.94 8599.04 1693.38 3419.31 5179.69 6976.47 4434.41 4441.46 8201.1 353.648 8743.98 5163.23 9673.31 7552.12 2037.58 
3877.82 8077.49 2481.51 9707.47 7768.85 4715.22 1907.29 4693.59 6357.87 5215.11 9486.74 2623.14 9227.1 741.093 5750.5 
6837.93 5345.03 4349.53 8531.3 8764.35 9529.22 5507.75 3198.74 3970.67 3708.83 3552.39 2714.63 8872.06 3225.68 266.733 
909.624 7103.5 8344.22 3391.13 6810.95 6113.06 8106.35 8718.24 806.633 4464.21 3933.33 293.352 7087.35 3160.42 1034.45 
2837.84 9998.34 6379.48 7187.36 8529.63 5143.81 6716.57 4037.36 8342.55 687.22 7746.19 1894.93 3401.85 6618.23 5120.61 
3668.58 7527.86 2224.09 2012.79 918.972 9035.03 8125.84 9025.33 7753.25 8932.48 3489.51 1686.57 9225.83 576.848 4846.98 
260.256 3414.69 4845.31 6639.73 602.033 3374.92 1783.53 7318.6 7412.28 126.062 8005.82 5158.46 2020.99 1407.66 1776.67 
7141.6 5076.24 9304.53 9365.68 7089.02 223.486 8400.7 5214.85 9248.81 6153.94 4147.31 2738.31 7840.5 3373.12 3315.16 
2687.47 3633.38 6729.84 7532.78 273.093 7331.88 907.686 2056.62 4650.46 8319.97 2182.68 2656.26 3478.41 4203.67 4063.92 
5255.09 1345.25 9140.16 4559.6 710.918 6229.17 4783.09 9111.62 1444 4031.88 5265.54 5591.31 6770.19 3106.02 8964.43 
85.3279 5793.49 2597.79 6815.17 3326.26 2870.88 4147.03 4233.94 4927.5 8797.49 2553.9 7110.18 1453.73 6032.31 1313.83 
5517.65 1287.38 2659.08 4657.8 5846.98 3370 886.944 630.046 2481.6 2330.94 4661.93 7747.14 7922.25 1432.1 853.148 
6886.66 1517.43 6646.64 9484.45 8332.6 9972.9 2355.31 2479.61 4206.82 7282.81 1277.08 6760.72 4392.97 2730.81 2793.01 
5706.8 8248.47 4080.39 8365.89 2906.24 9927.37 1735.87 3793.19 557.396 4217.47 6124.13 5219.32 1964.6 4046.37 6651.42 
2817.75 933.011 8168.85 9464.39 417.441 6501.42 9437.27 2772.75 8981.03 3644.07 55.5382 258.091 404.778 4448.51 2988.9 
3197.79 155.293 1237.35 7278.18 8521.18 4143.6 7205.53 257.034 7936.79 7762.92 4474.51 4060.9 2982.23 6439.11 8107.27 
9633.65 9256.85 9040.28 7802.48 8721.23 9457.72 4303.89 8158.48 2230.45 3284.9 1802.53 2285.99 3542.99 2207.31 6734.5 
6531.89 5405.1 6889.79 7769.25 2683.26 5410.95 1912.83 9888.79 5667.99 9849.61 7651.7 142.48 3910.5 633.913 6581.59 
2017.75 267.547 5838.42 1058.02 8070.03 4559.63 515.72 2373.9 2718.09 2746.17 5658.8 4520.63 5032.16 9201.79 6727.94 
1766.65 5733.67 2133.02 8656.44 3502.9 4816.29 4067.38 5415.72 4705.07 9735.36 5265.32 2356.75 9877.84 9175.82 2990.66 
6459.42 1193.55 3258.21 2297.82 2251.57 1328.22 6857.46 2767.29 3702.11 9575.55 5513.46 9360.91 4096.16 545.611 8562.68 
824.08 2312.26 4296.33 2957.1 968.679 7799.22 7773.39 5036.06 3214.93 2478.44 4771.4 8480.25 4835.19 4649.23 7656.05 
7825.85 1108.63 8849.61 1084.05 3406.45 1101.16 2412.27 263.891 3868.45 6114.38 9839.44 9381.91 5475.27 3935.58 9927.53 
4037.93 4759.66 2239.77 8334.26 7716.76 3208.44 6133.47 5490.14 8244.5 9348.4 7968.58 3015.89 7828.63 2803.76 7665.12 
5484.67 629.598 8773.74 4334.25 1713.65 2180.18 5435.41 4125.91 2444.07 9303.86 240.272 2283.49 8685.76 5715.54 6219.07 
8613.27 9753.48 978.714 853.018 8087.72 8695.48 4061.46 4221.17 4185.6 2305.95 3569.55 2154.17 5321.83 1398.17 4957.93 
2986.93 6882.83 5587.53 1760.66 1217.07 7301.18 3940.83 6652.48 1427.07 6384.9 5956.33 1667.34 8668.39 4642.07 7382.88 
4887.45 3255.32 7136.34 5866.16 4108.34 5224.05 4561.62 8169.8 9445.22 8747.23 475.732 3014.75 901.385 5797.56 4412.92 
5859.32 8784.49 1295.73 1446.83 545.131 2512.8 8748.01 4485.96 9165.28 175.059 870.85 5121.59 1842.4 9539.24 9763.66 
9225.28 4426.68 3018.97 6361.61 292.821 7127.31 1585.64 4854.45 5297.1 1030.84 3601.66 5772.83 4045.59 4503.04 1570.38 
8458.51 362.344 354.853 9754.24 1809.17 899.984 2267.02 557.164 5385.95 1432.29 732.222 6256.8 6553.88 2574.62 5796.03 
6317.53 1799.89 222.684 9336.5 8161.5 515.505 6463.79 9747.14 5369.95 1760.88 777.96 8971.61 7533.71 4823.55 3474.64 
9104.09 3282.05 3836.98 9458.94 3036.27 5646.15 358.906 5303.3 6203.32 5744.85 6735.58 6935.54 2001.64 3289.45 9510.16 
7797.66 9606.98 1310.03 8020.35 8943.46 9471.53 8535.85 5407.24 9218.65 3905.78 7168.11 9996.61 2877.38 4701.8 4820.15 
6352.01 3805.87 8102.19 188.976 3264.8 1138.45 5835.13 3623.7 6441.74 2038.43 9368.56 3177.31 8973.97 1370.18 6466.76 
8484.12 9167.84 6073.72 9794.15 7188.17 5017.16 9265.67 5724 424.375 8484.3 9629.78 7592.49 8480.9 2507.14 2294.27 
3301.03 8859.16 6100.15 1403.21 9048.13 9364.94 2541.66 4883.25 2988.63 8983.4 6921.68 2357.17 2160.69 5895.63 3727.35 
8627.45 4379.73 2895.17 4701.15 4173.87 83.3177 9718.31 3439.52 5807.32 142.667 1923.81 5437.08 7735.15 404.689 7944.23 
29.4115 3705.72 6803.37 6129.56 5108.93 5851.48 5494.49 7650.59 734.712 8483.12 6633.97 7656.39 840.272 8794.67 3552 
4567.62 7422.1 7931.74 7462.79 2123.23 2105.59 7546.11 1841.53 5545.1 3353.41 1984.19 7468.91 8790.49 9719.35 7873.6 
6734.7 9748.76 1579.3 3538.05 5878.3 6688.23 9389.53 1372.77 4338.8 124.227 9855.89 972.758 7780.62 696.143 9767.42 
1332.61 5263.76 7189.5 9264.34 2726.53 9312.74 1369.91 272.621 1154.25 6915.01 3626.03 3138.44 4383.9 2416.5 2857.77 
2257.48 9151.2 2606.51 3836.79 2689.23 8484.81 525.002 2078.75 9857.58 4863.81 2202.97 9713.45 5836.56 9983.59 409.575 
5603.97 1316.18 5673.34 2793.46 580.503 8399.87 2106.18 1950.41 8672.49 3260.43 8865.42 2298.5 6398.86 3249.31 4715 
9256.63 5506.8 3866.18 1863.12 9343.58 6555.41 347.915 9868.58 8634.16 205.477 4732.37 837.111 9918.93 568.919 820.684 
328.485 6172.89 2136.86 6001.82 8966.35 2717.37 4401.67 1072.51 4667.78 3074.15 4332.93 3533.19 5372.65 731.782 6782.5 
87.6285 9988.41 2289.28 3953.81 1851.52 1632.84 509.2 2199.44 1501.41 9143.35 2404.91 6233.78 9980.47 2323.82 6802.7 
801.133 2652.31 2975.57 2938 8654.13 1941.9 5655.36 3055.79 3014.41 323.123 6129.94 7347.34 3856.31 1502.57 8079.12 
638.791 1590.2 8067.52 2928.07 5544 9919.04 4560.91 6053.2 2118.46 6062.32 5196.54 4523.38 2296.08 5176.99 6847.2 
9098.78 5978.12 9499.51 2074.33 8916.12 8153.62 4016.23 4571.46 1209.4 7030.64 4894.59 7339.33 4377.97 8750.9 8841.9 
2457.07 9389.69 432.083 524.579 2317.74 5976.09 443.605 6878.65 2029.27 2562.07 2940.95 7225.81 7085.44 5237.03 2402.79 
3932.63 4335.79 8380.91 3432.12 6410.12 7297.01 1585.73 426.341 1868.46 2795.13 7456.98 6763.04 134.444 1834.93 5513.92 
8976.35 4292.01 4903.59 9408.43 4816.58 7221.33 5384.5 5260.19 4099.96 7413.77 7822.26 7040.91 4639.57 4907.69 2277.92 
7042.36 8840.31 6613.71 5423.25 2272.42 3023.82 2720.25 3858.15 3450.16 4588.71 6653.27 907.123 1351.74 6787.72 2742.06 
6865.66 5764.05 7034.06 1769.23 5172.46 1850.63 8990.56 556.941 7110.82 3090.5 7970.71 4933.06 131.392 2610.27 9840.75 
2409.31 9652.63 8681.04 9023.02 5075.86 953.442 2046.82 7796.11 4811.59 5496.98 2384.8 1464.84 6404.1 3736.54 8252.56 
9146.16 602.177 4016.59 6180.2 2371.41 9189.05 8030.83 1361.96 9745.99 5141.63 4452.46 7716.69 74.6748 4583.85 326.935 
9915.42 6993.16 9979.56 8596.44 6016.16 5055.41 9549.89 8062.98 2851.5 4361.46 3559.94 5236.3 5826.3 9964.04 8972.83 
4078.84 9110.18 9575.01 8095.43 5290.37 1946.41 7284.46 3321.18 3308.36 7030.43 8462.81 7760.82 4747.1 8537.48 2344.65 
5074.03 8452.89 9337.81 5053.58 7049.31 5353.96 108.965 6599.18 3416.92 2960.46 960.623 6976.87 8196.76 6786.92 6940.89 
7169.58 865.747 6051.06 6744.58 8961.18 1341.4 8690.98 6245.62 4662.58 1999.32 3276.03 3125.37 9760.14 8023.13 1662.84 
2104.78 3097.14 115.713 1442.57 8150.72 7165.03 6796.53 8259.69 3764.19 213.438 1220.13 4724.82 7190.3 9416.89 1511.72 
4131.18 6586.46 2377.47 182.216 3331.02 1338.63 1523.62 2021.98 7584.25 6186.2 4021.3 860.259 9311.58 3781.43 8883.39 
974.403 5886.21 1980.51 1090.12 7328.78 131.217 8255.14 4125.3 8390.9 2019.32 4338.73 9611.04 6744.14 1529.02 9027.91 
8255.86 5660.2 5614.35 633.315 5842.41 8945.37 1971.94 7366.03 967.333 9556.19 3552.22 4988.64 416.431 2863.78 8770.06 
9299.82 3838.18 4656.25 1280.31 4928.3 1985.02 1411.53 3183.43 6110.31 9802.43 5202.75 449.03 9413.45 1946.87 1978.05 
8441.35 202.714 7638.25 4055.69 836.029 3480.64 3001.04 2807.97 846.662 3968.37 2364.14 4398.88 8957.01 2780.58 7262.66 
7727.06 2080.38 1100.83 2383.29 3360.69 6029.13 4368.31 4772.22 9212.56 478.609 4574.64 4415.29 927.638 3988.08 6362.16 
2905.69 2429.41 6564.87 543.918 6485.1 7400.9 4024.56 9486.14 208.853 4871.22 3454.5 2573 9270.11 2411.49 5353.57 
6532.75 138.533 7433.95 7633.58 2521.83 794.625 3662.69 6890.14 5566.85 2875.23 7368.75 141.474 7290.52 8296.39 4129.55 
3652.66 1202.06 6558.96 217.509 1745.98 3044.05 7618.41 5770.54 2530.17 7827.26 641.746 5984.67 400.24 9911.85 8396.16 
5753.81 6444.59 8534.7 3187.75 4078.15 1056.51 3982.37 7740.84 7946.65 9549.22 616.059 5315.38 9690.69 7906.58 3611.75 
3820.23 1559.22 4813.81 379.175 1776.73 6559.79 3423.22 9395.13 2330.31 5953.39 7222.37 2972.05 1938.04 7622.61 2883.89 
334.187 3376.41 9328.47 8868.88 6564.16 3406.61 9925.39 546.511 1147.43 7872.02 95.7145 1763.49 3187.38 9786.41 9670.07 
6799.13 3606.62 1229.27 1612.93 3985.8 3005.99 8172.71 7409.02 2401.11 503.001 3362.39 9623.48 3475.05 5300.43 7246.08 
6358.94 5634.62 622.473 5687.4 4503.49 7186.63 9094.01 4428.86 7733.14 241.424 2300.86 7828.85 2004.92 5488.24 7615.25 
1674.97 2287.36 1221.85 2904.24 3900.28 5207.65 5910.23 2072.98 2616.64 8311.34 2575.98 5979.03 7934.81 6051.03 1279.45 
5180.87 2409.96 6914.07 5803.35 8097.36 1417.54 2989.96 7191.35 5846.4 723.08 7432.77 8147.25 8551.93 9437.69 3635.48 
6167.16 1112.64 5922.84 7389.01 4016.88 9823.12 2596.64 9927.11 1896.08 5213.29 8238.44 4472.05 1192.3 6173.23 523.069 
2471.75 1354.09 2933.03 9385.82 7157.43 1030.37 803.344 147.372 8221.72 6649.74 870.452 5654.47 4796.98 9422.39 5092.15 
8432.46 5589.53 6204.79 4355.27 2978.53 221.65 4178.38 5575.17 148.745 6074.45 788.434 8387.18 546.488 1980.74 4560.4 
1069.56 4452.49 5914.48 4002.58 3838.29 3071.9 5032.95 4641.64 3219.27 3254.66 1291.36 4089.72 8909.13 6088.34 3512.09 
4001.26 4520.78 9101.62 206.03 8876.05 2080.13 427.68 3054.41 7655.3 576.425 9128.86 8443.73 8963.61 9675.35 424.452 
