400 15
1420.61 4851.34 7413.01 1551.68 986.064 549.064 9333.03 7940.72 9679.57 5110.78 859.245 3772.08 7771.1 9337.05 864.604 
238.658 5684.56 4520.48 4712.13 4316.52 9948.94 3774.04 6561.85 9154.11 6897.95 8138.87 2772.59 5741.48 9744.15 6338.23 
5743.99 1164.74 1189.55 3156.98 2716.42 2175.61 3706.04 2049.43 116.32 3385.6 7160.21 975.565 7157.68 4931.29 312.598 
8022.28 5169.95 5997.15 2542.74 9882.08 313.66 2491.67 3656.1 6875.51 1645.76 554.038 5014.36 4418.35 6295.51 4758.49 
756.56 2039.48 5923.24 1946.11 5196.46 8639.65 4121.73 8902.51 689.064 4238.05 2288.09 7849.27 5213.61 9445.77 2780.54 
5526.21 7468.03 7950.49 1523.34 10.76 7832.55 1837 2502.43 1488.64 8712.51 4148.19 2042.67 3726.86 8566.54 8338.19 
8485.35 9323.1 377.654 4408.57 1269.2 5574.12 3048.21 5390.92 4476.61 3737.27 9628.97 6764.7 1586.52 4842.56 6210.45 
4367.07 368.751 3678.47 2317.54 1892.1 3689.23 150.072 3729.1 6191.65 1638.71 2441.59 339.829 3681.38 6168.45 8906.37 
2019.55 4653.78 8229.46 2397.2 9062.35 9498.65 7971.32 2110.54 4889.56 2447.91 5847.81 4518.51 9212.61 7434.33 9361.07 
5423.04 1801.38 9729.82 9101.5 4118.92 1621.9 2790.71 4268.99 5351 8982.37 5907.7 7792.6 9322.19 9589.08 3961.03 
8228.55 1608.61 8614.81 6457.99 4005.82 7677.15 5956.63 1977.12 9787.69 846.167 4425.03 5635.48 5364.68 3637.62 3069.79 
4725.73 9060.66 4871.18 4455.53 8162.15 8990.1 6077.43 952.843 3259.08 1428.42 9935.21 9166.78 9221.01 9257.39 8755.84 
3182.02 7485.92 364.438 1796.82 3943.89 4370.26 9473.97 9900.52 6347.38 9261.64 746.667 772.396 4897.1 6111.34 4410.02 
7966.89 837.055 3470.66 2838.05 5292.59 1632.79 1828.14 1370 2585.63 5087.21 2798.42 2520.83 4253.97 2019.41 1778.2 
3009.79 5201.44 9264.12 3374.23 6998.25 3207.99 7744.49 6472.2 3108.49 4091.85 5733.82 3855.16 4864.25 630.904 9966.5 
9274.27 8597.8 803.538 2744.91 1435.83 6096.12 4377.71 3263.97 7466.13 6963.34 8351.18 264.527 9484.17 2605.14 2283.94 
1262.35 5614.93 7485.38 526.447 8989.17 4483.61 3734.44 6733.64 955.798 6842.93 825.476 6689.62 698.066 5689.73 7320.52 
664.549 4963.98 5918.3 1468.09 7708.89 7354.14 7564.21 2086.58 618.09 5030.32 9049.92 8969.27 5294.85 8534.08 1574.39 
7578.79 9796.42 7189.32 5064.14 322.853 6178.47 9547.75 4057.29 2912.09 503.536 900.198 3737.57 7193.16 1598.26 9427.29 
4513.66 2262.81 4391.26 431.948 3730.9 2100.13 7786.08 1295.09 4186.71 8404.17 6325.41 3236.62 7373.43 1620.24 1770.68 
8947.82 9199.03 1567.08 6137.13 4263.15 1889.94 2315.58 3810.89 5947.23 5227.68 4314.43 6847.42 8965.24 1507.57 8445.69 
8392.52 6021.23 708.485 2783.76 6453.18 4439.38 4883.89 4239.24 5734.48 9070.6 2643.4 2059.87 2307.21 16.8154 3680.11 
4077.89 8964.64 2879.12 5644.97 5101.75 7142.28 7534.91 7417.33 953.154 3482.12 2644.99 5267.58 329.527 1610.22 6775.15 
8775.22 2.72249 2796.36 9483.7 2786.48 9249.54 3923.07 7670.37 3488.76 9657.54 6740.96 6132.17 1717.4 9048.17 6148.98 
5397.51 3126.04 5113.6 8276.64 8771.01 215.335 5418.9 6305.9 7632.67 6372.05 9788.02 277.642 1639.62 117.529 1887.86 
8414.77 8892.75 1890.58 1211.11 8376.43 4677.06 460.63 2299.48 2347.42 3949.39 1957.01 9088.38 81.5441 3674.4 8136.53 
6230.53 9071.92 1262.55 1344.11 7348.53 33.5416 1559.45 2767.41 6339.44 9192.11 9139.46 6127.44 9469.75 779.064 6244.97 
1357.6 9193.83 5137.7 3248.18 404.922 3514.11 7925.25 865.552 5813.59 272.648 4814.95 7770.6 9361.03 4896.49 1444.99 
7497.54 1127 516.885 8760.09 2471.11 7865.42 8793.63 4030.56 632.816 5133.06 3222.65 9772.28 1260.49 2692.39 551.327 
7505.46 4049.99 9745.16 2643.14 7298.17 150.062 6157.26 5223.4 1015.61 1970.83 5496.05 5830.56 9741.43 4857.06 727.035 
1186.4 2354.58 1854.04 1703.29 1114.66 4325.15 9568.7 9908.29 8355.71 201.504 5041.33 1578.34 9973.78 6301.81 4270.74 
525.095 3807.26 8320.73 270.234 6450.4 5618.88 420.296 2607.64 842.264 1435.91 4578.48 6338.31 7266.47 4319.89 1195.35 
7993.51 5506.29 3549.93 9847.54 7209.58 4664.59 4172.67 6778.27 4572.86 2528.36 6979.77 9614.19 4106.7 6953.54 5915.99 
8377.44 7478.63 9723.25 6698.15 7748.87 6173.63 2317.01 8169.16 8781.27 3159.28 9605.07 3359.73 9497.59 6871.53 7679.62 
692.924 4865.02 3185.9 4242.86 4712.54 395.458 8907.45 8885.21 7173.72 3480.29 1413.56 4153.48 3094.47 5520.26 1107 
9010.45 3897.68 8585.63 8733.68 595.813 6334.48 4907.3 2912.83 4503.62 3688.55 6072.11 4108.68 7048.28 5569.68 980.187 
4727.89 6262.6 5845.2 7913.78 505.443 557.727 8309.24 9412.89 9442.94 5482.95 2893.16 856.479 9636.42 5987.63 6376.74 
743.401 4998.07 274.402 9329.03 3731.73 870.216 5663.49 8639.03 3783.04 167.092 2327.56 9855.15 4275.77 9375.84 5424.81 
5255.96 4103.71 1687.39 1101.14 2017.48 2192.84 1658.87 326.703 1605.71 1101.79 5809.65 4498.87 1958.27 5446.06 486.486 
8335.01 6189.46 5484.55 8609.41 5518.47 9216.28 9479.63 1181.94 7855.29 3262.65 1349.03 182.838 3117.78 5624.8 9558.68 
8542.59 880.739 3662.38 229.97 1981.88 5679.85 2422.81 3640.75 6006.56 4028.51 4742.54 1816.19 8527.39 6700.81 7262.25 
9013.87 5035.8 3451.69 4498.41 3645.2 8970.15 3714.68 3124.81 152.074 1569.95 6387.46 1501.1 1752.79 9505.24 7125.9 
1311.45 8047.82 8006.64 4973.83 8277.79 9988.52 653.668 700.578 3629.26 6660.23 4729.09 8371.8 8476.42 3256.46 5072.59 
5738.65 2270.32 108.377 9190.33 6768.73 3753.57 8160.47 483.39 6878.38 8312.54 2053.34 3265.82 9813.65 3806.13 2771.05 
6939.53 5117.59 818.851 4946.16 91.4023 9096.64 4934.67 745.071 9797.22 8563.92 7405.3 4526.29 6935.71 5881.7 7782.76 
2008.28 1620.32 53.0632 2116.66 810.639 6821.79 5870.23 8971.11 7305.18 2748.59 7283.63 9358.53 6014.42 7097.26 3164.64 
8785.46 4036.78 8282.23 9604.32 8982.94 8373.63 8700.94 3917.59 9118.71 8498.14 2481.5 6523.98 3024.42 9417.21 2405.66 
807.159 1425.47 4025.99 860.222 3542.13 4836.63 7682.02 9412.36 3807.72 4987.18 2160.94 1091.33 4345.69 8175.35 8188.6 
7510.33 6960.8 2225.36 5792.55 6565.1 1208.29 4166.17 5266.02 5125.88 3284.85 3764.15 7607.38 9808.84 6788.56 7024.57 
2214.48 7595.72 8450.04 6240.47 8455.94 1992.16 1077.08 6137.94 1404.5 4884.8 1125.11 3565.44 5976.13 5470.8 1740.77 
4164.71 2981.12 8701.58 6390.07 8773.67 5266.66 7598.35 2939.81 532.665 2724.22 6224.67 4296.81 331.58 6033.49 1085.35 
7356.15 8247.97 8681.08 5806.18 4488.43 7137 7798.33 5565.51 3274.93 9202.83 450.285 4400.03 2768.25 6426.41 9870.83 
4509.03 591.105 2851.93 3210.58 6981.17 1625.58 8477.24 4579.51 4565.39 9009.91 7303.73 790.045 3306.7 7635.31 6823.53 
4392.06 4991.44 5071.49 3073.11 797.602 9559.92 210.097 8595.94 5125.4 3485.02 7798.75 5575.69 7885.05 566.985 2002.09 
7755.87 5076.01 2593.19 607.78 8286.59 9574.36 2233.36 6763.82 4153.86 6798.75 5773.71 1457.57 7588.8 9080.41 9092.87 
4412.31 3472.45 4084.3 9483.8 6545.57 4881.9 9043.7 6755.66 3477.82 4169.09 240.669 1276.55 9744.78 8125.72 1843.54 
1746.85 5881.57 6919.55 4340.04 6489.35 5206.12 3914.38 8722.71 1969.93 8068.24 5521.45 7743.64 9525.81 3110.23 6824.04 
8618.66 7522.54 296.472 2702.94 7006.32 6842.04 7584.84 6050.01 3597.68 1062.64 219.08 3838.35 2339.2 9963.86 1964.06 
4182.73 1710.68 7845.63 1102.26 6050.72 4334.97 6308.39 9965.1 3057.67 8278.31 8033.32 8579.11 6021.94 7559.11 1689.32 
2845.96 6177.76 9211.86 3142.43 8880.7 6218.17 9984.47 6465.52 2268.16 3582.14 7528.17 2487.24 7420.49 9867.36 2451.08 
9384.55 4050.08 4161.77 7230.16 5152.34 212.469 1565.12 1460.71 177.554 4622.78 9739.02 8210.88 3201.88 5760.94 5769.97 
4891.2 8606.9 1947.71 4103.05 1749.31 828.391 321.2 1733.76 7293.91 2589.36 5315.9 4822.06 5076.6 2736.37 4689.41 
7527.68 2120.9 8739.49 1689.43 9351.06 3891.81 1901.9 916.158 5352.52 2079.46 5538.94 5091.52 290.316 8740.82 852.443 
6060.29 3632 9459.34 8008 7735.05 1208.64 8836.39 8056.25 2942.4 6130.28 645.596 8258.3 952.331 5722.2 994.648 
5641.74 3249.87 3115.55 4381.21 4939.3 2466.59 8273.02 6841.2 3382.75 3625.52 8920.66 8921.69 8717.04 9210.97 7662.49 
9569.48 5271.24 1294.48 9028.8 3279.22 9029.53 237.422 2115.59 7085.76 3179.82 8245.88 7731.36 1438.1 9198.21 3453.54 
2432.75 4839.93 6703.41 5548.3 9221.14 1642.69 8014.88 7494.14 8483.89 1397.61 1119.64 7404.53 319.284 9836.67 6615.49 
7981.77 9406.14 1886.71 9276.25 8434.92 5165.94 8305.76 8672.34 7281.53 5391.51 1852.15 5527.4 3122.85 3290.25 4725.59 
6576.39 5723 9565.52 3279.78 1271.28 8786.64 4922.47 9286.17 6280.77 3406.35 683.764 7400.41 810.861 1003.05 7237.07 
7426.35 8984.82 6643.19 9313.06 8261.05 5078.09 4478.98 6566.8 3750.42 1760.5 1958.29 5602.57 7287.89 5081.14 8892.82 
2013.46 1657.52 4615.8 1578.97 4937.3 5887.09 365.595 9859.78 5173.24 6646.36 3266.11 5857 4046.76 4076.97 6860.05 
1283.81 1503.3 5844.85 7926.99 816.345 4105.89 3005.07 5295.33 672.67 6755.48 7055.83 2630.96 2358.03 4343.71 7712.1 
1250.84 6357.17 9369.62 5866.64 7936.14 4306.91 1753.71 8301.73 4166.67 6926.95 4948.08 7432.77 2783.93 8994.83 1509.72 
9643.98 278.623 3013.02 5488.81 8205.62 3829.37 9594.7 1210.66 9124.7 267.354 7966.15 6180.51 2898.31 324.166 524.195 
610.401 1575 6881.36 9980.02 7441.64 4817.49 4286.91 9195.35 3119.2 8453.58 6122.28 8067.28 5886.33 8906.21 7062.1 
7396.06 8550.17 7340.72 409.062 4038.97 5546.32 4238.43 3633.65 6756.98 3363.11 3901.01 4723.11 9543.62 6799.32 5047.28 
67.7943 7409.72 6622.28 6949.16 7389.73 4063.91 1766.63 1676.62 3259.25 4885.83 130.181 9381.53 2953.09 6016.51 8287.73 
15.1698 3412.55 6837.88 7355.89 3821.61 876.835 2902.19 8060.04 4510.49 9659.17 1423.14 8411.49 4382.27 966.734 5210.8 
9429.54 1034.53 2620.5 6051.81 7983.69 10.212 115.7 9750.32 1686.83 3374.95 4636.13 1817.01 2756.46 7589.22 7833.53 
1044.17 7604.39 1246.06 7882.05 4960.26 5067.68 8758.88 7862.45 3127.7 3269.35 7521.6 4550.84 1680.83 1903.85 5517.57 
6891.63 1333.38 6552.1 9512.13 7385.19 4535.77 9522.34 7500.89 4286.07 1209.16 875.815 8922.2 3026.17 3632.27 6511.4 
859.683 4676.44 4115.77 2105.74 2558.47 9076.03 7173.42 1317.34 6938.46 301.105 4586.69 4460.04 4851.94 6267.52 6363.89 
369.496 3159.14 7697.27 6921.6 2671.25 5082.44 1457.35 2193.58 2583.31 5743.42 3402.74 3459.13 4665.59 6428.91 7091.4 
1176.97 7288.59 1767.82 5292.74 9394.34 4326.29 4368.75 6567.74 5643.63 1307.19 6868.85 230.304 5767.23 1720.77 6497.83 
2131.1 2090.27 9656.96 9828.37 9011.86 2328.2 4910.79 469.195 4521.78 7494.1 6212.61 7924.52 953.214 878.188 4353.41 
8044.61 2055.16 1641.99 9812.43 7347.9 1036.31 4138.71 1716.63 7604.05 9782.34 3023.81 4472.88 12.6224 8791.04 6193.66 
6510.45 922.126 8283.93 6167.4 750.481 7295.78 8495.59 5661.28 7764.97 3017.35 3155.36 3977.57 941.853 4108.58 4855.75 
5295.26 2153.17 6910.91 6937.25 1965.59 4258.8 7973.56 6104.29 5975.42 5577.6 5886.61 8999.24 50.4646 5899.24 7790.26 
6244.12 2409.67 8712.39 4528.03 8577.07 9462.87 1823.79 7072.64 5124.13 9588.76 89.9819 8279.49 3566.31 1031.83 2388.05 
8422.06 6327.1 4541.23 5332.96 3264.33 6506.81 9591.76 1237.87 2611.09 5567.16 6815.47 8497.71 4566.39 6865.94 4396.92 
2356.63 3110.04 6806.59 1069 7638.08 5383.64 531.858 9461.87 2456.27 5655.99 9050.62 2546.25 3935.46 2616.91 3578.09 
6323.52 1038.96 9905.18 864.724 6371.92 3169.5 7371.54 5963.66 4407.37 9982.63 1530.81 1222.83 8480.32 6097.19 8088.76 
2877.23 8453.82 1198.79 9683.82 9522.83 8836.86 5067.44 54.67 8298.71 7523.71 5710.66 7349.31 69.9473 9646.12 9966.23 
3648.03 5969.62 1005.17 3553.2 6834.34 7377.09 6722.7 4205.86 3340.73 1130.05 4188.48 4871.54 2352.88 2668.78 968.712 
441.624 5546 9422.54 1640.41 5229.8 8945.35 477.257 297.23 9000.02 8775.97 7820.94 4710.66 6125.27 7890.89 4356.76 
6091.48 1538.91 326.363 7096.64 5092.11 7160.71 4473.71 1814.79 1366.55 7814.44 2944.84 5555.03 2685.96 5297.72 8223.8 
3654.68 5739.34 3769.79 3077.2 7379.75 8999.59 2022.53 7857.01 9296.82 1022.53 6632.96 7117.75 5733.19 2758.22 5008.62 
89.9299 8849.69 6547.53 416.293 5946.32 1639.62 7577 420.015 3454.4 8943.55 8234.46 6399.24 4498.56 920.406 1696.94 
2722.35 4575.08 7436.29 6492.14 7652.28 4816.02 5491.71 9674.8 2673.01 4788.51 697.314 9305.98 1906.24 6430.5 2064.18 
6914.86 6520.43 913.85 3462.37 6936.72 6860.17 5101.99 4513.7 7280.18 8556.39 3457.24 5514.62 4955.61 7955.8 6435.03 
6652.56 678.13 1010.1 4088.83 7170.27 8662.37 8904.85 2661.96 8337.16 1577.84 7450.47 9034.48 883.803 9356.72 5464.96 
2947.98 6271.56 1985.37 3861.83 9733.93 8922.09 721.979 4835.9 3435.78 8002.16 3392.27 6893.02 3516.77 8347.89 4848.8 
9951.8 5000.43 5526.93 961.883 9089.25 2697.18 9624.26 7994.08 5359.14 7961.4 9571.93 2809.6 6995.86 455.712 2166.3 
2460.8 3403.69 8437.86 4446.17 7265.52 8171.78 3368.25 7987.5 3007.66 6804.03 5989.64 6399.94 3697.03 9506.42 4747.81 
8545.83 9458.2 9748.23 4072.74 420.067 8837.47 6769.93 44.3071 6831.54 2129.05 8005.71 6403.45 4938.65 5001.55 6859.16 
7104.94 7462.35 262.831 5542.79 1908.51 7528.35 3714.54 5276.75 5515.83 6722.21 2080.77 1505.46 3122.12 5777.79 1011.86 
7869.93 4323.61 470.041 7618.15 8396.35 890.108 6455.6 5166.26 934.415 3287.12 7295.31 8940.12 9690.56 2233.94 3941.66 
6549.7 9338.88 1403.99 6812.54 4881.65 3312.5 4340.87 8596.2 8589.26 9856.7 5318.38 670.004 1362.14 8440.51 6447.8 
2374 6310.42 771.39 2844.04 3928.55 9167.74 3734.15 384.13 4333.99 4668.56 3671.25 1629.28 3608.67 3361.79 3863.22 
7550.33 9911.5 3202.09 8954.32 6724.02 8083.74 2266.81 1064.87 6679.92 856.045 921.549 1998.29 1526.05 2283.69 438.777 
7973.85 4657.69 6749.2 8745.24 7501.73 677.729 7912.96 1235.86 1061.86 2246.93 5904.42 4733.1 3876.21 9513.09 8094.9 
7739.43 7063.4 8006.38 941.499 6017.71 4730.38 9025.24 8284.52 5795.24 5705.14 9140.56 6716.79 7703.42 666.595 9000.48 
8142.2 8640.44 3658.15 4891.38 7385.66 1159.87 5569.11 5298.61 2395.73 6630.97 7545.54 8300.15 1364.05 1421.74 7813.22 
9458.95 9161.17 4876.61 7465.31 102.65 894.304 2195.67 9127.89 9178.82 7990.91 4833 8319.37 4707.69 2536.41 8985.96 
3708.15 678.591 7626.39 7366.3 5569.97 5012.04 8526.17 1139.06 310.629 921.878 7770.03 7856.17 9222.03 9134.08 9277.91 
7035.23 8593.01 8439.06 1911.83 6058.31 8541.71 2806.13 8253.98 7669.58 1984.94 6244.88 2502.57 304.285 952.544 5038.98 
9290.25 4660.69 5717.57 6916.62 2026.98 1287.52 1928.64 553.136 2426.58 2239.26 1475.01 196.589 95.4188 697.023 9330.67 
9373.33 7732.26 7923.67 7812.37 9644.08 3981.96 6354.06 2450.2 2235.92 4023.62 4435.13 8480.79 6526.19 4739.42 9433.34 
1565.15 4029.65 4094.02 7282.72 946.25 6121 8570.24 2874.89 6674.14 996.801 5114.15 8149.15 1193.39 5209.57 8846.17 
524.042 4582.88 6578.41 8447.71 2395.23 6222.48 2429.65 8749.3 8672.68 4665.57 2772.9 3107.79 3146.35 9299.1 7847.21 
2579.67 864.229 1876.84 6673.69 8146.95 2823.09 2794.67 6717.17 5697.98 9468.81 7713.97 812.109 7617.94 8907.36 6021.68 
6464.1 9431.4 604.539 3042.49 7879.09 2999.77 9264.97 308.724 1749.05 7937.63 4974.29 4521.96 1045.4 8120.64 3821.04 
8892.61 700.294 4685.26 769.439 7373.98 2832.19 3592.53 168.637 9549.36 9290.51 9637.44 7263.31 102.6 7255.37 6170.65 
6124.28 3719.45 5602.04 6728.82 6761.94 3481.11 9728.59 6026.89 3789.84 1477.62 3964.51 8764.13 5999.58 5009.91 6884.75 
9820.62 3902.51 7585.05 4505.86 4671.94 4959.01 7338.06 8264.48 5127.65 6887.4 7554.97 4765.08 4150.7 7657.57 2020.43 
321.332 3781.83 5739.88 5923.37 510.628 2501.8 9404.48 239.201 8528.69 3194.3 1716.83 2493.18 1958.41 7716.41 7503.09 
8843.17 7537.01 1405.58 6428.2 2042.85 6077.52 1387.19 9380.91 4341.98 6514.84 6268.29 1896.93 1279.9 418.972 9554.5 
3300.33 740.304 3336.31 9040.21 6663.67 3846.94 1542 6068.14 4086.14 70.6731 9262.44 5802.97 2563.86 1220.83 3519.35 
66.9307 63.98 1056.34 1472.51 6492.18 3099.2 7550.04 7879.37 2480.09 1892 4394.19 8748.38 3788.93 5674.1 9167.36 
3343.42 8974.43 9907.66 6679.73 8014.63 6571.31 526.652 9556.62 2639.43 4612.79 9627.29 1901.85 415.74 2191.13 3122.68 
3935.1 2258.06 3186.67 4991.44 3730.57 9678.84 8090.64 1280.59 7558.19 570.71 3172.59 1952.37 9319.09 6961.53 7626.47 
8486.43 304.931 6600.88 8394.07 6984.66 4615.49 4965.37 7511.31 4172.1 7604.81 2124.09 3799.38 9506.66 2539.83 5990.51 
2629.33 6474.92 8248.57 5815.99 1466.35 1979.13 5494.82 9556.98 3259.73 3052.99 127.676 6432.32 5005.36 9446.77 3393.83 
2631.82 7933.18 3698.76 9232.7 6327.24 683.407 3848.18 1292.59 8194.72 8020.28 8897.4 318.789 1819.63 8404.04 2858.62 
7810.14 1033.35 9333.54 6058.7 6849.34 799.868 8037.83 2344.14 356.834 1297.54 5397.13 484.51 7729.86 402.476 9931.28 
1123.68 3034.29 7864.45 4822.44 2266.97 4191.67 5505.85 6115.15 5484.26 3700.55 4135.41 4381.64 4019.34 5955.04 2785.67 
6877.96 3765.17 3819.02 6211.48 9823.87 668.34 7011.35 7861.68 3012.48 7368.18 9159.22 8409.61 7852.69 6889.07 8812.08 
7783.95 8012.74 1846.36 5648.38 2835.17 4113.33 9840.05 8341.02 228.464 5324.3 2041.55 4363.87 9705.94 6060.89 318.896 
2491.59 2938.83 4084.06 6310.61 9150.31 3907.92 6978.95 6161.64 1769.58 9991.43 3529.81 928.788 8401.02 1382.48 7817.86 
7213.09 9166.44 5830.58 9059.45 4814.8 8665.75 3172.76 4654.84 7006.75 3401.22 9979.13 9048.31 7765.1 9685.06 5109.18 
8083.99 2176.63 8048.01 2168.04 8487.24 7198.31 6075.95 5466.17 3359.93 7845.54 5457.58 6889.74 8774.32 3858.59 8272.22 
6592.16 1071.66 7438.65 2422.73 131.087 2253.43 1088.47 3303.85 6908.27 8095.22 6705.07 6887.38 7143.51 4470.15 6572.42 
2252.67 2554.12 8749.06 300.671 4722.16 7236.28 7498.98 798.1 2702.44 858.897 8643.64 8160.02 7748.64 7417.94 2018.6 
6020.85 4010.09 3090.25 3459.48 6432.82 3221.34 5712.91 7521.28 6525.19 2621.15 5616.49 3230.24 9508.54 2759.98 7700.39 
6080.94 5012.65 254.496 4829.98 5313.33 4976.66 2066.25 2812.29 5774.76 4768.69 3671.19 4418.38 2928.7 1419.81 1836.3 
4947.29 7440.66 5846.39 8037.55 900.114 2279.19 1258.87 6613.02 9800.48 7784.06 9234.17 5416.95 1014.28 8742.69 8176.93 
8714.67 4823.62 3189.57 8969.17 9653.6 8502.89 3945.81 1719.84 1315.17 9720.57 6488.52 4986.35 4138.93 9417.22 6406.16 
5975.23 4364.5 3846.8 1821.61 2402.02 4746.91 4100.8 3660.89 1359.91 3901.26 1444.94 594.072 9318.21 2459.22 9336.77 
7495.13 1173.87 4160.37 684.677 143.019 3813.96 9187.57 4088.83 5533.79 502.719 3809.38 2022.3 5489.07 7948.3 1439.5 
1895.21 3923.52 5804 5742.01 5745.13 8206.02 488.906 9845.93 1866.9 1848.82 3747.17 3311.84 2442.89 3065.37 5771.05 
1779.64 560.478 6944.92 5940.01 1245.16 7087.94 9753.97 432.709 1176.75 5287.74 935.429 4986.13 7310.04 6424.5 2934.41 
8749.55 8319.71 6857.93 4553.53 4061.71 2603.04 2759.53 4550.61 2448.95 4626.43 6399.43 6196.13 7938.27 8842.33 9261.49 
3709.3 621.952 9821.97 654.21 6561.96 1067.11 7742.15 6315.92 1499.82 8918.9 1603.64 2435.25 3905.01 8913.69 8859.75 
6839.43 7663.21 7179.44 3697.34 2216.72 1241.13 6300.38 4976.26 5791.74 8749.34 9602.69 2191.16 4945.45 7540.94 1033.47 
4206.92 1250.23 1655.42 4028.88 1904.44 8217.39 5095.99 9646.59 4533.29 6595.81 8565.48 6136.93 9031.06 2470.47 5050.6 
7890.79 9309.89 2713.79 5070.21 3007.22 4930.52 6311.34 9307.6 9906.78 2103.07 8056.92 9509.45 4294.23 3002.35 7050.38 
5327.7 7209.28 8300.61 6983.13 1238.14 205.035 5200.5 6334.12 9851.63 9733.79 2929.91 8417.09 5870.7 1960.95 887.538 
921.277 9851.74 197.416 3635.07 4921.93 3204.64 8565.59 1233.26 2512.22 8472.35 3336.33 569.13 7981.78 7630.56 3571.48 
5032.14 2958.25 780.742 3332.74 9941.38 2018.88 3537.77 5141.86 8353 3389.38 4875.63 1282.9 1806.45 746.312 3243.85 
2693.99 1667.59 3095.57 2891.4 5302.66 8017.5 6096.04 3868.23 9250.77 8608.26 2340.56 2587.08 9177.39 322.328 217.629 
2748.86 5354.47 3175.88 3529.6 8687.2 3117.24 5548.48 2224.96 8259.11 3901.46 5614.34 3134.72 5184.36 7420.79 3881.04 
8428.21 114.755 5548.62 1523.76 3006.16 851.267 9541.27 9102.2 4719.5 8792.02 7710.44 7060.06 1379.08 6887.81 7382.39 
1596.71 9636.67 2736.84 4772.59 3166.25 1424.03 7889.83 8714.72 3648.99 6148.93 2616.16 9263.33 9283.65 7800.52 6684.09 
3164.67 6228.71 6798.85 8713.29 7752.48 9805.01 9564.56 7293.73 8907.19 4284.04 6085.73 6617.61 1344.09 7464.81 3505.4 
8726.48 9061.51 3142.05 1463.3 3834.09 6308.3 2887.33 1723.9 5023 6536.32 7872.83 7639.16 5799.63 7156.46 5439.67 
2483.71 321.109 1668.37 9282.56 9034.4 9420.84 9087.55 8598.94 6714.55 7994.72 2882.96 2800.26 4612.31 4227.05 265.05 
8117.71 2953.51 9326.57 1259.74 4416.81 3160.64 7568.04 7304.14 4884.54 2591.02 3840.45 2757.35 230.167 9640.08 9913.81 
5669.84 2123.77 234.903 7338.2 1406.31 9269.3 6759.03 493.841 7868.23 3473.56 8488.56 751.172 6273.82 3100.85 4978.22 
6538.87 1218.54 7931.73 5865.42 2478.28 2348.52 9026.05 46.2972 9652.67 3910.58 2637.32 3493.1 6667.93 2867.48 3133.16 
6581.72 8537.32 5256.93 6816.63 5875.5 6663.24 6085.91 2634.51 7157.08 3954.12 6108.07 5645.62 4705.29 2381.88 8746.47 
9683.51 8920.75 9965.01 7615.22 4786.15 2443.27 9963.75 3812.18 2489.57 9616.39 7722.76 5126.88 3109.48 4390.67 7994.37 
6242.63 972.373 6531.67 1499.55 7789 2407.15 8162.78 3874.89 5041.67 5319.85 7829.01 1149.72 965.451 2534.29 3531.6 
9711.92 2217.78 2452.32 9676.91 9833 7238.47 2120.16 9796.73 1050.64 4609.73 9413.11 8773.39 9736.61 2522.57 3164.05 
7730.96 8765.2 4136.42 4262.61 264.731 1925.4 6669.77 8427.51 5800.29 1711.42 3747.34 3629.29 2861.14 4712.79 6163.57 
6392.74 4424.7 8381.36 8845.06 4101.59 8214.34 6083.52 6221.76 8011.06 7134.15 831.47 7424.15 5907.53 568.067 9946.72 
9071.58 8299.03 8711.91 3207.98 2561.63 8976.64 5133.38 9231.4 7404.14 933.658 942.799 1151.46 4562.95 3803.94 5864.26 
726.504 196.659 288.939 9107.86 9041.72 4390.53 7322.18 5125.22 612.271 5333.23 2259.36 1443.74 2757.36 8166.89 2011.81 
2704.06 7238.45 310.821 1415.95 446.409 2872.45 392.572 5579.79 2103.83 7796.71 6513.45 3046.63 8948.17 1076.38 6850.57 
4812.41 1802.88 7047.23 5101.35 910.723 6088.93 9491.88 8232.91 1214.13 104.133 3566.11 3473.49 1547.87 6323.47 1640.36 
3559.68 9027.54 8878.8 3870.5 443.471 9325.21 6742.95 836.043 4904.99 8846.78 8632.75 1418.42 1893.39 7580.9 2494.79 
8743.96 2393.3 4297.67 5791.17 7494.64 5208.39 1880.09 6986.51 3441.28 3094.22 7090.64 7007.4 6567.71 8638.51 3330.86 
8208.07 2198.18 2358.38 7086.86 6068.68 2801.85 6412.05 2811.62 3637.89 1317.02 1658.38 2270.62 2735.44 3551.78 9851.53 
5230.23 2295.72 2244.81 9527.9 8086.9 9739.45 4736.28 9966.98 6725.94 8177.56 3061.19 3816.56 5184.94 9628.9 2455.06 
8515.8 7836.95 4653.24 874.161 4923.79 721.905 3676.01 1335.83 3533.52 7313.9 2652.85 5191.9 9584.52 5388.29 8743.68 
9436.03 618.496 1039.39 1680.82 146.379 9126.28 1420.25 4882.66 9093.25 8146.19 3060.2 2154.42 1962.74 8245.15 1783.3 
4417.8 6760.93 9620.25 9071.04 7635.09 4544.02 9792.95 1311.08 5879.85 3326.45 8624.98 8532.7 8518.36 8209.49 3920.97 
7262.02 7645.5 4539.46 8301.41 9326.33 4685.84 7427.67 746.563 9568.5 6520.9 8892.76 2628.68 8675.32 855.48 873.812 
458.599 5273.28 7634.74 78.8313 4344.31 5269.82 4622.85 4137.23 6580.9 502.687 7463.69 5205.87 9035.39 5982.02 3415.34 
2956.34 3244.03 1060.83 7495.8 1545.42 387.134 2181.62 8973.09 1133.7 1750.1 5493.97 26.4366 4378.79 4169.27 881.917 
5252.6 4627.87 6155.2 2887.33 4706.7 499.486 8157.14 9329.56 4636.72 4738.03 9832.24 2100.39 9943.89 8867.61 8082.41 
3359.21 1823.93 1326.42 4420.04 9319.73 2871.84 4807.17 1501.33 1844.91 5940.87 3251.44 7338.88 5967.31 7630.23 1508.13 
6849.22 2882.81 6136 3004.41 5770.13 842.686 3503.89 3927.26 172.224 8140.61 8665.29 4.44952 240.982 8609.16 8872.06 
8323.39 1968.36 695.973 9649.82 6388.4 15.6842 2521.64 1195.55 1517.02 4366.55 7136.42 4768.46 1705.41 3103.71 2398.67 
3213.54 9952.94 5281.48 9349.54 2957.33 1051.59 192.212 6461.22 4978.85 364.436 4601.81 3644.12 368.886 4842.79 2253.26 
9240.95 3166.17 4221.62 9936.92 2815.97 609.999 9952.6 5337.61 1805.55 1469.61 9704.16 8941.98 6238.06 1409.55 2045.67 
8636.73 4623.09 1998.6 3918.19 3972.62 4955.92 4969.78 4164.83 1417.12 9948.63 4529.27 6018.93 3592.73 4898.15 861.71 
5846 4139.08 4027.88 67.5992 4075.98 6843.85 677.599 4028.57 2181.44 2483.15 5498.18 1885.58 1425.11 1736.22 3295.13 
3470.78 372.933 7918.22 5469.38 4291.12 1890.83 425.286 9260.9 6055.66 1842.41 9209.51 584.904 7861.34 2802.23 5483.06 
8723.05 8648.22 9622.14 2750.91 8715.82 3698.1 9594.77 9393.42 7726.67 1776.19 1876.56 3224.83 3661.78 3301.67 4961.05 
6956.91 6772.45 5333.99 4875.12 2241.81 9625.11 6765.94 2667.1 8885.99 2821.58 4509.51 8095.48 3406.49 2370.83 897.691 
8889.54 1093.87 9545.91 8511.66 3844.78 8261.72 2209.75 3439.53 7655.12 9936.42 5215.72 9531.68 3161.24 8877.5 2833.33 
8122.29 5834.39 9605.78 3456.26 709.493 1847.58 3081.35 7475.44 4514.68 1967.32 297 9024.19 62.7853 3703.49 1395 
960.476 2593.01 2488.87 506.373 1104.65 6333.65 8768.09 3314.4 9773.18 6423.2 3250.8 4988.89 5954.86 6412.04 3866.37 
8788.19 4534.32 9700.76 8393.95 7990.58 410.239 241.509 1071.91 7885.68 4756.19 3039.23 8182.67 3780.35 3102.02 1886.14 
5175.36 4062.49 4479.15 7664.22 4568.87 5583.8 3997.86 3336.94 8898.2 3771.02 9760.14 2148.99 8759.91 5714.99 8561.03 
2626.26 4503.16 3095.33 2327.01 2897.09 1085.89 2737.25 3138.6 2157.8 622.908 7894.78 5197.03 8805.58 1675.12 8299.05 
691.708 6850.48 2361.53 5170.86 4514.68 6930.4 754.647 8512.54 267.322 9652.85 2283.55 27.4466 1801.82 1043.44 5742.43 
362.835 3669.71 245.571 3458.16 5996.72 3142.66 4544.05 8733.97 6281.26 6701.85 9356.88 4176.02 1898.87 8162.44 5851.14 
197.901 8854.15 2701.6 2559.43 4024.99 7216.29 9489.82 4779.64 5728.81 9757.15 4432.47 8012.36 9784.59 6234.3 9055.8 
5527.01 6597.13 2725.49 5772.58 55.2774 8722.21 8915.24 4599.33 7456.16 5196.48 1301.16 6813.02 9372.5 3200.03 4975.44 
5223.63 3397.93 3829.57 7925.23 5957.36 7854.56 5141.5 5447.17 2634.19 870.3 5204.3 7066.66 8882.66 4988.87 3300.94 
7938.44 515.864 9898.07 663.916 6288.44 9953.35 9386.12 5203.66 4552.66 6842.26 400.125 5853.82 3655.26 9772.63 9053.85 
8630.7 4996.24 2451.77 2460.26 2921.46 8409.13 314.805 8062.96 3856.28 2948.99 8933.26 9060.58 15.6338 7815.9 4049.44 
3316.57 5754.33 4565.3 3214.62 6418.25 853.725 3167.95 5804.35 6057.39 7720.61 2646.6 6457.51 3574.41 6301.86 6230.12 
2628.25 4932.55 1226.35 5080.02 7392.81 4147.81 3489.13 7707.61 2210.75 7345.42 656.589 1144 6405.98 672.223 8959.9 
455.398 3988.79 4714.22 5020.7 7203.42 1132.45 5874.42 371.351 6936.8 1931.79 8091.96 9583.4 8389.31 1666.36 5885.25 
4619.41 4294.61 817.783 5845.76 9374.63 8210.59 9993.57 2863.75 5918.19 2204.3 209.147 6574.78 3348.3 6615.13 7247 
2308.18 7070.52 1235.78 7022.4 2091.21 8439.2 8154.84 7965.63 8810.55 5091.63 9897.42 6902.49 4675.01 8286.71 8568.85 
560.243 2906.11 2863.44 1378.03 8751.87 2238.05 9588.62 8745.42 5101.8 5506.79 949.707 5310.95 2081.55 4298 1926.06 
9328.55 6606.19 8996.58 564.317 3628.57 1087.77 9003.51 1783.39 9053.4 7814.04 6875.02 8950.8 4716.51 1550.01 7237.5 
3285.34 2110.26 143.595 6148.79 3488.28 8895.47 8386.84 3076.89 7640.87 3488.62 8583.68 8590.58 8799.57 665.213 2888.57 
725.607 9993.77 9494.75 9722.19 558.067 3123.31 809.94 9561.58 4906.7 9863.34 7375.6 1781.7 8814.12 2092.1 3331.72 
6051.61 5377.45 5441.98 6195.2 1526.21 8930.26 5090.65 9913.05 2007.13 2731.51 3401.66 590.787 1322.07 2201.21 1256 
4210.64 2926.82 1249.75 3705.38 2648.99 1807.82 6828.68 3458.93 1369.38 1735.37 3322.25 8744.98 3517.07 2136.36 837.067 
6848.79 8187.96 6214.51 2290.75 4383.15 7740.73 1220.99 9473.81 7653.76 3228.12 2205.3 1055.4 3818.91 3527.37 3256.61 
5074.9 7738.01 6183.43 6324.65 1443.37 8832.42 8132.47 8272.06 2291.33 9501.85 7.40683 5613.58 8246.82 3524.48 7749.93 
9083.88 373.251 5937.88 5298.38 2664 321.014 3039.09 3884.99 9794.82 692.839 7113.11 2000.1 1748.24 931.999 5527.47 
5004.86 6006.9 3265.47 1188.27 2331.54 4708.84 20.672 463.997 2980.88 2312 9965.85 2988.29 7925.58 8212.65 6512.77 
5675.49 7296.51 6886.02 1613.35 2594.88 9550.02 1934.37 5633.97 3434.99 1729.17 6326.81 548.085 3729.27 8075.05 1480.08 
9256.74 3079.89 7486.99 2522.19 4268.16 9818.53 7231.04 4288.83 282.51 211.899 6600.83 248.34 3200.19 4526.39 8460.99 
9712.95 201.867 5757.48 6598.95 1815.22 8352.36 6148.95 3749.59 3986.31 9583.94 5478.76 313.101 132.012 9208.03 8388.15 
1612.1 8464.75 1468.02 9099.08 986.929 5736.19 8917.6 8217.96 25.0033 9200.11 8429.86 6625.84 9448.45 1630.03 1152.21 
7909.42 1342.97 1354.08 3666.88 7941.92 3169.3 2019.22 4090.86 6918.89 6005.54 3674.79 2397.63 6318.64 3806.8 1605.64 
4706.77 5418.89 70.37 6174.8 4517.96 1057.3 1910.97 3435.54 9275.26 1935.97 2635.63 7705.11 8561.81 2084.06 9335.14 
9714.02 9993.47 678.096 1068.08 3660.34 8620.02 4237.38 5679.56 2710.86 1156.25 1685.08 6385.65 3553.88 8003.72 192.431 
5159.52 2710.47 5611.33 5229.88 8885.27 129.269 6287.18 796.216 3564.81 5562.43 2732.19 6200.44 3267.52 1293.97 8284.5 
2602.65 1007.98 8277.95 3280.74 2076.06 1938.27 1900.75 6313.44 7617.83 4611.61 7469.7 9302.92 997.243 1023.56 7306.62 
1189.67 6183.07 17.0697 6801 1412.94 8902.34 6930.27 7700.13 9698.55 495.061 3262.54 2430.72 6695.5 6530.06 3724.7 
4979.98 9132.71 4732.67 3257.91 2413.43 6808.74 5196.19 4314.18 3122.16 2814 8925.79 591.842 2116.9 9923.03 1615.4 
9423.52 1112.69 7798.48 9440.59 7913.69 9211.42 8342.91 4843.94 6911.53 8041.44 5339 174.048 472.148 2034.48 6704.11 
4196.85 7014.46 5836.8 8929.52 272.357 8250.23 5738.24 5468.54 2564.39 8860.4 8282.54 1490.17 9452.24 399.428 1413.18 
1067.63 9822.94 2525.87 8866.1 9263.51 439.547 8077.5 7606.4 5283.49 4989.01 5647.83 622.474 5163.06 6119.98 2656.96 
1867.15 316.804 9671.42 7703.95 9246.32 9943.78 5954.16 4984.54 5412.3 8518.56 3844.93 3694.83 8.70695 3297.15 4094.25 
1421.89 4364.78 3917.18 3947.77 3230.86 3180.68 4387.31 1308.35 787.061 9670.8 6297.36 6434.89 293.258 1460.4 2554.85 
2950.22 3327.55 2871.65 2621.62 1031.48 2117.96 2565.38 6985.65 7102.5 7977.68 5504.18 947.414 1672.49 5512.89 4244.57 
5766.74 6934.78 8609.34 9683.92 882.531 1840.19 2864.58 5269.84 3148.54 3651.64 4940.63 9445.9 86.5147 5233.89 906.284 
2641.36 8184.1 4233.84 5513.01 805.702 5265.32 7630.97 3371.08 2250.95 4733.46 1348.74 7755.13 5680.87 3021.22 3268.01 
9925.43 8787.96 202.775 8534.76 8471.87 1085.31 374.936 1336.43 6355.15 3523.47 4988.07 1295.76 2969.36 5074.59 6529.64 
3875.64 7715.95 4713.73 8109.48 3228.95 5519.43 3374.78 859.898 8890.51 5625.73 5593.35 239.228 3380.85 1274.2 3260.45 
6648.86 1199.62 2048.39 6851.63 9734.38 520.245 7936.94 109.303 1856.68 4292.07 3632.78 6844.75 5587.83 6602.13 1919.32 
2117.46 477.756 9635.27 6831.19 8587.23 2864.2 2350.6 1962 3724.1 1241.09 7587.73 9317.45 1480.32 968.564 591.642 
4740.77 7617.42 1791.26 6789.16 4469.04 1525.63 7309.41 2405.96 1634.93 9166.08 6698.03 5267.71 6010.82 2285.84 1869.83 
7930.14 4403.3 2347.58 7565.4 1234.47 934.8 429.583 3585.07 2896.8 4153.68 4826.16 484.513 3471.12 6306.48 1453.08 
4062.76 1047.23 9070.5 5854.03 7836.39 3539.52 7379.66 5145.79 5945.48 9014.59 4311.85 2643.5 4282.29 322.655 4929.34 
6152.12 8252.8 9332.64 8499.7 5818.18 567.093 9434.5 6247.76 4152.16 2331.28 401.428 8978.32 2815.79 3872.55 5284.78 
4268.87 7935.31 6332.01 3339.35 3789.32 4168.39 6878.87 1168.97 9314.17 2824.34 183.545 3626.01 5467.84 4465.83 3948.67 
397.164 617.933 2201.45 9729.81 9117.63 8019.62 296.883 8552.11 4267.37 4449.04 883.378 4668.79 3427.35 3699.17 8541.34 
8712.13 7968.04 6476.64 5044.12 1307.38 265.949 9212.51 8186.25 1434.92 8526.67 1010.57 1618.46 2152.66 6478.41 6084.29 
6101.32 6875.58 6702.23 8302.77 6605.37 5819.84 6322.38 6902.25 4371.94 589.725 1351.28 5255.32 5258.52 4778.62 8954.49 
3799.85 3490.73 6922.51 276.471 8534.85 8229.89 542.421 7747.34 6416.12 1977.34 6273.99 7426.7 3595.8 8426.65 3905.09 
9680.09 4527.96 780.654 6382.3 2830.71 7386.02 2202.13 9153.08 4288.26 6574.07 9742.81 5639.53 1829.37 5001.31 418.139 
783.836 8801.16 3908.87 7706.35 9077.63 2443.71 5936.22 9620.05 191.034 2352.32 1597.37 6465.03 9779.02 5193.17 4891.66 
3684.09 4873.25 9419.62 4464.75 1255.53 2250.31 1850.75 3457.66 1403.38 6139.01 31.706 1146.17 1778.52 1861.07 6147.48 
2196.66 2644.91 4948.63 6105.53 351.237 4026.24 8549.24 6287.45 3646.28 8740.27 8639.78 5243.65 5205.28 8418.78 436.8 
96.9247 2102.85 5310.04 9516.54 6567.6 6565.58 1766.83 8418.35 23.2157 3170.21 4557.34 54.9217 4316.38 6335.87 1915.99 
463.848 8532.53 4560.9 5412.47 4638.05 4912.14 9438.71 3187.27 1199.57 3084.97 1927.53 9839.35 8328.62 7132.81 8258.11 
8765.42 7229.74 360.945 4075.45 6746.26 6928.55 641.006 8513.09 5346.88 664.222 1683.29 9904.23 719.144 5999.67 6240.08 
2635.14 6463.52 4772.59 7196.04 1875.97 9410.64 2108.16 1314.67 2597.9 3307.73 4399.64 4525.43 3147.06 2728.25 1658.22 
1405.16 1493.65 8887.96 1766.1 5569.1 5634.2 8694.65 6210.1 4147.28 4041.51 6874.32 5830.56 3945.72 7593.47 1830.22 
185.786 228.588 8293.73 4958.38 7424.63 169.689 4369 9532.78 1484.36 6966.9 2840.5 5884 1492.31 5987.56 8612.25 
3150.53 7392.72 105.878 2038.47 9158.82 5674.97 7672.67 7853.45 1885.06 1819.93 1894.95 8759.38 7650.5 5840.68 6352.84 
9480.72 6026.46 6581.42 7774.43 984.826 4006.03 7944.12 5353.83 3538.8 9428.48 2320.71 6379.29 5312.46 3813.02 2366.84 
3924.69 6963.55 9759.56 4030.57 9002.03 8918.36 9705.55 6674.68 6771.8 1590.59 8494.61 8666.75 349.957 6145.1 4507.41 
6702.79 5625.79 533.859 3284.2 3400.21 1518.68 7290.23 1344.31 6872.51 829.014 772.773 9193.23 7208.31 6085.24 3006.24 
9575.15 9.91268 9969.79 9334.69 4040.48 8971.8 8253.04 3746.01 5646.46 5024.82 5336.6 4141.06 3691.56 5686.56 286.141 
8198.97 2389.34 5911.94 8732.83 5673.54 9312.14 251.499 2963.75 656.439 7124.01 3792.77 1429.21 6317.23 1001.06 7514.45 
9323.46 576.189 7524.36 9293.24 9910.88 1564.83 8265.02 8163.9 5310.84 3911.46 3188.7 647.429 8052.53 6880.26 6333.99 
8338.67 5079.22 8723.33 4250.59 3812.03 4396.85 3562.71 4063.53 7360.6 4219.15 1187.53 1153.35 5648.36 7504.75 2154.41 
3162.79 6828.2 2730.6 687.137 6121.42 2641.46 2251.96 4386.42 805.341 7562.81 8297.88 3994.04 8210.24 6350.39 874.286 
4544.21 4689.04 5953.5 3267.52 8939.63 9765.53 7664.37 2502.32 3829.04 5024.95 6721.47 5016.57 6178.3 2369.82 2521.31 
8332.71 5532.61 9349.5 1063.3 6219.75 5470.9 3704.76 8471.71 9857.32 4510.1 6034.5 8155.19 8504.14 4244.72 4505.56 
9378.43 8788.93 9194.61 5331.91 2056.43 8134.22 5097.43 9720.8 636.523 8926.47 4745.73 7358 3943.02 924.016 9727.82 
6464.33 9256.73 5260.41 5813.81 320.007 1480.14 1284.7 4024.76 9951.86 1142.01 8534.86 5986.34 9297.19 7038.98 231.049 
3802.74 6417.4 9019.98 2997.33 1749.29 1076.39 1131.53 6846.72 797.175 1768.05 5773.17 5542.91 9126.05 9716.19 6466.92 
8853.85 6180.5 5723.63 4114.24 1994.3 6043.64 5594.39 3279 68.3874 5546.23 4421.01 8603.25 1532.55 3718.19 5642.22 
1763.6 7520.93 2059.59 783.565 518.243 3808.88 1859.96 1649.77 655.584 2657.13 3417.83 6428.75 8200.04 2543.86 6144.93 
4666.95 1397.69 2325.42 390.562 5511.93 4319.72 6434.2 1106.3 7598.72 6502.59 6652.53 2019.71 5105.82 8185.08 5737.9 
748.021 9948.68 3258.81 2807.61 732.233 3777.06 6616.5 2592.19 5426.83 7272.08 5249.33 8844.66 3700.82 3449.35 1388.5 
9845.75 8116.29 2786.19 2171.15 8506.86 8298.13 6490.87 4941.04 9404.43 4089.58 1443.62 6056.94 6109.29 6549.44 4242.01 
1847.18 7297.46 4190.68 5105.99 105.057 4922.91 8883.05 6721.56 7515.1 4309.86 3993.62 2764.41 3154.5 7694.44 6213.76 
4543 7540.17 4330.04 7329.2 9711.33 2836.88 5627.31 6202.18 7777.92 5031.72 291.737 9221.54 1088.65 6401.03 5770.96 
5330.66 8248.2 3068.4 9521.34 3354.18 3173.46 4444.24 2237.21 9895.02 1959.32 6547.07 3888.62 4723.74 9701.57 1583.05 
937.481 4244.56 9123.22 5267.52 1573.74 8834.53 8104.4 7201.05 5036.69 5882.31 2232.75 5328.43 5103.83 3321.41 1729.44 
874.774 8652.07 9977.64 3943.18 8173.4 3331.8 7116.64 2617.62 5569 7011.63 4576.94 2116.05 900.238 9300.68 1817.6 
2483.28 238.141 6062.16 1606.49 5505.66 7635.9 440.999 3610.05 4836.92 5477.69 9492.36 7069.68 806.099 4596.17 391.069 
2535.54 5470.94 9043.14 2513.16 9414.12 7216.52 5844.96 6530.74 9834.14 1413.95 3542.35 4411.06 3530 4442.59 3711.72 
5347.6 6925.88 3949.86 1409.74 8532.36 9455.53 9045.64 8973.36 3065.56 3882.55 4451.04 2557.89 952.208 5257.13 7154.06 
1343.28 7792.67 2624.99 386.401 305.813 2039.09 7602.92 6150.77 8569.82 7437.04 7564.72 2112.16 1848.09 1094.7 6554.75 
5559.81 6442.3 3480.61 9509.67 7852.04 2012.96 8965.18 6897.66 986.305 2030.72 780.192 5437.34 4588.61 1732.4 694.458 
1742.66 3075.68 8487.13 4367.64 3462.08 8792.94 6406.73 1064.98 4943.7 4976.53 8502.03 2508.4 7088.69 350.096 3603.09 
3643.43 5909.9 45.377 7124.04 5419.56 7897.42 9137 4384.72 4795.07 123.287 6415.44 5575.26 5560.63 1004.03 7307.66 
6255.08 2746.69 383.319 4742.2 7114.33 3845.4 3535.12 3521.04 4910.38 8478.82 8497.57 3412.39 987.195 5586.25 3762.49 
4590.29 9229.68 9672.39 4635.67 6353.7 5091.93 2533.07 5490.68 9476.66 7328.13 5613.97 5892.08 2903.38 1174.58 6896.11 
211.017 7429.67 9642.8 594.336 2171.84 6757.11 4439.73 5706.96 278.136 9350.11 4185.76 8775.71 2762.49 5172.96 4361.94 
6524.97 9763.25 3591.6 6197.35 4398.9 9945.3 1289.26 6931.97 5435.97 765.903 4260.08 1049.92 6657.98 7163.46 2224.5 
3554.08 7374.48 9654.17 3196.86 7968.81 1825.99 9953.97 2408.53 7532.96 232.091 1758.63 1718.7 9007.8 4521.11 6891.66 
3369.73 1046.07 6654.89 6961.33 7243.42 1053.77 6906.62 8532.68 7985.74 2342.57 9298.58 2245.8 3392.49 5956.55 9409.26 
5616.99 9510.62 6783.73 5271.14 2707.47 4752.52 7097.14 2661.42 7161.05 4630.08 2893.51 8919.68 6348.78 1901.3 3440.78 
3240.42 5271.02 4486.85 9895.31 2232.33 1730.25 949.066 9138.95 262.912 8934.8 1481.5 9561.5 1180.59 4873.99 5518.03 
589.84 490.964 5028.64 7373.57 5762.11 7736.1 2126.07 2859.23 397.505 9287.12 7489.3 3291.02 8206.78 3838.06 5192.31 
1647.54 7078.48 463.315 6134.39 6973.78 2695.65 7864.64 7922.85 1834.58 8127.55 6857.63 3316.08 7689.03 8038.22 8190.06 
3207.04 8628.06 8681.03 8235.67 6001.61 4443.12 5971.76 8127.68 7302.34 6369.26 7414.79 4791.63 9660.28 5621.55 8629.69 
4852.58 7269.1 5708.16 5315.89 3403.47 2681.92 8011.54 1268.09 604.748 9846.11 9395.64 7462.38 3162.17 7084.65 5500.59 
1352.22 291.67 4128.63 33.2312 8527.34 130.23 4476.35 4499.09 8257.91 1778.68 868.333 5672.68 6570.31 528.596 1294.22 
5199.98 5381.17 8563.32 908.12 697.045 1966.77 3590.04 8708.58 3234.86 4194.79 8554.68 2630.48 1657.15 1716.83 9715.12 
7157.74 3069.05 6.77855 1286.36 3102.28 8534.12 1416.59 7578.63 3033.19 9674.5 9357.31 3901.53 5347.17 5927.6 4430.12 
6641.38 1127.56 9811.29 5204.68 2035.68 508.321 7171.45 5625.72 9216.9 406.295 9820.51 7771.56 3036.77 1477.64 9488.4 
2751.88 8635.38 2557.43 2758.66 9921.74 5659.72 1292.77 1338.31 3238.34 4325.96 1012.8 2595.63 8227.48 6359.96 8523.23 
2657.59 3001.33 9650.79 2468.86 8206.01 1686.46 2977.19 5377.45 7312.18 2194.07 5783.74 7132.67 9965.63 8820.52 8610.32 
9454.02 1572.38 7245.68 2011.43 4331.04 7167.41 7671.15 5623.81 8505.72 909.475 9949.77 9518.52 3505.11 8177.23 5878.46 
2028.32 834.806 8879.79 1679.1 3303.67 7085.79 3365.56 6280.86 2463.22 677.719 8474.93 8246.96 7810.39 8440.54 7067.46 
6420.69 7894.54 8639.85 3666.36 9905.98 2970.87 833.75 7577.12 8594.68 9339.47 8486.59 8544.43 8857.97 1991.68 6721.65 
4736.42 4020 7556.45 3616.19 5699.1 860.108 701.96 9064.66 7140.96 3165.18 9742.38 5615.87 1412.12 7552.75 4056.4 
8479.59 3973.42 1950.93 7119.41 7639.78 1856.89 90.2685 8473.53 9434.01 8684.95 7812.99 7920.58 7229.36 6670.94 9912.26 
3950.99 1407.35 3932.24 1507.43 5023.54 9631.35 2367.54 5725.5 8695.99 9508.5 8890.67 8438.35 5124.36 302.78 5991.08 
9180.76 8782.37 9964.5 1131.67 5901.76 7604.27 2988.56 5992.03 6077.78 2422.55 4676.96 3890.75 343.113 1906.31 561.679 
255.356 5857.3 1969.02 4187.6 7364.73 6992.56 3818.93 9732.27 2718.04 2514.9 9240.75 1608.7 953.226 4365.09 1911.48 
6944.31 3545.83 693.827 6908.79 4677.5 6595.59 4513.04 7666.07 2587.61 590.807 88.5996 7264.57 4481.56 431.713 9170.88 
5043.24 687.069 5028.16 7012.26 4874.67 2392.87 4004.81 8693.6 2125.12 6722.85 1208.48 1365.85 8331.55 2161.71 5730.94 
243.006 9106.01 9276.78 936.833 6014.79 3954.26 7532.42 527.811 1620.31 120.012 1118.62 1708.91 7384.58 5600.18 2140.62 
6555.44 643.397 2827.69 1583.58 7655.66 7702.36 3976.46 1660.45 6395.95 6101.58 8383.29 7604.43 7467.43 6714.82 9766.13 
3198.35 6957.83 8872.13 2475.11 7894.66 4886.9 6429.38 5427.07 5414.71 8049.69 5547.08 6533.33 9758.6 2931.65 2133.49 
1899.2 9487.09 2776.88 4726.9 1070.65 432.524 2429.24 5047.11 2092.97 8825.19 1148.67 476.25 6429.6 8616.1 7191.07 
6195.71 1814.43 4148.89 5067.83 4289.55 2043.53 9954.72 718.906 7470.6 5369.42 8768.59 3017.67 1902.73 8527.17 5949.31 
4036.21 426.357 5436.38 6813.09 5153.25 6507.04 7245.62 7582.49 1554.13 9338.59 6407.66 2702.8 9814.84 2837.24 1318.88 
7005.9 9032.96 3133.31 1154.77 4100.77 7422.86 3198.3 4055.48 8141.77 668.884 9424.89 6910.34 3686.55 1327.6 5437.5 
9635.87 5363.81 5863.85 5072.23 2176.89 1017.09 1579.26 9422.51 8599.58 3133.39 8761.08 5007.23 5836.18 8575.91 7844.47 
7155.06 5581.79 6877.41 288.355 6736.56 978.164 7711.22 9934.86 5033.64 5852.96 603.723 4458.51 2763.29 4290.27 5786.12 
8200.79 3926.12 1149.91 4064.62 8998.36 3326.8 5081.71 577.598 2749.3 3681.28 3710.98 1510.37 8688.5 9547.17 86.2573 
6532.96 6702.21 5668.05 3410.35 6990.56 2404.59 4388.52 4701.76 2339.42 9422.16 554.712 2943.15 3880.65 3318 7233.42 
9666.77 1518.77 1159.53 816.667 5583.39 157.872 4143.47 665.087 735.47 6892.77 4346.36 4446.45 8403.14 3034.85 3993.6 
8489.39 9567.81 695.795 4157.42 2978.14 7686.36 6562.01 7366.66 2388.11 8901.43 6788.8 2942.82 1844.56 669.441 6260.82 
9077.99 336.196 7779.59 237.498 1152.86 3362.97 395.37 5296.34 4028.06 1130.84 2189.09 8374.42 5577.29 592.208 1409.25 
9570.9 9081.6 977.04 266.674 3239.01 3955.19 7953.03 9801.02 1321.83 341.125 8702.43 8110.63 3283.94 546.978 8780.08 
9544.77 9624.96 9116.27 7324.34 9862.46 269.118 687.295 257.815 5565.45 4715.35 1388.65 7754.54 3089.75 6965.95 8346.75 
4499 6536.83 7428.33 5476.04 6803.5 667.324 9431.23 4756.52 468.323 753.044 5097.64 9170.75 8863.68 8381.59 9717.73 
7643.74 7926.34 9342.68 6759.99 5250.66 9205.12 7029.11 5937.96 9462.94 2594.54 653.293 851.577 349.07 3743.05 7817.53 
8695.82 8242.05 4354.33 6124.14 3718.08 1157.82 6791.46 3149.29 5914.34 7259.78 3902.34 1011.96 6430.52 2766 9393.55 
6148.24 409.717 7319.87 5490.9 7169.71 2570.51 4696.01 4198.8 8508.47 4158.93 6793.34 9161.76 5010.51 7142.41 2904.79 
2828.02 5838.22 1146.83 7182.35 1962.34 4864.91 8340.17 8753.8 8014.2 4254.49 6013.57 1916.52 5266.45 2444.07 4682.52 
4659.98 8592.31 5092.23 1979.84 4083.2 2261.92 4550.35 8779.21 6460.72 3058.81 2938.12 3254.05 2220.55 7948.64 396.447 
5125.35 776.637 6234.66 6272.18 7958.99 8197 1137.07 6299.15 6950.78 9151.26 553.621 2964.33 1067.77 5820.07 5408.4 
5750.28 480.042 4000.7 842.497 2459.88 8083.89 3104.42 7010.23 6863.09 9565.14 69.0171 9801.21 2819.17 2289.57 7749.83 
3215.62 7414.92 8526.47 9450.29 3687.07 6485.44 7647.27 4824.14 2784.57 4598.04 3975.39 3338.19 7562.37 5043.15 9158.27 
2970.75 793.418 9638.31 6971.45 1635.92 2098.17 5055.33 4740.33 9108.4 1918.4 4305.46 9177.42 1719.59 7124.63 1466.97 
9469.42 340.24 8881.88 7995.87 9790.53 2568.94 4481.29 7437.78 7393.08 7265.86 2035.8 1368.45 604.034 9598.17 6411.61 
9762.3 2568.91 7205.02 9400.59 9540.36 8840.94 1498.74 4595.67 3581.26 607.122 6514.07 7886.72 9784.54 8233.66 5011.33 
1251.49 7703.06 5351.57 133.355 5698.91 5142.08 2702.3 180.18 2579.85 95.3607 7446.04 4615.65 1463.81 8050.07 4213.8 
7875.42 7812.36 6782.7 5080.43 7212.93 6323.04 3921.35 8711.67 918.696 7502.61 9318.79 7432.76 5389.31 9103.31 5666.4 
400.624 354.784 3369.44 5752.2 488.139 9068.35 894.264 3190.43 9248.53 3474.11 3285.8 6694.55 8089.76 4749.61 4744.61 
2303.54 2625.01 2556.95 9086.24 7705.44 9769.88 5409.27 1626.77 8481.53 6327.96 9129.38 7800.31 3760.71 4518.67 6903.6 
9427.11 4919.29 7258.39 2796.54 671.471 7746.53 1864.88 1565.73 936.944 1113.39 5039.84 4222.74 7807.95 3129.58 8972.35 
2552.54 5433.12 1597.34 5109.49 4519.35 9302.78 4879.35 9928.61 929.532 3360.87 6256.56 58.8912 1161.16 17.2543 4577.56 
8064.76 9444.37 9496.85 5323.13 2240.89 168.301 3069.64 4105.77 1734.04 4006.59 5219.16 6773.88 8229.33 3027.09 9903.46 
7201.66 5579.63 5336.57 8799 689.107 9855.92 8101.76 5568.46 9784.51 9031.29 8929.33 6041.06 9090.18 90.4685 6058.31 
3667.72 8155.23 5502.66 3164.55 3478.35 7743.56 3332.86 6547.99 1849.31 5066.89 554.56 7068.47 1840.75 8783.89 95.5448 
1744.2 5985.53 5675.18 7080.77 4784.51 6364.28 6936.67 2886.25 1932.73 6721.17 1917.53 862.037 2762.21 1007.7 952.506 
8820.52 4675.42 9107.74 4323.17 7839.98 2586.07 2066.71 1172.82 9134.06 3916.02 6239.71 9688.62 984.468 8080.46 8472.49 
1080.01 9824.66 4458 6755.19 6905.42 9242.51 3119.46 3842.07 2128.74 5052.19 563.226 4046.28 5914.22 3325.44 5053.97 
6866.73 2145.94 9729.4 5974.45 6469.11 7569.36 8560.52 8535.82 8742.18 7694.56 2451.81 4981.87 7383.16 3436.28 3062.31 
5855.62 4516.3 2886.96 313.605 1271.47 9792.38 9556.11 4390.93 3634.43 1684.84 9443.11 4197.66 5731.11 5357.32 7523.09 
785.071 2224.03 9669.04 514.451 8198.48 6138.13 8083.81 6758.98 4673.93 6825.97 4453.52 7125.74 1807.82 1836.66 562.007 
4870.13 7692.28 5078.3 7757.08 8005.89 6349.77 7549.44 7561.98 740.682 1183.86 9246.82 183.779 5381.52 4977.92 5541.1 
2904.6 5762.99 7765.13 2573.61 6277.44 5963.59 8711.74 4361.23 2722.55 3385.65 1187.18 7176.07 511.376 2995 9012.73 
1073.38 7865.13 6704.99 6151.69 5622.2 4710.86 2501.44 3171.62 2272.82 3242.12 4355.48 1519.62 3425.9 9737 6497.54 
8967 2641.58 2260.51 6732.11 5215.19 8537.95 2695.69 3926.92 2899.17 5418.24 7312.57 4086.35 2594.3 7823.94 7081.35 
1607.01 8897.33 4946.46 8312 5049 568.641 3022.84 7550.43 3740.26 5295.66 792.539 8095.74 6815.29 4218.44 7832.73 
3312.81 3185.42 474.285 5573.32 9917.53 5689.48 4111.26 2613.2 9616.39 7010.42 8031.45 6928.94 1096.76 625.724 4752.87 
8178.11 2232.73 3650.18 3124.55 544.71 8699.17 3693.19 3567.55 6249.59 7433.46 8863.21 7042.13 5529.18 5678.48 1260.56 
3361.89 8991.29 4445.98 3836.18 4564.6 4363.49 9525.65 8675.85 6976.7 9142.03 5686.26 5008.12 6070.95 6783.01 5633.85 
823.806 4961.1 7866.58 4473.99 8085.65 8411.29 3173.14 1778.83 1978.82 9422.74 9212.29 842.015 6464.85 4741.45 6520.5 
7725.41 8103.34 5511.77 2171.37 1939.5 76.3495 6534.86 1465.14 8752.2 3511.54 607.148 4438.44 8519.66 6678.1 1221.44 
4153.5 7501.91 6182.54 2020.06 1975.88 4268.18 431.33 5149.02 6047.01 2410.15 4571.74 5259.27 3252.17 1036.57 0.708118 
9772.66 8761.98 8104.05 5284.42 933.331 43.535 5360.76 7468.19 1508.67 4112.95 979.713 2115.82 8551.39 9499.38 8793.92 
9772.83 3652.86 6295.81 5955.36 5672.91 8271.69 223.52 6104.24 3420.69 6270.53 8514.39 7992.43 1529.78 1766.54 9029.01 
1530.49 1539.19 7790.97 9634.54 6823.6 8724.3 9678.08 2184.35 6192.47 1186.73 6297.3 7172.19 3302.55 4848.68 6671.55 
2096.46 4621.49 324.385 8392.27 576.836 5997.3 6663.95 800.356 2101.53 84.6209 7070.88 615.903 8077.05 8600.67 2382.45 
7106.04 131.143 3921.64 4897 9765.69 745.224 3621.28 9443.75 2929.57 9813.75 630.463 9226.88 6985.92 3933.02 4075.54 
3657.45 6029.48 8697.03 3981.84 4421.73 9273.87 9979.14 1085.66 74.2044 2080.65 1170.28 7145.09 2696.55 9247.33 5745.74 
5079 6353.36 5876.88 9000.64 1250.34 5642.55 9745.86 4871.62 5086.28 2675.42 4685.36 5716.74 1902.28 1671.27 9649.76 
5977.81 5328.72 5679.22 4674.83 9310.56 100.934 3948.67 9289.68 1186.59 4022.88 1370.32 2356.88 1167.95 4066.87 1604.19 
6913.69 9145.87 7957.55 2790.55 8146.48 9207.89 8433.1 7892.33 4079.5 3519.36 567.727 8764.86 9236.1 2470 436.108 
8885.84 8447.82 5764.83 4565.04 3122.62 5075.38 4665.98 7071.3 4365.04 5852.57 1094.16 5735.36 8209.45 2262.11 9802.22 
9813.64 9175.79 8948.07 7771.18 1966.33 7094.54 6979.06 399.407 4986.85 1058.54 3918.77 5554.58 9823.4 3154.85 8024.58 
259.49 2040.68 6472.38 6024.32 6605.72 9595 1099.68 1271.68 6666.29 5464.72 7124.26 7760.44 1200.06 5333.69 22.5355 
1002.27 5147.31 9198.33 9950.34 2918.48 1164.64 7044.86 9897.54 1564.05 2031.7 956.061 5482.81 7586.28 779.444 8637.66 
5610.84 1038.93 678.322 2083.2 7063.25 7284.04 1678.19 8162.93 8555.73 8344.48 3627.63 5679.97 6104.9 4827.69 1013.64 
6127.44 5829.96 6160.95 5325.75 5780.29 9079.43 6490.39 2825.14 8976.95 8054.44 4856.83 9933.01 3537.23 2443.09 712.439 
2174.88 8053.93 1751.37 2853.2 137.122 8814.63 137.225 1815.31 6977.54 8692.95 159.773 605.157 4372.9 6264.68 5432.85 
5386.54 2392.1 1262.8 1547.47 7717.85 7043.08 626.886 4208.23 9868.22 9603.84 2262.64 4725.04 9536.83 5799.87 7168.13 
