700 15
3419.73 2436.58 6122.55 5419.06 1312.04 4790.09 5511.31 4671.89 6701.95 7242.3 2227.59 9413.86 8015.88 2603.53 5190.21 
7606.44 8934.83 7488.71 6850.02 8101.72 8223.43 8033.1 8582.16 7847.99 4232.39 2544.89 7446.59 5113.4 3521.5 9924.88 
7320.51 6941.23 2361.45 3443.05 2360.28 3673.49 8233.13 7871.58 8345.37 4935.07 5113.87 572.948 4348.91 3129.73 3176.48 
9539.12 736.156 2111.29 7027.81 7586.17 212.994 5251.22 5619.26 8795.15 3099.19 9851.64 1340.02 545.762 4965.03 4861.52 
470.627 2285.52 1802.74 2832.07 5728.57 4163.02 6505.56 3961.68 2034.58 4850.92 8896.75 7148.45 5423.87 3245.64 278.167 
8600.34 2784.74 1014.32 711.614 9812.55 8600.49 924.608 5063.76 4219.73 9719.76 8162.95 4071.36 1059.77 8708.71 9036.38 
5921.29 9179.33 1321.89 7724.03 2011.39 7050.45 1887.03 8516.95 1012.12 3921.61 3367.85 9908.87 1070.05 8791.72 3154.49 
1348.22 7392.05 5939.23 2362.54 8103.66 5751.77 963.014 9028.27 815.504 5182.75 8748.01 8978.45 9254.1 9807.78 7687.14 
8290.47 5729.05 6866.46 9612.36 3453.06 8877.85 6662.79 5340.09 7394.79 7674.91 9261.7 762.628 7583.76 331.734 9554.35 
738.235 1679.95 6946.38 6677.47 4042.49 5050.03 2429.22 5005.5 4078.28 3244.72 188.232 2826.28 2223.15 9442.34 2634.04 
9910.3 7732.79 8363.09 6776.74 7345.13 1816.13 5654.58 4007.91 7156.22 3049.35 1682.8 6417.91 3811.98 9266.56 6749.64 
3366.31 4.78109 8429.59 312.676 6682.25 2472.06 5362.7 9111.46 7477.57 9440.98 2356.17 7665.8 2267.24 4579.32 7108.12 
4901.28 4489.6 4840.89 3264.35 1266.33 2186.01 5080.48 6920.9 6193.92 2236.68 9970.25 7876.72 8654.59 3782.22 7143.27 
5404.22 7148.53 7148.05 3833.79 7461.21 3830.28 6305.86 2823.89 2941.73 3783.41 2264.86 5297.9 1449.19 4532.1 9877.22 
8557.31 9433.38 4366.8 3398.18 2697.71 5633.13 5584.19 7778.18 2554.02 1778.1 14.85 2524.26 9654.82 8669.44 6306.47 
6798.07 4073.64 3454.99 3946.1 7907.44 916.175 7776.38 4213.28 3740.07 718.094 7996.69 6004.92 6015.99 9445.88 537.006 
5893.19 8003.17 9970.38 259.977 1401.34 2668.07 5893.11 6985.53 446.236 8447.12 8763.63 461.086 971.361 8418.43 9130.53 
7277.83 5216.48 3204.16 732.803 9162.59 1111.58 1648.98 6938.95 5324.86 5389.04 7657.05 3321.53 1393.95 3673.02 2767.39 
1930.96 9566.21 770.545 1901.32 9826.19 2171.88 4569.39 5719.28 9157.42 5015.63 4166.38 7921.03 5476.72 5137.75 6339.44 
4607.23 2415.56 1555.91 7811.38 3148.37 718.476 8922.96 4797.34 7657.43 4247.8 186.372 5314.46 7569.33 1580.32 8987.48 
336.705 3511.28 8553.67 1107.25 5412.6 8379.84 3279.13 9982 4099.1 2436.53 4997.61 8265.49 357.541 474.31 3403.22 
6696.98 5081.54 5818.78 8252.89 2892.9 8967.14 8971.37 1815.85 3764.47 6628.78 6063.65 3950.84 1943.22 3632.96 5531.17 
930.677 3969.67 9042.45 9484.35 5076.92 4455.04 7864.17 8356.05 4437.02 1963.26 792.562 9434.63 228.726 1150.1 9908.94 
3631.94 7847.09 4990.46 9450.72 6099.96 7883.37 8417.85 5071.31 9699.21 2182.3 1700.07 5762.85 6133.15 3643.28 9395.81 
1664.3 4573.96 3365.46 706.734 4058.29 8442.38 5161.77 1922.45 6798.41 9598.79 3885.7 7590.97 9033.41 4114.43 8741.08 
8942.33 7746.37 6588.14 3932.77 7197.08 2688.09 1816.12 5614.91 7759.39 1515.32 7797.21 9459.46 7278.17 3930.34 3102.73 
6673.96 5594.64 7676.69 39.4033 6301.38 1734.96 8481.78 1463.13 3657.41 5280.17 1061.91 7543.11 2871.12 95.2999 1657.53 
1612.18 9037.63 9403.9 8200.33 2970.39 6600.96 888.395 4786.51 2215.85 8647.79 6301.83 13.0414 8107.23 3579.98 3943.38 
1209.94 253.927 9538.03 8886.63 293.33 5839.39 621.577 8775.11 7302.52 4278.99 4055.26 8364.43 1822.09 6926.39 8459.73 
3479.61 8538.57 7497.35 2883.5 6738.88 467.718 9484.45 7627.28 5254.23 1700.28 6275.05 1556.05 1713.33 4382.26 5136.03 
5656.71 5592.2 5389.96 5194.72 4478.81 5683.29 1034.09 5100.39 4458.38 8336.62 9379.38 8513.64 6701.03 1201.44 5440.01 
5160.75 4681.06 3978.57 2658.08 7564.55 717.433 3125.8 7048.99 8344.71 8380.03 8749.28 4619.74 9936.07 462.584 9002 
5072.09 6119.29 4594.18 462.025 1314 9072.99 6145.31 2348.09 4173.36 603.672 684.692 3552.72 9117.31 7385.73 4754.17 
4557.31 2546.46 9435.22 8535.88 5204.54 6999.76 9253.31 8330.34 4048.73 7598 6710.35 2797.99 2217.72 6646.41 3260.58 
1219.7 1718.48 9379.87 5813.88 2180.5 693.851 4886.85 8325.81 3041.94 9060.22 8929.49 3726.63 2612.92 8046.78 1112.34 
7367.09 2604.08 3658.8 6802.3 1139.94 8863.34 3802.04 393.238 7193.67 7850.77 7991.24 3904 648.748 208.95 550.392 
3909.32 1428.65 2268.87 3289.18 7242.53 4449.37 3983.03 2129.37 2775.17 7024.97 1189.57 1704.64 751.59 3802.49 9751.42 
1863.93 1169.56 2355.48 5522.74 7971.86 3495.43 4386.06 1773.88 3888.66 1579.71 9624.66 1879.89 5483.71 273.387 2088.84 
6034.11 4182.71 3517.49 8302.97 7471.89 760.007 2752.33 1454.9 2889.38 5527.5 8479.87 4078.95 7232.14 9231.46 7881.44 
6983.54 1095.38 9051.01 9339.03 6618.12 7022.85 2834.44 1004.16 8796.73 6723.1 2583.88 8421.37 8602.99 8067.59 8694.76 
691.811 4101.68 2877.45 4209.3 2404.64 349.325 4969.31 5156.97 1804.23 7858.69 684.452 284.082 1937.62 7916.59 9515.55 
9819.06 4900.12 610.908 8870.05 4239.13 7229.02 5892.89 7073.57 8233.19 4689.6 3796.65 817.05 3110.96 2399.62 8884.64 
1805.7 3091.43 2986.3 4683.15 7300.74 5390.94 5032.48 2270.03 547.894 6836.7 128.698 1232.35 7120.78 2066.32 9148.94 
6636.31 1885.36 4049.04 7247.22 755.399 8288.17 4476.23 6648.28 5361.72 2709.4 1337.87 9158.37 3526.45 4448.83 1557.98 
2411.08 6254.52 4649.41 5397.38 937.656 1950.13 788.306 5970.13 4220.16 1336.2 2806.82 4348.85 2568.55 9927.6 6415.17 
1717.47 6563.9 8300.54 5766.51 3811.1 9055.93 4054.66 8287.33 5704.2 9416.38 996.714 7042.07 8574.74 4523.17 1490.88 
132.695 6934.24 7745.4 4782.1 2331.61 8683.06 6732.23 3119.91 4653.17 952.37 4456.11 7459.99 5301.22 7024.66 7387.57 
1716.38 8742.13 3951.45 16.8951 4508.62 7762.55 9072.83 8563.28 6049.87 4777.01 7979.65 7046.58 1819.07 6554.37 1569.73 
3309.94 6687.06 8503.97 1055.33 1469.15 835.562 9738.39 8201.38 3955.47 4391.54 9153.75 8411.59 1851.52 4454.96 5436.23 
9239.09 6171.33 4178.34 3190.53 6188.23 8686.96 953.064 5261.04 7250.22 7002.93 38.0368 5229.85 4049.5 1857.1 1784.2 
5619.23 5167.05 8471.26 4123.18 6222.38 9940.41 4958.74 5960.75 8141.78 8914.22 352.273 7295.51 7325.79 2203.79 1750.45 
2762 1442.86 7921.79 6940.33 4633.39 4110 5627.27 5586.45 9371.04 2877.47 2589.37 9409.08 8107.32 6638.86 1266.16 
9891.52 2258.07 6433.21 8362.77 6381.25 2655.57 8303.16 1339.98 8616.32 6444.92 254.179 8968.59 3740.42 7579.96 1172.36 
5490.87 341.942 2615.23 3412.64 7282.27 7248.62 7522.64 2909.53 2835.05 6893.66 5787 5424.42 6302.72 3894.3 2063.27 
7568.88 3785.81 4321.34 4002.08 2148.56 702.581 6657.65 451.704 2042.56 5273.94 6896.63 2296.74 4242.52 637.028 9876.7 
5414.88 6127.9 218.627 8030.1 9540.54 7500.9 5278.7 7063.15 410.41 8113.76 3956.8 6197.41 3538.17 259.501 91.6951 
5601.44 7828.38 3877.5 9922.78 1830.44 6026.06 625.345 8488.09 6477.77 2667.91 3762.02 3374.38 4964.64 8004.53 4011.4 
4841.33 3419.4 139.284 5059.96 1449.48 9679.82 2560.84 6728.19 6742.96 2971.25 4841.93 699.738 9168.66 8380.1 959.239 
9260.35 3981.52 8787.62 3137.84 3904.28 618.049 9163.9 4529.62 9106.14 5641.65 7197.53 2868.14 9016.03 2162.16 872.652 
3027.42 7003.49 4292.05 3166.7 2063.43 5741.53 2846.5 4624.27 2469.7 9589.46 7595.52 7311.63 289.179 6764.16 5691.71 
1248.42 6024.5 9673.23 36.0244 9162.34 3577.49 654.073 8326.22 8107.12 9760.21 3967.86 5304.63 2628.33 2983.87 7466.79 
3500.98 6011.28 4470.26 7793.03 9177.98 6533.68 3534.54 2024.47 1157.93 6004.25 1613.91 8753.45 3315.86 1903.09 5517.6 
9007.58 3151.51 1542.08 8680.79 3187.53 704.398 2258.26 3841.6 9030.62 365.364 3601.8 2998.46 5669.99 6230.13 5982.33 
3136.76 9731.11 1993.6 7607.02 7524.12 1171.57 4140.69 1058.64 3196.04 5298.62 7062.89 4809.95 4052.05 378.736 6713.03 
9569.65 9386.31 9864.54 1111.71 8067.08 3052.06 1816.11 325.333 6893.66 846.712 690.697 495.441 3845.18 6360.69 6725.57 
9827.51 9497.46 6456.66 1821.09 7104.46 3980.76 2992.66 1245.13 5039.4 6188.7 6543.75 2102.27 998.627 595.784 2481.01 
7711.66 165.416 1867.3 7576.19 1277.13 9934.39 628.225 3093.23 259.703 7521.89 3939.94 950.4 8017.33 7785.12 7311.09 
4742.88 7612.61 6808.53 1199.52 9433.7 3912.97 5180.27 2426.35 5158.1 219.654 8615.05 1701.83 2321.92 9613.67 2297.61 
4802.93 7325.32 2463.03 6670.23 4901.49 3740.15 6604.6 5529.71 6833.38 6864.31 3051.58 773.31 7814.71 1068.89 8558.43 
5125.78 5811.77 6171.02 1934.29 7011.28 5604.71 5847.26 2191.54 8031.06 1005.34 2411.19 6646.09 2707.17 4733.12 6259.75 
5004.78 9536.05 3585.05 7467.8 6206.26 8486.54 1207.94 2810.85 4016.23 8041.32 9675.16 7067.81 8814.63 7489.85 8136.71 
7373.04 2615.61 3948.46 3544.05 4549.91 959.721 9148.76 397.153 3151.26 7179.81 1402.5 5562.45 3825.88 4109.66 295.546 
85.6111 9114.44 9831.59 3670.66 6582.23 6037.84 2157.18 7790.17 8848.69 6173.41 5831.47 8523.83 3241.21 4646.08 6013.66 
1377.9 2019.11 8629.28 5326.35 5563.16 3179.17 6286.08 4711.9 3576.32 9437.33 1891.69 4978.81 4999.76 5717.57 9088.48 
5295.31 5803.18 8202.9 5126.89 9473.84 4785.11 1164.71 1631.01 2575.26 13.3811 7804.42 8406.73 8537.21 1045.61 3052.8 
4550.86 2423.51 5071.9 3180.12 7749.87 635.044 6359.29 4035.93 5346.95 9935.61 3473.24 7238.64 4914.4 8473.01 2956.19 
4002.86 3768.3 8759.37 2205.75 8895.19 8233.2 6990.86 59.876 9864.21 9566.12 73.2571 7668.61 7972.84 8610.47 8714.23 
1025.62 3161.31 1137.72 6097.52 6341.43 8887.59 6732.56 2700.7 2923.5 2079.49 2636.29 6396.74 9318.13 7550.69 4869.73 
2274.3 1553.54 8638.03 1033.66 3759.29 7533.2 9266.86 750.135 7593.08 9131.05 316.243 7666.33 6799.64 8289.08 6276.79 
5513.85 9314.7 9438.1 6651.57 5412.2 5779.51 5539.15 2144.75 8480.21 8462.65 4224.24 1116.48 4859.37 3542.35 8667.17 
9729.11 5816.65 220.696 8367.12 6850.31 3979.99 5900.31 6117.16 4730.12 3493.37 5248.19 5046.36 1159.69 2047.82 3335.43 
7436.47 7561.67 2650.11 6874.56 4213.22 8062.31 2654.05 9752.37 207.038 1134.25 8215 4431.28 2250.73 3074.36 7973.63 
917.889 2803.45 3790.26 1138.59 1170.55 640.56 5118.57 7070.86 6757.72 9848.69 564.215 2005.89 4895.04 1723.9 4053.71 
8230.46 9160.38 1615.36 880.557 6034.92 5828.58 8942.87 8688.97 5580.93 9149.9 9823.22 3795.92 3581.16 2073.93 6870.27 
1554.77 2991.82 9673.72 5345.03 4130.4 844.258 5985.59 9248.97 7915.12 2743.29 9097.65 8479.34 4749.18 3992.67 203.221 
8802.89 2223.12 9363.6 418.231 3103.67 5398.49 6246.81 2046.52 4087.44 1827.73 1196.41 3910.64 5623.64 4777.57 5984.57 
2493.9 6332.34 8976.39 2167.6 1677.36 3106.78 3011.86 7662.96 2355.74 926.965 406.233 1453.37 9406.3 5155.42 5446.04 
9609.52 3958.29 7669.15 8973.1 4376.52 772.812 4371.58 623.316 2819.34 8459.02 2451.04 4015.75 2369.65 8074.69 8793.32 
8354.22 568.567 5125.65 7330.6 2736.17 6803.01 437.359 5748.03 4465.95 2793.1 6674.99 4872.18 4246.46 6081.28 27.5795 
9692.5 5690.79 3985.87 7361.64 4663.87 8362.39 8134.45 9035.45 8985.71 953.769 7494.45 1436.74 4969.51 9864.1 9511.42 
3762.82 8218.31 79.9709 8888.46 5548.89 2816.14 5691.45 5986.25 8564.17 157.384 8779.34 5239.15 5029.56 3025.79 1320.41 
5057.14 2718.27 7011.2 9043.01 79.8954 1675.05 7405.39 8214.35 710.48 6391.08 9168.11 8204.93 7827.82 4137.61 8069.02 
7339.22 7900.43 6287.31 7419.19 6788.88 1836.18 235.316 2480.31 7822.43 8799.49 2637.7 6601.76 4038.62 7667.26 9627.55 
5359.03 2724.38 2345.81 2370.21 1767.38 2425.7 4045.26 9172.77 640.03 4755.74 5563.84 9808.14 2960.65 3391.64 3945.74 
1029.66 730.842 1846.15 7316.97 8150.03 8635.02 9153.15 8385.35 1115.32 6975.57 7184.82 3753.02 3577.31 1223.42 1420.26 
3204.84 6582.45 4144.64 5550.65 8952.66 5912.02 7976.35 2997.9 5084.78 8616.38 7753.63 648.598 8424.5 714.268 4040.24 
2370.23 1743.93 4771.08 4216.38 9060.89 2921.1 2851.38 8214.03 1306.43 3966.7 5189.58 8491.25 7719.72 8766.89 9714.67 
9139.98 1971.71 6297.1 3284.6 7522.36 5249.74 9196.63 5498.69 8247.64 4281.39 4115.05 6001.25 4929.99 2539.54 6715.52 
8970.22 4909.76 8459.45 3741.28 9126.14 7520.33 6662.38 1977.5 5734.34 7968.81 5944.21 923.905 6460.04 3663.91 9690.8 
6174.69 2803.87 1662.49 2471.78 6088.47 9184.85 7721.52 5285.08 4683.53 5969.14 9566.46 8798.58 1970.38 4496.43 1338.1 
8685.9 3466.64 6247.87 7145.33 7207.92 5373.99 4665.64 3870.28 7351.49 399.965 1839.07 3295.68 1323.87 8299.11 6959.59 
1014.65 4473.79 9763.46 2677.14 6945.57 5851.91 1861.98 4667.07 1136.97 6545.51 636.2 703.412 5344.07 2606.58 5199.84 
6682.18 1292.47 8666.48 2930.03 8437.8 5874.38 8304.02 3103.43 9744.66 5655.5 3503.39 1583.71 8951.18 4827.26 9882.82 
5910.75 5841.91 4356.59 5674.19 8519.06 1302.14 1526.08 381.018 5969.21 2663.04 6926.53 6605.41 3366.46 2270.58 9211.99 
8566.3 8952.76 504.441 7232.76 1882.77 8942.24 3107.13 186.773 2045.66 2851.77 5842.27 5549.05 4435.48 4793.43 376.297 
4318.28 704.163 6218.21 8674.87 6378.35 4737.25 9977.01 7904.43 5118.27 5946.2 567.458 2044.78 2551.59 3933.91 4315.36 
1763.56 2500.2 3268.1 2268.01 9732.96 5150.88 1210.23 2840.07 5337.65 3255.89 5691.84 1179.9 8804.94 127.302 5973.33 
9181.23 4445.58 6677.49 5399.43 3120.44 3055.83 136.658 3097.43 960.244 5254.92 9043.63 1527.7 7299.7 1595.2 5461.62 
1615.04 3358.76 7961.82 4883.15 5626.77 7694.76 34.01 6837 534.815 5371.66 92.8732 6226.65 6551.56 8897.81 6353.96 
2524.88 8079.03 799.524 9202.37 3478.44 3919.96 2258.19 3615.1 7017.39 3218.43 8870.02 6061 4746.13 6169.7 7656.2 
207.733 7784.75 1014.95 8169.55 2667.88 6641.72 5864.29 2701.89 3478.7 6399.11 8073.55 3571.57 2625.74 4625.1 2469.37 
8979.7 7149.98 548.38 9779.22 6352.33 4026.82 3699.17 8610.52 7641.92 716.541 1828.93 6511.92 6777.54 6575.06 2681.61 
4433.72 6782.79 466.339 5448.67 4952.33 3134.22 2090.37 816.6 5836.11 5569.07 7215.71 3909.65 9140.64 9841.45 8534.75 
1609.99 8821.13 5684.71 2158.37 8600.34 2037.02 6185.19 2299.49 647.52 3827.09 3016.03 2476.45 338.989 9793.57 9051.51 
3020.59 4227.28 5834.29 3486.93 9675.94 786.596 6621.15 1766.29 1603.2 2457.25 7335.36 8818.9 6366.9 6475.98 8660.34 
4901.63 8085.97 7481.45 586.316 244.328 6081.78 2623.34 6429.52 8381.27 3270.86 256.586 1397.29 5747.31 595.575 1190.85 
4798.8 3616.17 5418.13 633.07 7103.1 5094.05 1419.67 3724.24 6860.35 3022.86 6181.49 4195.69 1841.75 2548.37 671.656 
502.069 7450 8757.63 7983.52 8036.32 9001.96 4065.29 659.635 5431.46 2446.54 3930.49 5688.04 3843.83 9677.8 6283.62 
5034.68 4476.58 9899.79 452.791 5109.65 7002.87 5546.84 6529.31 727.098 2407.17 9552.18 6908.59 6602.86 1393.91 9456.96 
7274.52 1895.98 6906.94 6032.13 9879.5 4943.24 5034.07 3944.77 5602.88 465.512 6391.31 9533.37 6153.55 235.131 9211.15 
2437.15 5269.81 3687.71 2336.92 5722.6 8797.36 9339.8 1269.43 5326.66 66.8797 3676.61 4878.82 6975.47 279.453 6272.73 
6432.41 7553.97 8168.71 3339.34 3586.09 8048.19 8282.58 8620.16 1992.95 3885.44 9085.67 8384.26 3418.79 5239.21 8619.4 
2629.92 7676.36 3889.19 6317.63 13.272 9611.8 5114.97 9353.07 881.21 441.614 9419.95 4557.82 5320.43 6395.4 4837.27 
1593.14 2827.8 2391.22 9761.85 6167.14 5977.31 7810.03 4449.7 4597.45 9802.98 8335.14 3683.11 8187.23 1753.92 8922.32 
6806.6 4383.84 6598.67 695.78 701.453 6611.94 307.559 5816.43 5964.99 1188.77 6258.04 5384.93 5746.58 1578.46 1780.31 
583.836 3171.6 4608.11 2975.06 2933.43 775.231 8952.37 743.445 5224.93 3549.81 546.407 3560.06 7232.92 8733.63 5313.97 
6155.22 5540.22 9697.81 2753.87 6236 399.249 9365.81 6543.56 6215.68 5330.79 7732.33 2473.7 715.698 3478.9 4052.16 
2496.01 4062.73 7223.76 7104.12 7037.79 157.172 7879.35 5990.15 900.617 3104.27 9539.96 1447.02 6664.32 6772.86 180.64 
1978.28 2928.07 5720.86 1676.08 5681.94 1956.84 2075.33 5047.74 8500.4 8291 378.508 6232.71 764.685 1094.21 9711.61 
4816.84 3590.22 3774.32 2040.58 694.318 812.098 2197.75 8573.67 6802.25 3098.37 1677.92 6342.19 4545.39 8342.24 3115.03 
4726.03 320.507 6043.09 446.875 1996.58 1725.02 2403.72 4071.91 6772.75 904.102 2362.9 7151.26 7136.81 3127.58 8245.47 
6848.4 7944.42 1835.66 622.71 9985 2529.98 1434.81 2182.74 1103.63 8237.05 5281.1 2781.55 4579.22 9826.5 1123.78 
7694.25 4552.51 1444.28 3737.33 4999.39 3440.87 5462.34 7403.11 7512.78 2235.08 8307.21 9875.67 9386.34 5444.01 3003.24 
7631.79 2292.39 947.644 9467.45 2915.1 932.628 1997.42 4349.91 3115.36 3101.05 2586.95 8396.47 5882.6 7166.17 8222.95 
7006.38 4860.4 2775.45 8450.67 8597.73 7774.83 1891.52 4060.06 5177.92 9404.3 6295.14 3485.12 9279.96 5681.46 8929.12 
2283.18 3313.23 1221.5 3230.82 2780.66 4136.6 4163.45 4778.08 8486.51 7278.81 7879.13 1073.44 5675.26 3761.72 8239.61 
3898.2 768.083 3099.99 6673.64 9218.75 1697.7 4448.46 1110.25 5757.76 9626.38 514.53 2052.88 3111.48 9794.49 7734.34 
2040.59 2077.65 1047.55 3262.08 5308.47 3828.21 7398.68 9471.92 8606.29 5885.17 6750.71 6485.41 6958.61 2425.96 247.109 
5198.2 6324.15 1015.19 8298.2 2997.78 233.924 9995.9 7446.24 1344.17 5753.64 7072.61 1858.7 7806.52 184.071 1653.17 
5540.84 2224.66 3730.82 6588.39 5486.74 9039.28 416.583 2885.41 8511.18 9022.87 8770.58 5261.88 5508.26 5729.18 7687.83 
5755.37 927.365 4011.97 6770.57 9225.56 7009.75 7004.49 9221.44 4455.97 8348.66 4975.07 1528.56 207.351 2781.57 1712.63 
1860.52 8322.42 3937.29 5591.34 4910.79 9424.03 4630.61 5327.37 2309.42 3141.77 4350.23 1079.99 8403.65 9858.49 6809.17 
6091.46 5613.85 7736.53 103.416 2384.4 6962.07 7113.17 9388.89 6183.5 1569.12 7737.54 1158.55 3097.68 7944.89 3940.13 
4810.31 9805.41 2262.53 8747.6 5396.73 7173.31 8171.62 27.321 2500.67 481.025 3169.09 6850.89 1561.01 1572.72 6709.37 
8370.18 7664.18 2323.2 6106.69 7767.6 4707.6 3068.75 4880.75 4096.47 9252.25 6449.87 1833.99 410.785 9547.55 9778.87 
4350.91 4357.85 9584.27 6613.44 3105.43 4980.98 3786.73 1277.04 5008.3 6287.4 1758.06 8177.39 3138.28 3319.07 9750.11 
9847.65 1689.24 7414.28 2170.83 7795.93 5181.86 6878.42 864.659 62.5861 974.874 116.891 6512.45 2808.86 527.675 6059.99 
2587.72 4878.59 417.816 2171.97 1492.01 3523.25 7152.95 5278.74 4800.29 2161.23 1566.13 6558.35 338.608 4704.4 9877.42 
88.7043 4552.03 1566.64 7502.98 6722.86 9362.57 2684.82 3601.27 227.21 2747.41 4576.14 344.1 9259.86 7385 871.776 
5319.83 9972.72 5750.36 5737.65 2144.67 7242.37 9260.9 9297.61 2521.1 4061.16 1458.83 4087.22 619.496 1797.44 8791.62 
496.902 1886.14 3343.64 2063.54 9389.12 66.4793 1426.09 2073.93 3667.74 1653.3 4821.33 8243.88 1997.4 4081.18 5628.87 
2869.18 9401.01 5601.57 8619.54 5138.64 7746.23 5861.9 4399.51 7043.83 8382.99 8460.68 8502.65 2470.2 9080.17 300.072 
1261.8 9577.08 2186.21 4605.44 1640.6 1575.32 4671.92 3066.7 3649.24 8339.67 4720 8470.57 6583.53 6717.4 2551.74 
2212.38 9586.58 1952.73 7813.95 8206.11 7091.36 5560.16 4067.99 1490.86 2603.97 2450.96 9951.54 1106.61 4921.16 9031.7 
1406.68 6182.96 8608.76 3592.89 788.389 249.341 5168.21 5460.31 3316.04 8817.45 3799.96 8036.04 7288.01 383.474 4753.42 
9839.74 2595.86 4339.99 1792.45 409.787 2546.08 8883.81 5969.95 6614.07 374.656 8573.92 9065.04 326.176 9680.53 3986.18 
9357.87 1087.2 169.128 7966.61 4680.09 957.518 8215.95 9848.3 6417.83 1531.97 8665.73 217.769 9568.01 5953.72 601.243 
4321.42 5793.45 3197.1 8661.41 7585.9 3606.89 1207.47 6469.7 9576.84 7821.55 6844.35 8150.74 6886.57 7170.53 7831.26 
872.73 6528.39 8918.45 1041.86 4494.98 3598.52 1999.38 2710.91 3446.8 8417.2 4242.89 2112.52 8634.97 3810.88 8066.24 
9236.22 8132.29 3859.67 2433.3 6793.69 1445.56 6040.18 8001.16 7915.25 5617 5822.69 4759.59 3767.73 2709.24 1930.1 
1598.96 3581.97 8458.49 517.398 4623.83 2953.45 4115.92 6623.2 5664.36 7562.72 5040.39 9907.25 9675.24 3675.34 3718.11 
7741.46 2911.54 1850.39 1601.11 5344.84 8644.07 3046.67 1385.01 6645.22 961.906 7002.01 2467.89 5721.5 769.719 5177.13 
7651.6 2368.68 8759.1 6110.07 2886.08 3382.91 9063.52 7002 6.09215 4727.87 4564.71 5046.48 4635.1 4239.93 8721.83 
8353.21 1981.37 1633.35 203.582 3582.49 6978.19 8847.66 6629.16 8363.2 5492.86 7591.06 5365.19 7960.75 3312.54 6134.91 
3137.86 964.126 8503.6 1896.94 7074.2 1389.66 5279.85 6137.7 8391.67 5285.94 865.555 2956.36 332.404 5500.66 7196.29 
9054.23 3853.85 9177.66 687.563 4057.43 2760.13 7665.75 2905.07 9389.29 6028.94 8397.93 6980.34 1394.11 6358.66 292.861 
7529.03 9496.52 1256.99 6032.61 1393.44 8331.18 7422.27 6673.29 4468.87 5813.92 1959.21 5334.43 8770.28 2291.62 835.066 
5966.55 1345.83 4688.92 5144.19 2033.39 8746.35 7904.32 9699.15 1651.4 7293.6 5728.07 49.3144 4273.92 7122.18 6407.97 
4566.78 4651.19 5904.48 5823.76 683.782 7297.92 4154.93 8106.05 3971.19 8623.8 3919.95 5930.41 3958.21 2690.21 8222.02 
4793.28 8656.75 9567.85 9482.19 3800.93 1601.23 8228.52 1705.24 1300.36 9879.93 8998.83 7028.43 9929.24 3272.73 4150.59 
6337.2 7839.51 8801.79 2241.66 3663.26 9485.57 9539.58 7818.19 7591.6 3510.75 6441.97 1511.53 9441.16 400.168 4201.74 
7663.16 5193.44 2858.48 7231 4675.62 6659.41 8832.23 2904.13 8364.65 132.573 2784.04 7363.46 7161 2713.26 636.179 
1311.58 9050.46 8475.69 113.346 1292.1 2138.93 9598.91 831.657 9957.12 7190.5 4342.41 6399.08 8702.03 3783.55 6799.24 
2903.75 1446.7 1992.67 5762.23 8677.7 6668.29 2421.63 7509.91 9572.42 786.254 7642.48 2356.44 8149.72 4803.47 5069.7 
8785.9 6115.04 4120.15 7261.57 6228.39 5412.25 9400.5 5827.29 6243.9 9357.6 3017.76 586.292 5756.66 1719.78 4369.84 
2555.89 4623.53 5816.53 4548.56 385.749 4494.21 1216.84 2807.38 2004.11 789.24 3593.63 9646.59 3145.68 1743.33 4450.04 
8215.39 529.208 565.07 2335.52 7790.78 6793.46 7747.76 7191.26 2620.73 3991.65 6548.84 5638.49 4577.94 2305.48 7358.27 
8947.78 4861.37 1981.78 4764.3 9409.93 2367.53 9258.51 626.748 5174.91 1262.6 1415.99 8768.54 909.176 4561.67 511.849 
5359.22 2777.04 1041.06 5924.29 5112.55 8831.83 2717.73 2860.3 6023.07 5338.46 6851.95 2571.9 976.934 1429.87 4877.38 
8335.2 377.628 9738.75 316.97 5141.92 9148.66 2684.5 4400.42 9775.41 7859.41 5663.02 1191.38 6627.93 6572.19 5753.05 
7139.78 1931.4 8530.09 8180.84 7855.68 3642.63 7012.65 573.396 6502.92 3035.71 5911.85 3354.85 5607.6 6888.79 4784.72 
484.963 5223.97 5162.35 223.694 5540.94 304.254 9372.35 8225.45 4704.67 9147.75 6084.84 367.672 339.107 2712.75 6939.87 
6092.16 9852.53 8871.26 4622.23 8033.35 6726.93 8264.85 5045.98 7300.32 4767.76 8081.69 3212.16 8122.61 3689.27 100.932 
2907.31 4174.24 5324.91 8069.66 4397.93 865.835 8373.91 3770.27 9091.28 3078.57 2918 5176.1 3446.24 3257.1 7888.86 
386.089 9349.26 7741.37 9257.35 3971.47 5774.7 5984.26 2236.3 820.668 3284.57 7004.06 8902.36 6496.73 5126.65 2591.61 
6597.66 8033.97 6765.85 1922.55 6103.61 1163.76 2788.39 4477.51 4934.03 1879.65 7556.08 7852.03 7055.75 1002.3 1109.11 
4944.59 1388.39 458.354 2685.95 645.724 4429.82 8460.65 6629.98 6666.12 9281.32 9914.55 3670.17 8183.66 6411.26 8796.82 
775.254 3008.91 6830.77 7541.1 4931.46 2934.37 8704.87 7719.84 7411.88 3638.88 9599.49 4967.94 1490.89 6655.23 5970.24 
2600 1599.81 7358.63 3058.36 4285.75 8004.36 7488.18 2746.39 4634.32 4154.28 2027.69 4548.86 7824.45 211.33 960.105 
6621.25 986.584 3969.01 3452.01 8527.69 8900.47 6386.38 7232.54 6620.29 3798.24 871.4 6219.77 8766.18 2362.29 2874.98 
4736.4 4962.29 4474.79 2095.02 8020.65 8760.54 99.3531 5508.82 1506.91 4733.68 9663.1 3534.6 9282.54 7487.53 3745.93 
242.623 4108.77 4732.51 4211.63 7560.78 3260.18 3112.09 3947.14 492.703 9732.38 7745.38 1364.1 5952.13 6511.54 3726.39 
8827.11 1247.92 8688.69 3301.88 3342.94 6709.32 2062.41 3442.29 2218.12 3569.32 8175.97 1881.2 7103.92 7458.48 9368.74 
849.827 7701.11 3477.49 5582.34 1912.72 1038.25 8842.52 5024.81 4985.39 9335.22 4757.17 2730.75 699.31 709.288 9242.29 
4425.7 9536.4 490.19 3114.37 2838.27 3833.13 9823.7 4900.68 7275.42 2041.8 8469.99 5451.36 3923 5573.89 2909.83 
3291.73 6423.72 610.918 6769.22 2006.04 2523.64 7807.47 848.548 7548.45 2792.84 183.755 2305.61 5523.59 883.065 3014.89 
4765.86 5308.77 2551.28 5256.05 8423.14 5389.55 9089.18 8246.82 290.207 6364.58 288.604 8760.2 1815.92 4211.61 4334.08 
4725.75 7503.33 757.781 5336.67 4272.53 2763.82 7860.31 2079.98 3612.37 5408.74 4872.83 3796.13 7714.35 396.403 4679.19 
729.225 5162.26 9987.96 3280.5 418.3 8411.08 8670.05 9507.48 6657.89 8960.26 5872.04 6946.49 7720.44 7687.96 1158.08 
2054.5 2413.7 8661.42 2812.28 7750.37 2933.93 5576.11 5610.66 5013.92 9188.48 1019.39 9886.75 2984.59 8733.74 283.133 
7663.78 9462.96 5445.4 7651.72 2743.45 5863.7 6062.79 1413.48 5371.16 2720.66 373.72 1243.18 9667.15 8094.16 8931.14 
825.22 148.647 1344.82 9486.64 2960.93 9095.19 2420.56 8537.04 4705.83 7434.48 7725.5 5725.22 7321.21 710.071 4458.93 
7604.34 8373.85 3921.88 3049.72 6025.56 6665.32 8913.42 2088.33 8078.8 4284.56 4808.99 8452.52 5527.74 4476.13 6546.67 
4458.86 5301.35 6695.31 5803.69 4787.97 9656.25 4898.86 7208.53 8193.27 9604.69 4642.98 5918.75 5329.89 1964.17 6628.82 
9788.82 9568.51 5002.65 3710.68 2618.22 1028.19 375.991 1531.61 3116.52 8454.79 5816.17 7925.51 6907.3 1343.9 2401.62 
3453.95 5802.76 7702.97 149.25 1606.43 2490.92 9805.49 6505.29 9699.45 7998.74 6109.96 4342.41 3917.47 1439.83 6306.59 
546.276 1228.63 5875.08 5548.93 4939.32 8493.3 6577.12 5315.31 24.8966 9693.64 3770.09 5841.07 7619.14 677.37 7184.97 
20.7469 4131.32 2987.71 7723.72 4280.57 4594.14 214.622 4086.05 1099.41 9914.07 2084.78 7209.37 4256.47 6002.25 8649.2 
563.037 6548.53 9877.83 6438.12 2097.44 4817.13 4931.4 8674.56 132.425 4956.3 8368.19 3902.51 797.352 5987.31 4579.88 
7982.32 6008.06 8711.2 970.011 3731.76 2991.76 5564.15 3946.38 7077.81 6663.56 3860.43 9162.58 3872.91 8116.9 5164.81 
2522.09 8679.94 1713.32 2399.9 5118.04 3810.76 7217.04 49.4241 2485.31 7349.46 5005.72 853.478 1251.96 5803.08 6840.79 
5831.84 3785.38 2848.83 4543.02 4755.39 6580.59 7534.78 319.52 526.956 4612.57 6983.08 4387.39 3775.13 855.973 2504.27 
8939.95 3378.06 1184.19 653.255 5777.97 6302.23 4464.02 2994.99 6351.65 6949.32 344.433 1357.36 7802.8 1596.39 7160.43 
4643.58 7428.22 945.791 7492.41 1971.23 5701.18 4072.98 9506.01 6020.7 4599.94 4118.56 3003.76 8987.33 7893.69 3859.73 
1491.58 6833.62 7237.8 2675.77 7486.88 3015.75 8977.99 1950.88 6010.74 5329.62 8900.2 6355.17 6686.98 6702.99 7951.56 
3847.4 1346.54 5379.77 4793.19 8838.95 7351 494.348 2911.92 6856.99 6515.05 7511.86 975.529 9518.81 6499.17 8869.22 
3378.53 7990.74 5702.83 616.306 666.494 3189.69 3632.06 9644.49 5140.56 9642.79 4974.09 4040.75 5997.95 1661.06 743.719 
3949.49 5508.46 2090.26 9329.25 301.625 929.199 6680.23 795.973 3841.12 3537.2 7311.02 1352.96 4512.73 6829.81 7852.12 
3381.93 208.318 5842.85 9084.76 824.625 6509.34 2274.43 4456.68 6153.81 7415 4099.46 1127.89 1455.73 97.3847 2788.95 
2199.45 4046.87 8297.4 4289.71 3376.11 8599.03 5218.91 56.3238 9395 9060.03 3593.53 6706 412.967 8106.26 3535.79 
8265.09 1488.17 3744.11 4107.92 572.917 4568.74 617.248 2847.35 9025.42 6771.06 262.327 3124.86 7898.95 1718.06 3222.24 
687.88 3917.5 7269.11 8985.28 8207.21 645.206 7584.29 3426.11 701.53 6979.27 2486.12 4295.06 3685.26 2899.08 2401.29 
7221.05 1164.16 3889.47 965.151 5272.08 4462.38 5533.89 5889.33 7309.73 4559.29 2660.37 7572.06 7684.15 559.3 9290.12 
906.373 1247.18 3207.6 8175.49 232.445 1414.8 8820.69 7816.74 4840.91 9522.22 4795.99 7327.02 3817.26 8481.25 226.093 
6218.55 5702.29 1390.25 108.004 6667.44 6662.33 4570.39 2201.32 2551.64 1880.1 6760.61 5212 9452.17 4444.74 5771.3 
8742.26 5351.11 7018.48 1949.85 3526.58 7250.93 3364.65 2347.25 5067.65 8205.55 1869.46 9863.64 5532.56 5686.72 8344.88 
5758.66 1905.26 4047.16 7148.9 2013.26 714.584 3811.21 6583.65 2915.9 6362.85 8463.75 9676.5 1574.84 7915.9 4121.22 
7346.14 6658.15 9472.33 4364.61 8608 2998.9 1615.52 1972.63 5346.15 6683.17 178.168 7215.61 6546.8 5710.73 2902.31 
4891.67 1469.37 4807.57 8938.83 8618.27 6820.83 9653.41 2429.47 3404.46 2569.29 8792.32 1868.2 2245.78 367.143 9784.1 
6367 7713.29 6442.24 5839.32 2077.88 5050.22 8838.21 3693.41 7022.85 4184.35 376.563 7201.02 1399.94 6923.36 2911.73 
4302.25 1815.02 4381.1 9109.82 753.823 2999.35 5930.63 407.215 5428.82 9335.1 2976.5 4221.13 1203.28 5222.28 4588.27 
987.37 1589.27 2301.54 7429.61 7428.58 4379.42 2479.81 6266.78 8072.83 9502.66 451.11 8449.39 6703.66 1851.05 5372.74 
9615.39 6153.3 7187.75 3996.47 5263.1 7941.58 6995.82 1193.72 8348.79 2424.63 528.8 1325.28 6645.76 1732.08 6547.56 
1234.01 2719.45 8136.83 3535.56 149.041 5565.4 7914.98 2628.85 1832.16 5987.79 2131.49 2283.27 4437.16 8835.15 4134.32 
9809.9 8450.52 287.602 6997.64 2446.98 5550.7 4939.2 9442.8 6744.42 3287.98 1867.41 7273.22 4613.26 8513.17 9005.31 
1160.8 9747.19 1724.74 9297.63 3282.72 1873.78 4863.01 1197.69 4502.63 6695.17 7185.48 6634.12 8978.45 1622.62 5469.26 
3112.75 1432.51 3919.77 3400.35 8430.15 6366.74 8951.06 3369.33 5809.52 5695.46 6657.31 7676.94 2968.67 1270.55 6190.09 
1973.96 2431.35 5937.26 3698.7 1728.96 9219.99 5572.48 6591.98 417.655 75.0942 3287.14 7603.13 6709.22 2265.57 9225.75 
2178.46 5378.31 658.241 6098.23 8778.67 9088.39 2464.95 7729.71 2457.7 8274.47 3425.15 9115.01 5951.39 6393.82 385.54 
2141.47 8367.78 2816.89 8078.73 2066.47 4545.85 7298.7 7638.94 1137.81 7716.35 7714.04 4424.95 5319.47 4423.24 6690.52 
4545.2 6601.7 2068.81 5203.44 2699.91 847.464 4291.81 5164.86 8577.17 6749.51 3439.32 2002.31 5864.51 9390.71 8396.13 
6250.05 1532.16 6763.9 9066.94 9610.89 8830.37 3612.77 6909.57 6469.29 4750.59 4625.91 4183.32 9175.54 9945.37 8606.56 
5866.04 4490.56 5208.24 7934.85 9694 7908.15 8782.32 3985.79 3072.99 7359.47 735.289 6512.31 9361.78 6599.8 5903 
7757.9 2849.83 7435.16 4521.78 1916.75 7046.04 3352.13 5529.52 3955.59 9821.42 280.094 8581.5 4004.72 9455.63 8526.85 
2611.27 5321.65 3017.39 7819.51 3256.49 2711.37 5727.64 2038.79 6697.16 8800.64 9398.26 7432.45 5312.93 8760.02 4032.23 
1215.92 6517.9 6882.06 8651.08 1039.66 8798.8 5697.1 4391.79 4328.31 9652.69 4213.2 4608.4 8234.17 8217.92 4064.02 
6761 829.172 9385.67 9778.39 8648.68 2642.14 2489.75 4376.3 4680.93 9186.91 3176.92 4079.17 6619.34 8489.85 2839.17 
651.555 9705.77 9357.07 7533.61 8356.83 396.719 6332.4 4053.91 4788.51 660.687 3706.58 9001.71 5269.09 1940.73 7219.62 
9333.1 8701.73 8048.79 8718.76 8480.1 6697.45 1360.88 969.833 1073.74 6041.81 156.725 4250.67 120.97 6776.07 2740.5 
2960.14 7427.62 2446.25 2317.2 4961.22 803.067 2713.92 1293.6 4856.98 7502.43 1954.28 8563.55 6504.13 7223.37 504.264 
3723.73 6556.46 9205.99 1772.5 5275.2 7686.08 8469.96 6636.08 8655.91 9543.7 2677.88 8812.64 3794.35 2798.85 5588.69 
6534.85 5758.99 3016.29 8981.1 8076.19 7977.51 9784.17 790.095 9271.1 4641.13 8292.53 1225.37 3204.67 4796.63 8448.74 
3708.93 8520.36 5005.17 2914.91 292.846 280.355 600.968 8762.8 6916.44 9256.88 8306.48 9594.31 8069.5 2100.81 2393.15 
3658.17 8635.66 8152.14 6674.47 7616.74 6228.31 4651.96 7400.9 7018.41 3923.04 2042.01 5310.92 5148.41 5246.67 107.536 
3597.13 8955.6 8627.9 8602.31 1870.49 8920.74 8882.66 2471.46 7683.53 5799.08 1728.32 5989.99 5393.38 9797.83 8090.8 
7786.52 3455.98 6726.45 5938.65 130.433 4343.17 2166.94 4782.39 1744.05 9185.35 8705.43 3786.06 4496.26 3853.83 9032.73 
4603.79 7450.96 7988.32 3231.67 6053.25 9858.81 2152.4 4935.89 2330.25 9835.93 734.951 4058.58 5825.91 6128.33 3856.39 
3916.69 3914.83 7312.37 643.124 9853.48 7442.8 4986.3 2020.41 2225.18 6730.35 1205.74 930.591 516.398 5702 4784.42 
9549.13 305.776 2235.36 7537.44 3537.45 8288.6 7396.23 5689.85 3224.48 9726.48 5525.76 3959.43 3785.04 1351.65 87.7375 
7641.43 5268.34 4002.57 4953.78 5911.47 3856.04 2396.56 897.75 5876.44 4621.74 7628.1 7082.19 5552.33 8144.5 2784.17 
336.73 7693.62 3089.95 2572.09 5231.04 6627.4 860.675 2627.25 2317.23 4085.15 2353.71 7842.99 8044.58 6138.75 9194.64 
8132.31 3780.16 4462.97 2134.87 8733.94 374.424 5990.91 1130.48 1272.17 1867.33 5752.22 8900.28 8949.52 1304.53 7044.76 
1733.68 1641.26 4738.36 4823.63 4213.35 9969.4 1451.01 5074.03 2596.63 3768.24 9159.18 4950.35 1611.22 7203.74 1089.08 
805.844 5336.04 4869.25 5268.82 7470.91 3603.17 5643.24 3461.8 4733.65 6915.41 5329.13 485.857 5815.68 4278.63 1790.39 
2860.42 6012.31 3431.65 7598.79 835.918 7645.01 7568.17 2286.92 2719.02 164.789 6055.16 1878.18 5115.14 7666.38 9081.92 
6204.22 8472.22 4417.94 1073.45 3741.02 1888.82 4676.61 9384.26 5350.62 9410.27 6299.66 679.73 9896.12 2115.32 4958.36 
1686.5 4975.74 970.654 5118.15 2574.51 1806.57 2763.14 142.668 4093.5 5482.16 307.457 148.644 7360.34 5422.59 7815.02 
6442.24 1626.8 6287.23 860.156 2700.24 28.2354 2748.98 7376.86 9412.5 8099.6 6787.11 5712.14 8779.33 6683.21 7827.46 
3737.68 8369.71 2803.19 4708.33 3487.85 5377.7 6514.9 6250.99 5520.37 608.382 1733.13 5827.82 757.026 9093.47 1250.4 
8572.05 5535.69 2877.2 4859.26 6395.85 5577.44 4887.5 9144.83 2954.28 4299.98 7244.41 9741.39 12.1031 6023.72 6424.59 
7839.56 9761.4 4794.28 642.734 4469.71 8282.13 6020.43 984.594 4533.1 1540.78 1592.98 6266.23 7368.61 2350 5359.69 
8619.01 922.034 895.359 1496.19 5781.3 7291.2 7073.63 668.777 6436.01 27.8939 4968.76 3680.4 9769.28 4980.86 9704.12 
6193.85 2820.41 9465.5 988.119 3463.14 3935.2 9270.25 9483.57 4919.79 3803.33 1024.34 6512.77 69.5521 8392.95 8862.77 
5429.24 7011.94 9784.8 6324.6 8508.13 5566.08 3615.78 5581.74 6234.86 51.7806 5609.63 1203.6 3732.18 5378.9 6184.46 
3436.29 1572.74 9004.86 2901.78 2560.86 2467.99 6836.98 1831.09 1951.54 1756.75 5634.42 2975.88 8269.52 5703.98 1368.81 
7132.27 1133.2 8380.75 6917.06 7457.8 6888.86 2483.12 1073.56 2470.59 8717.98 1125.34 8080.22 9921.58 4857.53 3459.1 
6106.02 8293.82 5031.84 5110.87 1195.58 7592.7 7578.86 8032.56 9423.79 9530.4 9789.31 5058.19 2506.27 8058.81 762.153 
3875.08 5191.06 1895.35 2255.81 2108.1 9353.15 9144.67 4591.22 426.693 1615.24 3309.19 1552.04 9695.46 3230.76 6409.57 
3154.55 9336.78 4703.37 8186.39 4447.64 5898.95 5779.07 2026.48 3931.5 5202.84 1556.86 3720.79 261.015 4063.13 1779.58 
1023.17 7938.21 6970.64 2918.52 194.006 9078.74 2271.65 9338.68 3669.95 2698.34 953.907 6979.14 4250.38 649.352 209.88 
659.927 3803.9 9546.66 5363.3 1990.27 3994.28 1262.23 7769.34 6020.76 5193.73 2972.16 7577.62 8914.52 3233.18 1640.74 
694.08 4256.35 9578.95 7664.72 7174.87 9772.95 6743.45 9446.51 9111.62 413.383 2144.84 65.5058 7392.52 6395.22 714.858 
7602.4 7055.14 4518.76 7149.05 2418.42 6509.03 1143.31 3680.66 4278.35 7164.07 8874.38 7250.52 4741.67 7788.88 483.676 
6382.41 8482.96 4740.02 5961.34 6147.67 1914.87 5734.27 2891.1 1361.37 4845.87 3304.48 3506.21 4911.38 696.99 9901.42 
5626.24 8299.39 6956.55 144.977 5448.42 9374.98 6654.01 6591.73 3055.61 932.342 3755.78 1929.98 8182.86 8497.46 9718.87 
8666.53 4879.85 8201.81 3406.54 841.167 4349.46 5321.41 6575.44 7240.56 6682.78 1421.3 545.03 188.97 6332.68 1242.02 
90.3773 1958.89 9541.41 7046.93 2103.87 4989.82 6421.89 8757.88 1581.53 9477.5 9690.22 5337.32 1407.47 7873.06 3834.75 
1126.32 6539.58 8714.6 9328.13 9946.12 9555.77 3677.57 5267.51 6131.19 918.121 1950.27 7552.49 1463.15 2139.24 3885.15 
2705.17 2229.62 5844.04 2246.57 9276.55 7947.91 7236.38 5698.42 6705.77 8817.92 5175.91 6395.97 4155.21 6583.37 4269.01 
7989.97 7709.69 808.573 6704.55 7037.8 754.672 6260.3 715.36 6022.18 2391.47 1633.48 7972.45 9943.96 3096.63 111.678 
3829.09 5801.8 2341.3 9673.13 8048.37 1617.83 7621.02 5284.73 7316.25 4326.77 4102.63 2492.14 722.73 8257.85 9075.51 
4991.74 6247.8 6785.18 5800.32 2952.33 3822.97 6554.99 9212.63 4538.33 2577.15 1604.08 6171.81 549.589 1548.03 9268.44 
661.266 5377.11 5070.22 3002.56 5050.23 3118.57 4620.39 2671.23 8403.3 1936.62 6998 2505.92 4428.75 7720.73 763.746 
3504.25 2712.46 7011.54 289.412 8512.78 9963.87 4112.38 5067.75 9176.48 8650.71 7644.9 780.547 4822.5 8194.49 2328.57 
4090.92 8855.76 7705.69 9161.14 1858.3 2755.9 2279.7 6478.69 5427.13 682.985 8415.31 2425.12 3188.9 2844.05 145.834 
3952.65 6348.29 2858.29 964.172 6637.71 1371.06 928.024 750.071 6438.8 104.488 9400.78 4083.69 885.035 4223.26 2278.16 
3213.61 8314.18 1133.9 919.279 7475.31 2992.2 3675.18 9755.01 9470.89 9102.3 437.977 7886.19 1527.4 3626.88 730.218 
1673.24 7579.53 7078.51 4531.53 8543.7 3716.2 5902.59 9471.72 4466.27 2341.37 9576.21 3867.04 6425.06 461.228 8090.3 
8703.22 3674.84 6404.47 9837.12 4594.12 3879.76 2829.31 8269.29 3634.75 2300.18 7371.58 4072.73 186.354 8898.98 7699.61 
916.572 572.201 5279.12 7995.08 5103.73 3822.8 1711.27 1006.3 3294.5 6177.54 3347.68 2870.7 44.5648 9772.74 3331.93 
8134.86 8475.94 7006.76 4539.31 8313.05 1600.86 8419.07 1142.34 9870.15 2053.81 3442.53 7241.71 6126.54 3628.88 6140.68 
3826.13 4545.45 6712.88 9105.25 2540.52 1816.59 2928.04 4251.79 2822.9 6222.54 429.319 6170.57 9093.24 473.884 5943.29 
2425.15 8608.75 4419.22 9431.91 3148.04 2732.25 1032.75 1567.1 3874.6 902.883 3620.91 7317.12 8144.6 9747.45 945.984 
4285.26 3573.57 5491.44 998.117 2678.81 8031.96 2814.71 5606.84 2283.73 5637.61 1829.37 2713.05 1808.16 922.587 3186.93 
7751.46 3347.73 1795.67 2170.66 2779.62 4943.71 4902.91 3812.37 6510.81 8777.51 4715.26 131.706 6094.61 2859.84 9879.16 
7040.6 7145.09 3452.71 2532.02 8143.21 6131.52 563.956 957.901 1738.34 2847.69 6595.51 3567.71 5560.74 8403.67 4490.3 
8747.67 6155.11 7838.03 543.319 8325.77 617.64 5487.03 3228.66 4430.01 1997.82 2006.16 9145.27 2129.53 8100.77 2005.09 
2008.67 5141.35 9150.18 5461.38 7673.36 7293.37 1592.88 8237.32 8251.28 3331.23 1084.99 4846.77 6898.94 6645.73 3250.42 
1389.22 5393.38 9405.53 9227.25 5936.7 7731.28 9844.89 1423.71 959.928 4274.89 3421.53 2966.08 3420.14 5551.06 1066.83 
5425.23 7559.73 6208.18 4575.4 3021.1 3881.53 1868.76 4613.98 2118.83 120.014 7945.21 3203.82 4966.78 4844.13 9849.55 
8217.2 6233.35 5242.92 7622.71 5460.58 1179.6 5353.98 5305.45 2603.31 6313.91 9580.34 6024.84 9279.99 3000.46 1575.89 
346.806 8425.7 9135.62 6554.99 3001.08 2156.7 436.502 4869.84 6770.68 2555.34 4989.85 4715.88 5759.16 9956.63 9560.01 
5608.69 8173.81 5793.34 851.594 5796.51 1253.9 2031.19 1150.47 6559.35 4634.5 7464.38 6139.67 659.331 6744.35 9140.14 
2235.22 7091.15 7565.82 1370.83 3646.13 566.88 3527.53 4082.63 5436.72 298.195 6637.96 426.549 5014.07 2397.11 383.163 
4574.06 8005.8 8556.98 367.378 8857.39 4353.47 1621.28 888.57 5503.94 8180.63 5523.07 2968.3 4320.28 6182.41 9712.65 
3460.4 8417.63 6803.79 1026.2 9788.45 449.897 1593.08 3315.96 4532.53 7029.8 3614.16 1170.47 7456.35 8628.23 3567.58 
7839.51 3202.27 1573.36 6396.47 3569.65 430.739 749.925 5190.93 1319.31 6253.87 3371.54 6842.38 9222.17 7691.82 3024.77 
8934.8 1152.21 1442.38 5738.58 2178.41 1230.82 6188.47 3771.49 4546.78 720.981 801.272 8160.94 1891.45 8257.62 6789.15 
5459.03 6097.11 9991.42 7032.39 2493.57 3561.05 7463.13 3243.49 8751.98 8782.44 9497.36 2123.5 5624.81 8719.51 9815.32 
8649.58 7654.3 967.511 91.9436 3392.86 3145.92 1322.76 9581.33 6917.41 5869.54 302.294 7718.68 4030.46 2193.75 5976.29 
819.595 7652.78 2073.38 810.999 4685.15 4566.95 4372.05 2148.27 7810.44 3124.01 930.689 7307.78 5247.51 6555.5 6027.27 
5062.82 5205.06 3681.56 6030.33 5297 7074.41 9176.25 6619.76 6655.73 6093.65 2489.29 6958.02 3812.31 6519.75 9151.77 
9788.6 7339.34 6804.53 1861.97 8150.34 1489.66 6428.91 2522.38 3637.93 4239.33 5646.39 4568.62 1547.1 893.889 1124.09 
7574.37 5956.71 6329.15 1255.91 1987.02 1626.14 8330.32 1163.26 8245.9 4986.03 7256.9 735.169 1944.03 1069.2 7254.92 
1095.79 857.784 4594.24 7900.31 2719.75 2744.57 9389.97 9148.66 5266.94 3027.88 3387.98 913.316 7596.5 4935.08 1807.21 
8720.59 2509.43 7763.91 5049.73 3765.34 9750.94 6675.87 2095.65 914.175 4921.75 7081.68 8171.08 5656.92 9025.71 9240.28 
2911.82 121.48 98.0433 7506.06 8021.79 2817.79 250.612 7411.75 1966.44 5517.55 439.616 5354.42 6430.87 8036.12 289.481 
8238.08 6756.69 2798.91 6001.97 1806.41 6564.25 5752.89 8482.28 8659.9 6667.06 3404.01 5741.56 4838.12 9060.93 4767.25 
4078.38 1972.74 4888.73 4176.43 9478.8 2910.51 6994.22 9729.41 322.239 8960.66 5246.95 761.856 4315.06 1677.8 8797.97 
4604.54 9915.88 5554.65 7403.46 5917.83 7361.06 3967.69 1670.7 5843.32 2627.58 8337.77 9247.33 8369.13 3175.88 8308.25 
3136.37 7254.26 280.965 8025.1 1430.67 9759.77 935.593 8424.89 9489.16 1257.83 7385.53 4736.09 2019.69 1700.58 6413.89 
817.643 6305.13 6329.75 6372.29 3708.57 2247.56 3733.33 7676.26 3918.27 9576.65 303.819 2256.02 8823.96 8672.95 5431.89 
7132.19 1809.31 2686.14 7413.15 9834.41 4116.81 7172.9 769.987 2541.68 6662.04 2027.82 9927.21 1398.12 4047.51 1627.78 
7812.01 4865.15 7932.9 4141.74 1237.43 1641.45 6389.3 4970.76 9317.71 307.554 4547.39 9621.53 2563.57 3371.33 8294.47 
7995.46 503.496 103.759 681.583 7916.65 9938.17 4798.39 5089.53 708.139 7340.07 1751.55 2735.96 7267.27 3149.67 6783.47 
8895.05 961.66 1648.6 6827.93 5103.4 2886.02 8469.38 1492.69 7856.78 7787.08 1800.24 2404.15 7408.59 4363.81 5775.48 
5703.05 2359.26 6278.97 5806.81 3040.84 4195.6 5744.96 7839.23 9285.13 6453.1 5179.29 1036.67 9189.06 2446.54 4186.34 
5972.5 1341.57 5148 7621.1 8169.5 251.385 507.112 6638.86 1744.07 8363.89 4425.93 3544.31 768.025 1834.51 7908.13 
6543.5 7537.55 267.369 2822.46 3344.34 3308.21 7018.06 9089.3 1147.43 6303.18 5542.38 6326.72 7339.85 4731.42 8773.25 
1526.17 703.905 114.801 6674.17 8325.01 8284.3 6925.56 8832.12 4923.15 8669.63 7196 9349.07 2213.93 7964.02 1183.56 
122.034 4507.51 8721.11 389.403 7329.96 2065.44 3697.62 4348.01 1154.72 4845.05 651.166 6697.1 1171.74 7991.01 1428.5 
9945 9517.19 2132.4 59.7821 6191.34 457.392 8344.08 3116.88 9289.51 3267.21 1786.49 6485.49 2616.27 4000.42 4449.5 
3799.83 4122.46 8957.01 2520.92 4511.86 6286.95 4586.36 8209.47 634.943 5741.08 3054.5 1286.11 2438.16 4226.25 9277.12 
3866.65 4171.23 8794.29 5999.05 4231.01 4985.61 6456.44 2575.07 8102.5 5745.94 5842.28 9888.99 2231.42 8458.55 3889.4 
6680.92 2258.36 8011.85 5637.91 4779.29 2523.69 1924.84 9365.65 733.148 2559.79 5106.71 3787.65 3845.9 7544.86 8013.9 
3123 1411.49 2185.11 1917.28 7410.54 6416.12 6902.89 3866.97 8991.19 5005.37 9612.91 4833.46 4894.34 1844.31 3292 
8783.74 8525.23 5550.36 6795.57 4163.12 329.625 9319.26 6087.96 9695.27 52.3944 8647.75 4801.96 3840.05 2493.63 2346.8 
1853.93 5616.63 3758.3 4039.04 7533.91 1168.82 455.142 4436.78 5035.79 9446.34 9442.15 4648.68 4279.78 4336.48 6492.99 
7571.78 3120.2 5018.2 3122.12 9915.77 9181.32 3451.74 9235.02 5269.26 3146.99 9287.41 3916.99 7948.95 3127.44 6410.62 
295.738 4981.37 2027.24 4054.03 9020.41 9561.14 5222.86 9475.55 3997.91 258.632 8921.87 3440.04 4907.32 3201.63 7776.52 
1400.29 773.39 896.701 6418.49 3895.51 812.455 5599.79 7347.25 47.4547 869.04 494.223 9334.87 4786.03 8443.18 2462.29 
1196.64 8738.91 7443.66 3223.88 2792.93 6464.05 2785.01 8015.79 5939.58 6782.91 8274.42 4861.43 222.939 3181.72 8063.06 
7999.46 4582.01 8836.45 8896.16 1000.49 2731.94 9708.61 6600.28 79.1656 9756.07 7469.32 573.389 9090.92 2255.34 9016.56 
1553.19 3451.98 7755.46 8996.85 6675.86 548.377 5460.88 9460.86 8564.17 1400.43 6243.76 6838.57 6261.86 6466.7 20.2726 
4324.9 4466.14 4602.28 3161.33 3362.28 5602.77 5893.27 3070.88 2203.04 5972.44 2826.93 9672.36 6545.82 1917.83 1927.68 
5562.37 3471.02 5379.66 3317.82 2467.85 2055.51 3866.19 7928.72 1516.35 2430.34 9329.16 7760.12 9268.91 5591 4226.8 
9289.19 9915.91 8692.94 3891.45 3077.22 2055.21 9494.23 8970.49 5126.09 1697.25 4942.91 7953.02 1369.59 1488.72 9870.85 
3297.27 7051.09 3341.85 8676.94 368.891 5809.69 732.425 4235.09 3738.4 2248.78 6665.43 3067.54 8.877 5934.32 8658.54 
4235.68 5223.49 8574.43 2928.6 9114.95 1651.64 4983.81 8609.16 622.11 109.881 306.385 5565.02 8062.9 1675.97 7053.74 
7933.73 4973.25 4104.81 1275.56 3650.17 4473.7 7085.25 4382.59 8708.79 823.638 6631.37 5374.2 3891.18 6640.25 1308.5 
2549.7 875.91 6532 1124.12 3804.51 5646.93 2775.75 8788.32 4256.07 3397.86 8898.2 4562.45 8962.88 6961.09 6238.43 
6016.6 4894.8 1211.66 121.394 6170.36 4861.83 4595.09 3255.59 9244.42 3303.86 4079.23 5875.78 8678.06 7970.41 2516.01 
9986.56 520.099 3391.92 6518.54 1644.22 7196.43 2165.46 4419.97 5984.74 6421.52 7817.83 4882.92 983.955 6780.7 1843.99 
7222.38 2797.28 6738.79 8434.04 2918.68 2909.13 3295.85 7513.77 6164.72 2540.25 817.613 243.939 8416.03 9495.67 8214.35 
932.018 9482.22 8734.45 4323.94 6000.75 378.648 1520.35 8166.2 4798.62 7505.09 4587.71 2616.43 2387.99 5571.66 9397.13 
4231.98 2794.02 2194.39 970.757 1228.04 5113.07 3879.89 4523.89 2626.82 44.5915 7064.14 3444.43 288.53 5480.15 2940.09 
8502.88 6412.17 2422.29 7237.31 736.089 8423.04 7615.96 2256.44 6589.22 2414.56 9761.53 1176.91 5030.99 2149.5 6748.57 
4428.11 6381.49 9542.59 6622.5 7352.25 770.617 1735.55 1232.11 5294.51 4362.37 1276.71 2358.63 7806.81 1565.24 7838.78 
746.88 68.0993 4250.93 3169.17 7305.41 4987.02 1592.19 4921.36 7243.46 8181.41 7335.92 7004.97 9358.31 2366.89 9154.48 
6106.86 6795 5535.95 5649.44 3417.48 2888.18 6420.05 5153.04 4120.29 1714.54 9515.41 5397 4073.18 7322.2 6962.23 
1911.94 8069.08 7030.33 6162.88 1238.23 4335.73 1149.88 2830.42 9257.08 8393.35 1011.81 6592.98 5398.3 370.106 8959.88 
4552.76 6476.97 5754.86 88.6959 2126.39 9172.34 2976.87 8546.44 4325.36 7097.16 260.969 3840.76 2494.14 4334.15 1162.94 
9456.37 6246.09 9232.02 6486.68 2408.95 470.235 822.393 3558.84 3300.66 79.4561 1952.17 4312.47 6672.44 7350.47 4682.57 
5632.29 1903.22 1159.52 1387.14 1991.92 3285.91 559.464 4968.79 1832.34 4884.83 2065.93 2093.3 8725.58 4560.07 6427.45 
9888.52 4016.43 2673.52 9120.53 503.097 5082.48 9590.76 1325.49 8641.31 2891.4 1404.95 593.462 7203.86 8077.38 7943.93 
1886.42 3709.66 9847.15 3045.94 5096.8 1839.05 6331.86 5656.26 6807.84 8164.19 541.071 8873.77 257.479 9266.65 3433.83 
6684.93 9155.16 7450.26 9358.46 8275.67 7953.36 4440.91 7866.41 9278.85 3082.21 757.792 683.776 3675.67 7961.66 8761.16 
1619.59 9848.08 2470.8 1466.73 2894 7567.6 3305.78 9225.86 3223.85 113.601 7390.03 3764.92 8987.38 7647.51 3031.55 
2421.19 4332.43 2186.7 9871.45 3690.86 462.345 7824.79 8131.78 8328.75 7103.62 1213.97 9086.55 7787.4 4889.64 7048.19 
6548.54 6509.23 6896.25 9019.34 7975.95 9790.25 6586.93 1281.72 9016.09 9810.77 1395.32 6406.11 3575.67 382.674 4053.61 
6607.23 2803.86 8386.03 8793.92 2675.3 2076.88 9256.27 500.073 208.641 7585.01 7603.7 1422.61 6671.54 5391.08 6312.25 
3719.71 1939.6 2821.46 615.937 958.93 797.402 406.171 7545.86 2079.12 9422.26 7356.62 3474.43 5828.36 932.273 3857.11 
9881.96 7539.5 6660.97 8267.98 6333.41 9336.27 344.842 5589.66 9836.34 553.483 3174.65 7440.02 1976.09 9846.18 2831.08 
8288.35 3565.87 4770.69 1109.79 4181.81 5729.62 1907.19 4587.98 3275.46 3986.31 4010.23 632.059 7460.74 9838.58 1564.33 
1317.84 9720.53 9103.83 7978.81 7988.49 5437.22 7315.06 8333.33 1026.86 7151.39 8886.82 4201.51 4591.39 862.896 4047.67 
7422.48 9151.24 7613.55 2193.15 261.019 1795.34 7922.77 2168.21 6383.32 1198.21 6154.53 393.53 1830.27 3615.25 232.098 
3394.6 4933.09 9952.63 2498.42 2911.88 7941.11 7935.64 226.921 6274.42 8962.5 7378.31 5161.23 3163.99 1969.68 6024.12 
7211.67 9392.16 5175.35 4825.2 1585.29 5436.37 6620.54 9508.06 7604.58 3003.84 706.249 3759.09 3397.37 2536.52 7374.34 
3629.47 5931.12 2307.41 3582.08 8429.53 5219.29 1523.17 6365.16 5446.21 7797.59 5327.64 2824.5 2958.8 8491.64 4794.19 
8982.93 5703.29 4186.33 4158.26 528.47 5771.62 9594.62 7149.01 5279.66 7199.19 152.832 5985.91 958.258 3550.2 8522.43 
8332.6 7179.67 4453.53 639.996 761.737 2883.04 5859.29 2284.91 9248.2 1305.48 82.4852 4575.82 4129.98 3041.29 3067.44 
8924.17 2024.2 8770.73 3110.48 6182.46 9299.2 8882.1 5777.06 6448.19 4161.75 2976.23 6601.02 147.641 3934.49 151.208 
8670.07 2267.07 7330.88 3123.58 2907.07 8092.62 6006.62 8766.36 377.506 5254.8 71.8209 459.991 9830.63 4201.81 3501.28 
2898.05 3125.96 5525.48 1668.77 6236.44 1707.92 967.948 5118.53 7484.98 7416.14 9280.28 461.194 4017.14 9427.92 4395.68 
4168.35 8097.97 6662.76 1499.21 1221.53 9569.83 9591.83 7228.15 8336.17 9969.34 2482.94 8407.99 429.31 2313.55 2609.78 
3930.59 5211.6 5735.73 9456.07 6880.37 1972.16 1163.97 7848.31 7090.69 8648.95 5264.44 6370.95 9110.14 9281.58 5798.85 
3505.81 3449.92 3896.81 168.549 4949.13 5118.34 9738.38 4540.94 2346.47 8074.52 4510.26 4829.41 6482.49 4939.57 7142.96 
9092.27 8870.16 2354.54 4827.99 8326.21 9234.91 6800.15 9490.18 7083.2 3890.82 8139.12 2347.62 261.755 7249.24 1629.19 
6060.61 755.034 5079.1 9957.42 923.583 28.2133 5075.74 661.942 4569.16 7422.21 8736.47 9079.42 2251.61 5218.94 4018.97 
9394.56 4311.19 2889.12 1749.09 9139.18 1215.31 983.977 5939.31 705.482 8067.18 9830.13 8844.6 414.785 91.8657 6093.82 
2043.97 6152.48 6848.86 7123.07 6109.88 7772.44 7151.29 1185.6 8434.38 1720.42 8607.81 7170.83 799.824 859.403 2389.75 
4818.79 253.95 6700.95 7707.91 2003.04 5840.11 8923.23 2987.01 1779.4 9628.71 1054.18 1609.51 8473.29 1468.96 1701.37 
4567.09 3512.93 7853.85 1415.93 635.986 3963.71 9188.37 7787.27 5149.31 7622.73 9507.69 3757.11 4793.54 307.501 4616.51 
7183.3 5126.3 4870.46 3884.22 2834.19 6873.5 9724.33 1757.4 9860.51 1503.71 1386.09 914.672 3113.22 9859.38 2383.63 
4814.6 4426.46 5896.57 2668.43 5842.39 6532.55 6632.14 5030.74 4319.81 1781.44 2653.45 3827.48 5538.55 7446.99 4134.98 
155.041 4630.27 9261.28 5025.5 8514.5 2095.45 1898.99 8238.81 3852.86 1759.48 9742.53 5238.95 2674.15 2855.73 5098.31 
5057.79 7670.33 9524.76 954.335 338.741 5367.13 7486.89 6970.88 397.854 1806.67 8752.32 3051.31 5634.16 4290.85 498.283 
9769.14 4445.89 5128.56 9030.4 9471.39 3643.04 1125.84 1370.36 1881.83 4978.7 3129.84 1624.34 217.628 5804 4480.07 
5315.94 861.767 2150.38 4840.69 1816.1 2489.12 207.802 9302.99 9460.01 605.656 1109.65 8212.31 3656.96 6743.8 2503.14 
4155.24 6512.93 6949.03 9283.8 5543.31 6420.41 2926.82 6669.16 7790.77 4808.65 1647.84 920.601 6432.99 1865.47 6724.6 
913.04 7181.4 7586.37 3063.42 2022.07 9402.47 5552.54 2229.88 8705.44 5012.53 2835.53 9815.08 3224.82 6492.49 6558.87 
5727.97 647.72 3071.78 2676.98 9931.52 8615.09 9097.39 2858.32 5284.23 6888.15 7666.97 6932.07 7808.75 4099.94 8797.54 
4533.33 5012.98 5978.93 2119.68 8076.4 8001 1522.13 3628.92 230.859 227.552 8641.45 3066.39 42.6191 1866.26 9558.88 
6601.49 7594.23 206.586 9673.27 271.193 138.087 8288.34 9368.58 2996.41 3572.56 6256.72 663.356 504.618 4065.45 4763.29 
9302.16 8598.78 9776.27 5281.07 718.446 7852.65 3282.05 2240.58 1481.55 3512.91 2468.13 122.99 6579.3 2510.75 1989.25 
6138.17 9112.24 9583.48 6344.75 8785.49 9854.67 6482.84 7073.81 9223.24 9479.25 646.36 5479.94 142.587 1150.98 9545.39 
4905.88 453.119 8144.16 4682.13 5734.19 8862.6 2534.76 9016.24 1103.16 4016.31 2529.14 3571.29 4139.3 9108.44 6082.04 
6128.55 5246.59 5194.26 5712.02 1591.33 3979.73 5566.67 8074.17 1053.53 4789.89 7553.4 1699.89 269.817 7695.99 2850.86 
9815.21 2601.85 3303.98 7959.35 7283.98 9038.17 6821.93 9818.74 8054.4 7925.09 3835.04 583.515 1496.37 7974.34 9691.95 
7578.41 4102.88 4938.52 2772.65 9814.89 6529.85 6752.38 5381.55 4604 7805.9 171.425 2157.38 9505.79 441.242 9853.37 
2356.64 256.433 2455.2 5660.62 8215.78 9739.18 4698.78 5037.7 9557.9 2753.15 2962.77 3392.92 3336.67 4459.14 1367.24 
3028.6 2037.53 5470.12 7967.13 4810.18 5285 4496.96 1562.54 666.527 9100.97 9368.44 837.952 1258.33 8874.21 1279.19 
1111.69 1230.83 1535.63 3566.89 6891.45 9751.41 3306.05 1590.21 4789.09 2863.94 4343.36 7751.86 6256.86 7680.03 2210.98 
7624.11 708.621 4248.51 3094.21 8675.75 9058.69 8379.21 3172.7 621.212 9045.74 2273.65 9989.65 9883.69 3531.98 8863.85 
1162.86 4643.67 94.6612 2698.49 8210.56 6986.11 2449.88 1516.59 8576.32 7238.97 4380.54 2919.67 4990.81 637.381 599.688 
7201.79 8261.49 1308.31 1450.29 1355.68 9984.06 508.965 9734.89 3156.74 1130.18 8780.61 5430.39 1119.81 8664.28 8962.37 
9983.66 9827.14 3606.02 78.3027 2525.62 1816.56 7064.42 4975.5 3333.15 5640.72 2214.45 7713.69 8560.39 7205.26 8351.07 
9160.08 4407.04 6612.54 468.373 5857.33 7968.22 452.415 6366.29 7703.09 3609.15 7496.47 6483.68 9039.54 8616.28 5147.94 
8001.89 8599.92 4975.07 1607.89 8678.23 7500.68 3424.44 5742.63 2476.16 6757.6 1383.33 4690.61 4471.27 9943.72 1895.86 
2822.32 9103.79 6302.89 9434.86 9572.16 2160.2 7403.07 24.5604 8526.5 5106.14 3633.71 6022.95 1589.81 2673.24 4639.22 
6737.75 675.105 3239.12 1712.8 2282.99 1917.33 9213.49 5707.44 7659.96 1689.63 2465.02 9043.29 6380.25 6936.28 8987 
8276.1 9758.6 8090.77 4578.98 9193.45 7662.92 6739.18 6596.5 7687.48 5265.66 1702.62 1321.18 1288.6 3292.43 3994.41 
5927.81 30.17 4669.52 9166.94 1742.97 6952.51 1084.26 956.446 2659.93 8744.22 2646.08 5124.95 7787.49 9026.33 2061.21 
6774.48 7302.41 1819.8 4865.23 1881.37 1013.23 2528.13 8620.56 7609.73 215.597 3886.2 9312.35 1536.77 5174.8 2604.77 
5531.18 1102.6 2634.94 200.684 269.519 4377.91 7153.19 1353.78 5334.36 9813.12 97.9762 7980.44 4938.05 7885.47 7006.75 
6999.26 4659.93 4309.14 8819.06 9525.16 6190.52 9832.29 2053.28 4811.05 7442 2268.87 8697.25 6754.34 3805.65 3872.04 
9359.1 9336.83 4974.63 1994.02 9537.51 5244.15 6371.93 6690.69 6597.93 1706.27 6503.8 6695.9 9686.71 1441.83 4581.36 
6693.44 8441.09 9241.28 1002.56 7260.14 8766.43 7193.08 7092.42 819.685 2004.12 4534.4 3088.56 701.354 1288.72 6894.2 
4573.39 647.809 6231.02 9548.03 2641.83 5768.52 4792.16 9013.76 2459.19 1390.07 720.018 8962.99 8085.98 406.71 404.799 
2667.32 7100.15 8845.89 1908.58 8102.71 6106.01 674.992 5295.78 3198.41 1494.68 7299.89 7732.82 4583.24 8001.25 9021.54 
1477.42 2574.62 9669.35 7708.44 2122.63 2311.16 3476.94 6914.79 1324.91 5936.13 8304.86 2044.93 4899.1 6390.82 2451.64 
5303.9 9058.14 9551.79 4149.77 966.707 7654.48 255.769 1641.7 2950.24 3454.18 3136.38 250.115 1186.98 7719.61 8251.36 
208.502 9197.04 825.965 9877.85 6905.46 2948.59 2188.99 382.385 9863.38 3513.9 6318.52 8168.23 5558.83 1217.6 4559.04 
8010.46 6521.49 3617.16 7562.23 671.249 4583.87 5216.69 927.018 6225.57 8166.93 4381.2 9361.95 8417.05 5568.18 7081.54 
6668.39 5776.68 6278.56 7494.36 5654.52 3184.01 442.934 7843.51 3566.4 306.302 1357.39 9884.91 8474.53 6916.22 1102.49 
3033.55 4926.66 7623.98 6650.72 2488.88 8295.23 1234.57 7705.57 9222.25 7460.14 5872.49 3603.44 6822.07 4289.52 9171.62 
3903.6 957.89 4948.28 182.146 8452.25 602.783 3366.16 8895.18 8446.29 6932.55 9201.48 9803.69 6817.44 7676 6719.89 
7919.93 709.536 1646.53 5543.9 7360.25 4135.41 3839.12 8594.82 1840.96 3061.35 6054.95 7713.45 6664.79 2877 2002.95 
5836.39 6780.6 2960.84 784.656 6962.75 1413.07 1387.44 328.884 308.23 9833.73 7261.43 9509.71 9637.4 4078.86 7185.69 
6357.27 1998.78 7895.23 8003.81 7542.68 5255.46 2139.2 1381.78 3850.27 3980.16 4443.14 9905.22 1693.59 1107.91 2782.2 
3696.54 6944.3 9562.8 6657.38 7728.96 6525.53 8070.44 9116.39 6854.41 8378.67 8950.11 4115.83 7888.37 8587.49 8194.69 
5074.04 4944.75 193.456 2969.25 2948.53 7736.14 8224.72 5087.73 9117.92 2074.97 9067.89 3561.04 1980.17 761.471 4668.96 
4762.37 4458.01 1613.24 4325.16 1115.37 9342.19 850.67 9185.81 8458.57 7705.08 7564.47 7408.66 1820.9 5452.82 5996.14 
15.5728 526.845 940.866 209.029 3496.1 3889.4 7945.17 1720.8 8977.13 7063.07 3795.77 8045.01 624.102 5775.94 8806.48 
5293.06 538.296 3264.48 6906.3 4863.45 4379.84 6248.47 5714.12 3565.64 4707.03 3419.19 1130.09 2115.67 5240.09 6582.91 
8111.81 5255.66 7109.76 9052.68 5464.69 605.839 2942.06 3409.84 2326.64 1919.18 472.897 6122.4 9964.19 1097 1898.33 
8770.65 6390.06 2436.62 2035.11 3296.33 7300.08 6414.96 9544.81 3014.18 9980.6 4251.82 6433.38 1110.68 6367.49 1673.45 
7693.59 4479.29 6929.11 4803.33 3531.95 2393.78 5409.17 6474.01 5803.62 7735.81 8393.19 6276.51 3858.19 8357.36 7373.51 
5756.52 7128 3763.55 8193.14 9163.11 7059.89 5493.2 5578.05 6604.68 8507.39 5558.63 856.479 4940.75 6669.31 7223.97 
6614.19 4362.88 1703.25 3543.28 9166.21 5235.2 5937.06 4575.36 1709.19 1740.66 2311.15 102.368 8017.17 6169.34 8459.73 
5390.67 1925.85 5587.71 9154.22 118.971 4750.81 6214.09 5612.17 328.845 2818.75 4119.54 5887.48 3675.22 9060.29 2556.77 
899.18 5674.46 6919.65 2602.43 9217.74 6085.84 7837.62 5154.78 661.187 9546.82 6895.44 2972.34 9649.18 4912.6 9141.68 
8108.9 303.246 1067.51 3696.6 9457.46 1186.48 8447.41 5671.53 6798.65 8776.25 8490.28 918.18 4663.71 2165.49 9978.47 
7220.48 3064.67 5652.92 4140.11 5667.09 4870.64 225.938 3504.7 25.4088 887.125 3051.5 6920.85 3859.46 2700.67 1833.43 
3001.12 809.547 2136.68 4068.63 4506.14 1594.12 5255.11 2953.53 7265.66 2053.75 1729.77 5755.92 2971.93 6393.48 7921.41 
2950.38 3613.94 986.056 8603.3 7754.06 6653.15 3473.92 7979.99 157.83 3499.33 8867.12 3209.33 420.165 2726.56 5909.99 
2253.59 5727.69 6719.54 4390.27 9796.32 1225.67 5984.39 5051.42 4179.2 3250.03 7105.16 5908.97 9005.95 77.0743 2302.43 
6927.34 3027.46 5916.37 7913.4 1630.74 3670.41 4566.53 5104.66 1650.39 4724.36 8603.99 517.486 7933.69 9024.15 3244.05 
3843.66 1277.73 8971.74 563.185 5668 8768.04 1788.85 1652.38 3819.44 5968.05 4902.41 924.583 1877 3908.34 1001.66 
4179.43 835.667 4029.11 95.7854 8749.06 5659.85 3766.2 3315.57 764.489 5416.58 8039.93 9368.48 5934.07 5973.6 8392.62 
9178.12 9817.26 9670.35 8149.83 380.432 5338.33 6917.86 2169.28 6990.7 737.276 8137.33 1893.1 1661.86 14.3192 5801.44 
2663.52 4193.75 6637.11 6692.63 4289.54 5386.15 2352.46 8055.73 8701.73 3116.95 3472.29 6741.64 2485.41 9406.36 2715.23 
878.007 8584.46 2532.47 548.336 6734.28 2912.91 5886.67 3652.12 5082.19 2877.35 4389.39 3219.51 4770.45 6051.25 3233.83 
571.87 8714.77 7427.58 7208.97 5407.38 1717.09 2595.11 7759.84 9772.82 1296.82 876.768 3245.1 8038.46 3362.18 2651.45 
753.672 4240.18 1235.89 3286.15 4788.52 7970.17 6199.05 675.168 1622.27 1281.22 3552.52 6011.66 4500.73 8322.97 2062.9 
7734.56 8894.84 777.651 5162.12 6103.8 6185.03 6879.21 8698.91 3944.85 6652.02 9995.72 4821.62 9897.12 8034.17 8183.79 
2548.55 8787.84 2423.96 3784.44 2073.97 7212.48 1754.59 8273.02 7887.65 3376.86 9554.25 1440.15 9388.53 4054.96 9763.12 
1451.41 1789.5 8657.95 2229.06 6951.62 4761.73 8414.09 3830.81 3460.62 2358.92 482.812 3456.32 7180.54 379.914 1490.48 
5364.32 2928.46 278.301 7788.28 6712.9 2352.27 5000.74 8467.5 625.281 2888.38 1844.34 179.513 4328.53 1232.85 4234.48 
4091.64 2684.26 6023.98 2749.57 4913.32 2975.58 7511.29 3327.39 6806.39 971.892 5686.31 7289.21 4428.22 2866.84 7669.12 
5918.69 8231.16 597.568 6196.99 6019.42 7310.47 8549.27 1020.14 5777.95 9174.55 3908.52 7622.29 9354.06 8237.05 8855.14 
3588.52 2328.67 1539.38 9612.5 5078.24 6452.7 2588.07 2589.51 9780.09 9394.46 3561.41 5466.39 6683.65 7989.62 8333.23 
4352.75 3908.3 6564.37 4950.32 105.274 2583.77 2260.78 8654.54 3603.91 8038.72 7829.07 7512.43 5660.99 7183.11 5749.46 
4516.12 771.616 8078.13 6055.5 384.099 3156.35 2508.18 2972.16 5745.87 2288.26 2366.61 9307.27 7754.65 9050.26 7296.88 
6087.86 3402.99 1205.16 2652.21 8353.32 1310.43 5235.98 614.075 9964.97 8839.89 8652.8 7794.03 6352.3 4313.78 4977.12 
2101.74 8829.89 5748.74 179.86 4885.37 6132.84 3336.21 7393.55 9105 9082.08 9681.81 1471.59 8389.34 7436.44 521.833 
5686.2 3524.28 3924.83 6891.36 6176.49 2278.13 8201.79 1412.45 2892.2 8166.75 252.316 1544.98 5960.76 6604.61 5858.76 
937.87 8706.36 4688.63 6686.61 8886.22 9574 2819.43 2222.42 6967.54 1924.42 1304.48 6649.33 3396.01 9693.82 4085.75 
3917.85 5380.01 7610.03 7842.67 2271.35 3786.5 120.784 473.131 5198.95 3012.99 8639.88 5451.27 4557.97 4600.63 2055.86 
416.713 5538.5 762.206 5105.35 2225.09 9648.42 4679.33 5044.52 1870.82 1646.85 6968.94 3175.31 8296.18 364.938 2869.11 
2381.92 4282.78 8249.12 9991.95 2125.44 520.454 3778.43 2246.22 993.585 8977.39 5259.21 9633.47 4428.64 9817.18 4234.08 
6484.5 233.877 9772.57 7246.71 5339.22 1997.65 6895.11 18.5385 7042.17 8765.94 1665.39 4011.09 1941.22 9961.57 4376.03 
4810.33 2343.47 8658.82 3059.44 2335.4 784.239 3579.89 6113.84 3030.46 4573.48 5091.21 8289.67 4206.93 9519.84 8106.84 
8441 6004.33 8340.72 8213.56 3251.01 3679.92 211.19 146.111 3698.46 7253.36 8912.05 5363.85 1264.44 853.255 5325.41 
5640.47 5663.59 7668.88 4299.27 8723.03 4.27189 5083.51 2302.9 6118.11 8113.97 6876.38 1209.3 6403.63 1083.29 729.125 
4510.45 9524.29 6733.45 2851.15 7737.83 9984.46 6531.07 7949.02 130.559 229.514 5202.36 9042.61 5593.37 6466.8 9895.86 
918.761 2107.25 5559.43 8587.65 6406.52 4282.44 8591.92 1490.01 6585.34 4710.01 9603.98 3461.7 5919.31 6007.59 4544.99 
6648.44 518.017 4069.26 3381.87 3369.16 1807.08 3366.32 9900.23 9756.1 3496.88 129.732 4958.45 2539.46 5723.1 1425.23 
2435.31 6641.86 3532.49 7994.74 5229.49 9939.01 2277.17 3821.39 1429 8862.51 8531.4 1032.96 2324.2 4450.69 7040.54 
6869.19 1099.11 7558.56 938.435 4480.98 927.708 2745.51 7847.3 827.925 2501.6 1344.16 957.656 7460.05 3883.62 6680.76 
8885.29 6318.93 3322.6 2417.76 4313.65 8552.09 2356.75 6590.82 2373.46 3785.75 5453.31 904.842 4818.7 7777.51 5355.54 
1859.23 4646.68 6454.65 9417.79 5585.11 935.612 345.481 8330.63 8782.91 1173.41 832.213 127.05 2131.06 8292.26 4010.67 
8811.82 7177.53 329.583 2134.4 9595.29 4643.23 686.469 1952.02 1234.04 3059.93 5737.77 6687.35 3964.77 556.452 4464.84 
9320.31 2415.68 9111.52 5774.94 1833.46 4696.62 6710.55 2178.94 3027.23 5493.44 3352.34 3859.44 5620.49 5483.4 2151.69 
9631.17 4295.2 9329.22 9960.75 6429.6 8924.5 4603.97 7116.07 876.5 5838 175.982 6614.27 2525.33 4140.75 7170.72 
6990.17 3461.04 9586.4 6101.68 9235.98 1419.84 798.279 5946.51 3598.77 3825.51 1439.94 6951.11 7684.95 7060.43 2434.5 
9836.65 6691.58 6729.7 9165.85 6652.31 3159.29 8090.33 1256.26 275.343 8966.83 7094.27 451.326 5581.08 9619.6 4592.08 
2751.78 6609.76 8053.12 2338.16 2711.42 7289.08 3758 3509.7 3235.58 7356.78 7335.21 4675.52 4307.87 5020.15 1735.94 
6742.37 4856.78 8427.52 3472.06 4022.61 5079.82 6631.35 2112.93 6336.08 6906.69 1079.74 3430.33 7358.02 6660.82 3049.92 
1950.08 9412.61 9659.67 3.18504 1750.75 2371.08 7292.27 5508.76 5880.78 527.834 2865.51 3215.97 5203.35 7173.39 8236.12 
6939.29 3915.75 3092.88 5366.8 7387.81 7115.49 446.598 4019.14 9228.41 6782.68 925.817 308.137 212.994 8283.84 6968.96 
3262.91 233.9 6381.55 2922.57 237.085 8132.3 5293.64 7529.35 3641.04 1174.4 8057.19 6506.56 4390.37 3260.53 3679.93 
2626.47 199.802 7595.67 5719.35 5566.6 4983.46 2834.82 6013.2 9002.6 2063.21 2795.86 9928.42 2371.35 3008.85 8212.24 
9340.31 6271.76 8446.14 5721.84 9194.33 8683.22 3854.13 4487.96 6212.56 7495.17 5662.36 4269.73 4001.72 52.7203 7530.26 
7681.64 2679.19 7730.06 5277.3 8398.54 3296.64 260.748 1233.35 9309.84 9263.35 3296.56 2105.69 9191.75 5667.91 5114.54 
7403.98 5008.21 1386.29 5850.1 730.034 580.602 4533.31 4584.17 5068.56 745.852 2079.32 730.907 5015.58 6081.04 783.627 
2545.83 3762.67 3462.82 275.872 9039.97 1861.35 3572.52 9300.72 3094.69 2882.34 8564.05 6391.25 4988.03 7755.79 2059.15 
102.55 5159.75 7067.35 1488.84 1009.83 7797.39 2069.44 5543.14 2381.54 7138 6288.99 4460.86 7868.91 1304.56 541.882 
8652.53 3850.39 4304.55 2115.34 4126.26 3344.5 3976.69 7698.77 2645.2 7071.38 581.098 1209.23 3462.62 5569.13 8965.02 
5521.77 5671.67 4124.75 2589.11 7160.51 5134.58 386.479 9229.95 677.707 2768.02 6367.93 6966.7 7228.88 4236.82 8271.26 
7770.76 2889.34 2121.62 2075.29 5004.68 6247.88 5419.79 8981.36 3946.64 8064.99 6052.73 4527.74 9274.22 9515.35 96.8458 
8239.22 5037.1 5768.52 2363.96 7626.21 2929.02 7498.54 8012.68 2158.95 8176.25 780.683 8526.88 5142.93 8009.56 2763.69 
3414.17 5780.3 5653.03 5535.79 7855.59 657.692 1783.66 3275.36 9639.06 5730.29 1340.33 5691.77 258.016 614.53 5207.1 
354.862 8853.75 244.178 6123.38 1217.69 7870.38 9052.4 8716.23 5883.05 1211.33 6892.46 6663.73 9738.22 2035.37 4673.28 
2501.89 5449.54 453.561 8154.92 985.311 8309.15 8812.61 2768.97 1584.5 8451.65 8499.26 2924.83 4143.4 8757.28 3539.36 
9350.5 9112.14 2393.09 9594.68 5235.5 3610.78 7465.04 4287.89 2326.99 3348.08 5499.22 9219.46 11.7921 5237.42 1254.81 
4685.07 7739.31 6704.35 5138.63 5894.21 7689.66 3447.76 4706.81 458.608 5032.26 3158.44 8957.87 7957.09 7301.84 7715.13 
1496.43 6652.33 6827.25 3889.52 6246.99 2062.74 7500.31 3712.01 6350.63 9827.3 7060.09 1849.83 9046.74 7071.88 7087.24 
301.532 1756.93 4826.54 7005.88 6895.56 720.731 4695.52 343.308 5427.54 5154.13 5375.57 8585.98 4111.98 3332.65 5887.81 
1827.1 4829.08 2540.12 8654.35 8718.6 8787.11 717.072 6218.89 2499.1 7067.7 6046.17 9559.19 8917.53 5092.9 6631.05 
6004.75 5394.43 8387.98 831.271 2400.29 5283.52 1552 7095.81 5626.83 6979.54 2249.92 1002.39 5565.51 6361.9 4335.03 
1453.3 8189 9164.11 3993.42 6843.33 7882.7 2780.51 7560.4 4101.57 5279.61 4628.09 147.728 4838.79 3545.59 5240.62 
1469.82 9550.35 635.036 9857.8 381.6 3035.33 5141.31 1933.6 131.12 768.123 8913.14 2381.04 1770.51 4478.63 8742.95 
6105.54 5931.94 6931.93 5269.63 9925.36 3775.24 3152.31 2705.86 1335.63 7253.88 7985.47 5963.72 7401.61 2824.24 9509.31 
2642.22 4294.06 9059.64 3277.26 4151.84 9441.24 6312.58 9293.15 1374.83 6443.7 61.2571 287.951 8824.74 1831.77 4766.59 
7567.67 7937.31 698.505 4499.59 3206.93 623.849 8274.83 6359.24 3329.71 9610.46 3613.11 1315.16 5574.16 1014.7 4139.4 
5083.46 3656.92 8433.46 4143.08 6934.17 2585.29 3584.3 3246.74 1878.42 4959.13 9690.44 1939.68 5247.08 8515.17 3771.44 
13.6487 6082.82 1708.74 712.154 582.394 4915.66 1336 8857.23 1274.88 4665.71 8467.67 4887.99 5980.87 4041.82 5902.69 
120.254 9125.27 9559.61 8553.71 3268.33 6493.77 1138.98 6852.64 9740.51 3017.4 1811.75 9430.93 4957.08 7058.83 7946.08 
8728.53 7072.48 4028.89 437.245 7784.63 4611.28 5352.91 9120.64 3468.49 6627.79 3786.33 1936.14 1515.76 9767.2 5977.96 
7418.45 9887.45 5103.21 6978.04 8441.15 8371.55 3471.79 9580.13 5224.17 3212.28 2597.52 7035.92 2643.19 7554.6 4094.73 
589.257 6283.11 1167.19 4618.15 6720.36 8951.83 9229.43 2073.25 8072.45 2697.9 8701.04 1858.76 4634.05 216.783 1625.94 
611.991 7635.23 1513.37 5715.21 4613.26 9954.52 4086.74 8085.05 9534.64 9310.91 1297.32 2132.15 6346.81 3940.51 9686.75 
441.527 4529.77 5969.85 1608.72 9147.91 2690.19 560.532 8377.33 4763.43 8632.98 1075.21 3464.45 491.717 5709.26 3681.24 
2117.66 6321.25 1316.45 3631.03 2036.44 5929.71 3585.54 6123.18 4014.75 3120.16 5434.07 5312.06 5252.31 1780.86 9252.57 
4939.04 2222.39 3782.32 908.867 3831.11 2930.22 3599.05 4391.64 1307.53 8362.49 3024.6 2382.74 1826.92 3516.32 8092 
5508.16 5633.98 4413.23 6824.61 9265 6449.67 2754.31 2850.52 2572.83 6769.05 5970.68 8006.89 2081.1 1222.97 9787.75 
1333.66 6162.01 2010.13 5115.98 7070.88 5841.24 8046.2 669.914 232.863 9353.73 9032.4 3257.47 1736.45 859.304 6773.79 
9828.45 6367.46 2407.75 4241.66 3192.05 1672.73 691.311 5946.36 4523.26 3264.14 2715.39 493.921 1271.01 4796.5 1716.89 
1058.75 6130.15 7878.9 3068.88 1246.12 4949.76 8910.12 9292.32 5619.68 9142.98 8646.04 4652.06 2400.43 382.474 5511.37 
9174.21 210.907 1878.81 1581.94 4452.57 5070.86 3254.68 5143.88 1017.2 7777.93 8408.02 3732.6 8271.85 9679.03 8529.09 
9988.75 737.763 4659.23 7867.63 3806.64 5905.35 2817.38 2716.74 5197.66 8437.06 1859.7 3843.68 3089.1 4260.13 4226.16 
8600.47 3434.33 4437.06 479.259 5016.27 8889.63 5550.12 8270.95 4033.49 6567.32 6048.86 2441.49 299.904 4320.69 2120.5 
8829 4309.42 2858.27 3488.21 2177.04 6664.91 9393.57 4994.42 9381.65 4591.21 3431.46 1241.33 8434.89 6520.56 5501.46 
2661.03 5121.01 8935.79 7098.09 5600.27 3952.04 5987.71 1150.37 2222.97 21.185 7717.7 8271.83 2462.68 8017.6 2592.51 
4583.18 6846.58 6901.93 7441.45 334.775 9078.97 4106.34 9728.34 4073.37 3487.97 4319.53 7504.83 4729.31 2754.41 4025.37 
230.753 5415.44 9146.38 9166.54 2513.51 4746.63 3118.57 8501.22 5897 5341.54 8522.41 3614.68 3613.36 985.068 1632.26 
6205.87 5568.25 8478.84 3107.79 3009.69 8813.62 2186.74 7116.03 8541.94 6260.11 603.985 2861.46 3764.93 5333.29 5615.87 
7790.3 5564.05 1031.29 6936.66 4730.57 3544.8 1683.28 7849.14 2046.01 7580.28 3190.67 568.396 1194.94 6804.03 1553.46 
2827.2 3009.89 7121.72 1306.03 6117.67 131.384 119.631 8304.42 7247.41 8661.57 4564.51 7851.4 1523.01 8329.44 3184.67 
7138.88 6119.72 8748.72 8170.17 3056.37 3479.27 1714.95 4739.64 1328.4 3760.95 2319.9 4519.07 4329.35 3514.84 1323.08 
5882.81 6342.05 4332.97 3004.51 7648.08 450.625 3135.9 7767.71 8755.04 383.29 6429.26 3319.54 8234.69 7952.28 1648.96 
1419.34 5091.14 7768.68 168.042 3261.29 825.031 3647.31 4976.24 5564.67 4975.71 8737.19 7884.57 9494.78 3066.52 1399.4 
817.848 8949.34 7741.45 5150.82 1953.83 5389.51 5601.44 5089.73 3157.2 4356.47 5473.02 9586.46 7676 3707.69 7538.72 
9324.97 5127.03 2629.85 7093.63 5295.07 5891.14 7918.66 8942.38 867.358 3483.32 3918.08 9604.55 1367.87 3412.85 2671.06 
2767.27 4230.69 1620.38 508.702 9381.51 3574.21 5898.21 4982.94 8663.94 9055.41 9339.4 4136.94 8641.85 7015.39 7844.62 
6180.56 6340.34 2971.63 8810.4 3433.95 8266.71 4701.52 1352.6 7209.07 5568.88 4835.92 1127.14 5173.41 6203.79 4539.98 
7844.47 8971.07 8770.68 9464.85 9479.77 8152.17 3039.04 5377.96 3135.09 1702.96 4433.35 2474.48 5839.89 3075.18 9489.86 
3684.5 9255.74 5830.19 6656.13 8066.12 9264.14 4922.82 2767.63 616.722 2131.88 8336.51 5452.64 3259.01 3509.91 1656.41 
7799 1354.36 627.462 6569.66 819.191 107.212 4721.81 3858.23 5485.17 7856.9 5561.19 9918.52 331.361 1401.06 2993.68 
9821.23 5085.56 2249.4 5651.4 1741.67 315.505 4915.52 6664.49 3083.13 5532.24 8796.37 1419.63 984.862 2055.37 4929.54 
2641.28 9854.36 6283.9 3268.74 6424 7103.09 3375.95 1145.8 961.299 8861.12 9002.7 6522.48 8779.62 9334.06 7923.54 
1773.29 9155.27 3009.09 4022.68 4806.65 4750.76 4338.19 9722.17 1415.24 7421.32 5254.39 211.593 8840.95 6239.25 2266.96 
3770.47 8880.53 2121.31 54.349 2149.25 8545.31 7157.44 5525.2 9691.1 8118.73 4386.31 8693.79 4641.2 3165.91 8027.83 
2564.73 4939.2 7183.08 5573.82 8961.88 1989.72 324.563 3300.06 1711.86 1739.8 721.362 6966.25 1951.4 9562.31 3205.49 
4218.36 3332.76 2086 6339.66 3387.11 4235.25 4884.95 544.533 9760.46 4576.04 8663.27 4146.75 3269.81 3304.45 7312.66 
1297.62 5869.18 2251.84 8480.71 1442.99 1213.71 470.403 1767.55 4513.77 2182.27 3507.35 5235.13 9148.52 5458.75 4797.42 
2354 9677.1 8130.19 4440 6016.75 1517.29 8675.25 901.68 2061.82 8435.69 5477.72 725.07 2582.42 8747.53 4029.52 
9895.08 45.1309 9898.71 2146.91 8525.84 1341.68 3360.62 8996.24 3109.23 7874.39 1178.49 6616.58 3109.5 326.996 2075.3 
7906.92 2680.99 1752.39 6037.09 7120.99 7769.13 7554.38 5796.22 8670.81 9616.2 4231.9 4148.51 341.251 6814.32 2896.02 
4370.77 6709.38 2941.15 4269.47 8856.29 1466.97 5611.14 2216.9 463.195 8720.37 91.2687 1641.69 5336.93 3200.77 1968.68 
7412.23 1107.67 4649.67 9164.62 7144.77 1770.65 6933.74 4699.13 7566.87 5604.53 4315.31 1798.75 9753.05 4656.56 8613.07 
2649.05 9027.34 5322.44 5590.21 3296.79 4178.71 7057.18 8907.93 6395.61 7520.38 7628.28 6486.88 9162.06 2965.19 9687.65 
1130.72 377.405 795.306 5780.4 9542.02 7940.07 7551.04 6475.74 2639.19 5117.9 2080.26 6954.5 6916.65 1833.29 1611.05 
5529.7 4482.34 638.37 852.12 72.5299 3935.16 5030.83 7129.71 2843.07 1426.43 4650.07 471.334 7913.31 3812.11 3436.52 
7600.95 4942.84 3813.93 8396.25 723.217 3355.94 6336.31 8274.26 9831.68 8975.5 3392.14 1911.92 5929.98 308.769 3745.21 
7541.03 5838.47 8227.55 8179.4 6690.59 8300.08 2114.54 1721.41 5429.77 4957.61 3147.84 79.8237 5428.95 1061.13 3891.94 
8865.47 8662.08 8834.77 2679.38 7058.31 9557.99 6035.32 3394.61 7832.23 5866.98 2370.09 1224.36 7778.91 8300.08 1533.12 
1524.1 5841.09 7371.59 9751.65 4020.48 4062.16 8051.71 6135.02 5783.57 3481.46 1092.62 8931.41 3561.29 6521.56 9992.54 
7453.22 5387.02 8654.61 6287.98 8066.4 5712.9 5845.95 4101.7 9107.51 3678.17 9968.69 1477.58 4902.52 7747.58 9777.66 
6435.65 9271.68 5618.73 3807.22 9023.31 9639.21 7869.39 7075 5774.21 3652.94 556.446 6866.83 2584.33 4117.73 3388.38 
2576.86 1570.94 8775.39 1231.45 7858.92 6841.78 6944.35 3704.86 943.463 6051.84 7383.02 912.134 7529.43 2285.53 8659.71 
7307.07 8721.17 7931.37 2925.79 2528.38 6954.66 2564.98 397.75 4029.64 8339.2 4050.69 4586.09 5206.01 6635.02 8703.82 
8594.39 9211.88 274.748 7369.76 443.313 8133.67 4211.52 7387.66 1838.51 5154.98 3439.49 9221.53 6067.12 968.904 1507.04 
4726.81 8275.98 228.197 2658.17 1201.75 2756.58 9612.83 3766.73 3154.33 3642.45 2105.92 7205.02 8228.54 7311.93 3840.02 
6932.34 5906.3 3051.89 7207.09 3276.04 3495.2 5340.74 7487.56 882.851 7179.25 2642.53 4322.34 6400.76 8709.65 5291.25 
7907.8 3436.44 3567.21 8136 6094.61 4768.96 892.559 5707.42 8535.69 4046.89 9349.87 641.589 1251.89 7578.39 7953.52 
5091.91 4510.71 3859.8 8143.8 1717.79 7135.84 1638.99 7058.53 4623.39 2521.84 4237.76 7265.92 6844.18 638.51 5975.55 
2135.41 8546.31 9412 5702.61 6682.3 5506.59 471.554 7574.85 1213.99 9007.24 1621.72 563.84 9648.83 2873.61 8142.23 
7602.33 7965.52 2652.92 1462.11 6109.3 4370.71 8597.95 7748.29 1429.23 3221.33 270.109 5666.99 487.228 7114.29 6305.5 
6462.78 9249.7 4851.8 5874.76 4952.3 1534.07 1381.33 5423.85 9108.93 2595.32 4431.08 730.634 3159.16 4079.89 3604.24 
1301.37 1682.21 1569.74 3954.3 3144.32 7679.04 8325.01 1742.26 5427.31 9754.24 4963.58 5697.42 5421.21 5450.81 2811.7 
1726.69 1913.58 2061.38 6578.49 7788.34 7013.67 8112.56 9169.67 2437.5 7221.47 1764.98 6868.58 7952.11 4924.14 948.458 
1556.33 6225.51 2630.67 3126.08 179.792 5774.99 805.103 8504.8 7517.25 6232.42 8259.02 2480.81 1929.82 3680.22 7931.62 
4741.52 5406.91 9845.2 6802.9 1985.38 7633.52 3816.55 97.9265 6803.17 6254.05 7319.4 8568.15 3122.62 5271.49 3492.27 
4071.08 6827.82 9717.78 6701.75 9953.9 9897.57 2476.72 758.986 8402.36 9993.96 6991.4 6661.36 2474.76 8921.23 341.561 
406.366 3662.73 5748.47 251.549 465.609 7733.85 7885.07 4282.16 7831.78 4688.22 536.198 5151.16 3256.35 3658.82 422.636 
6748.62 7729.9 7250.46 6466.38 4431.62 7204.34 6363.93 6908.34 7963.33 4766.27 6902.29 4954.71 1427.62 9377.05 3875.93 
1769.18 9783.41 7538.66 7517.65 34.9445 8004.27 5251.48 7920.01 2286.41 3083.25 2608.22 2822.61 8234.41 5864.57 6481.42 
8657.04 2613.17 4211.3 5907.49 9079.55 8642.93 3111.81 5443.47 5551.25 1075.12 209.725 2453.52 6029.84 1637.34 1830.55 
9905.76 3406.52 1613.94 7444.4 924.157 1648.89 5448.65 6175.64 9568.9 7735.06 9258.89 2177.1 557.647 7493.28 8041.67 
7039.07 6150.31 654.826 1250.36 2057.77 9734.38 9893.28 5169.58 5177.83 5444.51 6244.71 5387.56 7898.03 2274.53 7024.9 
9728.58 2180.27 431.405 1342.51 9624.68 1355.56 2991.4 5073.31 7531.2 2560.28 2808.35 6790.07 4737.38 3366 4283.34 
2779.04 405.051 433.624 3433.86 1655.41 2491.4 3168.22 1548.67 7660.98 8346.05 6993.18 3905.68 3733.59 4891.2 6180.2 
758.474 4619.76 8360.48 1189.88 5962.27 7985.14 2545.44 8953.67 3058.43 76.6282 1513.93 5866.78 6866.7 6251.31 9232.78 
1150.02 9030.34 9637.83 1583.65 2464.19 1293.22 4075.05 5632.41 2841.89 1736.01 3978.45 9835.07 5641.69 7712.04 4726.26 
1821.87 8470.51 9346.02 182.336 9660.39 5308.27 8167.47 2205.82 4261.92 1225.89 2282.45 5775.85 7092.67 9149.15 2027.14 
6325.43 299.155 1057.46 5963.24 1882.8 3521.65 7256.46 5957.85 9154.07 98.3388 7693.86 3132.5 9933.41 3335.53 844.521 
4659.65 5157.4 9315.04 4005.65 5339.74 8975.41 9313.92 3507.2 1181.21 3575.83 4733.08 3463.66 9351.67 1825.74 2612.79 
1378.79 8151.17 2911.95 2436.25 4114.39 4794.75 5957.91 1370.84 752.581 5111.96 1469.18 8446.44 8244.45 1402.58 1781.95 
9088.97 6062.23 6939.36 8403.99 67.8671 2279.08 7379.39 9381.79 5786.28 8560.6 2957.6 519.347 2024.24 2309.26 2345.08 
4637.04 3688.05 496.234 7548.99 6124.3 4610.63 2343.72 2082.19 5981.47 3096.3 7194.15 7450.65 1542.72 5438.58 8853.23 
3324.68 4527.54 4915.44 264.02 2931.51 4983.31 2543.1 310.885 4365.08 8329.38 8871.49 7322.68 8848.73 895.715 9631.94 
1193.8 5532.75 3319.97 1690.03 3081.72 9444.27 6300.66 5425.44 1526.44 2282.11 8521.74 8720.59 9732.76 64.4441 4159.15 
8585.97 3389.12 8686.69 3501.4 3653.14 1618.19 8484.7 6196.25 1929.07 2849.77 4525.61 800.544 172.435 3374.32 1696.26 
9804.37 4568.12 7229.01 3124.32 6258.15 310.713 2568.57 2558.79 5736.15 4095.02 4840.9 4257.87 2815.59 4573.65 4322.32 
6974.74 3159.6 7711.44 5661.41 6660.99 1364.56 7279.6 5145.68 7560.81 9208.68 7995.45 2086.4 9.20372 8167.88 5460.73 
1705.46 7972.24 28.8283 8934.47 1096.55 6286.98 9245.19 3665.12 8845.77 4981.32 7760.14 3686.65 9239.19 575.709 8260.3 
3561.49 7550.45 1419.88 1272.91 3211.85 8080.87 2637.48 491.432 3226.54 198.267 9700.11 1221.97 2284.67 9709.31 9389.85 
7745.4 1414.76 7362.08 7774.22 349.213 8458.62 4061.18 9594.4 2123.73 2906.94 4575.7 9883.87 6593.59 3814.88 459.559 
4853.87 7376.37 8010.01 6273.75 8649.28 1221.84 4354.61 1286.74 1713.27 7581.14 1485.01 1413.36 8803.11 3769.68 1122.66 
8192.95 1515.05 2537.41 5555.01 9289.28 2886.63 4013.61 3350.44 2481.01 6137.34 6257.38 7056.71 6021.19 2850.95 871.572 
6480.75 7704.82 8247.94 4490.74 3978.55 6897.2 5712.58 8333.16 8183.94 7425.84 5914.28 9668.95 8839.2 4717.38 3438.6 
9961.86 2910.31 4953.66 2499.26 8465.31 4242.92 5385.88 2478.91 7593.36 7866.89 8616.25 3850.73 4923.59 4637.42 6701.68 
5795.16 1118.15 4406.48 4043.08 5608.89 8385.04 940.268 1321.45 6718.17 9124.21 8747.29 2632.44 8793.14 7586.48 7349.82 
2231.73 7548.32 260.11 7185.38 47.563 8725.42 1428.29 5433.45 1204.32 9021.65 3300.32 9820.56 2872.36 8223.91 4457.97 
9574.04 4019.06 5576.12 3980.5 8062.14 1184.99 2365.52 9002.41 2506.43 9083.7 8126.6 1253.71 1716.12 6919.72 8840.19 
9065.94 9151.44 6388.49 9326.05 6336.81 6436.06 8051.46 7765.1 1869.49 9255.77 6786.73 5169.81 9076.32 9659.09 3393.71 
3534.27 9233.11 7412.76 9110.38 3213.6 5474.88 295.352 5579.12 4477.27 2801.79 4662.8 2603.85 4055.49 6378.92 9523.57 
2895.66 5444.84 8675 9284.16 4770.88 5011.79 5720.2 2822.31 2776.87 7589.68 2078.07 9563.6 2759.48 1154.37 9222.67 
6153.18 4688.64 8455.76 3565.93 3799 1669.34 9040.81 4094.35 7248.46 3518.07 6896.14 1911.24 6121.92 951.615 8290.16 
5645.48 3847.28 3734.98 4320.46 3131.42 8505.86 9332.26 8851.61 1328.15 2109.11 6441.28 3406.22 1672.69 9200.75 4560.59 
895.347 5353.92 9249.23 9351.11 8919.85 3048.21 1020.43 7960.64 7142.56 8268.89 1478.69 4038.69 180.106 7600.62 4990.3 
8470.26 3246.08 8837.58 2205.23 7566.55 1968.98 711.069 6898.79 820.577 2039.22 9007.9 7261.85 5445.45 680.577 6462.59 
6.02489 1575.92 1816.49 9255.25 927.014 736.321 2303.45 1947.44 8696.96 9446.02 216.311 175.641 3484.68 396.417 7776.26 
8474.98 8866.68 1022.33 7312.55 1071.89 8588.87 9281.53 1782.96 5487.64 102.087 3822.19 4495.53 7363.94 9267.63 5176.1 
3826.51 9273.66 6752.03 5643.01 8528.9 7679.04 6379.33 832.33 9626.48 5076.27 278.328 9842.79 5251.92 3763.01 239.193 
3028.16 2237.98 9105.87 4050.49 9550.53 177.75 2639.34 8832.04 1960.71 8126.99 8934.12 5782.9 2622.49 6298.05 5050.51 
7798.6 124.546 4324.15 4550.6 5767.55 2853.03 2229.63 2146.86 3685.36 1856.09 7223.14 3963.69 1698.87 2475.04 7726.7 
1938.06 5503.19 9964.68 1043.92 9553.68 9515.2 1221.67 2193 8347.22 3182.38 319.972 7281.32 8965.27 2942.47 3579.35 
4015.77 741.045 3703.9 8339.92 5291.65 9471.45 1192.94 7521.27 1618.3 4878.3 9377.37 8841.43 8841.99 1076.21 1316.45 
6568.68 3014.27 6819.65 6533.34 4058.19 6373.31 6048.52 5279.85 8566.31 4395.72 8462.23 8886.29 1677.02 7427.49 1828.73 
5256.38 1443.24 2569.78 8960.28 9783.16 7861.43 8431.71 976.083 5382.69 49.9927 5854.38 4760.03 8891.43 4696.35 5836.25 
207.863 1265.01 8850.52 7027.51 7798.35 2908.7 3400.8 3846.86 8188.55 1967.1 8242.58 6650.77 853.367 9919.6 4078.24 
2682.1 5175.96 5521.48 5251.88 4136.22 5304.62 3113.29 2567.92 6280.71 8495.98 2617.91 2135.07 3256 1509.32 6831.42 
9092.24 1717.19 8096.44 7942.75 8744.7 5894.77 851.429 2145.48 9741.63 9039.98 4112.58 7984.19 5690.73 4965.94 7903.78 
9768.97 7648.05 3079.72 5290.43 2899.91 7215.95 595.032 6013.2 9783.87 6875.74 4509.16 2401.76 9010.81 7765.16 3911.08 
5842.21 6857.38 5628.27 3938.63 4800.12 4372.95 9833.41 5651.55 6518.43 9575.02 4691.51 630.986 7559.2 382.22 5596.93 
5462.96 151.168 3244.96 8542.68 5441.59 6144.87 5758.61 6036.63 2158.05 5542.46 2912.35 6667.21 7944.22 1923.14 4432.35 
1855.29 7765.35 1289.72 7483.55 1703.97 6089.84 1856.48 1537.35 1741.37 8374.91 1112.36 6432.88 9005.89 8671.56 6815.1 
4602.81 4134.5 6966.27 7847.77 2677.16 2407.84 3992.62 8435.77 8444.47 6150.67 3978.21 1356.8 2817.87 1922.42 3279.94 
7250.22 3777.7 1045.27 8539.95 1261.24 2749.23 4629.77 3117.72 4286.59 6371.14 1492.61 5398.95 2804 498.49 4070.49 
9619.1 5101.3 8204.98 6585.34 2949.05 882.124 8993.19 6941.66 9317.89 7437.64 3092.32 3296.09 8794.44 5910.19 5218.51 
2074.36 3160.39 8996.21 3119.62 1700.32 257.436 5868.86 6330.09 3375.16 155.429 2701.21 4867.77 5554.38 5505.21 5366.26 
9624.86 5124.29 467.541 7829.83 1709.61 3416.59 8711.95 702.785 358.235 8029.83 8140.42 3450.55 1325.9 6934.85 9360.74 
6544.41 9009.2 2521.12 5540.61 2128.81 4221.44 5798.04 7997.67 551.516 9173.2 8153.1 3252.73 4040.96 3707.46 8757.94 
9407.22 3332.3 3882.21 9874.76 1162.11 5591.82 3291.33 9874.06 6294.61 3649.56 7903.87 4435.02 7100.12 9229.78 1369.84 
6460.84 5774.17 379.028 8981.96 1314.76 2507.84 3203.39 7112.81 505.488 3754.91 6285.99 8658.58 7007.63 326.931 2366.02 
5765.55 9734.15 5698.33 9647.76 9608.89 6860.44 5239.57 2900.2 6734.48 1534.16 6549.77 4638.34 5969.17 3649.87 3868.1 
7339.02 110.698 9642.27 7718.04 9092.66 957.013 225.865 2296.03 8069.82 731.353 6050.94 4355.79 9389.94 3058.56 4682.72 
1755.95 8824.11 4416.85 7454.27 8471.85 4025.73 4314.69 3711.4 6925.93 1049.16 5245.56 3475.68 5687.49 1214.71 7125.55 
9555.59 8553.73 7236.25 9197.84 6271.76 6328.89 154.837 6497.62 8624.93 8224.66 7228.98 4675.85 2580.43 6618.9 7734.41 
7263.15 8374.84 6558.5 1679.99 5829.1 5030.34 5705.72 143.771 8741.74 2631.63 1192.93 3987.28 6107.31 6880.42 5202 
3232.85 6435.99 3755.71 469.079 5633.82 27.453 6797.97 5788.65 6525.08 5422.88 4013.29 3754.04 98.7188 6593.72 372.916 
7833.13 3856.86 8747.76 4391.61 5536.85 4576.84 9421.95 1242.55 4720.61 8163.67 3874.18 5913.54 2150.94 9981.49 2793.94 
7352.94 3214.32 9229.93 1108.63 3683.4 4863.74 1136.09 481.358 652.374 7661.16 5904.24 4665.67 1415.18 6002.96 1259.37 
1788.1 3836.07 5116.23 535.838 8227.68 653.066 5112.68 7649.62 1895.62 9833.29 5813.27 5769.8 5746.81 7964.21 5751.27 
8540.75 5317.13 8965.6 7770.67 6425.76 2648.99 2634.39 7561.85 3130.34 3286.76 5223 9034.58 7952.43 6638.18 5037.53 
9211.8 8426.27 8873.6 4328.02 8962.11 7101.27 4981.08 4074.77 4750.87 6876.7 3908.04 564.122 2646.48 9654.85 8528.33 
8397.76 8195.58 3845.45 7363.34 5966.23 271.197 12.3072 8600.61 7833.05 3142.65 1887.35 3056.03 2177.22 9839.78 9694.2 
7214.75 9051.57 8120.45 6088.33 3379.57 7082.55 3189.58 8360.65 1157.3 7940.45 5237.33 5065.34 8504.57 7883.82 4720.16 
7032.89 6281.56 2915.72 878.318 3644.88 8881.95 1149.51 3657.19 7482.54 8982.56 6799.84 9369.9 2038.57 8977.05 9209.66 
1732.75 6191.79 8261.21 9853.21 2280.1 1640.76 6935.74 5469.68 1.3942 8093.04 3410.11 5238.73 3158.35 1914.67 3122.53 
7878.52 8947.55 9404.08 794.223 9825.87 3048.95 9676.17 975.367 6706.13 7158.7 9957.93 3505.95 6528.58 1996.48 2482.99 
5738.22 3729.24 8674.77 3999.41 3582.43 954.857 5640.17 518.149 6424.54 5641.57 8611.18 9834.65 880.28 1769.52 1749.3 
4002.81 9648.04 696.835 3406.88 442.244 522.686 6455.82 118.399 1498.05 3161.94 7277.1 1455.96 6667.88 3805.66 3452.45 
9150.87 9543.88 7181.68 7825.63 3543.28 764.095 8780.48 9183.45 1282.24 5205.01 4825 9893.43 5039.64 5705.28 1662.93 
6788.94 9708.09 1310.95 7485.78 3114.95 1753.19 8008.46 9570.77 1871.59 9506.52 2732.69 9148.69 962.465 9400.57 2954.33 
4414.91 8551.43 2498.19 1596.58 6377.04 6041.47 2360.67 5157.51 5224.9 3642.92 362.497 49.8843 3536.33 5402.14 5755.17 
5199.26 2191.07 5463.24 6510.21 9676.84 8578.19 8263.4 7685.29 8148.94 134.98 7191.79 881.61 9283.67 8154.26 282.166 
2237.98 2569.15 8833.59 4736.18 4165.73 5210.62 777.628 6526.4 368.106 6002.53 169.305 730.603 6052.41 3705.63 6132.74 
1807.56 8904.89 8323.81 7270.8 5415.08 8000.64 5848.97 3678.47 5685.91 3997.89 3813.45 2877.69 4879.5 3097.11 1031.93 
5161.66 5335.09 3601.08 3995.24 71.2481 7766.81 9205.86 848.876 4293.2 9573.96 6851.4 4462.5 304.55 2903.8 8168.13 
6437.29 4711.36 7073.01 4761.09 1982.14 2488.08 2761.71 7831.11 6166.55 8447.62 1828.98 9980 1325.29 6708.47 3077.09 
2357.21 1870.12 8412.18 5958.29 5865.36 8483.43 3725.08 5071.2 9332.3 8018.28 4645.15 6183.69 2480.76 4949.7 9087.49 
648.88 1386.98 3798.83 7721.89 6148.06 5780.97 209.95 8909.77 3612.06 6376.5 7357.37 5441.04 6356.48 8682.66 2149.5 
9433.57 1039.85 4019.62 7845.73 6998.14 9884.98 6329.14 723.206 4956.17 5661.43 8741.48 9601.32 1845.1 1222.23 4551 
932.57 1871.11 5937.97 4731.4 9593 2086.02 512.359 9802.95 995.77 4124.42 6179.43 8353.14 9565.46 2535.9 7035.78 
1714.94 1969.45 8075.63 5734.56 9815.19 5073.75 5619.52 6144.31 5796.96 575.671 1805.72 4538.43 176.97 3650.82 5760.66 
4727.97 4583.39 7631.77 665.926 9314.79 7224.75 2751.95 9827.15 7027.68 3747.72 3951.56 3207.1 2100.84 3517 5743 
