100 15
4185.35 6422.32 1386.63 1184.76 188.501 4781.65 4462.24 5559.67 8534.2 9015.06 3063.82 6394.29 6126.04 6937.49 2084.22 
8853.48 1559.62 4980.13 2854.41 7946.14 4148.17 8989.6 9858.98 6138.83 2936.96 8741.22 4561.25 6755.93 8620.56 1531.77 
2227.05 2805.89 7954.1 3613.68 3990.65 8142.6 8395.32 8452.89 3702.25 6929.5 7467.93 6766.07 3323.78 3593.95 3703.54 
5408 2447.41 5263.16 388.112 5301.83 3209.28 4536.28 4291.41 3068.24 675.093 7228.37 1809.44 5236.34 3984.28 429.984 
6768.11 6211.33 3235.87 4722.19 9825.01 7226.52 2864.77 8220.31 5679.39 6567.02 5149.8 3147.3 3333.08 8473.58 6741.26 
7036.62 3881.56 9188.67 2299.76 4269.67 4490.48 5509.04 8805.95 8781.89 8577.28 9481.04 6010.25 386.705 4717.36 9994.53 
816.689 1485.46 6205.84 4052.56 6207.65 6030.83 1279.07 9072.42 4251.12 6958.46 5639.43 9400.92 105.744 8972.51 7874.48 
6847 6009.11 1756.03 6035.65 8308.87 6025.7 526.118 3817.89 4831.62 9308.01 2395.15 4312.65 5318.24 2781.85 9030.01 
5312.75 3598.54 515.452 1518.57 7651.1 6723.1 7549.4 8930.17 5795.51 1800.5 5888.61 1434.93 1201.41 5994.35 407.421 
9075.89 2841.34 6416.53 831.903 8876.99 4725.38 6857.6 9403.11 8543.27 1689.21 8711.1 938.406 6001.85 4029.33 3720.26 
5031.85 9342.07 7318.8 5547.3 860.625 4969.89 2270.38 8410.02 3900.04 8065.9 210.505 9788.65 9500.83 1411.91 5782.99 
9908.25 487.792 8624.33 6324.76 1319.69 7501.31 1050.13 8177.29 6904.4 9593.4 9866.5 5615.49 531.791 5868.33 9644.82 
4252.05 900.163 8986.87 1570.84 6447.46 9847.5 6540.72 8717.85 8257.5 440.748 6783.73 8468.01 229.384 6284.53 9879.92 
6012.37 6192.76 367.696 4636.69 2517.51 1687.39 2137.98 3567.64 9864.68 9042.38 3161.02 9731.17 4657.85 3692.81 5599.48 
4302.65 7944.86 6499.65 3289.51 9515.7 2947.09 3136.99 6056.4 1664.92 1394.47 6497.15 8448.65 9862.48 6726.54 4733.16 
9742.38 2738.89 925.909 110.063 7375.58 3443.42 1797.45 9513.56 7011.05 1662.12 8555.92 172.057 1393.27 3213.76 3864.87 
6992.75 7516.41 1809.71 3492.38 805.905 1325.39 6439.47 3942.9 7381.8 8104.39 5337.37 3878.93 6553.02 5199.83 605.454 
1286.17 4942.2 3344.35 2212.07 5052.26 719.91 5655.49 6849.72 233.451 2666.53 8511.84 8789.37 2838.59 9905.11 2003.11 
6703.46 6897.84 9519.53 8513.17 390.206 325.414 9838.56 6829.68 4268.31 7220.35 4934.05 9605.68 1099.26 1487.05 4805.5 
1704.72 2773.22 9747.7 5049.06 4985.29 4799.94 5768.97 640.769 1649.64 6002.42 3307.3 161.464 4791.78 6145.88 66.5543 
6794.89 2849.32 6964.4 6314.4 1362.47 7354.6 6639.82 1201.02 4184.26 908.107 8421.37 9118.31 513.769 9520.63 605.349 
5319.26 1225.33 3378.57 5066.94 6274.39 8363.86 9866.89 2043.35 9004.63 1516.51 8045.78 2311.91 1677.98 2837.54 8457.79 
1744.53 9632.43 1307.1 8708.93 5946.82 2669.57 6063.51 2586.61 3870.59 247.755 3494.72 2291.94 9366.07 4008.49 1812.56 
9971.42 9327.76 3037.89 3349.97 4394.68 9312.28 1713.81 4261.55 1355.61 718.429 5778.06 9401.39 3030.34 7456.04 2238.91 
1488.12 9200.57 1871.32 2795.22 7909.48 7818.14 5464.79 3972.97 404.737 9335.38 4220.73 3899.46 1627.31 3586.78 7907.95 
3439.86 3558.18 7235.69 6477.75 6908.15 1630.35 5790.01 8621.96 5891.9 7145.62 9340.39 1669.95 6546.99 2370.71 9125.99 
8785.9 3858.83 8326.54 657.207 6654.05 6236 8475.35 2118.82 208.953 8880.08 1454.18 4429.68 2779.52 3081.49 8016.46 
687.457 6521.35 1574.62 7923.15 2999.08 8482.77 9553.5 8789.09 7104.71 5445.38 5934.69 6445.08 7115.33 2481.67 8815.8 
6241.3 1267.55 2674.61 4567.82 1924.76 9328.66 803.803 400.09 1447.46 1012.76 9280.17 2901.65 5442.44 2059.68 5983.14 
3458.88 2747.14 2504.47 5033.5 670.267 5503.55 3516.24 223.748 4292.63 620.938 5669.13 227.306 7066.02 2784.45 2708.98 
5881.8 9025.75 3976.53 8556.41 3593.56 5901.29 7885.05 4397.36 6301.38 9332.52 5410.11 5581.54 2234.14 852.533 7641.22 
8217.28 4311.41 388.338 721.734 9344.9 1058.6 6225.29 2861.13 1282.35 517.899 3482.07 6951.49 745.206 548.075 9735.94 
3454.18 6429.88 8761.67 7430.71 4986.27 2355.21 3331.98 2871.31 6752.57 9633.37 2203.81 2162.67 5214.88 4437.95 3015.2 
2856.08 2655.21 7326.61 3244.42 3376.95 6671.5 4303.03 9602.24 9532.63 5585.38 120.119 3014.68 2536.85 865.324 3562.75 
2272.77 4319.51 9992.63 1034.42 1750.2 4978.89 3389.63 5082.18 7850.19 142.178 4715.53 53.9833 2304.84 9930.42 4491.93 
5320.04 2786.48 7147.15 2646.64 6030.91 524.078 9318.13 333.917 126.297 8850.74 5919.3 246.416 1865.4 8456.14 1111.74 
5428.16 728.895 5431.25 5420.77 1763.31 7181.44 399.642 5152.94 2263.61 8249.83 5295.12 6979.14 8303.82 7599.96 6909.54 
2795.74 2919.99 9696.03 9942.88 5566.63 5726.92 466.943 4884.74 6060.83 593.24 3735.46 1980.11 839.655 5600.87 436.241 
1951.4 1029.01 1165.14 7382.64 6449.78 2928.45 4564.07 6849.43 8081.39 6827.68 5099.24 3376.49 3806.81 3403.05 976.441 
716.335 6198.78 3896.43 412.346 6141.65 9463.06 6139.26 6608.59 4347.78 2200.08 7201.83 8083.24 4180.19 8041.48 3684.09 
4616.44 9992.88 4713.1 5781.57 7375.5 1162.87 8710.02 1939.56 8012.3 6791.39 8767.24 3111.52 167.871 2574.03 6514.57 
1144.31 3290.36 2713.33 5040.74 3702.71 8854.98 4503.78 9841.97 5463.55 8851.56 2042.04 2665.36 6934.79 6222.23 706.826 
618.862 838.649 699.689 5331.97 6620.22 8075.19 6494.84 5330.22 14.7304 4507.11 2121.6 8781.97 7618.64 2289.47 1355.98 
4133.19 3433.78 4646.34 6846.52 8474.52 8349.05 5701.47 2978.29 8191.01 1165.01 1829.83 233.028 3830.36 8764.62 6455.26 
4537.19 9383.48 7293.91 5236.88 4715.43 3914.11 3312.05 1210.25 9244.33 3326.78 5717.36 1365.92 2108.73 3335.98 3655.39 
3464.71 7469.17 7089.17 8111.05 4315.66 5563.67 6460.09 17.1216 8541.96 4651.08 1182.13 371.782 4884.11 5012.49 9136.4 
1339.35 9549.68 8519.87 8633.26 4786.54 3235.28 2547.35 8098.6 4445.53 1791.67 1425.37 162.876 3157.58 3534.1 3498.86 
6812.97 6998.81 968.005 3902.12 5109.85 5283.67 9465.79 1569.92 5300.79 8007.74 6221 6482.92 8379.52 1105.09 1495.39 
7515.91 2444.44 1045.06 6035.76 1077.68 5831.6 9271.04 3625.03 3930.18 3716.55 5416.69 5355.55 3879.43 8574.27 8889.65 
7378.29 5387.22 5888.45 8346.29 9289.34 998.282 3629.94 8755.11 2568.2 8930.73 6762.83 8789.21 5413.64 5142.34 9894.3 
6909.03 2658.22 2338.72 7954.08 8693.98 3416.4 3785.67 7965 7041.43 7715.85 1681.54 2458.1 3071.38 5560.97 1032.36 
1961.02 2939.23 6419.58 7849.46 1285.51 5708.91 8847.75 4915.45 4464 1415.93 3846.17 1226.82 205.123 9259.8 6369.15 
99.4033 6168.82 9027.38 2438.12 4122.88 7721.34 5854.52 7908.55 5686.33 2895.93 5624.38 7367.86 5354.03 8695.77 2928.81 
6386.39 656.765 5868.05 2805.96 8506.23 7153.55 8514.87 7353.96 2068.99 2978.85 8769.89 5915.16 4205.67 8975.01 5174.95 
574.804 9074.42 1343.74 9602.18 1512.52 5466.63 7323.5 7367.05 3375.16 3009.81 262.959 8999.54 377.66 5616.99 7695.29 
3306.47 2003.37 8352.06 9174.52 4809.33 6858.27 6328.06 3324.18 4212.21 8397.04 6303.03 2982.08 4312.19 508.685 1957.08 
9487.13 1083.49 1031.48 830.859 685.653 2544 6297.49 8009.16 9911.05 9672.65 1018.95 173.993 8672.17 1396.61 5790.99 
6367.45 4703.09 7794.36 4719.49 3877.59 2603.67 1577.74 205.629 5927.86 5789.95 8602.67 2230.87 8772.03 2914.84 2739.56 
729.094 2401.96 3823.05 1760.58 3232.82 4508.7 4304.58 9530.3 2517.84 4215.61 9202.93 3536.8 4389.61 7875.08 4933.41 
180.575 4242.51 9636.5 7974.93 8962 3514.07 578.591 539.72 3719.7 6506.45 6329.67 2322.36 8737.32 5101.68 5237.2 
1476.87 5830.77 7639.16 5299.91 7591.35 871.958 9808.61 1895.91 402.245 2326.44 6111.53 9605.18 5863.23 501.114 7480.24 
796.627 681.689 1722.74 433.107 8656.62 684.723 3947.18 9235.21 1224.44 7666.87 5741.64 7554.11 9989.23 4478.95 2655.77 
5226.41 5955.82 8486.55 2865.55 1255.71 6077.88 3737.51 1064.31 7973.79 4139.75 3390.75 4085.3 3744.91 9253.98 4586.42 
1225.14 50.5915 5268.11 2947.88 483.699 3924.71 3632.6 4430.88 3159.91 4857.05 2097.73 8901.55 2411.14 2086.94 3380.48 
5066.91 7313.36 9336.3 3553.45 178.891 591.995 9631.33 3916.4 1656.3 7605.1 8056.15 5047.05 1690.39 1801.05 4301.02 
6276.8 3026.19 4351.61 1544.89 5974.07 4835.31 5469.6 9606.68 9266.18 8629.51 4463.71 1363.9 7531.04 6874.85 3450.84 
911.51 1941.74 764.181 247.793 5495.19 943.072 839.788 5126.5 4859.47 2496.09 2731.58 2915.61 7543.15 4421.97 4716.66 
1844.15 698.755 7742.85 6195.75 2243.65 3716.91 1031.04 7713.25 3323.57 297.21 6342.74 7787.27 1661.11 3873.76 4662.1 
5111.95 4785.27 6603.85 5876.13 5033.07 2099.02 6819.2 5872.86 7225.52 1678.66 8368.95 9957.1 4594.27 5912.08 4379.05 
9310.93 7756.22 5077.81 7053.77 3951.96 7321.45 770.657 4983 5034.68 4094.22 5280.21 1377.41 1881.48 6941.32 5251.17 
6543.59 2053.25 36.4271 3147.42 7929.39 5069.49 5246.44 4748.57 942.333 2471.94 6427.23 9311.28 2429.03 1021.48 5223.34 
6808.08 332.393 2979.55 1885.87 7386.16 6931.51 9207.33 8156.82 1914.49 4242 2251.02 7194.71 5619.4 4132.51 4136.02 
870.554 676.075 6189.27 906.981 3823.49 4118.64 5976.48 9069.93 8867.21 6918.81 1541.85 5294.42 6230.07 3970.88 6315.9 
1453.4 778.942 6648.3 4432.94 2664.81 4034.44 1364.43 1872.13 2191.24 3278.93 6114.12 4442.26 473.623 1733.5 8574.77 
4609.64 2604.06 9250.84 798.891 3511.04 3074.32 4917.53 9487.52 2144.23 3784.72 6406.31 3686.08 9079.15 2636.36 7656.96 
5395.03 4089.76 8435.91 2043.31 8522.7 1100.7 6077.75 9887.14 2972.83 8268.99 3166.05 9086.95 2711.23 3639.67 820.437 
1285.99 8249.31 3424.5 536.813 9048.2 6935.54 3611.13 3965.72 6423.03 5755.36 7750.44 2829.32 9441.45 6829.57 5465.69 
7098.4 2224.58 9555.45 5534.28 4267.9 8078.13 6634.99 345.629 7965.25 9607.81 8614.62 1131.29 8694.75 1325.83 4770.96 
9515.18 2611.82 3020.26 2939.66 3148.63 2068.44 9875.2 6759.77 6034.16 6298.21 2515.11 3784.58 9127.54 1956.55 614.129 
4593.21 9054.94 2838.71 4148.64 4589.21 7106.61 2226.75 1224.18 7452.24 191.99 831.976 6066.84 1323.28 9526.72 7392.67 
6094.24 9041.89 4.47384 9114.5 1981.53 3153.11 1182.92 1856.71 9912.87 7217.08 8154.93 2427.97 1001.64 7282.45 4384.52 
1615.77 1875.64 3439.44 4454.48 6024.27 8028.65 1561.07 8251.03 9252.83 9013.31 8443.02 84.7855 5080.13 9766.3 9611.51 
2472.78 5860.52 8653.38 2477.25 4975 634.898 5630.36 6157.93 2491.61 5543.22 3374.99 646.524 7971.19 4376.63 7928.97 
2355.69 5992.4 9804.61 5795.13 446.865 5828.87 3823.76 2007.94 4079.88 3076.57 1021.23 2522.88 3161.35 6101.35 2289.16 
2772.85 8574.14 8149.68 1426.21 1051.37 3124.67 2061.11 6681.73 9282.59 4552.72 2224.94 2657.56 5199.24 196.106 7034.19 
3128.2 2551.79 3026.58 2932.8 8346.92 3473.44 8761.67 2170.66 5481.38 2841.53 5247.23 6502.61 5364.41 8408.59 2603.95 
7653.56 1181.41 1178.06 5803.23 2607.62 2229.44 8927.89 4668.73 8911.17 8210.47 9221.45 1136.09 868.011 4420.68 1332.19 
7902.2 7548.88 3883.99 928.762 481.658 2230.89 4402.2 9243.32 4401.56 9883.58 2084.83 9648.79 6386.17 7449.24 8057.36 
8990.12 5102.79 9238.77 168.163 905.996 1846.38 2397.6 9833.89 6515.11 1308.75 8044.34 5736.54 2444.84 8912.35 157.206 
3777.03 6814.54 7706.09 7661.02 7743.3 8187.74 9891.91 2145.48 7431.05 4293.45 2029.05 9515.88 3942.22 8415.22 6965.1 
1999.56 7405.32 2067.87 1238.32 7573.48 2973.87 3084.7 9971.08 2807.74 9599.8 1279.82 852.06 5336.33 3724.66 9764.41 
5493.54 7501.69 6578.93 3199.61 5162.69 4322.21 1387.33 5054.59 6467.69 8818.38 9348.04 8496.74 8334.25 3290.25 6911.94 
5299.34 5289.82 4317.24 7367.21 6528.13 1890.71 341.059 9612.83 1861.77 3148.8 9212.62 3141.59 4000.86 4548.93 6866.24 
3765.25 42.4539 4367.91 344.162 3242.06 9530.61 4666.37 4629.4 4585.18 1134.05 3447.76 3933.21 9630.79 1781.99 7223.46 
6542.71 7081.33 2513.26 859.938 4448.52 9041.4 2750.65 4789.58 8654.21 4612.42 7938.38 7866.81 7754 1939.22 2415.73 
4620.23 5704.47 2458.18 8988.14 6048.63 5700.24 8518.73 714.986 329.621 3103.9 1849.03 3777.38 7037.11 1479.8 5559.38 
4260.56 8022.51 2640.69 6773.82 8882.45 7089.21 5815.2 1633.08 1878.78 4469.39 6245.5 9817.15 2336.19 3999.48 1756.36 
4751.92 8619.71 7460.83 7210.1 7607.84 3509.44 2910.33 6126.55 4224.43 3239.95 9230.45 6073.46 7017.33 6267.54 7553.26 
2576.69 528.079 5575.76 5217.38 7301.9 4458.2 2306.58 3117.08 6091.28 4185.36 7586.47 2336.76 4002.49 9922.66 6336.24 
5758.85 4674.56 4955.93 3219.66 1884.64 2563.75 6729.1 4794.96 8690.3 953.513 8034.91 7920.74 7026.97 5052.23 4188.26 
