400 15
4057.2 7171.48 8663.81 6509.03 3349.2 6287.16 7854.95 2381.44 4675.96 3805.23 6256.66 2956.59 6515.99 259.952 5484.41 
4116.28 3298.97 4091.37 2336.8 1301.46 4533.21 8663.38 2414.49 5982.54 7251.86 279.585 540.578 518.349 6581.63 4511.68 
733.505 638.813 1683.15 9397.31 7147.85 5032.35 5684.46 5002.78 7413.79 360.404 8808.01 3670.44 3317 5323.98 3930.39 
8801.41 9440.26 7229.36 2892.77 1777.04 8530.82 7425.98 440.401 945.301 3408.5 7692.26 1224.89 3949.08 8210.61 7806.52 
8460.77 8944.11 8445.33 143.9 8341.41 5593.16 5176.25 4025.85 595.926 2590.02 4386.25 9403.94 6260.46 7703.25 4727.9 
190.835 6504.64 4168.14 7420.2 9397.41 5945.18 5951.01 6823.38 6385.58 6896.31 231.863 4077.82 8121.19 4180.95 2288.41 
5927.7 2641.69 1232.51 4373.01 2785.59 9573.92 9966.17 7961.84 3599.75 562.081 551.851 7986 9966.02 6812.31 5689.23 
4693.9 7003.15 2193.86 8862.05 4423.33 1591.25 4807.21 374.321 8414.62 1192.78 7270.63 8646.49 5270.6 5391.81 2827.42 
7559.02 1319.49 5469.11 8791.53 5692.5 8254.71 8365.43 5658.65 6216.53 1965.16 6220.73 6768.38 9951.16 6186.74 3580.68 
5640.37 880.623 583.809 7834.23 9742.67 5007.14 9425.48 4549.87 5381.46 7840.09 5742.65 2652.07 6486.56 1013.24 8043.88 
9313.97 8572.26 9363.36 4783.07 7363.77 5055.84 3037.76 5729.18 714.48 9254.29 7694.34 6935.21 6022.65 7645.48 3121.93 
9603.33 3285.83 4002.56 187.124 1120.04 3745.21 5194.26 545.504 8295.08 575.707 8385.59 4037.71 3227.78 4872.13 5050.95 
1271.64 4186.09 3623.19 634.987 8969.15 986.937 5690.83 2006.89 6716.12 6405.31 1261.16 4410.44 3340.51 7283.82 2055.89 
6462.44 6887.13 5341.73 464.982 7074.25 6461.77 4210.19 2268.5 7007.27 2505.25 2844.21 5392.85 6542.96 6071.99 264.959 
1593.89 7343.63 4451.05 5217.08 7978.62 3420.18 6204.02 3669.43 5427.07 2920.12 74.7225 6688.24 7330.55 3415.23 3972.04 
9386.45 9877.67 859.151 4728.15 342.638 7933.41 1189.9 4552.83 201.891 8197.18 7058.08 3046.1 3590.01 3601.03 9118.09 
3854.96 5194.92 6461.7 8306.01 411.987 4440.3 1726.17 6616 8109.73 7153.25 9536.12 8184.45 3841.47 6866.65 1599.66 
7813.51 6253.08 1477.32 8672.66 981.22 1819.96 6606.05 2171.13 6372.79 6807.94 368.285 3430.86 9854.04 3958.29 7031.89 
8972.11 7813.25 2226.79 5433.79 6119.25 2638.78 9874.09 7845.42 9254.79 7983.8 4998.65 8790.89 6168.24 8840.12 5657.53 
7767.9 6653.61 1910.59 9245.22 5326.26 2891.81 1065.16 1932.29 5062.94 7437.95 8740.23 5431.22 868.788 8594.25 9389.51 
7900.67 7566.34 7202.75 127.45 3000.12 3321.98 2766.23 2874.19 1167.39 2021 857.979 6166.04 811.87 7026.21 5006.15 
6469.4 4794.1 1659.74 8379.99 4039.3 6986 1271.78 5104.46 8918.29 6334.72 2542.39 7658.49 1765.93 3411.18 6252.72 
1155.42 1311.84 3819.05 8358.17 1439.29 6819.17 1680.14 4205.52 9693.36 2847.52 6226.52 551.321 9013.56 7038.39 7577.53 
4019.69 3507.77 2371.61 5679.44 1887.74 6410.91 2665.42 3159.52 1515.36 1583.69 9494.24 4057.75 9242.19 1260.15 7468.93 
5494.89 2415.58 8780.76 9313.94 773.737 220.035 6133.09 2453.88 4425.55 5826.43 5301.4 652.053 6377.75 4314.95 7690.44 
3955.27 8334.64 1198.19 6326.89 4014.06 3085.93 2737.78 6679.49 6245.45 4253.14 8263.18 5739.68 8310.89 7505.35 6999.83 
5779.8 3000.22 9415.41 4560.55 2314.15 189.129 4780.58 8447.24 2643 9206.13 4273.65 7944.4 9858.19 651.387 2259.33 
7548.61 4606.66 593.96 8746.8 933.526 4608.02 1832.71 3671.31 1287.49 8078.16 7924.45 9550.67 3817.82 6235.32 7056 
817.632 2015.1 56.2025 233.024 6575.65 2370.35 422.153 1356.21 817.567 3065.16 562.329 5091.22 1009.54 420.499 5742.61 
3268.88 7969.11 349.246 3862.84 6715.89 1282.77 8470.86 8548.6 4954.08 9758.35 6626.75 2878.51 9309.01 444.55 9113.83 
6364.99 1262.18 1128.91 6421.19 1495.21 7704.55 8791.54 1917.36 9060.77 9609.11 4982.52 9623.09 4700.31 5992.06 43.577 
442.896 9260.94 8012.69 792.143 3123.76 4728.56 2074.91 1594.61 3277.15 7028.99 1352.94 9903.9 9907.5 661.935 348.432 
9021.31 7026.92 1610.61 150.204 3448.1 3105.82 7854.76 2239.62 5023.18 6915.51 1848.71 5.67994 6538.59 6549.02 5997.74 
6582.16 6991.91 5258.66 4594.83 7784.05 8382.43 9323.4 9858.97 9977.03 2600.53 6887.95 1329.96 2504.41 6795.43 1991.9 
2852.85 5816.73 9018.82 4463.46 5966.93 2466.9 7569.28 3821.67 4706.52 2592.44 737.164 6555.22 2598.12 7275.75 3104.22 
8595.86 3857.89 96.1169 3854.51 8452.73 7880.17 2236.92 7776.11 7739.12 2213.94 376.62 4627.05 3543.9 2881.03 1422.47 
5535.79 5733.88 7239.2 4554.59 197.322 3206.11 7021.49 7766.6 7027.79 1727.99 359.029 7764.95 8283.21 2957.15 5040.68 
1387.42 1553 8898.58 1483.54 5407.51 7351.29 9363.71 7644.43 5127.37 7102.81 9858.37 5503.99 1729.85 3402.25 8385.03 
3152.32 8938.04 4118.89 391.497 3492.62 4316.21 3597.61 514.094 2082.8 625.377 2242.08 2441.83 8390.33 525.281 5398.98 
3430.99 1912.7 6951.98 2329.55 3396.24 2359.47 9680.83 2759.93 3.88662 4808.19 9862.74 9862.26 312.169 1592.57 3264.49 
8697.2 4744.89 2202.51 2816.07 5136.39 5695.13 7132.28 8734 6209.23 9215.08 9359.37 8451.31 1656.88 7749.68 8976.59 
7055.86 1180.66 889.274 4007.82 3510.21 4285.51 6367.29 3191.02 7045.43 6371.18 7999.21 6908.16 6233.42 8311.38 8500.73 
9497.91 7008.56 3245.6 1700.4 9824.63 8381.99 7395.54 6956.89 7115.96 3604.74 6171.95 6475.32 2056.04 7828.84 4224.98 
1032.61 4884.68 5405.64 1921.89 8892.5 8915.84 6207.4 5259.78 2106.85 3252.81 1630.94 106.048 160.953 7864.36 8417.43 
8661.68 7362.24 5425.98 1907.26 9062.65 5250.59 289.233 6458.16 2207.47 7405.2 62.8921 8379.42 3880.5 2118.93 6208.24 
8105.48 3151.54 1092.9 3511.11 5073.43 9985.4 2426.93 1280.81 5245.16 4533.78 4533.62 6876.1 4639.83 4694.57 4740.44 
3057.25 3356.24 2102.66 8483.22 5263.5 1165.29 3733.8 5552.74 7623.46 5941.27 2957.92 7686.35 4320.67 6838.42 9805.28 
528.887 4943.88 2956.8 1621.79 8454.99 8030.23 1607.17 881.904 9311.04 6852.33 5415.69 3844.64 3728.41 55.501 8539.22 
8468.84 3112.75 1895.44 571.488 1595.95 7158.94 1736.78 5329.75 2711.66 9360.24 1271 5669.58 7046.57 5591.67 2507.97 
6851.83 6120.55 7451.86 9808.64 7742.34 5906.83 7838.85 9349.51 6788.73 7149.88 6201.82 2204.4 994.502 9930.23 2259.9 
9533.72 8399.05 5372.65 1429.14 8970.54 6968.6 8588.08 707.306 2298.34 1299.72 67.5276 3569.34 6969.3 7114.1 9161.01 
9477.27 3965.91 5281.55 6929.11 3774.53 3023.87 2835.93 1613.37 2373.36 9624.66 8763.25 8575.18 1829.04 9757.75 8505.4 
4088.95 9291.45 6904.43 9461.6 720.573 5874.96 6430.19 9308.65 6582.26 8728.53 608.361 6649.79 2297.85 7577.66 3763.87 
1458.84 7054.92 7729.79 6740.39 3984.01 1504.3 9764.26 6819.94 3117.67 2137.61 6444.58 1880.9 712.776 8273.62 1638.63 
9218.17 2362.55 930.067 6122.59 1824.14 1650.64 1997.53 8254.32 959.277 8579.79 6982.83 1567.64 5229.57 9280.68 9145.3 
8993.44 739.509 6200.2 6723.21 7479.9 184.192 8227.52 7244.14 7004.13 1345.18 9381.75 3448.69 3226.08 94.5121 1722.3 
4864.71 9312.68 4084.85 5794.78 5435.26 5908.99 7445.42 7432.79 4163.29 8404.7 6012.56 1146.11 9972.33 1242.12 426.773 
9117.61 235.544 1166.28 5317.79 6958.76 8646.18 5501.99 5186.26 5890.31 2506.1 6531.44 5272.04 5954.79 9757.51 5366.56 
7677.09 4622.21 4679.22 1761.93 416.971 114.462 7670.92 7862.39 7547.25 1834.2 6267.07 3559.79 2980.3 6239.39 4801.91 
3407.08 5356.98 5037.46 4573.36 674.761 1996.2 3219.52 6176.75 7182.46 9109.83 8682.84 3713.87 4381.86 4637.62 3471.37 
9748.41 2314.69 8093.58 4427.62 4076.62 8510.55 4542.08 1747.53 6372.92 2089.31 3581.72 2639.98 5649.11 6562.03 8879.36 
451.003 9969.11 4236.33 5488.46 4542.45 4911.09 7484.65 7761.97 1087.82 4667.09 6871.78 9770.67 8380.96 1253.63 4408.27 
1852.32 1002.02 6722.96 9945.9 5429.64 799.573 8456.43 9971.72 2547.1 4829.34 2061.02 6128.82 7469.32 7710.13 2690.83 
6348.67 8161.13 2659.92 584.98 3649.57 7202.37 5496.07 1134.21 4964.33 6583.9 5801.3 1836.09 6354.55 4182.25 3089.72 
762.8 6034.57 4091.74 7485.76 5980.45 9521.38 8285.34 4436.86 9493.09 832.42 9266.2 1554.09 6961.24 6735.5 9264.22 
9652.08 3084.15 7425.33 2311.98 3669.13 1074.89 9514.36 9165.21 2209.09 4478.67 5749.08 8010.39 6314.76 2103.61 2192.62 
9404.48 2866.41 8227.19 3496.2 352.16 4207.62 3017.57 8637.5 8644.48 2510.64 9469.92 7910.67 4064.73 6431.14 4646.15 
3328.93 6083.21 7730.3 754.249 8395.19 1399.42 1829.14 7909.53 564.606 4038.23 2388.18 6313.69 2048.61 8702.94 8417.3 
4241.23 8107.4 1283.7 2468.4 1603.58 1635.86 6676.02 4621.15 273.339 5320.49 7131.79 9743.26 3231.14 1196.5 6174.38 
7877.29 4525.44 2257.57 5607.58 5279.68 652.743 7007 7108.82 8562.27 7571.6 1147.03 950.434 3885.28 3195.64 9653.37 
2302.56 7436.87 7760.75 3586.26 9905.27 9364.33 5222.12 6581.28 3985.47 5495.46 1901.75 1117.24 5238.7 5132.89 2313.74 
1413.07 3010.16 6839.18 3670.64 8617.74 2118.85 4323.38 5624.72 9227.67 2885.64 3196.31 374.684 3836.07 7081.59 3570.32 
3489.42 9384.15 1007.18 1250.16 2970.39 912.435 614.475 8192.52 7493.72 4599.94 3687.96 9395.47 5717.18 8926.66 4528.34 
8030.92 339.708 7538.5 4870.09 4010.34 6156.23 6988.93 8333.72 1780.93 6216.58 1219.34 4977.24 6591.27 5055.41 2058.81 
161.574 8544.84 1442.95 1168.75 9794.99 4413.34 2081.19 409.451 2605.84 9574.9 5009.39 6293.8 8970.35 726.559 5220.44 
3498.67 8757.48 5560.15 1037.16 3627.55 9570.49 7193.39 616.469 7904.2 8974.32 6833.05 9123.54 3951.55 3424.3 4178.94 
6010.37 3585.88 2723.76 7453.31 4754.63 2518.73 1866.64 6835.81 2928.19 4472.48 6410.7 7937.58 766.265 5381.03 8664.14 
5986.71 8879.71 7421.6 1546.84 9916.87 1049.14 1117.32 7110.24 1665.61 9021.52 6084.54 8498.66 8145.05 36.0763 1922.95 
2323.97 6046.44 5508.82 5047.73 3499.74 263.431 7566.46 5366.38 7099.24 494.634 9838.86 3509.93 8432.21 605.106 8890.96 
7096.33 6591.81 7770.65 4517.92 8138.65 7687.5 5567.06 9255.97 4797.72 7232.67 8277.48 882.248 5731.32 6422.51 918.324 
7654.26 8746.48 6964.77 3163.07 3794.19 464.487 3426.5 1360.64 5830.86 525.726 1855.27 5669.71 4035.65 287.469 6274.81 
2926.6 7383.8 2866.61 697.231 1901.71 1005.25 8384.73 7468.77 261.203 3182.44 4701.43 8538.68 4064.69 432.728 4961.17 
4983.01 8086.99 3707.63 1947.76 1250.04 7501.82 2412.25 4676.54 8862.46 8243.11 5202.27 717.719 3912.8 9237.92 1005.19 
187.595 2164.5 8388.99 3054.2 2861.73 290.684 4059.45 1246.45 7759.46 4320.65 4428.88 2460.87 2859.32 8493.57 2893.6 
7820.49 3476.56 980.571 1528.1 5424.32 2230.61 9029.93 7836.57 6907.15 7892.37 6079.66 2109.4 8610.09 9992.46 1347.31 
9615.28 180.04 3511.81 8004.25 3234.24 6373.54 8294.94 7293.69 7619.98 6054.38 1614.33 2048.85 8515.25 4473.65 542.403 
1408.82 2294.12 4018.97 2389.4 3822.22 9443.29 4620.01 2852.13 7279.84 1527.15 744.483 3359.49 3636.55 9354.57 3351.93 
4983.85 8969.83 3531.97 8495.66 6974.07 6766.21 4869.18 5268.99 4059.89 2489.15 1323.35 5674.22 4538 9838.6 147.853 
5080.4 1247.4 2441.97 9099.37 3636.8 6264.19 8542.64 8256.81 9116.32 5822.46 9783.95 9860.8 9181.95 3420.49 9215.36 
2533.86 8404.34 8185.18 6065.83 6899.98 5159.23 2832.02 1769.15 428.203 6891.92 4258.29 1751.55 2566.12 8796.29 1590.13 
2713.97 3876.67 2837.54 5155.94 2976.02 6474.34 1420.12 1518.64 4731.13 536.419 7341.1 4515.06 397.204 6523.02 7935.55 
9612.56 9056.88 6339.87 7797.72 5122.69 3239.84 2956.93 7954.72 5008.98 3385.14 4846.62 9267.28 5136.69 7412.74 8063.55 
6726.82 126.692 1940.2 9564.36 5282.64 4916.21 6038.68 6702.75 6434.85 769.79 7239.17 3775.93 5284.85 7636.37 298.936 
3220.39 7248.92 9355.82 9560.26 5046.62 4478.49 2800.08 8003.56 2433.2 7809.06 1388.68 7279.81 7076.32 6525.37 4692.53 
5139.85 3252.17 4819.22 7080.05 2816.51 101.842 1996.24 8855.19 6804.59 8431.09 9624.98 4043.75 2207.01 4909.82 1680.1 
2505.94 8130.21 8929.02 1861.74 7690.45 3975.63 6340.24 490.511 1979.17 8773.43 8299.57 3367.85 6053.23 5375.88 9893.21 
745.745 515.71 3145.37 5564.97 7595.76 5961.88 5666.81 9592 4817.06 2471.39 8023.08 4442.02 6515.13 230.065 9351.84 
8195.24 2736.01 7482.03 7124.25 4597.75 5172.46 1099.86 937.973 5662.97 3079.03 9711.41 3962.53 6446.88 5764.62 9338.41 
6340.08 6510.36 9854.12 9485.45 2075.32 7449.86 5447.32 7742.13 7041.84 264.358 213.496 5064.9 4706.38 6728.63 5294.97 
4058.21 4923.85 8030.97 1540.22 2048.08 2628.71 6712.69 3147.94 3566.68 2375.64 6226.98 3278.07 6338.17 2673.84 9042.69 
5676.57 9013.92 5553.04 5530.67 8499.36 7628.35 2980.51 3946.66 5370.46 22.3368 4211.02 5583.96 5087.24 8917.4 2312.57 
382.187 2975.59 7236.42 8413.16 4515.81 9284.51 1041.85 1228.48 2432.43 4608.53 3604.13 8659.41 7886.61 9942.3 1333.24 
6929.28 5618.85 347.144 2482.3 1149.5 8846.5 110.637 4130.02 2793.14 5481.1 4152.35 7004.16 1065.04 9239.59 5921.54 
3377.61 9621.78 8897.12 614.019 8034.92 3412.92 9898.53 9076.78 4641.4 2330.94 3685.29 8245.53 990.336 1571.88 8187.81 
2323.57 8501.16 3806.64 2670.72 983.446 4956.15 1517.2 1094.08 9086.17 4310.34 6575.18 3238.5 1314.48 7640.22 2478.07 
7236.02 1017.82 2099.84 6133.13 1631.84 134.741 9546.05 1530.35 9211.52 4187.43 3861.29 2896.79 2432.95 4851.62 4468.68 
620.739 7175.2 2969.82 4427.38 9845.91 3953.27 9383.53 1363.1 5047.35 8469.68 5673.44 1622.51 1708.16 6987.93 9262.74 
4186.24 4223.93 280.536 6286.07 357.042 1912.37 6420.81 9903.09 3442.72 5632.31 4090.51 7304 8529.11 6523.45 2155.61 
2997.77 7144.19 9330.81 5967.59 1571.56 9176.71 9920.86 955.074 539.789 4968.19 9424.75 6213.23 6590.71 1132.9 3201.14 
5853.43 5319.14 7425.07 6133.96 1605.19 7782.11 8046.33 8026.01 7685.19 1489.04 3658.3 1775.68 8793.04 2187.39 8299.13 
948.634 5185.16 5443.31 279.426 1152.73 7014.87 9456.13 1073.58 7969.94 9995.92 6041.77 7394.68 6209.14 2632.46 8527.58 
9410.28 8485.88 3846.7 6835.33 4619.83 5451.89 4617.43 2666.14 3477.88 2302.6 4155.18 7136.18 4078.28 2948.2 9323.58 
2377.4 3896.84 4508.72 7820.71 4176.26 5661.46 4835.56 3632.38 6735.03 2805.48 3628.28 2776.78 200.144 9837.42 5409.24 
8727.72 9247.68 3895.1 2574.4 6082.99 8514.93 8026.29 700.403 1181.06 1504.15 3003 5336.24 8640.34 7081.28 8284.44 
7963.9 9458.68 2181.26 2472.6 7279.37 6357.52 8134.05 2114.91 9989.9 4869.07 4920.39 3618.16 7645.85 5120.53 3455.56 
3055.07 3848.24 2703.22 6950.17 6422.64 8786.21 5465.08 4448.92 9486.61 6646.13 5953.07 2489.6 1982.35 4593.39 9570.88 
266.773 2557.27 9029.54 2448.03 5029.87 6308.89 8805.55 3163.9 8423.8 8795.43 8032.97 3344.17 2413.58 5678.8 8464.7 
5869.14 8733.86 2312.92 8572.36 5684.01 8735.56 7358.55 1149.07 3184.46 6845.15 7795.2 9137.53 9334.75 9777.56 3730.9 
8905.61 44.3116 6288.17 7935.14 2492.34 1318.02 4244.01 1297.88 4481.92 2667.79 93.2926 2514.87 6011.96 2506.87 8193.67 
4476.64 8376.01 6927.51 6789.56 6948.35 2611.5 5525.1 4306.89 3760.58 8709.56 1152.02 1555.76 7847.08 486.75 1333.3 
1577.96 9392.36 1377.61 7866.13 7327.48 3869.96 9184.15 1571.48 5167.83 3666.05 4239.27 5261.12 6180.92 251.21 7768 
4374.57 4727.85 6143.99 1302.06 1517.4 3092.32 3913.57 7042.5 7399.21 7674.14 5752.05 8551.22 9229.91 3599.11 9037.97 
563.189 5177.07 8430.32 1940.8 3043.18 5757.79 5810.76 2227.31 7329.26 978.573 5893.37 1568.52 6239.7 2074.27 1819.73 
4007.68 6448.84 6547.58 151.645 7750.9 8064.97 3243.96 1664.45 5107.46 643.153 9338.59 859.492 9194.38 8568.48 4458.6 
8232.34 9131.67 9635.67 6662.64 1072.46 2678.84 2420.41 6883.21 4906.15 9749.67 7861.79 799.499 1318.17 4101.47 2873.77 
3137.9 8109.14 9322.61 9685.48 8260.79 7073.49 7750.43 1504.74 8737.94 2857.88 2147.89 8076.52 3717.37 1342.25 6644.99 
8175.97 9574.58 5776.64 7811.62 6237.21 6849.1 490.439 8657.62 3732.3 5396.59 8407.28 1594.07 6196.09 9725.45 5695.53 
9069.86 2863.33 3804.66 8392.45 2548.79 2065.43 5465.92 299.205 3570.17 4203.85 3157.08 5718.05 2280.36 6874.45 7060.3 
8925.34 5050.4 6634.87 4701.97 2862 2872.06 1551.05 3352.44 1529.66 5283.35 8749.03 9936.94 6877.41 4945.11 9662.37 
2572.93 4014.95 2525.68 6377.59 2407.38 5074.47 8443.02 7873.3 5373.68 2013.17 2077.14 8530.76 7731.22 4357.49 5405.19 
4791.51 3282.82 455.574 1426.36 7984.79 3317.58 4298.43 9535.84 6670.02 5828.09 4819.17 5419.04 5765.01 1696.57 364.128 
5427.36 4269.5 4379.08 7953.05 647.073 6786.45 3027.5 9090.09 4659.74 8401.18 1103.25 6736.88 6931.92 8834.47 1094.35 
2337.09 3625.96 4377.17 2792.67 5052.33 2361.94 6110.24 9350.75 1897.76 2780.25 5178.83 6716.93 8199.29 943.819 8413.5 
8563.42 6371.18 2682.98 2942.47 4324.21 3330.06 9728.93 7351.71 2420.13 4388.65 5752.87 3523.38 1125.51 2684.77 2357.83 
2219.86 5021.86 5983.8 6597.03 7814.53 1036.11 8958.97 3924.76 386.844 856.721 6705.01 5565.67 7573.65 4904.28 6509.49 
5987.14 3467.67 2880.65 8670.12 6410.15 7204.87 2000.16 6139.06 4556.56 4420.29 527.694 309.416 7943.67 1653.2 2994.19 
301.487 3873.07 8016.05 6285.28 470.083 5830.56 7321.39 9429.06 9755.32 7708.24 285.761 6460.31 3273.89 7859.41 1364.57 
9783.38 3846.53 4832.24 2664.02 2516.64 1242.37 9868.88 4516.79 7381.43 4425.43 8937.08 7909.12 4734.84 6880.73 9562.33 
7729.03 7182.22 3435.38 5745.06 3467.49 3905.46 1575.61 788.864 3334.5 1330.91 8497.1 3620.26 7791.22 1770.97 1479.66 
9155.78 1554.33 5326.19 3988 4218.35 7842.83 5230.38 4087.21 2359.6 2611.79 8512.64 1296.67 520.896 3247.46 8177.4 
83.2074 976.477 5359.61 3518.59 6721.54 8827.1 7424.05 8297.15 9615.96 758.533 9628.06 8113.04 4378.8 7419.26 9884.01 
5858.46 6575.03 1438.33 1184.64 563.014 5656.68 9027.47 5793.39 9743.89 1387.05 8405.18 8256.51 2683.72 8926.08 1503.95 
861.109 9009.28 2480.43 6220.72 2527.85 9201.97 5047.79 9951.9 7499.11 4663.74 710.415 7127.15 2776.76 5089.21 4546.39 
2660.76 947.652 1121.4 4099.09 2132.29 1684.42 9755.76 1159.74 7477.81 9499.63 2546.79 5882.97 7756.12 5230.51 4809.03 
9260.08 6091.62 3818.29 1740.49 2312.32 6346.14 942.449 7360.12 6298.02 8441.55 2023.84 7008.44 5568.69 4800.6 2097.63 
115.063 7461.36 3045.29 1236.47 1560.43 5177.57 2920.88 1316.18 6337.31 398.675 815.792 8884.1 6281.64 8571.92 4114.59 
1090.65 7831.98 206.198 4908.95 9572.47 2518.52 1255.07 514.904 9878.63 7553.1 8956.46 1902.45 4561.52 4525.13 6703.05 
6659.15 4640.19 4164.39 9704.44 5876.66 5724.82 4881.99 8797.54 7041 1219.28 9196.22 7856.79 103.366 5477.84 6428.69 
4217.96 6568.5 4260.65 4424.16 1477.43 3833.11 6942.68 2732.5 4348.01 6821.29 285.577 3304.45 8723.75 4847.09 7829.58 
5426.78 1506.23 2469.76 9591.17 1210.65 8346.42 5315.98 6092.64 7143.94 2356.96 7311.93 6340.14 213.739 7415.29 1817.97 
6642.43 1633.24 8386.47 903.066 6057.4 9863.9 4736.17 3000.06 2596.38 9084.19 9821.35 2881.95 2388.62 8545.08 7729.05 
218.188 3971.84 9235.28 2687.95 3563 445.91 1034.34 8878.98 6538.55 8178.29 1235.93 3850.46 4518.41 1449.67 1265.74 
6336.38 8092.1 2898.98 4722.83 8995.17 8956.37 4586.71 3731.32 1956.41 7183.09 2815.49 1777.74 65.0257 5204.11 322.804 
7794.07 5422.3 4294.65 7029.33 8110.25 7857.65 7475.24 9144.59 6736.61 4013.78 7322.86 7972.54 7864.24 1841.26 9422.21 
9129.98 8177.64 7514.3 2028.94 2900.46 6509.44 985.293 7487.17 240.751 2941.7 4670.25 3056.24 4719.45 4735.27 8260.36 
5042.25 2529.33 3682.64 9336.9 9558.66 1792.87 7194.53 7033.89 937.446 3931.12 1047.65 8260.31 1903.65 8911.89 101.549 
1325.85 8041.85 8279.19 8840.14 70.7753 1179.63 5349.57 1056.07 8666.8 5590.32 3997.77 3337.03 8646.56 8717.22 8072.3 
6906.9 3759.45 601.614 589.527 3096.33 160.258 2382.4 290.838 7194.15 3319.84 4221.96 8241.79 1580.14 6125.61 7153.67 
1681.68 7451.46 5195.5 9960.88 6291.58 5266.28 1140.49 1641.14 6322.35 9807.29 7231.46 320.103 3144.31 5878.01 9037.32 
1216.6 2784.89 2796.75 1818.21 3374.42 5893.08 1978.47 5756.82 6183.92 9172.62 9076.66 405.862 7414.39 656.781 6531.47 
4568.04 2338.47 3982.92 9763.55 2299.32 274.485 5029.81 3439.81 1915.62 1352.15 3247.09 9147.08 1672.25 6391.4 5025.07 
709.551 7608 7809.96 3506.3 9426.21 1184.37 9399.38 1404.66 6941.18 5583.28 577.257 6017.83 5989.14 7991.65 6674.61 
2520.6 2559.68 9013.08 6503.52 2323.21 1312.38 6778 7353.02 4752.19 8693.63 8705.17 7999.28 7840.69 377.4 4390.67 
2865.75 1086.95 1998.65 675.691 4593.25 1424.84 1860.06 3992.62 2829.5 8801.24 9575.9 3406.75 4819.05 5565.03 1398.39 
1493.65 8085.63 3958.06 506.704 4589.13 6281.27 1819.09 1367.12 3634.28 6571.28 60.7245 2339.43 4570.55 7901.42 2716.83 
8961.21 767.144 3803.78 959.844 1442.83 8397.04 2384.68 3302.89 2389.64 5214.18 2104.11 1965.52 8620.93 6923.17 7530.55 
19.3029 8416.81 5616.16 3977.37 8923.52 205.277 258.626 742.585 1572.39 3892.91 7313.87 1633.12 6232.34 1884.4 9534.53 
8949.17 845.593 301.659 2752.94 1805.44 1744.49 1149.96 4190.12 5047.39 3539.6 9404.3 7151.5 5505.13 8025.21 4074.65 
3035.66 8044.52 2491.45 8651.83 2021.87 1414.95 8857.1 2280.49 2157.53 429.481 6173.4 9471.4 2062.6 2405.73 1355.77 
1597.11 1354.88 2201.37 1898.77 4107.82 4006.8 3643.27 5257.79 8196.92 8690.65 8797.39 7601.2 5842.14 4302.5 5626.4 
9916.79 7338.17 3670.9 2408.22 5989.98 5692.77 3823.16 4847.07 7973.26 5980.69 5276.55 4146.64 5452.07 7339.15 6552.37 
6807.85 8936.26 7907.25 9009.21 835.016 2015.06 3016 4478.28 7272.85 1212.91 3168.92 6070.22 8814.11 9011.06 372.708 
4440.49 8927.83 7710.88 8111.39 1336.03 3700.84 3804.14 5159.19 8547.9 1777.39 1139.87 3824.43 5924.03 6591.94 1163.56 
2476.38 3399.77 99.8015 383.618 2408.97 934.818 2398.68 5424.97 5413.1 9671.53 6637.88 8582.02 5741.73 5451.97 7593.06 
6114.44 9892.46 6520.88 3825.3 8003.84 7856.91 7526.13 1807.97 3016.09 6074.02 3585.35 4155.96 9898.45 9509.39 747.882 
1061.99 1985.75 4147.65 1161.79 2369.37 6556.62 2096.61 4768.05 1981.57 7509.71 4439.56 8619.45 6091.72 181.271 4071.4 
3684.77 6295.71 3963.85 205.628 120.992 1967.68 8062.54 7647.13 3775.64 1078.61 3721.13 7361 5234.56 3619.56 6870.37 
5982.45 4681.55 8856.12 130.083 5843.35 1225.47 6686.7 7939.96 5993.52 8668.28 5449.65 433.062 7287.71 1541.35 614.333 
1359.1 5226.12 6910.04 5322.95 5431.75 7031.04 7290.63 3494.27 4678.14 1066.26 4572.87 8399.27 8427.26 9807.44 2018.82 
5297.61 5789.87 6700.37 4153.71 5919.95 2543.7 5379.18 2606.64 483.634 1372.69 1274.9 5933.29 1805.75 8562.61 7474.64 
2420.08 9921.71 2700.74 9330.12 5244.65 8132.49 6361.14 2535.26 1626.74 1039.27 3601.52 6199.62 9438.54 2028.76 6007.04 
1457.34 7326.36 1796.89 8157.71 1480.05 7716.84 701.387 6859.24 323.458 1185.02 8231.92 1598.36 7118.31 37.6529 160.955 
4592.93 2457.73 82.6526 7293.67 1787.84 5327.3 5426.14 8148.99 7862.56 7052.88 9188.26 1464.06 3252.48 8626.78 3492.82 
9259.52 84.1087 819.164 1056.39 8241.82 2299.22 8773.23 8943.2 9158.45 9096.68 128.209 7390.36 695.025 7246.52 7428.01 
855.98 1839.43 9885.75 938.632 9133.1 1673.57 6265.93 4559.23 9822.56 4128.48 1612.09 9010.8 5592.54 4864.58 7637.56 
9085.36 4124.08 7721.67 9904.53 5180.47 5963.47 2203.73 3953.68 4906.66 1362.17 3050.34 5034.87 8752.52 3745.37 2281.37 
6180.52 4601.35 4120.8 6066.25 5539.98 3253.88 7739.82 1805.9 7813.11 7562.36 5934.38 9425.2 6573.14 1526.9 4289.76 
4210.68 612.25 8413.84 1932.34 516.76 3594.29 7895.81 2720.49 7547.97 2802.45 4082.65 598.292 7837.32 2835.16 4343.66 
118.669 9015.68 8945.01 4239.47 5081.91 4484.97 7493.35 2821.71 6290.86 5306.43 384.05 2225.23 4731.62 6957.19 3752.13 
9021.38 1167.85 4364.38 7435.2 3100.19 4881.14 1029.48 995.976 7601.63 8577.44 3798.43 1684.26 9175.74 1635.73 4519.42 
3519.38 1754.4 3535.08 2464.37 5993.86 8616.99 6949.33 3487.19 1438.69 3240.18 8793.62 1822.74 5465.41 3525.23 8779.92 
9217.54 2546.59 9947.77 3581.9 9981.79 3047.94 8463.04 1011.25 4043.92 6064.65 9588.69 7842.34 7748.91 8764.41 9478.07 
2268.32 2283.77 1232.45 5803.4 4748.14 7226.31 4420.38 1697.46 713.486 5859.07 4937.64 9507.11 7681.81 403.03 3032.32 
6461.72 9620.57 5578.91 6409.47 3202.45 5560.69 9457.42 1665.47 6571.94 3501.32 7730.12 6160.61 1343.65 5479.02 4925.01 
821.703 7747.34 7208.78 2054.15 3550.72 1956.91 9280.47 7971.1 3654.36 9993.95 3830.16 8592 9501.05 1511.95 8995.03 
2533.35 7973.66 8615.58 8112.26 4383.12 1818.02 3672.93 3840.52 3483.49 244.85 7341.84 1213.6 6405.46 8685.49 6692.61 
1330.46 9507.19 4439.93 8539.24 1561.33 7990.66 496.133 841.776 5961.74 4150.5 835.714 9791.9 2742.48 336.745 1303.83 
1737.5 2870.1 9277.49 353.068 982.341 3660.6 2171.09 4655.27 7501.12 5654.58 4900.12 4842.94 6868.17 1305.57 3528.41 
3560.77 2636.03 3035.58 8000.7 1175.25 4596.9 5991.34 1671.39 5438.68 1953.06 5821.88 6274.4 1744.95 8564.37 6611.14 
3048.78 301.85 9481.24 2326.25 654.918 463.56 5986.85 2826 5118.83 3487.95 8480.58 18.9363 8330.89 5348.73 1324.51 
1859.28 8909.5 3960.53 4894.86 6910.19 5135.79 9491.76 2901.51 6807.17 4930.43 4854.57 2629.04 1204.81 6599.52 1193.39 
7815.94 9648.29 1495.24 7297.16 1974.53 2150.16 7760.72 7961.38 4976.16 2879.54 1449.31 3456.72 2898.48 9780.2 8805.46 
4222.98 1639.46 7714.94 8183.51 6534.32 4625.11 3319.28 6026.06 7526.61 126.438 956.474 2381.17 2755.48 2161.28 8980.69 
3948.86 9977.22 8628.96 5444.1 7274.37 603.474 7594.26 5035.08 8564.85 2570.4 7914.62 14.1456 6027.12 813.077 9794.34 
4832.56 5036.06 1433.79 2547.48 3219.55 7968.11 7172.59 6538.84 3994.15 4699.19 6665.28 4950.63 7080.36 9420.75 7111.91 
6061.02 3369.6 7089.11 4689.97 8813.7 4363.47 5293.44 6407.94 9398.55 3858.28 8978.34 7313.15 3872.42 5005.44 8126.23 
3666.75 9837.99 3162.27 5100.54 2385.46 6381.82 3068.63 9558.05 2920.64 7062.78 4257.22 9585.92 2013.39 1337.55 9006.66 
9125.3 7398.58 2376.24 6214.39 2088.53 1189.92 577.847 7381.97 7597.86 9976.4 1240.24 6576.18 7289.53 5112.66 1581.6 
5415.74 8779.41 1419.57 8578.01 3879.93 3805.03 4959.81 6948.56 3363.06 7880.45 4011.32 7620.28 7466.36 6024.71 8957.83 
6473 5149.99 6356.39 8849.23 1364.37 8444.92 39.135 1942.22 5826.88 7636.99 1918.59 7067.12 4213.15 9208.12 2179.76 
5794.75 4623.84 959.153 7214.32 3201.83 4839.09 1019.34 8161.64 1787.63 4382.4 6042.08 5798.95 2002.66 3508.42 1823.64 
960.468 9981.42 6973.64 7316.86 8830.63 8338.01 5761.77 8869.77 280.205 1588.63 6506.74 2198.8 8655.75 719.878 1406.9 
835.492 6514.63 6030.75 1794.65 3728.93 9232.58 6633.73 4748.27 7394.21 8421.36 9130.67 3436.27 4220.29 1133.31 6944.69 
6043.94 2093.77 6926.09 3017.55 9410.63 5756.7 1355.54 5172.38 4626.45 1635.75 6761.02 1133.18 3834.55 5416.75 1853.06 
5241.45 6252.24 8367.68 1272.18 8046.89 2096.6 504.745 4680.6 6844.87 7898.95 3101.94 5975.52 1335.2 7322.23 7108.83 
8279.89 3366.15 9202.6 5205.96 6383.7 8613.22 962.651 7739.25 3785.59 5589.1 9375 546.588 6722.28 3209.53 5963.34 
8575.34 8450.98 2215.56 6943.01 9723.16 262.427 9039.61 227.889 4943.03 5884.46 8126.84 8044.97 1859.97 9462.04 5367.18 
8968.8 7741.92 8733.33 8171.39 2947.87 5117.02 6784.59 3910.52 2856.25 570.161 9499.62 2231.22 1116.75 6221.89 5440.75 
7080.08 4797.21 3891.71 9295.64 1740.2 3614.85 9558.07 779.792 3842.74 4501.08 6664.26 1969.56 2546.03 8524.23 1431.59 
7913.21 7493.01 9173.51 6646.52 5664.38 2121.36 1763.52 2448.95 6031.87 4619.76 3019.11 5531.48 6850.98 4135.86 1753.35 
2291.72 1215.93 6550.56 6183.43 511.553 8290.76 9798.28 69.6056 9070.55 3641.01 4570.68 5734.79 5610.57 7116.71 4259 
7042.16 5029.9 1751.99 6215.65 1676.4 7416.37 8337.01 3439.91 9865.32 4368.87 8059.68 2884.41 9900.34 4910.64 7020.27 
1653.67 7202.36 8236.2 8204.23 3385.77 8747.75 6494.97 3184.03 8817.36 5565.51 6825.04 3388.03 1300.28 2435.59 504.718 
5559.28 9477.75 5534.62 7311.27 5693.39 7211.02 4727.62 4030.38 650.913 4592.92 8399.24 8710.59 7477.33 8299.57 3621.21 
4497.59 9953.24 823.556 2733.77 8157.46 4209.33 1481.51 4652.41 7393.36 298.851 217.903 4218.38 3686.88 1518.18 6653.97 
4191.59 7077.46 6131.7 9726.21 4388.71 1825.07 6937.21 9116.33 5855.45 7588.12 3709.23 4254.67 6298.69 1186.55 2554.23 
9919.91 5684.14 2507.45 743.446 8417.91 664.891 4952.77 9899.42 5317.3 2346.11 198.254 5535.21 6564.49 3885.13 7053.39 
3218.45 8076.72 4130.83 9350.15 7802.92 8519.54 1175.21 4740.11 7635.85 7030.65 2328.22 1345.06 1285.31 8626.91 2531.61 
3839.54 8546.8 8215.75 6346.99 9290.24 6633.64 7011.88 4243 6533.05 2329.17 6589.11 6731.3 7864.37 3153.59 616.414 
4917.75 6372.03 8693.14 9048.58 5722.16 6496.04 7568.1 6897.37 1236.13 5203.93 3928.01 3564.35 6548.99 5213.32 2191.24 
9080.61 9052.85 738.022 7296.34 5399.83 28.2481 3929.97 2411.69 4271.25 462.997 4740.85 860.34 7194.3 2605.21 4013.92 
7810.71 7522.96 385.938 6503.83 6571.52 6108.1 2999.86 4139.6 3005.45 4235.99 9343.53 6933.46 7800.34 5892.5 2146.76 
9991.58 4973.09 1199.59 729.585 2269.41 6599.42 757.833 6199.38 9011.11 5029.08 6662.38 3751.94 5889.42 3856.66 6357.15 
9903.34 1667.35 3880.09 289.265 8171.19 451.592 6397.37 1171.03 4591.19 9402.82 5407.02 3934.7 6336.26 3207.34 9827.2 
8483.02 3198.9 4800.27 9682.61 3928.49 7069.69 6282.01 4686.32 3269.05 5293.1 9715.4 9931.43 9045.05 5604.8 3788.07 
5402.18 5508.13 5455.42 9282.28 5797.4 3626.59 9733.87 2194.74 4797.62 4325.04 1597.55 204.623 8259.73 7933.8 3411.96 
8086.92 6416.8 6610.87 2887.17 6099.4 539.342 9956.86 2381.39 5225.67 3225.89 7674.5 4941.05 3157.3 6719.53 545.837 
6945.37 2121.69 6053.97 2400.78 1403.95 1851.35 6027.37 1137.8 4046.09 824.976 5462.84 5643.64 1029.6 3722.56 3577.42 
4441.56 1809.46 9994.23 1052.42 4696.63 6093.61 1591.76 4653.47 8475 6817.42 7879.36 6149.48 1758.46 1036.65 2868.99 
2304.29 7982.02 4990.68 8358.26 382.783 6394.63 209.589 6410.15 7532.43 4255.68 7235.13 2995.26 9899.32 8264.73 6717.82 
3476.72 2706.28 8527.27 3470.93 3758.69 3223.89 9564.54 5350.45 7877.36 8039.52 2167.86 5756.71 4188.98 3926.31 6793.36 
7057.97 6230.61 4775.36 2048.63 4588.85 5158.15 8443.26 4798.44 1568.28 5975.68 9054.12 8803.41 8970.94 8953.42 7068.13 
5688.74 2430.12 9774.4 4215.99 5901.05 3533.08 7439.88 5465.58 8883.53 5317.22 3505.08 1051.37 1073.91 7694.06 4977.68 
7867.27 4752.01 1208.27 2642.62 6800.65 5797.12 7800.76 5243.89 595.54 9369.04 1219.55 9649.66 8172.44 190.471 8603.06 
5240.55 5879.21 1033.16 5014.93 95.1823 6934.21 8548.01 7535.06 2399.77 7431.52 2852.27 5904.85 8482.89 3926.18 3598.9 
3460.56 1793.44 8350.91 4668.83 4436.05 5151.54 465.93 2236.8 395.41 1061.47 1605.83 1614.96 711.11 9778.27 1805.43 
9314.17 5018.8 7684.64 347.309 33.7165 7779.82 7281.52 8581.73 5314.87 9681.29 6013.24 8167.14 5586.13 4496.11 2093.3 
9185.02 7956.67 3886.74 7535.91 2625.48 8322.79 2687.43 3091.41 559.574 3082.84 4152.88 2165.4 4697.81 4863.99 1943.65 
6503.24 4178.14 6962.45 4187.86 4525.45 6996.17 1967.67 1806.95 5577.88 7282.53 1488.23 1591.1 5449.65 7074.36 6087.21 
7542.96 6259.36 4043.86 1429.68 3795.26 6669.34 9752.47 6482.7 9760.75 312.027 9565.54 3913.61 2477.43 4263.33 8777.6 
4421.08 766.554 2955.72 1383.51 4954.42 7481.16 8379.67 6922.08 9288.12 3957.54 4204.6 776.33 5548.63 9654.25 7850.69 
1635.82 7197.19 4110.04 5679.68 8626.87 7905.3 2349.01 8379.32 4387.98 2109.74 8691.35 3953.5 6023.35 1168.76 8216.83 
4800.93 5589.84 8983.39 7756.64 6973.34 3937.79 5237.79 5353 859.852 4525.89 9310.54 5064.45 5302.22 4859.15 4718.69 
3152.89 6494.98 1915.86 7262.93 2174.64 542.713 5168.21 4523.65 8922.04 9556.19 6633.39 7613.37 3509.67 2656.71 8782.12 
1726.49 7457.64 4371.94 709.856 5214.26 1345.27 4647.64 452.037 6698.27 5507.49 4977.93 6008.79 571.928 280.128 867.931 
5290.62 3433.02 7362.91 7206.48 695.929 9537.55 7749.19 5864.14 4061.18 6671.21 5420.31 694.552 4284.56 8929.98 3351.27 
3066.66 656.445 808.887 7438.61 1366.3 6023.15 8783.88 6013.94 6475.19 5482.13 1521.42 1453.1 1490.91 2093.35 1733.23 
2358.84 7383.97 5166.25 9721.75 4590.42 5862.17 9259.28 2339.6 1726.29 3320.45 9010.8 7146.6 4015 3295.34 6076.56 
7366.27 6362.01 6733 8175.15 3800.6 8099.31 4198.29 2584.46 4113.23 673.459 8066.59 5634.65 2126.56 9557.5 7728 
3859.78 1916.33 5111.95 9026.03 1638.06 9702.38 4888.19 897.323 2041.96 6614.48 4217.77 1052.75 3761.06 8232.77 4348.09 
9837.62 5599.02 710.08 6570.61 3774.16 4510.68 4669.9 7972.45 7095.13 8783.13 8645.91 5161.71 4417.77 772.446 4719.19 
2145.76 4632.23 6635.52 7257.71 3658.24 8273.57 6960.07 8546.43 9170.9 9002.03 5160.89 3388.65 54.7623 8921.95 1621.41 
4402.85 8759.56 7220.43 5112.93 5330.15 994.57 9623.61 0.0382029 8967.02 6718.73 8783.17 7612.9 1880.42 3200.93 8385.35 
6599.6 5346.69 3017.56 3235.1 2604.38 6675.8 1508.66 9564.46 5222.21 679.537 8566.47 383.084 4068.19 8621.23 9305.04 
5689.59 3024.07 8064.58 2910.01 8137 3394.72 3904.58 7760.59 3394.76 2871.57 4479.3 2177.91 484.462 6359.72 5378.84 
8869.81 2959.3 725.508 1887.36 6194.41 3329.89 8563.16 7703.07 2894.33 3785.35 8382.6 1460.78 4168.44 2450.77 81.9948 
3473.46 8140.37 3106.06 1538.02 1050.36 1243.05 4932.74 4954.93 9003.64 8327.5 7826.51 3482.93 505.398 8310.97 9842.64 
5884.24 7180.77 2801.93 6609.75 9068.12 8996.34 9939.63 7631.26 6699.39 2833.94 1416.6 5081.97 4294.72 5585.03 7532.75 
4376.72 9058.49 5673.1 7482.78 596.495 6723.46 8725.83 5529.24 1678.38 7729.45 3856.72 9504.88 1212.36 4362.12 7815.84 
1054.98 246.342 4996.59 3856.92 6856.09 4064.69 2853.24 6795.7 1695.94 9552.62 9629.65 3112.54 4634.58 3924.35 8697.57 
2167.31 8301.07 7756.04 7840.41 5783.83 8352.54 4563.85 4509.64 3881.76 6242.23 2239.07 7738.48 5747.1 3451.43 2100.58 
3562.92 4506.41 2346.93 8559.5 8363.33 9203.01 2624.18 1216.55 5998.7 4320.12 769.157 5628.33 7432.65 5403.74 9552.68 
6130.2 7571.05 7853.73 3886.23 5411.45 3637.54 2238.75 9975.3 8147.18 6120.5 6217.51 386.237 3858.97 1964.59 3837.67 
5959.55 5527.5 8344.08 8306.47 4086.99 6707.39 7509.47 6711.17 7923.94 3508.15 1031.27 8693.1 9136.48 8463.92 4096.82 
8689.15 4594.11 1667.86 6542.86 8480.34 7079.3 180.385 719.067 7054.58 8327.57 6839.57 3272.08 8713.81 698.518 5236.66 
2551.46 6658.07 764.151 895.52 4964.53 4851.14 7602.91 2473.98 1562.3 5526.84 5982.13 2593.57 4219.92 5118.6 1057.48 
8316.74 3807.73 5651.59 9984.6 350.568 4131.91 7063.88 530.953 4850.97 4118.45 8858.52 1690.53 7390.53 7572.31 2389.04 
2627.18 123.748 9047.11 3391.33 1019.27 4011.62 8242.47 8622.18 6485.6 9804.77 4149 2467.71 2398.32 8368.92 7586.31 
3455.79 6685.65 1394.02 9107.38 6670.23 1744.59 3239.27 3734.09 2275.54 8090.24 7852.54 1134.05 9780.77 5243.06 8706.36 
2169.8 7870.23 8830.1 1216.89 1261.54 9849.37 5228.51 9504.01 8471.53 1714.09 9308.76 2620.52 4181.81 1707.06 989.423 
1768.1 5162.85 7675.07 3162.12 4270.21 4345.28 4906.71 7509.48 8079.38 7182.25 5599.7 5931.9 8316.3 5380.46 1174.94 
7022.64 7550.25 9045.17 5852.73 8767.14 306.7 5702.08 3995.64 9810.71 4173.6 5709.73 9119.45 6794.11 9891.53 826.496 
7783.54 1659.62 5989.35 5458.59 4821.74 259.54 9803.87 9728.45 7769.02 7883.23 6910.69 3368.71 3815.12 5226.98 8749.16 
4990.06 2249.6 6299.4 4035.22 8102.32 5066.53 4341.92 3804.39 9062.16 4152.61 7977.98 4771.87 3272.05 4772.08 4663.39 
4098.54 2555.6 6323.01 87.8728 8014.19 1144.73 347.413 7818.05 873.168 8116.43 5701.26 7783.86 1485.12 9516.38 3010.82 
234.268 4506.42 5260.41 6533.67 8541.64 3362.72 1600.18 2883.54 7167.1 662.32 7036.15 5145.07 5434.19 308.178 9917.15 
97.5648 4406.72 2472.73 6420.57 4494.59 486.909 7565.3 4842.01 8304.96 8438.47 2958.42 4006.2 6222.31 4443.54 3522.56 
9233.13 4677.81 8028.98 4493.53 1211.46 6570.61 7856.25 2811.64 9454.14 5023.34 3473.96 6490.27 168.389 8908.15 6798.45 
85.5213 9005.71 1205.16 2558.25 5426.27 5699.75 3045.16 2991.56 541.741 1350.1 1430.01 3500.16 5356.31 7652.33 7943.71 
8878.87 6885.44 2621.5 6907.84 1378.95 3832.96 3478.43 9235.2 6644.6 2932.55 4258.52 118.538 9422.82 4426.91 9026.69 
6221.26 4512.43 8032.38 7426.41 7070.69 3458.64 3126.15 115.833 6450.19 3667.89 1465.94 7880.2 7168.05 6822.24 5532.51 
5111.74 5701.09 2417.94 7733.24 2608.91 3796.89 1566.19 6087.34 3032.07 8210.79 9019.89 7290.59 8329.32 8442.7 1717.49 
7355.99 4663.94 6229.92 5388.36 2090.33 3300.59 8847 5216.48 3416.42 5297.17 8884.37 4882.36 3177.36 6052.4 1704.58 
8709.87 1164.12 7405.68 1127.79 8897.36 14.5739 4924.68 463.533 6101.91 7956.75 8674.32 5121.79 5247.33 7003.62 3564.47 
6964.82 4359.6 8228.4 3194.72 9747.96 318.72 6495.31 8594.94 5535.2 9911.74 3892.1 4419.55 4794.08 7069.46 471.933 
6498.66 5779.31 1636.06 3904.32 6907.1 533.403 3918.9 1831.76 996.936 20.7919 9788.51 9671.25 5142.58 5035.82 6674.86 
8707.04 2000.62 1034.44 6935.43 5195.34 782.39 7254.15 1690.63 9377.33 2789.33 1602.35 3269.41 7208.88 6396.43 338.855 
7680.82 2895.08 6118.17 9316.87 6799.4 3025.25 9850.27 718.276 4857.02 847.193 739.068 4645.51 518.429 5881.65 9681.33 
7193.29 4588.67 1681.94 8227.73 1524.09 6877.28 9010.12 8778.24 8567.91 8387.44 1567.56 170.247 1656.84 8776.44 6566.68 
1995.69 6457.24 9461.75 8113.86 5774.09 6261.13 1139.1 5624.35 6979.41 5996.11 6471.54 7718.48 641.606 6989.97 3600.11 
322.922 4183.25 8188.78 2004.86 2410.96 9712.87 8882.13 1421.07 8491.09 7450.03 9808.51 58.6306 7620.27 1465.33 8835.07 
4186.94 3461.02 5292.29 3648.67 1574.86 1066.37 9909.81 2713.96 6690.72 6889.2 8710.07 3162.25 4607.66 9351.68 152.201 
8207.77 9674.6 4335.45 6396.53 1679.44 6746.41 6109.39 561.559 8167.48 4600.46 8011.59 7975.97 4659.09 5631.84 9441.3 
3494.14 9818.78 2902.31 8786.43 3467.44 4477.17 9852.8 3377.22 7191.13 6543.5 266.406 5901.19 9705.75 4874.07 5252.85 
9857.95 3081.82 4927.44 4193.38 9478.35 6606.88 939.775 5587.72 7168.44 9107.26 188.161 5180.01 7083.21 4847.25 811.838 
6524.5 8341.39 630.6 9426.81 7127.81 4098.04 3903.96 6980.6 7475.26 1095.08 3524.08 7741.67 6996.27 3229.82 2615.72 
2249.11 3087.75 5697.53 7176.55 7281.13 5175.87 3783.41 8220.91 763.568 951.836 7328.15 951.729 6131.85 4411.34 5798.98 
6943.68 935.826 4140.36 7574.28 362.617 1268.15 1672.3 4266.58 8248.75 9147.56 5361.66 1772.82 6889.21 2357.92 5002.64 
9504.93 4607.03 8090.39 5202.45 1783.56 5371.5 378.296 5566.97 3592.39 1141.86 6518.81 920.521 2093.59 2650.64 5331.86 
7892.57 9594.32 6267.69 2032.92 7168.59 6630.31 3301.07 8840.89 896.872 1549.8 7988.44 6258.53 3322.62 4877.64 8616.45 
8325.26 4382.55 3223.46 6415.63 9584.99 5007.02 1787.11 9963.29 573.977 5379.5 1105.14 7092.79 6300.03 3198.73 9743.42 
1631.87 1091.29 9337.73 7899.56 3124.2 6506.3 4529.85 6425.27 5347.18 5426.72 7975.07 3335.6 1685.24 1297.68 8213.24 
301.678 9622.93 2595.77 3525.14 6038.54 2180.74 8532.16 7825.66 2144.02 9106.14 3205.14 3249.15 6198.91 9505.17 6447.88 
5942.32 1137.03 7539.17 5280.03 9036.59 663.358 1786.32 3566.42 7088.63 7133.5 8993.15 5063.69 469.079 678.375 6361.36 
8682.32 980.053 5984.28 1278.07 4505.2 2022.81 3458.81 3037.34 9848.46 5602.82 2143.47 3053.59 8851.98 8342.38 2558.74 
5299.84 4284.68 3695.77 2839 9564.71 2732.34 3502.36 1351.01 6298.76 590.969 8484.5 5291.9 5654.65 8953.58 5970.27 
2016 7635.88 6950.32 8000.28 8913.95 1455.5 23.0661 2372.74 4492.84 9871.53 7975.56 6636.31 2925.1 6827.52 4978.67 
5483.84 2127.35 9263.35 9179.61 4966.35 8828.05 1911.93 8468.71 179.039 8210.69 9059.67 8663.54 3502.57 4714.31 7617.11 
9472.84 6730.31 5252.98 6423.15 4730.57 4166.91 7878.65 4753.64 6539.65 2371.48 4625.15 4515.2 9007.79 7550.25 1342.7 
3986.45 3034.07 3470.06 3249.78 2213.66 8436.4 2077.81 4125.59 6905.09 2256.85 2336.26 5964.75 920.378 5838.83 679.046 
8537.49 5311.66 7409.36 3790.45 1734.79 2139.91 7957.36 9613.44 6893.55 4496.99 1984.9 1518.68 9012.19 992.674 9068.93 
354.876 4979.12 2102.99 3824.93 8228.9 4316.65 2261.32 306.699 8442.24 9166.41 2563.55 778.483 5131.14 3483.93 6617.32 
5810.19 2021.4 1928.96 3219.53 5811.85 3663.75 5359.44 3769.19 3277.17 2252.98 8266.18 5262.07 3771.66 7278.35 6254.75 
2840.58 7633.23 1233.85 4943.56 1458.14 9462.75 9260.21 3719.46 9769.45 7702.43 2885.86 2332.99 8480.91 8017 5816.91 
5098.21 3827.17 7838.32 7027.17 7046.7 3650.15 690.906 2406.13 7419.34 3968.08 4659.11 5685.51 9230.15 8430.77 2963.84 
5484.88 1271.34 597.057 6718.73 6214.9 2055.2 6181.46 5475.1 5774.66 5950.9 3177.51 8660.52 8283.88 1658.41 6677.5 
4100.78 6756.62 504.657 1939.08 3783.78 7551.36 5589.23 4474.69 9957.49 3008.55 8442.76 4616.59 8694.06 7672.9 3047.34 
1657.88 3157.76 4318.68 2254.94 9876.48 533.563 4310.14 6057.93 6008.66 84.7863 2008.81 9186.17 8745.3 292.676 844.56 
5422.79 4393.46 7601.18 5927.45 6332.54 1384.95 3478.79 1921.75 5859.63 3436.26 4930.3 4302.38 8052.85 3624.34 1975.26 
1100.18 5282.22 5133.02 5418.85 7537.16 5009.49 5952.42 1847.29 1067.4 1961.06 1932.07 3076.21 1147.21 677.362 3368.89 
1991.77 6100.15 7762.34 9592.96 2027.58 4094.86 977.885 5506.37 6016.61 6837.52 8942.63 946.889 1139.89 6995.47 4571.23 
3115.15 8095.64 9853.45 8248.17 3514.48 7390.6 3257.64 9466.9 9237.88 4325.04 1427.94 1169.94 7401.25 2575.15 1847.3 
770.123 4566.92 7947.45 8532.47 4159.86 9975.03 2627.31 5137.74 5481.38 8643.92 1975.25 4424 9590.81 3115.13 1419.44 
4162.02 6230.28 9515.09 4015.45 4478.43 3029.55 1406.03 7736.07 2496.43 643.901 2061.09 3924.36 1813.84 9462.35 6499.51 
3661.15 232.452 1066.42 1608.58 8764.92 5226.28 1583.6 1392.22 364.002 7064.98 36.1233 2339.25 1488.96 9626.94 5454.38 
2908.4 3788.94 1684.64 2423.47 7804.39 6163.08 5453.02 9210.43 3899.13 7949.45 9854.33 5960.22 1873.79 1668.15 5422.55 
8373.31 5329.3 5655.01 9439.72 6937.88 4419.91 4665.98 8521.48 5812.13 5029.98 5586.44 5848.25 7369.23 7075.4 5475.17 
2823.6 9983.8 9264.11 4508.24 2407.25 7068.49 671.3 7860.27 6278.9 4570.43 5809.7 6133.21 530.638 7683.49 7801.36 
5953.19 6056.78 3130.65 1608.18 5496.48 68.5139 6028.09 162.449 8589.99 1840.2 5192.43 4176.42 7688.45 2561.65 1251.79 
3163.6 5385.25 1235.57 2427.69 9893.49 3642.82 9496.18 564.771 1503.07 5775.06 5135.2 7312.77 1908.25 5665.84 4996.24 
9709.62 1619.01 1053 2840.25 3227.2 6549.49 2908.76 9255.29 6711.94 1498.74 1095.47 1904.35 5675.15 8783.92 4466 
6926.95 1947.51 9851.25 8162.52 4375.2 9744.72 1805.32 3871.37 309.471 3308.39 9646.43 5444.67 621.145 1554.66 1110.49 
5617.38 1264.26 2729.51 6670.39 4104.51 5956.7 3219.86 7013.27 5211.97 9931.79 8512.01 6307.44 1836.13 4187.14 5091.35 
6302.13 1114.07 7038.85 6153.36 9276.59 1414.04 5898.06 1081.89 5285.4 6207.53 4390.29 4931.81 1652.18 5011.43 6486.47 
2762.68 628.801 7750.74 5492.19 7299.19 1855.23 1448.87 519.025 8868.5 6660.85 450.799 7380.49 2968.27 2286.93 1567.61 
8059.62 8589.05 2681.68 5098.45 4742.39 1958.25 6512.49 640.433 3040.15 1797.87 6847.96 7430.44 6729.69 8500.15 2441.85 
3216.14 1262.81 3070.65 966.86 6755 369.821 2822.09 8203.87 888.846 1690.57 4864.7 1339.65 9071.05 7832.97 3626.57 
638.644 5892.57 2215.61 3320.32 991.005 6958 5278.58 7503.49 7598.43 8318.72 9301.37 4446.38 5749.14 6031.04 2946.51 
8190.99 9247.18 4209.31 1261.63 214.022 964.292 1631.45 3036.11 9168.16 2520.29 4726.67 4032.84 3859.94 3797.71 1865.79 
7486.51 4436.35 7758.36 9702.11 7756.68 8749.37 6660.1 3035.24 6252.84 4258.51 1353.94 5554.2 8704.89 7103.08 1585.22 
1651.38 5294.06 832.378 5860.69 6555.69 1046.4 6824.98 8187.13 4082.51 5993.12 707.409 8809.18 25.9483 4567.35 2606.87 
1891.74 2053.84 7043.23 9650.1 1755.93 4799.89 8399.46 8416.03 7835.12 4652.28 2674.52 9189.07 206.462 1379.39 6292.13 
1791.68 3030.77 1586.18 2624.06 8891.46 8141.86 3670.46 5716.42 6328.98 7752.96 1709.53 7036.39 6562.13 1735.48 1603.72 
9169 3627.22 3657.56 6212.21 3277.31 5413.49 1012.08 1676.74 3829.5 8847.2 6329.03 6504.03 8036.25 6535.49 7883.42 
4328.37 8327.17 914.168 5914.55 951.205 9805.62 4056.4 4621.66 5522.03 385.359 2374.61 7231.56 7421.75 8936.74 8967.03 
9025.47 8105.72 2594.23 2683.01 4317.92 5871.54 8096.5 5330 7548.28 1925.98 4177.19 3877.29 8430.01 2213.42 412.764 
6313.41 6541.79 8739.93 7227.58 2456.33 9691.14 7033.18 6512.72 4312.78 2555.2 6898.08 6687.39 9786.75 4319.81 5624.11 
8753.77 3345.26 3729.81 1347.98 6028.27 8047.73 7219.52 4124.75 3377.71 4767.79 6050.73 7554.9 8645.08 4480.72 9768.32 
9057.85 794.116 6310.1 7797.76 8021.69 8766.42 7488.88 5054.86 5279.13 1801.64 7610.06 2177.19 8489.03 7396.79 6497 
4113.12 6150.54 9842.27 7842.93 7498.53 5870.52 5890.64 4718.03 9995.27 9268.35 9485.82 6045.99 6823.23 8130.89 526.697 
6591.54 7188.72 1320.81 2901.62 4986.46 9342.5 1668.02 2475.32 4397.35 6947.15 4276.96 2007.39 9124.34 2765.97 9404.18 
5621.33 6879.09 5554.7 5463.58 4722 3053.21 1334.09 612.626 7771.25 1329.34 9880.98 7257.05 7375.33 6704.2 5387.93 
7902.03 3295.72 2576.63 9222.84 6197.33 7563.09 8565.33 7865.36 38.3938 2962.66 4812.49 4315.36 4970.05 3936.82 7081.33 
4374.21 9558.15 3960.4 9928.91 5021.71 8682.4 2982.11 6355.8 9295.03 753.336 7685.15 9175.99 8010.39 5060.46 5880.17 
3398.3 2962.48 9175.89 5974.93 2185.3 5373.21 3538 750.618 3238.55 3576.39 3713.28 8051.04 7891.75 8683.33 1987.84 
4973.06 3057.52 1545.97 8933.46 2986.41 6567.69 7615.85 5968.52 2923.47 6910.87 6721.86 608.598 6086.84 4732.23 5669.06 
1967 8130.53 8631.54 1142.87 4105.44 816.821 6516.07 7643.44 1567.44 9754.62 1219.81 5280.72 7805.65 9111.56 3964.03 
9793.49 4084.61 7021.55 1339.44 3018.05 7.95173 7907.13 633.891 5976.47 830.578 7544.76 2698.31 1439.18 3631.58 7430.55 
7108.23 5598.58 5561.06 5739.75 6741.44 9666.5 6556.57 3257.5 7309.92 8124.01 3012.11 8529.73 3404.72 817.736 7641.28 
7368.75 611.205 1725.87 4390.29 1950.65 4743.92 4398.24 9857.77 5377.81 374.694 688.333 2922.55 3073.01 2127.51 6554.13 
503.537 9235.74 2152.69 6064.6 4975.48 8894.14 5731.08 1532.04 2151.62 3040.98 9656.05 5163.73 1570.7 3060.75 5981.46 
9211.97 429.483 6592.67 937.821 4819.77 8543.31 5681.74 9218.01 8401.07 1059.54 9592.7 9089.4 3982.09 2665.69 1216.89 
536.201 3169.23 452.62 2688.89 9233.83 5428.1 1583.01 4964.89 6960.14 3734.63 8005.87 6616.17 8898.36 9576.56 9676.92 
4879.81 8788.51 106.387 1472.46 9726.33 4926.16 15.7565 5408.06 4144.15 8416.83 6467.59 3736.83 7506.21 449.664 6402.52 
8723.1 985.865 9571.75 9175.72 3674.76 8805.56 4603.81 5257.77 3770.43 1563.93 8992.4 1776.28 8180.1 7890.74 1352.82 
7857 2770.53 141.319 7963.39 4242.99 9867.65 2889.53 4258.75 5275.7 7033.67 2675.55 1743.27 770.486 181.748 2192.94 
7173.01 8904.85 3178.8 6744.75 8080.56 6853.56 5550.29 2684.35 2111.31 9320.72 4248.27 1103.69 1096.98 2428.35 8994.43 
2449.81 285.337 1764.95 2591.12 8248.72 6007.94 2458.76 1138.23 266.665 7734.46 8171.9 2942.22 9477.73 8942.39 3123.97 
1670.66 6115.38 2028.8 4849.46 2860.11 109.344 1703.01 8410.41 2793.69 3814.32 7731.11 7041.97 4918.01 8828.1 9470.32 
3912.43 1277.89 9755.66 5677.38 3869.01 8004.36 1685.29 6327.77 9142.6 1951.96 4062.22 7314.48 4894.18 3539.93 6256.86 
8018.15 5210.59 2372.22 46.9315 60.0327 5232.34 156.275 1763.04 3642.73 2949.97 5577.35 1373.82 9991.93 495.348 201.901 
9462.24 4407.78 1479.79 9217.88 85.1336 5348.8 7222.22 1770.43 1676.55 6364.8 3722.39 5738.77 3679.27 8616.57 9278.7 
9936.12 6634.7 4489.27 2308.33 6681.63 4549.3 7540.67 6837.9 6312.34 1183.38 9787.87 1889.68 2557.2 9779.79 2385.03 
2759.1 9242.01 6792.8 4238.88 8459.87 6877.94 9587.68 5682.07 8648.37 1264.21 2046.86 2370.74 7002.98 5726.12 987.287 
6281.67 5662.23 7621.98 770.92 7970.56 4303.59 5320.23 5511.21 1141.48 1632.55 6694.59 929.334 3522.23 9251.78 709.103 
5907.26 2010.86 9951.11 2700.05 6249.74 8410.96 9577.98 5837.41 4093.01 8226.33 7101.62 6139.87 597.052 4104.59 1865.97 
1584.34 386.237 7528.21 9206.32 1157.16 5498.75 3509.9 6477.38 1009.94 4651.38 8109.93 7704.53 5580.71 1632.15 6956.29 
6289.82 7539.41 8967.16 6240.91 239.434 5216.88 4651.85 9817.42 1054.27 8744.86 8043.73 8155.9 4884.71 8640.79 2260.47 
6750.68 225.107 2646.7 4278.87 9431.43 3803.86 9777.62 2941.31 281.225 787.548 7592.69 8391.16 8492.08 3173.39 23.2874 
5448.35 9463.21 7562.69 4415.49 5704.1 7802.13 9632.37 355.928 7619.53 686.63 9100.79 5663.24 8842.53 3985.48 4304.01 
1102.98 736.144 4529.12 3749.68 5015.02 3960.53 7553.54 4792.62 6901.84 7834.77 5580.17 4494.52 6225.91 4072.23 7667.9 
6249.19 9520.58 7131.09 3811.87 3936.05 2835.17 1613.98 3568.41 3191.1 9233.51 4255.04 2291.87 4896.73 3097.55 6277.35 
9200.75 4200.53 7013.49 3729.85 7950.21 2028.49 7690.38 5503.73 6821.11 4592.21 3338.48 2401.26 9086.72 9564.38 6473.49 
6754.61 5813.56 5994.05 3885.69 9625.43 9930.11 6720.86 1239.39 3498.5 9911.96 472.88 7753.54 2203.81 5369.61 851.076 
8481.16 4570.34 5051.6 5494.63 8300.19 3001.79 7523.12 5990.55 8505.52 4344.21 582.743 1843.98 6745.48 9669.46 1408.34 
3218.95 6424.06 7221.9 9213 309.726 6847.31 9143.09 7030.58 8086.7 2641.57 6942.52 8559.58 395.096 9146.33 3929.18 
1246.17 7627.47 8499.52 6297.77 3122.08 6799.7 9299.57 645.189 2790.23 7805.07 4989.4 3372.98 9649.05 1734.86 3042.43 
1057.37 4953.81 9466.48 8279.28 4166.79 9776.21 5126.57 3309.86 6806.78 3213.26 5951.43 3749.28 1772.82 6346.53 2895.6 
5702 7592.7 523.05 4201.5 3890.46 3645.13 1001.18 3190.01 4290.32 3791.42 995.058 9279.73 7164.4 644.088 1014.57 
206.804 1701.46 5968.38 9673.29 9980.74 135.152 9449.48 5107.29 3445.01 6256.24 8320.55 9396.44 5.50379 93.3512 5742.95 
