800 15
3276.74 9191.48 6599.17 639.797 1219.56 1366.71 748.982 9621.93 8962.51 2915.49 3388.95 4683.93 6809.98 2886.13 2158.52 
8504 5924.1 9283.92 2402.5 3944.75 2708.11 8795.82 6195.16 1391.83 5406.66 8625.54 6646.72 756.335 8657.91 1211.98 
5798.11 1934.63 403.437 2397.27 2574.43 1623 3763.97 3323.41 1244.91 2726.47 6238.9 4633.86 7410.4 3048.86 7519.98 
9568.93 1552.85 3444.07 8852.83 3955.35 7388.81 1560.93 2751.15 3583.95 2952.76 8157.81 2209.48 9599.48 8914.14 867.366 
811.439 4712.24 2802 1214.88 7109.51 5376.42 2837.87 873.465 8699.83 4082.78 3599.93 4938.72 8716.64 1010.32 7987.58 
6236.6 579.229 9540.43 9680.67 9432.06 3495.76 7069.46 992.972 6246.91 653.397 3945.73 4404.7 2862.87 3545.19 3318.82 
3730.24 4356.63 8031.06 6532.23 5571.5 5140.55 1908.64 8409.38 6014.02 608.458 2492.14 9613.95 5547.17 1208.76 624.255 
3534.74 7445.36 1203.48 3075.15 7126.01 635.528 6570.91 4195.46 1628.5 2817.81 4848.86 5574.23 7222.5 7711.73 9119.42 
541.31 1441.95 3476.03 8572.37 7974.18 9047.53 3712.91 9882.83 7456.89 9726.92 491.267 9949.03 9340.86 6038.44 1157.77 
9965.11 9573.18 8603.14 1168.58 2648.31 5729.13 1804.11 9219.23 9924.59 3432.61 2037.02 4773.43 9006.83 9259.52 2485.15 
8126.23 9800.83 3927.1 1602.25 8373.18 1901.26 649.759 2086.07 1784.07 8106.65 1812.98 2275.34 8055.66 1153.82 8313.78 
9213.44 1118.92 7886.94 7816.56 2287.5 535.238 3545.67 4091.61 9754.46 3470.25 7524.21 1791.46 8243.69 6531.03 1050.97 
728.816 4657.25 851.78 4655.91 6259.5 9224.96 6557.18 6909.25 1311.02 8341.25 5015.89 3124 616.569 3071.53 4277.83 
8930.35 2284.95 5396.75 6817.27 101.491 7684.25 7352.51 3647.17 1775.84 7106.96 7117.42 9300.05 8898.42 5361.09 5831.06 
9949.39 6089.9 488.297 801.151 745.799 6747.79 26.0986 7302.97 3657.03 1337.12 5644.2 8672.92 4461.12 6260.77 1744.43 
8738.95 5191.11 4029.38 4135.68 2008.36 4130.87 1819.91 9360.87 7778.04 3595.74 6467.81 4895.44 2895.78 5366.22 256.51 
8726.84 5315.59 6346.41 9215.14 6116.74 7092.21 5962.91 6142.84 4395.17 9619.95 7479.96 39.3574 8292.85 1941.07 6300.13 
37.2598 680.003 1491.22 4066.64 4815.68 3499.58 8197.52 6635.59 2860.44 5975.54 231.321 9328.25 870.959 3127.1 4694.45 
1127.47 1853.92 10.0249 7473.88 1069.04 6126.77 4566.08 7031.96 2269.59 8961.25 6651.89 9749.55 9000.61 4944.71 1690.6 
5300.72 4981.97 2370.6 6791.94 9048.62 7186.29 291.503 7246.12 3821.86 3151.94 3221.63 4053.18 2480.17 4092.59 7180.28 
7174.63 5220.06 9034.21 7184.65 2693.93 103.232 3311.4 7260.01 7135.19 5580.99 6221.24 3787.06 5330.52 5221.82 8731.77 
7021.12 522.527 3713.73 9391.72 7314.47 2762.33 6577.99 7605.97 8.42766 399.835 757.892 3230.06 4453.02 3238.07 7322.66 
1633.28 412.674 2542.7 667.473 7597.33 5236.63 770.705 908.707 2496.62 7905.9 6489.69 8717.86 1692.94 1820.2 3939.66 
424.693 8841.31 4462.19 4138.42 8233.02 1776.64 6900.75 4810.99 9382.61 6909.18 5210.82 140.483 139.227 9663.84 3378.55 
7461.88 1297.11 3791.22 4.56849 1964.58 1388.53 5241.2 2735.29 2297.24 7737.82 641.164 8786.93 6455.66 2334.1 607.111 
395.304 2758.79 9448.42 4857.49 6897.22 7681.42 6634.13 3797.95 2492.39 6016.72 707.118 7703.22 6157.21 846.345 7367.04 
9535.75 8308.23 8664.15 3326.96 8312.8 628.716 4715.49 3553.98 3364 7012.73 1291.78 4005.17 5799.65 7747.44 6339.27 
6406.76 8142.74 9098.06 5855.16 3000.22 5995.26 3536.57 9634.35 9793.21 6028.96 5651.06 500.316 3732.16 1808.25 1346.66 
1099.19 1343.98 9654.89 9763.34 4670.95 7967.67 392.039 9386.44 1521.63 3756.04 6399.15 2813.41 7761.21 2198.78 560.831 
4100.46 8605.53 8703.57 3198.5 4460.68 1703.78 9193.76 7997.25 1338.11 8986.96 4026.2 6989.17 9487.27 7758.36 8797.42 
833.918 8857.55 141.384 488.79 8620.88 4812.33 8456.46 9012.91 4198.75 9978.09 2768.94 597.881 2791.48 530.129 2796.66 
3352.31 4630.59 1402.17 2055.87 7829.09 5862.85 3759.64 7022.83 3860.08 5097.75 6009.77 7886.28 2086.91 5497.03 5644.62 
884.305 6330.94 4502.16 1025.69 6819.73 3123.02 5838.02 5276.18 2135.91 36.7506 5254.25 4904.85 634.631 8045.73 5434.98 
3431.29 1398.03 65.5488 4833.46 3453.9 7894.63 696.296 7213.54 4917.45 4556.38 2311.28 927.199 2442.64 4398.18 6424.23 
8087.26 5282.49 2755.15 2589.4 6308.18 9574.89 5712.42 2146.18 4851.05 7848.33 2182.93 105.28 2753.17 2817.56 8151.01 
8188.15 6248.85 9549.04 8253.69 1082.29 3002.92 6148.31 1778.59 216.439 1065.74 6334.97 2527.72 1992.94 8777.61 6925.9 
8417.17 6864.86 2208.37 1172.3 9454.26 8516.55 747.177 5166.66 662.715 5598.23 3014.98 2845.65 5703.51 5768.14 5663.21 
3854.5 3956.27 1912.04 3403.52 2209.95 2994.34 6406.44 8358.26 4772.93 6622.87 9424 1107.88 9150.59 1416.93 9885.49 
6076.48 9834.09 6750.33 8284.85 1006.38 6204.57 6801.38 1753.56 1371.21 7464.1 7351.78 4386.19 309.726 3055.27 154.316 
5972.93 6909.77 4110.59 7884.97 313.272 6320.54 879.293 6719.71 4678.78 5652.22 3342.56 4102.76 6760.1 2493.14 5519.69 
6645.56 8569.61 5353.76 3395.87 6854.45 6360.14 9600.44 3655.81 8113.7 971.638 1119.89 5465.47 5357.83 1429.62 8520.74 
5512.14 7402.55 5430.49 9622.73 5287.51 5743.76 5943.25 6166.8 2463.45 622.012 1819.01 5806.02 4724.78 8579.1 8299.16 
244.449 5224.65 6868.75 5598.21 8620.52 3723.18 1958.34 8220.95 7379 72.0252 9192.58 8498.89 5537.49 4550.4 9928.51 
4058.21 62.5243 7331.05 9488.7 9685.26 2618.54 5232.45 5628.49 8785.35 7695.9 6250.5 604.334 3501.9 975.261 9183.43 
1801.04 1219.71 4408.07 8669.79 6817.92 3028.57 2392.95 8776.26 1249.5 9771.95 8848.29 442.069 8270.82 4385.76 4992.47 
8199.31 8443.98 5054.99 5530.34 7932.66 4740.23 8148.89 3165.09 368.7 6934.22 860.971 6619.2 7538.55 4362.87 7594.46 
6721.97 6163.9 8814.17 1130.02 4833.68 5632.08 4158.59 7226.63 4408.33 5408.09 6998.56 3256.6 5850.16 5269.37 7642.36 
842.605 3468.67 6086.32 5897.6 8999.01 4018.96 637.806 7147.88 7184.05 1006.51 4082.08 8045.03 7625.71 1620.61 2407.88 
5220.15 8342.58 8571.78 4034.31 9472.59 3405.44 9666.38 3631.17 632.057 4074.69 9039.25 7630.62 7331.29 4889.39 2899.97 
4973.64 5732 6368.64 1059.94 1629.58 5367.63 5078.91 2267.38 2515.5 2262.95 3273.89 6597.57 307.954 899.58 8218.18 
2715.83 6119.73 6560.75 1287.6 154.023 6033.32 4693.04 9820.41 9664.49 5325.1 3895.08 8703.72 2955.7 1226.36 3593.1 
5855.68 6200 9325.1 2224.3 7259.94 954.659 7591.93 2338.83 3222.04 107.408 4601.78 6495.93 6704.98 4909.73 7395.51 
4923.15 7625.56 3515.23 1483.88 8913.16 3669.25 7517.2 3606.18 3489.64 7181.67 8931.28 7384.73 5885.38 1886.97 8611.08 
9478.48 7742.64 4811.07 8803.56 9966.94 2070.99 9758.22 7558.85 4409.82 2980.25 7666.26 9011.6 9476.18 4371.22 3921.31 
6871.67 9294.37 1546.86 386.882 778.234 460 4056.13 8295.44 4066.18 7545.77 5477.09 2997.45 4930.48 1362.45 4884.41 
3541.55 840.914 2627.04 8352.62 9644.47 2593.96 423.588 9402.68 152.789 4833.41 2382.91 7819.05 3844.99 1859.07 2190.25 
7766.3 8730.74 1484.61 9313.16 9117.62 2262.84 9773.16 3173.74 558.261 3839.33 719.492 6035.35 6836.77 5649.97 7397.8 
1721.17 9191.52 8238.72 4348.2 7544.12 7883.17 6942.16 7967.71 7285.83 7094.95 2801.1 9668.74 4913.98 6646.09 1527.79 
7104.23 4412.38 258.512 8588.84 3725.52 9376.13 851.667 3498.67 2549.85 1409.93 7337.99 3269.34 7445.28 4174.75 8919.32 
4843.06 5895.92 8110.82 3081.76 244.105 5654.93 964.921 7186.26 3622.62 8250.76 4281.19 6423.72 7919.48 9195.17 3069.8 
9447.27 6299.39 7482.18 9705.78 4888.21 1207.69 9081.9 5739.88 4706.36 1631.73 7149.81 2044.33 4901.08 4595.07 6219.08 
3820.38 9438.13 2114.99 1931.18 2519.88 2359.09 7586.11 3484.8 9545.35 1208.71 1735.54 3826.53 7632.43 9655.02 3021.69 
702.215 9102.27 9321.08 8184.4 8808.04 4209.27 9392.08 7889.92 9949.15 4098.42 9521.66 7098.93 6142.76 4422.72 1693.98 
2361.83 8243.09 1132.1 4476.81 174.255 3651.98 6835.9 7760.36 7136.78 6381.24 8969.07 8872.32 207.757 6601.49 8527.32 
3229.45 7303.7 7629.58 2550.5 5488.08 6437.6 6759.77 4880.15 4327.51 6708.9 8978.57 3849.15 3807.82 5121.31 8271.86 
5501.8 7483.14 6514.94 6633.9 1959.93 6689.19 285.862 8795.83 4449.54 7422.64 5177.06 3418.59 6294.94 5384.82 20.0614 
4822.24 8614.26 7323.76 2451.8 1164.75 2811.83 8889.4 7924.52 7691.97 3216.89 4633.4 6670.53 7066.04 8441.22 1791.82 
5337.88 3943 9274.96 1852.8 576.887 1234.88 8541.99 862.749 30.6942 2991.51 8285.39 5207.75 6410.1 4580.31 592.553 
6430.17 9402.55 9206.81 3753.91 1854.34 371.544 6565.74 743.719 8296.06 4257.7 3960.61 2929.45 928.208 1026.63 1370.65 
2720.03 6364.51 5313.66 1994.97 8217.31 5890.54 3229.85 6759.29 6753.29 3260.54 9750.8 5038.66 8468.3 6160.89 9618.97 
9060.85 2591.04 9021.51 8267.65 6344.95 875.828 8639.19 2910.67 1619.55 6935.24 7168.37 5580.16 9864.69 8096.58 6606.79 
1235.32 816.594 2971.28 6548.98 2811.57 1188.58 2439.5 6041.42 7947.87 9192.8 9301.96 7698.65 4231.44 7770.24 3859.52 
3850.4 6831.08 6450.56 2871.89 5098.71 2795.5 3747.72 3737.88 5706.17 5367.27 673.1 2874.53 947.405 537.771 971.09 
7554.19 1773.09 1787.68 525.453 8322.07 4599.25 1714.03 761.56 640.651 9661.89 9954.36 9942.61 7360.53 4185.78 7712.84 
1220.04 8036.18 4543.9 7670.6 908.056 9642.6 466.083 4655.78 3380.46 6172.26 23.0248 4053.56 9046.78 970.43 4591.33 
17.8554 8524.62 6364.43 1805.54 9050.07 4686.48 6404.79 764.086 5448.04 7045.44 425.964 5402.38 6988.04 7786.49 9588.17 
4700.86 9006.53 7624.33 9244.75 6677.11 8532.39 8887.34 7143.2 3188.15 2267.78 3315.43 3211.17 6321.35 2362.2 4181.6 
912.666 2380.06 2706.2 7277.09 4185.59 1756.26 1963.56 590.366 2520.35 7411.6 7635.81 2946.31 2813.97 4623.83 732.787 
2402.12 9324.68 9739.32 26.4337 8569.42 6416.41 8558.82 7456.74 3559.59 1746.95 9724.53 6875.03 4958.12 6045.86 9237.23 
9139.72 6958.52 1617.26 1845.9 4235.6 5802.86 3602.17 6199.16 6393.22 6122.51 3610.75 4029.01 9068.82 6424.72 8652.84 
9801.61 8826.84 7977.51 9540.91 8853.27 6546.91 5957.31 7412.08 4003.64 9516.9 9159.03 3728.14 6391.91 4117.13 9774 
5629.11 3256.83 6732.51 7246.38 5102.73 968.089 3049.22 8704.9 7167.25 9442.44 4827.39 777.982 3471.44 3896.2 7202.7 
2124.26 3697.79 6029.53 101.751 3238.69 4882.78 6648.66 9196 2294.85 652.281 8712.88 1453.85 4380.43 5104.76 5570.98 
4154.41 733.86 8827.81 886.899 7980.24 3930.52 1854.99 1029.44 2635.4 9022.24 471.86 7462.79 9800.22 3943.3 1358.98 
7002.9 6067.56 5056.77 3032.41 6169.31 8295.46 7915.2 2817.95 7491.44 210.027 3470.23 6204.29 1663.88 7850.66 1309.04 
7234.86 2005.05 2042.9 6062.65 2891.95 23.1212 9993.17 4746.94 1052.56 2628.56 3769.16 1524.42 91.3325 3569.36 5467.72 
1450.31 572.251 1535.26 6507.08 3604.67 7704.56 4802.52 1519.85 522.5 2293.94 1729.87 3992.73 8498.24 3393.75 1843.38 
9807.28 628.599 3848.43 1850.16 6691.25 6740.38 1873.28 6684.41 1487.3 2925.84 9312.96 5256.46 4450.26 9404.29 8825.82 
9917.97 854.586 9398.07 1453.21 7361.67 3002.72 9157.78 2164.17 4522.57 9680.28 4458.11 6252.44 3672.99 2956.33 9646.2 
5516.37 2763.59 274.78 9364.8 4613.75 6966.03 6105.16 6487.03 3650.42 7592.46 9412.87 2963.36 2848.9 3863.12 2367.64 
1674.7 3781.07 3222.23 1072.76 5234.29 583.878 4075.48 4392.05 2748.05 8598.05 4072.31 7206.16 4850.48 7745.31 162.474 
4496.66 3261.66 2926.06 4771.44 2626.44 7539.82 1737.45 8731.59 4026.83 5387.87 6324.03 3439.69 8351.24 9172.93 7302.81 
718.861 847.616 1083.86 3941.09 1920.38 6318.15 4524.97 5995.86 710.185 7273.02 4593.89 4782.5 4479.16 9444.37 2527.78 
4641.63 3941.01 5789.44 7567.7 8712.45 8415.88 5107.49 449.883 7147.46 9134.33 5837.75 3471.48 2574 4188.97 2644.39 
9876.81 4907.83 3492.01 960.655 8848.92 5412.38 7278.81 3373.87 1408.22 7988.99 646.872 6002.11 2771.47 5126.03 5446.46 
5299.26 9767.66 9387.47 1088.68 7335.34 8099.9 9504.57 2442.82 8549.78 6652.01 1577.13 4387.52 123.467 4151.13 8576.5 
2767.86 4027.92 3484.31 6259.86 4988.57 2333.22 1672.23 2267.37 5707.09 3080.45 256.341 6353.96 9082.56 3027.81 1479.98 
4529 8327.07 1247.62 3916.46 9415.75 8582.96 2016.34 8920.3 1025.76 566.107 5572.29 2602.89 4953.63 5695.76 6754.02 
3530.11 8463.61 781.926 7014.42 4723.46 5770.5 9347.64 6395.68 8037.87 5054.71 9476.13 8294.21 1408.66 8558.67 1322 
2888.64 3087.65 9649.07 4136.26 7004.11 9064.8 2719.21 9020.45 7985.09 3744.97 9586.55 3557.36 6347.86 4540.17 9253.12 
3101.87 8070.27 7716.71 3883.8 5084.67 2440.15 9654.3 4432.29 8835.84 7692.15 9487 8311.95 5986.34 895.647 6870.6 
7308.34 3784.28 9958.25 6957.39 7920.54 6962.34 6022.18 639.733 5982.77 4007.25 4384.7 5569.31 7564.61 732.552 109.459 
6817.71 3834.42 8179.73 4534.4 7718.22 3264.39 6974.56 7372.5 7696.68 5810.38 5064.63 7183.67 4122.31 1050.95 8079.32 
992.892 8359.28 1863.58 951.127 5316.66 9784.13 7913.47 1338.82 423.843 3896.23 5346.06 4808.55 9465.54 2910.65 5541.1 
9574.99 9728.36 9375.52 7754.71 4262.75 7093.72 1019.08 1237.29 4466.2 8715.76 7047.66 9530.83 5899.41 1169.96 581.76 
3978.71 2162.85 8941.04 5842.29 3113.97 4257.68 5626.4 1027.43 5596.5 6050.24 4923.65 942.546 858.773 4389.17 3853.2 
6399.87 3964.15 3581.54 5775.38 1718.84 7844.29 2869.08 2737.92 9081.57 7335.28 1453.66 6129.22 6866.1 7353.07 7299.18 
7447.86 1331.76 9462.02 6388.88 7174.05 2575.98 646.55 2800.43 3603.41 6243.05 8850.68 8527.06 7185.6 9709.45 2916.21 
1038.78 6109.3 6880.36 4620.32 1884.66 8599.2 2464.59 4753.74 1337.1 1546.15 2089.01 2790.76 7675.37 8955.11 143.811 
4974.53 6402.95 1475.57 4436.54 2791.82 8649.62 7012.52 3438.37 1450.04 615.907 9681.42 300.694 9142.97 6867 10.1254 
2059.16 7905.77 6119.43 8939.53 2526.08 8004.09 7538.71 4990.67 2757.81 8875.81 6536.82 4846.82 1666.55 4212.17 3801.91 
1810.36 9186.7 204.845 3285.93 3623.22 2996.66 1935.53 635.716 6435.03 3385.57 1251.62 6116.43 3686.26 394.573 2983.41 
3696.39 2453.74 889.165 9815.82 1393.25 3415.24 7819.89 8931.95 8405.91 577.686 7807.75 4942.71 5424.51 9474.3 9154.88 
9226.42 1284.64 8341.57 9431.27 4570.57 1964.77 2427.91 6506.11 2600.48 8862.94 9891.68 3852.11 4979.36 3577.92 4246.68 
7962.76 7274.31 6700.42 8851.93 7090.11 8093.66 2267.16 4909.99 7025.6 673.051 5487.67 4833.33 5615.76 912.162 4307.61 
4770.63 138.566 5592.25 3112.18 9569.83 162.802 5076.95 1997.73 6668.91 7677.43 860.653 6560.57 1529.52 5840.01 138.474 
5776.2 3802.76 7412.79 2476.6 2654.67 4502.88 570.247 4921.82 9412.87 7595.85 5594.87 4900.52 2429.16 1210.62 5812.68 
6736.76 5981.25 5951.25 2328.99 9093.44 5521.07 2491.79 4170.37 7518.79 9160.7 1847.78 8379.45 5721.25 3377.31 4219.44 
5859.73 9153.51 8022.19 3272.5 1630.09 676.844 7775.38 2200.34 5598.67 7188.23 9796.19 1193.52 2088.74 2225.32 2404.15 
7901.42 8962.09 8385.4 3852.65 1291.06 7478.82 9373.72 3782.86 1649.17 6892.5 2943.54 3496.95 5271.93 8664.8 6874.26 
9491.36 4524.51 6027.75 7513.54 7797 7657.84 8190.38 5572.37 9858.18 3789.03 2760.58 9654.35 4982.56 4849.32 1879.66 
7386.7 2750.72 841.73 5772.09 6603.37 2132.79 3250.89 5977.08 5915.65 4900.06 2869.55 8859.19 8397.02 8141.48 7523.97 
5271.26 7632.83 2048.46 1298.99 5146.35 9845.46 8956.84 3336.71 5417.81 8815.01 7125.75 8178.39 8469.34 2108.29 3027.69 
348.987 9494.99 5778.41 1190.72 5267.06 2381.77 3323.51 8517.95 8358.84 9239.16 3418 1228.38 8098.33 1814.99 9369.86 
5622.29 7086.25 7002.67 7670.75 8385.25 2149 7516.2 7342.07 5485.72 2933.99 6157.06 2611.45 1112.37 4626.39 4719.73 
4140.06 4975.37 4214.71 9918.47 6166.09 9481.77 2300.22 9489.6 7999.7 659.05 8728.74 1417.68 1887.43 6827.05 3232.68 
1257.28 2449.32 318.911 8259.95 120.054 8704.16 408.934 7636.25 6046.21 5894.65 570.224 2203.25 8506.1 1682.59 6829.64 
3225.81 5822.65 1805 7440.52 5741.11 7971.08 6922.27 8041.33 7460.67 4921.96 8700.38 6189.39 6339.64 587.799 3016.42 
9572.32 1845.08 5465.75 9891.23 105.008 5585.8 8595.37 513.942 3222.03 4641.56 6408.59 3792.26 6844.81 4914.67 5474.85 
3674.44 8140.48 1297.49 5479.43 5580.99 7038.6 3450.5 2503.24 5079.91 911.149 7425.2 3780.28 7100.54 3764.82 4368.08 
116.943 3337.12 6213.15 5582.69 3228.33 6318.16 1168.47 1823.68 6832.1 4390.51 6465.24 3240.68 8182.77 3310.04 8155.35 
3657.6 6984.48 6295.82 4955.09 2463.89 1876.78 1993.67 5914.39 4380.02 7073.58 6825.54 1805.21 853.84 3926.06 5570.03 
5221.92 4043 8907.15 1435.06 9625.69 2135.46 7753.22 794.152 3959.15 4585.3 5184.66 424.372 7825.98 3367.41 3734.41 
5981.32 7025.01 718.873 2277.12 1980.08 3182.77 4153.9 3973.74 9097.16 8533.93 1047.3 5922.68 339.115 1901.14 9848.74 
5909.14 7123.06 3891.73 4816.27 8558.12 3517.41 6951.74 6311.32 4311.56 910.867 896.606 9496.22 1335.24 8722.59 2863.61 
5069.65 4703.89 9888.62 5788.52 6981 1868.68 8971.29 1134.89 5842.42 8068.43 9668.81 6889.73 3991.1 7.91239 8790.87 
3839.82 5917.06 5913.92 7731.56 733.314 4472.02 1248.95 7685.05 783.323 5560.51 8595.92 1679.93 5056.71 9931.16 402.501 
7920.32 5000.79 5106.39 7808.92 789.299 2087.38 9677.6 9760.59 3222.27 5520.01 7829.01 2891.06 2409.72 1820.09 2898.98 
1200.58 5659.91 8816.03 7114.5 3391.45 9549.34 1586.5 4640.4 7234.38 2369.82 200.884 5830.28 4049.75 5257.59 5761.42 
4452.25 3177.89 762.197 9558.64 986.799 1551.5 1646 664.385 1312.07 4868.27 6184.39 9141.08 7759.33 8594.12 961.144 
658.292 9794.69 6621.06 9474.32 6909.17 12.4889 9023.65 8495.67 4652.88 6258.01 865.481 4853.77 2088.28 4915.23 111.343 
7849.7 9367.49 3289.24 8611.9 8926.11 4276.04 163.378 572.098 4940.42 1475.45 5440.37 1124.8 616.506 3199.68 9718.91 
1577.65 3857.98 9513.59 8198.71 3332.28 6422.74 8211.2 2355.92 4918.4 2864.06 8613.93 5783.88 7717.83 702.193 699.097 
7829.17 8551.89 66.5663 1118.39 7163.78 8992.68 5394.43 7327.15 9564.78 334.831 8802.6 5005.13 1459.63 9419.11 8204.81 
1178.52 996.742 2062.77 692.095 9195.45 5395.05 7114.84 7406.63 7750.97 2033.22 270.672 6364.88 7817.1 7988.5 7067.07 
8516.2 5817.66 5618.95 8582.77 6936.05 2782.71 7575.43 2330.46 109.847 7140.19 2665.3 8912.45 2145.3 4124.92 8331.54 
350.092 5303.45 9328.28 2412.86 5995.54 8523.71 7807.91 3110.36 5930.32 5558.86 5143.59 6201 1923.73 2960.67 4189.48 
8990.8 1476.85 7.12391 4609.73 59.6037 6943.18 7392.44 7635.03 9273.64 7502.29 4775.2 1938.92 6414.72 6920.5 6063.84 
4746.25 7270.59 1367.27 4074.51 9683.45 7362.82 2598.21 7491.35 473.163 8528.53 3050.19 5616.75 4729.51 4973.92 8577.42 
8918.99 3964.7 54.2573 8926.11 8574.43 113.861 5869.27 5966.86 7748.89 5142.9 3469.13 2524.08 7081.82 9883.85 9444.58 
3145.64 4630.08 6715.15 4512.92 8704.59 6398.59 1875.72 1302.78 3889.92 2348.88 9831.32 6940.11 7965.63 4560.81 1914.01 
6543.03 3479.78 5878.71 6597.29 2405.88 4453.13 6711.15 8275.15 419.97 4460.02 3418.03 3889.1 6984.1 499.832 3772.94 
6428.66 3645.48 8403.02 3143.79 8158.39 7107.59 9542.38 34.0911 8410.38 3432.28 2382.97 8241.68 372.368 348.579 2802.47 
2286.38 6891.61 6282.25 8165.09 3488.88 8688.12 2618.2 200.007 6963.26 3038.17 4660.03 381.275 6927.27 1644.11 881.107 
700.19 8072.77 4526.58 9103.21 1216.55 2684.96 6210.79 758.908 2719.05 4621.15 4191.18 5102.02 2862.81 4563.55 5450.6 
5665.27 6849.93 2342.19 1947.51 5015 5831.06 635.614 7633.2 6031.07 7598.87 671.356 691.086 7980.15 7598.63 2335.2 
8861.26 8298.82 407.952 3387.82 7402.01 1624.5 6072.78 3612.78 2383.41 8791.83 8233.92 6574.59 3893.83 1096.71 1138.13 
9344.43 6761.99 7988.06 1686.6 8709.49 3003.04 7517.67 9345.11 636.23 3548.72 6943.96 1307.59 4239.81 4924.1 8906.21 
6575.01 3785.33 7205.01 6982.96 7173.16 4607 8607.46 3245.92 8219.78 990.847 2037.73 6453.69 7565.44 5931.57 7550.4 
8703.57 5275.98 4312.37 6691.61 6962.58 3021.85 9694.65 4480.23 2366.94 330.863 8028.95 9310.91 1638.45 2268.74 4234.99 
544.644 8843.75 8020.32 7749.66 5826.69 5193.46 2356.64 4434.13 8439.38 576.406 5424.98 477.099 7030.09 2990.4 6408.67 
4580.48 1693.95 1684.63 8892.85 8385.55 8647.21 1914.69 8080.19 3127.42 4281.63 8411.05 1156.36 3592.52 49.4795 3425.1 
7827.51 594.124 2268.83 5847.81 8343.78 8095.52 1041.26 700.406 2529.63 9480.64 1276.81 7954.6 9957.74 8306.91 944.985 
6366.39 2887.37 2638.93 8051.02 1780.2 1024.47 6698.21 3694.89 9104.65 9825.63 7976.52 7515.68 981.966 1569.02 7565.16 
4407.06 9396.53 8159.29 6675.89 5244.33 6503.05 4771.39 6285.58 7203.45 7301.02 5766.21 8480.27 5255.61 5723.93 6787.16 
6200.59 2090.3 9674.52 8839.52 141.296 1454.71 9863.99 6839.5 5149.6 8968.62 6665.11 3126.1 6484.29 7647.08 4695.13 
4049.43 2054.13 4091.64 2208.7 8730.02 9335.97 8711.75 3501.39 5621.54 5915.19 802.395 1387.73 4395.44 6058 7111.65 
1182.58 2258.58 9201.95 857.084 1098.09 9343.25 2311.79 962.059 6182.73 7461.39 9930.68 2847.83 587.479 6414.96 494.893 
5282.61 464.373 2549.02 9374.25 2673.08 1279.02 8710.2 1384.81 4780.41 4331.72 7300 5582.81 5719.45 1695.42 1640.79 
2831.09 2878 3899.37 2033.02 3735.08 4997.46 1376.26 6046.88 5959.52 7558.99 3508.25 5890.18 406.802 4095.73 2305.12 
901.695 9378.34 2769.49 3450.71 8752.57 5442.57 4729.73 7462.76 6827.38 9510.15 1794.47 4127.36 5092.94 7513.92 5822.78 
6733.73 344.99 8700.78 633.084 2378.01 2435.85 5630.54 3754.27 8482.73 1590.04 1313.24 1990.96 7480.22 1720.04 6086.69 
9785.34 2621.74 5465.01 2554.82 6072.45 4217.57 7997.39 802.169 1680.31 4824.75 312.297 3474.78 8952.11 5405.23 988.68 
4774.88 2138.94 1333.67 3475.64 2772.03 3711.69 5911.49 8402.57 7465.95 4394.2 9992.61 8779.2 6385.16 7472.81 499.224 
2471.84 7258.14 3120.96 7936.85 9812.96 9193.42 2154.4 7810.33 9995.58 3834.72 2635.07 307.866 7309.49 1587.16 5713.1 
8298.17 6362.04 7852.04 9631.84 9837.68 624.055 3343.51 5749.16 9026.62 809.451 143.345 9019.22 9588.65 6528.51 6492.02 
87.8548 9000.35 3750.14 3208.82 6937.18 3563.08 2402.22 9091.59 1373.4 2397.79 2926.28 4008.46 2705.65 235.761 5595.62 
8418.75 8533.94 1957.64 6270.78 8165.76 1795.31 6894.83 1509.26 7544.47 5921.44 2318.71 7687.81 4940.64 1907.34 4216.31 
1432.64 1995.2 3216.63 5182.78 5204.02 153.799 8745.86 7606.23 9245.38 119.241 4.00125 2171.65 4127.7 2709.65 2407.41 
9723.33 1128.39 941.332 1680.95 7399.16 9107.1 3476.26 4293.98 616.339 1020.72 215.401 2935.05 8708.53 5156.04 4842.39 
2924.82 6588.68 6837.59 6141.46 1771.44 2041.59 6295.25 517.286 9647.82 5540.62 636.527 9651.82 7712.27 4764.23 2361.46 
119.669 4487.54 3489.84 1061 6168.49 888.991 168.079 9644.76 5182.97 784.418 665.457 5398.37 3719.47 9373.99 554.394 
8561.86 2298.79 7143.07 5399.44 8440.25 8914.52 7441.02 4735.48 9431.8 7088.83 276.088 68.3124 6740.64 7988.36 4832.54 
9102.09 8108.03 9320.08 2591.92 9169.03 5488.56 3480.91 9337.11 5133.3 8663.88 121.509 5798.75 4062.23 3840.98 5172.73 
4616.63 2402.82 7471.52 1759.69 7802.26 5911.75 674.185 5243.27 647.217 105.971 2332.08 923.305 174.283 9072.71 8911.67 
5006.83 8174.79 7019.68 4326.89 766.698 6188.69 9815.45 4247.61 5525.78 4948.73 2911.48 5647.29 747.463 6973.71 9488.27 
5920.19 1590.32 1891.08 3391.69 3350.01 9693.33 9303.44 4024.19 4936.58 9950.66 4130.16 7268.66 873.947 4304.44 6341.36 
9785.61 9311.27 4516.14 6805.27 3638.14 5282.83 2993.95 3453.57 9530.44 8519.73 8402.3 2441.9 4167 9149.76 9415.61 
3655.26 5069.93 1005.91 5546.33 8461.62 4355.92 5239.65 7765.05 8380.11 176.214 7715.69 2510.25 7444.88 8589.64 6814.7 
3786.22 8375.23 6125.95 8302.35 5180.49 9764.09 3585.17 8174.44 3217.64 3115.6 6694.15 1619.92 5557.5 861.134 769.663 
4973.09 4516.39 5839.59 5979.01 62.7041 4301.2 334.91 5302.35 2066.23 8715.02 5478.57 9781.92 1225.25 2923.43 8371.54 
8039.95 6709.65 6746.76 4165.88 5011.98 1927.23 3929.95 8597.16 101.649 7147.6 1712.74 6795.8 8767.52 7270.24 7656.93 
9537.18 2243.31 2173.3 5376.76 8222.32 2236.01 9677.96 8557.23 7538.36 1744.17 7272.23 3016.91 1526.08 8497.49 5940.34 
9897.62 6537.42 2649.96 6644.37 703.285 7661.95 8571.6 4633.24 6259.09 8673.25 1780.82 7971.82 5469.02 548.32 5242.04 
3125.94 85.4836 7485.35 5299.24 5462.24 5707.66 7535.25 5140.18 4264.87 5073.59 6884.36 1537.08 8090.5 8410.44 34.5521 
4030.82 8308.05 6571.97 6680.78 4952.39 7275.26 4342.71 3523.97 1908.48 601.783 2197.2 3689.3 8573.61 7666.23 4237.62 
3815.63 792.146 4323.1 1300.96 6091.39 9785.34 7008.62 3626.62 4925.51 1273.47 8700.21 1809.85 2810.55 6790.69 220.275 
2845.1 821.487 8528.32 9417.08 7502.27 3480.7 6692.32 1844.97 7004.67 8600.8 2446.75 9201.87 2290.08 1020.34 6868.08 
6527.7 4835.96 7660.23 850.787 6136.93 3751.6 636.115 3145.53 7378.21 5561.63 4419 6078.4 7371.48 7229.55 2869.07 
7591.76 74.6339 3690.56 6120.06 9491.71 1192.81 9600.76 6184.01 3037.77 6605.41 4784.79 5484.52 5807.27 7074.87 6504.86 
2675.33 3602.55 1340.81 335.542 4453.34 7477.73 4087.14 5089.46 623.244 1465.33 651.068 5042.24 7543.73 8022.55 2271.77 
412.786 5614.29 2346.4 4103.34 1734.33 1838.1 5296.15 1335.07 8022.11 8333.92 7940.48 2806.88 3818.43 3747.73 9881.75 
323.269 6423.06 3484.29 1664.07 6758.6 7937.63 9141.81 845.725 3027.07 9765.05 2311.06 3678.14 4807.27 9854.79 1700.67 
7079.04 267.561 7314.96 9425.45 4370.9 9049.28 1263.53 9667.05 384.333 9285.64 8000.96 8324.81 2092.5 1819.37 2072.52 
1974.23 2142.64 8495.58 5458.52 3806.71 5254.17 3396.14 2948.5 6099.9 6423.21 2713.54 8410.96 101.331 7520.81 8265.73 
1802 4599.84 8533.29 9116.96 4025.27 2904.18 8166.22 5288.8 2571.21 8550.56 4574.42 572.151 6875.35 6666.92 2391.52 
8947.88 8641.15 4534.16 7443.44 4099.66 8340.87 2697.6 7495.8 1289.35 8797.49 3918.99 4002.89 7208.43 4020.32 1523.69 
5474.15 5822.32 6123.53 4007.42 4939.26 148.779 6911.6 3105.47 5437.58 9482.81 1656 11.9805 54.9409 8531.36 6678.9 
2446.46 7479.21 5320.03 6980.62 4922.64 9419.69 5321.47 7620.24 6915.47 6610.82 6417.71 834.445 613.699 3626.13 4854.76 
2137.39 9100.28 677.068 8260.91 3107.68 5616.33 8409.69 19.2555 8721.79 3847.25 9502.06 377.782 3859.23 9557 8909.14 
538.113 2003.45 6388.33 5858.15 8984.06 1310.96 5277.83 4305.52 8931.19 2193.28 916.323 5348.89 3027.73 1530.02 8975.02 
7882.49 3667.41 8075.28 8559.56 1928.3 1182.94 4175.87 337.973 1202.19 2897.65 4185.22 704.239 3275.43 8044.46 261.225 
2184.55 8582.57 2264.67 8572.88 4440.7 1248.72 9883.84 9718.52 5554.23 8815.02 1911.79 6470.56 4163.89 4939.51 8000.58 
3138.89 2821.99 1667.97 1214.15 1381.53 3596.27 2397.09 5557.4 3934.25 3599.29 8455.05 8119.47 4303.53 1730.46 6163.91 
4564.75 3915.01 4746.46 6829.42 2487.88 9187.16 8078.14 2371.7 8905.67 3632.36 1186.7 817.436 102.897 5350.59 5756.95 
8103.48 8489.48 8578.94 9771.45 9703.64 9960.47 3367.71 2100.71 5517.85 7301.95 5700 3972.89 5421.41 3.50885 5703.35 
1585.3 4568.26 9618.36 6331.76 1397.66 2106.22 5518.9 9475.8 4477.91 4424.54 3108.14 5664.61 5241.98 3211.04 1015.18 
998.915 1314.5 9504.67 9577.85 1085.93 9208.29 9538.31 4453.64 1308.98 5056.14 1755.57 7008.99 9029.03 7176.98 7012.49 
4732.36 8762.27 1580.74 4350.7 5094.01 2978.4 6456.91 612.892 2454.18 934.811 5037.44 5562.33 6599.42 279.402 8773.37 
7614.61 1278.32 87.8479 7119.26 856.154 1173.78 6327.53 394.445 5627.42 7636.52 5450.59 7382.99 4645.48 4479.6 4559.95 
1657.96 9211.96 3322.21 3238.7 3562.64 8416.22 6217.1 19.5388 9029.11 8671.28 954.35 4066.53 4233.59 7553.77 4345.93 
3006.94 5168.37 5624.25 3094.79 2287.61 6480.4 4268.57 8615.14 6874.85 9895.98 6251.64 2325.42 7278.96 897.105 6805.02 
1838.89 2555.07 6016.97 5161.1 5793.76 9579.61 3577.3 2010.84 9599.15 2606.39 682.109 553.481 6672.92 4915.7 8107.25 
1018.84 7922.64 3275.6 6643.08 1017.41 5563.21 3123.47 5285.98 4178.33 9998.32 5181.94 429.953 2323.72 2460.88 1327.06 
9128.75 4299.77 3882.12 5145.7 9460.87 9675.89 4725.29 3038.15 1686.72 4324.42 5644.54 2368.82 4877.9 2317.44 7284.52 
2985.14 3336.28 5207.15 6260.74 9979.36 6224.55 1823.94 3102.82 1510.51 6002.27 3101.12 6692.46 6432.22 5424.85 9153.34 
7759.28 4553.57 3453.09 1641.39 9699.27 2913.95 1317.26 4424.54 5952.09 3003.97 8748.96 1596.62 5372.8 3626.85 3914.06 
2657.3 6611.98 7250.34 7864.45 2872.71 7229.69 4088.98 4696.64 332.488 5599.5 698.894 3433.61 2291.94 7131.12 8858.46 
1445.26 4890.38 3412.01 4898.35 6531.76 3111.27 7812.3 7849.02 7535.81 3764.38 852.978 6284.76 5360.99 6225.77 9911.6 
9275.05 8883.08 6523.57 6525.38 6747.51 9396.28 3755.04 836.475 4092.9 4087.53 6435.97 4791.8 7521.14 8727.91 1922.9 
6379.58 173.15 6813.27 9791.59 5071.5 3345.02 2902.85 2883.79 1194.03 438.639 6648.16 2047 6723.39 2009.14 8272.78 
6634.98 1284.18 7155.84 3158.53 7809.55 3903.33 2554.79 1564.58 4739.8 6647.69 5652.11 1175.76 1439.47 3173.24 9903.67 
3362.37 9552.82 76.802 175.621 9344.4 5148.31 3520.64 2247.23 8032.09 4714.67 2685.86 4680.24 6761.67 9409.26 6689.38 
5034.43 6044.22 7973.56 2190.26 9202.75 5783.09 6093.58 1757.52 7347.67 833.372 8405.21 2999.77 2009.13 9844.68 6173 
1912.78 3207.03 5725.81 1989.59 3382.65 5070.19 7137.89 6903.3 7317.41 5169.97 1617.95 3.25823 9850.21 8379.62 9412.52 
6539.57 3414.04 5456.72 4513.11 5604.29 4659.45 296.183 1697.86 6416.98 7643.85 2531.23 4822.17 643.604 4540.37 4666.84 
6816.61 6453.15 7873.87 2542.4 8442.73 1256.51 7612.58 5580.61 8159.81 4929.98 750.559 9777.75 4933.24 600.748 8157.36 
4345.74 7140.32 1571.38 9802.46 1653.41 7175.67 4461.89 1949.59 8873.53 878.855 9593.45 1404.75 5701.03 237.034 5945.12 
367.854 7053.64 2398.25 8241.73 9596.04 840.967 9498.24 7208.61 6421.58 7658.03 2138.57 7172.14 7435.77 7071.81 7772.88 
5593.11 1417.52 4913.18 7164.49 1219.96 6566.59 4340.15 5681.86 8516.18 3213.66 6560.71 8109.61 4618.41 2261.73 8346.65 
563.514 2629.58 5400.27 2961.76 871.292 4996.3 3802.73 369.514 2204.89 224.289 8027.54 4343.46 7396.42 5463.3 1415.24 
5169.29 1056.39 2832.77 82.4571 8220.88 4052.73 6649.05 2561.01 9734.59 5165.22 5774.67 6295.29 3274.82 393.066 8557.01 
1621.45 956.58 1186.58 7021.72 3918.34 2057.87 2018 7721.07 2427.38 4222.89 7945.36 454.91 8566.35 5341.77 5918.21 
9981.59 511.041 6974.6 2814.34 593.498 5195.46 6867.07 7242.55 7756.46 6601.65 2407.75 3531.12 2896.92 5682.56 3924.18 
1453.91 7304.01 4880.76 2640.49 4325.72 8799.11 4698.36 6343.72 6520.16 7125.74 566.594 4465.51 7580.65 9132.94 9807.27 
3498.84 9114.51 318.299 473.418 1928.84 911.797 5668.88 8795.91 8154.35 3425.32 5397.54 562.078 6956.44 8294.46 6244.64 
880.605 9748.37 3548.64 5761.37 2388.85 7874.36 4560.46 7087.21 4218.06 1080.6 4212.93 4784.66 5546.11 1793.56 3917.58 
5353.37 5292.4 3032.07 5671.66 5765.82 4960.91 6583.46 1434.68 3756.8 4737.79 4860 9154.34 5299.87 1816.42 7448.78 
1544.49 2697.03 7197.14 5093.13 8458.4 9585.99 2967.47 3018.84 6673.17 7185.53 4099.44 886.086 1970.17 9645.55 2679.65 
5887.75 4998.9 7972.05 8919.82 670.548 3737.86 3880.72 7254.01 5172.54 7637.52 1991.78 32.5219 6791.84 7291.65 1848.95 
4240.61 8836.14 4545.98 1437.73 3929.26 3004.36 1023.7 6896.73 6023.2 7696.88 4082.25 122.623 8582.96 6052.42 9768.17 
1262.6 1940.16 4767.06 9234.65 859.962 5437.61 2972.49 4740.68 2691.6 8145.02 2378.18 4683.38 8177.55 9170.02 1975.02 
26.4759 3410.62 811.143 4572.45 4848.35 4740.4 7576.81 5872.05 1637.12 3599.99 3568.91 5719.37 3722.61 2151.86 1771.77 
3490.77 3414.45 3711.93 8257.83 2649.08 4571.89 3695.42 5621.57 9312.57 6387.02 3766.58 1690.73 1070.38 1944.11 860.737 
3045.4 1970.59 4271.35 3856.54 6543.04 9119.7 8596.94 4119.83 4991.74 234.042 7719.82 8560.65 5953.41 1442.42 712.489 
7725.18 4933.19 4126.94 1437.1 3191 6776.03 6008.99 6886.41 2397.58 5321.54 3273.41 6164.16 7012.28 4343.79 8108.27 
7873.01 7389.19 78.8431 2144.35 1245.71 6621.88 1264.03 9842.65 741.696 6255.77 76.6755 8461.52 4816.4 6030.09 9903.94 
5528.89 3755.25 4837.11 9655.83 5192.35 8028.1 6431.84 1201.33 4914.5 8829.43 6522.87 8187.92 4993.58 3535.13 2531.69 
3101.83 1408.12 9920.88 3180.68 3552.47 1166.57 9802.56 4816.51 1009.21 544.235 1072.26 1085.88 9005.75 5888.66 7115.97 
8909.67 1417.54 871.205 3746.76 1073.35 6063.56 1774.85 7505.2 7264.88 6689.35 6334.61 3787.73 4877.25 1328.17 7322.86 
7408.94 4430 8730.98 7329.8 7610.68 2283.44 8496.38 7413.22 7099.95 9505.58 7957.45 8172.21 591.448 6963.19 4060.86 
7707.42 5872.84 5478.39 8578.62 9619.6 6551.75 4642.16 1394.43 4056.93 1907.02 8083.78 391.521 5694.76 2961.01 1719.69 
3017.6 369.937 6149.69 1748.57 7699.74 3760.35 4032.01 6196.1 1173.55 1131.94 5701.67 9131 9304.15 6293.11 6094.16 
3364.99 4000.51 1966.99 8843.39 2579.12 1586.57 5395.12 7221.28 2981 9452.05 9128.3 1064.76 9843.57 4823.04 4025.78 
1563.24 7840.64 4395.71 7712.93 9589.21 2095.44 1473.26 3621.2 8291.54 2646.8 4753.14 3993.19 1777.78 4057.28 286.287 
7871.95 7422.27 4286.8 9838.93 6265.64 6865.92 1425.49 1660.74 4087.18 4406.49 1112.77 3215.46 5471.25 956.32 8038.5 
9497.03 2519.56 5879.13 3892.73 232.471 5468.32 5988.17 1705.73 9089.52 4279.69 4352.53 3842.65 8272.88 6130.31 7899.93 
8559.17 4002.24 5322.18 2845.95 3841.16 1587.8 9711.87 5266.65 3248.54 3799.03 9673.13 4361.31 7014.49 5144.37 5317.63 
5052.97 4641.38 7837.19 932.082 8534.11 8069.66 6400.4 4522.25 9775.39 5489.91 8801.94 4127.91 9332.56 7074.8 258.203 
7232.47 5633.95 4260.45 2554.63 8479.9 8101.61 4142.44 8191.75 3368.23 7390.98 1990.76 3041.35 1752.27 9005.25 8185.71 
7069.9 4058.2 2827.07 4907.08 4990.28 1361.16 2976.72 1390.67 5883.42 2752.09 6880.58 4685.34 6880 6213.12 1760.13 
7138.2 3445.57 7394.08 1398.63 6000.2 5873.96 9500.24 142.622 4065.7 2868.45 7533.6 6056.46 5909.8 9285.87 5061.68 
4095.5 6355.76 9119.89 6922.57 1262.82 4110.15 8283.73 4239.54 5500.82 4167.13 6991.64 2381.38 8852.47 3871.62 8594.5 
612.586 1009.81 2040.05 8006.67 2408.44 8040.26 3880.61 1908.66 8182.88 7946.31 4777.11 5716.46 4002.75 686.898 5002.32 
9064.43 4782.4 1358.06 8184.3 1704.95 2620.89 2294.44 9988.68 6860.43 7795.26 4155.8 3852.05 176.625 3008.26 7723.67 
8771.13 3620.84 8733.48 811.164 1627.49 1141.91 8851.42 5508.11 3050.57 7034.28 3454.4 7827.68 2750.73 7457.15 8514.58 
7753.05 6521.56 3296.96 9111.11 4705.85 5001.91 1731.98 7000.28 4990.57 8592.41 4795.53 9146.37 2444.44 4972.15 2154.61 
168.1 3743.26 5775.45 8901.58 4554.43 7402.95 43.4705 3405.83 2911.04 3094.04 440.097 6365.44 921.7 3190.83 3822.57 
9436.28 943.859 344.115 2733.22 54.9543 5049.96 7735.13 1786.94 2050.23 2725.68 379.328 6845.76 1872.04 2823.77 1817.89 
4026.65 2991.87 5561.15 9802.11 1893.44 115.562 7205.03 1936.91 3521.39 116.053 5030.94 3961.49 6481.49 5952.64 7152.32 
304.039 5388.91 8096.18 648.154 8122.13 8151.13 5698.12 5857.24 9938.07 7748.35 8582.92 317.376 4594.09 454.944 3141.15 
6411.98 4481.6 6133.02 1973.11 4283.69 8026.46 2088.67 1488.7 9963.37 5610.07 1604.76 4994.29 9571.56 8086.25 946.919 
6723.86 8390.28 6335.83 4820.02 9038.44 4457.93 2971.13 4736.54 315.154 2909.18 2484.87 8898.08 3226.55 7078.95 9353.02 
6367.7 3490.91 3834.6 2500.71 5464.03 8118.28 527.146 7552.7 9606.99 490.493 3162.75 1211.73 5484.79 2734.29 9297.97 
6431.71 9458.15 7688.24 2767.51 4278.15 6726.66 7225.45 7249.28 1463.18 7540.6 158.437 3948.05 6438.66 3384.99 1026.98 
5791.66 9752.69 4517.9 9626.26 2253.38 9981.92 7744.53 2780.53 7534.61 7351.5 3271.02 697.34 8563.22 8755.81 3431.63 
7861.18 5187.49 2889.76 5549.4 7955.01 7167.91 2276.04 5180.44 4417.17 3739.22 2721.02 4575.61 7687.27 9159.68 7960.6 
8714.25 4951.33 7713.27 3232.13 4577.57 9966.65 3214.03 2322.08 2747.16 748.621 9673.58 6018.18 1445.96 8236.78 4773.97 
4877.59 6097.94 9961.46 7767.35 1647.32 7916.45 4935.25 3923.36 3096.87 9352.42 7662.58 5817.9 3928.01 5349.83 4977.56 
1888.59 4064.06 9928.89 9601.86 7296.19 4506.44 9568.5 510.204 6828.53 2315.64 1258.82 6502.09 8333.83 2704.79 4738.85 
3107.78 7582.38 836.779 3069.23 5349.71 2484.1 985.663 284.946 6407.46 4082.54 9637.36 4070.03 9900.43 3565.35 9419.85 
4877.98 5453.94 3483.9 4806.85 5055.78 780.069 9313.3 4624.26 1290.27 6141.81 6939.91 2549.1 2643.88 5273.72 5253.88 
7382.73 8381.5 2836.24 8219.51 1450.7 8185.96 703.594 2436.37 8470.9 7111.06 6518.9 8108.25 1181.06 6419.32 1673.59 
600.901 1297.28 7127.53 4084.8 6104.14 2183.3 4864.87 5417.42 6807.56 6155.14 1559.21 3747.45 8704.24 4203.09 9021.17 
3958.1 1585.8 7402.65 6794.35 9805.31 8853.35 4980.29 508.888 1289.7 3451.17 7619.94 7808.6 1559.41 8801.01 4227.91 
3232.99 9401.91 5525.19 360.504 3486.69 1629.31 2543.8 8351.56 7046.73 9351.36 4506.68 8605.94 3098.79 3210.9 2809.01 
2119.94 7169 4394.81 9522.59 3963.33 4200.11 8375.92 8943.62 4709 9665.62 2394.78 2328.92 7474.2 3954.18 1129.91 
1702.09 7187.18 531.803 7227.28 7547.68 4018.49 8856.6 91.4632 2370.03 5903.31 9442.82 6876.71 4509.24 2541.6 87.5937 
7318.25 4661.54 7256.6 1713.05 4184.11 1219.91 5913.16 2560.01 163.515 622.135 2225.61 2558.29 2951.06 9699.82 6512.48 
4080.97 1401.89 3699.64 4612.77 8629.17 1247.3 8631.27 7485.75 1338.76 1001.28 3389.05 781.569 7877.99 7898.28 3323.17 
7965.59 5216.52 7984.71 5222.17 6929.56 2168.8 6442.08 2842.7 4728.82 6605.59 3464.84 6954.43 9163.88 6415.89 6654.23 
5676.34 496.846 8056.12 9375.98 5109.62 6685.28 623.264 3740.87 4171.02 1962.03 4742.15 7560.06 2743.6 2620.13 5458.33 
6066.76 585.695 674.827 4051.46 5807.86 7604.39 6220.26 2249.92 447.072 949.06 8855.51 3911.91 7903.49 8019.38 327.783 
4557.7 3695.71 824.629 2613.81 3071.67 5934.25 9299.09 3694.94 9675.12 3470.09 5656.97 4417.25 1030.13 8400.56 7037.38 
6488.46 4467.31 7623.07 7163.29 8518.77 3430.92 4767.66 4739.01 5680.84 5214.73 5688.07 4536.34 9126.64 3591.54 2555.7 
9454.42 8149.25 6251.41 279.033 763.036 9323.09 6213.28 62.1061 3018.01 5888.38 3532.19 8674.98 305.62 4562.32 7075.52 
7343 1050.77 1542.82 4966.06 8214.06 61.5691 8396.97 2981.7 4800.58 4077.8 8196.43 488.632 8614.13 7323.05 4080.18 
1169.82 6777.45 2229.4 7421.23 7056.49 2992.44 6744.31 3269.75 3054.55 9762.32 9158.14 6586.74 8437.28 9463.76 1149.05 
5512.79 6806.74 2199.81 7055.6 1772.78 413.853 7117.17 169.733 3395.55 1917.74 4247.53 1591.96 2406.37 2861.64 8915.01 
6486.54 4031.46 5692.45 8715.95 1452.68 2748.92 1708.37 8196.98 6018.68 4762.92 7959.28 5176.8 1349.64 6396.54 4640.54 
2498.68 1909.31 1447.26 4698.5 8964.92 3220.04 5112.35 6082.07 3389.77 8507.9 7999.81 7637.3 99.8463 406.16 498.928 
9014.86 6892.7 4530.39 4707.3 5608.63 5983.07 7456.22 7317 4180.04 3474.88 2079.9 2139.3 8651.68 3429.54 8535.85 
3292.2 5928.22 445.142 4739.47 626.699 9410.06 7959.51 5739.05 5492.11 1349.26 4246.93 3491.91 8986.56 4346.78 3898.07 
9485.49 3361.62 790.753 4015.86 8068.92 6399.39 9998.93 5525.12 3716.37 4178.95 9000 5796.27 6318.25 7651.67 9225.81 
4854.08 943.854 5154.01 5299.23 5683.32 5780.71 4709.27 3642.81 1519.74 201.366 4992.07 5766.67 3693.27 3978.61 113.43 
7591.34 3464.09 3475.05 8382.09 7479.95 1543.95 4781.46 7478.86 7069.07 8497.83 1657.8 6069.06 4294.09 7976.06 3720.71 
3519.88 2830.12 4664.56 8673.89 8129.35 347.862 4454.59 2838.6 3990.67 5974.33 3039.97 8982.74 1740.99 6733.24 2961.33 
1854.42 4324.56 6425.42 5329.47 2706.64 3905.35 6873.42 7488.1 1384.2 3942.47 5985.92 3042 11.5104 279.986 1018.04 
3732.22 3799.87 3848.16 8396.78 2473.74 1977.49 8744.64 6928.33 4816.09 2735.29 2902.65 7856.06 1718.01 4643.63 4589.28 
4679.35 6498.05 8913.84 1104.75 1827.5 1620.46 5010.1 8700.92 9108.56 6394.3 2643.37 5094.46 9436.3 2654.88 5374.45 
454.32 6387.1 9174.31 4302.48 4783.86 1648.04 6279.97 3528.48 8576.37 1096.04 6263.77 1479.01 8952.1 7981.79 6122.64 
3541.36 2661.12 2620.67 2455.19 3765.87 4448.17 4075.65 8775.97 3149.07 3184.19 5170.25 5792.45 8278.65 4606.53 8447.33 
3653.08 5060.85 4834.41 2827.38 9363.33 9618.27 4475.42 5643.29 3146.73 3051.78 6739.33 9410.5 4530.78 5691.41 7392.27 
653.405 9232.78 53.3734 3274.08 1687.94 3819.24 7722.25 5763.59 2595.19 871.311 8947.78 7765.44 6663.76 7226.42 2371.96 
5111.07 879.487 7432.81 9945.48 3706.87 6796.13 9563.73 8182.29 2439.4 2710.44 1234.05 9178.73 2120.93 5764.83 4870.13 
9513.21 6418.23 4102.88 9566.58 9692.31 5790.83 3385.8 7414.55 1554.4 5980.99 8285.86 502.17 3746.41 4949.6 7728.59 
6118.37 60.6513 8608.08 3551.16 6.11261 2314.93 347.272 9569.84 497.197 2786.67 2280.27 1731.24 1965.38 4401.2 7496.07 
6835.51 3914.39 3914.29 938.373 3480.96 3606.58 6729.2 6866.76 1021.11 8283.6 2847.73 9306.97 8785.77 6594.15 4256.56 
6514.35 2712.5 4317.21 5122.41 6263.66 4323.32 7437.34 6610.93 3893.15 7934.53 9397.6 6173.42 9665.78 1362.97 574.6 
7161.83 8198.47 4488.99 1076.1 9136.84 7969.95 4682.68 5866.03 4836.69 5703.8 4149.61 7684.42 5010.75 2935.37 4278.55 
9267.31 9449.72 6991.05 3584.5 4572.11 3254.69 7907.82 2009.43 9865.62 1800.95 9943.97 9263.21 7974.36 9609.73 626.157 
8548.96 6771.54 8824.63 3037.94 7847.64 7961.45 1007.87 2530.31 3827.47 5844.56 8234.1 7977.08 3528.96 3244.84 912.433 
7807.51 2512.13 362.136 4798.54 6096.63 4934.25 8053.23 4004.44 6943.68 7918.83 5805.38 6887.63 7182.03 3779.73 6497.34 
7808.18 2328.68 3268.86 6632.79 5366.62 1116.48 4594.23 6374.48 3646.79 8421.7 2219.02 1880.87 6398.76 5747.98 5125.71 
7311.19 3555.47 7637.85 7673.33 8354.01 3734.46 2607.56 6407.22 7738.9 9551.24 4326.04 3544.27 6438.85 1508.05 7324 
2936.18 9316.23 9652.68 6205.03 5949.01 5019.27 7321.52 543.224 1393.74 968.287 8964.92 3612.76 2849.16 5363.67 9360.75 
7974.88 2674.84 2916.2 5612.71 348.156 1270.19 9347.17 2955.72 7677.41 7086.06 2506.94 2003.43 630.306 8945.8 3511.48 
7954.31 1881.95 2827.69 7606.96 8086.99 8776.7 2626.22 5408.49 9319.92 4019.96 6376.78 8284.83 7632.72 9225.94 3648.48 
6993.45 7200.8 6323.32 9909.65 2813.49 6671.48 1179.83 2160.64 9627.19 8857.24 9246.7 2134.12 860.658 9877 1079.9 
4372.14 7831.29 2961.85 7199.83 5438.24 1048.82 5976.51 8064.46 6457.31 5296.42 2084.4 2834.07 3581.23 9717.13 2059.99 
7229.71 6710.56 9260.79 3553.01 6620.2 2074.26 224.466 7800.03 4234.91 9851.66 6657.25 3481.59 1985.76 7517.91 3358.58 
3065.66 1890.03 1189.85 6027.51 9089.86 6628.09 7076.33 5066.35 4692.53 3533.63 362.752 6776.94 6367.7 3943.98 6494.05 
8427.69 1173.67 3204.59 7688.46 4726.68 9824.79 9762.72 4951.14 7624.8 3997.61 4802.78 4282.03 7479.2 6788.54 1799.92 
837.758 9854.2 3689.95 2027.61 5881.69 2779.79 8655.7 2958 7846.14 3348.22 6491.63 8208.9 125.141 2859.31 2152.86 
6619.19 1286.98 3326.53 9823.78 8975.44 8053.21 9648.56 8738.15 3004.33 7273.34 2735.74 7807.11 1555.35 214.926 4595.64 
3355.28 1052.68 4449.82 7045.23 3080.29 331.493 9825.03 1735.98 3289.5 7671.15 5084.2 9781.12 5880.03 5209.34 2640.42 
8032.89 1828.51 3927.4 1359.4 1652.28 2902.82 9412.61 1300.81 1640.95 2416.92 8574.15 4376.7 224.019 129.49 4591.62 
4819.66 3484.77 5644.31 9269.48 529.986 8724.6 9600.97 354.994 460.562 2890.45 8026.15 5544.76 2671.56 3906.16 754.082 
5311.97 1939.04 2582.59 9239.37 3298.44 4234.87 2142.18 2711.03 5535.68 3783.13 5127.95 4109.82 8159.83 5351.97 4239.31 
2751.43 171.615 7724.08 8395.74 9441.09 8254.06 7120.33 9042.05 8609.06 7580.89 1932.48 6635.19 3125.63 4604.04 541.332 
3879.71 9916.02 2480.37 6462.3 9155.37 5778.81 697.155 1297.53 8489.84 6232.84 5080.66 3617.78 342.635 3240.47 8969.75 
4581.94 5991.9 9141.37 2306 4387.63 8582.45 560.045 1507.93 7624.48 9169.1 9088.82 9556.96 5804.27 2214.44 4160.99 
6345.6 6094.15 4076.99 8825.97 2556.43 3232.34 4604.76 3253.59 4529.87 3094.59 9486.43 9610.53 6712.37 9829.06 2850.98 
5682.1 4410.98 8842.88 4823.45 6716.99 3230.49 3405.88 7277.03 4738.42 1030.35 6446.11 3827.23 587.296 2250.37 6041.67 
4748.29 8595.97 2135.8 8825.28 7421.92 4692.23 2057.6 2026.66 7945.82 6587.47 5121.25 7432.23 6197.99 1833.6 7261.27 
9048.97 7515.71 1672.24 7891.83 2339.14 8389.22 1122.3 5745.03 5666.24 5860.73 6775.38 2112.33 9687.96 7362.67 4362.7 
5729.61 2110.94 2958.65 7865.4 936.202 380.55 2557.62 2993.81 2407.21 503.419 9581.28 7528.47 7935.65 5779.25 9362.07 
5196.9 4828.2 6877.76 6869.14 2720.01 9216.9 5258.35 3842.31 4961.92 924.57 9703.04 1737.28 3036.9 9390.98 9099.95 
7399.6 5120.57 1210.87 358.231 2985.96 2147.08 738.78 5543.57 5140.88 3145.99 6046.99 4722.14 674.445 3982.62 501.376 
36.4984 9179.52 5329.57 6914.26 6048.65 8049.58 6131.15 1306.98 1891.88 1093.04 2231.55 1594.91 2830.32 5268.45 985.873 
1930.25 2668.04 6106.44 3141.13 3026.27 9092.4 5288.2 3765.05 4635.96 429.068 6911.04 682.932 5151.21 7585.49 4665.55 
5652.59 7621.99 3845.06 982.146 4536.23 9893.71 9031.73 667.356 1200.67 923.595 1760.4 3432.22 2518.5 4590.72 8700.68 
3504.37 6520.98 1368.7 9610.82 9662.1 4394.96 8703.21 4950.29 8160.01 3339.15 5379.36 5071.04 4022.08 530.553 2656.51 
8687.63 6183.14 278.478 2532.68 7165.29 4814.71 2426.37 6197 5482.06 3627.04 7120.6 7242.46 7059.27 9639.1 1833.17 
5759.93 3143.46 8354.14 7128.62 2754.26 8016.23 1523.57 1457.45 2966.5 9683.58 4796.59 8345.86 4754.61 8818.67 8876.41 
7411.11 7506.29 5059.53 7689.59 38.9442 2224.81 2504.28 2465.31 8421.81 7986.34 6092.36 5542.39 5228.79 3151.61 5181.47 
7061.96 8911.53 8324.92 5416.08 6040.14 1079.16 3432.29 7563.71 2536.61 6398.79 7247.28 7333.2 4744.63 2001.87 6151.85 
3621.02 9412.98 3658.12 8680.56 7102.56 3697.06 905.347 9606.84 6162.38 9327.15 7593.17 2254.72 4869.52 2821.94 5406.32 
50.9727 9883.89 4317.84 8375.89 5299.96 357.96 9455.06 8732.25 7921.67 1991.65 5131.02 5168.94 9324.85 9875.66 7170.8 
5476.68 3496.66 6583.77 9134.81 2177.2 3686.31 2831.85 3082.55 3293.13 8994.23 2409.69 886.281 1248.93 7279.21 3708.22 
6655.25 7330.18 3592.1 973.072 5706.06 8892.05 1331.03 5161.1 7624.29 9252.71 7152.75 2755.3 4421.62 6477.58 2630.94 
1592.41 1954.25 6127.6 8176.18 1089.04 8304.8 1862.47 3920.89 1387.34 5155.6 2915.1 3797.02 6041.88 4164.03 1076.22 
9750.1 819.269 8406.4 3342.18 1792.34 4112.44 2234.22 3123.37 9273.55 9858.5 2376.06 6426.28 2613.78 6797.68 2903.85 
5244.72 8390.09 4858.1 1372.3 6566.25 5947.13 9677.1 8428.72 9868.03 1064.42 3584.31 2783.11 4861.44 9626.19 6947.15 
5937.66 9376.28 7766.42 4344.04 2718.44 9558.76 8456.49 4952.66 2682.11 7730.02 4811.15 5058.17 4156.28 7424.93 1855.84 
7060.13 2669.63 245.918 1918.21 4041.93 6812.17 7865.34 3719.02 5240.88 7733.35 4783.44 8825.19 516.444 9644.88 8451.37 
7463.59 5582.53 7827.63 5229.99 9926.57 546.056 4788.73 8383.04 5498.72 7470.85 6113.04 309.852 2529 269.309 7734.79 
4384.85 7329.44 404.402 4630.76 9247.64 4446.34 1442.92 7112.96 8165.35 6683.79 4846.29 2948.77 5508.97 5362.74 2593.64 
3960.31 2826.31 8176.16 1787.93 8056.3 8102.72 2333.98 2845.02 6485.74 7832.7 315.847 2598.77 8142.55 2844.85 2868.08 
5877.32 7229.7 197.497 6281.72 1860.44 9445.14 728.041 3303.36 6558.08 8893.39 9987.16 1404.36 1842.15 5496.1 6767.1 
4435.79 9456.42 9593.41 2611.93 1244.33 7649.7 714.632 3578.31 494.703 7200.38 1410.99 810.55 9799.14 9553.54 3655.4 
2667.21 5430.85 885.079 2864.7 1712.55 2745.52 2309.83 2440.59 6048.88 8867.91 1333.97 6036.02 272.257 3176.12 1532.11 
7039.36 7611.9 988.506 6632.76 223.818 2232.83 4282.44 938.45 5811.14 4777.14 8138.82 7222.13 5587.69 7937.95 6775.66 
9243.09 605.143 2206.49 128.156 3469.85 3919.04 2873.68 5779.67 6359.63 8922.56 4647.57 7693.6 4958.56 4919.82 869.701 
6490.67 1959.17 8481.6 7479.17 8591.92 8705.42 9712 2874.34 9643.87 5523.13 7651.49 7782.68 2745.24 3239.16 5720.62 
9520.9 2482.24 6325.76 1727.37 2610.4 9795.61 5646.4 5484.07 5575.26 2006.02 4406.62 222.814 9699.62 9365.18 5142.64 
569.302 5855.83 7101.8 9050.91 3334.98 5693.71 7756.31 3046.97 8568.05 7400.17 8570.1 6219.52 5182.83 1315.32 9458.68 
903.43 836.201 1940.91 7229.19 2563.57 4551.31 7024.78 8209.97 35.3629 2600.03 215.973 4441.98 2822.84 9915.59 3807.14 
7965.48 484.877 9662.97 5067.26 9535.78 2997.94 760.953 7292.08 6044.91 9329 4692.23 4614.99 5548.51 9875.06 5930.31 
5007.18 778.472 6766.51 6948.08 8007.66 9330.08 1499.37 5032.42 7540.04 1534.74 7632.45 7756.01 5976.72 455.271 7671.58 
9783.86 8420.75 8156.46 9446.81 3487.99 7692.23 2444.73 4248.95 4984.29 8489.64 3577.93 9676.52 3104.61 9126.44 9551.56 
9034.93 4133.6 330.013 5801.42 1081.67 8337.67 5131.49 2581.04 3370.08 2671.51 4115.77 1002.51 427.5 92.473 1457.78 
8099.08 9876.33 9878.53 6255.53 9323.12 3366.51 3947.74 1767.84 7615.45 8932.03 257.46 1193.37 8608.53 3362.07 319.792 
8160.07 2396.98 4453.39 8490.08 8198.41 5535.06 6827.74 3329.88 8116.1 197.801 6001.39 2231.86 1200.31 6428.89 2324.33 
2658.1 4527.95 2200.64 2536.61 783.463 1523.75 5903.12 4731.2 3291.58 3518.55 3663.21 3549.04 4711.92 2271.72 6911.12 
5031.71 431.769 9308.1 9485.1 8921.85 7506.49 5020.15 5749.57 836.355 3136.23 5947.37 6837.74 5368.08 7147.69 3266.61 
7692.41 9805.78 7794.56 9893.05 2342.38 8578.03 1416.78 8245.49 3309.21 4708.37 1764.03 6972.42 8257.41 6475.95 9244.14 
5168.51 1507.64 9675.91 4476.6 992.73 8597.74 1983.07 6012.88 4347.29 2819.43 9149.1 294.648 9657.17 4517.17 7442.33 
2923.76 2209.56 7248.1 718.31 2102.59 9590.47 9296.34 3519.37 7835.95 2605.53 8227.74 9599.98 9577.95 6485.13 6075.91 
8822.08 1653.63 7583.55 8497.97 6130.22 8576.28 7095.69 8113.3 4589.14 1442.97 932.707 3738.22 1737.62 589.859 8255.39 
9179.95 3513.62 464.928 6428.04 4231.93 2567.52 6018.49 3528.25 6086.89 3854.42 6133.78 4314.62 3454.38 5711.72 799.734 
9530.29 4533.78 2453.36 7113.82 3031.74 8583.59 5690.09 127.413 6696.87 279.207 1570.39 7629.57 4017.43 3308.01 8219.43 
2272.8 2487.94 1733.04 2737.73 8915.98 5964.97 5305.25 4934.45 9493.22 1392.12 8788.88 5626.99 5706.74 2243.24 1338.69 
6506.47 1773.51 5872.47 8959.84 8887.34 8904.21 7543.41 4577.4 9031.62 4240.26 4856.61 601.992 1869.82 8874.04 3910 
89.232 1146.82 6397.94 1822.27 3884.55 5313.9 7787.24 9189.79 248.338 7280.44 581.898 9037.21 2907.41 6288.64 1280.44 
4246.11 2795.09 3053.95 118.566 1754.91 1941.27 9022.78 9298.32 6518.68 8054.38 3538.56 1375.27 8656.37 5408.38 249.294 
2566.35 5497.61 1396.12 8964.3 7319.88 5280.66 4278.18 5107.1 4470.44 4526.52 2387.53 5052.34 3563.72 5294.94 1340.96 
4844.16 9541.05 4136.05 7898.11 9659.62 5890.97 9839.38 8682.38 5189.27 6358.04 6736.74 8727.83 7733.31 5393.1 4136.19 
7982.6 7959.45 9633.8 9378.72 6923.73 6953.67 4659.36 1201.9 2060.75 9129.8 5728.41 4448.28 4182.12 9292.13 9743.22 
5523.08 4136.27 9284.25 9659.13 2034.36 8943.85 5550.08 1873.72 7626.21 739.33 8231.76 4362.94 9467.16 5965.05 9756.04 
3603.34 3947.63 7715.47 3237.12 3326.33 4639.19 190.772 7985.7 5841.08 2251.52 7115.48 1569.48 6699.8 1297.58 861.591 
6443 6820.66 4997.86 5727.24 6479.77 7032.22 4671.08 2029.83 8905.94 2297.28 2769.16 7137.68 6660.21 2236.31 3102.71 
6416.23 5839.65 7050.35 4131.69 9076.77 376.663 8770.87 9267.54 8362.36 4611.94 1519.04 5477.82 6181.41 8218.84 6775.4 
7043 4661.83 3596.05 2040.85 389.056 75.8009 9073.07 5060.14 2105.63 7978.99 7357.41 4874.8 5116.65 4017.61 7111.1 
8219.37 433.826 2950.73 5269.69 4565.51 2027.48 5646.36 3336.37 1295.01 4008.7 7948.3 2814.05 9486.52 4129.7 1032.88 
6261.91 1172.69 5694.71 9857.95 3213.53 6083.76 9933.75 2286.58 1143.88 2039.37 265.554 8501.3 6914.17 5382.21 2518.89 
4025.25 3601.55 2952.71 6975.98 8871.25 7518.23 9003.47 4517.59 854.58 298.455 8526.29 8802.88 3112.51 8012.79 2932.57 
4145.38 4274.68 4105.25 9840.09 4132.62 7318.78 5923.84 4066.36 9605.37 7067.72 6105.73 9870.92 5569 3019.88 5253.11 
8087.89 7045.13 8854.67 1040.59 4021.1 7725.9 8558.82 3024.54 2243.47 9413.4 3323 769.743 8216.26 6435.5 8782.54 
1148.81 580.871 3057.2 5254.06 420.946 7189.82 2572.83 6344.79 1256.16 2178.18 3412.49 7361.89 2049.09 8981.49 381.748 
7302.2 7069.37 7426.88 6156.84 8109.96 1447.96 3882.72 6668.76 4472.5 6126.2 6082.14 7795.5 6895.94 4298.38 4230.99 
5678.46 5447.2 4811.86 8735.66 701.243 5232.8 5925.46 3274.08 1577.57 7181.62 5452.26 4990.07 4543.5 7501.34 3971.54 
4925.24 4803.52 1040.89 2352.1 960.349 9150.85 3800.06 4843.07 5819.59 8272.56 969.252 1901.71 6068.04 7865.19 6200.09 
299.014 3543.63 1647.27 5110.87 2279.27 2348.52 343.659 8204.73 5622.59 1921.23 5386.34 1074.83 6911.3 9929.84 8576.17 
882.824 4855.06 3379.68 1923.72 7207.17 4340.03 1074.55 1007.21 9183.1 6894.14 9279.77 152.335 8795.85 5347.8 8017.52 
4995.93 5646.81 1561.14 6643.2 757.666 3840.41 8991.71 1101.33 2045.13 4614.29 3022.56 7431.47 5689.12 9933.86 7361.29 
4265.28 816.662 2216.33 7644.96 2740.38 9423.5 1984.97 3814.93 430.696 1168.05 709.055 9710.47 1320.38 9504.91 5058.25 
9337.91 4500.81 705.043 899.03 1144 1462.71 4739.44 135.695 2564.03 6784.56 4749.98 5586.59 4216.02 439.087 5520.43 
1577.29 4704.36 6337.09 3793.62 2349.3 9077.47 3217.1 4334.27 2892.39 3647.8 5502.32 3601.44 3358.25 6822.7 3106.33 
8416.5 6160.59 7607.15 9121.54 7059.62 8751.14 584.234 1799.05 8886.84 3148.27 8583.61 3636.8 8734.86 2799.61 4075.89 
4255.28 4376.9 8780.25 592.352 8170.51 1129.54 9669.83 1387.6 5463.81 2562.2 5035.4 966.108 6163.64 8393.65 7788.81 
9269.97 6810.13 3949.39 6877.1 5931.66 1008.99 5628.22 6515.89 2808.04 4515.04 9664.16 1391.64 8151.85 8399 4191.25 
2227.72 2654.26 8568.14 1007.96 3246.61 6738.64 2137.5 2916.42 8126.24 7601.31 5478.62 3161.63 8567.42 1642.24 1555.26 
6356.21 912.191 8365.39 305.579 7789.29 4297.03 1314.57 3417.49 812.907 4122.61 7932.53 477.05 5514.25 6084.36 8876.05 
9705.5 8312.08 1530.3 8273.62 9320.04 4776.91 5012.25 1457.53 7693.34 3138.47 9058.83 3171.94 6300.1 7626.23 4814.18 
7855.36 3982.42 5726.37 6220.74 4288 3515.64 517.753 5602.58 6933.13 1330.66 9725.19 4865.65 1807.71 5239.43 949.995 
683.747 4944.91 9262.08 2214.05 3218.52 8582.11 6990.96 8230.77 39.6167 4684.28 1369.22 9098.45 7856.22 7669.32 6724.67 
2670.38 5524.67 707.074 8396.75 1745.39 4995.08 1912.37 2263.14 597.635 8845.5 3593.8 322.809 3711.14 5401.51 5562.23 
4661.13 6085.26 507.125 3923.19 8299.3 3725.64 2505.28 5290.24 1956.39 2544.9 9974.52 3325.61 1643.33 7830.73 994.918 
8368 501.088 6519.59 9075.08 8897.84 8264.97 4070.13 810.194 528.097 4667.77 9655.7 4121.9 4990.58 3366.82 9523.41 
552.796 8027.95 5608.65 1059.92 1951.13 3907.93 4785.56 4456.41 9198.18 6741.95 7001.31 9172.68 67.5448 8644.64 7003.39 
1062.46 7012.63 7504.48 7582.05 6087.69 6402.3 5847.01 157.803 7212.5 6375.1 4825.57 6868.18 496.983 9816.15 234.977 
20.3725 368.93 8262.93 5629.02 1428.85 214.034 9536.95 6214.41 4670.44 8735.11 2956.35 1671.74 7907.78 3023.89 316.365 
4911.15 4086.35 7328.99 2415.61 1668.39 3416.66 8817.91 7515.39 3574.47 6030.39 3890.48 8400.04 2898.55 4387.46 8216.17 
3133.53 4407.83 8585.1 1396.44 36.8347 13.938 1610.47 9573.79 6228.35 6280.91 8308.88 9184.7 7952.65 6216.64 2208.57 
8269.02 1127.77 6294.92 5597.99 3543.38 7963.31 9014.66 2361.28 5478.68 2589.11 8391.67 9369.16 989.132 1290.21 3756.6 
9205.31 4423.74 8164.44 7790.39 5820.17 8201.27 7804.33 7430.65 7775.04 4032.66 3711.54 6083.9 3217.34 1664.18 2300.52 
5425.91 9933.19 3428.29 1720.82 5531.17 6971.68 9684.13 4545.81 9332.96 5162.79 7134.92 7724.61 4531.94 8124.05 9014.82 
8288.54 7329.34 3438.54 6452.96 5119.72 9258.71 4654.22 2924.03 6689.34 2429.24 6956.7 400.867 8513.14 174.023 2065.04 
813.644 5599.94 1998.22 4241.94 7320.75 7529.39 1213.59 7004.86 2075.19 546.532 2167.64 9210.11 8271.14 6699.58 7334.15 
7285.94 4988.1 4663.47 724.466 1441.04 9783.19 9983.18 6095.26 2707.21 6672.5 8524.5 9663.9 7073.37 7037.62 9837.93 
9138.41 7851.26 5437.84 1136.62 2093.18 2758.58 8666.01 3306.78 9763.45 741.183 3853.31 1931.07 9951.29 2124.44 8630.64 
7285.42 9410.38 3618.73 1948.88 134.829 5059.77 1732.05 117.99 1155.01 4439.26 6790.49 9679.51 4103.14 3863.84 6717.11 
3941.05 3002.24 4568.36 9378.89 4138.86 6661.54 2137.46 2804.85 9968.32 1900.89 3546.03 3821.61 3831.96 3497.31 5946.05 
2462.58 782.716 5356.41 6081.31 2731.59 5491.24 1141.07 4463.65 5609.23 2296.08 8902.9 2399.7 1975.57 3006.03 6263.55 
8692.69 6947.08 9265.79 3261.03 6325.96 3404.62 9922.58 8463.42 6209.47 9890.88 364.285 9755.51 3712.48 4196.24 3252.8 
9658.52 6658.82 4035.52 5014.92 2740.12 6767.11 506.141 3881.18 1230.74 6115.37 6177.26 133.626 8515.07 8152.84 3139.65 
4778.6 6845.51 86.7153 4044.37 106.527 6412.67 7449 29.0875 4876.07 3658.45 9919.97 5240.35 3413.94 3632.43 9436.6 
6666.74 3290.93 6095.4 702.239 8305.85 8835.52 7469.35 8811.99 2716.69 8700.09 4927.35 8893.95 8833.71 3442.4 7046.77 
1973.35 8221.01 3892.27 2060.07 2265.36 3998.8 8472.74 9714.36 4027.88 3348.79 3372.8 3947.83 8589.15 6786.74 7580.26 
8025.72 3453.46 871.179 4121.11 4155.7 9177.03 2956.61 1625.03 7989.01 5673.3 325.106 2916.34 4567.24 9158.82 6358.74 
1614 1132.16 4579.73 5506.26 3192.22 6845.1 9505.06 1664.94 6559.44 3532.92 5013.74 9932.24 7480.76 3602.86 6718.96 
5061 1628.57 172.402 5932.18 5749.68 4328.1 5109.2 8706.3 5953.14 3098.19 4379.58 6278.24 6014.52 8946.82 5437.05 
2373.25 560.8 6569.2 6952.98 6067.06 9761.42 3798.06 5572.1 1426.35 357.482 9105.03 6440.09 289.701 6585.77 42.9338 
7008.66 1646.76 1671.51 7181.06 7578.94 7421.19 1509.15 2688.12 6127.46 7462.28 5786.3 507.03 3740.51 1800.81 9453.85 
9177.55 4174.05 14.6336 5746.74 1127.01 6081.7 5508.14 4925.07 1653.78 6934.49 5282.55 758.797 3374.56 5572.26 7344.57 
3417.5 2580.9 8991.32 5089 9761.96 6570.24 2510.17 1271.09 9258.36 8637.64 8733.37 5044.64 9144.67 2473.86 6845.45 
8598.5 1651.39 1019.48 8613.14 7398.13 2146.5 4694.82 2906.26 7071.57 6348.6 9840.75 2354.11 7107.4 3215.3 7926.36 
4451.95 6632.79 507.243 3443.25 1721.78 269.183 13.4809 4231.95 1540.27 9271.84 2869.57 273.621 4316.47 2014.22 2747.48 
1161.9 612.71 4398.87 2181.38 9225.84 1796.98 4327.88 3920.64 4703.24 1399.43 269.227 4543.97 3753.54 7376.62 7759.27 
1679.89 1828.56 4392.05 2187.13 5271.81 6113.83 2456.31 5285.29 345.764 3996.58 4557.11 3215.34 4270.2 8873.58 5229.56 
7017.68 35.461 5842.27 1416.54 2216.84 5068.1 3213.52 6544.72 8988.74 7916.76 7944.16 9257.97 2460.72 1697.68 6634.58 
219.97 3377.57 8463.14 4612.02 5564.7 3734.93 725.829 8021.02 9020.22 1071.59 2017.58 3577.32 4286.93 6287.78 2450.88 
9516.49 3305.45 2486.34 5358.75 4721.99 4703.19 426.832 7935.51 1247.89 9415.58 5852.25 9192.05 8673.53 8312.97 889.717 
5308.09 8532.94 4267.29 3771.21 3144.94 9831.99 7506.14 3870.77 7852.99 6526.34 4942.36 9870.57 103.646 9229.29 6158.34 
2554.53 8745.77 9463.79 5040.87 4104.5 4185.76 9744.06 4531.33 2121.25 991.934 3946.89 7973.5 183.968 2620.4 6286.46 
1073.69 7928.5 4819.38 5340.97 1699.69 7964.32 5172.95 9205.83 1835.07 3025.92 5732.16 6777.44 2896.47 5835.8 6006.71 
9054.81 8390.33 4752.46 8518.58 3431.18 8856.97 2704.32 3175.22 3388.28 4825.56 4167.16 7335.17 2799.05 4351.13 9955.58 
9085.5 5424.81 7884.06 3904.87 765.769 9583.75 1869.17 5938.72 8789.56 3704.24 8964.63 4521.7 481.66 1861.09 357.484 
6488.37 915.879 8747.81 1240.82 9434.46 2178.98 97.7671 2138.76 5354.21 3486.05 6964.32 9521.36 821.205 9763.37 3872.47 
776.765 8848.86 9297.29 8660.82 2753.71 63.0375 8244.55 4622.88 6001.75 7034.09 8327.12 4966.37 1555.77 8808.78 6827.46 
1913.26 5297.13 7743.34 661.056 6537.95 7177.78 2840.04 6635.72 9316.53 8194.24 121.749 6280.84 7715.59 942.954 6044.19 
1588.05 1719.72 4893.03 885.317 380.523 7646.74 948.355 8625.07 2269.59 6950.11 5659.15 596.695 1916.46 7214.92 9405.47 
8743.92 9128.18 4702.59 6487.24 9789.24 1240.52 3665 2629.26 7876.24 2981.52 823.486 7997.99 9262.35 8539.08 8940.94 
5306.52 127.109 660.644 199.537 1012.43 1041.17 7846.27 1960.78 9666.24 115.85 8910.89 5325.38 712.545 827.333 2540.28 
118 9571.25 1668.45 4820.59 6058.48 1457.67 6061.11 9723.47 4086.93 3937.33 2704.97 4910.42 1935.3 1967.31 3449.48 
876.228 7273.83 3576.59 1536.87 7473.37 4589.01 2578.04 5319.62 6549.79 2244.26 5435.47 5460.67 7569.64 6148.02 6288 
109.906 6266.02 5859.23 1778.36 1086.59 1917.69 3236.03 7147.7 1641.15 7322.96 1085.01 4346.12 2233.36 3020.31 6313.43 
5682.84 3896.54 3587.25 9259.42 5433.41 1060.6 3848.42 8011.45 6380.22 398.198 255.701 1815.68 5858.86 7825.34 7963.7 
2146.85 7935.25 4229.7 8006.08 9713.6 5316.29 9923.77 2949.61 2463.97 1564.91 272.555 3548.98 5911.03 2505.91 6569.3 
2224.44 8188.75 465.821 5811.69 7448.16 5899.23 6872.28 1296.56 3910.67 3252.49 1694.76 4166.37 5068.17 7553.63 1991.7 
3031.85 9700.47 9926.94 7261.54 7706.54 9640.53 2577.82 7630.29 2590.12 5041.79 9195.2 2862.68 8590.77 5106.21 5368.59 
5160.04 7330.65 3557.33 5625.87 3142.32 1005.47 1525.08 14.5898 2302.03 5435.75 3267.08 3996.8 9602.13 8335.24 1550.41 
1593.8 1367.07 1250.86 1520.73 8628.62 8957.4 1161.24 1206.42 6587.68 3751.36 6248.2 5782.86 6614.04 4838.95 889.053 
1982.62 9999 8219.71 5539.95 5624.85 1362.01 6545.42 7149.93 1376.6 8847.46 2585.67 4643.68 2844.23 2187.77 2978.91 
4394.64 3781.58 4345.98 5645.5 5302.31 2974.58 4602.89 6463.55 4181 1190.55 214.896 429.182 6973.4 6828.94 5268.13 
7862.46 8811.56 5267.11 6082.15 4351.49 891.942 7444.16 896.894 8041.87 8820.76 9744.35 627.519 3464.42 2588.57 2815.29 
6443.33 6983.21 6596.87 789.29 2628.69 1899.17 3763.87 7231.58 8362.71 7944.87 8422.13 8577.61 8374.05 5395.51 5406.53 
3642.17 3257.95 4218.08 8909.28 9340.1 8569.57 9801.22 6784.24 9466.46 7843.08 5604.98 9210.79 8470.59 9069.4 1799.34 
1285.87 5512.71 8782.55 7882.74 6302 1411.23 9781.91 65.857 8642.81 8144.61 8010.72 7064.92 6722.2 6384.76 2460.41 
2128.72 26.9052 5718.36 6346.79 8936.18 5058.45 4916.34 8737.39 1842.67 4382.79 6580.45 7447.65 3593.56 5051.02 6517.04 
5392.9 6336.9 2029.74 4175.43 4219.62 8331.74 5586.66 4001.52 8397.6 4229.45 2146.11 6408.3 1294.35 8868.31 2793.04 
3754.76 997.008 2819.95 9473.12 7343.8 1756.12 4531.55 2260.13 493.488 6374.22 6642.92 7073.94 3821.86 236.461 2124.94 
338.88 5629.36 8461.84 2368.62 9804.8 2681.45 700.339 5391.44 6682.96 9097.94 9620.89 8829.07 5506.22 915.219 7697.36 
8299.27 4669.98 8694.37 1119.2 4143.08 6038.15 2875.31 8674.64 8298.28 3368.8 5048.85 4941.18 442.719 8870.71 5177.64 
2567.66 9209.58 806.988 1029.48 1578.18 611.768 3710.93 2278.52 6003.21 393.874 1376.44 5624.08 9222.94 6882.66 6539.3 
6920.28 5181.91 1209.26 5614.63 6301.11 5352.34 1652.77 9176.42 4026.97 9951.05 2545.2 9075.81 4892.21 2987.92 7946.5 
69.8359 5555.58 7156.07 876.824 6585.07 8734.25 1488.59 295.982 1012.76 7491.8 689.856 2389.2 3115.86 9912.8 9271.86 
9655.16 6833.06 4453.76 864.405 2447.68 754.849 6216.75 4100.45 9931.27 243.697 4051.48 2476.46 9319.51 8943.69 5464.38 
7265.99 9013.53 1019.95 4422.04 9890.35 7605.01 3156.28 1378.92 7901 4169.03 8870.72 8590.85 6558.23 1986.57 8503.63 
5830.08 1641.72 5336.68 283.822 2506.12 7784.36 1038.67 8722.87 1884.79 969.924 8966.57 5936.26 3446.38 8286.06 4879.94 
8910.76 5552.03 3893.44 9930.7 9974.07 3783.78 7535.7 3130.33 5162.7 5436.68 7299.37 4033.41 4027.52 3857.58 6019.98 
2531.13 9687.67 7661.69 7867.81 9971.49 167.797 5652.15 1010.14 8890.67 7536.94 1980.07 7857.21 3473.18 5426.45 6143.26 
8353.12 4337.19 1695.27 2246.55 4267.87 1669.32 6030.32 1803.56 4799.66 1193.01 7240.24 2099.01 5226.41 1267.74 5956.59 
1246.38 3798.87 5644.24 8908.07 1666.66 5615.71 9075.87 7318.81 6625.85 7966.52 4855.73 8605.92 5823.71 8328.91 4032.34 
1966.95 6682.02 8369.53 3662.22 8928.56 2637.39 5331.55 4958.87 4440.94 131.185 6151.88 1681.16 2230.19 1378.27 2948.9 
8186.78 2624.65 6747.77 3831 1532.7 8414.43 9446.71 608.552 5733.22 6072.54 8575.07 588.938 4678.44 4398.76 8917.85 
8710.78 6365.72 5599.85 7080.3 27.9218 4528.4 9717.68 5359.47 9487.27 4158.61 5490.65 5639.12 5839.77 7720.84 7017.4 
8788.67 5907.6 9642.05 5536.42 9738.6 1174.73 3950.83 9185.29 1783.28 9684.06 5257.81 358.335 272.977 9936.25 4757.1 
9190.83 8647.02 1122.8 4790.66 5727.29 1150.72 9319.06 5444.96 6510.19 8806.31 9603.56 2000.82 4445.41 5443.32 9721.67 
1462.79 4231.97 5629.25 1104.82 9768.39 5367.84 2279.56 3719.2 4553.12 4062.84 3403.24 9810.93 4421.18 3676.22 9747.17 
9178.28 2867.03 8394.17 301.06 7657.69 4121.44 1451.78 6976.73 9566.4 7961.97 5783.02 9169.95 9962.8 228.417 4613.25 
9684.45 1691.21 8845.22 5313.68 2796.04 8613.59 681.507 5075.59 2332.77 5234.62 9138.43 5736.02 5045.54 3559.59 9412.24 
4792.68 2737.85 2279.25 3186.83 3038.91 9936.94 7308.27 4490.69 6913.66 6874.66 2452.65 2696.66 6044.59 2415.43 2925.08 
657.821 2099.86 4616.29 9503.04 7413.54 7412.33 8116.61 8095.05 2487.9 449.363 3329.66 1626.32 6185.38 8375.19 5185.92 
5597.6 3167.86 7923.77 7876.85 6354.69 962.665 7813.77 3662.95 5453.36 4727.42 537.59 7906.01 7424.08 6582.18 321.421 
349.142 7240 2421.28 4965.43 6743.02 9834.82 2377.74 4859.61 7929.85 4865.65 5308.97 1259.49 6491.97 1494.33 9634.68 
1677.86 7091.93 2802.52 9601.63 4968.76 9157.21 564.282 2782.52 2820.15 6017.64 7509.94 3357.74 3923.64 4934 9939.92 
4245.06 5283.14 7179.9 6666.33 248.557 3922.9 6501.14 2626.3 8782.51 4430.97 7491.95 4091.47 5690.46 3983.9 5585.8 
5325.13 5661.76 2677.72 8127.65 5263.38 7646.48 7284.85 5827.66 428.986 104.973 1845.29 7938.92 3462.71 5768.92 2872.9 
3402.61 13.9597 8156.05 582.491 6680.29 8404.6 4505.39 3181.42 1030.88 3287.89 7612.39 8522.83 7379.36 3302.83 2506.71 
2965.14 8627.96 8168.47 5642.86 6755.59 3431.83 3289.33 4040.42 9259.49 3718.31 4145.39 1104.76 1657.22 7608.1 6873.68 
4530.12 1010.69 6887.64 2686.15 1593.18 3567.91 1090.74 6098.58 6749.33 2121.62 9386.47 4361.7 644.434 6765.81 7664.53 
3151.14 9730.95 6292.47 1319.59 5373.8 3048.05 4751.42 8663.12 7088.46 4010.9 2381.42 1233.83 5115.65 4038.64 8841.93 
1989.31 8568.76 9852.62 8876.95 1254.89 1445.79 2444.85 2345.63 7544.37 9194.18 4467.25 6930.82 3555.86 5111.69 3696.61 
1220.37 8262.83 3427.55 7512.85 9582.42 8801.34 560.876 4333.83 7464.45 7649.34 8344.73 9845.87 8883.17 3460.36 3884.49 
7725.09 5449.67 2453.23 7577.7 4326.6 3708.13 9023.49 6771.45 6053.76 6567.84 5965.61 520.993 3498.64 9521.47 5632.68 
7195.25 741.827 3895.49 622.778 8254.67 3477.9 9424.12 8815.55 7811.73 6888.55 6464.87 6156.44 6734.41 5348.03 9616.8 
618.88 3073.1 5066.45 3072.11 650.782 9393.06 6780.24 9674.27 6164.49 2833.98 6242.09 2130.09 3354.98 9740.73 1651.54 
8987.65 6935.96 2393.36 2883.13 7558.74 648.023 6361.02 6982.85 9463.57 4172.73 3871.38 5928.43 329.153 605.772 1276.44 
9945.95 1224.65 4349.54 5012.39 4296.77 5000.32 4405.43 1076.99 4674.57 569.9 3910.97 916.65 2699.99 7265.95 657.365 
4351.52 6253.59 7593.33 6744.89 9136.71 5152.05 7392.91 5497.72 2134.88 6856.47 9670.46 6006.26 2784.88 9999.61 6612.04 
4061.32 9945.54 7836.69 8410.86 4957.91 2133.44 3411.16 9363.34 3210.43 8085.74 9933.24 7121.4 9002.39 2633.2 4387.33 
9659.75 6984.73 640.903 7253.06 3729.6 9777.62 2405.1 1122.49 5275.32 4539.98 7978.96 4945.76 546.227 763.824 4945.35 
7158.26 4825.14 4890.88 4994.93 3235.99 9848.79 7128.37 6647.15 9212.11 338.778 4732.87 9145.33 7460.18 3735.24 1778.52 
1847.5 3394.98 8763.24 2488.4 648.023 2492.83 2266 3053.12 3615.32 7541.32 7593.1 1594.26 2487.07 8139.33 2358.09 
7432.42 5297.57 7183.23 2323.29 292.489 419.2 2172.06 7420.86 7066.35 1384.15 7759.64 1799.2 529.463 5219.8 5534.44 
2307.98 7067.29 8929.42 1071.21 9555.69 9577.44 3564.03 1821.68 2630.55 7179.35 9363 223.632 8773.62 1850.05 8362.96 
1131.69 9282.47 3660.52 8314.92 1605.74 3953.01 8734.12 3777.8 1373.85 5800.45 5161.95 9133.48 7599.65 5691.42 4353.26 
3134.08 7999.4 1420.54 2063.48 9070.6 976.217 1640.9 2634.61 2797.89 4271.45 9813.97 2160.88 4495.08 8587.56 4010.93 
2858.02 9719.25 3293.38 6518.54 8034.15 4899.13 471.532 6768.25 8676.93 1845.38 2568.69 3838.87 978.846 168.32 9530.28 
5332.11 3302.4 7529.66 6752.65 5365.88 6600.24 7728.87 7006.78 9234.86 526.746 1278.21 9048.81 2687.62 5773.29 7636.35 
6698.55 8631.31 7355.58 9991.93 5149.83 5389.72 4891.04 5621.36 2157.95 3567.95 7466.74 4726.64 7406.82 8445.59 4894.96 
6937.08 3777.68 8197.36 4466.72 530.32 3563.21 1066.95 8259.19 569.974 301.789 8785.94 1848.18 9350.59 1473.54 7621.47 
6986.93 8172.09 6252.76 4342.5 8164 1402.57 9732.21 3055.02 7023.94 1890.15 6622.97 4490.66 6616.79 4029.77 2936.24 
1511.73 966.837 6713.92 9709.09 5433.56 7244.24 3272.28 6500.51 5503.41 3842.26 6802.3 4289.33 5690.44 6152.87 5762.87 
3311.89 3139.79 3934.94 9564.64 7482.28 2098.92 967.201 7214.48 5153.95 7991.14 9104.63 1776.9 2481.79 5721.4 5806.68 
5418.02 7233.13 6773.51 2131.93 6942.2 2207.06 9376.17 214.467 8707.56 4879.57 4056.72 5509.84 9168.9 9747.16 1662.7 
4931.75 3059.03 4802.49 8866.69 2623.66 2284.75 965.596 3590.86 9499.23 6119.54 1581.98 8603.84 7896.45 4063.77 4325.23 
3703.11 9481.79 1558.34 476.604 1613.71 8500.54 2683.66 989.859 8715.01 1391.21 5869.42 2771.72 6901.05 5038.3 2518.86 
8563.75 9970.05 5577.9 3366.22 8836.73 8201.56 5650.97 9802.32 1792.4 5150.19 5921.85 3374.39 3754.01 3818.28 7438.16 
8079.24 7521.39 6919.93 9637.58 7997.99 8533.64 8138.1 681.634 9523.5 6853.1 2072.84 5392.91 9624.81 8973.89 431.193 
2143.66 7537.63 401.23 7721.55 903.837 9237.96 5923.09 6554.81 9040.26 7715.49 1704.98 4962.1 1089.86 5459 8780.38 
8528.02 3538.22 6301.75 5447.93 3175.78 4299.72 3981.55 1313.87 4981.35 3505.04 8166.96 7054.19 8897.94 7791.76 6028.07 
9329.13 9935.41 3565.68 9730.37 7656.94 4469.52 8968.31 3580.02 1024.32 8008.55 1295.49 2729.3 2970.63 2385.35 8188.29 
1750.99 913.35 1726.49 8052.74 6361.28 4902.27 2352.44 342.82 6216.14 7333.79 3847.86 4383.09 4387.97 2745.78 2174.82 
416.022 2074.9 2110.22 3981.71 1805.25 9767.16 8451.23 773.535 3347.16 9475.54 8782.09 4642.66 2204.83 1752.7 7028.01 
393.102 3503.7 7941.36 2119.6 1556.42 4302.62 7021.87 3908.86 4645.44 3237.99 1242.63 8493.3 7621.08 5630.6 1239.06 
9795.9 6046.62 3313.96 1906.11 28.3114 5119.21 1673.25 8479.54 5892.74 5020.42 7955.07 4674.81 9663.07 159.876 6427.52 
6691.06 552.977 9931.21 4632.4 2672.57 1487.61 8935.03 9694.44 5396.47 3580.45 2932.42 6639.1 2073.73 553.48 2269.68 
3312.79 349.367 8316.3 6626.76 2255.47 8344.61 1745.95 3928.72 6824.14 7638.69 8949.14 4779.19 2313.49 8612.2 4939.06 
8741.01 5303.25 5492.04 8672.21 9935.65 8164.61 159.803 8870.66 7859.04 5556.27 2451.09 791.439 2195.35 4524.82 1344.92 
4465.04 7837.62 1694.29 2781.32 4464.36 3949.76 1125.92 6210.31 7878.48 7950.06 3848.98 6827.61 2729.23 6162.47 5439.79 
7668.29 4903.46 743.02 3160.31 3575.65 678.653 1324.91 3735.46 9549.31 9183.94 9291.73 2000.39 9975.38 1487.07 6525.21 
1320.29 5952.1 4362.81 3014.57 8733.42 8827.17 6964.33 9859.34 5037.46 4842.8 7809.38 8886.44 1670.39 538.588 5048.9 
7110.18 8206.88 9952.37 7853.2 1367.17 3528 8531.85 2692.08 7263.46 8081.15 1876.01 6555.17 81.5179 1851.37 8042.23 
6606.73 3171.66 3994.32 969.525 6186.23 2727.72 9796.7 3150.55 2587.05 4834.14 7993.34 396.41 3720.57 9663.73 934.998 
8769.47 6773.89 9141.87 8721.82 4627.08 509.028 2249.8 3158.91 3201.11 9513.26 1240.05 5077.11 6068.41 1321.56 6928.48 
4110.63 7928.29 100.126 8104.95 8897.82 6286.36 832.656 8694.5 9436.9 3419.7 3528.62 7430.23 3816.11 7249.19 7093.94 
4751.11 6018.64 3867.82 3892.97 4740.44 8494.9 4402 6990.25 1653.79 7603.1 6503.49 2893.84 2680.2 2571.89 4215.4 
9608.68 6682.52 2143.68 9708.81 4787.45 1041.48 5995.15 5620.11 9735.97 5432.03 9039.81 3264.58 2862.24 2855.91 513.752 
9956.19 7607.02 6532.4 3823.99 1499.97 1272.82 2318.87 5901.97 8263.07 3972.66 3505.05 4766.55 6866.5 6185.25 7338.43 
1081.89 5793.91 4020.94 3225.57 5502.7 8808.39 4267.04 1497.84 4428.48 4003 6929.87 3468.27 7267.58 9792.11 6324.18 
7781.33 9748.28 3931.18 4313.71 3572.25 5431.15 5586.53 5891.12 1333.1 3849.59 9863.78 4838.15 8616.13 6730.27 1023.39 
5954.55 7812.16 6817.3 9975.49 1037.71 2319.99 8783.85 5304.75 3817.82 3212.31 9307.75 747.675 6680.58 6575.32 539.77 
3004.75 4356.63 288.035 6935.93 8670.35 3860.29 2367.06 4256.86 9751.41 3700.17 8106.45 9615.17 8538.32 6722.57 6345.42 
9561.71 2677.1 4157.56 6378.99 2652.57 5195.27 8698.97 1436.41 500.004 2516.78 4648.72 9807.76 3264.45 1329.29 6383.06 
3804.22 4334.04 739.678 4092.26 1269.95 9410.02 7952.55 3637.01 3666.87 7703.94 7337.18 1773.31 7319.09 5875.48 8495.88 
3664.5 5437.17 1172.96 7822.06 1816.14 3825.53 3017.31 515.096 5261.94 3517.32 3031.88 9910.66 3325.06 6296.33 1239.93 
9708.12 100.539 5573.96 447.779 4192.8 6843.91 9857.8 2145.33 480.908 3524.66 9849.26 7818.09 5297.97 7168.34 3693.55 
3793.82 832.819 9130.72 4966.78 8654.88 946.839 8792.31 1672.18 1461.94 4054.23 5189.49 4493.81 3964.87 8514.55 790.126 
5204.8 8222.65 890.665 778.746 8670.43 5083.46 7622.66 8528.22 7228.79 8103.57 2052.86 7078.04 5921.63 7350.82 4246.36 
9615.18 1144.63 5079.18 8745.88 6111.41 3734.04 9692.72 4903.71 5406.22 1154.64 8957.94 595.692 5648.45 2922.8 9110.24 
6438.58 8127.59 7332.88 7329.25 8906.34 6003.29 2412.69 6528.98 4531.49 9641.48 4632.53 6584.35 6719.5 554.148 3935.16 
965.848 169.315 5079.79 6045.03 8915.2 1191.18 9779.07 8607.91 6094.89 5185.27 9762.55 5052.82 5780.96 5410.98 7975.61 
4891.19 1849.55 6103.19 2224.05 9178.79 5009.51 8227.34 1591.47 1538.48 2758.81 1232.93 6171.01 9343.16 7952.44 6725.16 
3278.3 8918.29 6894.47 8358.08 4963.3 5809.65 9549.26 4742.35 4417.54 5644.14 9927.61 4180.07 696.94 5708.56 9591.06 
8672.55 599.725 1440.59 4775.72 2823.77 619.364 9785.24 1051.09 2210.83 1323.7 3809.9 3443.76 7494.7 3153.04 1396.19 
4219.84 6431.34 314.455 1114.3 4789.4 5277.75 6923.95 4338.65 20.0791 1341.48 9982.79 9947.69 5521.55 679.714 5656.23 
5112.59 9352.27 6255.96 6553.18 4127.97 9079.73 7172.55 3913.19 130.803 9383.38 5236.89 3940.7 2827.12 2731.58 7093.75 
4223.31 6951.42 3525.07 4537.77 8065.72 8314.47 9815.52 4989.65 2653.11 9835.59 6331.13 2635.88 9783.27 1852.67 3315.6 
5439.49 6965.26 2667.85 1695.43 3518.42 6795.82 775.139 690.953 708.994 905.942 74.3132 5945.88 4846.65 2901.44 8677.46 
1940.38 7124.75 5628.86 5465.45 1662.5 3694.56 3779.9 1478 8684.22 6433.01 1313.57 5015.33 9068.89 1096.83 6868 
2384.47 6536.31 3833.24 5052.32 8231.74 7351.66 1848.12 9006.88 8042.62 2557.12 9912.82 8116.93 8503 4759.45 1018.35 
7180.44 6699.83 8143.1 2809.29 2165.26 9805.6 6503.85 5945.16 1283.57 5188.05 2378.15 2597.15 203.367 1447.03 3693.98 
7071.36 3831.5 230.272 904.584 8883.82 8462.01 8256.25 731.929 7468.88 6298.84 3289.04 7381.68 4415.75 1792.03 2141.11 
5434.1 8972.47 8840.94 3577.18 1781.74 1006.18 3382.76 8285.6 6951.34 4666.34 3473.63 9329.49 7263.48 3677 776.508 
957.443 748.347 4608.01 1187.72 1652.93 3491.82 9649.73 9909.18 4223.75 7118.59 6208 7512.79 4500.25 623.743 9304.82 
6641.37 6057.85 8277.27 5482.29 9635.03 58.9985 6488.47 3017.78 8344.6 3439.8 7684.11 1818.21 2769.28 4947.58 5495.21 
3545.78 5905.02 6243.56 8153.8 7092.74 7896.49 1645.6 6742.45 7805.65 5869.35 3861.02 4013.64 3382.12 8361.27 4637.38 
2686.93 5002.62 695.212 964.182 484.895 330.226 1023.18 6973.37 3348 9367.78 413.149 1032.1 1185.97 3182.43 5979.68 
6681.18 6728.21 1884.69 2924.72 4881.99 8977.43 821.198 6527.59 5719.86 8626.85 2396.92 9580.88 2640.47 5779.04 7942.14 
7277.85 8465.97 2944.74 7973.07 9430.15 3429.63 8303.29 453.315 402.986 1651.28 9821.09 816.135 2683.38 1007.04 3998.56 
8663.06 7688.23 726.753 547.725 612.933 5608.74 9525.15 1434.13 2136.31 5244.99 60.9644 4533.23 4825.86 2701.44 312.26 
2767.98 9979.29 8778.23 5712.72 7952.34 8208.36 9142.35 6255.62 8661.68 9545.34 7906.9 8482.75 361.457 590.256 9489.8 
4360.02 9253.31 7178 5086.77 9801.04 7790.94 695.496 9326.17 9225.07 2831.81 4571.15 9286.03 7365.04 9397.01 1987.45 
7677.3 2164.97 1966.73 6455.52 7877.69 9919.07 4663.86 7020.03 6174.67 3325.53 6565.35 4081.55 1808.26 6926.81 4671.81 
1298.04 1286.81 3925.1 8476.04 6373.58 3726.12 6266.96 7069.07 3052.28 5492.01 9900.88 7623.43 4778.03 7265.91 7020.42 
6765.48 4943.19 9185.39 8732.21 1398.69 7063.07 8651.26 6062.56 4083.08 4825.92 9388.08 648.409 8907.47 1196.33 7575.21 
3579.26 2494.37 8862.02 7504.36 970.392 5235.58 1230.47 7237.36 2304.63 4282.75 2729.35 2205.5 1906.16 7507.38 9471.4 
8926.58 4272.85 4414.58 8111.96 3005.04 5813.28 5175.01 1656.28 1875.82 9258.09 6482.2 1263.88 9906.5 5389.65 2460.21 
7481.69 8968.91 4954.58 6343.69 6473.26 5924.97 1579.26 7703.72 3162.31 3883.89 1986.45 5891.66 6089.38 3892.61 3399.02 
5560.77 2819.18 7671.87 9975.35 931.116 676.892 5788.61 6106.12 2333.18 7664.43 5364.19 8815.38 8928.31 5270.67 4205.01 
1388.51 2752.35 3173.91 6343.09 9096.04 9647.16 2268.04 675.281 7350.87 5430.35 4559.17 9337.32 1321.99 648.536 3229.91 
4721.02 6209.31 6049.09 2392.87 6184.64 6980.21 3069.77 1973.24 3086.31 5402.94 9637.67 8450.51 4218.3 8565.97 3721.16 
8423.31 9954.48 6473.51 1597.2 6297.55 5569.53 1244.34 8565.59 6244.82 8595.21 3995.92 803.968 7932.51 5317.92 1452.5 
1162.41 38.9214 7661.81 7211.5 2431.79 3846.44 4191.69 5501.56 5819.67 7278 904.484 5457.33 5728.49 5122.78 4023.28 
9449.66 3546.08 3977.74 5923.15 5143.28 275.266 1492.67 6387.62 8840.86 7737.48 4982.81 2836.76 8541.45 2915.31 8154.68 
9993.95 4077.72 8193.6 7655.75 1289.2 625.38 1502.17 5480.89 6126.94 7321.84 2758.87 7031.43 2779.15 8487.37 2154.19 
6802.43 7937.01 5700.27 780.144 3860.14 843.534 1055.41 5352.81 7231.16 9896.27 3090.27 2213.95 2733.01 1631.71 5129.26 
887.675 1625.64 9206.98 9081.28 9281.39 496.164 9706.66 783.54 5977.05 5833.58 8105.38 8735.93 2864.99 884.515 7223.28 
5019.18 7686.94 5160.27 719.437 8467.08 9020.41 1562.97 9522.49 4373.2 8794.13 9418.74 7463.47 1008.06 2151.74 9095.18 
6137.33 3039.41 720.804 5344.29 2120.67 2.17753 5840.45 1827.31 785.718 1817.49 7660.89 8891.1 553.401 525.866 9775.61 
7776.68 5545.05 7462.54 2936.93 6264.48 5929.61 1957.33 7827.46 5452.08 6330.53 6621.57 4870.81 3793.98 7629.63 7022.55 
2889.14 3766.94 61.9401 3609.95 9111.23 2182.61 3612.12 4951.66 4009.92 4397.84 6769.15 1670.8 3288.92 7322.55 2196.67 
3064.52 5099.22 7741.72 527.043 8036.15 4006.18 6456.65 9993.48 1833.62 1908.71 6323.99 8455.19 6779.52 117.955 6084.8 
3802.05 3007.1 9851.74 3863.99 6617.05 8962.95 6046.6 229.153 3914.59 56.51 4626.99 683.729 1727.31 7915.92 8006.28 
3923.98 980.424 3105.48 1665.68 1507.47 1141.62 5671.86 7964.11 1135.08 7505.48 9872.83 7459.07 5960.66 6652.33 7577.03 
2045.44 454.366 584.111 1897.16 4318.36 7201.16 860.09 364.941 7430.31 4774.68 421.451 2057.29 5458.41 2148.76 9973.21 
3464.68 6072.74 953.614 6570.16 7738.42 2461.08 7711.78 3410.26 425.178 8846.87 915.731 297.989 6305.93 6876.39 6950.32 
3882.94 8921.83 7404.69 4467.05 818.968 1723.03 1668.19 1679.06 2087.97 9098.5 6453.74 2509.42 1155.77 1912.14 4658.18 
1128.95 5376.82 730.905 2082.57 1946.96 8469.32 4543.65 9658.75 1879.57 4968.83 8505.6 2795.3 5266.82 4811.51 9671.69 
2217.12 8694.45 8593.5 9621.81 3161.48 9412.46 1344.82 4829.67 1091.5 3432.78 3928.14 7545.25 5942.2 5083.91 9457.38 
600.364 6212.86 4834.18 1331.27 8295.43 6781.15 9800.59 2839.06 6439.88 1680.15 7807.89 4945.46 4475.45 3074.69 9756.97 
4147.12 5291.81 8451.4 2740.6 4913.6 1612.86 2153.04 6258.42 6442.53 3244.55 9691.2 370.658 789.776 5633.38 5454.57 
247.142 6233.75 1667.42 5081.33 7565.02 9962.85 1862.46 7365.59 2801.9 8302.34 9045.74 609.77 3247.79 3521.17 3684.46 
3004.74 7668.29 8976.27 1456.13 408.87 3889.85 3068.99 2561.91 148.254 9511.52 5806.46 9839.45 9882.18 6596.24 5472.82 
5336.73 6843.38 1706.55 7004.15 1924.69 9271.56 6966.98 3787.15 6637.14 9768.88 2089.47 5682.86 378.629 5337.25 9204.03 
4063.09 8341.99 6872.31 3039.34 9798.12 7281.18 6929.2 2867.1 9843.09 7077.45 2378.6 5649.53 6916.89 2260.77 2245.75 
2389.69 7597.5 9089.13 4096.24 4601.63 1013.8 3367.78 1568.59 4800.95 4.90727 1337.45 6890.41 5687.77 1716.08 2227.65 
4891.79 5779.17 569.624 1764.07 8818.51 367.729 9045.25 5747.69 3234.83 8888.32 2825.13 5613.43 4537.83 9742.01 7874.2 
6783.59 2131.68 5471.68 5872.7 6227.92 73.2976 6886.51 9595.7 1641.89 1687.44 9600.61 2979.34 8577.85 5288.36 4695.42 
805.484 180.133 474.578 1375.11 1944.21 9293.09 1742.84 989.438 5040.77 4977.66 9877.76 7865.89 591.078 4415.58 7607.89 
8465.28 1199.15 9739.57 3936.94 7071.85 5967.48 4010.24 3958.34 5563.16 5652.13 5645.78 5163.76 8631.48 4223.61 452.106 
3326.88 5029.1 632.239 3801.46 6404.21 2576.45 3094.54 8147.04 3565.88 8135.3 3124.69 3443.62 6001.18 3715.77 7859.2 
3609.05 2181.03 9058.35 3348.61 6117.97 6130.18 9316.09 128.194 88.5008 4879.23 5780.33 5734.28 42.9756 4411.78 9957.89 
495.082 7738.67 4986.97 1127.32 1540.11 1391.16 3703.77 4634.65 9538.21 7269.65 2769.93 2662.88 713.258 8771.11 6378.65 
8572.46 2380.15 8559.68 7630.79 5728.76 4677.63 3760.95 5044.83 4805.82 3849.45 9924.06 586.132 9583.73 9967.04 4997.92 
9541.6 462.103 2736.57 4528.56 1589.42 4276.68 5919.72 5293.19 8911.33 5457.91 2562.82 1681.25 8120.79 3276.08 452.344 
4499.42 1848.52 2832.49 3059.07 9479.31 8561.25 7736.7 3240.25 3606.07 2542.51 7089.7 3530.11 3128.64 6673.41 3497.13 
8126.56 6215 3959.23 863.107 743.538 5548.66 5139.79 6663.26 841.832 4051.1 2121.15 3404.66 5732.35 241.915 6680.74 
6184.69 4741.33 8529.26 9017.18 7800.41 8008.56 7578.42 5537.09 1248.79 1184.47 8079.6 8338.49 4714.58 1208.23 5011.88 
8211.71 9334.78 1226.86 2170.93 197.873 1970.4 7719.59 5337.66 8633.66 8561.42 9388.76 754.786 1966.06 5121.09 996.702 
8646.8 1305.76 5738.03 7176.05 322.928 3538.42 5184.59 7901.35 9075.51 6433.38 9085.82 7155.1 4771.85 3800.38 8363.32 
9783.73 2012.08 7698.09 1010.57 4183.01 7895.96 2980.97 1902.58 3233.6 1614.61 463.982 2622.35 2369.4 2430.04 7743.43 
3366.1 1076.83 9049.2 9104.13 8252.87 9372.12 2642.54 3437.45 7273.46 1718.03 9870.82 6359.26 8873.13 4642.66 159.622 
7236.44 4426.37 2171.7 4934.51 5436.95 6354.7 2830.45 8417.92 8257.28 6064.05 32.517 8721.26 8686.4 2401.92 1151.29 
6429.82 5768.02 2228.11 5478.99 4872.14 480.97 4851.1 7514.68 3918.42 2124.54 9232.71 3789.22 8483.8 8105.83 8431.88 
8643.42 5342.25 2858.23 815.103 276.734 8295.18 7169.81 3107.18 6713.08 5427.07 9171.23 6745.6 4148.32 7857.62 9147.52 
5299.61 4287.41 4915.52 7527.72 9766.41 9787.66 8008.69 4617.49 7302.32 1927.09 6742.04 6535.01 5716.32 5225.82 4640.82 
4148.18 3869.22 9983.07 7006.41 4684.32 259.784 5301.58 1854.12 3366.97 2014.64 7281.19 2538.18 8760.25 1429.49 395.784 
7907.75 6729.1 4683.2 2823.25 4256.81 4449.59 2610.89 2265.48 9067.08 9913.21 4192.58 5809.1 6448.21 9908.89 1034.91 
1089.01 4057.05 4904.13 1072.06 1063.45 9588.45 1331.85 6365.03 1442.55 4698.81 8379.68 8723.74 7237 7139.9 153.211 
7632.78 5047.63 6882.31 2315.96 7870.88 1139.1 6765.55 481.76 3404.58 5832.62 394.953 7597.16 1641.71 6843.16 7506.03 
2676.62 7932.17 1563.07 7580.74 9004.24 2626.52 7169.18 336.067 8991.55 8611.73 5034.88 7371.21 7335.45 2271.86 4511.1 
7488.66 9904.65 9558.73 4370.95 2220.59 7429.6 5510.05 8986.15 7911.36 8914.63 4818.76 8306.31 6511.78 6460.47 5149.46 
4017.79 9137.08 3081.61 5580.86 6717.81 2085.83 8207.39 3886.97 2421.9 7198.92 2498.68 7456.78 4570.12 9834.13 9728.65 
9081.22 7322.77 9633.28 8639.93 1693.71 1853.85 6069.52 7203.76 839.985 3980.86 6118.38 5658.74 2287.16 2630.13 2119.19 
7436.62 6647.93 1256.25 518.217 2228.77 7974.06 2604.05 436.14 1861.01 5025.95 7635.06 4359.68 2482.71 2205.16 4193.79 
2211.34 1286.37 1516.54 1844.6 9926.3 3210.25 3698.46 5995.8 413.991 4538.44 9976.67 6532.37 197.164 2263.81 9162.5 
2316.35 9700.43 5810.41 3572.6 218.632 8039.18 1546.64 2822.68 8475.32 3407.65 7848.63 6110.37 7767.33 331.33 8315.53 
1961.11 2542.67 9601.9 3477.65 4387.28 9528.18 6687.9 8085.73 5523.97 7101.89 2624.16 5500.62 3634.24 2821.32 7764.43 
2796.73 5137.67 7464.85 8607.14 8710.28 7683.48 6646.31 256.903 506.146 5121.61 3664.55 8354.78 1231.97 1431.87 8686.11 
9547.5 3392.98 1228.77 9149.38 6870.63 5616.04 8677.55 3558.52 3701.76 4201.5 660.399 6325.91 9702.12 4294.64 9147.23 
7466.53 7091.37 4284.89 4931.36 5698.5 2995.15 2614.83 2344.79 3252.05 3120.97 7466.4 6916.6 1475.73 8698.37 8348.47 
161.826 8245.85 1741.44 1390.59 7395.21 8612.07 7006.63 6072.74 2170.58 708.374 274.225 2830.97 7034.29 9976.34 7125.62 
6181.5 7442.86 4216.97 466.372 2374.2 9915.47 3461.52 4989.03 2260.24 6713.57 8110 9726.64 3630.15 9585.74 8425 
1978.61 9747.56 6670.83 3720.05 1138.14 4066.03 2332.1 8144.77 138.755 4502.68 8853.14 412.98 7333.65 5887.41 389.304 
4459.25 2068.9 7832.16 8676.23 2535.27 206.348 8591.68 5996.79 5195.38 851.908 2710.34 3305.36 578.535 6340.49 2891.08 
9003.53 8319.1 2638.63 5674.34 2039.13 3776.76 9740.37 4371.23 1921.52 9879.12 8873.91 774.646 292.087 6207.55 6662.06 
681.392 666.784 8730.96 8513.55 9343.01 1266.21 8719.9 7934.68 7263 3915.26 8786.59 9973.34 7220.62 9365.12 6313.81 
111.689 8368.63 4632.9 2750.32 4042.96 6672.03 6527.08 3783.31 1043.24 8448.6 3662.42 9917.15 9223.24 3954.51 6124.68 
5885.29 4635.9 6791.46 4616.23 3149.44 6134.46 5882.44 1869.32 4069.12 3145.43 5784.58 2855.69 3118.75 3005.19 2220.79 
9432.57 3116.88 589.411 4065.45 5867.19 4632.37 737.46 2394.26 8415.69 1780.7 842.838 2078.09 1697.83 66.0643 6032.6 
7822.51 5951.35 668.481 4613.96 567.563 3817.92 748.402 6450.01 5687.24 4817.52 9595.44 1471.8 7673.21 2714.17 4476.99 
9894 2146.73 7593.87 483.399 6212.18 3461.04 5115.77 6949.64 5855.3 3531.44 8730.34 6698.14 5609.53 428.155 6764.2 
1642.11 8250.67 2715.54 2310.59 2864.61 3283.1 6128.51 3613.01 9733.11 1815.73 8430.54 9328.53 3287.53 6103.73 2042.69 
7764.52 5997.72 4189.41 5358.37 6481.12 401.574 8819.42 1596.87 7351.21 4674.7 5128.31 6081.53 1372.83 737.822 6509.69 
8137.03 2379.93 4760.34 852.551 4690.52 7624.95 4135.65 819.013 1237.95 3868.74 2634.74 9668.49 3197.25 5922.27 5772.2 
5239.94 3686.77 1769.9 9429.35 9045.15 8251.02 9830.93 7864.55 9847.89 7182.12 2539.23 4976.18 3263.64 3912.06 5714.01 
9773.33 2049.07 8093.94 4533.65 2901.62 2784.44 2158.59 7037.27 3603.46 3396.54 905.998 6238.2 3065.01 4103.25 2160.45 
8837.21 9343.19 5847.23 607.093 8772.53 4892.35 8858.11 8603.44 2756.88 8705.98 5785.55 5296.12 3682.15 9049.19 9208.17 
9396.16 8822.5 1257.22 7490.08 3356.13 4158.84 274.501 5514.72 1196.1 3877.96 8911.26 2102.1 116.135 1976.25 6205.35 
2276.59 813.441 5548.53 8123.81 1420.53 4321.04 3016.15 278.628 2924.47 5773.03 8984.61 8710.02 1069.13 2666.74 7759.19 
277.288 2062.88 6581.68 1534.51 9552.96 9937.81 5693.36 9827.46 5452.51 6889.46 3705.4 4363.76 8991.56 3821.53 6340.01 
5196.89 6098.12 7153.45 745.402 4221.91 8573.98 5066.45 7238.06 8852.61 7990.92 3011.08 7837.21 6700.92 4080.21 503.933 
4460.09 4357.5 2566.82 1041.75 5892.01 2119.76 979.546 1585.35 1947.2 6432.06 8474.81 5652.6 795.799 7466.35 9474.13 
7135.81 2663.22 5572.23 4289.24 3408.62 9794.15 2863.2 8475.07 7032.19 1715.79 6465.97 43.2486 9553 3166.87 4123.46 
56.9159 7626.96 8480.95 2623.73 8668.71 4372.94 4743.49 9648.26 5958.29 6690.69 6080.3 4433.08 2343.27 6876.1 1899.41 
1817.39 4011.89 4562.63 7389.62 8301.13 7971.25 7183.75 1164.31 6446.3 4215.92 2880.11 2912.25 4259.17 2433.09 6079.11 
8382.63 2490.01 3706.06 6863.56 5113.74 2374.75 1236.49 9857.23 2023 7194.78 6547.9 8103.3 1627.85 8891.18 4979.38 
3527.26 708.547 8991.27 8089.88 8098.17 7292.38 6061.11 5281.9 8456.7 2507.39 9497.83 1336.79 5419.64 3756.99 3769.88 
1498.73 2139.6 6259.88 5204.79 9003.16 1373.6 7579.54 239.636 1230.82 9602.54 7434.42 7778.72 7705.82 9062.26 6669.88 
2685.19 2589.5 7378.42 1676.44 679.368 5476.58 8968.83 6740.48 758.465 7425.51 9247.87 256.278 8762.3 4667.5 4013.26 
2532.16 6166.23 6152.86 8792.04 1371 5156.01 165.627 8950.55 5395.64 1396.44 8553.07 2830.04 9175.16 6258.87 1892.29 
5845.02 8944.06 4481.79 3223.43 620.489 5161.16 8700 9589.32 1901.62 9458.47 7014.81 1149.48 9714.75 5777.09 5816.98 
3727.99 8309.25 1983.19 9880.85 7101.27 3354.19 5036.84 7266.9 2304.72 432.467 8663.34 857.775 3262.51 7838.48 7116.65 
5154.8 3683.49 6060.69 9636.59 6906.91 6681.18 4797.74 5606.9 6270.48 6699.36 5065.35 3285.28 7848.84 4780.08 9062.37 
3665.8 8508.08 7371.6 5648.99 8388.91 4472.85 9003.19 3425.74 1739.73 1307.89 3858.21 403.051 2165.67 7120.72 8241.53 
9282.32 2275.5 1925 5342.99 1912.07 8831.92 2024.16 6709.81 4438.8 8294.64 3409.15 9504.15 1579.9 1257.98 4284.22 
642.248 4923.78 2792.28 8013.84 572.752 1181.18 2486.68 9575.94 4606.92 4226.41 883.811 8465.12 4629.46 3049.48 5585.82 
2870.97 2331.78 7861.32 4795.97 7674.77 9773.39 3627.87 9698.92 6483.19 8066.67 7993.55 9892.34 7570.81 9573.45 1150.29 
1855.01 215.675 6074.07 4647.29 8229.52 6646.82 5828.47 716.179 6222.74 435.371 4942.58 7106.55 8900.5 9572.04 156.016 
4486.3 2443 2487.79 2347.61 7238.97 162.544 2120.98 866.824 9861.47 8604.17 8933.49 7855 8496.49 6504.28 7428.43 
9646.78 8359.29 7644.1 5720.84 3006.57 5873.6 2367.64 8835.04 6589.78 8590.39 9270.41 1532.35 5696.92 8170.89 1104.37 
5852.94 2657.17 3547.37 8340.73 5004.78 786.322 8503.28 7125.77 1653.15 8364.73 5729.92 586.623 6219.71 4226.39 7090.91 
3648.12 3873.16 5450.18 1292.21 9594 8456.75 7165.81 1961.62 7291.77 3755.58 551.99 6562.17 5287.93 6248.91 4733.04 
6392.3 2101.84 7390.21 9939.67 442.553 2394.97 725.976 8945.83 9520.74 2379.12 7310.54 5250.64 2965.74 3530.24 9477.04 
56.634 7178.36 3350.18 5506.82 8470.56 2944.15 3963.55 5636.35 4905.77 1255.31 9391.93 5457.76 7817.47 4679.84 1706.66 
2550.49 1072.13 3808.5 9940.7 1011.78 4251.05 2335.66 1737.76 3196.87 1856.39 4116.88 507.392 7107.03 7082.62 4037.63 
6584.05 7139.26 1215.97 9934.22 2646.06 9686.53 2878.36 6609.61 5322.87 7784.13 7864.92 4714.78 3241.88 5682.38 9394.62 
4948.54 8232.87 466.732 8757.04 8173.56 1478.51 3008.08 509.203 3216.27 6204.95 2365.59 7333.15 6712.34 9472.62 4415.76 
749.95 6056.65 1555 1965.92 5990.86 4201.06 1652.43 8869.22 810.651 6975.29 6653.34 8675.57 1690.06 9895.22 4357.93 
1084.66 4843.75 2590.79 1551.39 3600.78 764.329 3029.91 6608.86 1273.53 6246.18 2813.79 3639.12 3579.31 9526.13 3111.72 
7995.07 276.058 9168.38 9550.07 2241.97 5159.22 3751.11 3894.4 4028.42 4561.76 869.678 681.737 3237.31 2559.73 576.939 
7595.25 3644.4 5420.69 186.016 5195.79 9021.46 950.345 8225.69 5630.3 2223.88 4471.85 8444.09 5863 8051.16 7970.2 
8974.72 6046.21 8246.25 8143.08 5596.26 488.212 3302.28 9347.37 4382.61 7330.7 3909.11 5252.29 8012.44 7146.42 7812.03 
8589.38 4741.65 1456.41 4010.05 4927.67 6652.19 3031.49 5878.01 4877.87 8661.79 8101.89 9349.72 7105.86 3964.87 7400.87 
5076.04 2939.58 3447.07 3322.28 1082.64 9043.33 3810.49 4384.93 8390.68 8193.11 1715.61 2299.78 3445.38 9728.05 9446.2 
1257.39 8317.41 4187.83 2713.8 2327.44 9115.5 9365.99 5358.93 4993.49 4243.84 4020.7 3095.36 3593.54 1126.55 7060.23 
994.396 6202.59 9999.81 4441.46 9524.87 1082.44 3484.77 3335.35 5467.37 1875.44 1528.44 7182.98 4175.22 4973.82 6911.01 
3621.4 6231.21 5228.4 7809.23 8945.01 7555.83 6924.71 8310.98 2914.74 1918.19 2554.8 6935.44 5013.55 6148.35 8061.99 
2073.76 7142.74 4264.57 2073.56 1584.19 3789.42 3156 5068.96 7124.77 8623.36 6944.4 8653.2 5806.32 1119.6 3627 
2717.31 4741 9858.21 7945.71 2550.21 8803.2 5501.52 9474.92 7114.17 8416.26 1393.09 9668.97 5351.69 6406.64 5817.3 
3413.66 8480.41 2960.03 7678.23 553.949 4544.21 1467.63 3709.95 9613.17 8592.39 2333.29 6557.56 7245.58 8139.62 7677.16 
872.565 856.911 2418.14 730.761 8802.62 4968.36 9533.96 4304.12 4443.26 6648.11 2720.37 5836.36 6317.06 8072.05 2242.98 
2134.34 1485.7 723.372 5094.37 9163.93 1277.32 9638.58 631.538 4987.27 9251.74 9223.93 7320.56 5809.28 6469.5 5460.16 
3486.42 7342.06 6317.07 5904.57 8072.82 5119.67 872.906 7606.77 9423.79 5316.17 4254.86 2144.14 1152.51 571.91 216.177 
3395.49 2706.25 1701.88 4118.87 7800.62 865.784 5396.19 7439.19 1497.32 383.437 6690.91 721.238 7704 2500.18 7190.73 
3164.14 5986.6 4532.78 9481.21 1891.15 2605.58 4600.87 2764.06 212.334 4024.64 8080.23 4467.2 6168.78 9232.74 5039.11 
6384.96 2628.21 7745.36 8086.83 6747.08 5545.97 8952.62 2143.25 2985.14 449.921 2526.69 9676.05 1171.16 230.667 2176.21 
8361.89 3394.81 8162.81 2894.65 2876 53.9442 5500.24 7476.87 2818 5712.57 1501.49 898.209 179.752 7670.27 130.93 
5218.86 4055.21 2759.14 2964.21 2142.03 9506.22 8510.17 1094.62 1649.46 1495.3 1544.55 4176.14 1171.34 2715.71 4406.81 
3347.55 1077.58 7801.62 1510.35 3972.24 677.603 1564.29 9472.47 8154.47 4382.29 5185.03 9655.96 5280.5 5364.78 7326.21 
5411.43 583.622 1381.4 8170.57 3547.83 3523.43 7676.78 2057.99 4618.05 9326.24 3553.29 6162.6 3502.36 4724.62 8878.3 
7909.17 8072.17 9955.89 5710.77 9582.52 3928.11 6388.38 1146.79 3400.56 4542.83 5529.08 8585.59 4198.77 809.563 3950.35 
1524.96 6220.99 4533.97 2906.37 4391.55 8081.8 6429.8 2068.31 139.77 1047.84 1394.53 3693.06 7210.44 4896.89 8417.68 
6088.72 2806.05 6489.84 6044.59 8516.82 6072.34 9972.7 4905.18 7219.13 3373.24 9448.01 2748.2 1958.82 3646.76 3557.76 
5909.17 5171.73 9778.75 443.123 8078.1 4170.28 8524.92 4507.88 6238.59 8664.7 5555.71 7633.12 2357.73 2766.13 2529.99 
775.399 8854.85 5336.04 7265.24 4899.43 3852.84 3337.56 4872.11 8758.02 556.679 8245.36 8206.01 3304.88 204.154 1852.76 
6862.64 6113.32 7024.49 6641.38 6556.44 5102.56 811.641 5081.35 9610.44 7050.23 3746.03 5166.14 4683.34 6103.77 7932.27 
7213.33 6879.16 6787.1 2549.35 4144.38 1686.52 6402.2 7481.95 6558.63 5160.2 8038.63 4803.97 3366.2 1343.49 5008.12 
5218.96 8206.13 1121.42 2243.43 4847.49 7677.87 7345.99 5659.13 2759.2 6956.42 2709.34 6505.23 2122.53 7392.68 2608.98 
54.7847 4605.99 9488.14 6841.89 7155.34 3632.51 8528.4 3557.52 1114.44 5087.01 8717.72 9153.07 9890.98 2083.9 496.539 
4899.08 7302.86 8702.67 6020.5 9546.29 3550.13 3698.36 6892.26 9209.26 6457.56 3848.66 1918.59 2962.77 5971.19 9311.26 
5571.75 6025.98 3917.24 5059.88 2867.85 1072.56 8692.39 1396.23 4630.08 9806.84 6483.25 3347.78 8959.89 6374.21 5431.69 
9456.43 1273.28 2734.53 8159.08 7293.78 2280.8 1709.19 992.119 9173.05 918.436 7449.68 3021.7 2837.02 412.435 8992.89 
2148.27 5984.19 5018.85 6065.5 1044.05 7886.69 7138.06 9736.45 9282.93 1768.13 9543.27 5766.16 5115.91 8503.14 2140.35 
547.578 7959.55 3413.63 3282.11 6118.61 707.391 5562.9 7827.8 1699.51 4735.94 8746.24 9149.19 7757.63 1583.24 9561.62 
6750.5 3731.51 5545.79 1769.33 9797.01 6589.85 9656.03 6935.06 6326.28 8938.94 8703.19 5869.53 4705.08 3819.08 4372.66 
6845.43 4366.66 2332.19 259.044 7648.76 8450.8 966.435 3211.65 6278.59 2665.94 7947.59 5024.81 1815.12 5705.2 6608.05 
1376.72 2455.69 339.548 6922.52 4225.03 136.545 3512.35 3881.04 7071.6 9838.63 2819.96 5774.77 5708.15 7525.04 9593.85 
80.789 4370.45 3960.49 2412.98 4629.5 1609.24 863.767 5595.93 4820.88 7142.35 8261.88 2768.45 2167.15 76.9753 8473.66 
8775.2 1453.7 929.33 9114.75 8376.21 5154.35 9251.29 1888.54 9035.39 6322.88 1727.15 1855.33 2097.64 7435.3 9380.37 
1691.47 7516.09 3750.81 5651.96 9929.07 8380.3 7261.2 792.823 3976.22 2082.07 7935.18 2238.08 4850.52 102.309 2315.05 
3324.16 8877.51 3768.75 4253.48 7992.24 2144.94 9407.84 7243.52 4033.49 8443.21 3566.38 5760.64 298.527 5664.02 3195.93 
9678.9 7355.5 712.001 3429.68 3007.44 641.057 1809.97 268.626 1433.88 5786.19 2350.69 9369.06 8024.27 7201.21 9471.37 
339.305 525.347 8348.86 4108.05 4778.83 6341.09 6253 4186.65 3584.59 286.467 2629.85 7150.97 6047.11 2928.38 2814.98 
9243.03 2607.26 170.456 9955.03 6036.94 3177.9 596.074 7846.91 3446.53 2029.95 3633.09 5797.22 1399 1657.34 2998.41 
870.346 1996.64 3523.76 9219.21 6104.7 8302.59 5560.28 2357.68 2489.23 9144.86 2644.14 5119.08 6295.82 8691.25 8047.46 
9110.8 7934.27 654.695 9281.25 7889.28 6691.64 2459.14 8485.36 4538.53 5905.66 515.296 8171.62 1702.86 1914.29 9828.95 
4701.27 2784.64 1825.58 8225.02 2003.83 7930.27 6527.6 7564.1 287.933 9016.82 6708.95 2932.08 4135.88 3004.75 1623.31 
2183.32 2115.53 9557.58 2838.02 1396.77 7446.84 9529.65 3855.9 5932.19 4068.17 9761.56 6447.48 2239.77 1464.41 8361.77 
2068.7 6165.68 1146.39 3894.28 4390.68 3150.22 1824.54 918.263 714.308 2112.47 9935.08 7423.26 5044.55 4070.95 427.996 
6667.86 6254.27 2543.53 6225.42 9092.29 3940.3 3672.24 8621.92 7796.2 9604.43 2690.07 7557.75 6051.89 4929.84 9022.16 
4413.65 6998.54 5187.82 5560.04 892.809 9578.5 8710.26 2717.35 496.748 9424.57 4829.82 431.816 6847.81 9874.37 4502.77 
7275.81 6542.21 757.018 9819.34 2767.61 9849.3 3759.62 6439.85 8471.21 1555.81 6044.26 1161.26 9113.56 2096.13 6091.1 
8135.7 6509.78 3089.63 3323.5 2069.8 3982.44 2901.99 780.049 6699.78 3398.74 204.603 1529.59 3830.55 7052.42 1403.94 
8333.32 4328.21 7946.14 9090.33 4147.53 713.732 8939.62 7907.15 7153.58 7410.81 9462.96 3197.82 8572.07 8576.5 5293.95 
4663.15 6712.19 1803.71 7752.78 35.6706 3873.52 1735.2 2937.66 4653.57 8434.98 6336.39 4858.17 9964.57 166.927 1910.57 
1368.49 8500.24 6238.78 9314.63 7590.56 386.292 28.3471 6530.17 8293.44 7181.93 3940.96 7756.38 379.731 2513.01 6332.87 
5673.68 7176.17 3045.04 7477.4 4928.93 3080.71 1350.9 6664.13 6018.37 6004.47 5099.09 2354.74 862.622 5063.64 2521.67 
2773.19 6432.13 1021.9 9011.97 5746.75 8612.46 9398.26 5775.09 5142.6 7691.69 2957 9083.56 5448.06 3336.74 1596.56 
1780.91 9010.42 8772.72 4825.94 6487.8 3701.64 7906.65 7838.7 365.745 3925 3843.15 5464.84 6279.74 4705.77 528.463 
8801.41 7478.97 6960.59 9823.31 6490.92 2707.32 8435.75 5889.17 8482.42 3578.33 3580.84 1439.4 2661.88 9028.89 4776.14 
4258.44 809.785 3786.54 3031.14 5635.73 274.325 6732.78 3542.36 8113.03 7098.52 7467.36 1956.16 2563.34 3747.09 6661.94 
3091.81 2548.48 4140.88 52.3859 2371.77 631.787 2759.71 807.499 6520.95 1242.11 4385.83 101.774 2681.51 7047.71 9130.67 
7457.65 1306.13 9940.45 1244.17 4337.28 5576.17 1518.5 1070.04 9118.53 9631.52 8168.56 6585.88 1587.67 731.891 332.945 
8249.6 3823.7 2881.43 2390.47 3876.08 5253.2 3022.26 6635.79 6060.7 9543.21 7877.9 446.511 9644.99 559.398 7494.22 
8775.64 8017.05 8800.36 8716.07 9261.22 3137.61 4292.22 779.701 4207.65 3410.74 411.208 2376.2 9996.61 1998.88 3108.09 
