500 15
418.918 2187.96 3132.01 2840.65 2382.64 8540.32 1079.31 7378.16 5542.84 9868.72 8018.39 4733.57 8100.14 3889.59 56.919 
9606.73 8011.11 7425.2 3251.76 5031.03 9770.65 4376.6 7288.36 7464.51 3433.21 4977.97 7336.9 4970.55 7530.37 2756.96 
1891.86 7949.28 4944.91 5023.87 789.916 7327.55 3564.17 1869.23 4705.69 9107.01 1737.93 2724.06 3840.56 9838.08 6613.66 
3897.48 9444.79 4624.75 1322.66 2696.53 9655.77 1093.29 7073.12 6944.12 8557.8 506.32 1922.08 5894.69 5476.87 9452.44 
8651.64 7368.72 7401.71 3596.53 2392.57 8191.62 924.067 5956.74 60.8347 5629.76 5063.73 1798.77 8353.82 8904.29 1636.83 
4967.46 2801.75 1081.6 9592.2 4124.41 3778.12 9247.96 5217.7 851.228 6192.06 3775.49 1357.55 8114.14 9670.18 6834.41 
7566.56 8321.8 4203.12 4968.26 1918.32 6595.69 3159.86 2842.38 2552.41 3220.7 8472.14 7616.14 5019.46 6825.94 6520.41 
6656.29 1793.38 9322.16 7737.89 1385.56 3446.56 1515.99 633.504 8664.26 2367.22 6825.57 2439.74 3724.77 4939.69 2109.9 
559.167 2506.23 431.683 4762.28 7474.49 2350 1357.96 634.336 5192.38 3910.37 3855.03 3664.51 1526.49 8874.5 490.429 
8046.9 5530.77 2283.81 7369.05 3268.64 3669.37 815.596 4784.64 4302.88 9479.86 7151.86 1128.42 1919.58 876.613 6068.11 
4029.48 1435.78 8574.34 4461.17 6198.06 6048.82 6811.17 7556.02 6683.15 2003.53 1466.37 538.171 5668.04 2992.86 9412.67 
6158.47 1039.75 4943.43 8442.28 8408.8 8212.07 2111.63 9224.4 2996.69 6414.5 8704.24 148.535 7542.93 623.809 1025.15 
3611.02 4653.29 2460.93 2185.35 9114.46 8658.99 8234.17 5925.61 6215 4917.3 7929.14 7681.37 5455.47 3597.16 674.216 
4868.13 9755.63 1713.97 9811.55 8197.89 122.754 8023.61 309.499 9347.15 1020.28 6724 8051.38 1168.82 4266.91 8675.19 
2193.97 7877.93 3328.46 4654.9 63.2638 2442.9 3313.87 8297.43 8368.51 9528.87 3214.72 6297.63 7210.22 8670.19 9894.79 
7884.44 3538.3 9650.41 9598.41 3349.84 7848.28 9721.16 1373.43 8157.77 9068.3 2393.72 4881.76 7119.66 3562.54 9148.67 
5794.83 5756.5 7026.59 9123.29 411.383 7089.85 1566.18 3725.26 5387.26 9934.69 3254.11 8601.98 6232.31 464.315 7272.15 
6127.08 8348.75 810.438 5777.47 7947.14 4160.28 3625.73 7668.29 5533.71 1783.48 6736.57 7927.43 6665.24 3856.21 1489.95 
5813.9 9651.04 7246.45 2840.47 8774.31 7657.83 9930.32 340.474 1383.07 5317.56 275.146 4637.18 3919.53 6507.45 5101.49 
1191.66 2634.52 3450.23 2002.1 8411.99 1397.36 6162.38 2037.7 9065.65 1696.07 3821.18 5802.19 9623.5 486.408 9658.4 
1113.43 6300.31 9309.42 8359.88 9140.77 8083.71 6017.69 9071.07 8424.19 7400.76 4388.62 8699.33 2037.92 8308.15 5206.77 
7139.42 9499.81 7841.29 589.631 1501.89 6253.25 1986.99 7664.27 8290.95 1052.62 9360.34 2112.12 6854.81 8983.82 2598.52 
6513.2 97.2354 8898.83 5822.6 8457.11 8039.59 3906.3 4474.79 7110.64 2330.47 1875.53 1499.24 1029.79 3913.45 9807.39 
6236.56 1052.85 9307.18 4077.82 1642.48 809.055 331.062 3629.47 8473.32 8622.01 4682.09 7833.65 734.111 1536.89 6817.46 
3332.63 8050.08 6914.69 2231.45 3872.66 5371.79 271.016 7778.96 9846.57 7381.66 109.414 1722.09 8880.9 1139.2 5635.54 
8688.27 7375.76 6688.4 7995.44 1453.57 8330.88 8804.49 1784.63 1960.34 7277.8 406.625 6642.43 5111.43 1140.74 8179.31 
1928.87 4473.37 6229.38 8843.57 6704.82 102.024 4215.34 6975.83 7880.99 4061.89 4357.47 7990.4 5783.98 3238.36 9129.6 
1419.51 1926.62 6505.34 8107.9 9922.05 7958.91 6438.76 8726.53 9743.54 8399.1 6004.31 150.145 5041.51 1115.73 1290.88 
3220.81 3044.6 5764.25 9450.18 1888.15 2469.05 9552.21 6103.48 9444.89 7433.17 165.361 3802.34 5423.56 5949.34 7040.7 
4553.14 7368.85 8967.32 1058.47 5476.73 8889.35 9017.38 1915.48 7615.86 8760.9 314.56 3620.16 8911.04 5356.07 4735.88 
201.907 8576.88 7780.48 5966.16 8027.04 9668.63 8435.21 7579.23 5772.1 7880.08 5012.39 5937.46 1682.41 435.928 1886.79 
8723.11 4989.07 9255.63 7690.41 6047.54 4732.35 6579.75 5064.9 6647.82 4195.59 3825.78 6962.38 7815.75 2736.8 2318.44 
2551.62 2938.71 895.296 332.087 8904.87 8922.34 0.70267 7340.06 6501.55 5772.8 5220.13 1513.92 1710.25 6902.54 1949.85 
3597.03 5625.63 6938.92 2852.65 3316.03 2986.44 7585 9895.77 8051.34 4232.8 4091.35 1877.1 1195.17 1907.08 4613.9 
3513.61 4458.7 7552.61 4408.91 4790.79 6457.46 3331.22 4791.49 3797.51 9832.77 564.277 9017.64 1346.68 2274.52 5920.16 
3296.52 5871.56 1545.78 235.424 8724.21 4861.8 3221.86 6309.19 4757.56 1273.18 541.973 8848.91 3150.28 1737.14 755.97 
7764.18 5250.75 5214.67 5316.77 9659.66 5.44304 1774.22 2990.87 4796.93 5571.73 2823.62 5361.21 4589.35 4170.3 7635.74 
509.496 7466.82 3507.28 2055.27 7702.25 2231.47 6917.07 924.094 8540.65 1674.61 2197.28 9082.62 523.5 5347.55 819.751 
1279.47 3111.72 6070.5 6494.14 8428.49 5730.15 6499.59 202.695 8721.01 1296.5 5774.42 1544.62 6657.71 363.76 5714.92 
4293.43 873.255 3181.72 7800.71 2928.53 883.953 32.1566 9845.6 1808.05 8572.81 1520.19 4005.32 7655.42 2043.7 9352.88 
8475.17 3323.17 2464.58 4545.65 9817.31 893.054 275.782 6316.88 1095.75 8996.79 7613.38 6870.17 541.393 4271.08 7233.93 
6256.31 8564.51 8107.19 9438.03 6365.2 1035.7 321.967 6397.36 881.28 2130.01 4970.15 2401.48 6135.34 2625.55 4445.17 
5488.2 1100.7 7768.34 7952.78 5646.35 7585.63 8845.83 5922.13 3902.49 9941.58 4918.91 1515.85 6811.73 5460.3 5786.93 
4045.65 1716.59 4351.42 2152.82 1154.61 716.605 3188.52 1476.58 7113.96 4069.8 3606.59 2084.09 6471.27 9741.92 4709.64 
916.427 5230.1 5810.33 8684.76 3182.86 1456.67 6270.38 2028.67 7378.8 172.848 1970.23 2297.69 1688.7 8781.97 7758 
7475.63 2827.6 9474.59 1827.04 4980.42 629.182 2543.64 8168.94 2105.76 9657.6 2238.72 5712.35 1741.68 8709.99 5454.25 
6451.31 9626.42 684.341 2261.63 8311.17 3867.2 3718.3 4581.52 5895.88 1097.09 4754.37 7866.11 3394.78 6443.07 6648.06 
1152.76 3918.69 9475.66 627.335 5745.72 4456.06 1256.52 8289.37 2624.98 3362.27 7946.95 4863.7 9074.62 9688.63 3573.68 
4528.86 6139.93 3200.08 5213.2 8401.56 1511.23 9080.4 2119.85 6092.75 4976.26 3216.93 847.105 2842.36 6611.72 7290.18 
9490.42 7764.48 1208.85 8966.06 8391.81 6954.57 3422.11 9648.33 5243.92 6047.09 3010.59 3190.86 910.78 2085.19 2879.47 
4484.46 6614.04 9019.4 7684.53 1827.22 7420.94 9195.76 907.609 9540.78 5288.49 5883.87 2757.7 6135.6 8726.23 9369.42 
3425.76 8216.63 7133.88 4634.61 7182.68 5525.67 1589.17 604.772 5173.98 6833.09 6651.87 8184.57 23.9319 7562.65 269.742 
2903.4 2047.09 6883.79 1922.78 9731.62 8711.01 9343.72 8927.36 9618.62 8884.49 4215.84 5502.48 1642.17 351.423 4228.69 
1011.57 3777.18 2445.3 8145.45 8411.79 9627.98 3671.1 0.943515 232.737 8845.09 6834.03 6884.6 7029.64 6857.97 4447.23 
7299.38 9761.37 6494.32 4183.15 1684.13 6225.92 2894.15 1027.83 5153.27 2512.75 9912.32 9369.11 8015.23 1554.48 9720.53 
2243.9 2566.05 3497.7 4689.2 711.476 1909.48 4317.16 4382.58 1910.42 4549.9 3227.65 8744.46 1434.49 257.269 5602.4 
5881.72 7556.65 5363.75 2376.02 1739.78 7047.89 8601.95 4633.93 8075.72 3755.2 7146.68 7988.03 3124.29 5161.89 9542.5 
2844.81 7405.79 2108.53 6342.51 2094.97 2820.01 8251.99 6412.13 7202.59 162.392 962.019 430.216 8906.85 2396.51 687.485 
4509.23 8278.23 8244.13 9872.99 654.237 9983.92 6920.86 9256.18 4617.83 4996.56 3011.37 1764.5 2984.57 6135.66 6926.39 
2527.06 8980.47 4332.16 4635.59 5322.97 6427.13 7455.6 3574.94 2839.24 4658.17 3737.33 3801.26 5088.38 2644.16 6197.77 
5775.87 7153.39 4475.98 4019.98 7026.37 5130.22 4003.89 3947.21 4386.39 8621.72 8943.77 7397.75 386.202 1928.32 3533.4 
7312.59 4455.38 2513.85 1644.73 9090.96 7836.82 8071.86 6546.54 1411.74 911.084 1204.69 5149.07 4712.35 6293.07 7793.23 
910.1 2068.92 4946.61 5386.08 6088.9 1972.96 516.285 92.7738 5920.17 4902.67 8714.49 4863.92 2300.41 9100.7 6792.24 
5833.81 6413.27 1247.6 8347.66 8058 338.543 6184.46 6129.84 6885.09 7596.2 7040.92 8089.78 2745.26 1753.25 4382.83 
538.476 2663.35 6451.75 5485.09 8049.44 2540.64 7458.04 8565.72 2633.41 3378.19 3468.38 1347.89 8242.11 5768.78 448.572 
5034.33 1602.57 6861.84 6281.92 9950.23 4919.82 6620.47 6134.68 1049.64 3505.54 3730.87 8090.57 1595.3 6476.13 9843.82 
5978.13 7014.6 2507.15 2429.87 2499.67 556.572 4970.51 9957.71 9122.29 7603.92 3335.89 2590.65 8951.82 1577.98 8359.44 
9400.39 6612.31 9962.01 6262.21 2894.22 9912.23 1182.02 9514.68 6046.89 2231.66 3020.2 9777.75 322.209 4615.5 6253.86 
166.012 593.612 3268.44 2673.17 3023.48 5768.11 3229.74 7993.99 5725.81 2352.01 5597.89 9061.7 4942.67 4549.69 639.669 
3302.08 3950.06 7251.98 3264.07 212.253 146.179 3176.28 1394.27 9660.86 9223.17 3625.93 2681.05 9000.9 3948.14 7296.55 
5254.75 4114.15 7890.16 8523.19 6787.32 913.62 4291.29 17.0368 8907.61 17.0846 2369.05 4505.48 9078.79 7311.72 9055.17 
9718.46 613.782 3005.22 6970.42 3877.86 3217.47 7116.6 7054.14 4611.74 6777.44 6277.29 8237.66 9458.49 5278.18 2185.78 
6755.02 532.909 6299.93 4645.16 9056.1 3087.23 5558.78 3347.37 3104.27 4466.37 3364.46 5473.32 8971.85 2443.23 2785.02 
8027.01 2161.67 3398.8 1032.21 9132.09 7276.65 4249.67 6248.67 4330.78 8861.41 3026.09 608.051 7099.06 2484.57 5886.23 
9284.84 9239.59 6419.14 5584.75 3884.73 5475.22 8671.98 9443.51 8822.6 1776.23 3909.87 2187.04 7249.55 2881.7 4630.27 
34.5494 908.693 6791.93 3433.35 1940.9 5924 709.985 6190.57 2172.65 5040.76 5051.97 5198.75 5648.81 2151.01 7683.31 
1535.02 1435.83 6922.88 7954.16 7020.58 807.592 3429.37 5692.55 251.088 2251.95 7468.78 4160.95 4438.99 4718.31 7042.66 
9069.25 4752.86 7951.35 5861.17 8186.21 9892.25 1785.16 8896.2 6082.81 3957.81 3936.94 1134.75 9156.56 9585.75 3285.76 
6839.85 1120.76 4721.59 3762.71 9074.92 1742.15 4570.3 2504.28 7434.7 4821.39 4756.22 4903.46 8982.35 9195.21 9621.77 
6024.99 8264.45 4374.62 3976.32 4125.6 2560.81 3868.55 5910.76 1456.99 9951.36 9868.57 5393.93 1086.09 9025.11 4979.66 
4371.85 5864.94 6100.42 9093.44 9627.65 5175.33 835.575 4197.94 7679.6 8270.27 9019.33 2435.81 3173.72 8001.66 1631.01 
2795.47 4026.63 9895.45 7170.09 8002.95 4021.04 9730.9 1871.48 9931.79 1187.88 1822.82 9800.35 6581.8 2908.92 8825.44 
1561.45 7280.77 4690.36 7661.87 6374.19 4318 2837.19 7209.77 8515.94 516.775 5480.02 7535.25 2952.59 8653.74 5536.9 
4583.59 1449.19 9563.53 4479.03 8619.29 7566.46 8500.07 8350.17 9437.94 8431.85 9538.05 1260.75 8232.18 6119.83 4169.66 
7057.6 7681.29 1450.42 1747.94 5343.14 7824.61 6065.94 8180.33 5034.36 4581.86 8697.1 514.372 2117.1 1649.68 9168.11 
7654 6233.27 617.29 7217.51 712.283 9236.58 4783.95 9212.35 7586.73 4221.88 7644.18 7124.76 5482.63 5876.34 3244.58 
9652.29 2933.92 925.849 1102.69 4681.86 6268.99 8927.3 747.784 4449.31 3961.65 5329.65 3146.39 4476.02 7446.74 4796.07 
3644.12 5100.72 1029.32 4261.41 2318.22 1741.61 3497.97 7102.17 953.939 1084.68 1324.03 8598.12 8209.44 6806.66 4474.44 
1454 6458.93 7408.36 2379.85 7561.62 2090.2 8648.85 6488.91 2837.99 3098.14 450.539 8167.63 6244.53 4926.56 5614.36 
1040.58 8570.68 715.067 2069.9 2832.07 3033.28 3811.51 6330.04 135.434 4765.45 7414.72 1459.46 3363.55 5624.14 8266.12 
7837.99 7078.14 4725.03 5246.33 9458 2286.63 7336.54 8106.83 8775.54 174.509 1204.94 9226.08 8342.14 7449.47 4152.62 
3956.48 8490.05 2723.28 4671.55 559.942 5555.35 7704.83 4371.45 1885.37 7840.27 9136.9 9300.09 9299.73 2500.43 4924.21 
7565.83 338.407 2002.34 2290.85 5584.74 1460.32 4577.48 2921.26 9567.14 3353 3095.77 772.07 2579.06 1437.9 8221.54 
6731.68 5394.38 6711.58 9454.96 65.9155 7271.52 5010.29 7770.75 1642.96 6895.67 5611 779.839 6195.74 4910.71 3280.27 
1119.93 2476.53 3618.68 3122.27 4767.38 9203.42 4582.58 9344.85 2124.66 4149.71 2697.83 5220.44 4921.78 5276.89 6658.33 
3143.31 2008.55 2052.69 9854.89 1463.49 2118.61 7126.39 6473.78 9889.36 8769.35 3369.43 5500.34 9549.19 9565.17 411.042 
2829.44 685.078 2887.57 6448.12 3807.34 7654.95 5651.52 8389.93 6999.78 7776.19 2539.62 9697.62 2996.61 7461.4 4974.49 
9654.94 604.685 6983.03 1707.61 459.554 8446.52 3826.23 7585.94 4920.29 3715.57 6355.28 8289.72 9215.91 5904.44 7854.87 
9626.95 8733.89 8539.95 2514.51 5181.99 2347.27 169.441 833.495 737.181 7169.23 8609.68 3276.8 6866.83 1606.27 738.179 
1841.3 1261.19 1342.86 8824.33 2968.81 1802.42 7270.84 6795.03 9388.36 2191.11 510.583 5743.62 480.811 9726.5 1648.05 
8335.68 9353.43 381.918 6875.61 1867.93 5563.91 9222.88 2037.37 6397.4 9960.06 9206.59 5007.07 3236.84 6073.4 6613.34 
3975.02 7914.7 7874.53 5317.89 6739.01 843.316 7120.3 4009.83 7638.35 6508.65 6200.94 8148.93 2252.25 6681.75 7875.41 
3900.3 5017.42 7228.82 4282.22 1893.01 9096.75 9846.13 1115.87 1134.1 6243.51 1075.92 340.675 1250.56 4312.76 6414.08 
7863.9 8287.79 4328.76 5738.41 3605.66 1067.75 6581.73 725.945 5077.59 4220.06 7234.6 1278.51 2368.97 9486.85 7960.26 
244.36 3387.14 2977.66 7473.18 7669.36 4870.67 6569.92 7515.47 5986.54 7704.02 3758.96 7062.46 8044.69 5009.53 1375.21 
4458.75 2873.41 9662.99 8787.51 8611.82 3268.63 9855.26 5193.52 3994.58 4932.83 9413.58 1229.16 6211.34 1782.53 715.992 
4171.59 2026.89 4103.13 7149.25 9500.08 1772.47 2019.9 6069.98 9287.94 8006.44 3773.97 3046.89 5068.89 1818.65 8056.41 
6444.09 6277.4 929.803 6107.07 5064.89 9541.62 9375.7 4920.14 4735.12 3370.27 9852.97 4148.69 4599.42 6064.3 5931.22 
5315.42 235.87 7958.11 9418.55 7385.12 7458.17 1191 9405.02 3528.13 478.923 7411.45 7302.1 3525.81 2480.31 9120.75 
1582.21 8924.41 5398.13 2512.01 5031.46 463.01 2053.61 4407.15 5383.15 6788.74 7777.41 5236.11 937.407 2376.82 1300.39 
6868.62 7692.24 1536.26 4826.72 7110.77 8921.38 2284.87 8301.77 8326.38 5813 8780.69 5737.81 3115.08 2306.48 8218.12 
2235.81 3888.69 7142.51 7633.95 6400.7 2173.96 8096.96 8454.31 6581.1 3480.09 5243.03 4358.5 8716.2 6180.44 6735.32 
16.5665 3049.04 4427.54 1552.82 7875.76 1538.3 474.182 160.613 9840.06 8800.56 5973.61 8620.74 4538.35 9088.69 927.202 
2756.45 1324.48 4815.89 9898.97 8958.43 1216.57 2072.9 7055.37 9670.88 8654.01 535.44 4913.9 3012.49 9251.64 1094.32 
9747.82 9268.2 4143.36 4175.34 821.009 2019.11 5713.64 1295.19 2179.72 5553.69 95.7346 8153.33 4174.4 4634.08 7242 
5101.61 7390.54 8566.48 9917.5 7289.49 7524.89 1134.06 9362.39 4580.24 804.923 8016.38 5115.68 5718.82 1028.86 4367.3 
6813.14 776.659 3635.49 956.48 4952 4456.5 2975.59 665.627 5751.69 5155.3 6219.31 5847.42 3308.61 393.701 481.49 
550.595 5495.31 7872.03 9117.08 5412.79 5161.5 6641.95 6546.84 4523.87 1222.18 7351.77 2540.24 6337.86 3070.57 3569.1 
705.143 9883.71 4345.76 4340.63 840.168 9297.76 8797.13 3815.75 9963.39 4548.8 8971.06 6182.69 396.204 2279.66 6576.39 
877.694 2830.25 2071.68 8749.72 1947.31 7484.47 3911.2 8589.26 4031.29 8435.08 9811.44 1383.04 975.299 6149.28 4453.61 
4544.4 6854.42 4337.3 8890.16 1195.04 5177.47 8187.9 9992.16 8993.22 8151.27 4540.94 7964.26 4333.94 4937.15 243.899 
910.312 5814.84 3074.15 2981.99 4564.55 5021.46 466.438 8475.75 3610.7 4497.73 6910.81 3422.12 5880.77 7886.11 9571.4 
334.365 2430.49 6425.8 4671.66 1320.63 7620.84 9849.13 9508.53 7612.99 8842.33 7659.79 2153.91 6806.58 1993.72 7091.06 
7050.48 2904.03 2905.89 124.609 5886.02 7470.43 5146.07 6352.45 5946.17 8756.77 850.167 2856.96 2178.88 6730.94 743.051 
1750.26 7065.3 3173.54 8176.06 1736.95 4494.17 5796.89 1586.06 4002.69 3409.85 428.379 1662.46 5563.77 7234.96 3656.18 
2654.81 4285.42 6560.2 5560.69 4410.03 2446.2 3031.11 9556.09 8798.66 8977.28 8312.85 9648.82 1834.22 491.708 6379.75 
2577.27 2241.97 3445.03 5750.81 418.014 5181.98 244.965 6214.9 6768.04 4247.65 9624.75 7196.42 5910.11 5188.5 4431.36 
9566.29 7843.31 8716.78 6126.47 3403.99 3126.79 8572.67 6435.1 2682.86 7371.31 5412.36 995.696 7020.12 7246.58 1487.4 
3399.85 9823.85 3729.37 6844.88 5574.64 4147.38 2026.85 5819.61 362.268 8794.89 67.2397 9987.02 5991.3 5977.35 5175.51 
422.645 5543.62 3018.81 9139.42 1670.08 6422.8 2266.2 242.732 2857.88 4949.06 7614.05 8270.25 5944.76 4634.15 5516.81 
7432.16 8034 5340.64 1161.51 4878.86 915.261 5308.9 6905.71 6734.87 5671.17 5700.58 6802.11 5658.17 1691.86 2779.44 
833.663 2114.51 8323.06 3852.47 1253.91 9993.13 275.249 3520.11 235.85 3133.13 8469.17 7849.9 1403.36 4413.91 2484.03 
6920.17 1846.05 518.01 2260.79 3007.56 5396.87 3176.05 8316.46 2302.56 9910.92 3987.61 8003.14 6713 9645.78 9695 
9492.44 479.425 1809.49 7815.49 4331.89 3063.4 7808.6 4607.14 6583.51 8044.46 7740.28 5052.66 5894.33 9143.64 9466.57 
8378.36 6063.79 1312.6 8896.37 8324.57 4320.17 4293.23 1500.61 2636.61 6595.79 1411.5 6624.22 4598.91 8124.51 6269.98 
4293.9 7616.93 6749.41 6103.39 5432.4 1081.28 9166.8 3240.99 5688.43 5750.29 1285.43 3428.69 802.94 7179.77 2572.31 
269.494 5558.11 8636.09 1582.1 4454.47 6960.65 5902.26 8747.7 8461.25 8538.87 5343.47 9872.76 5163.08 9942.38 7997.25 
1433.04 4236.27 5614.17 8182.45 339.644 1046.55 9263.73 9506.44 4287.54 4952.14 5256.72 5572.98 8380.83 6059.66 2752.72 
953.119 6329.15 8310.84 9589.21 7911.25 2765.29 6549.84 3813.49 1512.97 5011.08 2352.35 6856.44 4883.82 7515.43 6798.81 
2881.05 8948.47 1035.06 8495.22 7130.9 1374.7 9541.77 6394.62 881.127 3829.3 1346.74 6137.84 9402.27 9727.58 2197.48 
2154.98 680.677 8526.64 465.801 269.871 6437.87 3231.09 6819.71 251.345 4744.06 1830.78 2603.7 1600.48 6714.6 119.107 
8399.29 9595.65 9067.58 9434.35 8090.85 6198.46 809.035 7632.6 2593.06 1690.16 1461.88 3939.8 7828.01 864.138 3667.36 
25.4748 3019.12 4348.04 8552.11 3484.92 4617.91 4989.96 6716.01 1437.61 5241.3 1460.05 3268.38 7845 3060.53 9982.98 
7964.11 1459.81 9578.61 7031.67 894.138 7669.44 3230.11 1703.17 5302.03 5823.17 3393.34 6763.91 9762.97 1221.33 7628.05 
3430.31 1246.8 647.149 7778.35 9798.91 4132.07 2396.24 4788.85 848.061 3833.85 30.1423 2308.11 7102.23 7875.14 5368.65 
7085.19 5839.23 6828.45 6663.79 2870.88 7722.59 4333.21 6100.99 9425.76 9635.24 1924.14 2819.08 6399.13 1687.1 4040.41 
4027.16 5117.41 5287.21 4674.31 2895.75 5086.11 8806.38 5291.99 9874.96 9654.44 9125.84 9905.1 1962.54 6228.05 7780.23 
7331.18 3313.23 3619.45 4159.62 9977.02 6490.33 1882.19 4310.22 2591.3 1307.94 3945.44 4515.45 4127.02 344.555 6202.54 
8167.43 4371.72 1319.93 3454.62 9046.03 4215.68 8540.73 7852.39 9507.67 8415.67 7506.82 8633.49 8320.76 9469.36 4861.53 
6100.97 6800.52 8174.76 9720.42 960.121 8151.76 6210.73 2842.31 2461.96 8802.03 4150.25 6407.4 3317.46 8277.27 6751.95 
9520 6444.68 1123.66 839.92 9899.31 169.67 5055.6 8440.02 8022.06 4563.25 6855.68 5528.87 3196.72 5176.42 4998.2 
8058.25 1277.37 1798.71 6232.99 997.773 2758.83 4384.74 7208.5 5601.14 6846.7 6010.52 9751.39 3254.08 9327.98 8028.64 
6.01831 8847.96 4473.31 1129.67 9687.88 4372.6 1299.34 4743.47 2812.61 9321.41 9306.72 9668.29 4850.26 2503.42 4844.69 
9848.46 561.659 6122.06 1647.15 6794.65 7119.83 4405.98 1179.37 4328.32 7.10158 8026.07 338.82 9758.49 1280.14 9666.8 
7787.12 1286.15 8514.75 2260.41 2415.83 8202.62 6633.01 3715.17 2946.07 9445.62 3036.56 2252.77 9113.89 7886.82 4756.19 
3958.56 7735.26 5317.85 80.6064 9382.41 2112.48 7200.44 3788.37 3291.86 1528.74 3795.47 1317.91 1867.56 3553.95 2598.05 
1534.35 1341.05 3884.2 49.0785 3601.46 6300.03 8251.69 234.46 15.1858 1197.74 9680.08 3051.75 3450.51 8793.96 938.551 
8206.7 2752.5 8673.81 3524.53 2833.11 8056.21 5637.02 33.5303 1844.56 8928.88 1562.27 5640.04 246.772 3429.84 9193.99 
2844.82 4964.19 535.023 6729.02 5013.26 4136.49 3029.04 3264.94 4370.95 3044.22 4462.69 4051.01 6095.97 7913.2 2844.95 
7034.52 6119.88 5597.45 5708.32 9644.41 8430.55 3764.51 5281.41 8464.08 5609.07 4210.27 26.3417 1249.1 4457.04 3456.18 
443.07 7301.87 8420.37 978.092 4030.87 3433.61 5114.58 7059.91 6698.56 9485.52 104.114 1161.23 3536.52 6200.09 9074.42 
6381.47 3234.59 5194.29 1978.9 8942.91 4838.68 409.433 2707.4 120.078 8873.52 8316.48 4330.35 8899.86 9565.58 8787.39 
2356.02 8.62938 6089.24 776.373 986.722 120.097 4209.99 6101.3 7180.01 908.527 5586.81 7284.12 2069.75 9123.32 3484.19 
1144.16 5504.77 6718.78 6338.44 7483.67 5661.67 1177.11 7893.1 8369.08 1297.19 6766.6 6685.54 5627.54 5666.44 6251.1 
4414.91 8022.47 6259.73 504.14 8798.84 7246.45 624.237 3008.81 3347.73 7804.24 3917.33 8934.54 5088.35 5987.09 8057.85 
8572.53 7131.25 3562.6 5291.3 3469.68 1046.25 952.956 4646.78 8939.35 9322.04 5943.97 5705.94 6007.56 1571.49 1372.36 
2258.64 5986.41 9394.83 8518.37 6490.55 8193.65 5764.81 7114.78 1202.44 9112.54 4919.01 5119.77 8047.07 7.33752 1106.84 
6104.9 8579.87 8238.09 9667.5 3871.15 1707.75 713.733 4824.11 6354.53 9653.08 4146.13 2298.49 5359 153.67 3869.98 
6731.36 2412.31 9856.39 6126.17 930.672 6346.92 4319.8 6695.48 3461.68 5522.24 5808.01 8380.69 641.995 3855.06 8388.03 
1748.84 9959.96 6967.89 9986.93 9627.44 839.022 1694.66 341.156 5663.13 8049.2 9994.24 9809.26 347.67 5353.23 9962.93 
4217.65 2084.57 2375.23 4074.02 8210.74 3305.9 420.923 2530.53 1.36263 3882.61 8052.77 5809.37 2263.28 8694.76 9664.43 
651.297 443.583 9624.37 7619.18 430.497 9251.8 8458.21 2125.16 9592.95 4121.32 174.341 9587.18 3930.56 522.011 4940.38 
3893.48 4739.66 7024.95 6268.7 8813.69 5235.68 9574.6 9234.61 7766.21 9575.96 3117.2 5818.95 5385.32 5380.48 4513.7 
5049.73 6031.78 4957.28 4674.09 3650.95 5387.78 3925.87 2109.14 7512.94 3518.8 6230.46 7687.28 3105.96 161 8209.29 
8046.35 4054.48 2948.93 5071.28 323.161 1762.6 306.944 9897.76 997.195 8073.15 9473.71 4114.39 3892.09 4859.01 9494.88 
8405.78 9908.74 5526.64 3363.04 4582.81 9177.59 8750.82 8508.68 1286.71 6263.74 2027.46 7517.16 3951 5133.43 7678.16 
2160.27 3179.75 1732.62 5109.21 8251.04 2055.78 6871.81 8557.98 1953.52 7869.01 6631.11 1427.21 1983.38 523.182 6286.22 
1478.24 8928.96 6194.94 7004.88 2291.99 777.738 6182.45 1042.8 9286.42 7469.16 7306.54 1313.86 4986.3 1257.52 6447.29 
2664.45 3417.79 9627.04 4397.07 8527 7878.06 6452.85 5398.79 6436.03 8406.37 3267.78 3067.12 9833.58 5251.17 3590.31 
6119.79 6729.41 2519.25 2314.72 3734.27 4811.25 3092.45 9916.73 5854.04 2378.85 7385.87 3160.57 3692.72 2372.15 4418.09 
139.99 5036.6 7835.88 9767.03 9433.67 6362.87 7645.08 5886.5 1761.64 4081.09 4292.85 5029.43 7148.22 4126.42 280.574 
738.506 246.187 7009.98 3257.76 2560.9 744.239 8069.01 5653.36 660.95 3923.04 8032.21 8046.82 7083.6 1724.91 418.956 
1501.67 1864.9 5455.56 9337.55 1631.92 4889.21 5700.4 9277 775.683 7462.04 3358.07 5068.53 2491.45 506.272 9194.95 
2772.03 1244.78 9441.13 9782.01 4502.54 2002.02 526.231 2571.53 7655.38 1187.18 6494.57 5687.57 9234 3578.15 7412.49 
9652.96 5079.82 9277.39 5108.49 4417.36 909.29 9997.7 117.74 186.271 773.366 7579.78 3544.34 5841.9 71.2184 4050.62 
5036.83 2843.24 5295.39 4477.94 2625.24 9797.93 6479.96 3151.47 2369.44 4135.32 4338.65 8864.01 9822.9 3572.63 2442.14 
7235.37 3225.57 7521.97 6512.74 8334.06 1939.31 7422.03 8331.74 2057.05 7608.3 9105.11 9636.83 1152.63 4946.99 9708.05 
5203.24 9983.81 2551.28 498.618 4461.74 5176.51 296.533 941.686 8327.98 2665.98 5077.01 2666.61 1529.97 4899.89 6239.24 
3972.11 2135.24 9464.8 1494.06 8647.98 7798.85 3433.37 6069.99 6130.57 5490.41 3678.27 5235.67 5127.22 4830.89 182.638 
4835.25 34.1188 166.435 7386.53 532.737 4628.17 2563.02 829.27 5569.86 890.984 3495.25 646.853 3557.59 5025.22 5546.74 
9796.83 8997.33 7681.98 9261.62 491.373 6329.94 7060.45 3924.74 2399.91 3191 9415.15 6078.18 8426.67 4542.36 909.059 
8609.31 9377.61 943.178 8775.74 6764.12 1475.92 3403.9 9327.15 2305.18 8973.76 218.116 5800.43 9620.61 3775.71 825.63 
5167.34 3572.52 9822.96 2849.31 2834.12 314.315 9179.25 9894.57 4239.05 1579.15 3085.55 3654.19 7657.33 1512.21 8196.55 
8566.39 121.5 7574.14 9509.57 8897.24 4338.25 985.465 2301.13 3665.38 3290.65 1274.87 3883.5 9091.08 895.469 7659.21 
9916.71 6062.81 1231.71 9739.65 8912.12 4065.83 53.9491 8091.35 3960.38 4293 9670.5 7045.94 7947.19 7327.81 8558.14 
6143.72 5894.18 8679.64 3717.85 5403.73 7576.87 8056.1 6389.19 9878 1721.46 9679.84 1152.85 5604.96 8770.91 2048.32 
3264.15 8687.6 8111.13 4495.86 8427.23 7023.23 8561.69 8481.18 5114.56 2522.05 2774.17 4785.04 9567.99 721.344 2112.83 
8126.12 6865.07 8007.01 6805.74 582.898 3410.72 4382.59 8639 9799.92 4260.57 360.444 9479.75 5413.42 5965.41 8250.63 
7461.74 9229.56 6938.22 5572.85 3725.4 5365.43 2596.07 2287.08 3846.6 7710.63 4809.13 6620.77 2495.65 4377.11 7342.11 
4608.48 2503.21 4207.16 2615.48 9308.95 4790.06 6026.2 3691.53 3429.04 5826.11 7952.1 3789.49 5305.83 3365.51 9754.89 
3556.45 827.232 8984.43 494.653 6400.09 2709.82 5860.09 8996.15 4996.9 9706.69 6706.76 9806.03 6327.44 9202.41 4183.12 
3669.54 3810.88 6686.33 7876.7 6426.36 5995.26 2666.75 2452.55 9686.78 6095.79 8278.65 7638.86 9885.27 3584.47 1004.35 
9640.15 7140.92 1831.58 8624.56 7635.57 8231.67 1334.37 3495.64 7227.81 6331.27 3202.31 3934.55 6137.29 9529.76 3136.95 
320.392 3199.28 6947.83 7006.72 1075.96 3374.17 3001.96 3742.71 5826.72 2688.73 9838.49 4105.35 327.574 9723.75 7689.82 
1331.93 9363.88 4830.73 3163.51 7988.42 2466.28 1395.17 9322.79 5961.93 8622.97 5654.05 9164.24 2557.51 1791.32 8693.98 
5694.46 2111.71 1893.24 2642.27 9118.43 2969.2 6016.45 2120.37 6711.91 1843.15 4809.1 6550.38 5948.5 5136.67 6274.11 
3638.31 6468.6 5637.97 8469.03 9632.11 3626.38 935.301 1027.26 2949.16 6897.23 9650.24 8603.21 6061.45 2207.73 394.505 
4755.42 7902.19 2506.21 6648.66 544.442 1624.62 9617.86 6560.89 3744.99 6329.75 8404.03 8554.09 2880.12 4352.52 3690.75 
9154.23 7990.82 159.33 4792.19 6459.84 9791.44 8418.57 7395.14 818.687 1367.71 4292.35 468.906 9970.91 353.791 2676.63 
365.402 5109.21 578.803 2871.61 1757.85 1123.25 4496.24 1375.7 7684.13 8241.23 7705.45 6088.15 6795.31 585.551 440.65 
486.039 9739.78 8431.47 645.369 4531.95 4891.3 436.795 2950.5 2286.42 1255.48 4318.21 6578.78 1724.39 4289.11 6932.57 
4401.02 4654.51 2041.76 4979.82 7526.13 3799.61 6103.07 2022.35 5175.31 3787.18 263.567 2880.74 9875.33 7058.88 3466.29 
315.966 7544.92 3206.06 8747.44 8190.28 7738.01 3638.72 8627.08 688.498 5925.15 9882.56 5006.71 2503.9 1606.93 9295.82 
9436.47 6007.95 3950.32 1478.21 987.761 1476.43 5277.83 7090.83 3498.78 453.119 877.999 3762.35 3333.86 753.315 821.211 
6800.15 1069.28 8366.13 6.19263 9816.72 6556.39 7744.2 3455.43 5183.46 8432.7 9380.57 5066 3439.4 1884.46 6672.93 
2735.2 1320.91 2680.87 6685.53 2799.13 3668.63 8161.96 8076.96 759.443 1660.73 8530.07 1637.44 5423.08 1863.92 2390.76 
6244.29 8664.07 3460.04 4610.4 8670.26 3276.74 1166.78 6414.45 6732.17 6350.23 4847.13 6112.73 1416.21 8286.53 7997.19 
8089.15 1021.72 9318.1 769.998 7707.24 2117.21 4438.63 5869.19 194.15 5198.07 7529.92 8724.22 6835.51 2952.98 588.125 
9226.27 9197.27 9252.19 2686.29 3807.65 7922.44 5963.03 4974.42 4336.87 2695.19 1324.64 9184 8807.91 2740.85 7470.52 
6805.08 829.98 8492.24 6123.16 1599.98 6199.46 8240.38 6038.6 2068.63 8434.53 1236.66 9598.55 7158.73 8072.17 2551.51 
7746.86 7298.42 1748.76 6999.04 9984.71 5556.41 4921.46 5947.73 530.812 9258.33 8642.91 1855.45 8442.32 7450.81 4596.3 
5912.82 4255.87 5426.28 4405.04 379.017 7026.26 604.482 8619.39 3064.85 2673.12 7053.9 4301.5 2271.65 4212.62 2373.66 
4823.16 1959.46 9672.08 6571.91 8958.49 9656.77 2128.3 3879.94 5604.48 2659.11 3138.25 4247.37 4514.56 1580.55 1698.16 
9110.86 7493.37 5954.03 4537.12 1898.39 6333.05 1563.37 2502.87 4952.42 4628.21 5175.98 2006.31 8929.72 7447.63 6218.92 
1303.35 2270.77 8178.38 975.412 8842.68 7136.86 632.162 970.967 1016.78 6236.64 3630.08 4155.03 483.99 8144.64 5735.58 
2182.15 7255.49 3228.93 8136.18 1792.6 5127.31 4469.21 3355.96 7630.18 9421.63 7984.17 2806.14 1427.93 6913.87 253.755 
7646.85 8217.23 2524.52 5825.22 9192.64 1367.19 2962.06 9824.8 2338.15 3978.84 6061.42 5968.24 8133.87 6545.41 4112.86 
3869.43 8727.56 1368.33 7098.35 6863.72 3160.93 2225.64 1332.92 6516.89 9855.82 754.536 4501.05 2661.95 2182.46 1414.91 
2915.7 9829.31 9632.13 5440.23 5654.51 8824.75 6807.41 8616.57 8649.54 9145.57 2595.4 4710.94 5113.79 729.246 1256.34 
9226.65 4598.67 9983.9 594.965 1697.01 6847.6 3755.9 3922.65 8180.52 272.772 3778.46 8935.06 4773.82 6440.4 1117.5 
6188.73 9356.11 946.798 5820.85 4796.32 6601.31 4645.58 1603.71 5217.87 3295.11 749.263 7813.26 8006.05 5863.05 8542.51 
9262.38 5089.68 3141.16 9246.26 5684.65 4838.17 6093.85 9440.54 8760.82 4274.35 9713.31 2539.26 3209.39 4487.12 8979.67 
4326.9 675.833 8335.76 5273.7 6496.68 3132.06 1874.99 1142.25 4735.77 7092.86 4437.35 5485.03 4906.1 2443.38 1348.06 
3448.59 1705.75 6437.74 6589.76 951.995 2122.37 1427.91 7045.84 1562.9 188.715 1320.18 1276.19 2727.98 4529.57 5763.31 
1707.63 8856.47 6439.15 43.3672 4130.15 2935.81 3175.42 6005.14 4078.06 7911.19 3097.98 8515.41 3396.2 8004.08 958.781 
4744.27 1452.65 2664.53 1181.99 8042.41 3616.53 3304.37 9470.32 662.354 4867.27 9659.03 1982.53 6143.46 2386.99 6512.11 
1906.76 4094.62 5368.56 8345.91 4137.99 9498.71 1281.7 7313.41 5503.84 5359.76 5224.59 8601.82 3875.16 8620.79 6605.88 
4833.94 3365.04 8058.53 7498.47 4547.04 6100.92 1114.98 7851.4 5571.23 1777.33 2718.65 5230.24 3759.87 8862.11 7617.24 
271.957 768.855 1711.84 5640.52 9114.76 5849.83 5139.22 396.446 3163.23 643.035 5756.21 8387.81 9244.85 9631.36 7008.58 
5850.71 4465.28 373.607 3909.23 1963.74 4920.64 10.1337 3078.72 2772.03 5581.36 4856.05 5490.68 811.587 8615.92 4352.78 
8428.82 8887.87 5121.63 140.65 4528.38 4236.38 5990.48 9667.59 4632.82 9153.71 310.608 389.012 7541.5 9555.46 20.358 
4550.07 5406.15 4485.64 4923.68 9315.38 6449.38 9844.32 9325.51 9528.09 2616.33 4906.85 4384.13 8107.01 5718.44 3000.03 
2459.77 4147.25 1887.88 7581.41 4287.9 6416.26 1817.77 278.363 6083.83 6450.59 9432.07 6394.44 6839.6 6973.56 5949.88 
6859.96 1523.61 1356.01 1345.58 6447.28 671.373 7794.96 6291.58 9996.88 7323.04 8907.92 4903.72 1707.15 7014.91 622.146 
4707.18 9474.68 4769.39 6595.06 7056.07 9057.29 3011.3 8873.84 9335.66 9095.13 5324.41 8767.71 5489.55 2163.99 5741.25 
1439.41 9023.96 7264.85 2795.42 369.522 3712.12 3466.8 8164.49 3.68973 3463.66 5487.51 8911.61 8367.39 7194.66 5926.5 
8989.53 1901.82 5401.16 3758.91 8496.88 2457.22 2816.18 1508.16 1331.04 2151.82 603.271 6655.45 919.515 6092.82 8819.44 
6660.76 7532.23 7843.38 3925.6 327.637 8212.9 7637.72 3794.43 6377.37 7641.41 7258.1 1864.86 6553 5625.47 9059.52 
2479.48 4614.98 961.325 7880.64 8373.89 9458.2 337.845 1190.06 966.346 1668.88 3341.88 1569.62 8324.33 4261.4 7662.44 
7143.76 922.143 5194.65 4987.12 4847.74 5522.29 3200 2485.45 9316.72 9577.38 126.842 6574.8 1442.22 6679.84 2200.25 
501.725 9159.32 6815.24 1463.05 7039.95 5189.11 921.236 7377.8 6379.17 1887.58 9046.68 9721.05 3457.2 7370.99 3982.43 
1119.62 4514.73 4904.58 6314.27 9501.85 9752.32 1836.54 2701.84 2237.75 1153.24 2279.2 2364.59 7728.05 3721.42 9044.43 
9928.3 4223.14 8203.74 6743.52 5686.19 5243.67 1932.62 6607.43 2621.45 8311.79 8495.01 1668.11 8032.82 1952.19 9039.1 
2015.24 3071.81 3553.82 6919.81 9386.07 3055.65 6672.11 1222.6 5757.49 8909.86 2375.84 8036.69 1274.44 103.869 1758.09 
318.851 32.1538 5981.23 8522.59 6775.67 1667.4 3766.24 8708.29 8274.83 6387.69 7020.06 6769.82 8055.8 5052.86 8722.01 
7094.89 7068.1 1793.8 648.691 3987.9 1179.85 3704.34 659.992 2402.45 9461.83 9569.85 4778.29 7498.5 844.273 4882.16 
9256.59 1163.12 4914.31 5237.8 9685.71 1689.97 6905.2 3451.94 398.241 5180.01 9839.63 7418.3 1949.81 7895.42 2471.15 
671.797 4990.29 9539.25 2465.59 5638.98 3527.13 3645.45 9343.33 4187.12 6047.89 8805.14 3756.96 826.163 6303.63 4601.23 
5708.32 5560.2 5764.35 622.614 797.979 5450.05 2312.58 7703.18 8901.99 2710.82 2883.17 8741.6 129.106 4832.97 6637 
2600.25 5504.77 1627.28 2139.48 7970.36 7266.26 5666.61 1615.79 6609.57 9853.73 7663.69 5414.69 3610.66 8489.85 1718.3 
8211.89 4198.15 7278.5 3976.23 4820.76 8076.48 9426.28 7133.35 5779.64 8328.25 9844.17 8662.81 7069.83 9973.28 3495.76 
3706.82 2573.51 9000.54 5334.09 4712.99 6970.88 2600.34 379.585 8586.67 9209.9 233.295 6250.34 4624.58 3843.96 4740.17 
6342.88 2055.84 8938.32 3621.36 6032.06 3759.07 1697.83 5458.32 892.402 7477.47 3786.56 736.555 6140.25 856.37 709.814 
9636.02 4563.19 3283.33 8636.54 9897.28 7996.32 5607.4 2497.6 8375.91 4194.06 1707.48 8609.2 444.383 6332.06 2453.14 
5184.56 2674.92 4508.98 4122.86 6296.28 541.025 7881.94 7994.11 5999.35 8774.34 5471.56 9785.91 9510.89 1611.79 642.258 
220.689 1247.8 5205.45 3504.01 9884.33 5102.71 1500.32 5491.72 7600.31 9876.22 9685.78 9307.8 8485.41 130.144 5639.84 
938.53 5314.7 8314.76 5447.51 9437.56 4611.03 5988.53 7319.48 2605.12 1987.87 6093.8 8076.67 1773.75 5604.68 9688.47 
2416.01 5825.37 936.245 7621.46 9329.38 820.561 2724.15 829.681 6312.28 324.449 705.887 5998.04 9632.25 9191.29 6128.18 
5272.07 129.804 1442.87 3586.81 5577.31 880.413 8197.84 1565.83 8199.89 802.939 3553.69 4293.68 8879.61 5327.45 9898.36 
8568.06 7743.46 5723.71 9504.3 5364.9 5053.07 324.849 8089.05 5882.75 6637.13 8413.5 6588.64 2635.15 8045.73 5779.91 
8763.33 3317.78 5909.72 206.184 6904.6 1487.01 1086.6 5102.42 3052.84 9286.49 5905.36 6606.53 3580.15 4784.95 1933.96 
3478.49 3352.99 9677.42 9202.2 2857.28 5042.3 4255.25 3182.13 3131.34 137.99 9819.26 1544.82 6726.63 2454.39 9590.56 
2506.53 1217.71 2908.32 8416.24 1423.9 9812.92 9903.25 2510.49 4915.32 2956.08 1796.97 820.66 9562.61 5377.12 5605.61 
1496.56 8855.62 8958.61 1173.96 8057.8 1815.87 6216.26 2313.04 4998 9347.6 2451.03 4817.24 892.409 9177.66 7271.63 
482.948 1684.17 8489.34 3391.27 100.392 9913.24 3204.17 3.62998 2423.72 8119.49 2959.71 4220.68 8940.15 2522.3 9597.8 
4545.75 4018.86 8453.4 3504.33 5192.81 6511.18 5320.2 1409.06 8824.22 318.187 756.644 1275.23 5135.43 1649.05 452.869 
2407.05 2132 2137.03 896.374 5523.27 2237.43 809.597 8727.44 2241.06 3233.31 6846.92 5200.76 7453.99 5787.05 7723.06 
7051.78 332.782 1741.91 5505.16 3837.12 6934.72 2016.33 9157.32 8343.78 840.529 9475.51 9100.42 2115.76 4610.92 749.46 
2568.63 7017.97 2881.46 4705.66 7914.34 8404.73 6943.09 8723.94 7132.16 9184.14 1957.23 3979.06 4384.89 9411.22 9766.11 
2107.94 6462.99 98.8753 3849.84 1968.13 3935.99 784.545 3984.46 3093.3 9128.33 4824.99 2568.79 8228.73 6940.75 7179.71 
8978.19 9509.37 4197.66 1859.64 4215.02 2111.98 264.349 1158.09 835.896 7396.51 342.211 2793.13 1375.55 4727.1 2204.33 
1141.64 6835.04 8667.32 1240.52 684.862 635.435 5176.51 1469.41 4619.89 8269.8 597.716 9444.88 838.574 8826.45 6385.61 
8018.28 7804.62 5894.97 2215.92 9664.26 109.965 4327.9 9928.61 1268.05 5163.79 7325.1 1610.26 7956.92 8700.64 6337.36 
161.238 9842.28 3172.38 8828.56 1082.78 3857.25 9463.99 6259.29 5326.65 4083.87 4529.08 5924.37 3528.73 5367.65 4750.8 
9914.34 3385.91 2555.41 5809.29 5601.83 2219.65 5919.26 9929.73 2148.24 7187.31 5093.51 9473.33 8797.57 3050.41 8173.96 
5134.92 3211.65 8016.22 8307.3 2040.19 9099.01 2164.53 1504.16 5358.28 7491.19 5588.03 9887.35 3415.54 9116.77 5254.99 
8166.34 9031.1 8640.9 721.727 4840.37 4242.72 2941.37 759.615 4172.43 5089.61 7946.93 9265.93 4562.92 6744.48 2316.33 
2736.86 1879.39 5527.97 753.07 186.673 7568.16 9852.08 2351.21 9072.33 5210.34 9842.39 4660.34 5097.67 3257.91 3777.1 
352.645 1424.24 2808.17 8993.54 2145.96 7648.55 3236.24 5087.34 8408.16 7408.67 176.927 6355.07 6674.59 4739.85 3099.54 
8990.92 7476.71 4978.92 4518.87 8229.78 5165.59 2087.02 8081.84 7516.8 1159.33 3292.16 7359.18 5819.67 8389.83 617.072 
9596.77 8742.48 2041.31 2404.92 7736.01 4187.27 53.454 972.234 9274.61 8461.62 8380.91 9451.53 4816.67 5055.48 4191.36 
7916.21 4046.38 1668.06 2895.11 8565.25 9897.84 8060.71 652.257 7979.66 5577.49 1811.58 1271.8 2936.65 7631.25 9661.64 
3553.72 7228 8404.1 5595.03 9632.93 6140.09 9782.3 9686.38 7112.32 9056.89 8147.98 5493.21 8508.4 2964.63 548.677 
2699.75 880.823 4595.06 4367.81 3775.94 3160.3 4265.63 1836.63 3812.55 2245.28 7414.12 5624.14 3517.08 350.746 3255.37 
3178.7 3904.47 483.361 1582.78 9499.49 116.27 7722.87 9281.78 9802.65 4835.18 8338.64 7950.61 328.377 6847.03 915.229 
877.054 9546.78 1796.05 5472.11 3914.57 5571.99 8632.41 8180.2 7408.61 2444.95 425.458 4822.71 8069.08 3942.54 5173.46 
1324.44 7121.24 9077.92 1807.8 8704.02 8577.4 1924.07 6426.88 7859.16 1726.7 1262.04 6197.79 9677.32 1590.42 3044.8 
592.528 2467.48 2591.56 2388.58 7939.59 6506.13 7960.57 6571.98 4686.31 5369.16 9016.92 5111.77 191.858 7085.99 9054.31 
5365.32 8410.43 6175.53 4443.22 218.214 4879.54 3020.61 2142.28 1306.4 879.752 3868.99 2568.45 7077.54 3546.29 4158.87 
122.324 4138.81 6626.34 2713.89 6527.4 4565.92 9220.02 4487.95 1137.88 3906.31 9857.11 154.786 9018.09 48.9512 7240.78 
8072.38 5414.27 5651.19 4247.89 9857.49 5869.4 9127.43 2878.08 8011.69 433.82 3757.83 1880.66 3002.27 835.358 5426.95 
7161.14 957.682 9565.76 3787.47 3671.57 6093.14 8353.38 2891.57 581.068 9491.26 6797.88 438.161 9646.04 5815.95 487.112 
6886.8 3888.31 5901.38 2537.98 8136.21 5758.85 8407.38 7263.62 8636.94 6419.05 7697.44 2394.75 8299.71 699.695 3230.11 
3726.64 7860.83 4187.79 3292.39 1648.28 7859.36 9385.53 1.64668 750.914 9966.6 9492.91 7548.8 404.741 9138.93 3364.73 
891.854 6025.72 7253.05 6793.23 8563.7 5389.24 2552.07 6971.06 2652.85 1188.99 3390.1 350.277 3583.74 1689.8 1049.97 
6813.85 5416.44 8910.81 1001.63 8708.83 559.071 8860.99 8094.34 560.717 9611.91 8060.92 53.6064 7160.69 8465.66 9192.54 
525.405 9357.52 5218.25 7778.46 6150.73 3781.93 3167.68 8702.8 752.975 5820.53 9891.79 4143.08 6170.81 3475.52 5832.87 
7220.78 289.356 1249.3 6131.57 1290.99 9958.13 6690.64 151.962 8052.45 7251.35 9763.87 6113.36 7304.96 6924.54 4579 
6497.48 7449.94 3936.5 1715.71 5228.38 87.2194 5497.64 8396.06 8790.02 6250.62 4216.57 8681.8 393.674 387.362 2157.3 
6226.55 7608.14 2446.66 7475.84 3739.69 3737.64 7433.95 430.308 3889.61 5486.39 7681.66 3653.46 1599.73 4986.6 577.978 
6178.73 1484.07 8027.92 115.217 3199.79 3256.29 202.436 8697.43 1652.33 8992.46 4948.03 5868.9 7674.24 5341.7 6256.26 
9831.54 1568.23 3864.39 2278.18 9044.07 7604.07 6015.83 6478.01 8034.38 9905.43 1964.38 5716.03 3558.87 3564.11 702.616 
4136.85 9742.84 2186.69 2164.75 9858.05 5386.47 5421.04 60.4721 4083.88 7073.37 9052.93 9031.91 2942.25 6727.15 4373.59 
9198.52 6558.68 5941.82 3062.88 8836.86 4985.88 666.942 4852.67 1463.87 8701.32 4758.08 3428.25 4417.33 8316.95 6992.35 
5119.95 2453.79 6735.17 7306.64 4618.54 6593.21 2693.09 39.56 6653.68 6776.98 7112.93 5706.59 5808.87 55.1618 2433.73 
182.445 9253.68 8992.41 6124.27 2316.54 7829.25 1110.12 2983.49 2681.9 2573.99 1684.79 7439.99 6002.24 6102.13 5756.93 
2994.57 1222.06 8210.71 9729.74 8528.7 2829.23 6322.93 1221.78 2868.79 2976.59 7998.76 9981.72 8683.19 3807.61 36.866 
1116.9 3990.05 9290.54 109.292 114.303 1607.07 7938.54 1224.43 4590.56 620.433 3798.42 6275.35 8060.42 9800.65 2377.46 
3817.33 2795.21 3599.53 2028.02 2524.93 2128.21 4857.26 8847.86 3349.99 7726.05 1824.44 1348.73 7707.76 507.608 5156.34 
7744.62 1624.51 9146.39 7035.15 1733.8 9260.69 8642.22 9672.34 485.104 3232.76 292.759 4283.52 9508.11 8353.18 4084.16 
1885.56 2170.49 6879.37 5485.08 4198.52 9404.3 7613.29 9055.78 8252.14 963.264 6781.81 76.5671 2311.99 4489.55 584.175 
7468.33 2234.16 2208.68 6614.7 9269.31 3942.48 5875.38 7911.51 3614.81 6360.48 1144.26 3907.57 643.989 652.355 2260.73 
4728.15 2537.91 4431.22 1607.5 8023 8629.74 1011.78 5636.28 7685.5 9263.92 6599.54 4467.3 9340.49 8911.53 8956.85 
9924.67 6379.84 1191 2133.33 2994.53 460.291 6075.81 8869.91 8371.81 9690.62 5230.38 9516.06 3598.17 5874.37 168.402 
5858.9 602.498 2706.32 290.109 2209.99 729.299 8919.85 3221.77 6365.57 6605.34 2485.68 2965.1 1072.62 1826.15 1876.61 
29.4561 1750.8 8256.46 1220.45 3884.13 1250.97 1680.74 9959.95 120.865 52.5323 9650.55 5351.24 9568.6 3248.7 1225.59 
9737 9107.61 1828.09 2443.3 9397.71 4038.09 3172.6 8317.55 7259.86 9538.17 4922.87 9745.54 2503.25 5995.49 1571.68 
4379.87 6024.95 3322.48 2636.31 7245.4 7206.61 3887.28 8926.14 7166.54 4008.14 8978.68 6817.07 9359.39 8547.26 65.757 
584.963 8284.24 9173.36 2413.05 727.519 8571.06 6451.14 3900.12 6888.59 3710.98 3438.27 1811.45 3456.5 5941.53 7806.94 
5028.18 321.376 3831.87 8350.66 2957.68 1077.25 5557.25 6844.96 3.37617 2723.77 853.085 8982.05 9540.84 212.454 7529.29 
9606.6 797.417 5813.51 8779.94 3210.47 6541.03 7350.99 9661.61 441.131 4239.57 3372.58 3879.4 6051.01 6829.08 9820.93 
3857.93 1857.24 142.288 7689.8 207.882 3099.97 8767.05 5765.13 9944.93 8770.43 8488.9 797.999 7752.46 8029.73 1010.45 
5281.73 7636.31 1807.87 1095.23 6416.24 5018.34 7636.26 3767.21 4679.94 8077.39 8006.77 8052.51 1956.78 4057.77 4881.58 
1777.69 7915.7 6738.82 1919.98 5605.49 6946.7 5019.95 4372.52 2711.81 4964.86 3142.93 1200.7 5762.86 895.372 9230.43 
6773.31 6177.11 6866.72 8581.18 7272.34 3282.94 3599.51 4908.58 7050.14 8279.44 2985.95 5056.9 6331.94 4942.73 9114.67 
1213.5 6720.42 7030.35 7952.31 8640.4 2635.82 4899 3660.33 7008.34 7610.81 8625.2 151.253 8811.51 4388.04 1046.63 
8041.92 1161.34 7223.73 4908.62 9742.52 4496.05 8191.56 3342.01 9404.63 5241.69 1621.44 2390.57 298.569 7953.38 7333.3 
9413.24 9166.87 4053.71 6443.58 7119.17 2694.09 9079.4 2018.15 6354.42 6087.72 9628.96 4979.6 6238.98 8440.45 9367.65 
7285.6 6482.36 528.968 4509.32 1390.96 271.474 9005.37 9582.52 3613.49 8409.99 4824.19 5234.93 800.539 5122.76 3188.29 
8133.84 4535.98 2355.15 2187.53 979.537 9474.32 4881.62 58.9194 1492.45 1236.03 6146.64 1121.39 6215.63 2385.6 9561.85 
5583.26 9671.21 6044.19 6112.23 4180.51 7435.15 6383.7 3185.86 7017.65 9997.19 1595.83 1841.82 5232.1 2396.37 6964.58 
8420.39 530.197 1500.54 775.524 2717.73 2480.07 249.826 7599.35 2538.99 1742.28 8835.37 8685.64 2863.67 5050.99 1071.22 
2425.5 634.228 742.416 8469.69 6746.45 4922.93 5904.82 3130.14 8108.79 2922.45 3127.31 9704.62 4764.27 8359.41 2100.98 
1728.83 6779.79 2631.18 3229.37 7555.31 5348.9 5709.44 7805.14 2948.23 8248.43 9547.42 1783.59 6934.05 2411.07 6834.57 
8005.28 4836.57 7468.8 8747.69 3306.25 4215.24 3670.6 9211.07 7345.38 1779.37 2133.5 472.668 1483.98 6897.77 8832.08 
3584.96 8626.6 5611.85 6216.14 1855.95 3167.15 1565.02 7565.39 972.267 4513.25 5813.8 519.665 6296.84 2747.84 2930.73 
3131.4 753.099 7767.31 600.18 9500.79 1073.54 4815.42 3171.37 284.587 2160.78 4950.75 2418.09 2633.44 6434.73 9315.86 
1465.51 19.6712 7942.45 7077.36 6235.81 9798.4 244.487 7800.83 7363.77 1216.75 2314.07 3177.56 1736.42 8610.91 5925.4 
4667.15 1742.29 6678.5 2434.44 2342.47 6179.27 3507.98 7157.89 9350.64 3792.57 9318.66 4301.38 6210.66 1952.09 736.086 
5526.5 3417.6 755.757 3468.93 494.937 6991.56 3267.31 739.425 4792.38 631.065 1956.18 7106.45 3808.62 3692.6 5717.34 
9734.02 8359.75 7459.63 6412.5 794.179 9802.09 2591.75 4302.16 6959.96 1942.38 8094.73 6278.61 6243.75 4305.37 8230.69 
6979.84 9831.87 1648.27 7735.6 3300.79 2143.21 4727.14 6568.1 2882.63 9519.52 7199.16 4838.81 6625.95 1007.77 8531.41 
2343.27 741.77 6891.14 9802.9 7154.27 7685.32 9604.98 9746.02 1987.47 6564.92 1688.38 82.1797 2843.51 7932.14 4387.55 
1074.19 4911.96 4219.4 2722.46 2647.54 7520.19 4865.67 7374.68 4088.27 7748.3 6894.19 1287.42 2587.1 3520.13 2295.18 
1118.49 5863.4 3036.95 8009.64 5666.28 191.204 5694.94 5271.25 9937.22 7682.41 1836.15 1625.59 7764.59 4679.66 9557.73 
2152.12 5753.85 4469.67 6371.53 8476.31 7117.21 3891.7 3341.96 4491.87 7979.97 1090.24 1386.05 9267.39 3677.34 4906.17 
1562.55 4795.83 769.555 4599.5 2805.45 6435.84 4790.71 8500.39 1707.07 4727.92 6182.78 3543.22 6353.51 3947.35 8222.88 
5911.22 6099.48 3976.71 380.867 2470.98 2453 7498.07 6362.68 5794.96 1989.93 4342.64 6885.2 3375.97 3610.01 562.523 
8282.15 5172.56 5358.35 9051.7 9772.06 8163.8 5487.52 4562.75 6664.18 7194.59 9290.67 2846.94 737.793 5644.16 6794.3 
8960.67 1555.36 2893.75 2937.36 1936.22 5364.74 5390.36 9434.3 1727.41 1185.3 1424.21 6070.04 8070.5 4800.18 9680.05 
8633.03 3082.31 4852.59 3991.36 2134 4624.63 2155.15 7621.52 9187.38 8819.33 4816.1 8478.04 1666.25 5553.89 4122.18 
8460.55 4514.55 5677.54 1354.29 7451.91 7613.76 6719.02 2842.26 7048.04 8446.43 4027.56 8472.25 4516.45 2098.04 3272.42 
4196.48 731.054 6354.73 9049.07 4722.42 8488.73 3673.69 6877.57 6110.23 2861.05 5696.88 926.311 1339.07 7363.13 6480.2 
5461.25 5823.66 994.73 1138.77 7177.94 8446.64 8752.53 3896.95 1288.88 5800.55 2343.37 5316.44 4272.79 6859.82 7414.48 
7545.2 1056.29 8145.54 3899.91 105.341 2867.94 2388.62 3779.03 9745.5 8498.85 6640.08 5442.36 9425.16 7979.15 2805.47 
5905.34 3440.39 8629.13 6900.07 4579.16 5807.06 5346.7 3331.67 9704.01 6635.58 9132.22 2047.36 1952 3404.99 8907.18 
9366.48 950.176 9963.46 7512 4850.09 68.7859 379.917 7238.71 3847.81 125.402 5737.54 487.873 5567.76 5162.68 8467.02 
8373.23 1068.01 1907.39 7002.34 7968.08 6486.55 2809.38 3314.76 9818.22 2513.37 9950.34 8950.43 4560.73 1902.32 2355.41 
3467.89 1268.78 3305.58 3431.33 8780.78 8155.67 3500.12 9160.69 5394.36 7347.93 9286.1 1131.88 7835.8 4853.84 6294.57 
6302.81 3227.05 7362.58 8210.2 229.38 5330.65 4696.74 3038.76 8645.41 4514.94 5552.13 8595.73 3465.36 112.841 498.034 
5820.76 3580.73 1766.81 9126.35 7012.06 547.574 7282 512.157 9708.27 2676.35 7860.09 8994.35 3808.23 5695.87 3848.17 
102.78 1998.66 7075.22 7465.36 208.848 7304.6 2795.99 4905.58 343.347 1441.38 9420.53 5895.48 37.0936 2885.87 6008.32 
535.127 8706.63 9589.05 2301.94 7832.96 6601.09 2849.51 5114.95 7113.24 2557.77 7791.29 4973.31 1552.09 1599.51 669.164 
5400.26 1702.29 2667.83 2475.47 9167.64 2876.67 9780.07 1963.61 7782.26 123.404 3404.99 7202.77 6018.88 3442.09 88.622 
2027.18 3977.21 8795.25 1616.21 6279.15 6628.2 8217.3 9128.67 1743.13 5330.53 1686.42 9534.42 303.82 3238.51 1133.91 
972.985 8638.77 2836.2 3640.81 1114.23 2003.83 6517.49 894.286 3967.44 4299.73 1017.69 7372.43 1502.48 7036.57 814.504 
1591.1 9063.76 4791.72 386.341 679.954 1070.85 7014.54 8897.25 199.504 8757.67 4227.76 1885.92 8292.08 4531.58 5124.43 
9425.99 5504.57 3763.19 2262.18 9145.38 4877.42 4266.01 5662.85 5771.7 8233.45 9962.57 6789.39 5605.87 1465.04 3825.95 
6420.37 3056.14 2889.69 1212.07 3442.48 3569.64 2282.93 457.007 2466.88 2482.43 9214.68 6694.64 4368.35 7506.74 1226.21 
9492.78 6932.72 6730.77 3255.95 9194.9 5876.14 8133.37 3460.89 1538.97 3905.05 1694.32 1501.52 694.429 7300.19 2966.56 
4520.38 3720.55 6022.7 7410.07 4932.62 9465.19 979.695 7215.55 9922.19 3446.57 9697.98 9136.86 141.2 4066.31 6643.58 
1367.41 3559.07 3576.28 8098.18 6815.02 2771.16 3974.3 4948.37 6232.05 5513.27 8853.42 7926.38 7014.79 9547.85 5226.55 
9981.35 4068.21 8947.1 6004.04 1478.26 3879.7 5469.21 2457.96 1095.23 5391.39 5904.53 793.192 4528.23 6045.73 4859.5 
1171.79 7413.14 8418.57 4748.07 5511.31 5233.57 7519.23 9485.61 181.924 3751.27 4998.86 9035.35 1677.63 2013.64 8583.18 
6904.18 1994.97 2651.37 5851.26 7999.01 4129.64 9730.96 3468.21 6587.59 826.181 8859.59 2492.11 1619.37 3387.8 8537.84 
6478.87 4559.59 5950.97 4897.42 9307.66 1462.26 130.979 6826.88 947.851 312.904 578.13 5946.71 9348.25 2255.76 7960.35 
7931.41 9159.93 9955.32 582.769 5011.18 7954.32 4712.41 4742.12 1422.5 1299.98 5568.31 282.081 3792.09 7187.68 3669.88 
2329.92 3666.53 8229.47 8280.89 8563.96 7537.12 9743.14 8694.94 4363.98 690.979 9007.84 4942.11 6637.69 8356.07 7197.87 
4598.02 6287.47 6357.79 4553.33 6870.24 1368.95 2507.62 1582.63 6111.07 3930.13 2882.61 1679.36 4212.21 6674.7 8867.04 
7882.09 9004.62 2533.55 6111.55 7285.49 1097.5 3648.65 7028.62 9792.43 8012.64 7719.6 8800.26 2954.73 4357.27 7156.31 
152.581 8955.3 3443.77 6510.37 3508.61 313.986 7879.31 6016.23 1896.61 3990.37 9946.36 4779.22 5669.72 4158.56 1453.91 
4536.74 2040.63 458.511 7070.3 8152.18 7744 8167.79 1800.82 4772.61 7960.21 9813.46 2492.19 6760.45 2768.17 6849.47 
3916.75 2920.75 5804.75 7360.51 9431.12 9313.35 7674.5 7310.41 5329.57 9571.11 1300.76 5275.91 4350.31 6970.48 9434.47 
5804.22 1507.21 1475.08 6262.73 8577.51 9627.27 4006.72 6745.29 1428.07 8779.33 4705.48 1241.51 1271.5 1465.91 4009.68 
8120.97 5382.66 6930.43 3925.7 2743.16 6361.53 3239.03 417.64 3671.92 8568.6 9988.75 4972.68 3844.5 4339.05 1943.14 
3278.95 143.253 3450.35 4754.03 6405.99 2027.85 4381.28 412.689 8773.13 5809.36 9192.02 3478.59 7050.87 463.5 4944.5 
1060.53 8584.47 327.148 7990.96 2510.14 3070.31 4352.47 5749.18 3487.95 8024.39 4317.76 3476.68 2997.05 8162.26 7815.73 
4940.19 1441.19 7958.98 8390.54 6195.22 4364.95 418.373 576.486 4777.64 9191.5 6385.84 3969.64 2670.08 3436.69 4433.14 
7614.58 4497.22 3017.59 7941.73 2488.16 5527.73 1012.02 6840.62 1276.89 4499.97 4864.99 5594.65 7976.65 7862.04 3756.89 
5792.36 2802.22 5198.08 3751.32 1192.74 1393.28 8116.28 1611.12 1969.77 2893.9 802.603 8355.61 6863.54 3472.68 1792.28 
1296.66 1087.25 6289.5 4314.25 9028.98 8777.66 9841.98 40.9826 5618.26 1118.86 4540.95 483.24 6713.51 2517.58 8345.28 
470.381 8309.93 1147.48 5668.46 2061.24 2340.22 7061.74 177.499 3951.34 9031.5 3071.4 4753.94 7387.09 9934.94 8226.62 
9179.37 1231.58 9313.87 5468.85 5545.83 8342.84 4246.49 5387.79 8383.82 9864.76 6506.65 2924.75 347.981 3220.14 5442.33 
8693.26 3690.52 3752.24 9840.74 9358.98 5813.48 2180.95 6420.7 5990.98 6132.29 5452.18 9062.38 886.211 2839.26 8997.3 
9112.84 2018.61 228.863 8426.69 7487.47 5774.69 6769.51 1733.94 1162.47 5153.31 1598.69 7669.12 8078.06 1946.67 889.241 
3520.37 639.91 4579.76 7272.62 480.634 3938.73 3086.08 2661.58 359.408 9077.06 8793.87 5811.59 8139.43 9680.08 8650.85 
7136.71 8792.9 669.449 7365.58 7219.57 8156.92 3140.25 3989.07 9890.86 4302.72 9142.38 1489.53 1971.82 7220.42 3436.2 
2861.06 740.78 4076.11 7440.82 8013.4 4556.74 1379.53 1099.46 7218.32 1738.94 176.508 6012.17 7550.53 8315.94 5692.23 
6201.37 5452.63 4485.11 6870.82 2818.19 1704.66 5027.72 5958.44 5693.73 4918.56 261.145 4836.09 6408.09 2232.96 2056.5 
9844.29 5094.02 2797.28 3920.37 2534.83 810.654 8477.11 3914.36 1910.11 5695.42 5653.31 2086.62 1707.57 3203.82 402.541 
7399.8 9405.19 5855.17 1884.89 6275.99 8673.37 3589.55 1303.69 4631.79 9283.28 6222.25 4892.94 4119.35 2630.32 7125.9 
6175.84 2474.59 2219.91 8973.12 6394.96 4754.74 9783.77 4872.06 8669.1 1693.87 567.455 4322.39 3780.49 2275.02 7526.21 
4183.03 9674.82 6931.39 38.1899 1559.69 3207.36 8711.56 5149.24 4511.05 3343.33 4432.49 733.276 8236.27 8551.84 3363.6 
5362.15 4727.67 5838.18 7582.06 3700.77 2233.13 2336.78 3484.53 7105.19 1005.87 5178.4 7672.64 5328.26 8958.89 9947.66 
2854.45 3141.91 9622.46 9785.84 3180.1 1182.13 2993.18 1891.63 6331.37 7504.23 5234.96 763.847 8237.5 3471.21 9315.69 
1601.08 8833.36 4043.34 7439.27 6415.4 7744.11 9672.4 8752.18 1228.62 6777.56 9758.04 6407.01 4450.19 5086.29 5365.89 
4397.83 7940.74 8507.79 4020.28 7726.56 1687.87 5202.41 719.728 3579.5 1533.77 8223.95 8814.47 2297.61 6461.44 2285.66 
1613.28 8062.52 1119.01 5656.62 5501.77 7534.41 3400.71 5174.15 6286.57 4629.33 1951.7 6044.6 1036.33 6401.89 1130.87 
6402.22 799.703 9071.61 4909.99 4819.98 6798.15 6597.86 22.3797 7517.88 177.35 1556.15 5741.82 8991.82 3853.76 2203.24 
1277.46 5467.04 265.747 2396.47 1123.65 5767.52 9930.88 4524.36 941.654 6217.43 9153.69 2893.35 2262 190 9295.24 
3392.87 6592.22 94.9266 2464.46 1502.19 4914.91 9262.61 8100.05 4937.29 6780.48 8277.4 6493.44 2522.28 7269.2 347.178 
4725.52 8546.67 5814.22 4991.27 943.118 6937.87 758.769 873.976 1462.21 1700.42 7091.4 615.881 4593.78 9353.41 805.881 
3889 2746.26 7398.1 3983.93 5210.72 8900.29 8898.84 4473.31 7000.32 3836.11 1253.77 5277.71 329.526 3776.05 2546.89 
676.704 8501.57 1093.54 6490.92 3492.82 2036.66 3428.77 4251.59 2910.64 4890.98 5952.01 2.02002 5506.86 545.772 9355.43 
6312.75 4434.77 2101.67 3710.83 8418.7 7312.39 2611.1 7317.52 1785.68 9611.42 1153.61 3039.45 4889.11 1483.13 6815.51 
7436 2159.84 5317.06 8529.54 8650.76 8809.88 566.184 2079.52 3061.45 3476.82 6970.5 9013.46 3478.84 2477.35 9559.23 
2834.25 8790.1 3993.99 4935.92 2500.9 2412.67 2248.29 5112 9730.19 4033.97 4723.4 883.776 7073.42 9612.51 2366.91 
3888.91 7048.49 4526.75 9205.97 5578.02 3177.49 8015.83 6144.2 5257.01 1077.27 9621.02 2227.5 90.7117 3099.84 4704.85 
9649.95 5934.09 3494.92 3643.92 869.993 5995.83 6056.59 3118.28 1107.81 5786.76 7152.25 5831.21 6670.53 4225.65 5443.71 
9037.44 8114.57 2492.18 3564.17 7320.52 8070.2 6741.66 5336.33 4214.39 1998.66 6413.6 3835.39 4226.15 6504.31 6935.24 
8931 6154.24 2869.31 2425.91 9798.16 3739.31 8421.73 5854.73 6857.58 9529.55 1641.47 4009.82 5360.74 8312 8235.47 
804.432 7349.43 6350.02 3296.62 913.581 3670.52 1366.8 7655.25 9006.85 5581.19 9653.9 5420.44 9416.58 3880.04 1924.73 
6351.8 2811.02 8078.97 9221.12 5236.93 7877.11 2960.4 3658.65 3731.82 9817.99 3188.18 5373.29 3827.79 8548.92 3685.28 
2063.24 9353.35 1034.69 8413.26 2649.95 1948.27 2083.76 4016.75 9603.51 1090.6 9597.94 9257.4 6511.04 9014.51 3137.42 
8435.77 5366.29 5948.45 6514.72 4587.39 1185.36 4391.82 7547.8 4844.01 8123.65 7365.77 8032.19 3496.92 1193.54 6581.09 
7182.2 3256.78 5934.42 8216.88 1670.03 8584.37 165.132 3753.79 2601.11 9768.64 4844.39 2199.03 9026.03 1355.41 1213.52 
2163.43 9791.18 6579.82 8111.88 6305.89 1167.19 9297.24 697.695 8714.99 4141.23 8821.34 6080.74 2173.4 2318.24 7274.28 
8754.48 9500.44 531.049 4688.89 7717.31 2201.07 3273.24 7882.44 5954.86 5874.35 7651.07 799.238 8073.38 6677.08 2154.65 
9286.9 8840.51 1945.82 5866.7 6952.37 8251.71 7033.9 6249.59 8949.41 5748.87 390.802 7770.73 1829.6 2564.2 88.9564 
9103.88 1318.67 9589.4 9634.93 6007.56 7306.69 1835.99 9280.8 5189.11 7790.85 5155.13 2840.17 8590.09 3228.5 9517.24 
744.721 2515.39 8357.73 2690.54 8382.09 5310.08 942.234 5415.97 1559.66 9891.64 1164.82 1950.46 7662.35 2994.42 4514.66 
7751.31 2098.28 5833.32 7340.69 1733.19 1840.86 4647.36 3569.18 1121.65 9836.48 1360.01 6276.78 2676.63 9950.09 9505.28 
2193.85 694.799 2020.65 551.566 3385.34 402.716 5861.65 4327.57 5818.68 7421.3 4219.2 6983.5 9371.76 1881.53 9977.92 
3886.4 9632.84 2076.18 9719.72 6973.51 3809.37 1560.57 1620.86 7378.55 2682.21 1457.32 8738.55 8958.99 4133.95 8688.63 
8464.25 6327.8 9383.43 484.879 6879.37 2768.75 887.596 2741 7096.33 6706.28 162.285 1315.51 3689.76 9534.05 3197.04 
3667.67 3420.43 2829.86 5743.84 3140.13 9803.38 9553.21 4700.7 1424.22 6931.74 7382.91 2881.54 5670.28 6341.89 7015.49 
4358.9 4806.12 3343.27 3742.31 5291 222.622 6511.06 6178.6 2963.62 3607.37 2884.86 3125.9 4922.88 6574.62 2659.93 
8119.92 242.272 6080.36 949.763 5986.12 9220.5 753.124 5539.31 3921.18 2177.35 2471.04 1304.08 5058.89 8141.32 7645.97 
2074.36 2500.2 2452.07 5417.64 6242.51 7743.08 5640.26 2753.55 3921.66 8603.88 6360.92 6806.52 1729.77 1283.78 3381.12 
4389.7 9403.7 3623.39 470.044 353.447 9609.51 9690.54 1106.57 5148.81 3611.7 3283.92 7619.85 4915.78 8342.81 5761.15 
2561.73 417.152 8261.35 5013.81 5834.79 4503.84 2756.86 1475.03 7257.39 6678.52 78.8915 3618.29 3485.02 1808.66 4902.08 
6866.14 6198.36 4305.76 489.517 6668.4 4659.21 99.0099 6358.92 5765.78 5247.82 9970.63 9049.7 2867.65 4886.39 7392.49 
8628.79 7448.13 7809.64 6890.12 2461.92 3644.41 1393.94 5218.78 5119.44 8651.33 1897.28 5198.33 2269.61 5382.3 7006.99 
7171.69 2248.43 3205.33 1477.43 2737.94 9873.73 6136.64 2836.95 6232.63 1902.4 8084.77 6203.24 952.082 952.399 1089.62 
8344.57 9581.19 8537.75 6154.19 6471.3 999.65 9798.6 7865.25 6218.43 4918.02 6516.56 8115.72 116.329 8786.17 3498 
7123.32 5957.84 5746.43 328.625 7435.27 8484.38 202.334 3571.89 1321.31 6434.97 5474.3 9406.08 2638.19 6426.38 358.465 
3727.82 4770.93 9939.66 2265.55 925.099 6410.94 3265.2 723.677 4276.17 9483.63 5641.69 792.716 7599.33 5758.02 9578.89 
1097.31 2881.32 5536.71 6843.74 3209.95 2971.97 5328.1 3412.28 6543.86 6649.41 9847.25 2018.14 6055.48 2485.43 8444.52 
6413.95 6213.24 3215.43 6353.59 8478.79 4140.53 2764.51 1743.97 4864.2 7040.69 1227.59 505.881 7833.4 8826.91 6263.9 
7412.27 9924.23 9145.22 2948.97 6767.96 2355.15 5920.93 2096.04 5767.44 2464.78 8745.45 5614.67 4482.91 4800.92 8100.09 
2927.41 1214.85 4313.32 6142.84 7568.44 2792.09 283.354 332.933 4536.06 5147.56 7373.62 5763.65 5653.44 5207 4590.54 
1917.33 2619.26 4514.76 1062.53 5568.23 1282.69 3417.69 1489.14 3378.73 9185.12 3953.92 2124.17 4799.77 8436.83 6925.09 
2899.85 1364.23 8139.94 7213.16 7507.07 5708.36 5.23539 7790.43 6041.29 4541.3 2937.97 3414.89 304.928 8591.41 8621.89 
4895.47 508.717 1241.14 9410.23 1571.25 6809.36 692.905 4988.94 8298.5 4071.64 4174.05 2252.41 6195.81 8973.82 689.219 
3120.88 1873.65 2053.45 1260.8 9086.81 9560.52 6969.16 9092.05 7350.93 3010.43 3633.33 288.878 6425.32 3938.26 8880.29 
5047.19 8833.73 9389 6288.33 8243.94 960.237 3097.68 8936.85 5949.18 1396.16 3008.47 123.207 3648.57 9204.28 9097.03 
4337.79 2325.14 970.661 6391.24 3585.94 57.4564 5951.74 555.08 9149.5 3302.65 3565.51 2782.82 3591.53 9990.82 6721.07 
2471.8 5038 5554.79 1860.78 1326.31 3798.71 2821.02 4423.99 2735.54 8770.19 5820.16 5744.01 8893.4 9468.73 4948.27 
7990.41 3806.5 7273.41 8961.07 197.718 859.337 9018.53 6149.46 1414.42 8168.02 9452.11 4979.92 950.816 3043.62 4970.73 
7671.89 5515.41 8.71295 3226.66 7376.19 1335.03 7025.37 197.194 5759.02 9760.91 8967.39 1579.16 5504.91 7860.77 1047.87 
453.162 5851.17 4854.36 7726.57 4812.23 5052.08 8585.91 3830.74 1201.52 0.309921 1998.74 653.611 4980.23 2949.55 3697.23 
9950.96 621.428 9212.64 9959.68 3848.09 6588.82 1294.69 873.443 6786.01 7053.7 634.341 5753.38 8632.86 6139.25 3614.14 
9680.72 6592.41 9465.31 4535.07 4318.97 4277.52 9587.15 2904.86 8108.26 788.657 2905.17 106.979 1442.27 7885.4 3056.53 
5139.5 7836.35 3677.96 4352.12 7796.01 7526.05 940.919 9090.69 8399.49 7726.93 6144.38 9033.83 3480.3 4777.22 5173.06 
7094.44 4457.93 1765.46 6559.73 8993 6084.42 837.233 8580.14 8989.29 8945.49 9368.8 1894.44 9052.47 811.047 9779.84 
2108.99 5950.54 7616.17 5786.95 302.644 5412.16 3312.98 1243.56 4502.84 1712.45 8970.49 647.203 746.27 2450.77 5424.43 
5919.33 9545.21 9882.36 7684.79 6104.93 8875.34 3769.2 6942.16 7455.46 2758.47 5887.63 6824.24 4652.91 4940.08 7635.29 
4432.73 7049.07 3585.81 2048.89 2836 3888.46 7461.05 6148.98 5132.02 1963.88 7861.43 4102.5 2611.08 8607.7 6553.27 
8035.5 4527.02 6098.47 7917.84 2211.79 2203.37 6793.17 5980.99 9145.53 4248.61 8739.46 5033.15 1072.83 3392.35 9973.23 
8708.12 7825.08 7022.29 2293.92 9873.97 9858.29 6182.37 7335 6007.25 1314.38 9298.88 3868.66 5416.87 1909.94 2476.35 
1970.13 9945.45 7003.37 8068.59 7863.27 9215.16 271.95 4656.42 5196.14 9417.48 8905.03 3935.58 4450.62 9977.86 7327.93 
4423.83 8685.97 5153 1446.1 979.868 5026.95 1304.37 7162.24 2361.94 7311.62 8476.62 1660.8 1180.27 3893.47 3570.75 
3656.61 5863.6 3516.17 659.961 3932.18 1379.43 9875.12 4204.13 6035.85 5071.24 3621.59 4940.86 9006.82 8072.21 4918.71 
6334.74 2496.03 3604.66 1487.72 3942.13 4584.53 6514.67 5246.51 1746.75 8876.62 2558.11 223.353 537.402 3738.38 4116.83 
4108.15 7394.99 9980.43 7624.32 8054.95 3912.59 9003.75 7930.05 8116.71 5039.58 3001.28 1738.29 9980.44 2008.09 9810.5 
4899.13 8342.83 2306.51 8503.79 9830.55 6248.64 3088.31 6345.21 1495.13 4835.06 5221.81 4053.24 5058.41 5759.21 7791.62 
9175.24 9867.36 5186.59 9155.65 7491.66 3241.52 3068.22 6495.39 1171.56 1184.91 1534.96 4172.84 2923.21 1515.39 6180.93 
2733.69 6414.52 4523.73 5040.2 4918.3 4354.27 1288.83 8006.61 699.458 2783.96 2841.65 5921.26 6837.2 7900.06 1680.45 
4628.8 7075.28 1547.79 9815.39 6230.91 9039.45 3056.9 9299.13 5534.83 4228.46 484.026 7069.79 8401.3 3407.23 8585.18 
4582.21 6140.92 4999.68 9105.94 1181.1 9917.98 3460.2 2469.93 7924.57 4159.65 5253.89 766.198 80.9 2091.07 8666.26 
1761.35 6719.87 5741.52 3309.15 6535.25 1972.41 2348.58 9592.15 1271.52 7883.42 3820.59 1755.55 4953.19 2221.88 5162.78 
3538.35 6804.09 1303.68 8538.03 5910.01 2484.79 8456 9370.21 4954.71 6380.55 3529.84 208.582 7146.75 3610.74 2299.65 
5812.98 5372.1 9019.52 1554.49 8681.25 5554.75 3526.9 1029.81 5146.89 4798.42 8913.23 8967.48 6553.97 3866.41 1189.34 
1716.73 7404.76 7993.42 3020.41 5942.77 3903.42 5505.2 4398.75 3273.61 459.894 779.283 6803.45 668.476 7926.03 414.182 
2968.13 3739 5786.28 1987.63 5293.48 4467.51 7542.39 8820.38 5497.33 2689.26 3618.78 4410.54 1656.72 172.73 8276.95 
2846.05 1889.46 5681.69 839.458 4909.87 1624.44 4742.88 415.053 6023.19 8016.49 874.946 6802.48 4819.92 1543.42 4728.49 
5234.11 4511.55 8467.49 1020.37 6499.18 3760.95 5487.88 4041.56 2581.32 985.189 6730.81 6200.1 5395.73 8387.53 6372.83 
3672.66 1233.57 8262.29 9354.34 2073.03 3172.14 978.77 6815.9 3587.2 7001.96 4832.37 4462.14 3804.42 9652.29 6005.56 
8532.92 4886.38 517.099 7000.39 5906.75 7016.28 761.325 1394.62 1057.82 3342.64 2379.81 7788.64 9542.74 7775.54 6176.15 
5915.55 1448.18 7409.72 4177.82 802.505 9482.74 7349.97 1781.27 6298.63 937.146 8783.24 1130.98 5399.29 2587.65 783.258 
