600 15
4551.67 3923.75 5413.39 5392.68 5152.95 8377.91 4709.73 4690.89 1715.46 3815.02 3909.5 7213.69 6371.33 8227.41 5165.62 
9095.37 7395.6 1287.15 8771.37 1337.69 3047.11 8541.69 7645.25 4998.5 651.787 1437.21 9227.82 2438.97 188.122 1386.63 
2567.89 4739.79 5310.39 7981.29 132.457 463.315 6359.18 4842.19 5154.2 8074.64 8657.21 9063.71 5288.31 5028.53 7291.09 
453.915 4123.88 4686.68 1741.06 2895.23 6024.37 4788.17 1436.91 3669.6 9786.67 2088.7 5106.81 9014.47 4527.66 5294.93 
401.086 7095.55 34.7081 5711.47 5076.82 167.165 6174.79 1435.99 5009.36 1328.97 9510.62 3666.55 392.662 4798.92 8695.09 
7683.76 5252.84 2818.95 2370.42 6993.9 5714.18 8394.79 1782.05 7151.09 2064.37 1568.71 9239.79 7171.18 583.161 3767.43 
2466.09 984.246 862.965 2500.8 6695.72 5939.79 2667.96 2870.49 7375.77 7677.32 4199.46 6886.38 1343.86 4592.12 1685.29 
38.927 2275.86 6938.12 2857.87 4646.28 3932 8572.06 3041.05 5714.05 5723.13 5105.42 7282.76 4962.9 2276.58 7865.92 
8730.33 4742.67 8850.17 9593.29 7243.47 5545.87 5533.06 9911.43 8416.35 2908.82 7588.73 2615.8 9795.2 8932.59 7207.92 
1480.47 8971.52 9483.79 8418.59 1829.38 4130.05 2350.57 401.415 7171.1 8064.63 6124.54 2276.5 5347.37 1087.43 4553.08 
3213.27 9817.75 9295.75 2063.42 9411.03 6539.2 7609.29 4944.08 6450.61 6025.62 7852.9 4039.33 8641.42 7648.08 2971.9 
5849.33 9128.54 1943.4 5333.1 7547.12 3772.78 9463.15 9897.69 4174.19 6634.23 7962.3 298.721 8910.73 3309.65 1386.15 
3463.8 6522.92 1203.88 2759.53 8586.34 614.898 9298.73 6195.61 5558.97 5749.33 2221.22 3411.85 9788.65 862.62 1059.91 
2760.54 6711.95 188.439 4703.94 2045.02 7735.56 8476.72 1508.15 7633.23 2650.9 8142.38 5595.51 2949.62 7053.1 8905.16 
4335.76 516.88 5428.07 5539.65 3276.41 4014.39 6154.55 2575.13 209.985 1713.51 8324.45 2431.2 5125.36 8113.09 3293.82 
6185.27 873.613 5.74988 6373.71 5577.56 2050.77 4109.25 4054.26 3558.93 1742.46 6705.15 1701.29 7337.97 9654.77 8754.39 
6243.12 3990.52 9271.27 1671.17 9530.17 2547.67 5685.57 5684.7 5122.79 5895.55 7398.21 3447.23 8326.75 2523.55 1560.3 
1620.55 8708.82 2433.92 1626.3 5082.51 8011.47 3677.08 9191.76 2065.71 7236.01 934.201 8770.87 8937.3 8272.17 8425.62 
7691.68 4515.28 2416.12 6962.93 6186.45 1946.28 9510.6 1872 7630.98 4633.37 7767.55 5029.16 8080.6 6094.29 7552.71 
9640.91 7714.84 6261.51 2074.81 9341.15 1344 86.2628 3018.21 535.744 2151.98 254.199 1469.95 922.827 9191.5 9742.12 
9348.45 6883.16 4257.38 1764.56 3846.07 443.814 3710.83 3356.65 2315.81 1341.79 7990.03 83.3486 6370.96 6070.61 6177.63 
3923.65 5711.5 3892.46 185.145 7786.31 3233.59 1529.15 7872.57 6251.8 2064.89 24.5321 6506 3534.84 947.359 5697.48 
3276.94 295.791 2580.62 7534.32 2060.35 6426.69 7978.14 5771.18 9783.34 293.933 7112.97 7773.35 377.282 3483.91 3843.95 
6554.92 7407.56 9555.45 447.358 7592.71 7341.74 3680.95 9121.85 5214.3 9932.74 1186.73 5238.83 6438.72 4721.57 6186.19 
2136.18 7998.51 6481.98 4716.8 5532.82 8542.33 1143.47 3510.93 4313.49 926.798 3804.87 1426.44 8700.15 4182.15 4910.35 
2544.08 737.048 2317.9 2099.51 1184.41 9910.6 9441.25 4865.35 9032.44 4655.53 4798.08 219.15 9894.37 1236.78 4940.72 
6080.54 3372.96 2939.21 2562.5 8089.76 8472.03 1104.81 9233.23 1982.94 5418.3 160.014 5787.81 6844.74 8860.16 9969.96 
1755.08 1404.23 706.991 4072.97 3503.74 1891.4 3983.55 2944.97 6756.75 3015.97 7600.51 1554.81 3235.12 7494.86 2791.59 
8175.84 3575.38 6164.55 1115.04 6137.88 4254.3 9587.07 7242.69 3487.51 1569.99 2660.97 3647.52 7357.81 9505.71 2507.67 
7327.75 1260.77 3911.9 8034.74 5333.74 7415.63 9926.14 9317.3 360.589 6682.87 2333.25 7961.1 8237.68 5568.38 5455.94 
1029.25 3744.21 9031.31 7193.81 4859.25 5169.17 1448.09 4446.29 2411.84 4935.6 6016.29 5072.81 8583.12 3374.08 4578.5 
1090.78 701.809 5839.27 5002.67 8736.55 1173 2418.29 8662.67 490.28 2778.88 5345.52 2823.53 739.955 3583.18 8391.91 
6195.89 4612.44 2136.1 5227.19 1806.23 6995.35 396.34 3254.31 1441.63 2808.18 8189.91 7457.92 7880.99 6773.01 831.975 
2459.48 7863.79 1533.78 8298.75 2866.44 270.316 9471.75 5284.73 8932.98 9962.03 8063.6 4278.49 2785.55 8803.56 7861.67 
1177.45 4999.43 2474.09 3313.55 226.602 4280.32 308.88 622.941 7534.64 1750.51 3431.12 5724.53 9208.42 1312.09 2497.53 
40.38 3771.57 361.298 1574.16 2070.31 3227.74 1844.48 1542.04 8512.47 777.447 1504.05 6576.06 5055.94 4289.6 5379.6 
2917.59 5467.05 379.016 5391.69 8780.6 605.617 9672.01 9089.48 1228.56 7206.63 839.966 4659.68 2931.14 48.3712 5971.77 
5428.66 88.7512 9743.35 5789.96 1662.92 1813.63 9017.7 3507.4 3355.67 7530.15 4284.84 4859.73 4106.19 9340.78 9149.33 
9485.79 2258.35 4616.36 9864.81 7650.03 3396.94 470.411 7322.03 2486.4 1698.97 4528.63 3326.36 6358.65 7459.77 3374.73 
2330.41 2888.42 3463.49 2073.73 8678.38 5126.4 3887.37 7696.07 8633.8 7243.04 5226.2 2918.62 2102.75 9332.4 2259.38 
1252.06 8818.18 4517.73 5868.42 8682.97 2167.75 9265.35 9153.38 9489.77 1751.73 852.332 4018.39 5078.1 7210.98 1478.15 
8452.83 9541.39 4366.57 1916.3 1615.1 3044.93 7042.7 5502.47 740.979 5676.48 2745.49 5967.18 8595.1 4848.24 5299.56 
854.466 6100.3 4117.72 5372.2 1968.7 2800.67 7539.94 1234.04 1954.04 7029.7 2985.77 2806.37 1048.07 8063.87 17.3328 
2526.22 6516.68 9558.72 6892.79 8432.98 1173.81 9937.72 5475.67 6676.28 678.678 1152.13 9421.77 6645.86 9747.24 4270 
1945.41 601.686 370.279 6063.13 5973.88 2338.98 8863.8 3513.81 3573.01 817.822 543.492 6558.78 3624.19 1591.57 4622.63 
3641.52 4117.79 1139.3 3200.23 1010.56 9572.28 4374.03 948.256 5047.94 1050.29 1626.93 6200.07 472.047 8272.79 5947.29 
4742.04 218.183 6548.97 5112.32 6281.31 2522.84 7451.3 5145.1 6036.65 1024.3 5962.92 6580.14 7583.08 9587.11 8171.71 
2205.7 3228.62 2289.48 3345 6428.84 3300.03 2917.27 802.859 4248.29 7965.2 1853.15 5875.22 4165.25 2325.2 4148 
112.523 7067.24 4366.18 6661.5 2179.55 647.479 9184.34 9630.85 5792.58 5220.97 655.129 1755.48 1801.09 8238.21 1342.57 
9972.8 443.894 4571.19 2262.26 3788.89 1000.01 5562.29 6706.16 1802.87 9810.58 4671.34 3656.03 5685.79 8836.59 5981.23 
9833.79 8949.12 3048.45 4199.96 5610.6 5228 4847.43 4794.91 4858.83 639.992 15.8632 5513.96 2395.47 1816.95 3752.15 
3738.04 1789.73 4196.05 8309.23 4051.99 7984.94 9309.24 9614.28 4691.08 1112.1 9424.84 9362.42 4768.12 5110.61 8199 
749.333 4944.38 7148.1 3797.78 9144.34 2758.67 9025.78 3991.76 7553.59 3884.59 4631.75 7569.45 9398.55 7027.22 9386.4 
3150.68 765.24 1176.12 7346.73 9074.47 5228.11 5331.65 8383.69 4842.38 22.7162 9495.79 4267.2 9385.14 4263.9 9377.82 
7584.12 5013.23 4322.18 4732.2 8811.01 3466.51 7490.87 7836.78 7458.26 5044.44 1721.35 2089.99 2613.88 1119.89 9117.21 
2000.27 4270.57 9882.45 3176.39 1617.28 8956.9 8404.5 6948.94 7340.58 3246.86 6971.65 6836.35 7514.06 6356.77 1100.23 
6891.86 3940.88 6113.46 1214.03 8673.08 4924.46 4680.53 6163.93 2761.22 2138.78 1208.36 4482.57 4228.77 3822.24 5602.46 
3345.96 5822.51 9873.03 3228.4 8998.89 1490.3 2185.28 7403.38 8439.24 9525.86 650.218 5410.87 6362.2 8164.28 1767.63 
7462.43 5056.12 5708.5 3575.87 6270.15 4381.56 8500.33 950.663 545.478 1261.53 3089.44 1753.84 5744.11 7318.21 5576.08 
1346.55 664.159 1398.57 1219.56 3892.56 397.442 2709.86 6077.84 7800.82 1149.08 5603.69 8451.04 6559.95 1965.87 6615.3 
8327.58 9428.29 1671.4 4036.07 3004.15 7941.55 8417.63 1504.46 8892.21 8963.11 2766 1981.64 716.933 8510.1 9299.85 
6293.01 9856.65 9964.01 7691.57 1076.2 3856.55 8089.02 3786.07 9934.39 5889.82 4935.15 5538.06 4340.84 1495.08 7503.93 
956.121 9822.67 6932.2 2627.52 3858.72 9936.35 569.059 2276.34 1440.8 9461.27 1239.43 4206.79 1442.89 1956.36 2716.88 
742.727 8249.37 2573.52 706.719 5940.93 3649.72 4563.27 4029.93 7435.78 4497.64 9919.75 2370.91 35.6879 4260.57 3866 
7539.62 5216.69 3688.65 4471.8 7844.22 7547.37 4408.14 8413.27 9823.7 5848.93 7874.53 1063.12 55.7083 9317.43 3019.48 
2772.59 60.1357 1268.84 5346.1 766.854 7209.77 8995.82 5330.12 1239.68 6431.59 9827.77 1159.41 8802.5 9863.45 5419.98 
2668.48 7403.05 636.659 6357.13 1874.84 8480.87 3904.48 6282.97 6894.13 3728.17 2131.89 4768.65 4791.28 2187.6 4086.05 
7810.76 4960.18 4146.19 9079.6 306.271 4913.04 6289.35 9302.09 243.149 7529.03 5733.66 70.8965 8688.45 4536.15 9934.35 
4108.42 7204.63 7337.38 4745.07 3561.75 9212.22 3225.93 7466.23 5495.18 120.045 1194.38 7627.07 4888.69 5985.66 9814.66 
8974.74 3796.4 4774.83 3120.92 2875.99 5081.1 8033.96 9165.34 4383.18 8277.11 6694.36 116.823 8348 5382.79 4652.97 
8282.34 9491.2 1857.59 5619.7 4236.26 5419.33 4831.91 7462.19 2885.55 327.066 7582.24 4079.92 7954.13 2470.91 65.5629 
7768.78 1445.64 3861.97 2543.59 4566.55 6737.95 7624.7 2600.49 5903.28 2007.86 877.583 2597.62 2124.68 9225.59 7980.4 
6777.65 7507.91 7471.59 8635.24 3127.59 1707.83 4054.56 7959.5 9170.02 6940.1 8286.57 6752.24 1020.01 6240.68 9223.15 
1085.57 4009.44 668.77 4947.54 6553.04 5235.32 1685.47 4177.71 7835.81 7588.75 6185.57 8713.4 186.351 8310.25 7938.97 
8166.76 5087.88 5446.86 5638.33 3723.1 8574.45 7346.16 7777.66 6533.93 6516.17 4717.75 4820.48 3268.4 5737.76 1061.14 
2491.53 6823.33 5070.59 3160.3 1770.85 1623.61 8395.62 3456.32 5801.32 6231.42 1045.06 1986.87 4944.8 1231.41 297.106 
2883.75 9398.16 5384.99 8330.6 5036.47 9108.09 6905.03 2382.62 6885.74 3438.95 8898.79 1603.47 8259.43 2167.17 7341.23 
9320.57 4658.7 4164.53 4391.14 7819 5935.38 6014.74 6214.61 9391.7 1816.05 2446.01 436.74 3802.92 7390.81 1668.15 
4100.02 274.538 1066.29 9485.01 8605.14 6102.77 8593.09 5510.16 8485.39 5478.81 8949.1 7384.16 7082.28 7208.51 9551.33 
4423.49 6529.06 4210.02 8588.02 920.185 2029.01 4523.39 6934.93 8243.62 3915.07 8750.97 689.613 4351.81 2553.88 8080.42 
6019.96 6653.9 8354.96 7086.25 6138.9 6960.08 3189 4731.97 2470.22 1674.37 210.766 1419.31 9058.54 7293.05 8627.82 
8609.86 1716.52 5156.87 2819.86 304.528 6077.06 4848.87 4827.92 3011.97 3092.47 8742.99 1762.92 3782.08 3094.78 4316.8 
1862.49 9114.74 970.682 217.428 6200.98 7109.58 7177.51 9389.98 1841.53 9647.73 1064.34 2052.3 1067.03 122.861 9345.35 
9694.85 8732.72 1061.85 4851.71 1552.56 1366.38 928.745 6401.43 6194.3 3940.71 9493.9 4937.27 5703.64 3275.96 8032.05 
20.4177 5138.45 7146.78 991.1 5355.88 3347.74 8100.68 2533.37 2737.7 9942.21 2181.09 3802.04 1994.49 3248.11 3924.9 
1339.82 2942.95 2657.6 2401.68 7794.65 4210.16 3768.06 8723.4 611.571 9962.35 2664.09 105.45 4899.6 8367.73 3381.41 
2931.63 8388.15 8519.86 78.3941 9379.25 3875.72 3426.13 7479.91 6409.09 6163.84 7422.11 8590.17 9965.88 9416.6 1838.27 
3890.77 756.408 4781.22 6548.37 3158.08 2575.86 758.516 6926.14 1299.24 1370.09 6888.47 3963.33 1475.54 1788.06 2331.05 
4856.95 4719.69 719.177 3376.79 4798.09 98.4077 7252.5 8224.22 7578.32 3661.57 4388.04 5000.41 2251.73 4353.9 4416.99 
4090 8244.67 5173.4 8871.22 4793.02 8331.48 1447.06 5551.54 5257.6 2746.3 6921.63 2146.06 6709.63 8397.17 3934.12 
9040.68 3254.1 8653.81 9759.86 6630.89 3451.88 9858.26 3883.37 1676.08 7436.56 7544.95 6064.12 2436.95 9796.68 418.007 
6853.94 3886.66 8662.68 2027.32 2757.86 3455.69 358.788 4204.92 9007.23 5616.39 6951.22 5928.84 7762.45 3660.83 4325.99 
1696.56 2701.5 7580.08 350.352 2461.33 4210.95 3802.23 2319.58 8094.32 5478.31 9756.14 5639.25 1542.42 2193.08 5435.91 
1960.43 9047.02 9322.57 623.086 1074.33 2080.42 4078.77 1433.12 6285.34 3085.98 7049.51 3236.54 9014.82 4811.95 6897.37 
3340.79 6508.5 9598.87 920.852 6858.86 2060.19 5131.8 661.071 4379.77 3226.11 6139.38 4135.89 8865.37 7681.8 6328.97 
4301.26 9642.23 5375.98 3623.81 265.298 6450.3 5704.23 4344.07 7883.42 1989.55 7430.05 4932.91 5226.09 6444.85 9744.86 
2123.44 9785.64 6253.35 1722.29 706.471 3112.18 3782.48 5838.27 3773.26 8162.24 9064.39 9912.64 2298.12 7929.73 7594.43 
8627.09 2230.98 7236.64 4003.05 5854.79 7501.94 453.338 1559 1845.99 8336.76 3548.55 9276.04 3269.65 8774.64 5720.87 
3014.5 898.061 5506.49 9267.84 2620.36 6212.96 2380.01 6402.83 2051.22 6153.27 4565.06 1115.59 6065.89 6863.18 9045.32 
3660.3 5490.26 1276.28 896.921 9493.31 7131.07 8398.86 9946.64 8690.08 244.832 8283.38 2238.61 9520.87 1553.02 1013.23 
5241.73 4567.52 1911.29 748.202 3835.34 4531.65 6961.17 6215.35 934.462 9012.39 2368.6 5499.52 127.96 8434.49 2362.69 
9173.28 2094.77 7852.95 449.55 2991.69 7346.24 7580.62 1390.54 7292.86 6270.68 1635.37 5576.23 8509.29 1156.22 7129.25 
9522.52 6397.95 1696.75 1433.79 7146.15 5532.09 5965.44 4107.3 1747.43 6899.9 3119.67 4116.03 2399.41 3247.63 2550.5 
4762.1 2420.9 4645.28 2615.03 2870.45 7636.97 9961.26 451.053 9027.51 7254.11 6721.74 662.857 2830.32 5231.01 1819.08 
9959.57 4753.51 8217.03 1656.31 6187.31 5363.16 7188.4 2152.73 9470.46 8935.83 9052.63 2590.12 3051.85 1452.02 5837.75 
5602.35 6214.11 8258.64 247.611 8829.14 1129.07 7884.58 8790.38 1580.13 6912.07 6044.48 8301.86 7574.93 8874.8 3532.86 
9394.01 8834.35 8286.37 7611.02 490.642 4473.66 2974.17 7679.04 6626.38 2444.62 6614.86 5678.99 5034.73 9666.71 7131.01 
872.464 5269.04 3345.11 9131.11 5516.65 2174.23 260.163 3401.22 964.6 1840.29 313.273 7009.07 142.133 7888.2 5883.85 
3674.99 7282.19 4718.19 1961.34 4893.2 5208.83 6435 7867.37 2887.86 3061.37 311.966 9502.72 8740.36 5346.7 9169.41 
5871.36 6219.16 4438.43 9216.46 5350.25 9955.09 1390.68 5610.42 3356.29 2355.28 7450.71 3669.56 9364.35 7592.84 1557.75 
5248.19 1267.81 8839.94 9966.38 3229.15 3733.12 5175.19 9664.15 1600.47 8063.05 2725.5 1912.44 7565.75 1465.84 7259.14 
6735.14 7337.2 3478.28 1173.55 6553.65 8828.54 1128.62 7944.32 4438.94 4484.91 299.586 1889.63 8154.47 9663.94 9482.47 
9712.21 4912.11 750.261 8552.14 4878.47 3979.41 2285.24 53.641 3643.55 3885.71 8116.69 6369.05 5798.15 5682.42 7834.89 
3057.27 2417.54 5172.07 6535.55 3591.09 1725.7 5364.07 4719.71 9670.03 9803.01 9204.62 9969.61 1692.62 7359.07 9633.53 
1175.07 7071.27 4545.63 1925.34 5623.39 9424.09 5904.75 7908.63 9477.74 9548.29 1794.33 7594.41 5917.32 7592.48 3276.8 
3752.19 649.728 5694.34 8924.27 7185.28 9285.43 649.949 2549.34 4005.12 319.958 2352.34 3209.72 289.552 4044.96 568.78 
9923.08 5220.03 7640.05 4468.69 7145.37 3263.42 3892.77 3050.1 1172.04 3370.49 2598.38 2966.37 964.879 8515.7 558.825 
4241.68 2267.88 1208.55 9936.02 1192.13 8393.83 9221.44 1842.08 943.156 3226.54 2162.03 3295.49 6436.27 2451.59 7340.45 
7005.05 2374.65 2560.47 4645.08 6843.35 9705.84 7908.5 736.1 2755.92 9080.54 4106.59 5354.3 2046.89 5071.47 3869.98 
2605.72 9313.15 6137.86 3814.27 9249.16 7329.99 2208.09 8470.58 9172.07 3151.24 1697.1 1334.08 6446.73 8133.37 3785.67 
3787.17 5138.4 6160.32 6347.64 9783.48 3003.65 6053.46 7691.97 3739.75 8809.38 6772.5 7846.34 4163.66 8819.39 2917.79 
8033.64 1425.09 2230.93 4171.49 5239.36 1480.07 1501.46 7447.45 9950.65 673.51 598.678 1647.74 2007.59 7045.41 9781.11 
5793.26 832.563 4919.49 1953.57 7180.2 4702.96 4957.22 3233.64 2394.91 8696.97 2043 9167.41 6543.3 6206.66 7986.78 
9461.09 4240.29 9411.87 1692 8411.77 4651.22 3172.08 9913.24 2098.65 3122.71 586.729 2697.33 4770.45 2594.32 9742.74 
4551.54 8387.59 575.286 9471.04 341.137 7755.49 4173.98 5298.36 989.106 6568.89 3995.31 3032.1 5736.28 538.59 9238.76 
3723.04 9999.68 3479.03 3134.89 1691.67 1890.79 7786.11 4863.74 1804.01 9884.76 7986.45 2390.74 2582.07 2756.89 4985.06 
2324.79 7308.43 3372.63 2900.08 6779.45 3713.76 655.548 953.411 9012.12 1644.65 7522.3 3007.42 4676.76 3258.56 3546.01 
3915.5 6981.6 3545.67 7394.53 116.472 5237.34 9285.32 7902.58 101.06 1089.31 7787.32 8087.51 3480.05 369.377 844.383 
8465.1 2694.17 8152.81 1837.72 5594.25 4932.25 5551.48 6249.8 5885.66 4563.59 7894.45 3407.94 7571 2571.19 6666.5 
1116.99 6486.69 3648.08 4662.66 3881.21 3764.55 9900 3166.51 1667.11 1.03863 4255.82 9454.44 8088.55 7735.87 9823.81 
8932.94 6200.95 2517.97 7085.73 8038.67 8112.22 2017.96 3590.13 4362 7903.62 8153.72 2256.43 1311.54 5724.7 4827.62 
7978.04 6841.69 1314.3 1626.1 1504.33 5195.51 5390.65 1404.31 8362.02 7057.77 1405.35 2617.82 6512.19 9493.9 353.669 
6335.98 8426.82 6554.62 8853.95 5512.54 4593.27 6966.15 7530.5 8183.4 1328.13 5434.1 6337.1 3584.56 6745.64 2061.79 
8412.18 4723.67 8903.48 9726.48 6349.77 407.797 4921.97 1740.4 1812.11 3283.97 8798.17 3217.46 5901.79 5310.33 2711.35 
6255.46 1646.3 1138.15 2810.06 500.23 6650.69 7403.34 7466.38 4181.17 5586.73 8794.5 9615.26 1923.81 2379.05 6360.89 
3985.6 791.209 1084.54 2889.06 517.672 7434.31 3296.86 5439.64 9174.71 5108.97 8723.61 7972.86 8326.43 4625.38 3283.17 
1037.76 880.825 4929.47 2175.91 3690.89 5429.7 8826.59 1094.21 2896.06 3007.74 6680.94 1690.55 2622.99 8604.75 4069.6 
8983.88 2590.34 4860.81 68.4007 5479.4 5378.48 7502.71 8776.26 818.101 6677.4 3885.22 9541.71 4650.24 2211.63 4167.08 
7933.41 3249.39 5047.9 2862.87 5425.3 8738.79 8292.57 4251.87 9833 1188.62 7259.61 6513.92 2879.17 9882.6 5118.66 
6948.77 8866.47 7708.99 1809.56 8934.87 3188.38 7188.03 6437.56 1964.62 8006.13 3114.94 5849.84 7547.83 7765.17 8061.47 
1714.89 5698.57 1310.84 6762.79 8561.44 6736.14 5501.56 6853.99 987.992 5334.55 8042.61 8247.61 1848.46 921.766 8130.19 
6967.11 7870.53 6996.64 4676.09 9680.09 5931.5 7864.47 6868.1 2369.04 9829.09 4874.22 5483.97 5678.91 2422.03 3249.13 
3740.36 4136.92 8947.7 5051.2 899.693 7509.12 1787.32 6401.26 4363.09 2775.32 1735.79 2405.69 1022.91 3584.25 3327.45 
9153.1 551.345 1197.97 6149.73 5227.43 878.041 2081.21 3091.89 7746.15 4450.24 2920.96 2620.35 9934.21 8599.87 5042.38 
3183.33 2340.22 9179.3 2131.01 7391.42 78.9774 9640.12 9178.75 6480.24 4003.2 1954.04 8216.03 6408.88 2976.95 1800.26 
9736.34 2130.03 2351.6 934.291 8279.76 7579.04 1812.33 360.953 670.904 9558.48 4811.2 3591.86 2178.81 4745.39 2191.72 
7221.19 7928.72 4531.94 6400.48 59.7069 1923.34 6479.45 9699.83 1102.07 2959.67 3703.01 3056.12 1175.68 111.877 6033.07 
2975.94 9848.22 8163.1 5327.54 782.49 6442.85 2906.56 2594.82 6803.8 3577.46 2153.28 1614.98 7169.33 4332.09 6360.37 
9361.04 1553.27 4289.07 3892.96 7953.74 4348.78 5816.31 4433.18 4048.59 6918.38 7392.85 7751.6 9974.5 8568.53 7863.48 
6007.55 1544.45 7711.68 4170.63 6871.99 8494.17 613.464 9778.55 1088.97 7417.27 3356 3242.25 9032.24 525.309 7574.34 
5392.6 9886.35 9127.61 9681.67 3779.3 7081.34 4030.44 9595.61 1514.5 8079.03 6513.97 8907.35 5830.61 6488.45 7475.86 
3694.07 2495.98 9020.32 1405.74 6666.61 5892.29 9899.9 7280.08 5670.83 988.858 4697.32 9026.83 4231.11 3729.55 9552.14 
1805.44 9122.15 9438.47 933.031 8803.8 3217.76 8014.37 2834.22 2813.35 9528.86 913.234 9327.31 8436.2 6743.85 5815.74 
5912.04 437.903 8311.72 4932.35 1843.64 4978.32 824.623 1743.52 2258.37 6495.45 2732.38 6955.7 5522.27 6963.49 685.232 
5074.39 8768.93 9807.38 4512.85 9701.96 8611.17 7730.6 7716.31 1445.38 543.93 7245.16 2358.61 9871.24 5681.34 9102.46 
5686.97 1593.36 9540.36 3998.68 6525.71 1383.98 8976.99 7350.33 3127.5 1235.35 3845.77 5859.89 8191.05 9368.04 2823.36 
8876.28 4442.41 1592.28 8683.64 8955.25 1294.22 7294.8 6685.84 9010.53 8740.17 7229.77 6255.67 1098.76 7100.99 1936.99 
201.202 2787.95 3530.36 9741.56 6786.62 56.0528 1125.52 5763.6 7406.39 4253.02 6998.95 1252.14 112.894 5189.98 620.159 
2936.26 4066.25 5062.57 4528.53 2749.87 4017.8 5822.75 44.6543 703.624 4833.27 8784.83 7933.39 1088.93 9883.59 5034.37 
3025.92 84.7758 7822.32 6556.28 9826.33 4608.93 6612.33 951.84 372.51 4018.7 5204.87 7371.46 5270.84 5317.76 2561.43 
5891 8254.02 6627.67 953.552 2782.53 9377.55 4971.36 8605.28 9422.2 5674.98 3438.54 8207.01 3608.35 4527.46 8090.59 
8642.72 7553.38 8175.36 6465.02 4109.65 8001.68 1073.93 721.963 8953.52 1446.44 4740.67 4158.37 8817.9 11.4908 9476.13 
1379.32 5902.49 7730.13 8006.99 6856.04 512.641 7384.52 1827.38 9117.92 6806.71 7502.36 2556.44 5013.71 1110.7 7083.9 
3104.28 9753.42 4637.27 1279.62 6218.43 8746.92 9281.3 7292.36 9468.88 8234.81 8738.8 4209.53 2393.16 7556.69 4221.02 
1869.27 8936.01 123.494 9599.4 6942.98 6979.54 112.023 4327.49 8806.92 9229.95 1134.18 6309.27 1786.37 6147.89 7419.96 
8870.28 9252.16 7173.37 3507.53 531.764 3391.78 2254.43 9813.07 684.125 1723.29 8047.86 9422.93 5932.82 440.998 6979.6 
153.825 2310.27 5915.6 277.319 1909.65 2858.56 7256.86 2021.68 7186.05 6063.76 1251.61 8320.23 2373.01 3037.98 4468.1 
9792.98 1908.24 3720.24 6966.33 5415.77 4252 358.092 7670.21 4065.05 1042.22 9393.5 2112.89 465.128 5326.31 2553.89 
7444.73 5480.13 4864.16 3360.31 5757.45 6773.81 6218.87 3014.29 8795.49 3404.9 9078.06 47.0766 1725.11 1451.05 3085.06 
6193.21 1244.01 4993.3 9913.45 8210.34 409.055 4165.43 8568.43 8079.26 8230.49 9610.65 7472.74 343.362 75.7565 2799.04 
2897.25 7520.49 8279.17 7761.41 880.783 4036.6 4535.21 7099.65 7050.9 3330.68 504.54 6128.93 3377.76 2229.65 7579.98 
6462.81 8422.86 8823.99 1456.09 8336.29 7034.31 1865.15 2501.71 5602.73 9944.41 732.18 5213.35 7417.14 1075.54 5289.11 
216.154 3972.79 2809.58 8495.32 1734.19 3690.37 2531.91 6269.4 790.003 9582.8 9600.08 1294.54 5711.72 2977.81 3524.2 
3291.68 9440.63 1947.04 2115.66 896.701 283.317 9149.97 2761.85 2785.03 4752.68 2706.24 3517.21 9966.03 123.357 4592.75 
5255.13 339.51 8565.54 8064.71 8834.83 299.715 1755.06 1366.72 6569.11 2545.06 949.505 6169.17 3839.61 6661.22 9146.99 
7363.8 9952.91 8587.59 9310.84 2068.55 9484.3 9594.16 1218.51 2246.13 2379.17 5971.19 4952.37 5896.38 5937.2 5075.72 
489.111 1192.32 5415.23 9054.65 9257.03 4250.05 9354.37 1012.07 5616.77 5923.46 3557.13 6566.27 2092.62 7396.73 3227.48 
1239.59 4760.52 3180.37 9827.18 4071.35 5248.92 9311.46 3665.49 6467.42 1557.57 6044.67 2438.59 6509.94 1941.03 8375.79 
1585.64 2430.14 9568.11 7000.87 1484.77 8825.12 1250.9 839.125 9837.19 6867.67 6762.59 3394.3 3433.93 8855.21 791.017 
6661.41 94.776 5551.54 9841.77 9921.96 9622.89 5090.67 9233.4 3288.36 1558.08 790.955 9333.03 3996.67 7300.89 1274.04 
2372.45 8886.53 3704.18 1940.54 5887.39 5188.95 765.645 7138.29 6028.07 602.814 4005.95 2790.65 3997.11 7439.87 1645.84 
4788.13 4101.26 1740.61 339.65 3943.02 1662.55 9962.54 9033.69 895.936 3250.88 591.753 1686.89 2583.89 4588.42 8987.78 
3857.93 6960.87 7874.3 7562.1 8901.42 3761.67 2751.04 9667.06 899.94 8779.11 269.859 4905.89 1569.74 4266.97 2345.74 
3215.58 9055.1 6447 4956.19 9394.75 390.002 6618.74 9357.27 9423.69 7514.68 2608.14 15.4301 9201.57 5192.03 4603.85 
8189.33 9049.96 1564.71 6063.61 6612.04 466.111 9825.28 9363.08 133.156 725.2 8142.18 403.015 5631.09 9711.92 4669.99 
7976.83 2927.48 3725.07 4423.81 7883.67 3119.81 4813.81 4502.39 2477.06 4237.49 2017.05 5085.2 4252.92 1218.6 277.209 
8856.77 9407.93 9327.17 421.469 5471.52 5939.19 887.58 5296.78 5302.26 1020.74 6021.98 3444.42 1423.75 1653.05 3156.32 
6093.74 9629.88 6083.8 9818.81 4053.67 3967.45 2938.6 8867.49 8469.84 5415.66 3104.96 486.868 500.846 7357.88 1705.47 
778.056 6214.64 1113.38 105.205 6636.11 6584.91 6044.4 7523.69 1881.68 1346.64 8544.42 7903.66 4791.06 9968.17 9556.71 
7947.38 6061.9 9186.57 4031.16 5880.69 3240.23 7998.6 8819.29 2107.7 6468.42 4234.94 5212.66 6955.29 4735.79 2570.53 
8660.76 5513.84 8785.17 9774.14 5619.05 5421.26 6359.04 1663.43 2944.93 8240.71 3010.07 1489.33 6144.35 7801.13 1457.49 
5701.05 5748.49 7519.39 4887.61 9779.65 3400.06 8127.84 7778.24 2219.34 235.519 4246.65 6454.28 5448.18 1201.92 1190.05 
8018.71 9862.68 6703.9 6803.85 9636.81 2322.93 2225.09 5995.83 3986.36 5170.02 4236.52 6996.43 6659.35 380.859 4797.54 
8116.84 6081.91 546.02 5636.21 969.496 325.655 9036.28 9097.33 8103.9 1255.6 9332.85 2350.53 7709.88 4781.01 3552.45 
8899.93 2799.7 3415.11 5603.81 9603.56 3051.9 7926.73 1828.63 9047.73 1913.08 6998.65 3284.24 8909.5 3657.99 3665.09 
3707.03 1774.81 9747 4253.05 7411.03 716.481 4578.71 6447.28 9813.81 2682.58 7702.88 9146.65 5033.11 5412.74 3927.64 
8585.56 4312.66 6727.35 2000.65 9916.47 6330.89 5052.56 7843.18 8159.52 4100.27 9756.26 5158.15 7384.51 8665.75 8816.14 
1049.58 2372.76 590.93 796.569 6625.81 8001.96 1513.05 1204.5 4449.22 1326.85 3887.08 2152.09 473.474 8920.2 7564.83 
4401.12 7505.73 1877.47 1128.45 9506.39 1793.92 7459.33 4558.92 9637.1 5618.83 8659.2 9393.35 776.965 6043.68 8059.07 
9593.1 7093.27 431.818 184.013 7889.84 7057.63 8185.97 9402.89 8262.13 2635.17 729.714 2149.2 4787.26 1203.19 1069.38 
2352.07 5604.31 8575.11 4229.54 6732.75 8081.48 6023.46 4192.07 2640.39 5660.55 9810.9 1299.57 5053.88 587.847 7343.25 
3112.94 180.93 4436.5 3544.76 364.944 2326.32 602.367 8550.91 1729.19 8864.5 1186.07 2458.9 1013.68 5973.33 3662.09 
2083.05 8325.4 9266.4 658.146 2554.93 5999.14 8739.63 8578.4 191.186 1380 4238.93 2.06846 2679.56 9292.81 589.915 
22.7965 2405.73 770.845 4459.3 5950.48 1135.79 6785.62 6552.85 9686.7 8514.81 5417.33 872.753 973.696 6431.01 6846.08 
4635.79 8514.06 5171.47 3902.17 9172.21 7726.4 9901.31 7911.81 6304.78 92.4769 9291.81 543.694 94.5453 1971.36 9836.5 
684.461 1994.15 2242.21 1455.31 6453.45 8192.7 2591.1 3239.05 4745.53 2277.78 1753.84 162.846 3150.53 2727.54 6593.85 
9996.62 7363.33 5107.9 5168.07 1265.48 4280.08 2894.45 1166.78 2191.88 9199.23 1259.25 1483.68 9742.93 1353.8 3455.03 
9579.41 2038.26 5449.19 1821.61 3493.56 1902.62 14.2895 6084.66 5141.68 4759.82 8362.44 6895.52 4922.67 1512.95 9623.06 
1516.5 1509.55 6986.37 6624.4 6677.62 8251.86 904.468 9572.07 9418.63 3096.35 8771.29 677.867 4580.03 8514.19 2031.66 
8035.06 8093.59 4069.92 3484.23 9915.2 7563.49 5386.85 9929.49 3648.13 528.512 4689.29 2010.55 7424.03 9611.96 3523.5 
7047.07 1128.44 5033.05 4033.43 7752.84 1710.66 2285.27 8657.31 1282.71 1703.89 1753.65 53.9767 2381.75 6333.67 8568.17 
4413.42 4368.72 6661.74 8483.34 7852.95 6576.92 6046.81 3239.78 6506.39 9694.94 3768.29 1195.66 1705.47 1192.31 807.603 
5228.97 8239.38 1936.05 262.01 2272.8 9688.89 1972.67 4558.07 8346.19 3255.37 6261.95 99.8173 3309.35 8643.71 6433.49 
1877.5 3057.11 802.188 8539.25 1540.43 8655.14 5116.15 7587.24 1894.9 1622.52 7282.16 5663.2 2818.18 8987.63 6855.51 
3625.79 4216.58 5094.87 5561.83 4478.59 7367.67 5250.71 6451.26 1925.72 3596.88 9706.63 8187.68 3696.7 3015.97 6831.37 
130.172 4893.47 9888.47 932.36 3432.7 1428.89 9587.5 8548.85 9016.12 1482.38 171.355 6298.27 7145.58 2989.54 5285.88 
4001.06 6615.33 9502.46 9095.94 2177.14 3981.04 6463.59 7427.85 432.285 8389.31 1024.72 138.903 6576.97 4721.42 3154.87 
3408.32 4851.59 8048.34 3296.77 5783.95 1481.03 4725.66 5371.43 29.8637 3741.77 6853.81 201.219 40.0194 3999.36 3190.76 
5325.9 8000.43 9806.08 4828.35 7096.35 1983.21 8809.39 3559.92 9411.06 9241.67 1949.22 435.765 9380.57 8526.19 5157.18 
2535.43 1934.49 8.75299 583.757 5231.26 5792.7 2064.79 9956.92 1164.11 2094.65 3698.67 8017.92 2295.87 3738.69 2017.27 
5486.63 9064.59 17.6774 5292.69 3892.92 7114.03 7275.9 2702.29 673.931 6686.95 1943.95 2623.15 7122.71 1324.5 1149.31 
2279.88 3859.93 3083.8 2288.63 4443.69 8315.06 8081.33 6508.48 8271.97 9245.44 8603.13 1970.63 7263.35 898.98 5709.32 
9280.61 6385.61 4773.89 9298.29 1678.28 8666.82 6412.3 8954.19 1369.09 7086.23 5641.12 3313.04 9709.37 2763.82 4637.54 
858.672 5043.7 8497.47 3942.47 7332.33 2941.15 2257.52 5413.65 9449.62 529.471 4659.07 8052.74 2500.1 1922.4 8951.72 
8209.42 1203 5337.31 2983.29 501.268 7015.59 1650.09 6913.56 5969.76 3019.18 3999.78 1610.87 6332.22 3709.13 4374.68 
969.74 4567.8 9418.38 9467.21 8510.28 6750.7 2408.34 767.781 2164.32 1857.95 1297.25 6823.4 9910.69 3797.35 8745.8 
8862.38 2006.75 9948.8 4199.67 4990.04 450.049 1215.25 6640.14 7363.61 7185.01 9659.32 1363.37 8795.88 5991.52 5072.51 
3170.54 6961.26 9640.31 2588.91 6428.46 8150.57 9339.6 8836.8 8918.35 1503.91 694.733 215.588 8327.31 605.402 4012.94 
7073.09 9467.79 6019.69 7021.87 3667.44 1009.71 7471.92 4882.69 7649.85 4835.52 2067.68 7309.15 6198.89 863.54 3300.65 
1271.38 4034.08 261.896 911.672 6622.99 6690.35 9062.24 5962.58 5527.13 7980.58 7466.49 6221.87 8196.17 5793.78 6827.27 
2209.09 2866.85 6295.04 8228.77 9888.73 9962.48 9238.49 7360.63 4845.16 6888.32 2196.14 6912.84 4197.46 8395.03 7776.38 
7498.11 9666.41 1810.44 7760.01 578.064 8433.43 4450.34 9640.31 4395.99 9977.48 7620.87 1862.46 6199.33 5817.02 7656.24 
3026.58 8026.1 523.074 9321.62 6254.86 411.786 9284.08 5493.33 7772.42 4129.22 2381.64 9968.56 1042.04 6579.09 8363.57 
8818.42 4077.18 8029.96 628.844 1837.17 8608.03 9062.28 6287.52 8248.32 3458.25 6264.97 5869.17 5320.71 2464.28 1686.17 
2976.93 5490.86 9712.27 3500 4812.46 5967.11 3911.79 4096.53 1460.43 1684.19 8225.75 3842.06 1652.73 9267.79 421.139 
16.2867 8086.2 4498.32 8046.25 8715.04 6335.5 6654.26 7777.3 2623 4902.56 1235.53 8887.97 771.707 6556.24 1352.24 
2457.87 9533.17 6843.1 2170.13 3033.16 1655.55 8137.24 6944.95 5752.08 9597.67 8629.14 3977.82 3439.71 281.855 3245.59 
3860.85 298.142 1331.77 8359.18 8344.39 46.7964 4694.66 4998.63 7824.1 7317.65 9901.19 9059.63 6205.6 672.878 5615.86 
7557.84 3130.75 5149.01 4400.93 5300.88 8182.17 6056.47 3438.1 5127.1 1808.54 3035.75 3756.22 5786.35 6475.46 4038.08 
9031.94 336.298 4336.22 363.699 8695.47 2680.59 410.496 3390.11 7679.22 8234.59 707.747 7580.39 7294.21 6913.35 8253.27 
2910.05 4471.18 1384.01 8059.06 8872.1 6684.88 6241.21 4928.56 122.965 1368.29 6737.1 3158.71 5124.51 2523.43 9634.18 
9162.58 1555.36 9970.48 3498.79 1919.06 8665.93 6179.38 2329.55 2056.03 3858.58 564.128 2763.78 1438.96 7858.33 9677.13 
9692.23 768.364 4148.29 1076.22 8827.42 3020.37 7761.1 5068.61 7948.93 7884.06 6436.9 4686.01 1042.76 1561.4 7209.44 
676.922 723.965 8764.8 647.381 4222.75 683.835 9313.31 402.109 3013.39 1369.32 4260.69 3577.52 4133.1 5699.65 1435.83 
3810.21 5391.86 2204.2 7958.5 6468.08 1031.6 978.854 4229.16 6100.21 8927.79 2113.21 2537.1 3613.78 3155.97 4098.5 
823.201 3832.89 4822.46 9588 4480.27 9045.21 271.816 3793.57 9447.32 3285.2 5162.89 3708 6862.72 9295.99 9407.64 
8298.55 3106.19 4799.49 502.732 1064.67 1267.55 1534.33 2043.52 5496.71 7634.55 971.291 7609.91 171.631 4585.07 765.864 
4270.13 5408.27 4598.75 9092.59 4996.25 9079.03 8137.79 5268.07 2872.58 7585.09 8553.27 8035.47 1293.07 5415.97 7331.45 
700.695 3714.51 437.615 5500.18 4217.24 1502.28 6767.73 5751.57 3545.81 2264.41 3386.1 4517.1 9874.33 3557.73 9102.17 
640.173 7827.86 4510.42 5238.93 6920.43 9506.67 4317.94 5058.2 4774.72 7190.51 2643.28 3327.98 5225.97 3936.35 8743.95 
2557.39 4637.04 2458.44 2995.01 137.206 6675.68 4497.29 6904.93 2427.23 8043.1 9169.35 5813.33 2560.18 9043.66 9371.07 
1662.33 9683.83 7198.91 6172.75 4922.74 4119.33 5679.41 9240.68 9177.53 454.111 6431.17 1820.79 3782.09 1657.12 5757.14 
2526.02 4214.52 394.162 4984.46 7209.53 531.368 1660.12 1706.8 7436.3 4087.35 9749.9 6605.63 9900.68 2310.06 5649.27 
9271.73 3972.39 5333.08 6470.62 145.122 255.803 589.931 5824.53 9496.48 9767.46 6278.64 5927.63 1588.23 60.7095 7584.76 
7345.37 2586.73 1799.26 7739.53 7571.19 9008.78 8270.9 9231.31 715.569 5707.18 3318.64 465.452 2312.8 3219.31 2775.51 
7962.06 2491.02 6747.9 3295.13 8961.64 6893.02 3550.93 9551.57 2717.53 3047.39 9319.02 8996.17 8975.03 907.233 9056.88 
6559.77 8252.6 1643.6 8359.03 5992.12 9214.78 7367.79 4263 8446.07 8083.36 9970.18 1764.7 8548.81 2282.96 4984 
1324.31 245.009 7475.02 8072.21 3540.14 6436.64 4965.22 7091.07 5988.2 7682.76 138.443 5307.2 6678.91 9113.47 6214.43 
5735.78 5673.22 4467.02 7379.37 4032.23 459.12 6594.14 1400.01 4722.12 5040.2 9483.37 4692.29 6804.89 8032.16 6975.25 
1788.87 9356.47 7220.26 9263.89 7428.67 760.376 5700.52 2393.88 7851.44 1688.7 76.6164 7989.89 6995.9 6755.53 7103.34 
3210.32 2491.29 2776.54 7677.34 9870.67 6808.77 8136.46 6464.79 8208.78 2858.56 1504.97 7692.13 7550.85 8309.86 5724.28 
4526.08 98.7137 5080.73 1746.32 9362.61 2509.39 2506.7 5063.11 4903.27 358.126 6751.82 4979.88 8348.01 3747.71 1735.39 
5451.33 6958.03 4226.69 8227.88 4635.35 4097.33 5036.64 2771.79 562.103 3245.4 5630.36 2067.07 937.511 3181.19 376.908 
6661.79 7707.27 475.621 1742.5 9453.6 9838.23 4251.89 1960.28 4901.32 9155.16 2318.41 1653.12 4135.02 666.403 5400.83 
5870.42 6117.74 2358.84 97.0873 4345.6 6994.19 4194.42 9382.24 9765.98 4756.52 2627.62 5396.32 6823.59 3565.13 8577.51 
7200.5 226.897 6284.77 7676.12 1969.4 5738.35 7514.33 6221.29 7698.64 2415.64 5376.44 17.0272 4068.76 9511.46 683.43 
9469.59 5381.86 6801.17 1828.42 5478.95 1146.75 8822.61 9673.37 528.97 8588.57 4429.88 3156.59 3984.88 1253.45 6721.71 
2562.37 8453.95 6948.61 8847.15 6130.05 8918.01 4585.49 3644.37 5139.29 2284.1 6060.01 515.711 2301.13 128.754 27.1553 
2984.56 9598.35 5409.02 9785.73 1426.75 887.953 932.465 249.339 561.307 1461.43 8837.91 4991.18 4618.02 2822.77 6244.63 
1339.72 5385.14 4698.57 8288.33 4232.27 828.601 7206.32 8817.76 4472.97 2345.6 1101.85 532.957 2861.31 3402.98 661.711 
2888.46 6387.54 260.043 8297.48 6173.26 1686.79 9185.44 7105.72 1936.13 9746.74 8567.15 774.025 4737.91 3185.16 3596.79 
982.525 4524.88 8981.94 5681.09 2813.19 3214.2 6509.69 19.4945 2031.94 982.642 2365.09 3133.79 1515.6 5226.4 6536.77 
2177.31 8114.86 2924.29 2437.35 6412.33 9097.55 4124.15 5597.75 6203.25 6060.28 5344.47 4770.39 6834.3 82.3657 7955.55 
431.081 1064.89 2480.41 9413.02 6745.98 5293.59 2627.2 3255.66 5313.09 4659.14 4238.3 7678.18 7792.93 5753.9 2904.57 
4329.68 7931.21 1019.41 7253.97 368.545 7431.74 6351.51 4492.69 3029.48 2554.74 552.953 8373.95 7325.13 7387.26 8456.32 
5280.66 7818.34 9521.21 7761.07 7231.34 6267.17 3054.65 9858.54 9522.83 8367.74 4517.67 3761.11 6045.9 2310.58 9515.01 
8950.47 6640.26 7446.2 9969.88 3894.22 7814.74 7401.61 245.705 2307.42 431.066 2800.45 2860.37 8805.02 125.561 247.608 
7261.32 5406.22 8065.95 6782.51 3167.28 5297.27 3049.66 6221.92 5155.79 2572.47 4589.64 9673.46 6333.58 635.527 1984.02 
5848.57 9585.99 8624.28 3294.75 9555.85 2518.48 1109.47 6957.44 2764.19 3416.89 7388.51 5564.63 6277.26 6193.51 5690.19 
6524.87 3454.81 1096.4 4590.79 237.3 4263.68 9888.06 3286.96 485.584 5043.84 5859.44 5075.23 4717.29 2193 5710.75 
6701.31 8041.57 5296.73 5325.57 1336.3 4852.57 7844.05 2445.78 1809.99 608.222 5862.67 9198.5 6172.85 2139.91 5392 
1863.03 8664.77 8846.81 2959.43 3255.55 9084.11 7223.11 3143.59 2371.05 7708.69 8187.44 8230.49 2783.9 2904.71 423.473 
8494.66 9606.01 8465.04 3791.37 4931.57 9801.35 8643.94 2775.61 2247.11 453.915 3383.83 8109.77 9652.42 9556.68 249.66 
5044.4 1419.69 8914.43 3891.19 4379.12 2169.96 2975.28 1602.21 5313.56 5346.33 9310.91 3500.98 3576.8 2094.79 6405.68 
4000.28 589.429 6011.68 2465.3 4380.8 943.229 2266.63 3024.72 3718.83 4513.74 3478.63 7102.66 2623.49 3131.04 6659.33 
2873.15 8175.43 8079.02 1787.57 2066.61 2458.13 3957.53 5041.89 4060.34 9271.08 388.201 3371.23 2772.04 3965.01 5466.02 
9177.72 7965.28 6055.45 5189.38 430.569 436.228 6132.61 2697.2 3460.95 9851.45 7210.94 6939.58 6954.09 9834.43 70.5979 
3613.4 2707.57 8246.03 1692.4 4495.14 312.622 4150.53 8452.67 5354.51 8210.87 7723.73 5742.71 1582.08 495.758 9707.71 
7048.1 9673.48 7672.98 3103.53 4862.85 8103.55 3539.76 995.443 800.735 7000.71 846.874 8011.68 3940.27 7800.97 7846.09 
4010.87 1414.35 553.646 2256.88 3106.76 5048.78 2569.5 7257.29 3501.43 7924.01 5468.14 1225.15 3666.7 7050.22 1720.9 
3374.4 4098.31 1394.37 1047.36 7201.84 6257.21 9150.92 741.584 7252.66 9951.65 7742.29 8099.53 7963.31 1682.54 5900.48 
5809.38 5693.41 7314.83 6363.03 7950.29 421.57 1411.8 519.779 7678.86 4913.23 8443.79 3146.98 6138.37 2110.48 197.189 
7859.28 5484.88 4295.5 9253.65 6532.24 1497.32 5510.84 5683.14 2238.91 2763.48 5634.77 9981.2 862.999 3598.06 1663.72 
6763.48 9407.45 7357.13 4078.29 5770.46 5307.41 4499.86 7182.26 5827.19 2178.7 2095.47 4270.96 5325.69 8233.84 6381.44 
5522.87 6093.11 1866.3 9818.37 5346.74 8398.54 1315.68 857.562 4081.66 3554.58 3621.05 9716.43 3535.76 4484.05 3314.48 
5199.48 1247.51 2721.91 2556.6 5325.8 8492.38 7864 9825.67 5674.62 3691.17 2004.36 7770.09 7962.13 7330.04 6003.92 
4343.55 2852.9 2097.01 6209.85 2671.25 7443.74 4608.37 3986.93 8301.3 8690.03 7541.51 1922.33 8406.45 1077.26 6406.38 
1720.91 6276.74 7653.89 4442.82 8833.34 2979.68 2935.18 6697.33 2805.33 8609.8 388.482 4809.68 6379.87 8350.62 2139.71 
2383.77 2694.15 4992.61 4480.77 8904 7663.86 1924.49 3512.35 1650.78 225.78 2202.36 9192.29 2148.11 608.789 269.533 
8554.49 2329.7 6546.27 6208.36 6772.52 5379.6 9188.04 9707.7 2076.91 1993.35 8317.47 2465.39 6803.04 4697.32 815.987 
8942.75 7081.09 3510.14 3935.34 1561.84 2414.12 1599.18 3486.34 5926.46 3249.96 3712.12 8128.83 2442.23 5860.23 8737.62 
2711.76 4414.71 1067.3 9258.04 623.055 7839.81 4637.62 9811.1 7547.49 6714.52 1804.43 5864.95 9179.91 8607.47 562.258 
9995.9 7550.2 7643.35 3506.02 1485.51 9205.19 5920.14 3084.69 2691.51 1846.58 6334.65 6403.63 9975.41 8776.88 2263.85 
8713.01 1488.62 6678.56 9780.3 746.644 7301.61 7620.1 5384.26 7112.69 5167.58 2098.77 8917.12 1032.51 1278.67 7524.57 
1594.77 1274.55 5074.75 9238.11 4780.57 6560.27 8443.29 700.69 9644.96 1134.79 2547.27 5979.59 7538.42 2522.67 4756.46 
9802.27 1235.66 6245.08 6480.81 1015.94 6991.73 3782.4 8636.04 2375.97 895.071 3803.6 4474.74 9812.19 4836.11 5753.41 
7336.75 6430.88 7027.96 2411.48 5668.98 1808.51 8971.75 4112.25 2509.2 8616.69 5247.04 5056.48 4596.27 2785.44 7579.14 
9352.73 2587.69 8814.8 5597.79 9068.5 9830.75 2589.5 2850.88 8466.77 4965.47 3745.95 2270.36 9440.21 3558.13 7106.47 
5193.6 894.858 3537.33 2221.54 3306.34 9206.31 4030.05 2278.07 3318.54 6539.25 894.749 8565.58 1595.71 5491.02 1351 
9174.85 4843.73 3938.7 7989.64 441.505 3007.18 7820.37 3031.01 5858.06 6287.12 7996.48 9604.01 8557.48 7436.67 3162.12 
5663.93 2630.25 4056.98 9201.27 4851.79 7363.32 8407.56 8881.84 9641.39 1726.09 5421.08 536.127 291.652 7016.79 6027.15 
1642.66 6191.62 870.86 5581.35 4181.24 1312.37 8588.53 2001.59 4343.37 4446.58 8288.71 2339.83 4050.57 6846.18 9776.5 
7212.69 2510.09 2406.73 1269.66 1711.35 7258.52 8632.98 118.89 6140.34 8274.36 1844.98 1561.4 8810.48 2136.63 8578.19 
4837.61 3779.29 4769.8 5708.47 9360.64 8951.04 7020.84 7949.16 952.619 1364.19 2395.72 9241.33 3704.02 6446.29 6087.49 
3480.5 3658.96 8597.58 5887.23 4928.62 308.913 3145.74 3561.58 427.803 9286.08 1835.92 2272.78 847.467 646.385 4409.41 
9425.66 5484 8188.7 4195.44 1192.45 7549.32 3146.47 8213.29 5498.46 4099.08 9577.48 7894.17 3340.4 3281.49 4340.44 
9427.89 6761.99 7999.4 8025.46 2649.2 2928.01 8334.37 5794.94 6489.59 8762.17 5081 8325.51 1034.94 5928.47 8971.89 
5444.35 5354.11 4455.88 3633.02 9549.55 5648.33 1182.33 2696 3861.6 6680.78 6795.08 3439.07 4574.94 135.465 6720.55 
8915.38 9563.35 3482.52 6914.77 7588.79 6131.73 9842.77 5923.15 1926.65 6332.35 4685.3 7007.65 4657.84 5720.24 2936.1 
3629.72 1164.57 8290.21 8085.59 4797.59 7839.75 3733.9 5979.92 535.728 7595.5 2660.69 7330.81 1034.55 7235.62 7466.28 
7755.1 6150.98 7029.61 1237.61 3065.73 4618.39 7369.33 2908.49 541.522 9295.98 9240.83 5226.83 6303.61 3898.65 947.049 
9239.72 7528.37 2111.62 7529.91 5613.94 6909.21 5369.64 9347.84 2889.11 5905.37 6943.33 5549.8 3236.17 7977.88 2785.41 
702.424 5732.97 8936.39 7732.04 6970.58 2002.11 2350.41 4339.89 4910.59 2891.93 3635.86 4151.41 8118.76 9939.47 8050.07 
9065.81 9179.17 5578.42 1177.41 6709.07 1192.35 8086.62 2078.7 540.174 975.717 7984.07 7483.5 6525.52 1220.22 5461.37 
9310.92 1922.64 1194.32 8247.29 9654.68 8164.89 249.383 2005.07 2504.77 5159.98 4897.01 6140.63 9311.39 3015.75 6080.08 
7361.44 2081.54 5259.24 2939.84 3258.94 1968.29 4132.19 1345.55 4046.99 4672.36 2321.26 2031.04 2155.85 8846.78 3251.26 
7617.22 8157.69 5173.9 8811.53 6404.96 4828.56 6976.41 6654.35 6833.64 9481.18 1814.31 1730.62 5621.79 1125.68 4746.37 
1701.86 8487.12 6827.91 6961.1 1426.94 86.8339 8929.4 5559.13 1432.38 2976.37 231.468 3753.65 5007.41 2387.32 2600.41 
8258.67 4.5139 758.08 3432.56 8816.05 7163.04 8261.12 5792.44 3817.38 5094.74 5273.61 5631.68 6825.36 895.384 6757.36 
1571.72 2597.25 5244.46 8399.62 9558.35 6671.4 8486.46 8487.73 2230.51 9918.84 1464.08 2461.98 3672.47 6471.49 4849.3 
6272.88 4730.15 4853.81 7030.96 8162.71 3669.84 4193.98 6423.81 9462.28 8011.36 1518.53 4735.87 3643.03 8343.9 5631.26 
400.373 9915.61 8228.5 5644.84 8315.22 7786.83 2316.22 6801.66 6274.54 4546.73 6720.48 7738.62 7008.71 392.931 4210.1 
1857.99 6665.81 8940.25 6711.8 3696.75 7102.94 381.623 7890.73 3526.74 9843.91 5902.07 5045.27 4579.76 9545.1 3389.15 
211 9945.47 3304.75 8439.5 5590.29 1619.95 6226.32 7906.51 8421.61 2500.84 2453.23 5142.08 239.452 9461.94 5535.01 
4449.55 1319.92 2200.8 3389.79 8031.72 5897.54 492.716 8413.34 3788.26 4019.45 8257.23 9690.33 9064.73 2836.97 9235.41 
2453.86 3047.97 9180.87 5758.61 1487.46 4771.14 7378.56 7713.77 2677.64 5800.16 214.602 5130.87 942.215 454.054 4592.79 
6477.22 4903.61 5912.71 8678.02 8293.4 3944.4 4575.55 8786.11 2357.72 8363.8 2805.55 614.934 8054.12 1870.26 3451.9 
7289.51 4324.12 6499.87 6470.37 82.7121 7987.33 1241.49 7461.27 5701.09 3919.13 3261.41 5915.69 9050 4203.63 6369.74 
3642.77 680.831 1273.33 9555.47 9358.85 9566.73 3499.86 3934.38 8352.83 5857.58 2298.17 1158.36 6472.52 352.269 3028.62 
9924.42 7641.78 7352.74 6424.28 4112.13 7435.45 4411.59 5353.62 4896.71 112.658 9272.75 8158.12 6028.35 8322.73 2361.73 
2398.07 1965.48 3042.56 3671.4 1520.94 2401.39 3238.11 5020.79 6335.77 1590.92 878.362 8633.94 2749.28 7350.88 8986.21 
5777.91 7275.28 6627.98 3130.63 3699.54 740.092 566.066 8111.13 6093.71 5462.77 8223.79 5366.45 3620.88 4252.12 3689.16 
5982.61 6650.19 5654.64 9025.17 321.572 7175.58 1426.54 3559.69 2196.35 7762.31 5150.61 3074.72 6396.24 7899.9 425.579 
5382.43 3677.78 7700.86 2010.39 6808.41 1400.39 2750.48 7374.48 9511.52 8844.2 2837.24 7735.3 4210.63 6458.11 1987.4 
7899.79 2440.7 8637.59 3554.42 1465.85 8959.16 729.976 2892.39 2518.83 2926.33 654.688 7669.44 6001.05 7050.93 5569.32 
6426.62 2433.34 9247.1 4127.47 4443.74 6055.5 5527.86 7194.22 3429.96 5039.36 6038.4 6267.2 2774.64 249.018 2725.3 
4762.04 8148.81 5166 3399.61 1703.21 6631.85 2358.75 2433.19 9524.24 4877.58 5359.52 178.909 2547 1360.55 7229.84 
8116.32 7787.17 9663.18 7363.41 1914.62 4106.9 3418.89 7442.48 1301.1 6848.85 2481.83 7339.51 3116.04 5256.47 7588.52 
5841.33 18.497 5737.32 1007.31 3418.11 7440.53 7639.16 5776.86 9873.71 7163.38 654.426 5233.21 7342.29 3201.43 6593.76 
4572.11 1317.74 4380.91 4235.27 8681.14 6295.53 8342.17 2100.02 3738 9643.27 8948.87 6219.83 6982.76 2064.89 1476.28 
4571.27 7906.22 1494.78 308.571 8913.53 4912.89 7749.1 6552.68 689.733 7622.79 3716.04 1344.16 2855.99 1058.31 4545.59 
9449.75 5630.42 5863.33 3830.64 9865.69 4544.45 126.156 8207.85 6644.47 3864.16 7851.11 5593.32 83.9669 4833.86 7658.21 
1560.25 9405.13 5564.42 3055.03 9713.7 4477.93 7967.92 7462.78 1030.59 8657.65 5085.56 4746.63 1.79704 7941.54 5804.94 
4547.39 7391.27 1435.35 410.696 1221.9 1301.03 4955.15 1348.05 9508.88 1599.6 5212.21 7359.97 7192.93 5296.17 2193.81 
4851.12 6856.43 1598.92 415.523 9911.46 1312.6 4893.46 7879.36 8775.38 5924.05 6537 3860.91 670.664 6538.8 1802.44 
6475.61 1086.17 9193.72 7910.96 1496.86 415.595 9211.98 6452.01 1763.65 8720.84 8051.61 6975.85 6080.79 5244.52 2272.01 
8274.6 95.6248 9128.44 9873.52 511.148 9039.88 1186.1 5404.6 6919.22 9961.47 1328.64 3456.2 3822.37 1999.3 9995 
5624.81 8474.91 1081.15 4818.51 6385.85 2578.01 5234.11 5597.82 9030.02 6997.75 4318.64 7081.61 3973.59 399.42 2326.12 
6245.6 8674.02 2421.74 5374.02 8547.53 2932.89 4413.89 9733.62 8337.49 1333.09 9695.08 9666.13 4789.3 3517.44 1665.41 
4784.28 9142.25 140.307 5865.43 3960.74 6526.16 8443.44 9194.85 2123.95 7473.44 6192.59 6442.6 4555.04 166.161 6842.02 
6881.16 6411.77 5516.02 9302.9 1785.77 4063.53 2235.77 6199.66 3797.14 573.252 7532.75 3492.2 239.366 2322.03 7009.64 
1904.78 7106.31 6151.87 2045.09 2971.72 112.595 8571.24 1415.14 9307.45 695.179 8888.58 5500.01 7137.77 3443.6 5666.18 
3979.77 324.746 2077.92 9495.79 9627.65 3863.7 3559.31 1863.4 63.3376 7356.45 2436.66 7596.09 848.629 2676.02 9918.11 
7858.27 4580.8 7024.4 4010.12 6625.89 9996.12 4122.71 5197.12 1411.24 3430.14 5892.29 299.801 8930.15 3030.05 3743.41 
4596.31 7009.83 4068.15 6674.24 6505.6 3695.78 537.917 64.8963 5559.19 601.254 7421.34 7995.84 8197.34 8269.97 671.846 
8115.44 6128.22 5252.65 5139.82 138.319 1878.52 5135.92 4261.03 7075.64 6547.16 7691.17 2967.92 6846.96 6621.3 5997.97 
590.349 1217.6 3007.78 4658.5 7891.84 9513.38 8354.28 8429.75 9578.28 3913.45 9031.01 6999.61 1909.27 7228.33 5269.56 
2581.12 5343.75 1397.76 7833.77 483.555 1536.08 9712.29 5619.48 5797.11 6787.91 2166.62 3488.26 9755.83 9013.58 109.548 
5753.78 9603.93 1327.15 8761.56 4262.41 9218.99 8274.93 2616.67 7648.72 7853.2 6530.12 6679.71 4852.78 8439.4 3908.03 
122.326 1020.5 9251.78 1520.09 8854.27 9735.34 3056.17 8566.54 5354.8 8853.28 5354.44 7521.41 2341.52 5110.25 6534.98 
2451.07 864.018 6138.89 3778.22 9625.58 401.279 2997.19 7900.5 3017.95 645.891 5753.67 9548.08 7325.6 606.442 7987.45 
1233.62 728.768 9007.95 485.381 2248.86 7862.2 220.701 5305.02 6428.73 5575.5 4158.28 1783.15 3096.89 6499.8 6893.4 
9631.87 8950.87 7757.42 5770.74 2729.07 7382.98 6172.02 5726.25 5283.46 9189.97 6372.15 1037.12 8738.03 3697.73 1643.56 
6725.46 4931.35 2372.33 5733.4 5416.73 4621.19 3595.58 5637.43 9926.21 24.2951 1212.91 4084.47 1807.44 4309.81 584.258 
8700.84 3941.66 9535.13 6458.24 9712.39 2264.18 3841.21 5884.39 7990.44 9124.67 5074.35 4362.56 161.772 3812.36 8060.3 
1805.33 537.804 2991.63 4177.66 6271.2 8408.36 8798.85 9866.79 4045.78 8725.04 9891.08 5258.69 2809.49 1698.51 9568.5 
3393.75 399.335 3510.14 2928.86 6857.58 3222.52 5193.04 698.768 9106.91 3183.46 9823.44 4181.24 7546.03 9985.21 7993.6 
5606.31 1790.53 8531.4 8597.94 5968.19 4802.59 7006.29 4767.02 4669.36 1052.05 3492.04 4560.43 6310.75 6301.54 6258.94 
5879.23 9695.29 6658.27 9389.37 2624.14 3515.83 2611.87 7817.18 4214.6 1718.76 1000.63 4038.02 5900 8546.66 4023.21 
3893.58 4152.95 5813.74 2424.97 2750.87 1781.91 7227.56 9757.16 6548.94 1896.9 809.196 40.9627 6457.33 7119.94 6342.5 
2716.25 2999.15 6037.77 9374.52 2388.5 8661.91 2890.33 5000.37 6479.08 7104.93 6719.13 7479.71 1142.93 2619.11 6026.35 
5166.15 6512.69 179.279 979.869 8937.66 2930.15 2761.78 6165.2 2687.3 9310.72 8062.1 3496.49 9351.68 4519.41 616.418 
5694.17 7235.66 3615.57 1731.92 6610.16 6004.07 393.819 9500.49 1004.42 6872.9 6605.4 7723.54 4352.59 7748.33 342.637 
378.918 2914.46 6855.33 558.197 3894.33 5792.98 3488.35 6656.11 1958.16 6175.65 5966.81 20.2469 9672.14 5318.48 4539.66 
288.542 1012.63 1775.3 3904.11 2744.55 8385.45 9908.18 3138.37 7885.92 912.577 11.2527 4491.3 8636.12 4363.84 2239.62 
8978.76 4742.76 5154.08 5834.07 5300.96 9048.41 1627.03 8789.3 5704.5 3585.19 4964.94 1671.3 3605.44 4637.06 6989.78 
8145.1 4925.6 8002.41 9920.4 8829.71 746.943 8305.83 8737.87 3885.32 6191.73 9650.45 3896.57 683.02 8286.55 8260.41 
2922.64 7265.29 3003.15 8076.71 3099.35 8304.1 7125.1 4726.38 7093.39 2829.59 8311.57 2058.31 4500.88 1917 6695.37 
1490.64 62.0808 1620.95 9493.05 9982.48 450.649 239.978 8288.29 9188.52 4125.29 4480.01 8838.96 8021.86 5163.03 7125.49 
6282.25 8085.67 4390.77 9285.4 6162.36 7490.11 7589.49 3287.45 2216.48 4682.87 6117.03 528.035 6741.18 617.898 2445.03 
3436.53 2108.54 2507.11 5057.48 1601.58 2489.57 5508.13 1841.56 777.846 4696.64 5966.85 5257.85 3535.57 3988.7 420.865 
661.049 270.933 8506.53 5051.82 9556.34 4668.87 2541.91 7145.81 7956.32 4758.39 1828.66 4073.34 5286.43 8569.84 4691.23 
7731.46 2006.35 6799.78 238.558 7063.83 8401.36 2728.13 2571.95 242.895 3505.98 7268.58 6209.75 8763.83 804.14 198.425 
9184.7 1465.19 469.358 7691.21 6517.01 25.6772 2360.07 9058.92 7171.49 316.369 3817.29 9000.15 4389.7 9103.72 7569.97 
9080.94 6835.16 9576.31 5880.7 7073.72 6640.13 4282.04 9801.85 9212.08 4524.93 3307.81 6480.64 734.661 2071.63 7284.78 
933.086 1256.31 8749.97 1402.44 8947.52 5266.96 1428.12 1307.56 4325.86 8599.61 1623.93 8143.16 7599.74 6013.64 7246.86 
5169.69 5094.56 4082 4745.98 975.241 1155.71 1386.1 5257.28 957.543 598.156 9782.21 4265.36 7078.8 516.854 6336.98 
4363.56 1449.94 7593.29 3113.52 2852.38 6540.79 8380.48 4280.5 7848.35 2706.32 2880.09 9472.29 849.462 479.816 5485.91 
8096.32 5649.5 580.449 2178.31 395.471 1555.69 3334.01 1781.57 6812.97 4291.56 2379.72 6595.16 8556.91 9458.52 7112.01 
4893.88 3822.07 8561.95 2487.15 6935.59 1414.32 9027.94 5316.05 5694.82 6876.27 8022.37 8574.92 6348.54 8871.84 9054.73 
1834.43 6968.14 4704.22 2414.88 9146.45 5099.69 3970.57 2480.44 6881.26 783.522 6772 9260.98 7378.68 5328.9 8719.49 
4490.68 222.758 2541.54 3052.61 2709.91 9477.13 4466.93 1737.83 4793.16 161.741 8614.11 2815.52 8736.66 4962.63 1687.34 
7791.38 6797.06 8655.48 2495.58 9211.95 7801.91 7595.27 3182.5 282.335 4476.52 3966.02 7054.34 3737.48 1344.69 2383.22 
2456.95 5835.37 2605.97 4998.49 8887.98 5315.88 4475.61 3354.9 7053.71 9268.77 3516.64 5667.8 2084.27 2253.28 630.418 
3771.61 44.6421 7427.48 2427.07 2540.22 6639.41 228.965 135.48 9821.91 511.3 4612 3787.92 7565.64 8349.48 5132.6 
9948.85 806.412 967.954 2554.81 5804.9 9855.93 7870.69 280.494 3210.82 4924.39 9549.26 6727.46 592.179 1633.52 8980.74 
1222.6 5405.13 9025.38 8650.08 7832.2 1565.59 5289.47 8061.17 1701.07 5111.37 8572.47 6313.06 8899.29 6138.09 4662.52 
4031.88 6086.92 5468.93 4999.83 8641.73 1273.82 4855.75 6512.41 1554.31 8066.57 1436.79 1103.56 4794 2028.97 2737.08 
3774.72 3251.56 8142.21 2800.09 1901.63 5974.39 4365.67 7191.1 4035.54 6066.74 2302.45 2607.99 2379.78 1201.72 8746.08 
7042.3 5233.6 4832.99 2511.22 233.413 3474.7 3785.04 5089.16 9987.12 5339.35 3155.71 1423.89 6442.91 7949.71 3452.85 
9179.99 1724.42 6704.41 7322.18 4524.51 8606.04 3296.55 8890.18 5797.12 7332.09 4956.9 8099.57 9940.08 7336.69 9301.3 
8686.15 4378.97 4534.88 3519.12 6890.19 4768.29 6993.82 675.208 9857.46 6980.92 6014.56 3013.15 8404.8 2457.45 962.846 
1857.64 1637.43 2687.27 8562.05 8959.6 7211.78 7168.07 2256.14 6101.94 2965.18 9588.23 1058.83 1064.74 9528.29 8395.51 
366.016 8214.42 2774.46 4900.9 1733.52 9664.65 9669.19 8727.34 339.843 9526.63 5708.24 6354.4 2539.76 4113.03 8811.86 
3502.61 5970.66 449.265 6189.88 4532.7 9408.87 3401.63 1700.75 1664.99 9503.58 4665.93 1253.2 562.384 5730.67 781.472 
8957.9 6096.68 8995.89 1732.34 997.563 729.399 1396.98 666.736 9456.74 1736.82 193.347 5164.96 8091.22 2733.11 9277.99 
6903.06 6235.71 5248.63 7352.33 2425.57 9781.33 6761.18 5827.21 1482.07 8426.16 5330.76 6148 9679.36 5893.15 1878.65 
460.814 4851.03 7975.33 9456.71 6583.37 8972.9 186.09 7980.35 9639.63 9642.83 9717.16 9832.98 4807.77 7808.37 2566.07 
4085.75 4711.41 8801.78 9334.38 2063.72 1227.34 9115.7 8824.9 7054.55 597.748 7251.05 2385.29 6745.75 6930.39 8278.44 
8624.4 7391.2 3129.45 6599.72 6847.89 9712.82 5572.59 7033.98 7693.15 5212.21 6676.8 7410.29 5045.17 1484.55 5218.65 
7611.24 5570.3 9930.06 6413.01 4904.66 1993.77 7640.35 4020.34 818.65 4694.88 4618.09 8069.7 7080.17 1363.82 5000.07 
5358.6 9988.22 2391.25 8488.05 6587.92 9239.14 8200.85 2160.49 6273.11 5893.98 7372.7 2949.89 3304.25 2417.86 4434.44 
8522.9 29.0858 4.72181 8452.94 6442.1 4909.38 446.694 4082.43 8929.72 1265.34 8777.31 3547.79 9335.04 5857.46 4911.61 
4335.09 1216.04 4899.81 6726.34 9704.09 1487.71 5965.47 7904.92 3648.2 2238.56 3798.88 1020.89 5188.45 7103.13 3438.75 
9622.89 5626.02 3467.84 9627.62 4078.95 9909.93 4536.98 4525.64 3992.34 3466.69 5790.98 2769.64 7014.48 5126.01 8627.1 
1926.07 9461.09 9843.14 6825.88 6187.42 9547.21 8313.59 2152.87 7452.11 1961.78 4391.43 1250.98 2982.67 9579.88 8354.11 
6421.42 9202.76 3980.11 9889.25 8830.36 8059.06 9799.17 3367.32 2584.68 3791.5 6834 8375.66 6561.14 3848.46 3501.65 
5188.22 5774.54 2962.73 5031.34 2600.4 9150.15 4578.54 913.973 1303 2030.63 2875.75 5694.43 3281.61 5858.42 5274.29 
1635.7 2279.82 4477.03 5615.81 2169.06 3307.37 3674.85 1968.21 6674.69 6259.53 5759.71 3508.68 4635.18 2320.83 7357.15 
8136.83 7509.05 3131.66 1099.54 2540.37 5732.06 249.673 7118.91 6646.04 1552.67 9149.54 9521.79 7247.1 2431.13 5380.19 
2521.37 4066.83 7660.01 6998.41 9682.64 9829.07 305.764 3357.48 1797.27 6980.46 9617.01 7556.98 489.12 4252.17 9877.81 
7846.27 2388.99 7386.85 977.912 3488.53 9927.22 6709.98 3738.2 7046.12 3355.99 5290.87 6195.64 2877.77 2537.95 8626.77 
8257.96 5059.33 2693.59 5917.95 2057.72 2376.21 5747 2363.48 5733.69 7544.27 9343.94 5350.68 5101.24 9833.06 9602.86 
4979.03 7679.31 1991.83 2365.86 8657.22 5480.35 2293.07 5367.18 9218.56 9339.19 8723.17 4509.41 5534.81 1600.92 7047.37 
4161.56 9858.88 2106.68 6855.15 5776.81 4164.4 9231.37 1523.79 6527.88 4965.04 9068.07 5871.8 315.709 4169.29 5704.84 
9918.57 9148.32 3384.14 1910.37 1514.17 2041.34 7390.73 3807.24 7408.52 6609.27 3146.41 6131.67 1118.66 8681.22 7732.59 
8166.03 2842.76 7591.45 272.692 9697.91 3368.24 4437.09 8929.26 4892.04 964.952 3894.29 3960.09 6836.75 4210 8129.37 
2541.58 4128.54 7277.68 5925.72 6038.92 8791.84 7967.06 3429.63 2599.07 5375.56 38.8813 5745.47 1507.21 1157.54 4426.67 
9239.81 9323.58 7269.43 6831.24 9596.27 6967.33 199.471 4033.34 5896.58 5091.51 4998.29 9790.86 9051.6 1835.03 4000.84 
7180.95 4376.61 8129.39 4458.61 302.313 4168.29 3250.44 8269.37 7597.92 5849.5 3644.91 7636.8 1594.96 5152.13 8794.35 
6021.63 4391.92 8117.91 3291.04 1223.14 7714.16 258.357 1422.62 1747.48 6154.93 6514.12 6745.77 5945.78 5565.7 8580.8 
9946.62 2746.64 2957.39 8076 7205.25 3259.7 2244.27 455.669 1529.06 9842.19 6305.17 5173.97 7478.98 7900.13 326.078 
6273.31 3921.74 4717.99 4391.2 7212.78 5941.14 2105.34 7471.14 7363.75 3852.81 3626.06 3877.86 598.564 9571.84 9443.57 
9179.36 9518.45 2190.19 2136.73 7594.43 9395.43 5396.44 9838.7 9851.1 6925.5 9680.88 6156.26 2099.45 7159.84 4056.37 
2425.53 3433.13 7978.11 7143.52 7824.33 5190.88 3084.64 9929.66 2662 448.38 3782.46 6288.06 4326.24 4381.02 5859.89 
3769.79 3560.36 5378.32 5959.98 5697.1 2972.73 5355.39 1093.52 2811.42 5206.48 8019.02 2492.28 1362.72 118.448 9652.12 
5419.09 2543.97 3085.23 3397.19 9687.5 909.537 8588.06 2772.12 839.181 1250.05 3220.5 4621.64 7538.11 7546.74 9002.66 
3397.98 1316.52 2563.01 8776.3 7276.49 8260.1 1749.02 2631.87 9353.62 4560.43 7838.35 7372.62 7052.71 9201.07 7491.07 
6704.81 4620.14 35.0301 9790.04 8017.33 9722.53 699.556 6605.37 2494.63 1538.74 7855.42 5715.13 6160.38 5393.52 3261.86 
5163.02 8791.5 4578.37 7726.02 7567.79 1854.85 5986.11 9316.8 4486.71 5339.72 3877.22 2325.04 2712.32 929.914 1526.09 
203.378 7634.72 6146.23 238.408 7424.74 4163.54 9960.93 8124.3 768.895 2455.55 9663.04 8624.32 8170.68 5823.4 4017.82 
1432.52 986.395 2809.3 6010.9 8712.42 377.074 7865.74 4698.51 9693.88 2352.44 38.2078 3571.08 4677.48 2750.53 4500.99 
6203.57 2953.91 2135.7 2349.79 3192.32 9560.44 6513.33 3153.23 7684.73 7282.22 5608.78 7347.75 5906.52 3779.44 3171.12 
9924.34 5211.97 4157.52 2733.63 1222.84 2869.92 3110.7 9088.58 7568.43 2804.56 1441.01 7606.63 6375.64 6118.49 357.148 
876.62 2322.04 3311.06 3012.32 4671.83 6503.37 2572.75 1185.14 9656.6 257.456 8467.36 5265.37 7605.2 4373.86 9044.81 
776.307 4298.19 4256.76 4933.83 7031.82 5479.6 7803.74 142.504 4568.17 5372.15 2947.07 6009.18 2978.77 9322.71 2127.64 
3335.92 199.314 4449.68 6646.98 3211.63 9121.51 3150.33 5784.38 306.629 2806.92 6041.84 8773.99 8072.29 3647.02 3147.83 
7117.08 4423.33 7446.02 1373.83 9357.15 4477.82 6853.43 7160.88 4620.33 1421.58 2533.02 7567.39 7430.76 5511.79 6890.09 
9558.4 8847.71 7089.4 4008.07 5494.67 301.02 3129.56 8645.01 6085.4 3436.19 1451.91 2127.22 2210.16 9524.2 5774.24 
5357.99 6641.26 197.553 2804 8015.09 9554.71 7281.82 4868.5 6715.57 1902.13 6290.08 9248.59 9469.52 3720.82 4760.37 
6359.6 3279.21 3608.06 3448.98 7287.27 9102.74 3750 416.82 7747.72 9835.4 3853.01 9199.63 1962.61 6063.17 8723.81 
7736.85 1421.15 5365.06 7934.4 4225.15 3380.13 7489.09 1506.95 8248.63 4204.65 3409.08 4538.69 3453.22 2878.59 8259.51 
8213.59 9238.19 1538.7 1821.63 2687.15 8825.98 924.351 6437.15 9242.8 8672.07 6272.54 3095.79 7871.69 8235.14 9158.96 
6595.48 5971.97 580.096 1960.52 3906.36 4805.24 5340.65 1395.43 6312.19 3589.26 5600.08 9721.28 8127.95 9053.3 2599.85 
6387.45 7266.87 1838.02 7926.15 9088.51 4525.17 6752.11 12.8414 962.302 5994.89 8684.92 7234.84 9090.68 6556.59 5469.96 
8249.63 3152.06 1441.92 8829.72 5112.58 5348.28 3634.95 453.216 6743.71 9947.15 4042.48 2343.78 9668.41 2170.41 1397.06 
2268.24 8557.86 8663.94 4106.26 6484 7752.43 8631.42 3236.09 7765.27 9593.73 9230.98 6450.17 6828.55 8321.64 3006.74 
2298.49 6571.25 6158.8 3740.41 5400.96 1271.36 9088.69 9035.91 1724.58 5832.39 8983.04 5767.05 8176.16 8651.43 7937.47 
9573.22 919.648 6495.31 8237.14 5025.9 2979.29 5989.56 3657.31 6215.38 3754.81 3251.02 5446.34 204.958 79.548 3767.97 
3211.7 2378.04 339.205 9370.5 6118.45 5740.17 641.838 5207.13 4776.06 2366.41 1039.5 3759.08 8133.47 9215.66 2410.49 
6070.92 8788.86 3330.14 2566.21 7025.99 8356.04 5545.51 3015.53 2013.34 1760.87 6770.34 5264.35 7207.21 6975.3 5343.9 
975.162 186.977 7721.94 1314.37 9557.47 3840.38 7054.53 199.292 9047.5 1830.57 2565.71 86.9833 5589.65 699.158 9302.64 
8000.15 6770.08 8091.49 1330.27 9336.29 5117.46 9686.31 4881.78 8132.99 1699.63 6642.65 4903.31 6963.98 3849.84 1878.59 
2307.87 4825 2065.57 29.7932 6139.37 1623.02 3870.17 3193.88 1822.31 2917.66 5024.46 4388.02 3004.64 614.097 5087.18 
2307.27 8614.24 1857.24 398.737 9944.51 1193.51 5516.2 9630.8 6075.29 3649.18 1330.42 2717.92 8552.49 8294.4 6567.76 
431.063 602.249 1392.75 2496.63 632.042 7532.12 4119.65 4502.21 725.988 5941.97 7419.87 5750.45 329.973 424.501 6364.54 
5417.15 2731.77 4978.77 7274.39 3130.5 4923.26 8467.9 8646.7 4554.05 4543.18 2295.86 5884.47 7261.1 848.335 4178.85 
3828.85 1279.4 4781.1 5221.6 3776.03 5413.14 2753.7 7895.68 9915.35 3479.69 3837.63 7335.21 9230.14 4167.61 7759.71 
5594.66 9584.76 491.463 573.416 6859.13 3621.97 5496.68 5327.02 2268.66 50.7126 9870.2 4564.52 5935.18 7131.28 5412.85 
114.011 960.116 6692.25 4895.11 6181.72 468.264 308.231 8935.42 8363.95 223.569 2415.09 2201.56 7558.78 1645.21 6369.17 
5318.48 7239.88 5953.92 5809.94 7813.29 2813.03 9431.91 3309.95 8140.05 1700.54 3360.67 8010.24 6265.06 9295.85 5141.5 
1677.9 9409.86 6101.62 8370.15 4304.95 2283.32 8838.41 4613.18 1218.72 7202.34 4836.75 3633.81 9403.91 2395.51 5279.03 
5773.06 7713.99 2518.89 1726.96 3523.91 332.161 4540 2955.8 3642.12 2680.03 4656.34 7002.78 690.255 921.39 6298.61 
5831.76 2599.29 5708.45 1933.36 969.422 13.3835 4216.68 9807.84 4626.56 5435.41 7010.16 9463.31 9069.22 6414.05 1858.81 
4348.23 2187.1 9572.79 6867.11 3914.06 3096.68 7199.27 8454.06 6052.48 841.373 1134.08 708.81 7844.16 1824.33 1630.2 
4142.75 7656.09 4229.49 9851.2 9589.46 5198.91 9864.59 3806.13 5006.73 4491.13 9241.53 2016.88 3954.43 8310.73 8430.93 
5813.23 2658.94 618.014 5386.01 9526.05 4532.08 8482.69 6725.31 2986.12 4535.16 7566.69 4120.2 5243.97 5410.82 5944.54 
6874.17 9553.57 3600.61 1103.64 9404.76 3190.06 6302.55 9269.33 6996.18 1309.27 3760.45 6237.69 3326.14 7714.87 4548.41 
1757.05 3528.09 7207.35 2375.07 8914.09 6733.39 6907.15 7396.77 3458.69 9893.27 1931.91 1025.35 4013.46 7175.88 6436.18 
9958 4050.03 5989.73 3558.59 5153.67 5394.48 6748.65 1456.2 4663.79 3744.82 2765.47 8424.24 9982.51 6091.61 6139.09 
4530.9 7848.66 9667.18 1738.24 223.716 8581.25 8471.63 7130.86 5978 1930.3 7024.12 7909.91 2955.65 1037.56 5085.77 
9391.82 995.542 9135.79 5381.54 4554.14 4289.44 776 1302.77 5745.65 5439.79 5047.59 8511.12 3864.01 5030.08 4602.71 
3.0797 9560.98 2451.36 9670.26 1299.2 2675.07 8251.49 9770.83 9805.94 4229.47 1701.11 6830.04 2139.37 4656.76 7867.6 
7225.13 4048.57 8863.14 6360.91 9430.11 3417.26 650.337 206.09 4720.03 6395.98 5645.88 9767.62 4907.08 9509.89 4797.68 
9509.79 9512.97 4358.65 1961.13 9183.2 5657.85 4636.21 7434.68 5428.66 4442.12 1664.13 7129.77 1272.15 3803.5 1786.51 
9139.75 1028.61 5835.08 8002.87 7389.52 5265.17 1420.12 8039.86 5471.26 6140.15 4435.83 1117.12 5907.76 9342.91 626.989 
705.422 8852.69 139.937 5064.07 813.803 9323.14 721.902 5450.01 6757.8 6150.57 9892.13 8421.93 3280.32 1164.26 2225.42 
5066.83 303.993 3254.03 901.896 8306.87 643.536 6167.06 9726.99 8683.4 1638.3 5867.12 3119.21 2755.42 1774.86 2462.1 
3382.41 2480.29 1314.77 3522.35 7544.35 2128.57 2845.47 8266.26 7578.58 9603.27 4416.81 7470.7 8025.19 7697.13 8634.96 
250.592 2763.94 8938.96 3504.62 3665.84 7245.81 4148.16 9832.9 6972.78 2831.54 1471.19 2839.88 5950.74 4226.61 4614.75 
8412.85 7609.02 7095.03 9727.62 1131.36 4639.37 1856.17 3976.83 2905.61 9434.76 3580.09 7322.42 6905.44 1605.26 5019.53 
5540.38 1855.86 7783.47 4479.32 5360.48 1449.29 1725.11 9508.64 1282.18 8697.88 2340.16 2753.37 1537.75 8290.9 6979.98 
6152.5 6703.73 4588.99 3247.51 6431.33 5720.35 7886.88 8287.51 9697.18 792.474 7722.25 3277.25 8114.89 4627.67 4882.51 
3134.4 168.035 6738.37 917.852 4647.35 2098.83 2367.14 6372.46 1607.45 3649.32 5070.33 3947.61 6402.69 6608.08 2238.5 
3382.65 2760.56 8942.23 7971.64 6008.07 5373.55 3691.97 3894.93 3661.04 3389.13 4687.41 1383.27 6666.38 2802.28 6010.94 
1548.88 5936.68 6178.97 8287.25 6854.53 826.31 386.063 9221.67 7198.77 1993.52 2870.98 2269.09 5941.13 9273.67 8877.17 
8179.63 2656.3 1637.71 7121.85 627.924 7645.77 2495.38 4319.89 1540.69 6156.42 7709.02 6228.1 7539.69 4375.39 9030.38 
3550.61 5924.26 4967.04 9729.58 4211.49 1821.55 555.876 4597.56 1043.21 7754.65 6591.07 3914.18 23.7193 2532.19 3187.83 
8900.88 711.803 5844.14 538.575 7833.65 6472.06 8184.35 329.016 791.936 9725.04 6485.44 8500.96 5953.12 4025.11 2876.33 
4983.48 7575.72 8800.59 9950.51 7305.28 3012.07 1772.04 7861.16 7609.62 2815.25 5615.79 4200.68 6729.44 5639.51 6732.87 
9917.27 4540.38 7444.67 5761.39 5078.96 5278.31 2233.43 3263.29 5607.32 3025.36 2988.31 2092.74 1526.31 8941.43 6117.85 
4402.64 3924.89 3693.55 3203.21 3875.39 998.815 6215.28 5647.43 8859.97 3824.88 8462.68 4475.75 8025.57 5192.1 115.243 
4758.42 5109.35 4655.62 2203.07 870.72 9734.58 7481.38 3104.15 2997.85 3088.68 6129.51 5986.16 5181.42 7655.82 4927.58 
1299.26 2058.44 8852.46 4992.81 5261.65 2727.83 5991.62 1476.91 8375.26 4851.58 5301.8 6837.92 9327.33 3327.34 2030.01 
9442.57 8085.76 7139.36 4098.18 288.817 8010.08 3832.74 7770.2 1114.21 6830.59 858.863 7243.72 2816.73 6040.29 4899.52 
7744.31 7339.54 6957.96 6596.75 2332.33 2219.6 9324.59 8323.95 3696.51 7699.83 3175.51 8998.3 4537.74 2502.82 2325.63 
6567.74 1945.38 411.377 3707.08 6043.55 700.194 1717.14 9876.29 8470.39 2831.35 6706.86 9329.25 75.0531 9523.59 5369.52 
4974.58 7267.88 2709.05 1932.53 3864.62 5041.38 4152.12 3189.19 3365.31 7848.63 889 6540.82 6846.92 5426.74 9043.65 
9172.55 1994.47 989.005 9583.93 5701.55 7032.56 284.104 7418.69 6908.83 8754.49 250.024 3615.67 8083.73 325.077 3139.25 
3453.23 5299.65 407.109 6162.28 7232.18 4271.73 1203.64 1384.29 7460.91 4568.96 9232.92 8349.91 1109.76 6079.82 3776.63 
153.392 5252.35 5771.1 1142.4 4836.26 1472.63 8174.95 5120.36 8891.33 5083.77 3874.84 9141.35 8699.44 1958.55 9466.43 
1838.67 5411.79 4766.06 2245.78 1574.05 1998.23 6517.5 2777.69 3382.51 3978.4 7346.65 2615.41 2328.29 8456.41 8695.23 
6104.93 8609.81 3947.56 1876.01 9752.2 8783.82 3348.65 7927.14 3904.16 2239.95 3010.89 7779 1381.29 1710.31 9737.55 
847.696 3548.98 5149.32 5613.76 5794.76 6723.37 7611.99 2312.24 9501.07 994.481 6290.64 6847.7 3609.89 8618.93 5304.1 
2305.1 4723.85 3913.89 6252.66 6599.86 3666.07 5036.46 9948.5 1593.2 8940.63 2188.44 4604.09 6719.61 3569.73 6314.4 
6457.15 4417.42 9863.38 1606.46 31.1672 5658.12 8329.83 7643.15 7970.36 7830.88 8637.63 4260.98 4678.57 2247.51 2879.9 
9982.67 4552.61 7603.75 3896.54 805.252 4203.59 7562.61 5841.71 4152.07 9155.81 4782.32 6340.52 3759.88 1501.92 9910.24 
74.2558 7959.07 4327.65 9937.63 9565.53 4358.82 5595.73 7895.34 2001.95 3566.07 5726.21 639.572 7827.06 404.759 2887.08 
706.942 387.408 7439.69 8310.69 4283.95 8244.94 2514.26 1846.54 4086.64 6666.33 1002.33 8868.96 3006.83 4762.2 370.866 
2917.06 4836.46 8329.94 7244.71 4774.08 7895.45 1603.51 369.79 5790.78 3605.47 3935.86 1516.97 4245.04 1762.91 1921.73 
7132.12 2469.85 2309.13 4571.79 780.518 6593.08 2816.71 3294.78 8439.62 6903.35 9961.11 9441.95 5772.29 2967.92 4204.13 
6143.16 5884.98 9040.59 4473.08 3129.67 3814.65 2368.51 4733.19 4184.44 8159.29 8338.65 8120.31 9676.26 2583.67 9883.21 
1597.97 9715.79 2353.04 3907.1 4287.56 3133.56 500.164 7104.27 6428.34 8939.78 4007.6 6389.43 8381.71 9779.89 9357.35 
2585.83 5923.03 5242.32 1626.41 396.096 8371.99 5441.06 2764.61 3105.16 9625.5 923.879 1443.79 7745.8 600.118 4027.46 
7628.99 2198.08 3743.23 9982.04 6105.18 8030.79 3115.58 6605.35 5135.05 9543.92 5545.11 9142.65 5933.33 3926.81 8922.52 
5290.66 6512.64 4845.54 532.96 8139.05 5241.63 8904.95 3580.09 8006.24 2010.09 3205.58 8930.12 3453.88 951.357 9530.24 
7481.35 8580.35 1728.31 1224.56 8562.37 7833.49 9255.36 1677.93 4438.82 4390.39 1221.83 9983.94 3533.02 7155.15 3910.73 
2455.52 2445.8 423.35 7301.06 2978.76 8562.4 2542.68 1883.69 2142.47 548.904 3893.78 5348.05 9479.03 7347.67 6299.41 
9009.25 4829 4879.74 737.537 6053.56 3442.09 8571.03 5308.9 5120.02 3009.83 9699.29 6341.84 2993.75 3232.29 3496.98 
6904.48 5687.81 5942.78 7327.83 2988.85 8921.54 5890.21 5531.53 805.214 8032.68 6080.44 4699 3380.71 5559.45 2046.65 
9680.12 4568.68 6875.64 4559.84 5306.21 2929.18 8001.93 3877.22 8238.08 3121.93 6887.06 7937.35 9463.77 9880.81 1169.62 
2960.73 6785.28 6857.43 8903.51 4113.09 9846.29 7825.04 3.28715 5377.8 8630.25 8035.97 1458.22 3329.23 1416.66 7017.67 
5375.88 1096.77 1586.33 2251.5 5656.6 6892.54 5180.68 3658.51 769.746 3418.75 6780.44 7656.8 1356.09 6244.19 7537.6 
2525.71 9204.93 4322.86 9383.14 8108.43 8435.95 9229.41 5933.44 8439.23 4607.2 4563.68 6475.19 6065.42 7892.91 7891.85 
3083.07 3268.77 8988.62 4669.4 5520.27 4645.2 1561.92 700.936 8303.72 2331.66 4119.69 5084.14 9988.47 5475.77 1328.31 
7526.04 8001.48 533.224 1848.88 7384.61 8641.65 284.814 6614 4575.08 8724.05 1221.18 9138.75 5199.22 7286.6 7031.65 
3091.05 369.651 300.397 2079.65 5039.05 5820.67 6724.86 6600.96 6521.6 5028.56 8932.62 641.271 112.677 8921.07 6117.04 
1440.99 6447.1 4118.51 1974.21 8295.98 1503.1 615.846 8580.8 8117.1 5190.92 7304.83 9338.28 4329.66 2504.03 6624.87 
1361.29 5595.08 6994.52 1661.69 7674.74 2033.55 7482.35 4399.57 8634.51 4003.94 9428.13 7567.12 4645.21 9540.81 6488.17 
762.238 981.78 2935.26 4880.75 2955.99 1231.23 6383.85 3571.84 9812.03 4500.93 8762.76 7116.84 3839.2 3092.41 9620.87 
464.052 4453.7 5215.94 7458.57 6115.39 2890.65 9492.12 3597.72 7290.23 8126.61 7601.66 6718.34 5693.71 2246.86 6259.13 
2181.87 3009.09 7240.91 5117.13 7889.84 196.889 6348.35 4273.67 3768.73 6160.36 8774.61 2531.48 3277.18 2613.79 5623.89 
2898.04 3077.85 77.5672 8113.97 536.398 6192.95 1004.61 28.4977 9790.68 8294.84 8155.11 7392.32 5013.16 3848.8 9639.18 
1272.27 6030.67 2648.26 8513.19 1147.77 538.083 8710.08 7496.13 4811.76 2478.79 3656.47 3586.35 5010.26 6933.65 6200.14 
634.132 9831.69 9277.99 711.699 7945.64 9814.38 6904.65 8950.25 9842.88 6695.31 7245.07 7997.97 4087.62 2258.21 1846.75 
3726.79 3530.49 7877.42 6375.04 2043.66 9025.19 6913.13 753.716 6521.3 1724.87 3232.5 177.757 5311.21 8242.77 7111.41 
1511.34 8876.9 6943.08 789.304 9588.6 4888.71 603.671 6493.24 3838.95 446.536 3188.53 1084 8444.51 7276.16 3342.21 
291.243 1002.92 6872.7 8168.66 7377.97 8916.36 7193.83 4291.08 9670.07 3715.12 6015.94 2902.56 3892.88 1327.14 1145.31 
1004.27 2838.47 22.1922 7947.36 3627.78 9610.79 2836.05 4231.45 6104.01 6675 4677.98 9292.54 7758.99 3122.48 6568.68 
1101.19 3413.72 7571.6 7973.89 1582.36 4949.56 6890.23 8776.2 9240.63 6560.29 2491.3 5256.56 9462.85 6384.17 6583.7 
608.141 7388.45 9422.17 630.333 5335.78 3049.93 241.107 8171.83 7281.38 6345.12 4846.81 1959.35 5637.64 2605.79 5081.82 
2206.31 3706.98 8495.54 9777.91 1680.85 77.886 4727.45 8571.08 8854.08 3968.06 5131.35 1345.36 9224.62 4594.19 7729.54 
5808.3 5202.33 5117.97 5230.46 5832.66 453.733 8280.39 6073.77 8625.57 5561.76 2418.87 3472.36 7521.1 8056.51 6078.15 
2602.91 262.797 9785.13 1098.44 40.6893 1465.97 1176.32 4768.14 37.0328 30.3885 8736.2 5168.39 1375.75 7960.81 9762.57 
9105.29 3769.09 4964.88 4223.24 8999.55 797.527 4676.97 7279.93 6871.29 3302.52 2841.67 9290.16 6774.88 362.755 7346.65 
2853.02 2965.67 7609.45 2638.13 4064.11 7650.14 4104.1 5240.43 2418.26 4141.13 5270.82 1154.44 9309.52 6646.57 9115.25 
9072.08 5751.84 2884.33 4036.94 9975.08 1883.87 4834.47 4652.03 9163.79 1705.75 7954.55 2005.44 995.893 4729.42 2368.2 
8342.55 7582.44 5333.87 5951.98 220.554 9397.97 3602.1 4324.65 4638.38 6020.36 8465.79 9909.2 7174.8 7775.29 6555.75 
6290.04 6847.35 2307.58 9174.37 884.274 2282.64 1058.22 5718.74 6934.67 221.993 7424.49 4889.21 2227.44 8420.38 9618.63 
4595.63 6762.91 7201.05 9929.5 2714.88 7421.6 9327.45 6316.98 1746.24 3965.82 2337.32 212.008 3875 9512.12 7987.3 
430.737 5802.15 4834.63 2738.31 4976.5 5718.9 5020.95 6034.72 1437.63 1955.6 6256.71 8862.12 6844.81 8484.14 7282.49 
6463.42 3079.76 4045.39 3664.45 3009.25 6760.26 1086.04 2336.68 3077.22 2832.28 6302.5 5414.54 3044.28 177.489 4926.65 
1031.56 608.226 728.783 5866.19 3346.54 5705.28 1585.08 8367.49 1739.98 3022.71 323.075 7996.69 1884.81 7167.89 6480.82 
9167.3 3631.29 9560.58 3212.67 7295.74 2569.81 9972.93 8381.78 4906.49 3050.14 1214.03 1208.98 8464.68 4258.32 1386.47 
3391.32 5289.88 1994.69 4120.1 1156.06 5341.23 9825.38 2741.13 3708.7 1565.35 5763.84 4031.78 9562.03 7648.65 1199.65 
6042.83 6815.94 4830.94 5603.39 28.5911 2126.66 8173.2 1.50897 508.416 3079.68 3051.65 1722.45 4288.65 1516.32 5980.77 
5675.12 4907.64 1270.63 7669.81 9027.74 2426.69 3011.03 8853.11 5167.82 6719.73 418.434 931.641 751.495 9980.47 8580.29 
1951.14 6023.28 5396.21 6782.08 1626.66 5424.8 8908.74 9799.86 5426.31 9417.15 2879.52 8477.96 1139.58 7168.17 9994.28 
7120.35 2843.28 4901.9 8390.98 513.076 3929.62 817.653 3524.11 2782.71 5985.47 243.821 3201.14 6917.11 995.316 3181.59 
5497.39 2946.46 9204.88 893.582 9728.54 831.515 6318.38 8637.26 631.358 1744.68 8054.39 3510.88 222.622 9193.98 679.033 
216.883 6314.31 3522.31 5118.78 4705.28 4035.39 9048.4 5522.93 7559.49 1831.09 1508.38 7803.32 5032.24 8425.5 8798.63 
8213.83 3922.87 1745.07 7418.69 4816.45 1473.59 8250.2 1134.82 110.833 8881.56 2879.5 8165.22 2392.42 3102.12 7359.18 
3071.45 3319 3673.48 6593.77 8437.78 8378.75 629.137 7486.17 3901.67 8188.63 9317.26 5410.05 5991.93 4349.48 3835.53 
4790.54 2563.29 7758.4 6535.62 9981.98 2574.83 8009.21 8232.16 3709.65 8120.04 7113.71 6589.15 6285.25 9506.13 9691.26 
3644.42 2577.56 3010.25 7317.9 9171.33 1448.01 5696.63 9800.47 8934.18 9598.3 7989.08 8251.42 5008.33 3980.99 2600.88 
8843.86 8771.54 5164.17 6602.25 5307.14 5146.13 9177.08 3316.33 3378.28 2886.71 1436.36 491.968 9475.86 7721.61 9998.1 
9167.1 1366.01 2575.64 2177.33 8683.91 1746.96 3625.34 4380.52 1547.41 2559.5 3978.81 9536.49 810.902 8987.14 3517.46 
3411.78 7830.99 2288.98 8575.95 4433.22 7596.12 3722.06 3610.28 912.435 7100.34 6496.99 2348.79 7592.31 5972.83 70.39 
7590.38 5139.92 1436.4 166.011 7317.25 120.296 1912.97 942.578 4500.82 3460.37 3502.08 8479.63 2996.84 4312.98 7466.75 
6514.3 7724.76 5297.72 8803.29 6300.69 9730.93 6399.39 22.7378 3341.19 7311.82 7123.08 9838.18 9660.62 4715.37 5811 
9731.01 2305.73 950.9 1167.39 2471.74 8268.15 1287.69 4384.71 9210.73 5788.51 7845.08 2712.79 4268.12 841.909 7025.78 
1734.85 7356.21 4750.52 7032.57 6159.48 1051.2 6763.49 2558.85 1073.94 104.666 9870.68 8197.01 9942.85 9531.28 2912.36 
5753.83 9262.27 5218.09 6704.73 429.647 7689.84 4972.87 1717.34 2074.53 4183.58 7505.85 9919.62 6896.37 1773.95 761.51 
3922.13 3508.81 8117.72 8672.66 541.361 4277.19 9723.85 7304.85 6836.04 797.773 7409.52 6706.7 8994.79 7352.35 6237.97 
1907.13 3106.17 5500.22 7125.22 9810.9 5929.87 4815.04 4783.75 7647.21 6889.58 8967.33 5153.04 6809.18 5863.69 6926.99 
7570.69 9785.82 435.779 5688.4 8458.46 977.141 9965.58 8182.3 8281.99 6801.61 8980.07 5691.49 3508.3 7974.84 3043.82 
9746.27 9881.97 6149.99 5246.47 7007.18 5960.87 1176.32 1822.2 744.604 8823.52 8711.78 9711.93 3976.54 5520.94 5575.6 
903.516 3091.62 5361.41 1339.3 8780.01 3819.85 2316.44 8745.58 2002.14 598.41 5547.18 982.192 6289.9 9055.48 8957.03 
9333.72 8801.73 8838.99 5483.7 4048.18 5846.14 1444.55 5224.5 7668.35 2189.16 4048 6380.11 1901.07 8024.55 1901.04 
7476.68 8928.06 4992.66 2838.07 267.342 3772.65 6657.93 2583.78 2518.21 8660.06 3182.19 8065.39 9642.26 9472.09 7120.85 
