200 15
3488.45 9423.05 6713.08 7594.13 7468.77 4615.23 6250.31 5646.41 4824.04 9569.34 7013.34 4179.26 2916.13 9047.28 3353 
5980.39 7049.02 8467.72 3710.92 7476.52 4189.96 7026.6 3999.86 3368.56 548.701 3105.32 3423.45 4909.94 924.728 4874.35 
4307.94 4413.18 4297.39 1021 2007.29 1766.14 5636.23 8257.6 7412.55 460.254 7826.92 4425.88 4639.52 743.037 3473.15 
7992.52 6723.43 522.145 6460.22 434.33 7998.67 650.171 7460.93 1998.51 4018.73 8009.63 5103.83 7442.18 2919.55 6028.55 
2316.52 7227.49 441.714 6613.91 8248.49 2449 8380.05 3884.71 706.584 5792.59 4344.96 8533.51 218.447 8984.47 9276.54 
3691.59 6976.98 5999.96 4213.74 3437.18 6434.29 2212.39 4087.35 3895.2 4210.9 8106.09 1904.81 9314.73 5548.25 4824.36 
5343.27 7864.77 2051.84 5784.98 4478.66 300.312 8233.98 2858.7 4185.02 8940.57 8651.28 8529.98 7474.06 8869.73 7514.43 
6750.58 2561.3 4491.39 2750.52 6775.04 7928.57 9184.81 8987.43 2015.91 3079.99 3198.32 121.98 4984.8 2513.03 5670.23 
9809.17 7856.29 3534.99 1860.99 3641.25 8013.65 2161.3 1875.22 872.329 6346.32 815.77 9523.61 4876.28 8289.83 8393.32 
2390.69 5040.4 954.61 6882.08 7790.92 7729.65 4810.64 6975.71 6717.07 6826.55 55.6892 9915.39 6948.53 5040.49 2428.39 
2618.74 4849.65 284.669 6153.73 6710.63 3925.92 4167.36 8871.93 5801.14 5039.69 5218.23 6616.91 4563.29 94.4928 4906.72 
2956.59 2485.18 9947.12 3911.2 9367.27 7738.02 1640.84 4177.89 4713.72 8357.91 1004.42 4769.41 8273.28 7952.95 9809.9 
701.653 571.672 4659.53 986.322 6725.4 1370.15 4912.25 892.748 242.067 713.372 5932.44 5460.3 7330.29 495.709 5554.79 
2236.99 3452.3 8039.98 2184.1 7363.5 7407.23 9922.12 9004.34 1585.1 4635.82 7362.23 2589.52 9405.23 5635.49 542.447 
9215.12 6337.14 1114.12 3874.63 7323.47 7839.52 5244.78 2235.69 8732.27 5486.85 2949.07 4664.69 947.13 279.333 5160.4 
6501.92 2516.33 8612.7 4541.88 4700.42 5976.19 1949.1 4622.52 4980.51 3534.19 9258.34 2342.73 6123.71 8663.56 7978.22 
6666.16 7878.66 4315.34 7780.28 1753.27 1638.79 5619.78 6998.05 3874.48 4352.03 2484.88 6823.55 9016.72 3432.01 7102.88 
4177.1 9933.93 9619.21 2789.79 4475.8 4319.61 8765.97 6424.9 8942.14 3746.47 9959.09 8200.47 6089.2 6082.79 6864.01 
4067.4 2748.93 4742.65 8382.74 529.19 6495.92 21.5118 6148.97 3493.95 3896 500.985 5978.83 719.529 9517.71 9410.84 
7822.41 3694.79 9344.76 7441.6 6484.58 3820.54 1761.2 5250.54 245.423 703.321 8997.01 204.497 8903.79 5086.19 6287.28 
5767.78 9153.58 9036.21 510.409 7536.3 9565.4 7006.33 7557.81 5714.36 500.266 1453.79 6215.34 6479.1 2173.32 5733.03 
5889.93 9995.74 9427.83 5234.67 7437.32 5912.39 9055.21 9198.52 1162.91 9300.63 9901.84 159.902 9505.13 8805.61 5246.09 
5792.4 4573.37 4399.65 4828.6 5083.78 1935.94 4393.98 2090.1 9493.75 108.323 2590.36 947.532 6323.67 9069.46 3120.86 
2056.68 4959.37 3116.57 1484.49 194.02 553.878 7396.88 9249.23 9752.4 8559.79 8549.85 9654.23 8719.7 8054.96 8459.83 
3965.77 3847.34 3033.18 8365.42 8675.94 8116.97 301.344 3069.9 207.047 9795.1 3178.22 2797.41 742.614 9501.89 1866.85 
3863.47 1558.55 6826.22 6980.04 3043.05 7020.25 7533.92 439.91 6269.46 7286.3 8999.7 4819.29 6940.52 7719.38 2874.23 
5400.32 1685.13 6721.57 8433.51 50.5366 5397.49 6550.46 351.881 8467.39 6757.5 146.963 1645.6 9554.91 889.577 1147.47 
1421.75 4753.05 2706.03 8247.98 1733.07 5749.07 5268.2 9266.99 6188.98 1537.65 6553.28 5188.67 6356.93 3493.78 2908.03 
9231.17 8894.1 4593.17 5952.72 7327.59 4643.7 1350.19 3878.04 4995.58 9817.59 635.524 5142.55 1463.17 190.42 6032.12 
2610.64 1612.17 785.153 5316.67 9860.15 2518.22 1065.72 5128.33 1785.2 7254.7 6665.98 8338.48 2443.36 3022.9 1832.24 
5351.39 2254.05 726.329 9944.56 8206.77 8053.92 4588.24 9556.96 1931.94 9583.83 9374.53 2567.47 4726.36 837.68 2757.89 
758.464 3448.32 4370.06 1543.62 8764.98 4230.19 4061.84 9830.71 9358.52 5847.04 7085.39 6024.49 4185.5 9528.75 9047.39 
6017.74 4880.12 1301.41 6744.07 4824.66 9508.18 4797.98 9412.9 9065.12 6729.92 8996.71 8439.64 9297.39 3723.05 9277.32 
2055.26 4481.52 2725.62 6425.32 6025.13 1490.59 655.488 86.9583 1321.28 13.9946 5934 8406.67 6038.48 119.483 7935.4 
5085.85 6137.23 2815.5 6387.26 2881.28 7640.16 5895.43 7679.26 7053.04 4960.54 4409.17 6049.74 3400.16 3706.54 9772.79 
2677.46 5761.8 4254.29 5403.08 2187.1 279.411 6893.66 2842.58 366.369 8214.94 2856.58 6300.37 6621.59 8895.06 6419.85 
4556.97 3980.89 2557.06 7372.46 368.142 5438.34 5012.6 6263.57 3117.59 2065.63 1224.09 7526.76 8115.37 4624.24 1233.28 
7888.14 7301.7 6995.08 2142.42 2704.76 9182.18 2421.83 9598.42 2024.74 2788.2 7813.34 4881.32 9088.56 4434.91 3776.37 
5508.4 8991.88 7757.26 8065.46 6364.32 8125.4 3503.79 1376.91 4388.96 6621.38 3442.53 5613.04 4148.12 1557.88 237.271 
5381.4 9446.02 7538.97 2376.46 1588.42 243.71 1558.62 4010.25 9842.13 3583.37 6798.45 7655.45 8464.69 5887 2090.35 
2241.04 1395.38 1082.21 9998.3 9460.84 7446.53 8123.69 2964.61 8823.43 2512.63 9585.99 2265.95 8125.67 3734.09 3823.83 
8362.94 9115.49 3269.84 5901.9 1491.94 4858.27 6145.61 3050.56 8868.52 5987.72 6633.93 5666.95 3643.16 5098.6 1553.93 
5733.51 7339.64 2949.31 6815.71 7337.93 2410.13 4262.22 5461.6 5374.74 3085.64 7974.23 4960.71 5351.59 6099.89 8694.8 
9175.43 4462.81 7810.27 2445.25 364.695 9302.21 7303.52 6510.3 2352.76 6172.02 2498.01 8986.68 1838.95 6141.17 4085.27 
3392.88 1874.65 1424.89 6342.19 8690.37 8762.82 8752.32 2952.57 4224.4 4127.04 6038.21 2198.61 9087.75 1389.79 8298.5 
7782.54 565.196 2761.3 5592.79 3010.45 3125.99 4894.99 313.945 9636.3 7247.75 6485.96 2134.29 6234.41 8324.91 8275.45 
319.664 1717.77 150.09 1744.56 8059.96 8840.46 507.356 6812.27 1793.01 4731.76 939.292 7831.22 6930.37 27.028 9221.01 
5228.86 7809.56 9786.21 7990.16 3402.34 2796.64 1116.14 8297.33 3110.58 752.416 5545.06 9596.54 2886.7 1779.46 7921.44 
1162.14 2099.12 9639.21 1312.23 3843.68 7699.16 152.668 4351.04 4511.4 1945.68 9082.79 5450.7 9776.9 6013.15 5477.72 
8997.9 1241.99 3287.27 8784.09 9232.15 6689.61 1580.71 348.266 4986.93 4691.29 1100.68 531.972 4287.81 3987.39 2311.43 
2209.23 5149.53 4410.56 1848.42 6461.75 8254.23 9547.58 6614.42 2605.25 4058.97 8560.1 1688.03 9509.66 8336.99 7701.18 
4987.37 7334.87 8943.17 8274.64 6118.94 8175.3 4964.24 7699.64 8523.56 9951.16 2390.91 9624.25 483.118 6678.73 3611.62 
2794.55 8887.96 8761.14 7205.1 736.364 5222.88 5459.32 283.926 1837.28 8064.57 4342.89 397.368 9752.6 3852.54 8734.36 
7453.77 8839.91 6069.21 6396.92 7114.53 2188.13 4572.2 2078.75 9887.77 3095.75 2029.89 2278.67 2719.98 2513.01 8957.39 
6331.59 5307.56 7845.33 5092.71 2512.65 8581.7 315.575 7971.97 8865.62 2152.86 6036.53 3208.5 2550.23 5789.12 7061.03 
1284.57 3242.87 5900.92 7353.77 9639.78 3015.43 9541.9 4211.96 5094.18 9429.65 7307.71 7124.07 1708.3 27.6706 9637.09 
665.676 6359.26 4944.63 8511.01 1451.96 7457.28 7092.69 1767.53 5429.24 5958.29 3920.39 1465.75 9166.79 6470.62 7254.87 
6227.8 7755.19 497.715 2128.71 5108.94 137.48 5144.14 4650.82 4349.44 238.302 4080.46 1657.14 7362.38 5788.76 1684.81 
6999.45 6454.44 8044.07 1944.06 4965.43 9496.03 9401.34 2058.1 1263.55 4830.56 8016.39 5183.94 6296.31 7183.16 1654.54 
3551.16 3410.94 9409.73 4048.88 5539.65 4518.65 4186.36 683.772 9169.47 8535.8 922.074 3249.92 192.925 8284.45 9038.67 
1877.73 5283.88 5493.09 9921.81 7227.94 458.504 9417.82 6629.27 2516.6 681.353 1459.81 532.973 5865.29 7756.13 7716.13 
7519.84 1307.27 1127.06 6929.55 5356.15 6666.71 1448.19 9542.51 7350.48 617.643 8078.29 8272.55 3867.56 8271.22 6556.99 
2906.22 148.937 1840.85 8399.31 70.7263 9068.79 8857.81 9488.55 5698.04 1374.4 169.883 7157.86 1907.37 6035.18 4913.97 
9623.5 3555 6221.24 750.544 484.533 1577.38 7417.25 1932.72 1119.87 4767.72 2550.36 9198.16 3040.25 6417.92 7469.37 
9597.24 9324.14 7618.3 1438.08 7723.43 7689.03 506.855 6581.23 7177.56 6204.9 7955.63 7347.44 3362.74 9863 3382.6 
8276.71 9486.49 6937.6 4497.94 237.014 7422.14 6075.31 7654.27 9354.85 7195.18 2421.97 1905.2 6393.33 5462.22 8323.12 
3862.68 5059.45 7647.24 1480.96 6497.52 5370.65 9169.99 7004.38 1951.87 6347.53 3209.26 9907.5 3694.96 6572 9770.48 
7077.56 4848.7 9256.95 4015.14 9346.64 9493.96 1437.26 5421.94 7148.21 792.1 2617.1 9570.18 2697.3 9010.43 5032.38 
1020.4 2873.09 91.8114 8667.64 4354.05 6589.33 4038.28 3524.03 3593.7 5990.15 9871.56 6802.96 5897.62 3566.49 3374.94 
5668.09 644.036 8223.64 4925.02 4659.18 7570.26 4418.96 6096.44 2992.18 1567.16 6888.54 5609.28 1137.32 9585.84 4619.7 
6169.7 606.225 7492.79 6261.51 9273.87 1846.82 2850.83 3312.13 5370.85 6444.53 9302.27 5242.39 3247.47 5199.88 8808.88 
6622.41 867.949 9452.92 4846.04 5792.97 4112.08 2416.29 211.912 208.507 5408.47 1779.07 7097.05 1017.74 2916.39 6682.87 
5637.44 9086.09 7289.1 3130.21 5347.59 6562.95 4977.03 8198.42 9875.08 347.867 4642.94 9177.33 5590.26 7890.41 4377.2 
4399.12 4512.8 5245.15 3852.03 9358.84 1038.1 7964.11 1775.12 1250.01 8172.62 7183.59 3029.08 5269.65 8201.33 5945.47 
1952.5 3838.75 5031.54 9241.6 6968.95 379.118 5804.53 1945.97 8577.54 5679.59 2293.84 3220.46 4856.9 7884.09 1110.85 
9234.1 2283.2 5623.65 4479.23 6135.23 4982.48 5517.33 4099.32 6757.59 6767.33 2271.92 3941.16 9796.41 7541.56 2142.47 
5741.86 9494.07 5981.22 773.388 8735.65 2950.15 1152.51 4540.16 4896.13 9730.05 219.728 7189.96 2950.49 5076.63 5074.04 
4061.34 4310.71 7357.24 9684.99 8789.94 3492.45 4667.45 4307.25 7591.77 1425.03 1074.57 9863.68 5366.19 870.96 7405.23 
7508.66 6612.82 6899.28 3489.86 7386.21 5634.91 6440.02 8538.72 175.05 1336.13 8268.75 394.778 8526.09 1219.22 5471.41 
3600.12 5280.56 9782.12 957.341 4965.54 8572.05 4449.79 9632.99 2879.28 2041.54 1058 3953.85 1905.21 6424.19 4824.81 
9310.44 3932.84 1437.61 6209.7 7422.7 8823.82 1844.59 3862.7 7362.52 2019.64 5198.82 5631.25 2414.42 3724.9 6850.47 
7885.83 7325.01 2131.02 7667.94 8282.35 7096.55 6239.97 2732.13 6729.52 9119.25 4773.67 7787.52 3073.08 6678.88 4211.7 
7897.89 5989.31 8144.53 9335.51 2198.99 5567.21 8159.31 4043.58 9429.91 5521.82 6063.23 4628.72 1153.05 8477.65 8353.62 
8003.52 6363.46 5678.61 134.519 4031.38 3960.95 7231.07 271.33 6693.08 3960.57 9390.58 1466.74 1748.08 2463.65 8145.62 
5959.77 361.526 4134.91 4104.29 9697.03 6333.9 9671.5 7856.33 377.465 9101.4 3378.13 6440.69 3730.1 4531.18 4918.32 
2083.7 2534.68 1281.77 7762.32 2669.2 5313.15 1723.25 9900.27 5584.48 8416.33 3860.82 4975.04 9883.07 5608.9 7438.69 
8028.67 1568.66 7800.22 2163.56 5672.95 7497.23 8497.46 5344.43 5353.54 8874.92 4445.82 8731.67 5315.6 8175.92 3262.83 
233.904 259.608 5797.51 1515.67 8021.93 8466.71 6828.82 9745.18 8366.96 2413.28 8161.5 2227.77 7388.32 8044.55 7836.67 
4826.99 6073.2 9405.33 2627.19 8236.76 5078.26 124.405 6734.2 422.682 5477.95 5609.11 4868.5 4209.6 924.691 3044.4 
7472.44 1158.59 3304.01 3269.93 2674.27 1325.92 1736.63 9503.08 1071.08 103.574 1916.34 9232.58 2331.35 9304.66 7277.11 
168.003 4131.63 3350.3 9573.34 6758.82 1587.04 4651.58 6883.23 8321.25 5074.26 2361.16 3930.34 9942.76 6570.77 4855.03 
2987.15 4043.18 6013.63 6291.16 7313.12 8687.89 7617.08 9049.74 8190.96 8688.17 9153.32 107.282 7920.73 1484.64 9411.94 
5197.83 1652.65 3543.56 8548.13 1225.97 302.368 135.156 5877.55 7185.6 8456.4 951.797 9546.76 2386.73 894.545 6117.51 
7241.76 3881.7 160.673 3255.37 172.84 7473.79 1943.24 7789.92 6523.51 134.183 6478.08 5676.81 241.465 4398.79 7161.46 
9653.41 9596.62 8814.11 3196.95 8144.73 40.0556 3499.32 8279.89 5917.6 684.899 6736.28 6869.4 231.64 9123 7763.95 
6349.15 6364.75 1645.63 6509.82 9620.12 1818.47 3983.59 1563.34 9608.39 507.089 1697.52 6086.45 6183.9 1938.99 485.225 
3345.34 1592.38 81.8302 2159.43 4789.33 8226.56 2199.49 8288.65 6506.44 8117.09 8973.55 3242.7 4986.48 9205.19 2365.69 
2750.41 5554.32 8730.43 4396.04 2064.12 8350.53 6214.5 6047.71 9913.87 5822.87 6554.8 1611.38 1909.31 2738.69 3550.37 
2394.53 6084.03 5142.75 2476.36 8243.47 9932.08 702.909 442.942 8220.71 7209.35 8560.04 7194.24 452.029 3546.5 6399.41 
2817.72 6296.91 1953.72 1548.13 692.928 4017.84 9898.66 6907.43 65.5356 9812.52 2730.29 6620.34 1423.88 4639.59 9359.03 
4974.24 7034.12 5443.05 116.97 9510.49 3686.5 49.0298 213.377 4129.44 8269.74 7422.72 2689.46 5463.96 7874.75 6235.96 
1863.36 692.451 2532.85 3817.08 2240.58 3225.78 7834.92 2139.23 133.194 7900.45 1951.73 2863.48 4520.77 3375.6 7503.07 
3879.79 8349.84 4537.18 9322.83 8466.81 4047.65 3009.31 8515.84 4261.03 7138.75 6785.57 1683.73 9828.21 2249.51 9558.49 
6064.16 4112.87 250.921 8597.01 7929.95 2491.5 1822.77 5764.85 4630.73 1955.97 3665.28 6582.46 4819.45 8186.06 9958.06 
2322.5 2065.82 8307.89 6859.68 1388.64 6774.69 907.316 4397.95 5290.51 5168.34 1536.69 2076.06 6852.08 1364.89 4325.58 
6410.55 7429.04 8438.45 6661.47 6026.04 6368.38 9152.97 7848.81 2133.22 3783.69 9804.78 5798.5 366.127 4624.21 3984.54 
324.171 6946.71 6050.37 8632.06 3806.38 7439 5406.73 4713.7 1836.94 697.223 9882.04 3373.63 2773.28 6734.1 4738.52 
7098.86 3144.63 2167.55 5537.29 9806.09 8193.59 1905.66 8959.05 6042.38 4038.88 2742.72 5847.14 9837.38 3108.84 471.336 
3821.9 3433.01 7418.05 9872.27 2065.06 1224.41 7311.25 7471.78 5938.11 9148.2 8169.01 5820.13 2521.81 942.274 2554.21 
7260.33 8041.13 5698.84 9427.88 3578.41 5504.92 7621.45 5484.07 4463.95 3663.81 9522.95 7206.67 9510.96 9360.31 315.496 
9982.29 3182.19 3748.51 7400.32 3054.44 5813.57 8624.74 365.678 3285.33 4562.83 9513.87 1454.32 382.945 2035.67 2396.6 
2937.16 9296 437.713 8636 8723.86 4016.12 4140.91 6345.29 9500.19 8604.86 9.08645 9023.13 5811.51 9520.04 8383.42 
6127.01 9502.32 1565.59 9875.52 6902.62 4620.04 5689.07 5527.34 4985.71 8974.4 90.1543 4499.57 428.704 473.1 6535.24 
2825.3 3410.26 5831.22 3263.01 2046.25 4555.06 7279.14 6187.15 900.331 6779.31 4791.99 909.418 5802.42 603.485 429.443 
4185.82 6730.49 9931.76 5751.42 6605.99 6834.36 371.435 2295.04 2361.69 5357.15 1269.42 2451.84 9856.72 1698.13 2924.94 
6391.94 4523.42 6335.2 2223.13 7786.44 8381.45 6778.19 5065.56 4568.58 7678.52 1844.85 9360.58 8587.94 7647.27 9964.06 
9017.38 1833.08 6694.54 8949.13 7584.5 3300.51 5783.47 7955.93 5595.55 8145.16 3313.06 6864.97 596.992 3169.76 8563.09 
3521.94 9561.7 3086.5 9857.14 1784.82 872.924 8238.57 8563.01 5938.48 2807.14 6241.52 7783.33 2167.7 4829.44 5430.59 
2131.74 3846.81 7263.67 8826.28 2795.92 4848.15 2126.77 8579.39 2804.06 7722.32 6724.54 6117.12 4587.27 7321.53 9286.88 
3150.35 843.449 8848.57 6236.85 700.572 633.366 7109.77 8939.14 9196.38 3048.24 1746.27 5437.87 831.552 3913.97 267.297 
6262.14 6045.71 4114.1 3525.79 4871.97 6910.02 8373.94 6998.74 5489.4 1177.98 4721.04 2213.92 7295.1 9308.31 9535.45 
6581.97 2458.64 378.878 5430.51 8695.5 1079.45 6063.88 5805.25 18.5778 5260.24 8853.49 1764.84 698.096 9685.04 5678.81 
965.393 5947.17 1724.5 5079.5 9472.96 6596.47 1989.5 7846.88 3595.19 7478.9 9024.85 8316.24 9692.81 6319.94 7624.53 
9228.24 2901.88 83.1566 9607.12 8332.4 8778.65 686.554 4396.26 4583.89 705.132 9656.5 3437.36 2469.98 354.579 3122.39 
8148.79 1319.97 9069.55 9873.29 6399.47 8542.5 6469.74 8388.97 6389.35 64.92 5867.85 5414.19 8381.16 5560.65 1734.11 
6005.67 4788.87 4635.99 6088.83 4395.98 2968.38 4867.46 5082.53 7364.64 9451.35 5787.66 7021.12 2888.69 8257.64 7375.7 
6011.08 6406.41 8695.67 5080.62 6279.68 5095.12 3623.09 2749.4 3484.08 12.4318 2814.32 9351.93 5426.62 1195.46 4912.56 
7160.73 7201.13 9701.43 1796.71 3289.94 4097.39 4765.09 8157.4 9179.92 2129.71 7608.73 4967.56 9150.83 497.404 3225.18 
6526.51 6508.48 9631.58 5222.16 1589.08 5911.24 317.267 5212.18 8660.65 3801.34 5224.61 1474.95 3153.26 651.216 2670.41 
8065.81 7811.95 9871.54 7767.23 9608.66 3161.46 1864.6 4373.73 1318.84 1044.5 6503.43 8927.57 6012.06 5654.24 9424.98 
9237.24 2180.73 5933.44 8868.81 7402.89 7522.53 4780.03 7720.16 2734.69 3440.66 1521.49 7959.3 4915.61 4674.74 8610.51 
7586.02 2740.54 6422.44 7457.55 507.751 6031.09 618.99 2372.35 404.796 1937.83 3416.85 6908.23 865.389 9428.91 2562.46 
290.348 8666.13 4743.19 6223.79 7534.91 2146.07 3746.3 2314.93 9866.23 6480.99 5755.59 1387.7 4440.27 671.186 6062.44 
3050.76 8257.21 8802.98 9473.2 5714.74 9310.73 5504.27 6333.73 1683.07 5909.07 8271.56 5099.91 2817.28 9136.95 4528.8 
5379.74 9427.3 3194.91 122.91 5651.07 729.807 2268.98 9397.37 3044.74 2135.18 5878.34 8800.33 3522.88 318.587 9471.51 
9585.32 3369.35 7728.7 8388.29 2842.53 3443.42 7699 8346.81 9777.15 9382.07 4255.86 8048.69 4481.96 7073.14 7185.63 
9010.76 2452.86 6612.91 2205.66 2575.77 2263.96 2935.46 4844.75 1661.31 5980.2 6979.93 7539.65 4780.51 502.795 7858.24 
4252.01 88.0994 1227.57 1980.7 8476.39 4070.1 5424.12 6175.37 2416.89 5201.25 5557.42 6672.75 3249.93 39.3647 3745.87 
435.54 9050.13 6198.73 7048.45 1255.77 8774.51 9312.41 4191.23 3619.24 973.7 171.414 599.15 8513.35 4951.92 1101.94 
6371.57 9203.93 1190.04 7599.14 1184.61 9666.43 1669.22 6608.73 5841.78 4086.11 1809.97 1399.18 758.843 5059.9 1438.55 
4504.72 5495.44 488.66 703.434 2543.87 1744.43 9477.94 1856.26 5935.66 3097.16 2829.96 6107.07 3696.31 1343.29 1058.98 
4798.25 7714.86 262.895 5988.3 5313.98 1447.51 5654.71 6983.2 8056.24 1496.47 1069.3 9866.21 2895.66 1828.14 4926.09 
4334.21 6332.86 421.512 4822.87 7036.29 2965.38 6567.29 6514.21 4821.64 2502.94 9611.37 7651.59 8610.01 3307.66 8994.88 
9668.99 8105.91 6709.73 9931.88 4094.19 2023.69 1379.37 9748.9 9006.9 9435.61 1245.36 76.1749 9301.8 4141.02 1904.31 
4227.87 8475.23 8237.17 4649.38 3298.08 5273.44 7614.76 9865.37 1787.64 2436.38 2368.29 1398.99 87.9614 978.281 4706.66 
9082.85 647.25 2812.55 5792.56 579.114 6906.75 7816.25 1958.48 6655.63 6823.13 1394.08 7900.99 6899.3 695.857 2041.99 
8803.62 4923.73 517.203 7040.77 9573.11 3815.28 2314.2 7187.86 3680.63 4101.84 9624.24 6048.93 5500.83 9712.21 7027.21 
207.469 8795.03 7674.46 3020.02 4587.57 8253.57 9926.77 2403.81 212.036 6582.39 9226.94 1606.11 4483.36 6126.22 2301.97 
6525.36 4929.82 7225.7 7042.56 1970.58 6798.79 857.823 4284.77 3986.64 4538.46 8386.61 3610.86 587.365 3887.43 3323.05 
7614.57 4094.9 2118.07 5289.01 7114.92 6705.64 3542.56 7041.67 9109.45 3754.6 3624.04 8336.37 5360.71 8107.4 4462.57 
7662.68 4632.74 9392.39 4888.36 1675.28 1362.95 1687.14 2533.11 5647.73 5673.77 7071.56 4034.32 9284.64 7658.93 7921.75 
2607.67 5273.48 2016.63 4725.74 562.473 9131.55 1431.37 4105.03 6173.2 540.799 7859.63 9797.24 8877.17 3220.32 7904.62 
3339.72 882.986 2537.34 2732.1 5771.35 4212.62 4095.05 7458.48 6745.73 9742.78 3132.24 3817.28 3777.08 2416.86 1476.19 
1698.82 5024.53 6749.67 3715.44 9750.27 7312.14 2846.97 1181.62 1417.16 9020.17 1722.42 9276.79 8817.39 599.573 2497.09 
6721.99 3939.29 3380.08 9259.34 6671.39 9151.43 3471.94 766.426 6609.89 217.657 509.187 9742.14 4034.93 4286.27 2158.98 
5511.12 5985.09 7183.51 2260.77 9700.53 6933.77 9572.91 2547.49 8115.39 990.046 1567.64 9837.81 266.815 385.013 437.37 
2763.91 7107.01 4376.66 6143.99 6366.33 1048.04 5295.4 9838.27 1814.47 1905.28 55.9092 2323.65 1647.4 4090.84 6609.92 
3806.38 9601.96 2595 989.871 1862.71 2295.51 7923.64 1435.6 4843 6039.02 2425.65 6410.64 5876.81 2692.46 6795.65 
6314.18 5456.37 3902.64 690.83 1600.34 268.948 1738.87 6895.74 107.2 3553.34 8801.02 163.109 5876.99 448.398 4253.95 
2486.9 4254.77 3855.89 5081.89 5244.65 5718.6 7377.4 3168.27 7154.21 2220.38 9207.28 9579.85 8631.02 5084.08 2272.3 
5426.65 1398.24 7728.67 9329.29 2089.07 9329.01 9598.24 3827.94 6224.74 9705.44 7381.28 5025.74 9868.55 3258.25 5474.14 
4122.48 5745.15 9728.91 7978.38 827.028 4973.54 3696.96 8204.43 8141.81 851.153 424.798 7349.07 430.989 9055.82 2433.14 
2703.29 4482.46 3831.38 431.94 3811.73 5920.45 9760.95 3409.95 9748.4 5985.67 3115.38 7129.66 1011.4 2983.91 387.897 
6485.53 7106.39 6133.05 6214.43 5084.75 6960.08 1187.95 8781.71 5164.49 9329.76 9632.87 5589.29 6678.81 63.841 4645.09 
9111.95 2767.13 9127.55 2943.31 3199.07 2939.26 8863.77 2960 6349.21 8612.15 8945.68 9464.59 5741.79 9957.08 2448.49 
6129.69 6442.59 9554.88 2262.72 2657 4639.61 9222.8 3844.96 3421.31 4387.27 3174.7 3054.16 9976.56 9853.51 3118 
4621.64 8965.44 5885.13 3749.17 1908.74 9084.2 6688.43 772.489 2044.19 3037.62 9384.64 989.849 2502.2 5126.41 946.907 
4950.69 1256.08 7389.5 4505.55 3518.8 46.4872 9145.16 2741.58 3891.44 2566.45 7128.86 7066.14 5620.61 7105.4 6919.63 
8738.61 1727.02 5885.06 4623.73 5476.19 7793.8 3707.91 2164.59 8566.29 5752.1 5202.22 7950.91 6741.94 7704.42 3077.3 
7688.85 2655.09 4333.38 5078.33 7160.63 7852.19 5124.82 6305.77 593.754 9016.26 8872.22 7722.61 6082.39 4492.82 4827.99 
3002 3231.41 6555.01 8887.06 7855.14 2031.18 6680.84 1563.03 4195.77 5247.11 7315.13 9397.99 3198 4057.05 7102.39 
6275.3 1745.89 9757.48 608.668 6824.22 6918.1 8460.85 1949.03 3223.85 9054.61 965.273 2096.06 6777.2 7047.66 6588.87 
1605.18 49.6433 9820.28 8160.19 8936.7 7675.4 191.357 5617.53 9238.43 4387.13 864.622 6553.54 3785.11 4062.62 610.581 
887.484 337.907 2356.47 644.947 946.575 9180.69 7563.04 9407.43 1129.7 786.877 8462.02 2094.97 2882.93 5239.21 9142.63 
9471.8 6844.39 9192.28 9292.07 5004.56 8128.96 6967.46 5195.92 3746.47 6205.88 9583.05 4611.1 2759.4 3368.14 8673.72 
3369.98 4255.63 9011.63 5726.45 4900.58 9958.2 4907.13 2463.6 9365.61 6036.83 3250.48 7827.62 8131.8 6133.41 3066.81 
7274.42 5605.2 9911.2 6466.68 4897.25 4915.74 4595.63 1864.69 111.647 8342.1 8070.57 9694.7 2953.18 829.951 3062.83 
1626.88 4199.93 7318.45 638.492 9926.39 2219.01 596.676 4833.5 4682.61 9962.29 870.309 7933.09 7789.89 9002.11 4066.48 
856.682 6276.52 9671.68 767.862 2743.18 4568.91 5683.61 7338.81 6433.6 5795.25 5680.89 4504.15 5489.94 8634.07 5334.1 
8552.76 260.941 9534.04 5871.2 899.433 9460.41 8090.21 1496.11 4293.89 2772.81 1458.38 5164.19 705.879 9248.27 4166.29 
4772.36 104.936 442.789 4444.02 872.799 3185.97 9012.93 6556.4 524.759 5446.52 2351.64 6205.65 9950.67 7841.58 4839.71 
5284.76 6394.32 5100.65 4818.78 2265.5 6000.08 4279.17 355.699 7496.19 8573.05 3128.5 8954.57 3737.23 3834.38 8202.83 
7903.52 8606.74 8307.76 8346.31 3050.75 9180.56 1532.26 2063.67 5736.95 2057.02 7510.19 8088.59 8262.67 7460.84 5930.15 
3102.36 2745.58 2324.46 8203.01 7564.35 4589.96 4203.08 1843.5 4945.66 1699.25 416.538 8074.16 653.811 4153.77 1908.53 
8856.64 2057.27 515.258 7164.38 403.561 3566.01 6344.93 1935.82 5629.67 2081.86 3992.84 3139.84 170.437 2255.49 600.665 
6100.59 5357.86 3346.24 8425.04 3560.85 910.581 3014.99 7763.93 2754.08 7960.65 9463.18 3170.62 6034.79 116.979 7324.39 
7943.33 8973.62 9381.66 8458.58 6137.98 9785.22 2024.57 2482.9 1721.02 7654.25 4564.76 5713.86 794.073 4735.2 7969.36 
1394.74 835.767 3327.19 4740.98 9260.81 6888.05 5651.56 2275.78 4651.96 8405.65 236.411 4115.13 1576.25 6271.21 4232.11 
8900.64 4214.51 3205.71 8282.28 2673.08 9343.69 8067.48 4697.66 1826.57 9788.51 2351.89 6391.33 5502.35 3145.96 1126.51 
3471.69 4540.7 1962.28 6798.89 9281.68 1223.07 3686.92 4933.22 3498.85 8338.88 3338.85 3735.26 2453.99 4915.1 6.45107 
6686.1 3815.73 4220.97 9891.8 2097.99 6894.05 9235.48 165.459 1591.68 1062.03 9953.97 3943.57 7453.36 5456.31 7089.53 
8579.87 8928 1630.21 542.134 5726.87 911.872 1765.21 9413.79 5845.1 5264.06 7752.65 9183.95 8999.32 206.623 4099.03 
9005.77 6892.72 7914.76 3226.72 6784.5 12.7341 120.748 6019.96 178.193 1712.43 7082 132.145 5656 4535.34 5588.45 
2745.52 3115.2 4516.43 4375.73 3657.33 243.289 5287.6 5422.54 9657.08 1132.68 686.578 7409.71 316.61 9685.9 7616.34 
4415.64 8691.65 4509.04 2330.39 1918.35 1293.53 2343.12 2039.1 7313.49 2521.31 3751.53 4395.47 2653.46 9407.54 8930.81 
8241.91 2153.04 2045.99 2758.33 6528.77 5703.33 3001.62 1816.35 1125.85 2658.68 2949.03 1812.42 68.3746 3265.64 1498.31 
7684.71 7681.28 189.939 2193.73 11.6514 2108.29 3487.26 2354.77 4147.39 800.733 4876.09 7898.93 5196.2 7529.54 7306.45 
4127 5771.44 9459.49 6172.99 8529.76 5988.24 1876.3 1531.36 7804.59 3002.15 4190.04 753.598 4814.57 4258.42 4019.24 
6312.88 1943.11 1700.5 6502.82 4136.84 1712.15 8611.11 7624.1 4066.92 2758.49 8424.83 8943.01 657.395 3621.02 6472.54 
7963.84 7748.02 2243.96 7423.31 3920.99 773.704 3411.53 5797.3 2305.07 1216.1 8799.44 6495.11 1969.7 3614 753.504 
