600 15
7923.97 3845.03 5749.04 6871.21 98.7958 2493.61 4201.62 895.042 6863.65 9023.07 4207.81 6346.42 5678.42 1810.7 2289.21 
9862.4 921.991 7012.38 5352.03 9171.87 6688.6 3653.95 9637.36 6106.09 6510.9 4712.04 2147.46 4929.06 7336.48 5224.58 
6683.13 5260.44 9069.61 2432.15 2131.63 9168.4 4925.76 6333.25 63.4271 1789.39 5356.31 4271.24 8135.81 1034.72 6081.93 
425.004 897.103 7003.92 7437.39 6249.13 6175.78 4125.97 9903.08 5813.12 232.04 6413.97 525.139 2379.5 1343.01 7861.62 
7604.08 8026.14 3122.04 6673.67 458.268 5253.67 5842.05 5384.03 1586.91 5905.48 7173.42 6943.22 176.695 5309.22 7977.93 
6258.63 5734.22 8875.04 3262.53 3171.59 5124.15 9438.31 7297.55 5027.22 5251.41 7529.59 1441.18 5776.55 9909.09 2784.19 
3638.15 7513.15 810.308 6760.2 4186.8 1268.58 2013.86 28.8321 6652.6 3600.77 5934.31 3826.01 543.967 6111 9135.22 
8521.9 2369.61 4869.42 7396.92 5632.15 8041.01 2521.06 5070.44 5338.55 7548.28 321.834 2868.12 8989.45 6098.38 2777.2 
1773.62 9736.54 290.333 2583.93 6496.72 4477.13 3852.51 8510.58 4505.96 505.092 2111.33 440.256 4331.1 2655.29 6551.26 
3466.31 1177.18 8920.88 8335.73 8574.1 4553 6376.72 1095.14 9623.44 1715.26 8643.41 9945.28 4583.38 7632.85 6043.65 
7360.58 9406.47 5780.17 7650.91 1990.38 2276.87 2128.03 5842.89 787.433 6633.99 6347.98 2898.76 7074.25 679.066 5554.05 
3625.49 4145.37 6731.23 2546.35 2481.08 5305.31 7099.35 8857.81 6400.44 6722.78 573.047 5043.84 6668.04 5156.43 2676.67 
2711.67 2516.99 2083.12 8491.83 167.88 4073.51 768.69 2295.91 9916.4 1556.12 8929.89 6264.37 4454.88 6004.12 6943.43 
8.91339 9629.61 1088.79 6740.14 2175.94 3569.87 2045.43 9275.29 2427.66 8445.87 5998.05 3000.71 3489.69 2666.07 8157.13 
6166.36 5377.74 674.103 8249.49 3869.56 841.982 2322.98 4638.25 3137.89 2239.36 6194.37 2067.76 8503.73 649.231 8071.89 
5447.14 658.144 7701.48 6535.93 7398.28 9877.42 105.782 9443.71 9152.7 2533.44 7889.56 5150.73 5534.15 1379.24 7816.8 
3691.27 7545.6 3194.52 4365.37 5795.07 7064.08 5207.35 8118.05 1702.31 8345.24 357.39 7896.68 412.987 8861.12 8545.91 
8484.87 4308.24 9204.05 6186.34 844.157 6602.32 6063.74 949.939 6046.01 5216.42 3483.38 3935.56 367.138 9017.53 5314.8 
8183.94 2708.78 2860.38 1378.45 7074.15 8655.45 8442.53 2281.49 6773.48 144.821 626.713 7130.87 8041.5 1039.7 5991.97 
6587.39 9524.57 300.194 5791.42 5710.9 1144.35 2393.72 1774.62 2094.29 8439.73 6991.05 5577.67 2375.27 7358.18 4595.19 
7690.07 5542.11 7303.97 550.431 6920.56 4378.11 9205.88 5363.07 6659.6 5979.34 5507.89 7286.32 3110.18 3549.37 8326.02 
9102.15 136.74 7850.57 9402.34 5928.16 3561.45 546.678 8321.88 5336.08 2640.97 6761.6 2327.1 8218.64 9136.87 9685.29 
2813.81 6826.92 5227.38 117.77 7377.36 2147.92 4495.88 6583.22 7510.99 1155.47 2562.53 3018.86 8441.78 5672.72 6568.23 
6767.78 4774.85 6704.97 4618.34 4177.18 2633.12 8179.79 4723.86 954.981 3515.85 7364.82 7716.58 5842.95 5583.45 6853.43 
5528.22 8397.26 3680.34 755.586 8515.03 1057.68 2903.51 3010.89 7640.89 414.478 4166.36 203.412 3433.34 2608.13 5876.13 
1.55603 9375.91 650.964 6706.53 3994.23 4828.14 9339.64 2174 9552 294.609 5689.85 6916.81 8011.19 1532.78 2500.24 
4864.6 7061.01 897.48 8544.94 7816.59 9412.51 9602.62 720.083 2423.39 7243.5 1134.56 6589.75 7446.91 4567.9 9197.88 
3323.02 4569.46 8573.77 3973.99 1275.97 2567.98 8802.13 615.598 4741.98 8354.11 910.206 431.809 5270.9 8921.39 1964.59 
7771.13 3785.98 9025.6 8668.61 2330.9 6842.18 8081.11 1933.51 7562.26 504.479 9177.01 8696.82 7094.23 6623.9 3264.71 
6292.09 9946.93 7834.17 4865.84 3920.9 9110.14 7433.81 2723.01 9725.73 2175.77 1077.1 635.923 2607.58 6348 9557.32 
4572.18 4119.12 3343.28 3597.76 2787.71 5674.18 439.923 868.803 7607.69 8002.19 1373.28 6784.68 6698.99 8467.51 3408.57 
9963.7 4759.58 3355.48 7797.85 9625.42 7276.38 6907.97 7059.22 9999.38 6633.69 9234.99 1076.47 7269.61 1842.56 7424.46 
6826.91 6414.74 1543.56 170.17 12.4799 4331.27 5844.35 452.403 5200.08 3452.03 8454.59 6573.36 236.697 5153.56 5040.85 
3645.27 5117.25 9800.43 7000.75 2915.08 9425.84 4277.1 9823.05 6485.04 4276.47 6456.72 5720.01 5352.94 3726.31 7562.57 
2777.38 553.198 3977.29 4320.95 723.368 3989.77 8652.22 6567.72 4442.17 3852.28 19.7338 2896.74 425.624 256.431 8050.3 
5466.48 3901.7 3167.53 5266.89 902.425 6082.61 4692.71 5179.53 5905.64 1177.73 9456 2362.34 6897.74 4808.92 6088.65 
4460.29 7586.3 6641.85 8437.58 1907.23 7365.21 2427.33 559.433 3932.92 6869.5 4411.71 3952.65 9766.24 4837.34 4209.08 
7816.53 303.799 8110.78 984.046 5570.69 9013.2 7066.66 263.391 4192.72 2972.28 1441.12 3648.7 5334.62 8338.87 8457.61 
1423.25 2799.15 6043.89 8065.1 1236.71 7951.12 5430.3 3664.04 8510.56 9363.21 533.528 2922.25 3315.85 299.755 7759.59 
7524.93 8116.28 8063.39 5635.69 9100.33 3634.07 4648.88 6166.97 3897.46 8841.59 9139.25 5338.59 2490.27 4473.86 3677.44 
947.866 5897.12 6476.58 6991.76 3962.2 7713.29 4942.87 9392.5 1377.32 3453.41 8755.69 1910.85 6375.66 2071.52 2210.6 
4135.24 9596.45 326.871 2198.61 5232.12 9427.2 5832.68 9881 5594.16 9730.14 8722.58 4733.4 5068.71 1212.83 9207.26 
8746.15 2160.7 5104.36 5222.71 9152.46 9066.56 2935.99 4095.31 8459.04 4313.31 7548.71 7214.72 6224.16 3924.35 9286.24 
8434.77 8059.59 8882.67 8761.64 258.186 4114.78 8188.82 6090.87 3995.77 3782.96 5820.99 2718.33 8516.36 889.688 3931.16 
7723.6 9635.84 6091.85 2827.94 4858.53 5244.29 1894.49 7794.52 9339.6 353.511 2107.82 6888.29 7568.23 8331.98 812.63 
6854.45 6766.73 8872.22 5737.1 5528.35 9130.41 9851.89 3717.15 5221.26 3847.63 7500.12 1042.23 6565.96 6016.46 1931.92 
497.099 3740.04 1567.74 6588.95 6567.99 6426.27 1833.23 8462.47 4220.78 1172.81 8815.98 6328.6 8061.1 6384.19 4660.56 
8873.73 3238.63 1427.27 7745.93 8975.73 6955.62 6876.32 8827.6 672.759 2097.57 2675.22 8172.88 3139.8 9241.17 4189.32 
5071.72 9738.27 7929.36 6639.46 6327.21 4497.33 3065.72 8160.44 2959.78 7286.5 9333.24 1775.75 3615.08 7394.33 8159.95 
8275.65 6268.04 1398.55 9702.92 4013.95 374.268 6658.53 890.262 9201.87 7331.28 2987.83 1877.07 5504.14 6127.63 1118.22 
9693.46 1199.33 856.481 7622.8 7838.8 7183.69 2120.11 904.502 5344.11 5079.9 8191 4677.33 6855.65 1806.07 2071.64 
5015.58 81.6979 8339.68 6414.13 9784.62 2353.62 6788.4 6443.13 3243.88 5990.25 3774.39 6231.71 7867.31 9278.54 2359.32 
8985.54 8971.98 3558.65 9842.02 6594.76 1397.43 7025.69 8714.87 2301.93 2369.78 3794.75 492.92 7047.12 650.385 2298.99 
9118.76 5665.96 2380.69 7458.43 2080.08 2165.29 9812.04 8868.48 8608.41 3055.91 4858.71 2382.79 9287.62 2726.01 1661.31 
1646.92 1711.53 633.273 5205.57 1553.54 7228.04 6603 8579.23 5942.89 8904.93 948.995 9737.65 9397.85 7996.11 388.015 
1696.82 7114.86 6053.98 4077.51 4573.27 8134.06 6242.8 4385.29 7002.52 4851.2 7441.2 1861.21 7233.99 6728.8 4587.22 
8895.3 8375.72 6298.75 9528.57 3581.27 7852.29 6756.59 184.249 6431.5 2699.47 9089.18 7380.5 2437.09 8487.02 5376.59 
2825.11 183.828 2491.43 8879.09 4261.34 7064.7 7013.13 504.12 1449.98 4015.63 5355.32 8891.18 5876.84 2589.29 5619.96 
464.045 1484.57 3995.66 6762.8 1013.12 7576.93 4615.07 7769.71 7761.18 1046.56 469.16 6850.34 8427.05 2906.26 5337.35 
3803.63 5731.36 5521.18 6295.06 4610.43 9782.51 3359.75 1623.54 286.617 4809.72 5639.17 5641.93 3700.89 1515.99 8231.22 
9320.85 1980.04 9715.79 3316.49 8742.84 728.892 893.406 3357.89 8498.6 8654.58 4404.45 8967.76 5504.91 2831.49 1874 
842.242 6635.12 7605.37 6363.42 2930.16 2215.78 6145.91 6289.91 3839.33 6432.53 1099.61 9478.5 2074.45 4800.5 994.474 
305.649 4121.33 2974.51 21.4193 7437.83 1717.33 750.311 8331.24 5075.23 9248.92 6985.8 9479.68 8216.66 2490.7 2311.15 
90.6474 3332.94 8946.26 7696.01 9696.36 1876.41 9911.8 5842.25 8166.31 3751.11 2274.77 9265.93 3229.59 4349.21 4066.41 
4224.07 4654.86 8187.74 7198.58 4676.28 5625.56 8915.91 5426.59 3956.78 3991.12 4675.49 942.561 3470.78 2892.14 3433.26 
5781.92 2982.78 6766.2 4728.17 678.78 6462.54 6604.57 590.562 2304.77 4770.87 4341.67 4579.54 4036.78 7571.26 8928.75 
8103.19 1795.31 3583.59 6290.92 8993.89 8259.87 1916.46 7909.78 3686.45 5873.23 1900.88 8361.94 6815.79 5371.66 1254.06 
249.033 1153.56 4236.84 7015.23 5881.73 4915.62 3477.75 2486.28 5506.18 5782.52 7257.15 9847.85 362.037 1293.91 7419.1 
9290.79 9397.1 9214.41 2874.36 5687.99 8208.29 1134.22 7604.45 6118.05 4820.67 3477.66 8018.93 3182.59 293.437 3390.57 
4436.65 542.47 4544.13 8673.48 7557.7 425.839 3589.09 1035.43 2912.12 9095.27 6817.95 169.253 8943.1 7179.99 1463.16 
6362.19 6470.75 860.24 5576.58 9345.12 6548.23 3784.85 479.318 4152.67 9902.9 5299.99 7630.33 7921.81 8482.58 7923.77 
1312.36 2919.2 8466.24 5856.49 1592.67 6023.92 6282.33 5181.76 7059.35 9194.45 4277.01 3877.28 9363.71 3220.09 1057.25 
826.85 9582.28 7528 1687.09 5158.84 6873.1 8235.33 8943.69 7352.42 2387.97 8846.58 2652.39 18.2864 6768.37 1134.95 
7942.05 8080.73 4054.15 6408.27 3937.21 5646.82 2432.17 219.521 828.563 9491.52 9413.97 5105.57 3368.79 8777.66 8325.66 
4426.04 9604.51 7907.92 1954.02 1291.59 3066.75 8827.13 9526.91 2010.43 6179.54 1914.87 856.984 8831.93 1933.16 7625.35 
9966.88 9875.21 5706.07 4021.01 6283.46 9643.28 9667.84 8715.64 9862.8 496.383 8207.14 9276.76 5601.95 1575.91 8054.4 
3927.6 6001.94 7658.9 1835.5 7955.97 8950.48 4902.25 6783.08 8477.38 6912.67 2962.6 392.232 7769.66 1794.51 2325.39 
5395 1761.37 2200.58 1101.05 5782.38 8484.04 744.309 5450.2 7199.66 607.091 5946.58 5406.78 9883.85 1548.52 6982.69 
7938.23 5476.11 2984.62 5597.11 7311.61 940.571 4547.58 2213.84 7723.65 3024.94 9126.52 686.231 3417.18 6896.16 2480.74 
5742.56 2291.14 4242.11 7943.14 3392.19 24.4685 6427.17 4136.5 5474.67 3626.81 4743.59 1421.23 9033.59 4627.42 2969.75 
6016.27 2565.63 8445.86 9000.89 8162.74 5757.46 9941.46 2710.31 7971.3 7665.1 5735.25 7097.81 8351.33 9152.43 3993.95 
832.049 4894.97 6285.09 5074.15 2838.1 9677.27 5098.62 9265.26 3813.75 573.274 2892.06 8557.34 1994.51 1925.63 3184.74 
4964.26 7941.91 5750.37 3410.1 6942.78 3913.09 9167.56 6884.23 6623.4 7138.85 4549.31 2358.64 4236.64 2900.62 1511.04 
8230.58 3732.67 6406.02 4515.65 8806.82 9244.11 4192.91 3905.43 8509.36 8006.66 4478.7 1401.4 6563.98 6473.21 3327.04 
9748.71 1437.45 1268.92 5499.06 4847.55 8211.71 9412.16 4015.1 5095.91 6035.54 1153.93 9645.22 8394.18 5390.56 2545.82 
9905.22 3621.13 6278.49 6311.22 8136.78 5085.29 5555.32 2329.67 8990.72 4064.66 336.315 3469.41 5466.06 6900.29 9942.62 
8793.1 6648.99 1380.05 62.0052 2148.04 6227.6 8273.71 1560.18 242.683 3369.61 7595.72 1396.61 3014.81 5989.88 6787.17 
5560.63 5895.08 408.288 1839.1 2206.29 8545.07 6924.4 7761.6 874.729 5915.1 1826.25 1211.04 9384.51 7292.31 8111.34 
9327.11 6085.39 4760.31 707.138 6147.4 6908.35 6934.74 4421.09 8468.52 7177.42 7790.7 6064.22 8574.03 805.49 2054.08 
5361.19 6366.12 7949.17 5769.48 8205.23 155.434 4314.53 5129.6 7917.04 5189.26 1044.69 9743.29 6400.31 429.176 7035.58 
4511.63 9756.28 3120.95 9271.94 463.403 9268.35 6180.26 7398.14 3689.42 4648.77 4575.55 1480.1 712.975 3149.57 2285.59 
2767.06 8510.76 8651.71 716.207 4280.22 6856.92 871.641 8594.75 1986.5 8788.68 3784 3031.19 8531.95 184.291 3460.37 
5567.51 4695.92 3216.63 8688.46 3967.84 3680.04 7956.79 148.084 1078.16 1646.19 4796.85 5653.71 3126.29 5509.83 8803.28 
5411.88 8276.89 7314.02 4063.57 8993.09 1594.22 920.469 9864.74 188.958 2906.97 8653.4 3972.96 5938.17 7185.33 4157.25 
9398.54 2752.82 8853.17 2615.15 1441.26 2820.99 6295.19 9398.05 2969.07 7373.35 1044.22 7765.92 3027.04 4170.51 3275.73 
1830.31 9582.39 1552.6 9144.32 3645.94 545.681 738.527 4566.41 410.399 927.485 7473.38 9063.8 4900.44 3411.53 6249.11 
9057.69 2810.05 9001.93 7910.84 5425.2 443.17 731.81 1720.37 9841.22 3700.88 9093.72 885.429 1466.79 2120.75 5055.94 
4742.52 3951.05 4638.31 6295.12 3095.36 8284.25 6840.81 3833.89 2850.65 7251.2 4761.37 324.013 6314.98 9661.81 3735.55 
2564.07 8719.49 6545.6 1565.98 6630.31 1970.78 2009.15 7362.12 3691.15 1850.36 1062.99 2784.86 2735.79 2529.77 4905.61 
7791.73 7272.29 8856.66 2430.02 3567.4 1952 714.262 408.188 5785.89 3564.91 7659.39 547.247 3888.92 3974.36 209.045 
7624.47 6538.43 8928.53 4170.05 8104.41 5558.83 6140.83 113.549 2920.94 9831.98 1963.91 3983.92 2616.82 4699.69 6513.7 
7522.43 2491.4 3785.97 6379.07 4921.43 7353.37 8331.07 5635.69 7761.56 4116.95 9200.6 5420.94 4664.19 3089.5 9395.29 
4873.24 713.953 5933.71 3801.76 4884 4038.11 9360.59 1024.81 4151.66 2281.51 856.774 6115.56 6265.43 3473.59 815.237 
2779.11 996.003 3306.64 6565.09 7375.07 8228.07 3918.44 5706.13 3863.74 1679.99 9823.08 3064.32 7100.92 4487.25 6153.82 
6496.2 9360.49 6867.77 2429.89 3162.23 1751.75 6468 2522.81 2776.57 619.64 4804.31 3633.34 6735.2 1069.73 7106.93 
7550.44 3848.84 8102.94 857.062 413.91 5477.99 9085.13 4332.35 1184.11 2948.85 6012.34 1007.17 6013.17 3113.24 5494.42 
2166.97 9609.44 4854.9 9034.74 2039.32 8017.13 786.477 8507.32 539.921 3563.04 9126.96 5344.24 7196.38 5862.15 6413.96 
4303.3 3412.57 262.79 2406.22 4269.63 676.7 7884.21 3354.74 5009.05 9068.32 6303.59 1021.37 75.4656 2316.74 4134.62 
5569.89 4483.71 3744.04 424.767 3518.43 5783.37 8441.9 4304.91 4290.67 8981.82 7867.95 3417.62 4326.04 5064.31 9279.76 
739.988 9367.61 2692.32 1002.78 1773.81 6961.95 1679.48 9658.03 316.674 6688.53 8726.33 6620.27 7709.9 8801.79 8937 
1844.5 4371.66 3420.7 5588.55 4796.43 6939.12 1371.89 3238.31 1244.01 5662.57 2220.12 9111.96 9080.18 6546.16 4176.26 
8359.93 7286.14 3543.85 1052.23 8288.92 5317.67 8014.17 9968.4 4975.68 8330.85 6656.91 3701.99 4951.1 4366.8 2503.76 
3888.09 6211.3 6875.43 7308.78 1799.83 1671.84 4247.89 3171.73 4910.15 5491.9 8834.29 7130.27 4603.85 7914.46 3676.41 
8780.11 6274.37 962.533 2323.94 7326.59 9251.46 7641.61 5340.75 9219.84 2617.27 3671.58 5876.74 6319.26 8622.68 243.519 
8823.02 2510.75 6454.82 5698.43 9819.53 8254.65 7370.27 4067.4 1426.36 2280.4 9559.3 260.636 9410.67 4163.13 8175.09 
3087.06 2943.22 4449.44 4049.59 5267.16 1776.01 3301.03 2908.76 7116.76 2520.85 5526.03 788.329 8397.59 1845.27 9411.01 
8641.11 668.281 1921.74 5095.91 6366.71 1741.25 3350.55 3736.97 5808.65 4776.91 6017.37 5367.94 5037.55 5428.02 9531.07 
3212.62 8515.08 2474.27 7662.06 2564.65 7741.44 9438.08 5865.68 650.179 6554.82 8386.53 6176.21 7343.15 6784.1 8021.48 
6754.14 5425.19 8689.76 8675.88 521.088 5056.46 417.115 3871.64 8793.42 6225.77 8648.54 4810.78 1593.69 3686.07 238.777 
1124.74 6898.69 8753.85 3599.01 4560.74 1318.49 1340.43 3998.8 7184.17 1990.61 553.602 5570.68 8166.82 7896.75 2354.76 
6188.29 4650.88 7779.96 4878.04 3326.74 8301.04 9934.5 3743.86 2172.66 8727.9 9969.62 821.191 3538.66 1563.29 4507.27 
3777.44 2688.03 1405.94 2531.28 6287.04 5966.68 3849.76 7627.48 9965.48 1033.91 9618.09 519.064 6604.59 7784.89 8415.82 
8959.35 3973.17 3066.68 6739.29 8851.2 6393.42 5040.32 8785.68 137.265 7212.99 7513.57 106.871 8034.18 1052.21 1670.16 
2541.43 4829.65 4358.19 3947.37 7360.93 645.219 9914.05 1210.67 8272.69 9879.51 2244.58 7890.77 398.558 8849.17 5675.64 
8814.38 7808.51 9648.81 1881.04 4547.79 8499.99 8274.46 9588.11 7285.66 8411.73 6801.08 4799.21 8518.6 4835.24 5851.42 
188.745 7376.66 681.057 4546.94 1324.01 8041.99 5192.16 1238.05 9252.66 3464.83 1117.54 1497.23 1355.58 1516.1 346.387 
7031.23 330.457 8154.9 6680.02 2211.5 2702.67 5179.99 485.941 2290.76 2465.63 8897.67 9091.84 7264.84 7416.25 3927.06 
3116.24 7604.99 1303.71 3797.3 2151.92 2627.72 1839.27 7344.07 3865.77 1091.91 808.892 4983.31 2589.14 2164.47 6499.41 
2935.53 9195.7 6829.86 1090.41 5875.7 9041.36 3793.08 1055.67 9527.3 6083.84 3521.3 8424.95 5175.66 786.124 5841.19 
9102.72 3902.36 3446.16 406.414 7699.66 5598.08 3034.14 9538.93 2942.14 6899.9 630.826 3751.03 1883.19 3219.97 5915.5 
8382.6 6155.5 5111.19 5212.45 7245.91 986.87 4253.79 1038.97 2042.54 3781.08 7122.81 5563.85 2206.01 2298.46 6349.97 
8047.2 1401.17 252.32 1493.35 1807.58 7951.98 7091.43 4841.72 7490.9 33.5497 1741.61 8121.72 3784.58 3624.8 1341.67 
9700.08 2007.38 7497.17 4811.25 7219.83 4743.07 5798.12 1473.61 5782.04 7840.67 5254.69 2904.84 3404.5 7460.7 5203.3 
9754.47 5507.89 6604.47 6.77512 7001.23 8412.05 7958.76 4092.65 3253.76 5449.64 4126.2 4995.36 3571.34 7910.77 8620.16 
4913.01 7610.84 627.527 2410.17 2422.08 7847.36 7153.23 8220.2 9320.97 2935.26 6060.85 4575.64 5840.09 9465.35 2036.32 
1043.37 9219.8 7544.21 7647.84 9226.58 4545.42 6059.88 7185.32 8638.07 9313.64 2634.94 2764.25 4308.98 6206.28 675.004 
2929.12 1119.28 8285.84 3556.65 3529.44 707.904 1403.99 682.661 8928.1 724.944 3617.92 4988.94 5300.58 9458.01 4454.27 
7336.9 501.366 3674.06 4881.09 8149.21 2900.62 9426.52 4209.07 85.9216 8064.57 3522.69 2720.86 828.799 7831.67 8927.14 
1503.8 760.775 46.3981 9789.65 4317.42 3575.84 497.534 5721.42 4258.5 9425.64 6446.36 7876.42 4414.56 1746.92 7334.41 
8868.83 9083.83 7835.78 2542.86 3964.9 5984.97 5443.48 3391.4 194.025 5529.41 1455.96 3716.72 8250.27 2284.76 1548.37 
7177.39 3788.56 2309.14 7223.79 3578.19 6626.57 799.611 4075.72 2347.97 5058.11 3501.34 8794.33 2934.52 7915.9 541.236 
268.912 6784.71 9625.06 8104.69 9327.57 3589.95 4089.64 4771.04 6981.36 4283.67 300.428 8437.31 8000.39 8550.69 722.051 
9548.75 5728.06 4510.61 1857.88 2951.83 8088.8 8484.45 3751.45 2164.5 832.397 8809.56 5665.85 9626.72 1744.06 3581.73 
167.944 2012.97 366.423 9793.01 117.646 9694 3382.94 4207.29 4465.02 364.283 8490.96 4765.45 8801.6 6491.33 3316.12 
9523.65 6040.06 9044.19 4034.24 7897.94 1996.01 2123.02 6382.37 5747.45 4287.52 7214.77 4557 9953.37 6841.48 6301.06 
3535.09 7009.42 8314.03 3901.51 6802.41 8431.67 3595.49 185.337 2638.95 8060.51 549.62 1129.89 2825.94 9351.21 7621.22 
6142.07 8874.84 3661.26 5186.24 2909.07 1559.19 7182.25 5032.09 7941.56 2929.68 9319.61 5156.31 7486.68 9272.97 1997.77 
3787.72 2808.04 9007.19 2101.73 6709.55 5809.59 533.386 305.022 5994.92 3172.33 8365.53 6544.54 4302.22 1191.46 5895.74 
1923.42 7333.52 4770.57 5584.69 2519.75 7679.64 7143.88 9701.99 2711.71 5085.42 2631.66 2031.3 241.715 118.318 1304.25 
2239.49 3906.03 4112.29 1246.66 6007.76 821.822 7056.25 6541.15 1126.84 3051.16 9713.48 9492.38 9595.7 4015.69 683.815 
5491.43 5939.11 8017.34 261.979 1523.78 537.066 7941.62 8667.66 239.041 653.305 3753.06 2870.7 2684.61 3994.77 2989.02 
3988.86 6234.26 6895.05 8101.15 7480.92 2902.8 8922.97 4537.16 9443.95 49.7971 7588.31 9157.41 9542.17 7184 3173.08 
225.971 2675.41 9112.19 8243.31 2937.38 635.956 8780.38 878.982 9303.61 9019.42 1532.29 3056.65 1890.1 4216.89 7051.43 
4879.11 8205.75 3285.67 1774.15 6306.88 766.576 4676.94 5229.84 5303.73 4120.87 5279.63 2892.03 3278.27 4821.79 76.007 
6451.35 5047.76 2751.41 5563.53 3291.05 5688.8 6199.48 2071.41 6567.78 5503.08 1090.81 8100.06 8559.73 2980.91 2316.94 
5611.14 7860.02 522.676 8896.81 9634.17 6829.56 9663.38 4311.09 2059.38 4967.1 8431.97 7339.01 7859.13 1710.22 2160.78 
7935.13 8161.57 7208.54 686.528 3725.08 499.579 6375.32 9924.56 2570.99 2943.08 5427.62 3661.8 1043.13 3987.33 6642.7 
3360.07 9598.46 4502.71 3882.75 8495.25 4136.85 712.291 8158.62 8447.95 2771.67 3125.7 6879.9 110.663 984.812 8590.11 
2271.45 8919.95 6751.66 9479.99 9606.47 476.723 9979.57 5981.78 401.263 2550.54 8924.87 5828.88 6212.34 9968 9816.21 
2855.03 3328.06 9414.65 7357.73 7210.8 7909.89 1494.57 7923.1 6068.49 9942.51 694.747 9194.2 6822.39 805.411 178.992 
5412.49 3076.86 9098.94 2164.13 2556.83 8705.39 2640.86 2536.38 4687.16 3042.12 5086.92 3612.01 8871 1299.25 3579.99 
8687.19 4154.27 6908.04 8101.82 1511.99 4118.83 6011.7 3006.55 2041.91 2080.18 2949.05 2736.66 1274.36 9771.44 3542.07 
1453.35 5183.91 6618.93 552.268 7348.04 9175.76 9257.66 9988.9 1712.12 3944.8 3031 6799.05 7556.81 1901.99 8098.29 
1136.78 589.156 2252.55 8044.83 8690.98 3764.53 2163.64 4702.66 6771.09 4205.55 6782.84 9720.13 6942.21 8057.19 9491.56 
484.26 9510.54 4675.45 7103.19 62.7887 2023.48 6278.92 9320.45 2012.36 7991.05 3265.24 5043.37 4790.08 822.03 6945.35 
2888.35 1958.81 7534.51 5140.9 3.62073 6225.47 8905.43 2167.26 928.116 5676.5 6372.81 7710.95 5396.62 3315 5768.12 
4888.16 3799.26 5278.65 9563.61 902.431 5341.43 1587.07 7181.36 4661.87 3599.44 5172.39 7927.1 8642.81 9962.46 8749.13 
5588.14 2850.8 707.93 3122.64 7991.7 711.551 9348.11 6897.12 2878.81 276.207 2573.6 9251.62 7987.16 7970.22 2566.61 
3755.27 2858.37 6365.87 9033.91 2421.96 7268.3 4375.33 4009.04 4449.64 9037.2 7608.48 9622.03 6964.29 6251.26 9584.47 
5713.4 1839.39 2435.26 6421.33 4962.03 426.94 7132.89 4310.12 7324.06 11.6801 4586.33 9897.66 9263.3 2573.47 7867.87 
1829.9 6328.73 726.221 8195.77 5362.63 3148.18 5464.05 9737.96 7157.22 9913.69 8775.14 4765.68 9535.7 5739.41 1016.93 
9120.16 1452.79 2856.32 1555.4 7874.13 7818.35 1982.34 5006.99 2128.45 9306.4 5018.67 6714.77 9204.04 4281.96 9288.24 
7071.9 6111.86 5616.96 7798.12 4307.61 979.571 946.285 9771.66 717.511 8103.51 9685.34 9492.65 2869.17 9221.03 5232.04 
3886.1 8341.17 6684.83 6742.42 9896.57 4558.94 4560.75 1878.89 9565.93 6689.2 1185.27 4584.59 3403.95 389.299 8866.55 
2692.18 7461.2 4978.39 8309.14 5259.3 9286 9288.71 6205.58 9057.64 6.20249 4309.07 8742.96 9498.85 7178.24 7963.97 
4730.87 1064.33 6305.12 1415.68 7806.74 6201.67 5974.62 2367.48 8080.56 5540.54 9056.67 9265.84 125.108 2460.61 9655.13 
8991.66 5152.79 7116.31 3970.03 3461.91 2375.59 3256.01 2750.6 8581.17 2313.63 2756.8 2890.23 1056.57 2255.64 68.4568 
9020.54 6986.51 1132.78 5325.64 8402.19 8939.53 1527.3 4376.8 1306.99 9607.86 9917.33 363.641 8873.68 42.4227 2824.25 
8528.8 9034.08 7977.04 5645.09 3004.09 1438.93 8020.69 6260.1 4189.52 6601.84 8573.73 6946.33 9492.08 9630.3 9201.96 
9560.53 8650.82 6188.45 693.298 3976.45 4590.62 9632.83 5503.74 8967.42 939.795 5111.59 8884.73 1303.44 3985.25 8927.16 
4127.69 2514.03 7961.22 2104.71 8159.12 965.293 3543.63 6179.79 7225.39 7733.16 2781.62 5799.1 4679.46 2273.68 5429.38 
3881.41 1834.2 4080.19 69.8411 2527.49 8056.63 4660.46 2160.3 3560.36 3627.87 3100.1 8671.95 2512.58 4403.53 2657.18 
1439.72 8531.22 5171.21 9400.94 635.909 3330.32 366.219 4179.54 9510.11 7591.61 1912.68 2291.72 3390.69 6592.14 4565.4 
8820.07 473.534 6399.59 2900.24 543.376 8927.08 956.856 5203.84 1087.37 4517.21 8831.71 4187.47 3189.14 1344.27 8591 
5846.32 2784 7122.21 1017.51 2184.92 7758.12 4347.83 2551.14 1937.64 3857.92 142.736 3850.32 6149.63 3533.43 442.444 
715.013 2353.48 915.979 7114.6 5253.73 1459.35 6041.67 6210.58 6663.19 7129.04 727.779 5494.89 1316.49 3916.92 6839.16 
9907.5 9763.24 9623.16 7029.68 780.736 1808.07 4787.78 5128.56 4359.21 6725.42 8986.48 4501.95 575.721 5136.1 8035.38 
1018.17 5851.11 388.842 1934.14 2965.7 5642.57 3393.5 9007.37 1853.13 56.677 6136.4 2580.91 5551.56 7452.89 6497.83 
2390.71 7360.37 6261.06 2013.85 4390.04 7041.79 3821.92 9177.82 2170.34 8181.13 5903.22 1156.8 2683.06 6478.94 6292.9 
718.414 7497.11 2144 1107.26 9431.25 5109.7 6749.82 2824.73 4117.06 8602.96 2881.41 253.439 1183.85 8432.97 7706.33 
7681.68 823.663 5066.68 3942.72 2837.51 9456.72 984.497 6659.43 8634.52 3154.84 4840.54 4537.72 4311.64 7523.59 1016.64 
604.527 8242.01 8513.75 2748.53 9349.26 7944.99 7858.23 6099.07 769.703 1975.27 4702.01 3651.11 2228.71 5885.86 2084.07 
9935.04 3567.52 2907.73 5001.7 7510.24 5745.24 4458.4 8494.74 2404.66 3092.9 1649.56 7245.19 7630.62 5961.2 4768.77 
8647.26 6565.72 3010.76 7161 9314.25 2360.01 5105.97 7172.46 8459.08 5875.67 9147.73 3161.07 9526.78 1376.42 9046.92 
1610.84 1311.44 2614.43 4518.57 6313.15 124.651 263.801 771.53 8619.39 2668.46 3864.43 268.928 9913.65 1495.03 6230.12 
4682.4 142.278 2795.83 7693.16 7303.28 2110.06 53.1451 2409.23 9282.53 8512.22 8284.9 8430.24 1673.27 7811.66 9806.67 
720.177 9422.5 1118.09 3334.6 3941.06 7431.24 3459.26 4204.86 8202.77 2078.63 6873.31 2067.18 2347.56 6786.95 3562.21 
8577.68 1469.33 3704.49 1373.49 9162.48 1007.75 3483.55 9215.63 3416.97 2766.06 7727.83 1701.85 1196.29 9401.1 9513.52 
1002.94 121.263 8936 2121.03 3455.87 2877.05 9552.26 6915.12 7081.91 7755.01 8993.75 3955.2 9822.19 1341.29 742.132 
3384.39 9918.97 2211.46 7088.88 1292.44 1373.93 8096.63 4776 589.538 1513.58 7542.06 8317.37 3215.44 8738.35 7718.46 
2728.94 9741.28 7839.72 1664.93 1862.29 1295.57 4541.97 1414.54 8210.69 1623.86 9169.55 7204.42 5579.06 8991.73 8545.71 
6321.19 2376.1 8464.66 8532.65 9464.98 9757.1 9906.58 7561.59 4533.08 496.1 9075.17 2075.13 8813.47 2290.59 813.456 
6531.91 5019.53 554.722 4371.61 6684.45 2417.01 5667.18 1226.41 3831.55 3877.86 2850.27 3001.09 1082.26 8429.33 1992.8 
9627.98 4750.5 4368.91 8092.62 3283.14 3833.87 7849.71 3189.7 1395.44 2382.78 3685.8 470.589 4457.9 2499.26 2761.18 
5271.36 9031.17 7780.71 5826.08 3402.76 4465.14 8243.09 9069.94 5691.55 2074.63 2947.78 8541.81 5075.72 4030.05 6971.12 
7068.53 3658.01 1721.61 1437.42 1750.61 5004.75 5271.28 9600.32 8194.46 6666.72 1983.08 1880.24 7137.31 6440.98 4379.5 
9898.49 1712.32 3410.65 7679.18 7538.4 6813.41 2144.3 5781.48 5883.33 7835.85 7856.11 8831.12 6377.64 2931.81 2861.15 
3348.75 0.318769 6519.15 5070.36 1437.73 8269.77 75.1015 6709.02 7870.07 8269.56 3375.72 9853.15 149.781 513.011 6294.12 
4529.28 411.481 8006.44 7939.92 8090.66 5544.82 4753.31 234.94 1326.28 636.63 8070.79 9182.38 9467.75 4448.41 2114.18 
2328.88 7797.17 2114.5 8848.03 2867.51 3552.23 7117.78 2942.61 261.229 4987.83 1212.16 3636.95 4840.97 1361.94 4149.96 
1135.06 5891.21 4561.44 9141.5 3831.12 2652.08 4686.3 8584.43 2887.02 6012.58 9221.06 957.79 5194.95 8688.79 5406.2 
7309.13 1017.65 3203.35 9423.62 9865.68 6070.87 2975.84 6983.44 9013.48 3237.06 1971.25 225.619 6874.01 6812.22 1587.56 
1023.95 7947.29 7478.77 5585.39 7088.77 1309.87 8237.47 1775.06 9894.31 1124.48 7787.64 9115.36 2082.27 2982.57 7804.13 
7488.47 291.685 8821.78 691.806 9715.31 8687.44 6762.67 2691.13 5670.87 5776.14 5928.19 7642.12 6001.75 2802.19 4454.33 
7589.31 3826.14 2401.59 5068.06 9411.54 9490.37 6377.94 7649 1265.41 6272.23 8773.47 9053.05 5387.57 855.723 2035.6 
3191.68 8344.19 2327.29 2013.45 9036 2042.58 700.877 5798.66 4733.71 6371.75 1574.77 661.882 4013.85 7576.53 3464.07 
8468.18 5165.82 7290.21 869.754 233.868 6701.73 360.102 6611.81 4350.71 1625.51 2884.02 3124.17 678.537 8271.59 3979.89 
2714.14 1463.25 2324.07 5041.43 3476.7 1360.05 7084.01 4177.58 7158.71 1817.7 549.308 8733.48 2479.58 4563.16 6309.99 
5943.65 3031.32 1475.8 3233.85 3901.07 1709.67 9935.58 4261.17 8321.47 4286.28 5886.68 1205.48 7410.45 6565.22 9477.06 
1390.32 9279.36 940.301 3714.39 4320.77 4417 5074.44 1404.76 8594.58 2233.13 3222.46 9143.89 966.598 5702.05 3707.03 
7276.59 1645.68 6738.35 8752.39 4879.53 639.407 462.041 4815.1 4900.58 8783.51 9101.38 787.246 9988.99 6511.8 7352.46 
9466.04 7902.13 6631.81 406.32 1616.5 952.563 4823.32 6690.94 2357.33 3417.89 8924.07 5579.79 2561.77 9890.67 1281.82 
6268.8 7167.25 2927.5 3007.14 5919.62 7807.03 3646.54 6381.66 2622.11 8547.12 5165.16 1723.47 9334.37 5154.13 8235.28 
6686.82 4620.15 6137.38 3318.61 5026.47 7753.88 4271.17 9849.79 4444.81 6628.5 3267.67 3368.86 2208.27 5829.44 3259.52 
3490.09 2098.22 426.75 6417.6 5105.35 6346.37 4224.61 8751.9 2728.02 6846.73 7299 7893.18 8570.2 6633.36 3047.29 
6805.46 3320.16 7667.44 2942.82 6638.77 2693.89 696.689 909.919 2543.67 5141.5 7538.42 5811.34 8510.36 9746.69 1640.76 
1769.86 3236.77 3738.98 2196.61 9654.37 8844.33 8542.98 3878.96 7596.21 1270.98 725.671 4895.2 9164.16 9295.87 1528.54 
2211.43 6101.31 4848.69 9878.87 9044.13 1487.44 2572.75 9740.82 2397.36 5116.42 4882.3 9935.78 927.738 3392.64 9682.45 
2568.49 5162.5 2919.21 6307.47 7359.11 2573.55 5151.78 5902.08 6452.52 2747.98 7173.07 7178.19 7643.17 6337.21 6474.04 
9171.71 8548.64 2575.33 4020.39 8427.49 1619.44 5507.83 1000.22 1360.24 7905.19 6116.64 6242.53 7840.95 7044.38 9635.17 
7523.38 9612.87 4797.65 442.572 5920.32 2156.75 3016.13 1072.09 8058.83 9468.64 3820.07 5231.88 6646.81 1463.23 1569.07 
3120.83 634.922 117.691 5696.16 4655.31 8545.18 7315.59 163.118 9545.41 8675.83 8068.31 5662.03 4918.34 5909.24 2706.39 
4553.5 3432.6 2319.24 9351.15 3875.18 8239.57 1507.88 6891.3 9311.66 9566.71 6359.93 3131.71 4798.57 3006.72 4594.94 
6367.64 6127.55 5229.86 6485.33 1823.69 9885.17 5030.5 9139.28 48.2689 4575.89 7815.1 8116.57 237.9 2733.42 4025.79 
2944.29 7286.92 7458.4 5263.53 6638.05 1333.56 3503.07 8145.93 8224.86 2814.72 7712.63 4584.77 5946.43 2511.18 7591.49 
541.347 8878.83 3719.03 5771.21 5364.14 5542.72 5656.36 394.625 4681.99 5704.63 4970.51 2497.06 3821.18 5208.41 5230.49 
7846.98 8152.7 2517.39 5305.36 3416.21 9155.43 6638.91 6919.29 7301.35 4863.75 9734 5013.96 9448.52 5680.41 7525.14 
7040 6221.76 6403.95 759.004 1992.95 1768.07 6301.72 7649.3 2162.7 983.69 3353.91 7133.21 3480.75 7175.1 2341.61 
8711.24 5022.06 494.294 1228.61 327.398 3910.5 384.028 6966.31 829.773 7685.38 1830.05 563.757 2699.31 1278.56 6244.17 
224.436 8318.55 2465.91 6628.38 9077.56 4458.85 8396.45 5379.26 2108.14 559.133 6362.95 5462.05 7692.34 9843.71 2637.13 
33.9368 8554.93 7659.19 528.23 9783.54 7986.59 4438.73 167.551 4952.88 5268.51 7852.93 6782.93 5832.27 552.224 8061.49 
2076.42 776.66 6380.02 4542.32 7405.04 5457.56 9001.17 5801.48 836.802 1109.3 6360.61 7199.75 6571.35 4052.94 7043.44 
9208.48 4086.87 5598.36 6867.65 4615.1 5381.88 4854.22 9053.84 5549.43 9807.1 4322.33 3402.34 6590.01 154.581 3954.56 
4651.48 2231 4731.22 1031.48 6773.32 2136.25 6489.04 5774.47 7937.73 7325.84 6883.77 4298.32 4525.58 3455.1 8351.26 
1569.01 2663.56 2438.12 7167.36 9531.21 7053.22 2549.22 4385.41 6107.04 8098.65 4192.49 429.359 1500.97 782.489 583.939 
5455.54 5433.97 2814.94 186.743 6465.45 9588.25 2322.99 2954.47 5362.71 260.699 280.3 2246.46 4559.02 4805.88 5701.56 
2910.26 6374.89 8365.12 5348.37 3542.23 7896.31 2401.58 6091.45 2281.71 8508.62 4190.09 6474.2 8937.98 5691.06 7256.69 
9521.92 1146.58 2690.64 2336.84 1333.32 9156.09 1925.07 3656.31 2110.55 7287.78 3917.01 2390.85 9534.25 8476.03 7196.73 
5235.79 1386.27 3571.6 3600.89 6734.65 7113.83 1497.19 9136.22 3205.27 3778.9 7644.83 7395.35 253.087 6582.79 3086.4 
7509.78 6104.69 4232.98 200.406 8441.53 5566.3 9356.5 366.589 9222.62 1467.03 7654.37 3139.61 3857.88 7188.6 1615.63 
1054.6 2424.37 3001.9 4626.2 6025.27 9736.55 1740.01 7522.46 8872.76 4945.28 1301.34 6517.57 2340.61 1554.43 3100.34 
5427.01 9064.21 9205.04 9659.99 9264.61 7646.56 5226.27 8621.09 8013.15 4448.88 88.1108 5667.5 7588.49 3946 2856.08 
9204.12 5000.59 5280.46 2206 9626.79 1305.71 1942.54 1366.79 8828.16 815.275 6312.06 129.486 7332.84 8652.67 1683.91 
433.173 4079.67 748.102 9638.21 3739.64 12.6971 7284.75 8965.91 8633.79 5297.88 3414.77 8721.9 965.364 1003.24 2667.88 
3821.45 207.344 7668.47 9101.91 2413.35 7295.25 407.594 4355.88 8662.04 9235.76 5171.16 4974.08 9365.24 2503.99 3626.74 
1049.14 2937.16 7706.41 1797.24 2575.35 1446.03 1809.94 9860.11 411.926 443.712 5157.97 3826.7 9165.61 6123.33 4829.94 
1833.48 9944.78 5037.29 9501.95 9046.67 7450.63 6797.18 9454.27 1806.5 5459.2 8690 6977.66 433.267 8055.23 9481.64 
4060.01 9104.37 2418.78 1766.4 901.591 4994.14 3212.43 2711.53 4854.23 3624.35 3155.24 12.1801 7451.05 2320.84 6135.51 
2280.97 4154.32 6080.28 7318.26 3656.25 5126.93 4768.88 453.419 4581.18 6575.37 5912.62 3271.17 3553.01 6345.89 1326.38 
3034.64 405.879 430.735 5453.42 2172.28 1332.33 447.539 5384.7 4043.85 5301.77 9009.05 7199.1 5313.95 6460.09 9519.93 
1449.44 8741.06 3674.23 7529.72 6059.31 7330.48 2656.64 828.165 7783.9 7237.82 7403.54 3696.51 508.977 956.535 42.3817 
1835.36 3991.17 448.261 2266.09 9444.59 2620.54 3598.42 9892.13 8005.24 7642.28 5193.88 7014.27 4841.35 507.806 3474.34 
4361.27 1957.25 2215.39 8035.5 9486.97 8274.69 5365.97 2143.6 9102.86 3149.86 9381.42 6506.38 6846.37 9890.4 7462.91 
6888.75 1725.74 1454.07 7337.01 3991.83 898.643 9957.55 7590.25 790.755 7962.77 5232.51 5984.63 4977.02 73.8498 6492.44 
8451.37 4435.12 8449.69 666.738 2470.61 7936.64 8941.43 7836.58 80.2209 8044.27 986.424 9461.64 4550.63 7832.79 9352.02 
2013.53 4721.52 1077.74 3467.6 2058.52 5069.57 4366.25 2016.05 2659.81 5157 9978.82 7892.32 1141.62 4955.82 7966.17 
7634.05 3407.17 2401.28 6083.72 4073.91 4871.89 4020.35 3015.33 2708.45 4100.57 1059.58 3694.87 3562.19 5610.22 1527.65 
2914.19 7623.75 6249.17 3991.94 1091.33 8307.69 9061.51 5457.58 323.725 1721.3 614.563 302.524 9613.63 1756.18 5258.35 
7579.78 9390.23 8665.52 9981.06 5473.94 2739.42 4852.93 9494.29 5754.74 7561.38 3594.84 6814.32 1256.24 7157.03 2424.52 
2783.89 71.2098 48.2521 9033.06 4063.15 1139.59 7340.74 3124.64 6597.16 7664.46 4845.94 7211.73 7966.99 4459.55 8967.91 
3225.32 2039.32 8358.12 1890.82 2020.36 3832.04 4630.24 6873.29 3326.31 384.964 4434.66 6921.15 7199.29 5690.9 4078.17 
9623.81 8474.79 4149.38 9672.06 7507.83 8212.52 811.629 4848.56 1337.14 7408.79 2513 6183.09 4620.5 479.975 642.622 
3588.39 3705.29 2681.94 1946.5 5596.12 4702.31 5778.54 226.34 1575.58 9104.85 611.304 6010.24 6025.99 7810.59 1701.13 
104.138 7434.38 175.897 4253.52 7106.42 7683.73 2466.02 7918.05 2532.27 3803.16 5326.83 5045.27 9986.25 9947.33 5525.25 
628.856 3535.71 9230.54 3310.8 5482.21 4826.64 8013.1 1260.73 5052.98 9588.69 365.564 5664.29 5598.92 6391.55 3474.86 
7300.04 6495.69 909.225 7475.94 749.187 8015.65 5159.65 3215.21 5933.69 7691.92 7018.37 1260.5 2737.18 7004.61 1207.82 
8262.43 7633.46 4743.53 7492.95 944.243 225.716 2319.58 8957.35 1486.44 7372.56 8546.02 1852.01 3036.83 4144.92 8243.56 
6511.69 1444.94 4739.23 7420.92 8920.88 5488.42 5436.55 4080.52 8703.62 1370.22 1772.43 5721.98 2630.72 4509.61 2726.57 
3838.54 2772.02 360.015 8582.06 264.957 1304.26 8807.78 2584.54 261.589 294.205 9957.1 8807.61 2146.21 2993.91 2952.51 
389.755 9505.6 4397.45 5128.99 6926.5 3318.32 617.386 2363.03 7398.84 9321.01 3733.25 9171.27 5042.97 6363.97 3680.87 
7769.54 202.489 6452.89 8129.56 8784.55 6717.84 9433.82 7592.31 9302.38 9695.41 7886.52 9259.46 8503 32.7137 2253.35 
1455.49 422.468 1758.94 5852.94 5551.45 8685.44 9171.26 6168.84 1048.45 6570.09 5489.83 4781.7 5741.35 532.79 1145.65 
9422.21 8302.33 1348.14 5875.08 6431.88 132.679 2592.91 5865.68 7724.99 1895.27 5561.07 5611.49 1154.71 4064.05 5644.21 
3408.06 5519.54 6066.67 5167 1372.47 1618.11 3852.42 543.715 7786.95 4900.87 7113.81 3276.77 9682.57 2855.13 3809.56 
828.208 2277.33 2111.87 2176.35 8152.41 8543.75 2309.03 745.299 4409.41 34.0064 2640.57 9970.48 5645.5 3795.28 4034.51 
1289.69 7203.34 9554.05 7356.36 2370.33 926.502 8974.47 6222.75 1470.22 6761.41 1123.6 8584.02 38.1566 806.15 1439.14 
3847.71 1634.36 3716.47 5959.59 3810.71 1868.86 4503.32 6119.74 2614.16 8912.73 6153.75 5254.73 8883.19 1799.23 9050.01 
2917.69 3088.92 6253.34 2471.72 445.265 8623.66 3398.23 9419.74 4846.39 4868.44 6181.13 5969.99 3452.45 6219.29 6776.14 
4891.59 66.9825 8410.5 8608.05 6026.57 2221.19 476.899 529.873 8340.93 3091.06 9442.6 4494.67 8345.79 8325.78 6293.9 
7395.78 1243.45 9382.82 3649.1 3715.18 9828.08 2272.75 7113.4 9247.8 7119.14 1981.83 5428.92 3089.11 5434.27 1648.19 
9865.25 325.844 1715.17 8275.73 8933.9 7741.74 496.901 9410.8 8271.61 8837.83 2501.84 7714.2 3332.48 847.61 6039.96 
9626.38 8243.39 7283.42 9009.18 1892.47 998.581 8837.25 4165.22 8111.98 8085.04 1284.34 93.7965 3513.94 4373.45 5528.07 
5162.12 4238.68 5853.92 6877.29 2514.39 4787.8 4619.02 3011.29 4198.58 2890.61 1849.11 6700.42 604.794 5181.59 7548.03 
6644.76 4807.96 5791.4 3928.16 3817.12 7683.87 4926.74 2654.35 1849.07 3038.71 739.369 3133.41 3132.51 4253.31 7506.86 
8660.58 9415.43 1745.52 4514.48 6292.71 4259.91 9302.27 911.704 7271.2 3500.83 3802.32 9120.3 201.235 4407.11 4301.88 
7749.26 1051.85 9109.83 3540.65 4980.01 2926.93 1224.5 9906.75 5581.29 3073.58 2945.45 6320.65 6206.99 6077.95 573.942 
3713.83 4738.51 9989.37 5459.35 9252.99 6282.06 9719.26 8555.25 7193.76 6990.44 2056.07 996.062 6110.73 2257.3 5403.17 
412.585 6.54572 6455.02 9522.42 3547.19 1435.02 2449.33 4771.69 1341.75 8030.62 7845.27 4287.2 4351.26 4052.24 365.135 
4925.2 7766.08 5103.65 4914.55 3225.42 4356.62 1196.59 2944.66 2911.85 8390.36 9935.1 4967.92 9386.42 6045.81 7225.22 
4789.57 6458.4 7231.76 1244.58 5980.79 778.939 2679.59 8430.13 5550.63 4021.34 6460.73 3395.89 8308.54 811.969 7448.13 
8673.68 5737.17 5214.19 3777.31 651.701 8439.61 8133.93 1848.29 1384.25 1045.77 238.635 1319.34 6013.69 9625.05 7365.15 
3238.89 4414.61 3823.53 470.635 5659.18 9804.32 1249.57 8338.78 8234.44 6800.21 2360.1 4695.15 196.074 668.632 5507.12 
7644.2 9342.31 1244.27 2858.38 3119.61 1895.97 1297.97 1253.52 3744.26 2682.22 2299.29 3982.9 4001.56 8312.98 3607.94 
1366.69 1551.85 8022.54 5190.22 2022.48 3681.71 4994.53 3272.06 2020.47 3228.95 72.244 4380.58 7924.1 268.318 5049.21 
3431.2 7912.52 4391.5 4675.47 770.885 7511.11 6571.44 2068.86 8764.63 315.688 4751.08 1063.9 4298.59 8752.64 9376.88 
7906.52 119.316 928.708 5929.05 5309.54 2951.19 9610.76 304.053 6223.25 1631.22 3533 6295.49 6011.79 1457.08 6563.81 
1060.99 4888.29 4476.31 5452.49 9563.76 5247.2 2963.58 6135.18 7316.05 1728.19 6450.87 2067.12 2792.09 749.436 819.738 
2168.95 8655.96 939.054 3097.66 4584.99 6248.59 6048.85 4195.74 6552.65 2272.08 5826.96 85.6309 8567.57 1838.73 1542.72 
5131.36 2899.72 6431 9607.68 8352.21 5994.74 4854.86 1315.77 2129.9 2170.9 3043.96 8580.77 4238.01 5836.05 9330.2 
5057.75 8005.01 7986.15 5996.8 1102.65 2571.12 2245.38 7151.5 6766.86 8798.02 9423.58 2593.8 8883.65 7991.14 4432.54 
426.353 3122.48 7332.26 6857.35 2730.14 5684.45 2852.08 7585 7000.22 4981.98 9755.89 44.1595 3562.73 3993.89 5880.21 
2892.92 9051.64 3885.2 879.046 5048.42 4987.85 3450.17 7293.8 2139.34 217.015 6091.81 1562.9 2810.82 4975.44 9554.04 
7243.36 5401.79 2676.5 4575.6 2259.13 5406.64 260.027 5111.21 2991.62 7260.24 93.1736 2747.5 7304.4 3655.9 6741.39 
3184.6 6548.82 5793.01 7069.8 7427.87 841.41 2057.63 878.02 8135.21 4196.97 1095.04 4227 5759.87 3905.85 9202.44 
5313.9 1149.19 4604.22 7990.4 5724.79 6863.35 3397.02 5984.82 1974.54 6388.65 3245.04 2067.72 9136.15 549.431 5723.62 
5877.52 3734.03 2272.43 1670.51 803.81 9700.29 2511.92 2861.44 578.295 647.109 7058.41 1673.33 4874.11 2818.27 5579.19 
4076.53 8132.16 6728.38 8680.75 6122.54 2453.15 5544.08 9519.57 8437.97 7518.62 5908.2 1682.99 9586.34 5044.33 2232.42 
5309.95 921.833 5966.45 7582.37 2592.34 6770.26 7282.65 5104.26 9631.71 7860.94 5751.37 6690.1 9534.28 625.454 9508.37 
5113.44 4701.98 7640.51 1841.8 3382.71 3763.04 4294.95 8926.79 3282.59 2732.9 6445.4 9190.79 4415.9 6031.72 4235.11 
6648.32 1341.65 5156.94 2614.76 8924.03 7749.28 9385.02 6206.66 2853.52 9016.71 4067.59 8604.89 5706.79 3601.84 9230.34 
5215.15 8715.29 3932.3 2855.64 557.072 7315.02 6618.69 4852.03 6241.79 9901.28 7584.93 2687.17 9092.06 2000.81 8718.89 
3327.15 8649.13 60.5278 8484.09 1263.87 8984.55 6233.35 648.873 5191.2 9086.88 9665.58 9258.78 7691.74 5372.36 2860.61 
6922.07 587.49 1575.88 854.354 3443.14 2132.95 8169.37 61.8043 6984.97 4411.14 9963.08 4569.89 7098.31 9055.12 6570.69 
5817.18 2382.25 5219.81 5877.71 866.327 6483.68 4862.25 7099.68 7132.55 53.426 6186.54 6798.11 9312.21 3878.27 2170.46 
2172.8 800.314 2757.95 3748.67 1654.67 6201.08 5881.62 9824.04 6262.89 2866.58 4235.16 6225.95 7436.46 1333.45 5281.06 
4007.14 7150.63 7663.32 9226.95 3028.33 8529.64 5710.61 7890.57 5629.31 2843.14 7944 1815.83 9641.25 7256.19 5694.09 
1811.69 9428.99 6494.41 4569.64 3177.64 8149.08 770.706 9059.26 7973.1 7033.59 1925.82 2208.24 3259.53 9362.29 3541.69 
8540.59 3369.41 692.306 6203.89 2596.34 3720.63 4733.52 8306.95 1611.19 362.807 1150.07 9555.19 2178.64 791.3 6811.37 
7872.73 2602.99 6240.33 4367.12 7172.63 9417.98 2516.18 7943.34 8477.22 489.262 4976.91 403.03 2697.5 8236.44 9765.32 
6239.19 6777.02 3134.71 6931.5 2980.89 5731.05 652.113 7714.41 4037.98 2263.3 8077.22 5188.04 1818.48 255.836 5979.35 
8629.84 8128.57 8582.34 4870.16 2495.67 5754.95 4288.12 5011.86 3698.27 2765.33 5501.12 8675.19 3168.36 8198.62 6911.62 
2933.66 4437.79 3688.62 6068.37 1369.27 6669.51 1799.4 2021.39 4383.9 5837.38 4284.69 2461.1 1025.41 6103.17 2716.94 
7004.75 4732.99 845.489 5587.07 9603.16 3341.16 1342.01 3891.26 8353.02 5040.28 6656.59 3854.12 3715.46 9824.94 2052.72 
627.054 2758.59 6490.52 4315.67 8826.95 7859.79 985.165 626.337 9881.17 5369.07 6463.72 4165.85 7830.17 7489.13 268.998 
547.093 4493.86 5001.99 1392.58 80.92 4605.13 4733.74 1422.93 8496.39 3086.75 6463.21 5152.96 6940.86 178.653 4977.89 
8993.59 805.707 7736.47 5484.08 5121.38 6563.41 3343.86 6106.54 7189.75 3225.01 1475.6 3653.45 7390.86 9305.77 1142.56 
7659.86 9852.86 5636.42 2661.83 1245.42 5717.34 7266.96 5979.17 7140.27 5763.34 9065.91 3603.47 916.28 6006.76 3782.12 
5894.17 5000.33 4587.83 3630.63 484.398 9709.21 194.019 3828.25 5815.73 7383.77 7053.27 7291.33 1037.2 4444.11 6597.08 
2179.75 2103.95 6449.92 7816.17 4765.78 7695.34 3533.5 2032.72 3674.49 673.75 7796.06 2740.39 4277.22 8712.34 8747.15 
8059.34 4606.49 3747.47 2647.15 8237.12 4231.87 2356.34 8431.14 8060.12 8172.07 5814.89 5113.37 5463.38 6852.08 9557.48 
2060.44 9031.84 1661.41 8510.36 6848 6427.19 6205.69 381.475 8459.91 9880.19 1055.22 6255.95 2620.56 5332.44 4968.28 
1367.7 3391.76 9574.77 5115.16 6038.91 7811.87 9347.03 8395.25 6242.99 7407.13 6567.3 2057.86 2520.48 2030.67 8909.94 
2077.94 4091.11 7941.76 3739.35 2601.46 4789.74 166.516 8807.15 5171.21 8626.43 8687.32 6226.44 4882.36 1307.87 1558.86 
9850.64 2675.56 4950.62 9425.39 7790.73 989.517 7237.24 7137.74 9384.77 3480.21 4544.85 5952.05 5538.06 7065.34 7982.72 
4447.99 9143.28 2073.82 2389.73 2882.61 4675.28 7179.47 3049.13 3482.42 2350.67 1675.54 2169.73 8577.1 6557.9 3477.59 
135.946 6408.52 6153.15 5086.57 5833.89 3943.86 6076.09 3071.11 1081.59 5460.84 6551.32 5626.44 1412.87 2089.36 2691.76 
9395.6 6537.35 1835.02 1469.4 8927.08 4717.64 6144.69 6106.53 7766.76 9627.11 8457.2 9442.3 1796.81 7034.28 6000.18 
5274.41 7170.23 2408.68 1427.54 2256.78 8242.57 5371.41 8332.87 1313.66 6452.99 3793.69 7864.97 2079.42 5206.56 9954.33 
4771.18 4602.14 6491.67 6606.21 6071.54 5418.73 1323.82 2216.21 1525.25 9090.59 1843.3 9982.44 8532.87 3640.11 7016.71 
4533.03 8914.51 4186.92 6941.71 342.041 6443.7 5184.26 5713.45 4776.55 6497.92 2166.42 8570.24 4362.87 4245.84 3776.78 
4317.19 9017.02 8378.92 808.842 5623.21 4450.44 6227.57 6947.04 6666.65 7752.82 6037.61 8509.95 7735.25 4570.46 2150.04 
4751.94 9103.49 1064.54 8938.86 6045.19 1406.58 5382.55 1229.43 7120.03 159.087 7727.35 9286.45 8729.33 2090.2 3532.28 
2506.1 6407.39 2549.28 885.003 7216.24 8172.49 5335.45 3443.79 5119.51 2002.08 1196.6 1157.1 512.011 8931.85 5727.56 
2662.05 3683.77 4831.03 3726.59 2622.62 876.203 5133.16 8005.17 2105.63 2253.17 8164.25 9832.98 1539.61 6893.57 1923.17 
5071.88 9399.66 8330.56 7621.16 284.65 5546.78 5793.64 5620.1 8990.57 913.133 7622.18 187.153 2070.23 8134.19 9119 
7797.79 796.222 2802.75 2628.81 4522.81 5425.37 3505.01 9655.97 3430.52 5610.64 1909.13 1594.76 5443.61 3448.73 8488.33 
7366.77 8520.62 7887.97 5697.31 6141.76 8172.62 1244.08 1935.39 3792.7 234.631 2848.52 1414.86 421.785 4918.75 9549.05 
9540.78 2716.53 345.258 2343.52 5345.33 4868.07 7768.89 8850.34 4524.02 1199.4 4460.97 6433.15 2794.16 9904.58 9881.88 
1282.46 7271.33 8402.48 9170.44 2968.63 4544.23 7343.04 4212.7 6479.61 1135.73 4447.33 9328.13 2550.59 4869.12 4246.86 
2099.63 4409.89 6963.39 2444.89 6753.41 2308.71 7312.95 4522.28 1159.03 1836.96 5721.68 5620 8270.1 8515.83 5524.56 
8151.97 9798.3 2795.87 6554.43 8968.72 5764.5 1098.64 6311.75 9977.2 7578.25 7447.47 4424.52 6906.37 9998.07 9293.64 
1153.22 2097.68 3703.5 8116.61 4542.56 456.893 425.296 1855.5 4979.17 1584.33 3692.45 700.836 7204.33 1962.54 9216.67 
2728.87 114.491 9014.95 5524.75 6668.92 7983.66 1289.23 7767.57 4295.38 1266.41 5345.8 1742.84 5690.93 2252.16 1740.89 
4984.55 3405.37 3838.57 8688.05 1521.96 8381.13 9144.95 1947.26 236.613 4124.1 3531.59 3929.07 4824.94 735.9 5891.6 
4041.59 3464.77 6006.1 3056.53 8989.52 2675 1040.16 278.733 442.552 5335.55 1545.14 5788.36 7078.39 7236.07 8040.51 
8819.28 2220.61 1445.87 2657.84 908.641 2967.83 1038.95 53.5694 4915.08 1275.56 4177.67 8446.67 5204.63 9002.61 9182.57 
1096.22 3044.19 2647.33 7102.31 6100.71 1636.83 9777.32 7140.88 1915.56 219.852 2476.41 3460.71 6008.21 9554.8 696.765 
4048.7 8374.07 2917.37 5494.57 1031.88 3826.01 8462.4 2070.84 3879.58 3377.46 3346.4 8057.25 1824.11 8551.03 7059.85 
1006.67 9647.25 104.016 3653.99 6749.55 6204.73 5290.82 6526.85 3345.59 7206.38 6746.7 5822 667.075 2754.89 5376.78 
1363.84 6803.6 3750.83 4281.21 2298.15 4782.71 8107.22 760.528 6853.55 1986.79 4137.99 199.936 44.0236 5962.1 8750.97 
7103.87 6968.77 8398.2 7207.89 622.746 5147.73 3412.6 5913.57 1674.56 6758.19 3119.94 8421.26 2580.17 3787.01 1176.14 
7956.95 5150.85 7979.73 1707.76 9432.06 277.863 6490.48 7539.27 1038.39 3344.01 9526.05 5176.38 3543.95 9570.08 1138.47 
2294.9 6673.93 8107.24 693.081 3881.8 8729.99 5840.81 7294.4 4643.54 7515.38 4052.57 7763.47 5936.62 6632.74 1550.46 
7112.76 4589.67 6701.31 5092.48 6297.43 6133.36 5370.34 2787.89 3672.61 6408.73 6131.9 3198.64 1585.09 9675.85 2768.7 
2723.56 1970.73 9442.63 830.786 2663.81 3324.42 9560.77 8504.62 618.804 4204.29 6019.98 4671.38 1967.74 1956.59 1304.1 
3518.21 9069.35 5893.77 219.506 4161.81 2191.19 6352.86 9532.14 4979.08 25.454 5940.86 1110.96 3224.1 7525.95 786.79 
5992.8 249.498 2757.52 5435.42 1080.28 5421.32 8759.84 641.038 3925.93 9378.64 4845.33 9945.91 4050 6813.07 1902.47 
5354.1 331.264 971.802 1247.85 550.77 5133.61 3439.04 6903.63 4665.73 8418.12 6929.09 606.575 9529.08 153.168 8132.53 
315.849 6145.97 8382.02 3073.36 1581.37 9462.31 8494.69 341.195 103.33 2420.59 9719.84 4948.66 2366.48 3769.82 1761.71 
4268.96 9123.92 2092.98 5240.76 371.757 2643.75 374.348 3810.8 9547.38 5040.08 2228.89 6476.45 5646.66 1757.95 6629.62 
3779.17 2073.8 2775.57 2161.18 5147.17 4356.95 1623.47 3641.83 4698.14 1726.8 6062.43 4417.96 6675.46 8428.91 8187.78 
8437.17 2697.85 7311.69 530.133 7938.61 7683.45 3173.88 8312.96 1494.22 2721.25 3353.02 3723.12 9197.7 8999.68 5481.07 
5827.3 2778.83 7554.87 8602.88 4940.01 2702.02 2959.8 6563.48 6343.85 7657.94 8290.28 2406.26 2075.89 4965.72 835.159 
263.654 3402.87 3533.01 7575.34 3933.01 1471.6 5258.77 7106.89 9784.56 6752.99 9828.13 3137.57 476.094 9025.82 2137.23 
5957.16 4853.1 4916.07 3512.01 3455.96 9856.08 6214.03 6415.76 6419.54 2557.86 4073.69 4709.81 4964.12 6149.58 9675.53 
5799.28 6413.23 3078.38 9332.29 3988.56 7011.39 803.88 9247.33 4118.26 588.425 6000.31 3946.38 3725.99 6476.4 2972.18 
5863.23 2433.54 7825.28 779.281 5945.56 1281.22 635.345 2159.57 7696.99 7054.89 4717.43 1770.66 1764.68 9681.55 7920.24 
1440.19 5480.82 4333.46 4518.57 4813.09 8322.01 1529.94 5616.97 7569.33 5648.2 6205.4 3569.61 9594.58 9931.39 45.9971 
2566.75 5794.6 2479.54 392.01 6573.88 8425.1 1673.23 7209.23 584.645 9370.22 4264.1 5302.07 1140.87 6028.78 4983.6 
9061.11 7468.97 464.403 3394.55 1987.52 5277.5 1716.54 3517.47 894.453 9285.87 9165.67 7099.85 2855.47 8760.24 7031.23 
2901.46 1326.97 2825.81 5381 1718.98 9399.69 3806.08 3392.21 6608.91 4390.73 2762.42 872.991 9692.8 3903.28 6901.77 
4676.39 2964.37 4370.72 5140.79 6358.92 6358.25 418.269 8075.46 9875.71 1312.72 7361.31 9041.37 8412.57 216.763 7801.59 
5443.78 3118.23 9128.56 8269.59 8499.23 847.516 7669.27 2305.3 4239.73 4278.16 6696.03 7002.14 5151.15 6388.81 905.407 
2052.91 1065.18 3869.78 6423.63 6205.97 228.68 2781.86 6624.24 8304.14 2657.56 7936.96 5665.44 1698.91 6349.51 5882.2 
9500.5 1793.28 9000.43 8629.04 62.8534 7499.64 9476.55 7732.12 9804.94 3716.26 2010.27 6500.94 718.385 7161.42 2889.73 
1623.79 9214.32 3954.91 5493.57 5637.93 160.862 5722.25 8419.79 6785.1 4026.38 1077.33 4722.04 9691.81 2776.24 1071.54 
5574 2276.72 2864.81 4574.41 905.739 2927.67 2074.03 382.273 659.775 1878.95 4098.53 2670.04 8379.89 4816.92 9831.46 
1269.61 6440.71 9045.76 5224.52 1934.27 4683.68 5385.39 7656.52 3103.45 2170.47 1682.88 4180.79 6892.51 1374.67 6957.02 
7964.04 6948.67 9233.74 828.843 1523.06 139.466 3756.51 3597.09 521.739 4416.29 5476.04 4620.27 7086.33 3855.92 9437.19 
6917.77 5125.53 5877.89 5963.51 350.041 7812.15 647.169 5735.43 5468.65 3750.62 7905.9 7151.53 7931.41 4798.39 8526.2 
4888.41 2762.42 5474.86 4122.14 3591.26 6997.92 4261.61 7347.77 594.997 4783.35 1764.04 6071.04 9403.62 8850.36 9926.96 
8840.8 5768.11 5052.48 4718.67 1731.6 5402.52 2530.81 2378.77 1137.93 7999.46 6129.39 9043.83 5150.97 4060.78 3842.2 
3677.16 8949.2 6604.61 9152.01 3071.32 195.856 6149.92 7332.93 7543.62 6744.91 2116.26 9307.66 2815.94 1519.87 8158.01 
2742.88 360.647 3926.1 7795.36 5079.32 5657.71 3197.86 7610.12 8036.48 4335.79 5609.56 4165.85 3379.6 760.517 8226.64 
7221.8 4437.67 7175.82 3826.4 3589.67 247.125 4022.26 9739.58 7580.06 1565.86 6484.48 9696.32 873.51 9300.42 1216.17 
9031.52 2043.28 1576.82 2957.6 9838.64 6656.13 8615.31 3036.49 4266.24 6651.77 7372.28 9875.8 817.605 751.87 636.301 
9044.24 7973.67 5073.97 6220.04 1800.06 8663.64 6467.17 5822.31 8403.21 4047.21 7388.18 4887.67 3743.51 8261.69 4188.07 
4959.68 7293.19 6231.36 6536.5 250.773 6069.98 3192.61 8866.08 9106.47 7458.85 5517.83 6478.74 7334.63 6335.44 7230.61 
7970.93 5379.66 5204.26 3044.89 1599.69 7004.32 1708.52 8066.86 2826.61 111.709 2114.05 214.774 4999.38 5857.56 8476.46 
9187.46 817.226 5769.63 5418.8 7353.72 6020.4 1488.76 546.318 4886.47 595.219 8005.17 404.281 7073.96 5339.78 6739.72 
4304.55 3310.7 2119.36 9508.81 6355.59 3719.05 6513.11 8064.11 1785.9 9339.73 8175.82 3899.95 9554.5 3175.18 9757.51 
8030.94 2362.62 574.718 3800.56 7781.42 7928.44 9820.96 9270.19 8474.76 4707.41 9865.41 6479.91 5111.69 6939.34 1819.68 
1851.39 1243.87 5130.38 3970.75 752.668 1485.95 7689.81 7265.78 9550.06 9475.7 6605.49 7725.86 3375.63 6159.97 901.02 
3133.12 4190.9 3263.64 3707.84 7991.46 1045.05 1636.26 7812.4 315.216 111.004 2519.79 180.604 6590.91 7631.47 7119.95 
8410.59 9482.86 8363.82 3540.95 3453.6 9116.49 5026.9 1143.39 6382.26 4576.94 619.068 2987.73 2302.78 3994.7 9147.7 
3203.8 7127.82 3338.59 6467.44 835.642 1330.02 7512.49 2471.9 9142.42 7827.7 2582.91 1662.19 8008.31 9173.82 9293.66 
5128.24 7584.39 8776.51 3492.05 1125.32 2230.09 2608.52 6152.22 3373.47 8990.78 729.143 3992.54 1978.49 3031.92 7987.24 
1126.18 6235.72 5115.04 4464.76 2703.14 5950.68 5794.79 215.611 8422.59 4937.19 8043.32 1005.48 6599.38 6051.61 179.283 
5893.03 1179.83 7763.68 4669.52 4671.88 8889 6899.6 7280.4 5041.2 273.058 6271.16 5770.35 4265.6 8249.65 8802.27 
2252.82 9375.83 5037.97 7367.86 3840.57 7741.11 3318.53 9635.36 7956.72 1741.1 4572.53 6000.02 2746.58 1171.9 2051.61 
2925.86 7064.92 3231.44 689.52 1734.42 7903.32 9578.52 8634.02 5183.7 4619.71 8907.08 1454.85 390.036 3172.66 9704.5 
9192.3 5425.48 9080.31 4230.25 2793.33 2920.87 1971.34 6111.86 2556.21 9928.06 7852.96 7128.75 5928.06 599.52 8300.64 
7979.66 3525.38 5365.55 1211.09 4214.9 7099.96 9114.4 3793.4 5733.97 4298.09 8413.11 4641.03 5752.94 8803.15 7813.7 
5457.43 7995.43 3239.17 4537.72 2225.67 6032.5 7458.6 4197.01 2144.34 14.7919 4125.05 9997.3 7143.54 53.0886 596.798 
5444.16 8032.75 4122.18 809.692 9243.84 8337.08 7909.66 8358.23 2130.47 3643.61 2656.3 543.559 8284.64 8409.24 9346.71 
6098.33 3866.65 7342.12 9337.49 8404.37 9567.79 5369.97 5862.95 3764.78 7514.31 5877.74 7889.83 7511.58 3021.26 7942.91 
8108.38 8465.43 5975.65 2230.54 9275.12 5219.47 567.607 7184.76 3577.68 2698.07 828.35 6233.98 3241.63 9113 4643.2 
2588.32 5211.3 8509.85 9930.44 4548.78 6914.2 9498.21 9918.75 2777.14 3262.97 7433.04 8654.88 1152.78 4944.6 1676.12 
9095.69 3052.97 141.532 5071.32 5283.51 9416.65 290.778 5851.12 6601.39 3868.46 8549.2 7429.74 102.42 1790.81 6542.72 
4745.62 4379.13 1754 3255.45 4309.55 6302.78 169.638 3807.75 6221.51 2946.77 7070.72 3654.53 1601.63 8223.49 8599.13 
3277.76 7319.17 1652.08 3419.29 2390.47 6935.6 2835.92 2681.25 2786.7 9437.31 6549.71 1335.88 6867.03 6652.13 3126.69 
3409.73 1397.73 7505.82 5163.73 4653.19 1815.36 1466.5 4822.83 5623.1 7688.01 7769.6 2693.8 1342.52 9371.23 917.277 
9941.65 2648.97 8236.44 1593.71 6068.26 626.902 8529.31 8904.18 3308.15 1315.99 8341.47 9857.87 2651.87 5208.49 6509.98 
5778.56 8618.22 7907.71 3284.36 3781.94 2560.88 5099.72 5248.43 7383.71 722.805 2936.42 5153.29 3416.61 4278.94 4524.51 
4333.88 4220.57 7173.48 2570.31 5814.28 3241.72 3197.21 4343.57 2145.88 6505.37 5659.56 487.338 6363.21 8311.43 5695.82 
2873.18 4089.97 4314.03 780.873 7374.34 8095.96 3341.76 2474.04 3344.38 725.45 3196.84 6280.8 5878.74 6613.45 559.717 
403.231 947.313 4780.28 7576.71 3517.62 594.543 818.414 6714.83 4938.11 2964.3 3220.18 597.654 3451.64 9583.39 8909.08 
9147.46 2456.55 2999.04 3461.47 3237.43 373.36 1557.41 6579.18 2847.4 4901.79 7304.63 6044.24 1182.57 3183.36 2657.67 
1742.29 3586.59 3604.99 6522.57 1163.28 7122.61 7117.11 1981.7 3837.42 2055.21 4945.99 7057.6 2652.86 8397.63 6640.98 
1561.93 7545.07 9097.53 4560.97 1006.52 2334.94 4934.33 2563.94 8914.13 7781.73 7465.72 6218.74 3825.95 8648.29 9402.1 
6483.62 390.559 2988.68 88.5919 6913.13 4151.96 7211.2 4030.22 6133.65 1048.61 6085.43 1079.63 8106.21 8738.29 9477.26 
4747.18 300.197 7022.31 3844.69 4861.16 8028.84 6179.64 9795.49 592.755 5093.75 7577.2 8058.48 1312.47 1403.13 6706.75 
714.56 7886.75 7097.31 3703.23 7975.35 4010.42 7855.19 5186.53 8040.64 3988.83 6235.14 4126.06 5068.46 4341.33 2864.33 
4545.7 9088.51 3164.52 1568 2933.18 8025.69 9596.83 9112.82 7821.16 189.573 4206.55 5398.34 8248.05 5519.03 6801.47 
4954.78 6233.59 4688.21 2052.08 9936.82 2663.54 6062.5 7792 7850.07 4103.13 1780.81 4085.19 8229.18 6849.27 8426.52 
1093.49 1394.95 7515.01 4258.02 2962.95 448.177 2283.68 2559.77 9561 104.828 2749.34 3767.53 5503.17 997.373 9286.56 
2304.63 5952.16 5520.13 6992.83 8004.24 5456.93 9656.37 4066.72 3248.91 7506.42 8169.85 5029.72 1591.59 6399.01 1878.97 
18.0924 7492.51 3273.92 7533.1 1750.51 6236.87 7981.28 4034.19 8796.64 7542.26 4139.02 1545.96 1309.77 9642.19 2543.33 
596.317 1946.8 8495.49 6116.44 8939.63 6499.71 1573.36 8595.99 566.413 4822.27 6102.39 8736.26 9851.99 7693.98 5135.26 
1730.94 7712.07 2627.75 5004.86 5245.16 4378.25 1241.71 3226.42 8412.44 38.3313 768.662 2551.45 1584.29 2078.44 2193.62 
4127.62 2674.75 4140.41 2623.09 8791.2 3080.02 9122.8 364.539 1675.99 9689.22 5186.81 7778.38 8425.46 5038.78 5472.35 
3560.7 6769.72 3184.41 6188.45 1774.56 8429.57 566.69 3016.27 1655.97 8979.13 3054.6 2424.63 1530.56 4638.89 4503.07 
3724.18 8766.51 7177.82 7864.59 1389.59 5969 944.597 512.378 6333.54 2620.59 201.576 1520.33 398.956 8627.04 6559.11 
5871.3 2187.72 3328.81 9055.71 8376.17 5103.37 7485.26 8942.86 8119.64 9141.23 7921.98 1174.23 1565.84 9452.54 5813.12 
6068.91 3176.71 4579.62 3246.71 1041.28 5969.21 9215.71 1985.88 6481.59 5549.24 4606.47 6683.16 7069.57 5005.42 5310.18 
3628.66 876.709 7497.91 6957.47 9932.42 5874.06 2060.83 7417.66 4816.91 180.45 6558.87 2738.88 1354.68 8124.71 2191.4 
7167.8 4193.6 5368.11 1747.4 7440.31 6409.39 7716.61 6656.01 8395.27 4198.18 2205.23 3001.71 881.327 9274.8 8007.13 
6191.51 2903.44 8883.84 3689.4 9860.92 8816.25 9563.46 1921.73 6233.89 4380.36 2102.18 2792.75 7119.23 3456.85 917.445 
9310.64 624.635 5111.05 4678.73 2372.04 2551.35 1088.1 88.6276 9207.36 9483.37 4286.81 1412.57 2485.06 5168.13 687.355 
492.181 1359.63 3590.8 9376.03 5049.03 3451.7 8192.25 4612.47 5373.42 4426.13 8992.83 7475.6 7218.88 6112.04 932.437 
8136.33 5422.66 1557.07 3247.36 101.374 3929.11 5798.71 1189.48 4017.73 5006.05 672.825 8304.54 6418.62 3157.89 3472.66 
7105.98 3650.07 4832.29 696.757 3026.08 9881.32 4148.46 1218.32 4493.77 9521.88 5644.45 3486.59 6997.46 2863.31 9598.63 
7929.9 999.618 5021.27 9486.97 4246.98 5122.65 3416.06 45.6654 6312.12 7433.8 5051.71 6984.95 5738.32 1470.32 142.821 
9210.98 8576.29 3792.89 4043.26 9273.05 6818.97 3924.56 3421.49 8037.29 8418.33 2943.35 3681.72 1904.9 9940.82 6545.03 
1503.51 7870.7 7544.64 6524.78 7357.65 1791.6 1647.42 773.7 1837.27 7959.54 8207.5 6888.98 4944.47 3945.8 8359.3 
5087.29 3156.77 6935.58 8880.19 7200.03 6208.61 5699.14 1124.57 9630.1 3736.41 9542.9 2573.43 7418.12 1447.78 2514.23 
3963.13 2951.29 384.913 1507.76 9476.07 7742.57 3299.36 1123.47 8516.27 5136.63 9083.01 6723.75 2025.6 4027.47 669.535 
384.881 9114.76 3826.31 7320.46 7994.93 1026.32 3529.05 3694.05 2150.88 3159.13 7430.46 1693.76 5732.56 4848.56 3141.54 
8246.79 8811.69 6092.82 8631.71 319.437 5568.87 6374.26 3618.8 6692.34 4890.51 8755.43 5775.34 1614.24 781.013 9802.8 
2283.77 1165.89 8917.54 6110.08 8486.35 6912.46 7136.4 2015.38 606.49 9287.28 5174.51 8036.95 981.022 907.056 2885.49 
4122.56 9153.85 1697.17 215.361 7785.54 2016.61 5784.24 4159.78 5635.41 2476.56 9050.29 4390.82 8251.9 664.513 5171.83 
8054.68 2948.29 6337.73 6972.21 9058.37 4824.06 3884.65 6194.75 6839.44 4491.14 5482.01 2013.94 2528.07 6463.03 2920.99 
5413.56 585.573 2074.83 7110.73 800.934 9860.37 9127.33 6585.17 4020.13 4762.72 9061.73 3070.41 9153.54 7313.61 3734.92 
4325.36 5368.27 6683.21 663.069 2340.47 5741.56 5487.13 6225.11 1936.29 2326.56 716.234 7418.3 4340.49 3244.3 3881.31 
7261.49 8657.86 4466.89 9336.32 5768.57 5267.82 9196.67 4895.89 1852.97 3216.78 9658.61 914.687 6287.19 8812.13 8228.3 
22.0887 3137.47 3596.55 6705.29 3800.54 5937.02 2446.83 9287.67 2162.12 4383.12 1614.21 2878.35 1801.4 5954.71 6122.65 
5682.72 3216.18 4780.49 149.586 2552.48 549.047 5417.41 1749.13 5444.93 7270.38 4965.91 5103.52 8185.07 1253.08 3915.63 
6413.35 1275.17 7053.11 9.88499 7980.46 853.63 5946.9 427.279 141.283 8109.02 4810.4 1755.49 987.356 6611.8 7710.2 
7110.01 2294.5 926.358 1890.49 2444.09 3478.83 2439.53 7861.5 5227.96 7884.46 5131.86 193.853 2987.97 3316.91 1446.93 
6903.6 9730.26 2722.1 3956.69 9740.14 702.548 4810.32 5687.03 1129.83 4951.61 3796.04 5940.23 6707.1 4783.39 2552.02 
4417.28 1893.38 4846.52 5343.64 3783.87 7290.61 8822.47 6223.4 5152.09 4050.42 4107.85 283.933 4244.27 7095.82 3600.84 
5691.2 3999.4 3331.08 8413.31 7956.1 3071.21 9115.85 2766.4 8758.24 245.665 7718.01 2554.26 6185.89 4425.09 7337.65 
8737.91 8842.38 9231.04 3584.41 4186 3014.89 875.003 3008.46 9238.29 6027.09 7058.88 3346.12 6311.02 1303.13 441.921 
9911.87 6994.33 4441.32 3242.94 5407.62 2397.4 6314.15 4523.46 5163.81 5072.37 4769.13 2881.8 7626.64 955.004 7306.89 
4964.27 9692.91 6149.25 4195.29 3277.31 335.234 7210.18 4152.31 3343.69 6448.45 179.383 402.549 9794.58 6490.41 1705.68 
236.48 6402.26 8700.01 4677.8 9645.2 4107.62 7075.21 5959.33 8631.08 2239 1031.68 3400.19 5120.8 8658.32 4355.2 
2427.68 3622.57 4048.09 8576.93 7817.87 7325.4 8912.16 5028.03 1477.69 2255.84 1476.47 1657.07 2658.39 1271.03 8147.48 
4364.06 1507.51 4549.72 3064.06 6185.31 4194.9 7171.68 3260.5 154.211 5802.75 5499.5 1185.89 9202.94 620.288 9844.21 
3558.12 3047.97 3466.77 7606.21 1624.88 1284.62 4931.59 537.025 6312.65 6409.28 2792.86 7789.12 8066.36 5451.25 9060.15 
6213.82 9815.31 567.643 763.525 2879.35 6752.96 4958.43 51.019 13.4433 5112.64 5853.77 5512.95 6298.53 5056.69 6133.24 
6142.73 8614.81 9181.2 9609.5 6221.01 806.063 894.101 1152.58 1343.09 7206.75 7561.87 4135.95 4995.86 5628.21 9587.2 
4055.99 1842.01 9402.49 4623.64 2605.53 2281.83 1376.57 7563.96 2332.85 1390.02 2676.58 8186.62 6902.97 8975.11 3243.29 
3036.19 5117.82 1858.08 2217.37 4727.31 8079.09 3023.43 5621.41 9231.68 4366.52 2828.14 6793.53 8502.47 7824 2421.72 
8089.65 1879.98 4263.72 7492.13 6503.62 6869.26 9773.96 7880.19 4433.2 2106.8 9270.21 7109.78 293.397 6173.16 6084.88 
3536.69 9209.34 1202.69 5394.77 1426.7 5929.99 3473.84 4450.13 1551.38 2705.5 8816.65 4379.53 9499.03 7319.11 2203.51 
1920.73 5408.75 4083.49 6184.45 2900.86 587.09 3053.69 2674.81 8467.28 7486.9 4781.6 7737.47 4596.66 5075 3910.61 
681.528 8611.69 3119.94 1884.22 4006.44 4546.64 7814.21 7480.28 8996.76 9365.59 185.767 7813.4 3745.1 9684.79 5132.49 
5948.61 1605.5 541.219 32.0887 7789.96 3442.08 619.179 843.633 6116.88 9086.46 8330.53 898.47 6823.92 2927.18 5973.47 
734.512 3608.7 4585.14 3854.45 5492.92 8591.58 8401.09 3307.11 6071.84 7397.83 2672.69 6257.61 5211.22 6417.79 5942.39 
343.691 2366.39 7547.89 884.91 2398.48 5337.83 4326.99 3017.66 6181.47 443.856 2104.1 4511.98 1342.33 8928.01 7439.16 
7315.8 9662.53 1047.84 1900.92 3516.96 6540.76 492.48 1918.03 9847.88 6564.32 9315.87 2520.55 2821.92 4527.07 8938.34 
8764.31 4870.76 1304.71 6312.19 5755.67 3703.19 1650 82.6374 6720.84 7831.47 526.493 8824.94 2343.43 1868.82 7752.94 
9782.59 9184.62 7415.45 830.412 1085.52 932.394 7371.17 1578 2850.43 7219.03 8142.32 2166.27 9739.58 964.223 6693.34 
8677.9 9728.53 1564.08 9982.62 6040.7 7319.75 3685.78 7690.7 7402.38 406.61 5522.15 7928.88 9231.55 7865.58 9797.7 
6984.47 7648.15 8982.29 4399.91 8478.56 67.7943 5332.3 5849.72 1645.79 8182.73 3068.74 9788.11 348.983 2808.3 752.319 
7042.32 1486.19 480.832 8606.4 1468.79 6521.53 5926.13 5154.57 4212.21 3328.5 5561.18 9734.36 1257.36 4792.72 7599.93 
1055.03 1777.18 5248.06 37.3112 6177.08 3726.61 105.105 1509.37 9576.33 1750.9 9692.09 2645.05 1538.99 41.0598 5453.35 
2291.31 7083.38 6939.54 2772.14 5689.77 8408.33 9293.67 1615.88 3562.89 3505.87 4944.38 9124.07 3240.22 6201.73 3916.78 
840.129 7256.77 5693.95 6088.19 7294.08 1871.02 9814.8 7399.18 3380.39 9391.11 9150.08 3072.46 2036.15 689.057 3113.52 
7489.5 2980.37 196.889 4429.03 5752.51 5886.66 2837.34 5046.17 7502.54 6400.23 8552.04 2446.9 5524.29 1792.24 8648.63 
9441.07 2632.37 5905.38 5135 8720.56 3199.44 7006.02 8535.35 598.607 386.391 7926.44 9748.69 3458.85 9962.59 437.729 
6572.38 7452.07 3418.1 6769.27 1881.08 9170.61 2655.91 4718.43 4216.76 158.424 1118.65 2768.79 2605.32 6642.94 4561.03 
1253.93 6083.99 7193.4 7159.31 1218.97 5913.94 358.736 8225 4449.27 957.343 8611.39 2375.7 706.014 2070.22 2338.27 
1143.74 8642.6 9790.34 4561.84 5411.85 1671.41 3732.43 8067.76 6389.84 7949.2 8226.18 7508.48 717.968 831.486 4151.41 
5279 2085.42 235.377 2472.38 9244.73 1454.35 8386.32 9603.47 9679.35 2835.58 560.793 8290.72 5211.28 1266.81 360.926 
7549.55 2410.55 9003.53 7339.87 6972.39 4415.36 9011.28 704.808 2483.11 5401.1 8654.01 709.271 2909.57 9371.97 1540.76 
7060.97 4650.95 3626.18 7296.35 7123.33 2870.89 8750.7 5509.64 2474.34 8430.03 8345.22 3035.13 6720.73 3556.48 4301.94 
7081.66 1106.01 6712.49 6085.17 8445.88 3684.87 500.52 7457.15 4389.67 2983.63 2858.23 3043.66 3692.9 5767.8 2415.62 
5233.66 2828.76 7066.57 8859.83 125.093 4189.89 1730.71 8875.8 9699.53 4205.05 7305.81 8044.73 7240.18 4026.53 1601.19 
1542.1 1108.18 2707.19 8254.6 7193.35 1153.06 1939.44 7693.87 8610.21 6329.12 677.478 1468.42 9372.78 4370.38 7236.22 
1788.38 9604.03 64.9619 8854.96 8463.85 190.055 3044.83 194.535 9065.85 2744.34 4399.58 6371.65 789.05 1639.75 398.163 
2390.24 3181.85 1506.34 5097.43 1436.43 8699.69 6250.49 3375.88 6393.54 4860.68 9704.99 7071.02 6329.1 9077.76 1441.38 
3565.3 866.127 1045.39 3630.26 9721.09 9509.24 3820.32 2765.9 9703.77 2886.15 5510.24 4103.34 9257.8 6299.29 5743.08 
9655.96 8689.53 8924.93 1162.29 3786.94 361.348 9861.97 37.4144 3737.22 6255.5 4898.09 3442.2 3326.5 1227.17 2519.94 
4767.88 4792.48 3386.07 5813.27 8422.74 3107.14 5322.48 2243.04 5873.04 5026.24 5129.2 1383.26 9129.58 4386.98 7682.55 
4872.64 4042.93 6372.06 3797.56 5205.22 158.985 4158.91 5067.18 196.399 7896.13 1322.66 5094.49 1338.31 4649.15 6321.67 
3858.26 9417.03 1114.13 7244.33 5230.28 9536.87 351.449 552.745 1779.9 6224.49 5578.98 6909.09 7607.75 4708.54 1296.06 
5290.28 9581.19 5338.99 1662.33 3378.73 544.188 1821.31 7537.64 5611.36 2017.71 5433.75 6934.02 7112.2 6772.07 1583.16 
3433.85 630.306 1000.17 4547.98 7874.63 6230.45 4084.83 8226.08 6783.19 5864.73 4450.55 2362.16 2773.8 2058.28 7070.7 
4069.86 7348.57 6651.87 9408.85 9010.89 30.5855 9953.04 832.186 7568.22 5564.38 2849.9 3001.96 2498.38 9962.1 9774.02 
4081.54 3395.94 404.311 5081.71 7943.92 8278.94 1312.14 2028.73 6505.01 8095.33 7893.46 955.543 457.469 667.245 3013.83 
7528.17 4737.1 362.375 4180.03 4145.93 9373.27 4210.61 4098.95 205.436 1778.82 9663.33 3055.33 4780.78 2161.7 3017.42 
4554.78 6243.24 6413.35 4959.09 1324.93 4357.25 3238.02 2637.06 6385.98 9743.03 732.37 4279.43 698.552 1189.84 4946.67 
3712.38 8718.01 9683.78 4074.75 2898.02 3829.69 3448 7108.64 7928.65 3653.44 8887.46 7591.96 6708.77 3668.21 9753.66 
9726.19 8223 5996.88 6139.52 3182.07 7321.8 496.759 6420.09 9958.86 6882.74 6163.1 691.217 1162.15 6861.65 1881.06 
6108.82 574.01 599.051 5792.58 4648.76 3497.07 9622.28 8096.77 605.693 7550.91 1750.19 9493.15 5142.85 8458.96 3161.35 
4896.49 8185.13 1384.32 893.352 4324.64 4566.39 8215.16 4821.4 986.464 8174 1704.13 7149.56 8865.22 2866.28 4011.19 
746.259 8975.1 4585.2 1345.31 4767.67 9233.97 4842.38 4389.93 7330.72 5448.08 1940.82 9080.9 4941.21 7083.67 7539.85 
8102.56 1980.14 5724.97 9486.88 2873.49 49.5896 4053.26 1088.63 4870.99 5039.72 9262.63 6575.12 2189.26 8127.84 9441.39 
6200.46 8874.09 8416.48 785.641 219.387 3184.13 19.5892 5061.77 7574.06 7350.3 509.832 9514.88 6431.19 5451.04 6598.52 
3971.02 3553.58 8578.67 9695.99 3040.45 1452.14 9745.58 7093.7 2540.77 4616.55 2133.41 1803.39 1191.65 4322.67 9931.22 
633.028 523.111 8805.3 9049.51 1308.75 9024.69 2233.62 1328.34 4086.44 9807.68 8678.65 4596.27 9322.54 5109.82 47.2984 
5921.05 9080.85 3600.88 4499.7 8776.82 6641.32 5951.84 8522.38 3735.01 8492.61 3138.92 5868.42 295.983 4330.57 191.073 
227.189 4963.6 714.184 9032.49 4013.09 2022.94 8057.16 6246.71 3351.28 2143.59 6054.38 2029.91 6739.86 5376.91 7139.73 
6787.16 1297.94 6220.56 388.021 5797.64 4997.36 7029.35 1749.47 3519.73 764.338 242.061 6658.65 6632.76 538.044 989.2 
6823.83 765.233 5952.8 7538.01 9797.72 9965.89 9560.95 7854.87 6212.59 2912.21 9998.45 2266.95 4942.11 6738.29 7643.86 
2081.82 3525.44 8941.8 8302.38 3913.46 4739.43 3299.72 942.784 6488.89 6819.45 1707.12 6730.96 3478.07 8339.88 7269 
4467.27 5163.69 8034.23 420.058 2701.68 7831.94 385.932 2262.61 5686.79 6598.52 5174.82 5685.22 8865.47 116.915 2423.5 
6509.32 2198.74 5948.93 5451.1 501.097 9862.39 190.517 3800.82 805.156 6679.41 620.245 2512.28 3410.35 4098.32 852.137 
679.332 8565.59 6015.83 8713.56 8985.65 8717.51 6545.48 9371.58 980.104 2232.25 5970.09 6154.92 7917.47 4835.54 6271.84 
340.954 1344.85 8470.58 6289.89 6795.95 8971.67 6152.26 6986.47 2772.47 6957.41 3665.86 3392.72 9469.69 7076.21 7491.04 
321.812 7755.54 6056.61 6337.64 6469.09 5042.25 5055.13 3014.56 4413.81 6035.23 5246.81 383.883 2190.14 3164.27 5219.43 
8461.98 3505.22 6564.27 6932.54 9795.11 3360.21 5904.19 5947.35 346.655 8676.66 2904.74 4012.52 2069.36 2374.42 1088.71 
9560.4 2696.23 8844.25 5616.99 9033.87 5313.33 659.224 4088.98 8327.88 5073.04 124.195 3574.68 5456.92 2314.33 6738.94 
676.331 776.295 244.146 7240.6 7708.83 39.235 600.792 3613.01 5986.58 947.446 2289.65 8891.33 4959.96 4359.02 1265.73 
6048.67 3919.4 3961.96 4892.91 9536.39 2995.81 206.216 195.602 7084.79 8534.1 5268.64 7208.99 2108.76 725.542 9523.32 
8847.7 1401.87 299.601 9091.85 8642.48 8008.43 9131.08 9243.27 1621.42 5117.65 190.698 3911.08 4008.96 5150.66 8270.09 
5274.69 1199.31 2189.48 9236.65 6092.22 1725.85 2232.45 6298.44 1921.46 9317.24 4832.52 7190.09 6526.21 6941.28 7915.64 
6049.52 5788.96 9317.51 6349.12 4880.79 7959.97 4357.53 4011.86 7203.22 5978.95 9129.5 7393.92 9890.03 3138.44 2544.56 
8160.1 8413.13 3743.88 349.564 7649.77 9836.1 2075.42 9882.21 6134.52 3996.87 9199.43 967.021 1186.95 5725.63 7908.3 
9102.59 1775.13 3697.24 8420.08 8124.24 8578.03 6380.03 2481.76 2589.87 3583.24 8460.71 1719.36 977.139 8350.72 4857.8 
3521.7 6510.81 3270.92 7265.58 6860.38 920.668 7101.66 8935.79 802.863 3236.17 2932.65 2.27932 4203.19 4119.6 5727.91 
2111.47 3222.17 7503.03 5808.71 1642.23 5627.26 4386.73 8022.26 8109.02 6976.6 1605.48 6569.71 8695.96 2582.62 4920.42 
3553.75 6104.32 1431.21 6824.66 3369.89 8291.58 7745.33 471.534 7227.36 8548.2 3707.7 159.993 8550.47 7910.89 4279.59 
4278.36 22.3392 7501.76 1781.38 5831.05 9143.99 7408.64 217.761 7166.23 5517.64 7194.36 8771.71 2087.33 5890.3 1354.31 
7007.75 9444.05 7458.64 8438.96 6268.7 828.506 6730.52 4014.01 1300.04 3957.87 2562.19 5007.74 4117.86 1112.65 2918.61 
8397.45 5391.01 2940.95 5899.19 7172.39 8772 5043.16 4581.01 8989.76 2209.38 98.6301 6184.11 981.072 2185.96 2074.39 
2335.39 9193.7 1518.42 9794.02 7632.64 7787.12 622.512 4363.15 1801.11 1922.55 8321.01 4363.3 6930.29 2438.86 5475.95 
9848.9 836.292 866.942 2789.84 6735.48 8039.33 1561.82 1778.63 2620.33 551.565 3988.01 2718.96 6735.67 4969.08 4904.92 
8810.06 7304.47 4098.6 328.467 7098.47 1731.23 8115.58 7720.99 6094.38 9916.7 9643.54 4415.37 4279.98 6573.81 6854.23 
9755.93 6422.7 7690.52 622.852 9212.54 4425.99 8662.18 774.341 6204.62 1282.49 1325.91 192.615 4001.45 8061.58 5161.7 
8906.36 6871.62 2466.15 3004.95 7200.09 9564.62 4736.18 5315.66 7285.59 830.537 5232.33 6929.11 5245.91 9512.31 3502.91 
2100.12 9268.22 9925.61 9790.65 9891.07 9138.13 4216.62 8553.24 9912.47 421.229 9835.73 1238.36 613.843 3837.17 9299.94 
5775.54 2743.51 6171.54 8241.69 5748.46 3371.61 7806.29 484.625 8687.27 5091.86 1315.16 3919.59 2020.95 6561.07 3431.88 
5523.86 8661.2 2700.09 5449.45 8451.83 2591.15 4587.56 2668.43 1144.37 4500.01 3089.66 980.087 5738.37 3703.51 4817.25 
5038.29 9479.05 7560.77 1209.82 7720.72 3309.22 4581.43 5526.99 3793.84 3268.68 618.834 5109 7188.27 2639.79 1670.06 
620.133 8163.65 331.238 3320.22 3613.08 8783.07 5911.37 8200.65 1451.48 7055.74 2700.64 4541.15 8035.82 8439.02 8244.66 
2853.06 3477.29 7723.68 413.811 4687.11 5444.38 3723.03 9268.54 971.355 7516.87 2537.2 1590.19 2625.85 9725.47 4229.98 
4295.91 345.588 2393.61 4627.15 3665.81 6006.7 3410.2 9577.17 4207.33 4861.68 6632.89 6907.97 9402.83 4668.7 5346.97 
7647.47 7521.76 8824.26 5371.14 7935.57 3511.36 815.502 1658.58 2779.88 1786.86 9175.45 5317.08 3377.05 1801.28 5042.54 
7607.03 6097.19 5388.13 0.620295 724.325 9053.94 6007.32 4134.52 8631.09 214.627 8996.21 5263.97 7122.6 8399.02 9932.67 
2469.55 6046.47 7454.42 1293.8 1417.59 5389.97 4805.16 2233.09 7048.55 7585.04 4019.95 6223.98 2902.11 7396.99 8025.27 
7944.65 5004 4122.44 3332.76 5004.62 4846.77 2386.67 1011.92 8981.29 1017.75 1226.55 7977.48 6281.72 8349.15 6376.48 
6214.38 818.683 2422.94 3668.77 2112.48 3840.53 9058.75 6917.64 6073.62 6107.28 4502.66 93.5485 2331.25 7404.77 7490.54 
356.494 5349.4 2494.53 4478.94 8682.16 7499.15 9325.71 1068.82 8511.08 8306.98 2086.57 9737.62 6284.44 8368.29 8086.76 
2660.91 4582.65 8905.44 5083.85 8251.42 1017.91 8924.38 7310.15 7935.55 4997.98 3417.41 2438.2 5091.53 5748.66 9842.97 
2582.05 6105.15 5192.35 5076.58 584.073 3874.49 2575.72 9909.78 4943.31 1086.77 8216.74 7029.87 824.381 4501.17 5398.15 
8911.14 7162.08 9980.79 7816.56 2245.92 8232.2 8834.46 1170.28 5542.33 6770 6168.25 8959.74 9208.19 1259.76 4708.38 
9051.14 3841.81 813.519 4243.48 8918.39 1397.59 8117.97 1494.09 1307.35 3061.26 2580.87 9524.1 91.1178 3405.25 4025.25 
5489.26 2316.37 1187.32 5470.04 132.909 3433.23 3702.22 8967.37 4603.51 9244.55 5737.35 771.741 8204.28 4945.53 2031.5 
2912.65 3996.65 5873.32 3726.17 8240.13 4791.69 5123.76 6358.08 6285.79 6431.11 9419.34 8866.65 5955.19 9510.46 2271.88 
9980.44 4999.71 4588.25 1167.74 469.73 4721.16 4600.97 4171.95 3688.52 9204.47 3416.49 9425.87 9976.22 1620.75 4371.38 
2007.7 4533.39 8368.03 7881.02 8259.56 6608.14 2672.69 3383.3 2966.21 8958.48 9814.41 2385.53 7825.12 5769.58 1895.98 
96.9824 5750.01 6895.69 4685.23 6917.74 7365.42 9406.39 1518.7 1537.35 3094.89 723.153 4953.84 2520.74 699.352 6574.58 
6892.12 2707.05 1107.96 5260.13 588.054 9367.52 1868.25 3260.75 2750.8 4834.46 2219.21 2565.19 7219.99 44.3105 8334.77 
9115.97 141.293 4084.76 6011.64 4826.53 1002.49 3377.04 4232.9 2521.19 4914.39 7327.79 3244.34 9868.22 9848.53 3943.69 
6442.79 6740.63 6650.74 7550.75 2000.74 7238.8 6918.25 3868.99 499.528 9669.05 8703.45 2718.74 2234.22 5923.42 2763.05 
568.978 5039.37 2904.34 4653.74 1050.99 7730.87 5656.23 4428.03 1963.75 8177.42 9342.42 9291.54 1421.74 9210.62 9140.06 
5365.43 5653.4 5880.67 2016.15 3204.13 7881.41 9254.95 122.356 1750.38 9754.48 9791.4 453.811 2473.2 2025.61 6377.23 
5236.25 2594.58 1416.58 8140.59 7248.33 2467.57 5871.44 2904.54 6895.6 7835.2 1081.94 6238 7126.72 2503.68 5448.61 
