3100 2
0.775353 0.344132 
0.868327 0.51282 
0.255031 0.329004 
0.527391 0.945814 
0.0140877 0.342127 
0.32642 0.693495 
0.860638 0.38084 
0.956614 0.724823 
0.645354 0.170543 
0.548555 0.0877661 
0.495159 0.965818 
0.998858 0.349601 
0.385476 0.169129 
0.98716 0.427869 
0.37622 0.797636 
0.439219 0.31686 
0.893801 0.0297277 
0.672598 0.0530446 
0.516161 0.766607 
0.181921 0.11824 
0.278646 0.0136839 
0.541674 0.169509 
0.332737 0.0387088 
0.334859 0.602821 
0.0313907 0.864169 
0.689099 0.613592 
0.505805 0.353167 
0.44902 0.476715 
0.136285 0.308786 
0.0290268 0.988099 
0.902955 0.998236 
0.760291 0.811544 
0.776219 0.508127 
0.649836 0.496116 
0.28219 0.85184 
0.278654 0.922563 
0.982293 0.930595 
0.844648 0.212662 
0.736404 0.761664 
0.239843 0.948644 
0.384231 0.373879 
0.948731 0.500014 
0.845969 0.813906 
0.241786 0.12586 
0.72794 0.565298 
0.260669 0.219413 
0.857503 0.933184 
0.599475 0.417058 
0.479006 0.893071 
0.996636 0.754788 
0.812291 0.514282 
0.30511 0.446182 
0.489225 0.415731 
0.508059 0.328777 
0.113088 0.265593 
0.431608 0.625992 
0.898122 0.649381 
0.523344 0.682197 
0.652901 0.737188 
0.897503 0.26239 
0.605391 0.917911 
0.519368 0.827406 
0.616374 0.997056 
0.773351 0.99633 
0.294976 0.780361 
0.0591916 0.653832 
0.575569 0.141472 
0.720887 0.729987 
0.73122 0.319578 
0.686605 0.560294 
0.129194 0.0228706 
0.719623 0.719444 
0.731547 0.685506 
0.259263 0.658581 
0.567704 0.532897 
0.31138 0.342237 
0.808355 0.661272 
0.126943 0.37669 
0.537083 0.550955 
0.138462 0.747976 
0.84235 0.280795 
0.812447 0.801525 
0.705521 0.978411 
0.439919 0.194009 
0.0535147 0.680357 
0.889231 0.699047 
0.424341 0.589971 
0.113032 0.774273 
0.760652 0.801907 
0.995348 0.815514 
0.913661 0.0765059 
0.769439 0.813224 
0.860252 0.954851 
0.382186 0.694868 
0.433408 0.435891 
0.981704 0.207404 
0.207493 0.69904 
0.0778701 0.269358 
0.0272825 0.448734 
0.677556 0.416839 
0.240379 0.976576 
0.783134 0.324559 
0.918602 0.339598 
0.0527882 0.797425 
0.895266 0.715588 
0.344429 0.349823 
0.874818 0.89489 
0.271611 0.613837 
0.717208 0.711761 
0.372288 0.800496 
0.888424 0.243805 
0.973924 0.604806 
0.289165 0.73175 
0.378378 0.00165071 
0.582824 0.619546 
0.812074 0.424334 
0.406923 0.778485 
0.17147 0.424006 
0.886544 0.677874 
0.761194 0.491421 
0.557963 0.36797 
0.286036 0.347017 
0.763567 0.657635 
0.336912 0.785392 
0.579416 0.0120075 
0.95321 0.22009 
0.46662 0.162041 
0.272154 0.644954 
0.938313 0.727147 
0.209529 0.161924 
0.412769 0.270429 
0.282635 0.56826 
0.956995 0.651736 
0.971759 0.0921729 
0.781575 0.606938 
0.754338 0.811445 
0.866296 0.230013 
0.127899 0.308224 
0.755289 0.949124 
0.299654 0.373605 
0.707389 0.922847 
0.105182 0.546993 
0.0886406 0.405166 
0.419109 0.526382 
0.250867 0.359865 
0.218925 0.12051 
0.0641449 0.320297 
0.234524 0.665753 
0.833805 0.294361 
0.344933 0.271069 
0.264086 0.605463 
0.895084 0.456802 
0.610661 0.457543 
0.499657 0.378612 
0.957506 0.581233 
0.687115 0.519181 
0.839551 0.811227 
0.974254 0.176258 
0.123772 0.11899 
0.988814 0.555337 
0.808033 0.251718 
0.0905148 0.830018 
0.252883 0.344607 
0.688111 0.990246 
0.986033 0.730247 
0.148748 0.662459 
0.103083 0.469951 
0.32955 0.9463 
0.524005 0.517386 
0.0131169 0.231622 
0.249021 0.15486 
0.389002 0.494887 
0.899482 0.419572 
0.94474 0.626593 
0.612561 0.63615 
0.700539 0.914025 
0.647471 0.646176 
0.529144 0.446385 
0.559929 0.653882 
0.545966 0.620596 
0.532529 0.795991 
0.942418 0.357892 
0.0151404 0.0221044 
0.181146 0.887825 
0.26532 0.410572 
0.621333 0.0935789 
0.916995 0.22386 
0.2045 0.880667 
0.90441 0.0462169 
0.974879 0.478932 
0.464514 0.320359 
0.307954 0.602839 
0.240203 0.828603 
0.64932 0.707864 
0.258228 0.743192 
0.930965 0.307041 
0.999254 0.721313 
0.266856 0.0766337 
0.751259 0.156633 
0.751778 0.385494 
0.953244 0.345907 
0.834091 0.034458 
0.524334 0.208294 
0.233665 0.10459 
0.546514 0.733797 
0.839549 0.220399 
0.839856 0.19189 
0.734626 0.0883763 
0.744211 0.251733 
0.752262 0.880706 
0.416107 0.869235 
0.545283 0.542996 
0.651104 0.764929 
0.862217 0.763112 
0.875962 0.914573 
0.803223 0.436117 
0.758449 0.398792 
0.487719 0.77037 
0.445332 0.422636 
0.161127 0.0780337 
0.0593135 0.419077 
0.115724 0.448997 
0.254808 0.642233 
0.123217 0.60201 
0.374381 0.331031 
0.667967 0.168822 
0.516401 0.197196 
0.807243 0.310333 
0.624477 0.36929 
0.947713 0.475186 
0.719915 0.484579 
0.491332 0.387497 
0.862206 0.980404 
0.381311 0.373919 
0.152372 0.546916 
0.652318 0.819891 
0.288 0.678629 
0.505984 0.231375 
0.603253 0.884738 
0.512604 0.910236 
0.383264 0.447017 
0.237843 0.765645 
0.321372 0.475907 
0.672444 0.565461 
0.531061 0.0705502 
0.684349 0.0421497 
0.566077 0.709326 
0.248242 0.384775 
0.252345 0.400854 
0.72395 0.791106 
0.692593 0.0361486 
0.0622156 0.663377 
0.826855 0.977409 
0.56743 0.954358 
0.69914 0.921904 
0.862047 0.362309 
0.382457 0.647503 
0.809921 0.242377 
0.381918 0.0107393 
0.546913 0.94559 
0.0603861 0.89035 
0.886265 0.772878 
0.317918 0.211615 
0.736268 0.67103 
0.657058 0.83025 
0.782449 0.551293 
0.248283 0.451326 
0.697021 0.832969 
0.111814 0.424734 
0.99466 0.28928 
0.516188 0.467863 
0.259131 0.46047 
0.503944 0.776664 
0.129309 0.189541 
0.105868 0.621904 
0.368896 0.688929 
0.608424 0.690386 
0.803233 0.105482 
0.263012 0.366006 
0.96729 0.138034 
0.552159 0.907596 
0.0205149 0.917271 
0.701999 0.858965 
0.335295 0.285822 
0.526142 0.964671 
0.698671 0.377022 
0.724536 0.163804 
0.197094 0.152239 
0.597012 0.678712 
0.936468 0.230435 
0.00185765 0.429639 
0.0295263 0.394139 
0.622687 0.196275 
0.778396 0.369437 
0.765144 0.167813 
0.0966424 0.44578 
0.759003 0.51798 
0.0933449 0.958438 
0.223352 0.842135 
0.996849 0.985851 
0.796153 0.877854 
0.529566 0.567763 
0.939511 0.0495613 
0.0207284 0.27323 
0.0917165 0.844179 
0.0154194 0.0467822 
0.405145 0.0854807 
0.725593 0.908398 
0.569984 0.838004 
0.290216 0.860064 
0.304429 0.43953 
0.376857 0.698497 
0.676148 0.780578 
0.430458 0.0583661 
0.676942 0.7195 
0.583484 0.191732 
0.203005 0.270145 
0.307531 0.866865 
0.788646 0.789678 
0.181009 0.602698 
0.155862 0.598448 
0.759224 0.968502 
0.167453 0.0803013 
0.795032 0.514776 
0.434991 0.789637 
0.837424 0.205062 
0.802861 0.561596 
0.448011 0.220492 
0.00780122 0.813002 
0.814703 0.252659 
0.632233 0.465247 
0.620228 0.919841 
0.762236 0.594214 
0.108726 0.263976 
0.289679 0.0494397 
0.372184 0.577014 
0.00589053 0.171319 
0.926118 0.668435 
0.174964 0.448131 
0.0243141 0.372375 
0.0287183 0.252352 
0.677823 0.658424 
0.833236 0.501394 
0.986011 0.577053 
0.993695 0.39314 
0.446494 0.181042 
0.418799 0.405032 
0.804396 0.124678 
0.745508 0.584322 
0.801484 0.652245 
0.375037 0.578387 
0.112817 0.664992 
0.194213 0.57286 
0.538679 0.805357 
0.610276 0.605263 
0.996251 0.59778 
0.630911 0.731081 
0.667221 0.924824 
0.901809 0.0254031 
0.864581 0.582813 
0.100484 0.435923 
0.768716 0.580399 
0.312031 0.861624 
0.809332 0.639137 
0.466313 0.125298 
0.654422 0.599949 
0.478888 0.689353 
0.0084487 0.0613806 
0.018226 0.00765309 
0.969656 0.196141 
0.154059 0.589646 
0.0382352 0.503455 
0.402509 0.177475 
0.971357 0.926181 
0.310258 0.243979 
0.985785 0.0510666 
0.493065 0.512254 
0.293453 0.697895 
0.17888 0.704759 
0.615121 0.662434 
0.660133 0.370693 
0.800029 0.457836 
0.620008 0.429159 
0.548153 0.38903 
0.16771 0.99463 
0.207866 0.335004 
0.304358 0.499142 
0.807485 0.777516 
0.893338 0.405993 
0.0950622 0.32945 
0.701116 0.618155 
0.551207 0.470755 
0.3141 0.378476 
0.928421 0.0319577 
0.434705 0.960231 
0.922423 0.327882 
0.819995 0.651412 
0.167347 0.00298695 
0.424549 0.804385 
0.486207 0.284986 
0.3944 0.493101 
0.241753 0.274213 
0.167122 0.91209 
0.347005 0.777137 
0.615916 0.493332 
0.42686 0.332251 
0.179992 0.475241 
0.548853 0.450143 
0.813422 0.583069 
0.118391 0.475091 
0.726559 0.813832 
0.369403 0.499856 
0.16788 0.910137 
0.315416 0.80148 
0.329996 0.247231 
0.0616269 0.801466 
0.559694 0.811892 
0.269983 0.98948 
0.166182 0.692279 
0.582086 0.299781 
0.56376 0.185582 
0.261131 0.33782 
0.374192 0.445473 
0.263598 0.299045 
0.0568273 0.392157 
0.856566 0.436909 
0.13024 0.604252 
0.499643 0.390358 
0.550054 0.0304384 
0.101323 0.602363 
0.200523 0.489188 
0.785401 0.12218 
0.210381 0.516781 
0.840312 0.463566 
0.0587523 0.476648 
0.955322 0.958609 
0.511453 0.547646 
0.378876 0.996756 
0.351402 0.74603 
0.737067 0.804964 
0.745441 0.296809 
0.745261 0.870909 
0.519172 0.879644 
0.214576 0.952761 
0.498306 0.534505 
0.795167 0.825839 
0.698828 0.46057 
0.782245 0.531932 
0.0122386 0.587645 
0.864957 0.961496 
0.357646 0.649476 
0.236127 0.732866 
0.38482 0.694741 
0.770563 0.263481 
0.77837 0.110222 
0.409832 0.991685 
0.0582005 0.858211 
0.19624 0.80529 
0.146586 0.809676 
0.546086 0.395632 
0.305358 0.14644 
0.515125 0.192103 
0.157241 0.379633 
0.790839 0.300762 
0.623936 0.0143732 
0.680214 0.733681 
0.3264 0.663539 
0.817294 0.391625 
0.853949 0.179663 
0.427496 0.801073 
0.0824264 0.920211 
0.679382 0.478249 
0.326373 0.708737 
0.850235 0.70329 
0.991155 0.787781 
0.415472 0.810965 
0.899799 0.0261958 
0.784013 0.194342 
0.670698 0.217992 
0.542056 0.0556552 
0.545963 0.986807 
0.300046 0.874522 
0.310393 0.0417286 
0.158474 0.0250118 
0.136432 0.38337 
0.270769 0.570413 
0.731857 0.357308 
0.891594 0.885862 
0.411699 0.11466 
0.994737 0.612778 
0.969967 0.269628 
0.699848 0.91417 
0.721002 0.995159 
0.890639 0.382922 
0.69264 0.154796 
0.780888 0.379905 
0.508757 0.287014 
0.659767 0.975536 
0.14703 0.570841 
0.948596 0.799225 
0.570769 0.170037 
0.665203 0.488658 
0.0269698 0.605382 
0.272342 0.792342 
0.489633 0.116821 
0.657018 0.264813 
0.265442 0.463458 
0.400183 0.627486 
0.0932758 0.302332 
0.28637 0.227789 
0.910292 0.431935 
0.675016 0.484271 
0.53176 0.04764 
0.737175 0.684622 
0.708859 0.469144 
0.639498 0.52579 
0.942351 0.438105 
0.401063 0.708447 
0.948467 0.0792336 
0.176222 0.831901 
0.475263 0.300459 
0.0625059 0.487182 
0.934992 0.0734937 
0.744522 0.947692 
0.113825 0.485179 
0.233865 0.0932102 
0.66411 0.983077 
0.802709 0.0244123 
0.773045 0.201342 
0.287682 0.812535 
0.168041 0.942083 
0.316793 0.554318 
0.0388478 0.137904 
0.896893 0.681249 
0.464074 0.0257719 
0.719964 0.990839 
0.54043 0.2362 
0.181512 0.912299 
0.327026 0.794441 
0.989583 0.980529 
0.312439 0.0787517 
0.858893 0.0170541 
0.646842 0.0597674 
0.627693 0.722259 
0.265917 0.0267343 
0.877389 0.740714 
0.22305 0.748813 
0.37863 0.695738 
0.925633 0.696505 
0.621746 0.912376 
0.3856 0.319261 
0.267278 0.948508 
0.144521 0.851154 
0.553052 0.470498 
0.197613 0.905803 
0.477022 0.625177 
0.401334 0.649233 
0.00412802 0.234335 
0.026142 0.217179 
0.6583 0.259288 
0.853749 0.300277 
0.0628118 0.0464237 
0.449829 0.041747 
0.539083 0.446576 
0.789253 0.216981 
0.409799 0.956395 
0.106851 0.995981 
0.381729 0.655093 
0.250278 0.903789 
0.437975 0.972108 
0.358191 0.278574 
0.855925 0.916818 
0.419211 0.664976 
0.172806 0.201941 
0.842029 0.70951 
0.421396 0.13973 
0.516232 0.999402 
0.696322 0.144447 
0.636995 0.726985 
0.409021 0.197324 
0.78929 0.956168 
0.731841 0.0861086 
0.0479682 0.419212 
0.184753 0.649693 
0.542429 0.981212 
0.335013 0.550686 
0.648671 0.36241 
0.108147 0.465433 
0.366508 0.239172 
0.785146 0.736051 
0.100604 0.295985 
0.997156 0.275484 
0.419026 0.491429 
0.391536 0.316914 
0.644732 0.385988 
0.935598 0.290806 
0.513301 0.365257 
0.521806 0.49908 
0.994289 0.496348 
0.732126 0.559407 
0.980117 0.574395 
0.226216 0.171939 
0.671483 0.408728 
0.888532 0.685108 
0.564228 0.412448 
0.797902 0.139697 
0.665797 0.423587 
0.770919 0.978093 
0.417433 0.193862 
0.326094 0.992564 
0.794773 0.0849714 
0.75367 0.127174 
0.781782 0.439792 
0.471983 0.206233 
0.996703 0.466696 
0.543737 0.94144 
0.504941 0.223676 
0.930601 0.633676 
0.656243 0.846796 
0.150644 0.43571 
0.209059 0.864829 
0.286011 0.778821 
0.33839 0.456672 
0.292047 0.916487 
0.205092 0.647099 
0.944559 0.238248 
0.867413 0.892115 
0.171666 0.77649 
0.877567 0.656372 
0.94029 0.096431 
0.452156 0.478088 
0.347758 0.393905 
0.828367 0.442912 
0.241016 0.628966 
0.880309 0.099563 
0.660073 0.306819 
0.128377 0.606247 
0.771135 0.396308 
0.353979 0.745286 
0.296768 0.275345 
0.950021 0.358818 
0.456999 0.0882906 
0.368386 0.277317 
0.805346 0.343594 
0.0143529 0.196124 
0.467282 0.543248 
0.9474 0.776804 
0.0498499 0.0650978 
0.114583 0.676251 
0.440489 0.876307 
0.23983 0.486153 
0.832852 0.313811 
0.143952 0.343884 
0.826373 0.795353 
0.153421 0.466412 
0.906344 0.475062 
0.638889 0.247893 
0.609803 0.378621 
0.928638 0.547606 
0.32532 0.137031 
0.783568 0.915454 
0.971186 0.853254 
0.434407 0.813722 
0.205341 0.550155 
0.327475 0.231715 
0.12741 0.0314609 
0.809312 0.882585 
0.377125 0.207119 
0.338182 0.93875 
0.335815 0.928114 
0.38953 0.239714 
0.724072 0.586682 
0.254005 0.874241 
0.384417 0.987813 
0.311462 0.606958 
0.740227 0.515612 
0.659148 0.178077 
0.425367 0.0612935 
0.888159 0.051302 
0.163308 0.148179 
0.177081 0.666301 
0.303559 0.133811 
0.222406 0.605696 
0.0399545 0.334814 
0.429509 0.937086 
0.230522 0.872518 
0.701471 0.185553 
0.328511 0.44567 
0.471081 0.910878 
0.0769431 0.732641 
0.609612 0.898976 
0.0225166 0.949221 
0.883316 0.240511 
0.240832 0.870824 
0.709403 0.678612 
0.766907 0.659065 
0.858426 0.599596 
0.656229 0.667281 
0.427875 0.619073 
0.631555 0.907776 
0.239115 0.938734 
0.138423 0.0730009 
0.754972 0.738635 
0.807904 0.296125 
0.773535 0.345001 
0.76228 0.0975141 
0.239193 0.581737 
0.643119 0.0655421 
0.86362 0.89748 
0.820068 0.657954 
0.331359 0.99458 
0.321062 0.906585 
0.669085 0.50888 
0.322916 0.757047 
0.045907 0.719267 
0.916047 0.619704 
0.12816 0.0723464 
0.427368 0.832054 
0.526723 0.842284 
0.551002 0.124379 
0.879412 0.0450813 
0.761424 0.968878 
0.229259 0.170154 
0.376346 0.357436 
0.0110818 0.264027 
0.568392 0.690341 
0.924637 0.423626 
0.139219 0.749106 
0.848847 0.8394 
0.753349 0.624141 
0.298154 0.43504 
0.0676992 0.484117 
0.661618 0.54807 
0.478072 0.402065 
0.727449 0.538894 
0.946447 0.846062 
0.139579 0.107475 
0.0102279 0.945608 
0.142687 0.806685 
0.840095 0.529645 
0.325282 0.302033 
0.436427 0.0392588 
0.538569 0.374152 
0.25271 0.518007 
0.933223 0.103162 
0.274092 0.801711 
0.339639 0.000793864 
0.210844 0.0949516 
0.95275 0.519522 
0.356849 0.512129 
0.980116 0.271938 
0.76611 0.284368 
0.522707 0.389613 
0.168477 0.350195 
0.550408 0.733694 
0.0195843 0.598619 
0.595783 0.533226 
0.0461316 0.709904 
0.752018 0.263589 
0.941127 0.360179 
0.533934 0.926787 
0.819618 0.360783 
0.533872 0.42692 
0.887407 0.164341 
0.16022 0.229558 
0.0342994 0.74124 
0.421993 0.241759 
0.0357081 0.737128 
0.557492 0.895136 
0.785618 0.936226 
0.665401 0.912952 
0.627296 0.395545 
0.189493 0.473591 
0.893782 0.642069 
0.490859 0.278912 
0.0760581 0.540865 
0.373559 0.67771 
0.00536204 0.0197992 
0.180852 0.58542 
0.114616 0.742681 
0.341449 0.985462 
0.20278 0.864323 
0.597429 0.0811579 
0.831309 0.821703 
0.00913612 0.270654 
0.949947 0.273822 
0.997138 0.390566 
0.19606 0.705003 
0.879844 0.690926 
0.701328 0.859883 
0.138652 0.647379 
0.056403 0.0110979 
0.685369 0.46887 
0.129114 0.93011 
0.883032 0.619702 
0.237579 0.144086 
0.598527 0.51083 
0.878395 0.71171 
0.672062 0.884898 
0.869217 0.518163 
0.697054 0.572944 
0.43672 0.523216 
0.351218 0.863631 
0.0369219 0.663916 
0.537238 0.710781 
0.278168 0.156793 
0.0784439 0.41466 
0.635903 0.0622059 
0.378923 0.814625 
0.204445 0.291395 
0.612256 0.0346043 
0.216383 0.339155 
0.0991533 0.804289 
0.0634984 0.178957 
0.459292 0.750668 
0.890457 0.133153 
0.646111 0.739931 
0.575581 0.303038 
0.27382 0.316241 
0.791624 0.854801 
0.0520422 0.944894 
0.599159 0.542634 
0.396353 0.748663 
0.380452 0.933312 
0.161589 0.498949 
0.778277 0.57295 
0.00272569 0.994196 
0.662427 0.0292997 
0.679536 0.29877 
0.149619 0.763165 
0.390253 0.687612 
0.641281 0.032152 
0.971276 0.191251 
0.539102 0.118682 
0.974328 0.545109 
0.946388 0.944033 
0.583533 0.805022 
0.537143 0.139237 
0.549692 0.166433 
0.993191 0.58304 
0.2523 0.607228 
0.00618088 0.58507 
0.453401 0.0367275 
0.585775 0.230345 
0.999561 0.971457 
0.82917 0.459874 
0.648697 0.939024 
0.154649 0.247402 
0.14447 0.135129 
0.500943 0.267015 
0.0902136 0.405308 
0.575771 0.594109 
0.947676 0.685252 
0.156857 0.547112 
0.561432 0.932662 
0.608697 0.372368 
0.846291 0.952383 
0.647057 0.151092 
0.215344 0.310621 
0.904672 0.637367 
0.789377 0.44707 
0.472556 0.768926 
0.313909 0.796204 
0.88343 0.772159 
0.813878 0.514525 
0.374904 0.622911 
0.62765 0.25642 
0.532126 0.490491 
0.567208 0.511798 
0.820771 0.527808 
0.382348 0.913856 
0.593845 0.705684 
0.936716 0.866206 
0.297805 0.440671 
0.149672 0.542172 
0.541733 0.2581 
0.239113 0.826561 
0.625342 0.706805 
0.990483 0.986789 
0.310491 0.480499 
0.272669 0.560452 
0.18377 0.589551 
0.903022 0.167479 
0.180581 0.232132 
0.354662 0.0294142 
0.737371 0.693535 
0.594853 0.362006 
0.886937 0.995632 
0.749517 0.861678 
0.697727 0.526369 
0.799885 0.673175 
0.419337 0.607546 
0.288066 0.259645 
0.574105 0.34203 
0.224377 0.685588 
0.865514 0.611767 
0.935716 0.0410209 
0.594814 0.648106 
0.355823 0.52755 
0.883899 0.0632913 
0.87521 0.205432 
0.14422 0.189778 
0.203828 0.862859 
0.798489 0.746072 
0.20237 0.412804 
0.864841 0.408736 
0.775398 0.943268 
0.0161336 0.502189 
0.802784 0.533681 
0.0992277 0.36234 
0.380308 0.691054 
0.275238 0.363611 
0.867982 0.8515 
0.71473 0.993409 
0.726318 0.0183085 
0.494102 0.641481 
0.402601 0.88833 
0.487378 0.819437 
0.980799 0.991791 
0.114682 0.666418 
0.34036 0.952346 
0.250013 0.312268 
0.0136769 0.183658 
0.782424 0.695841 
0.972728 0.809796 
0.221987 0.966519 
0.444502 0.532972 
0.363499 0.342088 
0.44235 0.730249 
0.418914 0.228665 
0.327916 0.516742 
0.361824 0.651105 
0.457777 0.0519731 
0.0986279 0.450363 
0.422401 0.26881 
0.507441 0.76232 
0.379614 0.91222 
0.266184 0.858278 
0.683144 0.612247 
0.791318 0.534132 
0.694013 0.313825 
0.503479 0.314842 
0.0509383 0.17183 
0.492155 0.95182 
0.16179 0.496295 
0.615304 0.82376 
0.662763 0.0661283 
0.575565 0.206272 
0.115286 0.553963 
0.165224 0.278378 
0.359007 0.465136 
0.0720088 0.0854359 
0.084675 0.46956 
0.717867 0.166192 
0.313166 0.510185 
0.466865 0.637457 
0.23727 0.396493 
0.0879618 0.293359 
0.283008 0.0045492 
0.623575 0.603134 
0.516924 0.906534 
0.0943784 0.080238 
0.895581 0.84375 
0.659906 0.589929 
0.104484 0.441488 
0.115051 0.598413 
0.876656 0.840541 
0.348889 0.314436 
0.934564 0.281001 
0.872237 0.714483 
0.608373 0.480231 
0.821099 0.809877 
0.164487 0.709599 
0.0123694 0.23996 
0.286139 0.223242 
0.509276 0.0476046 
0.495842 0.0916159 
0.963579 0.445163 
0.231332 0.854008 
0.364443 0.388726 
0.184619 0.27252 
0.270438 0.140381 
0.253291 0.541439 
0.143423 0.50648 
0.940539 0.423318 
0.778735 0.256764 
0.0531768 0.7689 
0.333032 0.714048 
0.546251 0.0565014 
0.678247 0.0246854 
0.45193 0.987557 
0.418374 0.690194 
0.239437 0.666388 
0.590901 0.514405 
0.0704236 0.413781 
0.938492 0.774661 
0.281448 0.644485 
0.983608 0.0181487 
0.439731 0.479109 
0.439243 0.938972 
0.452644 0.868544 
0.834578 0.616305 
0.96429 0.863851 
0.373262 0.660627 
0.583491 0.0156087 
0.629182 0.159335 
0.588879 0.543161 
0.250884 0.708615 
0.979179 0.563914 
0.997143 0.188125 
0.29652 0.380868 
0.151708 0.730712 
0.403573 0.0333355 
0.214203 0.456281 
0.518246 0.693048 
0.79493 0.270638 
0.187835 0.769523 
0.634955 0.484942 
0.216781 0.420781 
0.0484526 0.389709 
0.605859 0.252574 
0.0769107 0.942741 
0.763434 0.84876 
0.846601 0.554947 
0.155024 0.0576869 
0.275952 0.7918 
0.236522 0.947351 
0.625637 0.78612 
0.218423 0.074473 
0.245232 0.252221 
0.684933 0.259171 
0.627103 0.510153 
0.920004 0.507836 
0.798061 0.153801 
0.728641 0.919134 
0.415798 0.315472 
0.295107 0.840092 
0.592596 0.277437 
0.554495 0.550369 
0.640453 0.449887 
0.0340462 0.641555 
0.139544 0.36632 
0.645854 0.251675 
0.765643 0.411933 
0.0162663 0.653993 
0.899368 0.69988 
0.848374 0.0124893 
0.719575 0.523094 
0.0687024 0.0700422 
0.0204776 0.593063 
0.746311 0.261316 
0.657548 0.874534 
0.524978 0.0425994 
0.149418 0.626677 
0.694777 0.0704065 
0.071048 0.566015 
0.881974 0.819406 
0.69008 0.0896019 
0.187183 0.344511 
0.957734 0.461166 
0.427556 0.353266 
0.0951705 0.484783 
0.292343 0.107622 
0.22207 0.42307 
0.627589 0.0814778 
0.932625 0.100493 
0.572711 0.43648 
0.034395 0.532125 
0.0877887 0.185947 
0.638268 0.116114 
0.291771 0.603713 
0.649091 0.114652 
0.398359 0.992336 
0.24032 0.230179 
0.0454878 0.0549641 
0.703495 0.74082 
0.0481201 0.460923 
0.427408 0.0116891 
0.973656 0.835962 
0.464152 0.54674 
0.0373189 0.307558 
0.550262 0.271745 
0.0593096 0.501567 
0.324202 0.281492 
0.0790814 0.176075 
0.907733 0.229647 
0.0437994 0.465555 
0.417553 0.545509 
0.451743 0.672023 
0.16848 0.131848 
0.00339766 0.182078 
0.56038 0.831093 
0.260851 0.037492 
0.531608 0.155724 
0.953297 0.944164 
0.0812219 0.370217 
0.341396 0.949328 
0.869071 0.222761 
0.0803684 0.494064 
0.436932 0.616928 
0.00108217 0.798556 
0.301579 0.283723 
0.872589 0.16281 
0.453878 0.659642 
0.679767 0.793492 
0.85882 0.643072 
0.477999 0.675537 
0.799772 0.927215 
0.740404 0.554747 
0.805993 0.198859 
0.23582 0.592568 
0.591523 0.918371 
0.430384 0.0206822 
0.400592 0.042316 
0.481379 0.40959 
0.702385 0.646457 
0.904388 0.615793 
0.593207 0.821634 
0.0600313 0.902015 
0.80571 0.843114 
0.96565 0.360128 
0.725559 0.123233 
0.79498 0.502989 
0.237172 0.148215 
0.601929 0.98656 
0.256974 0.175634 
0.545939 0.387416 
0.3728 0.141545 
0.963285 0.562027 
0.23521 0.431778 
0.230139 0.919911 
0.00567592 0.668166 
0.585813 0.145907 
0.490234 0.336314 
0.472312 0.0613198 
0.868607 0.386382 
0.514263 0.303557 
0.971086 0.559885 
0.129942 0.890943 
0.185815 0.408984 
0.495022 0.920082 
0.0781921 0.296497 
0.590962 0.766808 
0.447606 0.378296 
0.418312 0.203694 
0.719259 0.946365 
0.304625 0.246444 
0.121001 0.548552 
0.500732 0.437362 
0.198988 0.0090563 
0.629419 0.646577 
0.681899 0.0112941 
0.0776036 0.967121 
0.234692 0.750271 
0.224311 0.0362123 
0.51829 0.339097 
0.85214 0.119457 
0.135017 0.159858 
0.0573558 0.246868 
0.233028 0.161004 
0.796821 0.599017 
0.19212 0.303752 
0.58581 0.877266 
0.622107 0.721089 
0.881786 0.0465257 
0.358637 0.938506 
0.650965 0.713002 
0.0788067 0.487856 
0.45064 0.657202 
0.967582 0.820251 
0.865016 0.58525 
0.1338 0.593906 
0.933203 0.104065 
0.44015 0.255578 
0.19373 0.1326 
0.416774 0.327878 
0.126791 0.535962 
0.29453 0.472174 
0.594931 0.234981 
0.050027 0.10472 
0.339514 0.582934 
0.189052 0.848015 
0.0169936 0.712132 
0.286622 0.503832 
0.474169 0.0064854 
0.682371 0.929966 
0.693317 0.824486 
0.916123 0.984732 
0.832544 0.622025 
0.101932 0.638487 
0.8031 0.314411 
0.709969 0.331971 
0.0487416 0.440633 
0.644765 0.26187 
0.911271 0.286818 
0.238247 0.737416 
0.318507 0.673184 
0.507335 0.675802 
0.910537 0.638778 
0.245599 0.538289 
0.800194 0.592467 
0.0873201 0.401045 
0.135938 0.127445 
0.482259 0.557269 
0.106715 0.391289 
0.205281 0.369374 
0.722192 0.642772 
0.0848581 0.71216 
0.774889 0.371952 
0.767284 0.779873 
0.347953 0.273251 
0.448103 0.421775 
0.803952 0.804353 
0.875519 0.652192 
0.63422 0.812615 
0.291346 0.509389 
0.496061 0.735533 
0.53522 0.189848 
0.97263 0.878165 
0.752172 0.807401 
0.408437 0.966352 
0.288442 0.901026 
0.806954 0.550659 
0.603899 0.0854941 
0.910198 0.847312 
0.875256 0.409451 
0.310917 0.668188 
0.699586 0.446538 
0.90076 0.137625 
0.731599 0.587349 
0.65916 0.286243 
0.782625 0.928084 
0.333411 0.48064 
0.568787 0.433116 
0.292588 0.718334 
0.530468 0.220211 
0.234348 0.999258 
0.497381 0.576446 
0.410224 0.619987 
0.72681 0.0443669 
0.491804 0.566143 
0.399035 0.316172 
0.296542 0.851374 
0.143099 0.7594 
0.244578 0.533855 
0.823787 0.932935 
0.452035 0.756965 
0.136152 0.715977 
0.195144 0.943422 
0.917908 0.827079 
0.115596 0.253002 
0.114177 0.251424 
0.571627 0.492048 
0.0535225 0.628034 
0.373929 0.695259 
0.562497 0.571539 
0.656142 0.664724 
0.619658 0.289723 
0.828207 0.219337 
0.572574 0.185896 
0.425619 0.297583 
0.020491 0.039178 
0.967713 0.309644 
0.950638 0.981818 
0.118781 0.842135 
0.758182 0.972837 
0.38037 0.739833 
0.63198 0.159963 
0.766315 0.776452 
0.450771 0.984958 
0.159455 0.302884 
0.573177 0.0558108 
0.225314 0.214337 
0.187997 0.823571 
0.224367 0.489496 
0.386517 0.689704 
0.511236 0.785779 
0.12998 0.633369 
0.860475 0.131243 
0.855374 0.521922 
0.485792 0.53498 
0.0235354 0.341262 
0.415226 0.300986 
0.689726 0.833296 
0.245557 0.696307 
0.907999 0.987486 
0.636251 0.590377 
0.944539 0.182423 
0.682722 0.837709 
0.770878 0.143271 
0.859837 0.47189 
0.767332 0.189118 
0.795635 0.704925 
0.196432 0.95907 
0.323131 0.832303 
0.315626 0.516179 
0.502327 0.0611626 
0.68846 0.334325 
0.897153 0.215643 
0.665603 0.810111 
0.463845 0.626547 
0.548327 0.709759 
0.462353 0.140992 
0.841007 0.580564 
0.745985 0.0805961 
0.0459873 0.580687 
0.113295 0.310092 
0.220111 0.47283 
0.372045 0.977662 
0.226261 0.991844 
0.751941 0.214319 
0.334479 0.945099 
0.663922 0.587529 
0.545953 0.846701 
0.0433289 0.804907 
0.37111 0.949373 
0.550138 0.429838 
0.330174 0.858202 
0.779787 0.085532 
0.943956 0.574754 
0.804941 0.248035 
0.61855 0.538099 
0.134619 0.406457 
0.930232 0.191805 
0.120253 0.673131 
0.2529 0.453552 
0.472572 0.148985 
0.746615 0.848035 
0.0182975 0.174354 
0.824545 0.797436 
0.60876 0.807781 
0.166898 0.137697 
0.959965 0.927983 
0.292152 0.907409 
0.596596 0.351477 
0.786569 0.963691 
0.455809 0.301539 
0.251475 0.937685 
0.118587 0.645121 
0.700316 0.434276 
0.0440186 0.116152 
0.306724 0.154979 
0.0503034 0.422196 
0.502214 0.894866 
0.711341 0.0670065 
0.1293 0.114684 
0.415324 0.468458 
0.72657 0.687914 
0.507955 0.484799 
0.506557 0.116522 
0.975309 0.626858 
0.807023 0.0445161 
0.536644 0.30478 
0.432045 0.135492 
0.734332 0.896665 
0.677693 0.416999 
0.733112 0.748754 
0.577451 0.507881 
0.790768 0.154154 
0.348467 0.986914 
0.807047 0.593072 
0.150466 0.181987 
0.515168 0.25437 
0.530203 0.927219 
0.105903 0.174464 
0.865613 0.513199 
0.685971 0.998006 
0.868546 0.103669 
0.612818 0.467613 
0.366213 0.47054 
0.497602 0.21644 
0.196532 0.182207 
0.113824 0.115381 
0.785236 0.858202 
0.194727 0.446816 
0.210149 0.33646 
0.79348 0.671377 
0.696329 0.313368 
0.651862 0.254853 
0.000487652 0.78109 
0.439 0.248198 
0.253108 0.525492 
0.0374304 0.638503 
0.124629 0.000360757 
0.940579 0.543436 
0.971443 0.584321 
0.291703 0.249147 
0.951753 0.401897 
0.0971034 0.304511 
0.990932 0.206968 
0.628334 0.896264 
0.119412 0.258672 
0.726772 0.22302 
0.502897 0.748941 
0.866532 0.650965 
0.632202 0.214172 
0.443477 0.71442 
0.840833 0.838057 
0.542539 0.769955 
0.4782 0.127227 
0.0323855 0.904637 
0.243672 0.185654 
0.760794 0.234578 
0.82576 0.43355 
0.213364 0.414941 
0.341259 0.817561 
0.43388 0.652856 
0.743131 0.566863 
0.442911 0.883315 
0.750445 0.515487 
0.200347 0.306033 
0.505289 0.64506 
0.929362 0.206434 
0.491445 0.463729 
0.0130451 0.185678 
0.382362 0.961982 
0.136064 0.0423711 
0.953809 0.0693295 
0.132807 0.460334 
0.214298 0.59086 
0.438459 0.102529 
0.536497 0.975817 
0.264078 0.867683 
0.528062 0.766793 
0.790241 0.12678 
0.230012 0.486905 
0.443623 0.847936 
0.669352 0.445636 
0.38473 0.614917 
0.0956241 0.470527 
0.129002 0.890332 
0.763412 0.331436 
0.300635 0.653142 
0.338985 0.231346 
0.768103 0.487883 
0.469184 0.95146 
0.550609 0.268982 
0.541899 0.509654 
0.307339 0.462225 
0.521181 0.164767 
0.905474 0.741056 
0.618304 0.496784 
0.660035 0.908229 
0.667418 0.0098746 
0.128053 0.196559 
0.147109 0.0323786 
0.0224802 0.354648 
0.326675 0.620487 
0.22686 0.959321 
0.575642 0.319771 
0.507274 0.698684 
0.0616681 0.288621 
0.710395 0.0899979 
0.57319 0.809218 
0.659529 0.443881 
0.445299 0.955239 
0.855541 0.201373 
0.200893 0.287756 
0.874109 0.917706 
0.965384 0.619408 
0.356 0.219997 
0.0169716 0.642841 
0.0769585 0.0306844 
0.819084 0.632803 
0.589401 0.899745 
0.361059 0.576379 
0.336778 0.098489 
0.0614916 0.655514 
0.213091 0.280556 
0.105376 0.980168 
0.986205 0.188557 
0.46472 0.0949029 
0.481969 0.415569 
0.307327 0.743408 
0.454755 0.916975 
0.51511 0.311524 
0.563385 0.151698 
0.798948 0.923559 
0.752053 0.616977 
0.810208 0.895402 
0.511143 0.10462 
0.376421 0.266366 
0.3382 0.974402 
0.344533 0.37705 
0.948292 0.970931 
0.714241 0.715033 
0.0889107 0.545834 
0.829678 0.566102 
0.919755 0.804649 
0.415712 0.0617203 
0.781264 0.962024 
0.226178 0.924094 
0.0281807 0.915904 
0.15215 0.540959 
0.399559 0.516129 
0.511424 0.84574 
0.98012 0.130566 
0.976823 0.00424531 
0.91257 0.444687 
0.92947 0.64869 
0.454576 0.0331483 
0.87679 0.840458 
0.0394737 0.069441 
0.563877 0.735011 
0.258976 0.377881 
0.991753 0.0143106 
0.694028 0.570027 
0.165249 0.269608 
0.675321 0.0818203 
0.801659 0.753291 
0.326617 0.712825 
0.253171 0.45599 
0.886143 0.246112 
0.842798 0.322373 
0.706163 0.177144 
0.611478 0.176588 
0.326289 0.147345 
0.334589 0.874467 
0.495612 0.694602 
0.831885 0.972065 
0.372817 0.132425 
0.275771 0.844602 
0.105816 0.833069 
0.863051 0.669916 
0.493521 0.457536 
0.225099 0.167351 
0.720704 0.338351 
0.604635 0.383859 
0.959103 0.715042 
0.781945 0.981354 
0.736492 0.609734 
0.305888 0.54631 
0.139173 0.0513404 
0.775778 0.820089 
0.900514 0.714102 
0.432694 0.836179 
0.778772 0.535861 
0.387186 0.831962 
0.59747 0.535499 
0.367046 0.246953 
0.311667 0.930365 
0.899738 0.587539 
0.963158 0.691992 
0.667116 0.48077 
0.919938 0.99494 
0.34199 0.975545 
0.737594 0.851394 
0.343146 0.916218 
0.808568 0.323138 
0.11583 0.706329 
0.237978 0.626384 
0.852105 0.531587 
0.78958 0.661152 
0.282819 0.26928 
0.789839 0.966873 
0.148826 0.113812 
0.946271 0.532067 
0.588141 0.107115 
0.10411 0.68653 
0.251681 0.134089 
0.249984 0.575041 
0.629427 0.686498 
0.593188 0.620753 
0.605642 0.74583 
0.479804 0.660807 
0.0132093 0.731134 
0.0495116 0.751304 
0.467058 0.0911785 
0.307365 0.690773 
0.832678 0.360853 
0.25569 0.367446 
0.64038 0.816643 
0.172432 0.187498 
0.0152519 0.412027 
0.928474 0.26579 
0.17471 0.731055 
0.535337 0.800683 
0.572453 0.0417109 
0.526037 0.537421 
0.155688 0.0454157 
0.611597 0.432175 
0.462177 0.387528 
0.0653689 0.0709206 
0.508654 0.500964 
0.486957 0.440437 
0.0905781 0.733867 
0.155942 0.691559 
0.0402478 0.898998 
0.0713551 0.395183 
0.217007 0.50823 
0.621953 0.77961 
0.354564 0.409901 
0.0541131 0.904652 
0.754809 0.416313 
0.217144 0.68397 
0.951635 0.320422 
0.412321 0.0464658 
0.405051 0.377875 
0.908331 0.722113 
0.399339 0.765401 
0.670858 0.247322 
0.168018 0.441141 
0.855103 0.897314 
0.837625 0.0140715 
0.535317 0.389694 
0.635697 0.0295624 
0.694967 0.34389 
0.430491 0.93728 
0.743581 0.525365 
0.559097 0.0749396 
0.11923 0.285782 
0.190795 0.247664 
0.660597 0.0839906 
0.605926 0.764776 
0.70992 0.392516 
0.608382 0.267557 
0.487618 0.376743 
0.0229065 0.222105 
0.883228 0.0975781 
0.810576 0.253172 
0.0785892 0.813478 
0.226287 0.757721 
0.726451 0.991494 
0.00455456 0.131922 
0.77375 0.124484 
0.149259 0.248645 
0.252871 0.661869 
0.606075 0.115685 
0.253875 0.847341 
0.298611 0.0919404 
0.494297 0.538206 
0.113161 0.0769287 
0.487061 0.572048 
0.290856 0.504807 
0.0593138 0.976479 
0.577619 0.0767868 
0.18832 0.00509688 
0.263566 0.649665 
0.355121 0.777996 
0.888265 0.464159 
0.202322 0.796392 
0.407016 0.385869 
0.791881 0.372876 
0.526728 0.0598489 
0.211791 0.675317 
0.377902 0.3365 
0.629262 0.0480033 
0.916303 0.328561 
0.00414562 0.832901 
0.0911893 0.705337 
0.608837 0.454623 
0.571302 0.225529 
0.421318 0.808998 
0.916135 0.603732 
0.412003 0.76805 
0.102701 0.698444 
0.92128 0.290377 
0.959546 0.039917 
0.900368 0.230098 
0.890454 0.316452 
0.693291 0.39155 
0.166208 0.0353243 
0.0481954 0.433683 
0.282834 0.249186 
0.0971689 0.838494 
0.0421194 0.41058 
0.34461 0.305456 
0.830948 0.321271 
0.435094 0.66218 
0.210345 0.971263 
0.889042 0.605201 
0.570839 0.490297 
0.736328 0.322678 
0.124799 0.801625 
0.981508 0.865168 
0.925859 0.289141 
0.0344836 0.167667 
0.137555 0.675021 
0.104909 0.385353 
0.667645 0.317172 
0.0221796 0.905731 
0.0278461 0.201786 
0.0330249 0.345272 
0.657008 0.994364 
0.775924 0.498979 
0.903474 0.777431 
0.626365 0.145464 
0.993644 0.57443 
0.871731 0.912636 
0.42982 0.380423 
0.448429 0.542927 
0.978074 0.950982 
0.615251 0.787712 
0.946588 0.913965 
0.96446 0.221303 
0.670496 0.760748 
0.147605 0.478795 
0.32708 0.696234 
0.727285 0.945 
0.802327 0.447471 
0.62908 0.326234 
0.641367 0.730224 
0.655745 0.19385 
0.403178 0.936233 
0.430125 0.600272 
0.925289 0.259972 
0.728839 0.841917 
0.717651 0.981903 
0.3993 0.39354 
0.642291 0.627766 
0.445676 0.481322 
0.201708 0.389921 
0.0440652 0.565517 
0.952197 0.500085 
0.317199 0.55671 
0.0888362 0.861318 
0.616603 0.0516173 
0.323487 0.804958 
0.110893 0.139242 
0.470731 0.710338 
0.783542 0.485164 
0.587035 0.779277 
0.157791 0.478121 
0.771285 0.146194 
0.358744 0.182383 
0.677154 0.728765 
0.818191 0.223157 
0.301819 0.277003 
0.889553 0.214806 
0.885507 0.187904 
0.0757103 0.323279 
0.419738 0.834001 
0.0890117 0.906823 
0.736512 0.0212518 
0.627535 0.0739859 
0.995146 0.855868 
0.611057 0.781094 
0.296904 0.327279 
0.316634 0.447005 
0.236637 0.543921 
0.555636 0.898298 
0.721899 0.370494 
0.589485 0.904852 
0.261253 0.803822 
0.116004 0.265786 
0.0304527 0.779846 
0.400062 0.919063 
0.872809 0.32663 
0.21251 0.727629 
0.48427 0.0519501 
0.483106 0.405725 
0.108667 0.680426 
0.551496 0.999443 
0.415516 0.186576 
0.572467 0.829573 
0.0200662 0.59727 
0.460708 0.570934 
0.883 0.944677 
0.945181 0.79655 
0.734152 0.33355 
0.0195642 0.421287 
0.712674 0.23869 
0.356435 0.836865 
0.769832 0.50768 
0.320541 0.0331961 
0.095653 0.243239 
0.864391 0.387343 
0.0664511 0.188121 
0.0699396 0.710082 
0.434938 0.136332 
0.438337 0.687196 
0.882357 0.643036 
0.711597 0.105033 
0.601204 0.324643 
0.483642 0.150805 
0.945342 0.47986 
0.20174 0.134546 
0.161786 0.471844 
0.869388 0.78135 
0.466575 0.986466 
0.550677 0.484904 
0.80028 0.636941 
0.795722 0.822357 
0.990923 0.316628 
0.686963 0.257969 
0.576706 0.7141 
0.240181 0.764877 
0.571447 0.0765253 
0.0839113 0.73349 
0.257902 0.7046 
0.966592 0.221274 
0.187437 0.754935 
0.949842 0.708153 
0.574172 0.457158 
0.806053 0.144268 
0.729224 0.669082 
0.59752 0.940296 
0.0598429 0.454711 
0.113159 0.654337 
0.548629 0.0738389 
0.610939 0.594962 
0.878005 0.118774 
0.452192 0.088914 
0.761655 0.0477607 
0.605091 0.775517 
0.758137 0.44701 
0.28428 0.474183 
0.951737 0.46376 
0.358233 0.913465 
0.872034 0.81862 
0.306364 0.11561 
0.623302 0.0329999 
0.205161 0.56226 
0.218406 0.399509 
0.506516 0.227106 
0.716004 0.630648 
0.82611 0.0634858 
0.694642 0.0381782 
0.58293 0.985087 
0.359781 0.222224 
0.909424 0.764135 
0.354788 0.732153 
0.441633 0.649914 
0.244599 0.540415 
0.929803 0.841896 
0.852265 0.812468 
0.259702 0.508484 
0.188249 0.579585 
0.73665 0.155529 
0.520714 0.852782 
0.398286 0.420156 
0.944702 0.939715 
0.321284 0.421039 
0.237365 0.0315348 
0.61403 0.855911 
0.484763 0.630455 
0.845616 0.0640374 
0.599617 0.771856 
0.870507 0.910053 
0.00862637 0.8579 
0.628033 0.347202 
0.864864 0.0598549 
0.948992 0.516941 
0.167019 0.627231 
0.0506834 0.828736 
0.81273 0.636673 
0.385864 0.44588 
0.94658 0.0564339 
0.80875 0.765668 
0.330141 0.633076 
0.357168 0.286751 
0.560107 0.503602 
0.805296 0.594823 
0.171356 0.996245 
0.209532 0.353921 
0.542117 0.237393 
0.432252 0.671218 
0.878521 0.255155 
0.36946 0.897614 
0.765407 0.957048 
0.447115 0.795772 
0.221442 0.733484 
0.785497 0.690047 
0.665118 0.731592 
0.139332 0.530026 
0.302553 0.754787 
0.240892 0.194583 
0.772281 0.51901 
0.771852 0.289021 
0.603666 0.887531 
0.962769 0.940522 
0.48773 0.178529 
0.600693 0.909731 
0.75479 0.0496086 
0.571407 0.170157 
0.378322 0.848185 
0.198293 0.363329 
0.953288 0.137888 
0.812529 0.357464 
0.175899 0.737826 
0.98099 0.449795 
0.0588773 0.507515 
0.782682 0.66863 
0.970642 0.260834 
0.238088 0.22453 
0.525127 0.963211 
0.736441 0.988191 
0.092038 0.494737 
0.336324 0.854365 
0.980419 0.50507 
0.22709 0.684494 
0.51348 0.12704 
0.985761 0.298176 
0.971548 0.597606 
0.489767 0.361215 
0.00396313 0.426782 
0.85168 0.181746 
0.444113 0.478677 
0.617384 0.914797 
0.637613 0.507035 
0.560136 0.316796 
0.0887563 0.677811 
0.52914 0.862675 
0.953399 0.303409 
0.965386 0.559042 
0.826495 0.689902 
0.393926 0.0412614 
0.704737 0.965127 
0.030905 0.579704 
0.647476 0.61445 
0.100526 0.56203 
0.291972 0.581318 
0.903171 0.786326 
0.977242 0.773834 
0.24889 0.307022 
0.838186 0.382554 
0.746676 0.782169 
0.309921 0.952358 
0.841867 0.759353 
0.550467 0.45723 
0.596812 0.258892 
0.379191 0.993068 
0.248961 0.589186 
0.220982 0.299659 
0.516838 0.577707 
0.425158 0.714741 
0.205411 0.063226 
0.0733883 0.128202 
0.192462 0.301044 
0.378074 0.280027 
0.923136 0.975714 
0.303252 0.696631 
0.766524 0.0952665 
0.903767 0.241406 
0.839915 0.463538 
0.953274 0.436847 
0.941473 0.762082 
0.896876 0.454444 
0.0823668 0.479005 
0.203346 0.499683 
0.504488 0.596708 
0.244252 0.872617 
0.606161 0.347637 
0.739308 0.794768 
0.830892 0.725312 
0.0420429 0.939931 
0.657057 0.049439 
0.218997 0.171487 
0.942391 0.188567 
0.94756 0.0316196 
0.880098 0.687571 
0.461631 0.512494 
0.881873 0.879577 
0.815274 0.107181 
0.224693 0.550988 
0.0568957 0.89456 
0.82296 0.550745 
0.198042 0.362016 
0.768755 0.184602 
0.631134 0.0836603 
0.532162 0.102679 
0.83963 0.105062 
0.741857 0.751707 
0.623007 0.410942 
0.186269 0.652345 
0.74942 0.0385473 
0.60509 0.529525 
0.631866 0.891471 
0.145535 0.915295 
0.0627634 0.490571 
0.540562 0.517389 
0.687957 0.325117 
0.44367 0.728952 
0.778337 0.516919 
0.932172 0.591338 
0.364196 0.239616 
0.704118 0.316689 
0.7794 0.598583 
0.898115 0.422747 
0.786659 0.919879 
0.996555 0.00100404 
0.0660876 0.143149 
0.728442 0.899322 
0.879557 0.512842 
0.594995 0.203368 
0.371086 0.637228 
0.197702 0.0471462 
0.364708 0.963394 
0.641134 0.256535 
0.542731 0.784496 
0.67856 0.991758 
0.624873 0.396503 
0.791008 0.294995 
0.979835 0.987463 
0.327833 0.423446 
0.0140093 0.53548 
0.794897 0.417707 
0.274627 0.299012 
0.334722 0.551451 
0.252212 0.306216 
0.518325 0.784318 
0.379907 0.691585 
0.78794 0.50467 
0.424375 0.569656 
0.292802 0.729978 
0.465681 0.451958 
0.886688 0.292982 
0.321915 0.987715 
0.271776 0.658659 
0.578735 0.196343 
0.585529 0.577409 
0.180006 0.0811537 
0.219986 0.730255 
0.838739 0.261732 
0.126974 0.397637 
0.69202 0.435465 
0.551618 0.966366 
0.156057 0.205843 
0.0500782 0.685838 
0.790963 0.150508 
0.0396505 0.386006 
0.012705 0.608974 
0.746193 0.28484 
0.124319 0.891794 
0.904237 0.874723 
0.267507 0.85608 
0.28907 0.49516 
0.821766 0.337145 
0.42029 0.238939 
0.0316877 0.343511 
0.585819 0.583868 
0.562129 0.68483 
0.0627593 0.128864 
0.643251 0.0315699 
0.148252 0.0596699 
0.767866 0.188122 
0.00951719 0.830068 
0.998223 0.170206 
0.600589 0.967941 
0.769313 0.668706 
0.739772 0.595907 
0.207074 0.23617 
0.714528 0.591712 
0.857669 0.400031 
0.169365 0.4538 
0.0943639 0.132893 
0.41263 0.704673 
0.639498 0.869121 
0.0231522 0.720579 
0.902079 0.799804 
0.235311 0.627512 
0.922064 0.885697 
0.812538 0.675035 
0.254761 0.561352 
0.803037 0.869254 
0.283812 0.680398 
0.69358 0.0977643 
0.055541 0.7002 
0.542423 0.746757 
0.466677 0.361014 
0.909993 0.207779 
0.255663 0.0912179 
0.761477 0.696754 
0.544511 0.7416 
0.938268 0.230143 
0.336165 0.713595 
0.142131 0.178726 
0.704276 0.628534 
0.179875 0.782896 
0.0590896 0.0765493 
0.280811 0.110239 
0.496695 0.720698 
0.223611 0.147624 
0.533902 0.461655 
0.949621 0.955838 
0.244214 0.614444 
0.236322 0.384435 
0.466709 0.393867 
0.157723 0.748939 
0.0662241 0.634564 
0.68224 0.741447 
0.497454 0.507569 
0.144431 0.108368 
0.387071 0.0650966 
0.830337 0.726748 
0.0991501 0.278061 
0.976735 0.878383 
0.276386 0.392158 
0.296592 0.707515 
0.482507 0.931409 
0.290214 0.912677 
0.527182 0.454127 
0.354656 0.0557004 
0.570669 0.42527 
0.138788 0.0358852 
0.956733 0.862904 
0.0837494 0.715553 
0.601675 0.649793 
0.430017 0.918734 
0.243015 0.789791 
0.514993 0.0879409 
0.20947 0.9929 
0.00727868 0.280078 
0.203759 0.691767 
0.836123 0.671162 
0.720788 0.771705 
0.393118 0.948127 
0.0117671 0.789035 
0.666936 0.270839 
0.562241 0.445005 
0.607407 0.342862 
0.279084 0.258718 
0.845286 0.511454 
0.860998 0.185473 
0.641507 0.256041 
0.0836224 0.85831 
0.207817 0.874194 
0.693049 0.29483 
0.256312 0.599581 
0.519543 0.69275 
0.109831 0.109661 
0.120485 0.490324 
0.555063 0.237204 
0.156691 0.0314459 
0.414145 0.739275 
0.343546 0.150398 
0.769345 0.392274 
0.618887 0.177504 
0.290854 0.903597 
0.286384 0.0148704 
0.0429935 0.329371 
0.200315 0.406074 
0.773183 0.998812 
0.978555 0.726456 
0.895565 0.221247 
0.121802 0.913353 
0.864755 0.615226 
0.771575 0.599342 
0.761045 0.948336 
0.402627 0.268652 
0.039328 0.208835 
0.166367 0.618713 
0.967522 0.533335 
0.448877 0.992751 
0.946973 0.747468 
0.989604 0.46894 
0.0597864 0.654626 
0.261644 0.774287 
0.986013 0.666063 
0.603839 0.252037 
0.165828 0.984478 
0.447343 0.163351 
0.948402 0.0948173 
0.144208 0.889347 
0.347217 0.574144 
0.208439 0.799765 
0.160675 0.891623 
0.664266 0.830421 
0.701989 0.191936 
0.810042 0.530085 
0.198471 0.677958 
0.648284 0.802158 
0.74215 0.794295 
0.742984 0.769635 
0.82131 0.162534 
0.592318 0.407865 
0.149384 0.477174 
0.93418 0.572552 
0.0594172 0.58176 
0.939311 0.484167 
0.0895665 0.181428 
0.286262 0.57648 
0.399275 0.643251 
0.473001 0.188208 
0.878134 0.509794 
0.348391 0.468305 
0.16566 0.891034 
0.0405229 0.407158 
0.8011 0.969635 
0.775631 0.29668 
0.818692 0.666806 
0.786158 0.669257 
0.865988 0.2332 
0.964582 0.113139 
0.75189 0.277124 
0.118643 0.493953 
0.0576805 0.192593 
0.0668946 0.116491 
0.339229 0.908139 
0.309882 0.726022 
0.280445 0.783664 
0.62505 0.726073 
0.890534 0.753197 
0.309774 0.983931 
0.911517 0.390473 
0.800446 0.207733 
0.191684 0.540692 
0.845867 0.42318 
0.727377 0.027746 
0.21715 0.909296 
0.648817 0.536833 
0.117506 0.732249 
0.574259 0.737914 
0.658381 0.431957 
0.137033 0.144086 
0.218405 0.328698 
0.437103 0.863986 
0.813854 0.0162321 
0.665315 0.865371 
0.466989 0.0455647 
0.607521 0.378438 
0.63514 0.770041 
0.449257 0.456724 
0.525951 0.573036 
0.866641 0.81358 
0.921118 0.952805 
0.821237 0.744891 
0.121441 0.938792 
0.741044 0.761879 
0.499258 0.0671028 
0.257634 0.291135 
0.721986 0.860264 
0.313961 0.952025 
0.487242 0.120166 
0.0481894 0.497386 
0.960245 0.265332 
0.652048 0.928772 
0.527635 0.546655 
0.556546 0.353936 
0.673042 0.526855 
0.108542 0.0447058 
0.49234 0.7148 
0.178522 0.0788957 
0.645618 0.382729 
0.876202 0.275243 
0.348297 0.166486 
0.692078 0.475143 
0.888297 0.411508 
0.462352 0.786353 
0.773207 0.369998 
0.0556 0.302147 
0.752544 0.267022 
0.188595 0.03605 
0.111063 0.179233 
0.671491 0.0324304 
0.793915 0.879585 
0.387951 0.862579 
0.0471065 0.393368 
0.955504 0.591365 
0.737423 0.786636 
0.462831 0.684799 
0.963092 0.187961 
0.662378 0.202385 
0.208058 0.447837 
0.342549 0.0184718 
0.729997 0.570832 
0.281003 0.502138 
0.90961 0.781048 
0.385783 0.756305 
0.695845 0.938201 
0.949856 0.132817 
0.762526 0.438205 
0.968304 0.581943 
0.293326 0.0358764 
0.0594154 0.835064 
0.92412 0.111359 
0.0717675 0.869054 
0.758634 0.765468 
0.793483 0.00794965 
0.146982 0.846725 
0.429688 0.057038 
0.0897672 0.130776 
0.641644 0.158983 
0.813881 0.801481 
0.22719 0.383195 
0.838327 0.230166 
0.180685 0.735549 
0.642315 0.791388 
0.542303 0.563237 
0.455625 0.235687 
0.0604504 0.777121 
0.336449 0.282656 
0.727014 0.814482 
0.788437 0.307272 
0.531022 0.321769 
0.938447 0.8081 
0.671321 0.307097 
0.655168 0.300882 
0.260819 0.897171 
0.353989 0.563491 
0.731927 0.837641 
0.235507 0.562031 
0.194954 0.142615 
0.823026 0.977979 
0.0687989 0.497527 
0.787472 0.548675 
0.269847 0.852813 
0.589319 0.1577 
0.605221 0.165795 
0.0202936 0.967839 
0.531597 0.992626 
0.794306 0.899919 
0.688933 0.59693 
0.113475 0.0467893 
0.786878 0.977136 
0.322111 0.239399 
0.211655 0.702082 
0.370316 0.779922 
0.255573 0.116261 
0.343452 0.802736 
0.867255 0.994382 
0.645743 0.539854 
0.899318 0.305036 
0.708122 0.650189 
0.351758 0.568134 
0.54667 0.693452 
0.463072 0.284472 
0.314357 0.154787 
0.446044 0.23462 
0.725633 0.878828 
0.212012 0.304288 
0.917662 0.458545 
0.707316 0.706402 
0.342108 0.435921 
0.596681 0.117356 
0.405472 0.183811 
0.541737 0.343025 
0.801621 0.399951 
0.460301 0.978969 
0.571188 0.535297 
0.493806 0.421836 
0.383372 0.98267 
0.487835 0.420045 
0.597972 0.248491 
0.0198947 0.343448 
0.23496 0.608364 
0.591722 0.861732 
0.389125 0.810429 
0.0561875 0.810776 
0.409489 0.404243 
0.639262 0.483957 
0.612191 0.216983 
0.398556 0.928875 
0.141766 0.688891 
0.755137 0.551031 
0.0116607 0.539574 
0.425948 0.720136 
0.747021 0.549642 
0.358125 0.158475 
0.458472 0.465032 
0.592418 0.398643 
0.218744 0.470991 
0.862052 0.773087 
0.16554 0.0461019 
0.319006 0.580649 
0.777872 0.8245 
0.577079 0.290215 
0.876606 0.0703645 
0.851017 0.222752 
0.569017 0.202594 
0.792496 0.295724 
0.350637 0.712985 
0.222804 0.989615 
0.36263 0.178272 
0.877155 0.0756913 
0.426277 0.0942239 
0.225434 0.533017 
0.191666 0.864033 
0.100601 0.323594 
0.337318 0.544306 
0.0251933 0.224279 
0.399706 0.824499 
0.774121 0.782531 
0.149069 0.730419 
0.491711 0.423047 
0.464168 0.136185 
0.685304 0.988148 
0.848531 0.0615611 
0.989853 0.308203 
0.469108 0.269045 
0.587413 0.837663 
0.132648 0.652747 
0.290289 0.0730341 
0.497394 0.666482 
0.941697 0.634678 
0.808457 0.177288 
0.00270866 0.171165 
0.692151 0.717303 
0.595614 0.443533 
0.459193 0.0527072 
0.738167 0.35049 
0.977651 0.809129 
0.597996 0.575934 
0.477972 0.440192 
0.42888 0.148837 
0.0743589 0.0787743 
0.770494 0.263804 
0.457384 0.138786 
0.596155 0.421027 
0.698006 0.280512 
0.347408 0.366551 
0.546734 0.509365 
0.0925347 0.582651 
0.805775 0.583632 
0.311002 0.371245 
0.048257 0.654557 
0.792284 0.00647181 
0.823946 0.494189 
0.796039 0.250235 
0.189367 0.666262 
0.491448 0.254886 
0.724069 0.0948228 
0.666477 0.740503 
0.79594 0.456579 
0.288414 0.0988483 
0.0901757 0.474134 
0.962881 0.551063 
0.462985 0.991861 
0.719582 0.827583 
0.163293 0.338806 
0.821767 0.123621 
0.0963691 0.542423 
0.266532 0.0891019 
0.490778 0.542099 
0.813777 0.877627 
0.168034 0.885457 
0.943014 0.876124 
0.75712 0.299241 
0.547586 0.575519 
0.706717 0.774166 
0.984823 0.9612 
0.681289 0.326811 
0.680081 0.0068162 
0.0404229 0.42561 
0.040925 0.820849 
0.0239693 0.604303 
0.704221 0.932632 
0.456964 0.36979 
0.674239 0.873364 
0.473587 0.661149 
0.8496 0.336504 
0.891279 0.951074 
0.748475 0.288541 
0.296773 0.960273 
0.215293 0.501303 
0.482133 0.663442 
0.647202 0.532474 
0.644407 0.573076 
0.819028 0.302805 
0.504033 0.848338 
0.410299 0.828632 
0.807412 0.814914 
0.746965 0.0485588 
0.218122 0.0862464 
0.0233409 0.288667 
0.904612 0.395377 
0.435797 0.288714 
0.348496 0.0412378 
0.28064 0.418175 
0.552364 0.788358 
0.225307 0.0768699 
0.317093 0.442389 
0.428271 0.849489 
0.585432 0.512172 
0.233366 0.417387 
0.97433 0.353268 
0.621855 0.396073 
0.654738 0.249745 
0.387541 0.846313 
0.359396 0.645165 
0.0806758 0.101499 
0.722618 0.801324 
0.637741 0.68376 
0.882095 0.995406 
0.587079 0.573393 
0.254111 0.916245 
0.0667749 0.555064 
0.724079 0.791023 
0.164776 0.874889 
0.0598748 0.660947 
0.899042 0.677988 
0.507144 0.21614 
0.964903 0.271313 
0.746479 0.0975525 
0.654005 0.975488 
0.0235012 0.0212551 
0.518158 0.404381 
0.721754 0.909928 
0.724866 0.0174299 
0.816005 0.419263 
0.95212 0.842357 
0.766064 0.524708 
0.819941 0.168714 
0.404752 0.752571 
0.584665 0.659629 
0.211676 0.43751 
0.967752 0.855332 
0.297475 0.850618 
0.826741 0.102951 
0.946684 0.429855 
0.162815 0.913246 
0.799532 0.248376 
0.478851 0.592652 
0.407452 0.44708 
0.563113 0.920114 
0.990583 0.141596 
0.361623 0.517606 
0.195405 0.376603 
0.0561877 0.0517013 
0.316707 0.339453 
0.529008 0.671787 
0.720457 0.826913 
0.174439 0.949048 
0.149351 0.163745 
0.405104 0.468552 
0.0445049 0.706609 
0.987369 0.646665 
0.858331 0.509116 
0.894899 0.710008 
0.0444721 0.438325 
0.183519 0.689906 
0.394802 0.289561 
0.339163 0.41536 
0.918854 0.31798 
0.0701187 0.725951 
0.74581 0.687629 
0.566045 0.125977 
0.22519 0.755479 
0.187722 0.720449 
0.194918 0.741626 
0.687663 0.578896 
0.721373 0.544354 
0.18666 0.979339 
0.122155 0.314439 
0.736592 0.0905191 
0.355826 0.841706 
0.893851 0.556922 
0.440782 0.0778523 
0.192221 0.0378071 
0.335171 0.724537 
0.0923447 0.12993 
0.948755 0.282364 
0.796533 0.0208379 
0.495634 0.777651 
0.109488 0.804473 
0.156332 0.264005 
0.5622 0.243456 
0.652783 0.544109 
0.591287 0.595896 
0.883123 0.797496 
0.564937 0.135726 
0.103726 0.907163 
0.4683 0.40145 
0.379353 0.812859 
0.945861 0.0737492 
0.0689794 0.920096 
0.967304 0.758348 
0.543441 0.310433 
0.127405 0.0446405 
0.265901 0.149744 
0.914514 0.561007 
0.480962 0.417208 
0.713447 0.754231 
0.375555 0.0821831 
0.156032 0.660363 
0.569366 0.207656 
0.0431059 0.299718 
0.954441 0.495736 
0.539188 0.922259 
0.431382 0.140898 
0.291156 0.840173 
0.198917 0.387214 
0.586461 0.096918 
0.149829 0.396519 
0.196406 0.669826 
0.716031 0.173959 
0.211637 0.287541 
0.179781 0.652941 
0.651986 0.943676 
0.36051 0.762901 
0.786454 0.664979 
0.176299 0.565985 
0.906092 0.772317 
0.500823 0.737514 
0.655733 0.913527 
0.470261 0.307749 
0.31231 0.896826 
0.872077 0.284743 
0.558182 0.62781 
0.184115 0.551014 
0.623524 0.135578 
0.198329 0.530573 
0.0466621 0.608216 
0.468012 0.618705 
0.0900576 0.494639 
0.0392912 0.88579 
0.831425 0.474767 
0.605314 0.691369 
0.721065 0.536778 
0.711715 0.65965 
0.111922 0.623076 
0.47506 0.906817 
0.875379 0.461797 
0.480415 0.976967 
0.0115358 0.453084 
0.243428 0.865709 
0.637997 0.745724 
0.816942 0.392259 
0.661007 0.278768 
0.789216 0.098321 
0.0397615 0.463634 
0.75597 0.61814 
0.0207828 0.638945 
0.608751 0.700753 
0.813265 0.787726 
0.435331 0.777083 
0.939689 0.190768 
0.248044 0.0223122 
0.383416 0.995505 
0.210702 0.189644 
0.194506 0.529797 
0.056116 0.238416 
0.0927002 0.563066 
0.271669 0.599822 
0.115693 0.557441 
0.139328 0.521379 
0.224624 0.312909 
0.726835 0.139402 
0.976317 0.527785 
0.374106 0.220049 
0.222819 0.633615 
0.335498 0.214439 
0.927021 0.89525 
0.216061 0.576994 
0.0172224 0.0805618 
0.29675 0.681855 
0.812708 0.640481 
0.743769 0.959265 
0.741123 0.390894 
0.932849 0.503804 
0.994858 0.222684 
0.951741 0.887096 
0.128661 0.452588 
0.646357 0.438282 
0.775976 0.959931 
0.0632545 0.236966 
0.754981 0.969719 
0.203601 0.526539 
0.801707 0.525866 
0.900372 0.295498 
0.855858 0.105866 
0.65078 0.0132828 
0.388359 0.750173 
0.376871 0.752204 
0.539659 0.145832 
0.860686 0.754393 
0.151729 0.0228203 
0.301457 0.0826305 
0.115833 0.609145 
0.120302 0.317637 
0.608122 0.3423 
0.674627 0.347363 
0.0879568 0.715399 
0.479342 0.560669 
0.747155 0.306967 
0.294432 0.580769 
0.989186 0.342155 
0.823229 0.435338 
0.370369 0.817273 
0.13862 0.834003 
0.877424 0.177987 
0.0145457 0.906037 
0.386004 0.656195 
0.37109 0.0582779 
0.55289 0.545565 
0.585488 0.110059 
0.777129 0.686559 
0.132926 0.356833 
0.441812 0.572212 
0.401466 0.365405 
0.434918 0.730149 
0.297386 0.288648 
0.279767 0.311887 
0.308673 0.329049 
0.951132 0.460323 
0.127439 0.00776816 
0.703794 0.0320104 
0.272427 0.979031 
0.666186 0.152938 
0.590156 0.298076 
0.618514 0.1863 
0.546172 0.606811 
0.632092 0.146606 
0.0110792 0.541387 
0.659573 0.994516 
0.620767 0.693983 
0.116484 0.92063 
0.740106 0.241763 
0.453102 0.309825 
0.831154 0.0683683 
0.222154 0.57636 
0.0174626 0.248318 
0.281122 0.495979 
0.213302 0.552504 
0.166704 0.723832 
0.814004 0.476193 
0.611897 0.30352 
0.416194 0.316492 
0.427849 0.495502 
0.886153 0.712809 
0.674171 0.891559 
0.54845 0.174564 
0.252781 0.0381346 
0.782047 0.534733 
0.212402 0.517165 
0.748585 0.96728 
0.0586471 0.0645592 
0.103157 0.268822 
0.700076 0.830188 
0.899313 0.390562 
0.119296 0.576089 
0.478643 0.821699 
0.0218596 0.864154 
0.424844 0.561801 
0.1835 0.166832 
0.380327 0.689355 
0.085294 0.635856 
0.462746 0.500638 
0.465322 0.00764576 
0.446547 0.167667 
0.897831 0.617711 
0.000267588 0.635891 
0.152919 0.143866 
0.669891 0.876518 
0.0177924 0.810281 
0.434156 0.922366 
0.365317 0.863451 
0.599037 0.548404 
0.178389 0.317466 
0.559674 0.0504724 
0.908411 0.372195 
0.257457 0.963588 
0.53804 0.645263 
0.600901 0.923301 
0.201581 0.767773 
0.449087 0.920874 
0.650434 0.391326 
0.468202 0.807159 
0.16533 0.1842 
0.426484 0.105025 
0.356481 0.658514 
0.164883 0.846002 
0.183118 0.203269 
0.364056 0.756563 
0.289291 0.452278 
0.486261 0.311049 
0.562931 0.894717 
0.501699 0.971799 
0.521374 0.661567 
0.0426638 0.0995634 
0.454666 0.540586 
0.488678 0.165113 
0.376363 0.279772 
0.764994 0.0253619 
0.921805 0.0156291 
0.21296 0.0393433 
0.434534 0.611699 
0.140244 0.971147 
0.565196 0.372509 
0.194652 0.295416 
0.464978 0.405222 
0.831731 0.830173 
0.304977 0.139424 
0.707257 0.624925 
0.968011 0.987574 
0.299982 0.762204 
0.181377 0.0421569 
0.523244 0.121244 
0.0513326 0.513061 
0.648925 0.594844 
0.161785 0.922016 
0.0219677 0.101476 
0.260582 0.429952 
0.0483075 0.425276 
0.972234 0.161007 
0.327184 0.426332 
0.814808 0.13043 
0.978854 0.804915 
0.147845 0.274173 
0.908332 0.671327 
0.83052 0.88235 
0.71036 0.827722 
0.490085 0.701703 
0.873035 0.157908 
0.875404 0.175742 
0.981981 0.862687 
0.5794 0.343195 
0.773911 0.113438 
0.110643 0.102049 
0.432514 0.104154 
0.00253366 0.94814 
0.466939 0.717939 
0.658027 0.158755 
0.666627 0.915971 
0.691793 0.492759 
0.344506 0.535853 
0.791555 0.444013 
0.714675 0.0818563 
0.796789 0.680852 
0.820929 0.654297 
0.43077 0.802882 
0.951248 0.427659 
0.785277 0.245952 
0.779733 0.544003 
0.96586 0.613066 
0.824051 0.305208 
0.807761 0.60884 
0.549523 0.442382 
0.488457 0.293549 
0.243531 0.542584 
0.710939 0.376917 
0.69688 0.156896 
0.198608 0.5576 
0.573998 0.809813 
0.867941 0.272654 
0.0906486 0.774585 
0.178573 0.117614 
0.870571 0.524075 
0.210928 0.378411 
0.105653 0.116164 
0.754212 0.570735 
0.888396 0.162973 
0.0184013 0.701758 
0.192869 0.364941 
0.829271 0.139247 
0.82366 0.513502 
0.112307 0.850893 
0.860361 0.118527 
0.085232 0.0959714 
0.991734 0.734288 
0.580841 0.378565 
0.0337748 0.489641 
0.468799 0.499315 
0.154667 0.140802 
0.962912 0.284259 
0.817562 0.892011 
0.149863 0.21587 
0.98776 0.523842 
0.408825 0.438016 
0.590152 0.569512 
0.0169015 0.012839 
0.741546 0.776365 
0.250781 0.784655 
0.562877 0.667642 
0.89986 0.0700852 
0.60546 0.882334 
0.380035 0.28418 
0.772076 0.156957 
0.75625 0.953706 
0.308467 0.50457 
0.910952 0.776039 
0.955518 0.790291 
0.164907 0.783792 
0.334589 0.273654 
0.534865 0.254704 
0.923598 0.644769 
0.488052 0.355906 
0.178843 0.546383 
0.920846 0.0729281 
0.590259 0.454689 
0.441429 0.732381 
0.0398913 0.577654 
0.904917 0.538997 
0.277794 0.605526 
0.93794 0.182774 
0.79688 0.639283 
0.225535 0.946686 
0.657566 0.611279 
0.165497 0.0363025 
0.628738 0.699388 
0.933214 0.9682 
0.0917787 0.374058 
0.602525 0.726559 
0.0801272 0.562519 
0.493314 0.407802 
0.63803 0.572673 
0.648446 0.946688 
0.122647 0.164078 
0.244107 0.0680007 
0.44688 0.987586 
0.139227 0.943215 
0.976245 0.134699 
0.407669 0.614217 
0.718753 0.225501 
0.193837 0.680232 
0.0292118 0.29485 
0.201053 0.621704 
0.581684 0.458828 
0.968155 0.648055 
0.175989 0.978039 
0.0572375 0.960848 
0.184728 0.279707 
0.377673 0.462146 
0.787874 0.619333 
0.974985 0.246353 
0.375083 0.242534 
0.63364 0.043246 
0.250155 0.0606123 
0.979733 0.975317 
0.912712 0.992151 
0.750317 0.0969514 
0.997022 0.138701 
0.572993 0.125765 
0.214364 0.250777 
0.0006621 0.0593179 
0.53914 0.720016 
0.737558 0.140193 
0.980911 0.0914471 
0.530292 0.482244 
0.175755 0.196839 
0.319905 0.387692 
0.210826 0.366113 
0.830639 0.148587 
0.891294 0.698075 
0.0825329 0.463028 
0.882301 0.0275996 
0.00902886 0.597019 
0.760657 0.336306 
0.593519 0.330143 
0.576104 0.461994 
0.732459 0.437725 
0.126978 0.715439 
0.930224 0.283203 
0.227791 0.282492 
0.876738 0.380536 
0.810784 0.482584 
0.0753961 0.335979 
0.532229 0.293507 
0.303205 0.980845 
0.719324 0.713157 
0.492933 0.900927 
0.233893 0.132025 
0.437331 0.352151 
0.641473 0.264887 
0.605934 0.00234129 
0.386756 0.247782 
0.0583989 0.583882 
0.589394 0.00411254 
0.587181 0.202235 
0.494137 0.0903722 
0.955811 0.365205 
0.0215777 0.714504 
0.786623 0.555969 
0.622745 0.792326 
0.664564 0.117947 
0.433108 0.863439 
0.401208 0.684325 
0.199965 0.343999 
0.375514 0.77043 
0.554209 0.0347028 
0.986644 0.0764179 
0.380286 0.458919 
0.0113373 0.964852 
0.782565 0.119389 
0.765219 0.0931963 
0.282319 0.624723 
0.694597 0.269519 
0.735892 0.225017 
0.869313 0.156998 
0.27741 0.215514 
0.360049 0.445877 
0.0657348 0.457334 
0.165901 0.0557094 
0.507324 0.896533 
0.483999 0.91972 
0.650458 0.547555 
0.276282 0.548791 
0.542753 0.508441 
0.502338 0.969722 
0.320221 0.909998 
0.813507 0.657496 
0.886727 0.13113 
0.538603 0.3364 
0.52765 0.36919 
0.173534 0.0510698 
0.4207 0.897598 
0.548628 0.981123 
0.920065 0.817355 
0.716025 0.688504 
0.281603 0.675331 
0.937925 0.522736 
0.384777 0.599709 
0.7265 0.3565 
0.0478174 0.270283 
0.403244 0.0339333 
0.928326 0.328929 
0.037172 0.374143 
0.684355 0.22388 
0.950488 0.897229 
0.97051 0.478519 
0.308948 0.00416342 
0.896297 0.126564 
0.288589 0.649088 
0.580739 0.358925 
0.402974 0.448655 
0.0139375 0.0760636 
0.20746 0.842636 
0.255312 0.985432 
0.608349 0.0898595 
0.439701 0.0886057 
0.770885 0.864239 
0.991398 0.103979 
0.269154 0.488863 
0.440064 0.271278 
0.700205 0.646149 
0.192658 0.403129 
0.0877558 0.38679 
0.603429 0.473023 
0.638344 0.191765 
0.496026 0.238738 
0.241275 0.939818 
0.743577 0.00596538 
0.640149 0.970733 
0.345257 0.453467 
0.129998 0.309355 
0.28598 0.453902 
0.716219 0.468545 
0.47896 0.275614 
0.0868881 0.591786 
0.709008 0.612988 
0.045799 0.19763 
0.286743 0.231202 
0.887262 0.107133 
0.54866 0.429065 
0.330065 0.861628 
0.740665 0.313773 
0.471214 0.180396 
0.215959 0.956092 
0.854597 0.0802887 
0.892945 0.568207 
0.0816853 0.172672 
0.222533 0.147694 
0.852841 0.30579 
0.341553 0.708127 
0.782924 0.312155 
0.517514 0.139072 
0.735758 0.978116 
0.371704 0.980556 
0.79468 0.200107 
0.810116 0.443761 
0.637905 0.936598 
0.42337 0.961846 
0.192095 0.766074 
0.0374755 0.186496 
0.789652 0.392519 
0.464272 0.940303 
0.255213 0.992548 
0.53875 0.0512992 
0.475545 0.636041 
0.321617 0.594274 
0.558483 0.920125 
0.794744 0.25123 
0.233454 0.877222 
0.729937 0.125699 
0.0986649 0.546242 
0.417805 0.717144 
0.401657 0.186416 
0.915939 0.67585 
0.453061 0.449134 
0.695854 0.625427 
0.45559 0.57253 
0.641602 0.0774782 
0.0202811 0.827325 
0.119608 0.60012 
0.435128 0.00324019 
0.783258 0.5601 
0.332709 0.0401402 
0.662991 0.524805 
0.29446 0.411012 
0.125715 0.579892 
0.892439 0.851934 
0.173327 0.0709348 
0.649877 0.208576 
0.579267 0.343216 
0.0813862 0.297296 
0.819099 0.778088 
0.64117 0.647627 
0.0457293 0.22798 
0.880446 0.505073 
0.227685 0.878225 
0.302105 0.547583 
0.82292 0.820367 
0.478093 0.483448 
0.719096 0.277412 
0.983062 0.657096 
0.54673 0.395646 
0.461917 0.933275 
0.00102863 0.0710939 
0.492734 0.553928 
0.408625 0.928305 
