4800 2
0.421474 0.362519 
0.647846 0.973375 
0.461699 0.796255 
0.807787 0.810924 
0.399813 0.315433 
0.377655 0.0748722 
0.763154 0.0351079 
0.393224 0.444657 
0.232075 0.0135228 
0.381205 0.149256 
0.774107 0.280402 
0.745504 0.0983812 
0.970122 0.157332 
0.664914 0.567438 
0.46798 0.62834 
0.592848 0.386126 
0.452697 0.799231 
0.163143 0.977419 
0.869936 0.323965 
0.92697 0.783567 
0.150131 0.784566 
0.0403252 0.627778 
0.0751972 0.753117 
0.54126 0.379101 
0.984797 0.565916 
0.430561 0.393893 
0.361669 0.914408 
0.522753 0.784305 
0.2782 0.70193 
0.676789 0.412305 
0.189977 0.725886 
0.379877 0.414887 
0.0914393 0.93171 
0.56205 0.335118 
0.93703 0.263915 
0.752699 0.444913 
0.455346 0.68869 
0.000159111 0.318471 
0.200648 0.717879 
0.61325 0.498244 
0.490817 0.6065 
0.0236177 0.859061 
0.551682 0.698034 
0.913921 0.0138499 
0.879139 0.873499 
0.255783 0.825772 
0.31474 0.773186 
0.183299 0.229795 
0.485741 0.573209 
0.554618 0.479095 
0.470489 0.372478 
0.541645 0.0168227 
0.276663 0.752844 
0.647187 0.300489 
0.379856 0.15568 
0.123831 0.262621 
0.249098 0.289387 
0.0836175 0.131208 
0.951078 0.352496 
0.360256 0.404616 
0.297491 0.124993 
0.49508 0.380308 
0.422387 0.1275 
0.294424 0.558901 
0.376088 0.621832 
0.898756 0.80223 
0.146348 0.948659 
0.549843 0.466212 
0.80668 0.501412 
0.798461 0.113114 
0.867643 0.0180427 
0.136103 0.964461 
0.770523 0.798497 
0.797158 0.948327 
0.651249 0.124134 
0.581511 0.195004 
0.267764 0.813384 
0.293534 0.0347867 
0.601575 0.91287 
0.576449 0.0607614 
0.316193 0.824853 
0.743312 0.872454 
0.979859 0.401458 
0.80617 0.775858 
0.953973 0.537768 
0.141356 0.624263 
0.790183 0.488904 
0.401185 0.601572 
0.94716 0.83528 
0.26293 0.278074 
0.861447 0.879377 
0.901367 0.0355705 
0.425938 0.89788 
0.940582 0.956041 
0.856019 0.604864 
0.706473 0.9679 
0.283483 0.272433 
0.173025 0.840371 
0.807508 0.265805 
0.857405 0.807931 
0.656021 0.271536 
0.281436 0.427061 
0.464156 0.146504 
0.766786 0.966665 
0.870174 0.430458 
0.133043 0.538462 
0.763426 0.64756 
0.384742 0.572241 
0.115391 0.799849 
0.618851 0.243405 
0.459695 0.583161 
0.617385 0.748448 
0.110567 0.788533 
0.25762 0.257123 
0.725289 0.62712 
0.048693 0.712218 
0.507365 0.855137 
0.812015 0.376811 
0.727227 0.66434 
0.407815 0.361863 
0.680602 0.827892 
0.105546 0.336378 
0.52279 0.0728849 
0.450128 0.6044 
0.162144 0.724085 
0.77541 0.337639 
0.285645 0.0211062 
0.508182 0.251928 
0.833411 0.970045 
0.0343926 0.551063 
0.547877 0.180636 
0.317436 0.965718 
0.0903396 0.137828 
0.062377 0.516194 
0.936419 0.522724 
0.123605 0.0700955 
0.0664146 0.850589 
0.328646 0.782445 
0.881597 0.139885 
0.634874 0.545811 
0.445552 0.364751 
0.868429 0.563702 
0.276583 0.491602 
0.302881 0.62986 
0.949377 0.692976 
0.514165 0.81944 
0.67052 0.725477 
0.606067 0.534414 
0.0354536 0.379877 
0.166622 0.903852 
0.304322 0.533186 
0.580766 0.795043 
0.674731 0.540297 
0.873148 0.61509 
0.0411775 0.446084 
0.149539 0.581071 
0.893845 0.102504 
0.120719 0.98013 
0.00511727 0.16483 
0.897466 0.742557 
0.806403 0.26638 
0.205874 0.827496 
0.431802 0.593708 
0.469524 0.62307 
0.545521 0.823837 
0.0479861 0.222038 
0.971691 0.341679 
0.628569 0.929601 
0.792871 0.242477 
0.73038 0.962857 
0.87829 0.9142 
0.781159 0.62448 
0.690758 0.196635 
0.15917 0.78307 
0.0553253 0.0612651 
0.824162 0.873603 
0.766808 0.341798 
0.844607 0.121308 
0.901697 0.390751 
0.531193 0.166803 
0.111106 0.291431 
0.518187 0.611377 
0.293829 0.30985 
0.991731 0.490134 
0.234446 0.377662 
0.455688 0.35868 
0.872722 0.189342 
0.299357 0.920819 
0.934893 0.353687 
0.996319 0.52325 
0.333725 0.328015 
0.138919 0.0422579 
0.944903 0.369476 
0.537043 0.550697 
0.211479 0.566131 
0.543258 0.917262 
0.224163 0.421156 
0.830817 0.00562765 
0.56321 0.774522 
0.653551 0.660492 
0.337605 0.0746045 
0.333977 0.932194 
0.404587 0.662529 
0.857128 0.597571 
0.270558 0.793788 
0.17161 0.361705 
0.694056 0.841742 
0.513361 0.61571 
0.385605 0.989742 
0.936148 0.928046 
0.947603 0.676048 
0.638916 0.464649 
0.82043 0.691031 
0.304985 0.255821 
0.58036 0.806951 
0.236192 0.0292987 
0.631573 0.232488 
0.35091 0.314635 
0.101542 0.644792 
0.0184619 0.828803 
0.894631 0.67455 
0.532767 0.79609 
0.11762 0.0414042 
0.406013 0.441236 
0.468448 0.279336 
0.832473 0.0992424 
0.763866 0.561841 
0.598074 0.996393 
0.375012 0.453132 
0.636457 0.105302 
0.0678893 0.627046 
0.928452 0.335928 
0.686428 0.626549 
0.508232 0.834055 
0.425995 0.674514 
0.787953 0.313299 
0.612046 0.395444 
0.899786 0.521271 
0.269633 0.158575 
0.476888 0.890629 
0.768516 0.64389 
0.802334 0.0877782 
0.300538 0.0421108 
0.427053 0.123299 
0.424192 0.163851 
0.356369 0.111508 
0.847624 0.206539 
0.0610768 0.675661 
0.229044 0.616413 
0.397249 0.800758 
0.28822 0.667389 
0.499847 0.368474 
0.933769 0.305493 
0.343705 0.0604652 
0.745663 0.756265 
0.588518 0.989611 
0.974671 0.365436 
0.840373 0.205019 
0.622756 0.684332 
0.81983 0.924155 
0.410037 0.243489 
0.478827 0.875687 
0.235002 0.869107 
0.861415 0.519916 
0.122911 0.671764 
0.521142 0.69644 
0.958257 0.749352 
0.451646 0.433445 
0.955208 0.186678 
0.793698 0.749088 
0.659832 0.0224343 
0.580239 0.811126 
0.447325 0.668482 
0.806452 0.920713 
0.0360277 0.0353909 
0.890529 0.453443 
0.0678345 0.338549 
0.527708 0.922306 
0.196271 0.981002 
0.219793 0.831465 
0.418315 0.761788 
0.136145 0.798778 
0.780753 0.957663 
0.626291 0.781428 
0.06258 0.53866 
0.289818 0.170959 
0.00058716 0.895572 
0.43743 0.147728 
0.275547 0.809114 
0.319327 0.978488 
0.0508999 0.51274 
0.824933 0.163341 
0.0210544 0.997969 
0.567043 0.146382 
0.218323 0.448128 
0.86343 0.223689 
0.548932 0.866091 
0.170373 0.0532275 
0.714148 0.699938 
0.152107 0.474943 
0.585784 0.277732 
0.704955 0.760946 
0.2351 0.175576 
0.0728361 0.397959 
0.33998 0.774977 
0.745124 0.756974 
0.26008 0.318052 
0.571198 0.716404 
0.193773 0.898951 
0.944294 0.452373 
0.967874 0.654742 
0.825872 0.627787 
0.505947 0.3812 
0.224845 0.0607489 
0.33727 0.531311 
0.0151136 0.217404 
0.794732 0.506038 
0.72207 0.071313 
0.0694264 0.715566 
0.858621 0.397454 
0.544608 0.544598 
0.110874 0.565741 
0.226016 0.81087 
0.981813 0.369953 
0.382774 0.929493 
0.99857 0.0637698 
0.0587446 0.748044 
0.120098 0.594593 
0.101993 0.19509 
0.409215 0.716986 
0.333817 0.700498 
0.1251 0.218904 
0.921041 0.760654 
0.713339 0.252658 
0.393421 0.906922 
0.0875909 0.728657 
0.243035 0.708204 
0.374779 0.668928 
0.296561 0.600791 
0.77129 0.730875 
0.79013 0.245733 
0.529692 0.133225 
0.00272405 0.847808 
0.778599 0.69046 
0.273393 0.152223 
0.00780648 0.338816 
0.79328 0.88467 
0.225286 0.935326 
0.668702 0.0985627 
0.636549 0.385819 
0.926579 0.294466 
0.186312 0.78729 
0.569848 0.136244 
0.30888 0.815677 
0.862087 0.301708 
0.0746546 0.613971 
0.256216 0.488181 
0.828637 0.829674 
0.132353 0.452436 
0.225944 0.00624765 
0.69418 0.300887 
0.0392118 0.472437 
0.63416 0.853149 
0.880572 0.735587 
0.315033 0.383769 
0.230403 0.566481 
0.427909 0.243757 
0.779389 0.941584 
0.997736 0.548335 
0.355517 0.301652 
0.476287 0.679486 
0.566955 0.334779 
0.501048 0.540206 
0.0180236 0.416993 
0.656372 0.505398 
0.868093 0.852031 
0.549673 0.893609 
0.763623 0.905632 
0.951915 0.418385 
0.280249 0.265931 
0.17185 0.588743 
0.80502 0.811285 
0.144818 0.101475 
0.353973 0.574528 
0.924392 0.753089 
0.984852 0.237922 
0.985575 0.039931 
0.728083 0.131864 
0.892477 0.141092 
0.107539 0.0887205 
0.220893 0.117797 
0.329679 0.468702 
0.631604 0.792467 
0.756834 0.445674 
0.753233 0.138656 
0.763422 0.37524 
0.172827 0.753427 
0.640958 0.0875657 
0.313193 0.577946 
0.644363 0.959423 
0.244998 0.818009 
0.780527 0.258993 
0.570514 0.148592 
0.984633 0.64379 
0.225201 0.726576 
0.493205 0.0924204 
0.640639 0.999747 
0.253942 0.8765 
0.81484 0.272021 
0.656188 0.0931819 
0.756848 0.00799851 
0.0305546 0.474053 
0.366663 0.787707 
0.0310578 0.854943 
0.203695 0.464695 
0.412188 0.854635 
0.260553 0.767014 
0.455133 0.34802 
0.745689 0.213093 
0.439989 0.220725 
0.467291 0.902258 
0.698694 0.240039 
0.975445 0.638993 
0.701132 0.871347 
0.952132 0.330112 
0.183783 0.875763 
0.314959 0.724272 
0.286585 0.494282 
0.687842 0.299552 
0.0912582 0.708342 
0.888014 0.552855 
0.89028 0.177842 
0.65044 0.156768 
0.367839 0.159236 
0.354714 0.771694 
0.166173 0.259226 
0.949612 0.388793 
0.34289 0.220373 
0.728381 0.361393 
0.238483 0.283835 
0.630729 0.796687 
0.613735 0.303486 
0.444419 0.888047 
0.930305 0.271917 
0.785453 0.922321 
0.349793 0.00929169 
0.595947 0.70303 
0.152458 0.239492 
0.87734 0.264787 
0.194701 0.0202801 
0.486384 0.649901 
0.141838 0.930446 
0.632133 0.106087 
0.689992 0.716292 
0.659009 0.0247375 
0.0975242 0.61996 
0.34656 0.215612 
0.644257 0.381948 
0.995478 0.320718 
0.285334 0.810321 
0.440063 0.72252 
0.855708 0.196395 
0.258389 0.47276 
0.38302 0.620163 
0.690313 0.282688 
0.342054 0.774639 
0.684604 0.575472 
0.445145 0.972815 
0.0437958 0.863933 
0.738716 0.317726 
0.67199 0.125293 
0.718079 0.707571 
0.632105 0.588224 
0.704059 0.827689 
0.915765 0.241558 
0.848071 0.0392146 
0.859584 0.179607 
0.0108439 0.0271161 
0.705876 0.630771 
0.483618 0.605201 
0.184933 0.167144 
0.0759456 0.25358 
0.96617 0.970747 
0.761316 0.739687 
0.77808 0.53149 
0.252385 0.287409 
0.174977 0.0566438 
0.0337122 0.640083 
0.293738 0.0771736 
0.499375 0.471914 
0.822235 0.973169 
0.462916 0.30441 
0.922175 0.78229 
0.567859 0.39176 
0.5066 0.511677 
0.0567907 0.560804 
0.214262 0.00954103 
0.592251 0.807161 
0.68128 0.511306 
0.332261 0.0187758 
0.814164 0.182953 
0.871408 0.307327 
0.142894 0.516716 
0.280185 0.0265148 
0.548399 0.656536 
0.783305 0.543321 
0.52169 0.12465 
0.402073 0.291957 
0.961024 0.0261027 
0.12492 0.517645 
0.671646 0.391207 
0.0915907 0.83057 
0.726235 0.510724 
0.803625 0.367712 
0.170632 0.274865 
0.425255 0.748867 
0.81796 0.936102 
0.952875 0.67962 
0.000280056 0.50487 
0.776896 0.646766 
0.788563 0.853197 
0.779135 0.529346 
0.436675 0.828197 
0.304148 0.400105 
0.518456 0.769992 
0.328264 0.365059 
0.840254 0.805955 
0.399936 0.945147 
0.977019 0.879393 
0.233045 0.207007 
0.142787 0.430988 
0.819828 0.776098 
0.148384 0.838957 
0.261124 0.934946 
0.465187 0.939675 
0.064283 0.196145 
0.780678 0.186044 
0.907004 0.125301 
0.751563 0.140124 
0.397178 0.557159 
0.30854 0.102558 
0.292976 0.424852 
0.381564 0.120372 
0.216081 0.303549 
0.679032 0.88744 
0.00858261 0.545494 
0.299287 0.382724 
0.990838 0.774215 
0.877709 0.0501227 
0.0563954 0.18041 
0.196627 0.699498 
0.295184 0.227872 
0.350861 0.560725 
0.32451 0.924918 
0.964948 0.965144 
0.600431 0.208394 
0.46394 0.621167 
0.104674 0.557046 
0.169672 0.885724 
0.288805 0.0678977 
0.0775747 0.802893 
0.131754 0.644023 
0.281454 0.697271 
0.083935 0.941918 
0.133247 0.279455 
0.308933 0.0864667 
0.967079 0.777505 
0.924777 0.733911 
0.161818 0.228462 
0.479176 0.451821 
0.816485 0.829602 
0.494633 0.535669 
0.721626 0.756585 
0.210351 0.06171 
0.63385 0.763105 
0.987283 0.333512 
0.151542 0.372369 
0.0551228 0.451302 
0.734394 0.0315607 
0.65687 0.0793142 
0.896643 0.137012 
0.667349 0.677321 
0.330067 0.244387 
0.825152 0.49155 
0.832618 0.483415 
0.0489284 0.531402 
0.362502 0.277388 
0.281142 0.568613 
0.0461752 0.542772 
0.657075 0.237097 
0.492395 0.344909 
0.543476 0.302644 
0.623574 0.135872 
0.740316 0.254146 
0.397659 0.643198 
0.20476 0.540263 
0.265103 0.571359 
0.223261 0.317243 
0.194502 0.131959 
0.154263 0.703933 
0.766877 0.291253 
0.475899 0.523078 
0.421663 0.598046 
0.460997 0.362875 
0.283512 0.428129 
0.482346 0.0986438 
0.846604 0.365431 
0.212383 0.119668 
0.146967 0.199286 
0.330202 0.909065 
0.0294995 0.997477 
0.504554 0.00419792 
0.927604 0.130344 
0.134319 0.602774 
0.508609 0.315578 
0.339967 0.434232 
0.55796 0.787522 
0.223421 0.644835 
0.147656 0.883281 
0.0936621 0.339666 
0.67381 0.71171 
0.351094 0.621679 
0.68073 0.650921 
0.252378 0.773135 
0.254234 0.20266 
0.0835676 0.455897 
0.89088 0.537369 
0.183412 0.938786 
0.791997 0.428878 
0.706648 0.654818 
0.891705 0.911086 
0.2365 0.0514529 
0.616849 0.0196695 
0.780531 0.171469 
0.499093 0.892774 
0.523151 0.52939 
0.595229 0.127305 
0.556922 0.180223 
0.37524 0.370082 
0.474585 0.0750202 
0.137099 0.795441 
0.253141 0.480782 
0.655863 0.631456 
0.806488 0.57612 
0.592378 0.374624 
0.250711 0.62392 
0.902784 0.916731 
0.740906 0.291427 
0.566775 0.887593 
0.0704251 0.853652 
0.826578 0.760371 
0.127167 0.0230086 
0.541357 0.149106 
0.057115 0.0515423 
0.165574 0.380714 
0.533963 0.95363 
0.909204 0.803937 
0.990977 0.949732 
0.722194 0.332195 
0.635342 0.398687 
0.634266 0.145593 
0.085183 0.472968 
0.224966 0.875065 
0.102626 0.863479 
0.947817 0.506565 
0.502158 0.129948 
0.439288 0.233444 
0.709438 0.336055 
0.436501 0.457054 
0.127849 0.969348 
0.804591 0.646206 
0.740968 0.961517 
0.812091 0.888067 
0.25676 0.869427 
0.189445 0.227937 
0.431481 0.645008 
0.381121 0.0934353 
0.551075 0.51381 
0.238973 0.624971 
0.0988506 0.524019 
0.79674 0.962622 
0.334415 0.558535 
0.264042 0.802483 
0.130063 0.470966 
0.282022 0.837225 
0.415886 0.398302 
0.106706 0.664179 
0.910743 0.0709127 
0.713539 0.842426 
0.710852 0.946765 
0.560169 0.0294159 
0.754634 0.422298 
0.792931 0.703992 
0.436976 0.364821 
0.386572 0.698781 
0.818667 0.626489 
0.648933 0.64128 
0.055401 0.969743 
0.312869 0.327807 
0.958612 0.0693533 
0.253377 0.898764 
0.788618 0.600681 
0.705199 0.862788 
0.260231 0.994504 
0.573674 0.904639 
0.276781 0.503787 
0.667569 0.0296684 
0.660746 0.568277 
0.657082 0.460915 
0.748231 0.0479322 
0.529 0.803214 
0.616563 0.744247 
0.483877 0.996754 
0.964809 0.0686935 
0.270748 0.35556 
0.465581 0.869744 
0.83779 0.122768 
0.976636 0.044101 
0.917552 0.891806 
0.0359725 0.360122 
0.788674 0.182557 
0.462649 0.995247 
0.949921 0.77737 
0.300513 0.958691 
0.621089 0.931899 
0.488941 0.728176 
0.336455 0.856008 
0.357977 0.601574 
0.222572 0.826558 
0.95794 0.918461 
0.43608 0.562135 
0.212961 0.866214 
0.546321 0.180993 
0.63732 0.301415 
0.451825 0.682395 
0.186525 0.693989 
0.582236 0.0299117 
0.703599 0.0828313 
0.573118 0.364595 
0.922322 0.456083 
0.377101 0.348593 
0.134935 0.293836 
0.766375 0.866425 
0.0139317 0.0110839 
0.446677 0.898427 
0.168902 0.405621 
0.191936 0.863048 
0.344915 0.862114 
0.718162 0.771223 
0.518453 0.64567 
0.237355 0.794048 
0.751922 0.627419 
0.333638 0.948855 
0.636652 0.0699347 
0.267093 0.728519 
0.807494 0.44141 
0.769403 0.0404087 
0.308671 0.404809 
0.0564485 0.882278 
0.608423 0.7561 
0.803415 0.42215 
0.766282 0.0307905 
0.925552 0.795155 
0.254564 0.0141996 
0.134792 0.100113 
0.421006 0.763953 
0.808982 0.634876 
0.315615 0.357588 
0.589517 0.853655 
0.962351 0.878506 
0.880191 0.286536 
0.651425 0.37911 
0.294474 0.506518 
0.395213 0.810259 
0.286266 0.345847 
0.496093 0.248689 
0.426627 0.799918 
0.188323 0.988449 
0.539377 0.871642 
0.34576 0.298987 
0.946262 0.651415 
0.814591 0.769303 
0.632259 0.263816 
0.991012 0.210277 
0.247541 0.198172 
0.83596 0.404991 
0.395679 0.313272 
0.806473 0.54788 
0.449649 0.290294 
0.0925517 0.0108931 
0.673863 0.59082 
0.810441 0.0462185 
0.309808 0.624724 
0.678053 0.850813 
0.703091 0.322705 
0.905037 0.376816 
0.313455 0.497388 
0.37954 0.372746 
0.142534 0.917263 
0.749355 0.169304 
0.324954 0.669692 
0.402238 0.87104 
0.507767 0.665013 
0.113956 0.689958 
0.108681 0.480744 
0.409669 0.175142 
0.614816 0.785937 
0.667723 0.848129 
0.0757699 0.48693 
0.896493 0.169962 
0.674141 0.56766 
0.201014 0.302439 
0.750888 0.129587 
0.301533 0.280463 
0.278727 0.444715 
0.729007 0.146179 
0.21482 0.61186 
0.481779 0.880693 
0.0838059 0.879506 
0.496772 0.543902 
0.730535 0.533285 
0.0174706 0.445125 
0.761385 0.790062 
0.0834858 0.448064 
0.615979 0.987122 
0.399702 0.936635 
0.116376 0.956559 
0.187347 0.46361 
0.619458 0.522024 
0.330244 0.611994 
0.70735 0.155058 
0.697808 0.45305 
0.738155 0.155448 
0.727814 0.913433 
0.655865 0.543185 
0.307954 0.4707 
0.318514 0.336845 
0.753591 0.726887 
0.369115 0.293869 
0.533114 0.843192 
0.143125 0.178157 
0.376102 0.639152 
0.876192 0.512647 
0.208757 0.401434 
0.201536 0.802009 
0.592358 0.155124 
0.116905 0.595085 
0.891705 0.19586 
0.107547 0.821322 
0.787335 0.650543 
0.6193 0.441421 
0.781249 0.665595 
0.96952 0.533986 
0.211274 0.0263206 
0.586623 0.101751 
0.163854 0.225431 
0.536877 0.159695 
0.164592 0.656088 
0.234156 0.432687 
0.176001 0.375417 
0.787492 0.370154 
0.955384 0.434418 
0.765947 0.173918 
0.507775 0.363434 
0.176004 0.576472 
0.915513 0.65363 
0.49045 0.817803 
0.295642 0.864325 
0.264091 0.191587 
0.688223 0.917288 
0.858963 0.245812 
0.486133 0.680568 
0.0470129 0.251685 
0.729729 0.0227484 
0.863007 0.714592 
0.364331 0.450987 
0.233431 0.866674 
0.120887 0.776289 
0.30532 0.978492 
0.617021 0.510209 
0.869189 0.389553 
0.507328 0.590898 
0.307859 0.531587 
0.390734 0.194386 
0.296696 0.162224 
0.240561 0.13292 
0.107722 0.935733 
0.0459256 0.822931 
0.740962 0.601458 
0.69491 0.564348 
0.353593 0.404325 
0.695684 0.798453 
0.400968 0.374374 
0.476983 0.601618 
0.244854 0.566037 
0.790021 0.267427 
0.644956 0.715912 
0.961231 0.695538 
0.818309 0.989081 
0.633304 0.403538 
0.400651 0.483549 
0.350873 0.349375 
0.130936 0.847833 
0.836575 0.0838142 
0.780431 0.26502 
0.464433 0.0655465 
0.279394 0.515548 
0.695793 0.390989 
0.0533619 0.467892 
0.856515 0.445934 
0.690192 0.558331 
0.772135 0.0111443 
0.859256 0.0667801 
0.177685 0.613214 
0.389731 0.354309 
0.166962 0.0203195 
0.0661906 0.39765 
0.350561 0.674224 
0.670823 0.753061 
0.215346 0.166345 
0.629744 0.337686 
0.536654 0.388266 
0.269726 0.341404 
0.226132 0.903085 
0.600848 0.636722 
0.330561 0.385544 
0.455595 0.599909 
0.463296 0.262561 
0.691741 0.0994355 
0.147251 0.578171 
0.571429 0.592411 
0.600781 0.0575139 
0.631786 0.63376 
0.342888 0.965978 
0.753093 0.988887 
0.553281 0.124868 
0.808431 0.0921774 
0.727783 0.536648 
0.161006 0.605269 
0.52796 0.943694 
0.766849 0.801301 
0.676396 0.591712 
0.9966 0.557154 
0.108093 0.859006 
0.863464 0.472932 
0.421144 0.0140228 
0.348207 0.598462 
0.775566 0.350038 
0.624941 0.732333 
0.226625 0.354631 
0.828017 0.491405 
0.0705124 0.0677929 
0.779011 0.370529 
0.636376 0.48899 
0.312748 0.105255 
0.952093 0.795377 
0.29888 0.148899 
0.557379 0.150046 
0.171928 0.724645 
0.840274 0.775716 
0.0348506 0.521596 
0.975094 0.690307 
0.928605 0.0865512 
0.267184 0.972185 
0.0644079 0.779246 
0.122646 0.862994 
0.880853 0.555691 
0.927209 0.286765 
0.249033 0.864969 
0.602586 0.481987 
0.438774 0.051621 
0.104251 0.037249 
0.453299 0.552822 
0.952709 0.281341 
0.732675 0.447232 
0.000117396 0.705186 
0.965681 0.475226 
0.719143 0.591806 
0.126034 0.757599 
0.190248 0.763767 
0.143693 0.981757 
0.359304 0.457323 
0.478044 0.862981 
0.00419659 0.590217 
0.0153127 0.779907 
0.267208 0.958622 
0.632188 0.405921 
0.613144 0.0841421 
0.731837 0.158399 
0.585876 0.47153 
0.751156 0.264793 
0.815391 0.366878 
0.432649 0.49013 
0.325541 0.33973 
0.683741 0.643961 
0.747574 0.341124 
0.956273 0.715299 
0.587214 0.706256 
0.936413 0.876932 
0.302048 0.0548844 
0.894886 0.223912 
0.777665 0.216607 
0.522535 0.723585 
0.148626 0.998662 
0.266493 0.63676 
0.321651 0.11134 
0.854008 0.489739 
0.633837 0.616181 
0.460733 0.79386 
0.152357 0.677843 
0.478855 0.702226 
0.561387 0.324106 
0.442643 0.0407854 
0.421332 0.431122 
0.750908 0.759305 
0.554395 0.0761913 
0.57927 0.632553 
0.475789 0.994677 
0.721845 0.31428 
0.271654 0.499108 
0.460559 0.224522 
0.451162 0.719776 
0.801259 0.628323 
0.704563 0.249982 
0.316649 0.947596 
0.353092 0.375106 
0.207981 0.0120826 
0.292383 0.105391 
0.302167 0.616738 
0.514921 0.326876 
0.32711 0.778987 
0.383399 0.06323 
0.210419 0.611458 
0.872253 0.544701 
0.0282591 0.645855 
0.175917 0.874795 
0.256165 0.232889 
0.988131 0.37498 
0.9896 0.849291 
0.982583 0.822203 
0.964534 0.647069 
0.0651548 0.0703657 
0.0496259 0.821503 
0.283577 0.303218 
0.941844 0.424709 
0.163068 0.712098 
0.0565602 0.824016 
0.916615 0.137349 
0.559142 0.516328 
0.631896 0.679064 
0.503174 0.963143 
0.797228 0.226263 
0.247407 0.789078 
0.767827 0.522327 
0.511186 0.527314 
0.524386 0.561926 
0.272576 0.360265 
0.333166 0.130524 
0.245853 0.756008 
0.677394 0.875007 
0.601973 0.707694 
0.308781 0.41457 
0.596651 0.504368 
0.864644 0.415273 
0.944348 0.9656 
0.394912 0.371566 
0.804913 0.737178 
0.533579 0.959819 
0.506374 0.361846 
0.380269 0.0883732 
0.693904 0.681906 
0.745482 0.498259 
0.706204 0.0033113 
0.0996144 0.880968 
0.787538 0.326228 
0.700978 0.467588 
0.30022 0.929689 
0.223786 0.98838 
0.791324 0.247127 
0.1987 0.50275 
0.0878777 0.357976 
0.856913 0.74851 
0.326499 0.685336 
0.155797 0.836886 
0.0244676 0.782364 
0.408347 0.26535 
0.165761 0.680688 
0.100959 0.849339 
0.35262 0.642058 
0.732027 0.677443 
0.491422 0.00393996 
0.100401 0.0874015 
0.508868 0.469766 
0.737758 0.99922 
0.455788 0.853234 
0.626569 0.535458 
0.739156 0.443129 
0.233719 0.300412 
0.414499 0.0222072 
0.997438 0.552597 
0.830797 0.561031 
0.016616 0.0352065 
0.156337 0.0376404 
0.669779 0.17133 
0.895099 0.862119 
0.436242 0.524907 
0.607817 0.573739 
0.172612 0.929723 
0.895135 0.769138 
0.0179427 0.775177 
0.0650372 0.932569 
0.337268 0.669282 
0.619452 0.975268 
0.909847 0.413201 
0.95309 0.881661 
0.693553 0.552619 
0.272436 0.989283 
0.0651548 0.234566 
0.32288 0.129094 
0.955075 0.306759 
0.698664 0.0701039 
0.0100375 0.44892 
0.850417 0.683167 
0.281103 0.540345 
0.543658 0.485144 
0.554241 0.721245 
0.489304 0.860429 
0.619276 0.573243 
0.900588 0.370904 
0.0518962 0.830637 
0.77279 0.192567 
0.0774439 0.409529 
0.262638 0.4876 
0.878423 0.0989258 
0.885777 0.882597 
0.758826 0.465981 
0.634507 0.212085 
0.772242 0.709075 
0.783481 0.75995 
0.843239 0.0296423 
0.156431 0.925604 
0.990516 0.704091 
0.363095 0.0516435 
0.258659 0.369462 
0.607138 0.864288 
0.509096 0.177725 
0.324015 0.242406 
0.755811 0.496265 
0.336365 0.50823 
0.889084 0.0450985 
0.506421 0.591845 
0.786018 0.28968 
0.00195334 0.299078 
0.652558 0.545082 
0.615623 0.656091 
0.349357 0.766961 
0.92716 0.227443 
0.122267 0.689849 
0.0888794 0.0322896 
0.139896 0.556931 
0.398351 0.841731 
0.913652 0.708442 
0.286167 0.823445 
0.450547 0.0103947 
0.163192 0.320639 
0.860062 0.800763 
0.137492 0.433359 
0.365057 0.117741 
0.708117 0.367931 
0.736022 0.444583 
0.658335 0.363008 
0.364901 0.463077 
0.333199 0.442556 
0.302773 0.313046 
0.492206 0.125268 
0.311764 0.890949 
0.330831 0.3422 
0.646238 0.343207 
0.760126 0.0319475 
0.00986854 0.356497 
0.243853 0.92114 
0.166353 0.977813 
0.667945 0.465363 
0.225853 0.522533 
0.502465 0.568217 
0.252306 0.310499 
0.359216 0.633756 
0.626401 0.668164 
0.272013 0.20409 
0.494209 0.675138 
0.836998 0.133267 
0.331823 0.340512 
0.520621 0.509709 
0.167615 0.402685 
0.635734 0.273239 
0.931203 0.53331 
0.460764 0.997635 
0.05999 0.038864 
0.672351 0.31625 
0.483711 0.623483 
0.994242 0.332891 
0.323981 0.738296 
0.212913 0.87561 
0.602236 0.86651 
0.542949 0.609905 
0.954879 0.987341 
0.37178 0.117491 
0.713848 0.858559 
0.256366 0.82174 
0.398702 0.28985 
0.386424 0.00764174 
0.0788048 0.575526 
0.344352 0.939998 
0.30309 0.79172 
0.984316 0.539535 
0.0577415 0.583307 
0.591567 0.876395 
0.985772 0.165025 
0.70021 0.348553 
0.434224 0.383856 
0.162754 0.871901 
0.0521092 0.153106 
0.223014 0.140412 
0.702511 0.00399182 
0.833138 0.0767267 
0.243021 0.4568 
0.54662 0.249773 
0.767823 0.897778 
0.0752177 0.79766 
0.198124 0.0359932 
0.901177 0.377243 
0.44741 0.573172 
0.614251 0.0332661 
0.484327 0.786253 
0.822059 0.970545 
0.886019 0.645057 
0.346537 0.0459543 
0.0888276 0.461554 
0.624858 0.764222 
0.116763 0.348128 
0.337819 0.336102 
0.693931 0.354383 
0.776103 0.295429 
0.268561 0.271535 
0.637613 0.736473 
0.339721 0.136624 
0.287622 0.663051 
0.289532 0.449722 
0.985421 0.724784 
0.708515 0.746696 
0.0590639 0.533409 
0.835267 0.709044 
0.977315 0.361208 
0.0808442 0.540011 
0.372503 0.675704 
0.369672 0.235206 
0.942356 0.589497 
0.782979 0.715239 
0.142056 0.94616 
0.56269 0.384601 
0.248989 0.147091 
0.0868831 0.777588 
0.456061 0.955853 
0.812185 0.952305 
0.540968 0.481992 
0.433886 0.457562 
0.0560191 0.784349 
0.494369 0.735751 
0.734364 0.921074 
0.0626599 0.529165 
0.368828 0.859888 
0.49125 0.50752 
0.934712 0.952707 
0.585307 0.612232 
0.186036 0.948168 
0.0840162 0.715316 
0.778373 0.344378 
0.497989 0.965965 
0.74726 0.602312 
0.018161 0.611808 
0.563048 0.3689 
0.947286 0.0732082 
0.650564 0.397309 
0.231128 0.255039 
0.807343 0.73046 
0.160134 0.488932 
0.161696 0.374571 
0.604736 0.638424 
0.659946 0.900502 
0.0658328 0.920407 
0.456315 0.481064 
0.901264 0.778553 
0.136866 0.27367 
0.612577 0.183875 
0.808667 0.648459 
0.262783 0.718499 
0.727446 0.604398 
0.614794 0.757603 
0.766821 0.324207 
0.108876 0.311095 
0.17711 0.709369 
0.122458 0.527426 
0.879773 0.597359 
0.766632 0.525873 
0.931136 0.326111 
0.378978 0.916138 
0.651004 0.900927 
0.329455 0.827326 
0.349398 0.0620361 
0.180598 0.48322 
0.226833 0.0510908 
0.60392 0.430338 
0.801558 0.914045 
0.655116 0.125958 
0.534025 0.787057 
0.100472 0.357285 
0.567246 0.533433 
0.727394 0.384977 
0.368919 0.931895 
0.125754 0.3239 
0.4011 0.541262 
0.808854 0.0495522 
0.914946 0.782802 
0.124798 0.813799 
0.0504291 0.588801 
0.43241 0.948527 
0.838415 0.153861 
0.559219 0.60243 
0.245142 0.426624 
0.289935 0.965512 
0.618841 0.716351 
0.272395 0.106102 
0.0425622 0.670336 
0.357469 0.589655 
0.613967 0.0659152 
0.304585 0.267263 
0.760815 0.275378 
0.766957 0.80628 
0.518216 0.631848 
0.573702 0.241429 
0.341374 0.295995 
0.400749 0.921239 
0.852529 0.11988 
0.123293 0.869097 
0.640011 0.0536768 
0.665619 0.462125 
0.51525 0.659792 
0.412727 0.944094 
0.442816 0.609626 
0.490703 0.25484 
0.405154 0.137349 
0.517104 0.306212 
0.188963 0.00417823 
0.17216 0.430669 
0.944986 0.670834 
0.487613 0.201533 
0.839984 0.8712 
0.33428 0.345721 
0.688464 0.85286 
0.257077 0.0285778 
0.539035 0.716594 
0.695668 0.107536 
0.218363 0.196989 
0.418214 0.320742 
0.51791 0.631823 
0.133394 0.900598 
0.389727 0.433269 
0.165456 0.0947253 
0.252035 0.173375 
0.260609 0.607409 
0.630606 0.910655 
0.438141 0.442283 
0.264228 0.360128 
0.889749 0.901478 
0.947819 0.299403 
0.681111 0.409799 
0.396016 0.522068 
0.707274 0.0288589 
0.685917 0.295735 
0.733052 0.189983 
0.269811 0.864651 
0.510342 0.864412 
0.0241605 0.349718 
0.579741 0.306065 
0.53058 0.223871 
0.834271 0.0637231 
0.713027 0.662063 
0.681787 0.224831 
0.771702 0.258112 
0.909121 0.460595 
0.0231401 0.80434 
0.163975 0.10753 
0.130898 0.650973 
0.946772 0.107282 
0.637498 0.481631 
0.143323 0.517623 
0.970307 0.258528 
0.96069 0.104365 
0.668141 0.723033 
0.487952 0.680752 
0.436925 0.654513 
0.901215 0.456977 
0.625641 0.804717 
0.456589 0.0789771 
0.236095 0.385456 
0.664304 0.798061 
0.617035 0.188898 
0.00113804 0.763779 
0.465202 0.276135 
0.121002 0.26601 
0.914309 0.220177 
0.686574 0.424206 
0.0346741 0.55407 
0.680417 0.833326 
0.977742 0.812864 
0.25369 0.0664131 
0.7937 0.994382 
0.528687 0.150402 
0.8255 0.773259 
0.948446 0.515462 
0.946396 0.330404 
0.512714 0.0613437 
0.822408 0.678613 
0.538661 0.0918679 
0.209855 0.760586 
0.266795 0.627211 
0.206475 0.0865667 
0.93775 0.86891 
0.850722 0.887902 
0.139918 0.774679 
0.287563 0.421409 
0.752119 0.253179 
0.658576 0.175344 
0.484482 0.357241 
0.0165572 0.429645 
0.928257 0.87135 
0.940597 0.564032 
0.743472 0.294868 
0.70109 0.308457 
0.195634 0.087701 
0.918929 0.306668 
0.627615 0.263565 
0.891064 0.289512 
0.942237 0.0146026 
0.0601484 0.80414 
0.596743 0.693367 
0.366824 0.703398 
0.922139 0.0768895 
0.320402 0.836533 
0.88554 0.612596 
0.147853 0.579548 
0.406469 0.807822 
0.334922 0.346603 
0.0617715 0.904795 
0.711198 0.001369 
0.111712 0.329184 
0.20803 0.381926 
0.855189 0.582796 
0.570785 0.279088 
0.0942927 0.181069 
0.85806 0.62342 
0.948568 0.664558 
0.753996 0.404366 
0.0391883 0.328429 
0.0970816 0.245217 
0.373264 0.875271 
0.981729 0.0375776 
0.446685 0.299539 
0.279782 0.440538 
0.409131 0.549263 
0.746635 0.20334 
0.510598 0.0390588 
0.328249 0.0935685 
0.88447 0.124338 
0.794657 0.873921 
0.559266 0.718043 
0.740999 0.176061 
0.338198 0.837412 
0.936939 0.252503 
0.333244 0.998602 
0.0280802 0.24583 
0.0548016 0.224638 
0.843112 0.612812 
0.189233 0.260452 
0.227814 0.519249 
0.863804 0.372165 
0.537178 0.674204 
0.697047 0.56308 
0.0901256 0.885138 
0.00321744 0.163401 
0.30503 0.562436 
0.791347 0.422953 
0.503315 0.685341 
0.744831 0.747424 
0.47322 0.737949 
0.678934 0.556548 
0.61524 0.262364 
0.749356 0.490919 
0.299754 0.483182 
0.96197 0.767167 
0.536337 0.906613 
0.934919 0.357382 
0.0821823 0.120888 
0.63397 0.958163 
0.000381477 0.560728 
0.462477 0.33484 
0.35299 0.945415 
0.533667 0.994049 
0.693503 0.568775 
0.773035 0.424712 
0.930564 0.444663 
0.279035 0.266164 
0.125119 0.165682 
0.913353 0.44376 
0.875848 0.989801 
0.5311 0.790911 
0.66702 0.71811 
0.435323 0.161996 
0.470977 0.428674 
0.268313 0.84716 
0.691229 0.709381 
0.241116 0.945955 
0.349673 0.549565 
0.743217 0.995515 
0.876873 0.26897 
0.871929 0.478355 
0.998974 0.433754 
0.421571 0.212803 
0.642616 0.0379518 
0.407882 0.505586 
0.699573 0.397582 
0.00376717 0.630531 
0.353153 0.497829 
0.969104 0.525802 
0.775062 0.0766559 
0.973964 0.902373 
0.713391 0.933911 
0.587356 0.293073 
0.188065 0.475868 
0.0763868 0.835833 
0.410476 0.0536326 
0.29915 0.0783679 
0.510068 0.829137 
0.499557 0.655368 
0.0953895 0.449518 
0.210361 0.763862 
0.0226821 0.742073 
0.181718 0.943806 
0.0841302 0.255329 
0.166515 0.336123 
0.645194 0.486214 
0.946033 0.629352 
0.930616 0.488622 
0.986043 0.647024 
0.273847 0.671847 
0.0829379 0.800772 
0.810214 0.0829414 
0.351353 0.141091 
0.413278 0.122263 
0.109893 0.0346643 
0.549647 0.746095 
0.00283586 0.718427 
0.225009 0.309108 
0.74369 0.691637 
0.959243 0.580414 
0.509692 0.706381 
0.345761 0.599534 
0.726678 0.0615115 
0.115883 0.4649 
0.427297 0.0519692 
0.340688 0.805862 
0.883983 0.0797608 
0.48331 0.639551 
0.0250786 0.00498834 
0.709244 0.790212 
0.703687 0.0502236 
0.319805 0.49507 
0.376199 0.824821 
0.161176 0.41337 
0.452224 0.555249 
0.0692532 0.463736 
0.0067718 0.541614 
0.926682 0.478533 
0.346456 0.750609 
0.649895 0.334718 
0.974058 0.40358 
0.562315 0.523064 
0.024775 0.8605 
0.0600508 0.236261 
0.275631 0.266968 
0.747944 0.735058 
0.857187 0.12052 
0.394098 0.538591 
0.748759 0.411992 
0.382819 0.513859 
0.0582919 0.571053 
0.233746 0.427013 
0.0332698 0.855707 
0.244943 0.75091 
0.279497 0.417338 
0.942767 0.978725 
0.98199 0.633008 
0.999465 0.371968 
0.668366 0.8348 
0.22396 0.945356 
0.123389 0.181859 
0.654137 0.76349 
0.123206 0.150022 
0.185268 0.411327 
0.474366 0.5716 
0.77806 0.185428 
0.673452 0.547579 
0.491219 0.886466 
0.0743352 0.00538917 
0.601435 0.731929 
0.200911 0.767458 
0.465876 0.916622 
0.698131 0.494489 
0.436877 0.90551 
0.811269 0.595657 
0.141647 0.833768 
0.236379 0.3054 
0.29789 0.353488 
0.173577 0.679944 
0.208204 0.934252 
0.265456 0.386859 
0.69274 0.339901 
0.823002 0.942708 
0.45291 0.354413 
0.13377 0.13016 
0.799765 0.164552 
0.292318 0.125834 
0.249279 0.767957 
0.438034 0.740211 
0.55473 0.647489 
0.488061 0.239263 
0.177221 0.146622 
0.500911 0.660268 
0.250049 0.731859 
0.594089 0.609905 
0.204116 0.599212 
0.943386 0.551096 
0.287793 0.39156 
0.458635 0.733031 
0.90468 0.115851 
0.33996 0.0794013 
0.948961 0.376175 
0.237035 0.263342 
0.932829 0.11424 
0.848079 0.319923 
0.751406 0.21224 
0.8941 0.977968 
0.410643 0.464143 
0.58013 0.588093 
0.47878 0.146554 
0.930471 0.745487 
0.325367 0.132827 
0.0223158 0.358528 
0.797297 0.943908 
0.695198 0.0141215 
0.558978 0.484836 
0.211208 0.730086 
0.105353 0.526659 
0.0177768 0.855978 
0.747438 0.494312 
0.794906 0.73101 
0.294063 0.237285 
0.334381 0.382127 
0.146609 0.566221 
0.597624 0.562346 
0.0886864 0.314563 
0.307662 0.200663 
0.680918 0.995439 
0.90953 0.0393017 
0.0442481 0.474997 
0.140247 0.815525 
0.965008 0.898619 
0.883769 0.620868 
0.279415 0.0827388 
0.506678 0.515559 
0.68945 0.500974 
0.394165 0.357188 
0.240362 0.0289592 
0.820464 0.980182 
0.247277 0.461344 
0.718838 0.709272 
0.215226 0.679756 
0.0514201 0.0226197 
0.86831 0.199177 
0.874985 0.129451 
0.892243 0.952025 
0.311568 0.718935 
0.0428879 0.703685 
0.697174 0.721838 
0.510153 0.308329 
0.8469 0.0928682 
0.322759 0.530903 
0.557032 0.686298 
0.8559 0.244312 
0.0918577 0.504599 
0.256917 0.436409 
0.700407 0.287382 
0.912405 0.887591 
0.250861 0.303821 
0.112074 0.163708 
0.270109 0.807731 
0.170219 0.370559 
0.536053 0.677797 
0.992103 0.66141 
0.010215 0.23153 
0.822635 0.717803 
0.803191 0.794096 
0.342524 0.515037 
0.168579 0.408627 
0.423389 0.966552 
0.55907 0.824693 
0.24514 0.267086 
0.329097 0.017797 
0.0857713 0.423723 
0.256215 0.014769 
0.27585 0.583344 
0.365121 0.920399 
0.0841081 0.0086677 
0.205617 0.0349289 
0.00251128 0.893732 
0.99826 0.973448 
0.80214 0.402546 
0.763322 0.719482 
0.829904 0.454272 
0.898621 0.48093 
0.520388 0.0187468 
0.753139 0.382774 
0.946882 0.460276 
0.833548 0.904919 
0.283609 0.190344 
0.0382694 0.650499 
0.939635 0.54059 
0.156838 0.312113 
0.796608 0.763756 
0.582153 0.347777 
0.227052 0.283656 
0.540727 0.859546 
0.885589 0.651362 
0.713327 0.804758 
0.959582 0.833805 
0.444625 0.543838 
0.135418 0.414591 
0.140829 0.564613 
0.272472 0.990863 
0.46182 0.50485 
0.740592 0.205083 
0.312908 0.125958 
0.326206 0.871275 
0.762668 0.738306 
0.650352 0.352058 
0.87748 0.740369 
0.390908 0.432488 
0.537445 0.554845 
0.944908 0.829843 
0.407869 0.055602 
0.754904 0.296672 
0.0584471 0.971156 
0.173226 0.983153 
0.394636 0.665098 
0.63178 0.668815 
0.101704 0.728214 
0.327636 0.352308 
0.962121 0.915549 
0.015525 0.517656 
0.147591 0.503485 
0.694973 0.971747 
0.857414 0.400009 
0.0200349 0.774479 
0.844119 0.858723 
0.705993 0.316165 
0.649271 0.919296 
0.477496 0.779995 
0.00412436 0.56974 
0.433664 0.38457 
0.257781 0.877699 
0.776323 0.85154 
0.568314 0.684262 
0.52898 0.354904 
0.351832 0.239355 
0.696824 0.201786 
0.847886 0.835148 
0.0941314 0.0539825 
0.860279 0.816264 
0.581317 0.690965 
0.692106 0.507283 
0.657017 0.0455638 
0.610084 0.931413 
0.185549 0.381165 
0.255541 0.456873 
0.775177 0.591583 
0.0680436 0.35526 
0.150626 0.676612 
0.734977 0.853101 
0.882003 0.34853 
0.846308 0.310655 
0.848087 0.398283 
0.18836 0.229209 
0.0262205 0.557582 
0.487955 0.141829 
0.94982 0.670208 
0.204316 0.388104 
0.110989 0.272683 
0.737008 0.17781 
0.608105 0.750612 
0.818309 0.664827 
0.390393 0.662217 
0.0559965 0.883848 
0.764782 0.549388 
0.430573 0.847966 
0.971633 0.354521 
0.752321 0.833044 
0.203018 0.624469 
0.927384 0.830242 
0.352939 0.627161 
0.227508 0.192173 
0.622403 0.983721 
0.554518 0.381346 
0.747695 0.217202 
0.429341 0.584649 
0.93798 0.171037 
0.574924 0.54652 
0.530859 0.705343 
0.509444 0.491075 
0.9961 0.432168 
0.142159 0.821497 
0.574799 0.177817 
0.33854 0.433985 
0.513085 0.798786 
0.323547 0.713202 
0.791504 0.384671 
0.991383 0.531873 
0.764124 0.49795 
0.866778 0.735563 
0.999548 0.623958 
0.214814 0.295081 
0.303574 0.313367 
0.411426 0.349979 
0.230057 0.476984 
0.110941 0.494755 
0.29792 0.735006 
0.405082 0.210592 
0.336744 0.839647 
0.602645 0.113966 
0.794902 0.764986 
0.579653 0.389563 
0.443092 0.631793 
0.349833 0.673689 
0.708701 0.174665 
0.645442 0.972891 
0.750207 0.545376 
0.289537 0.0513083 
0.495975 0.206786 
0.61201 0.695529 
0.123528 0.54131 
0.223824 0.548588 
0.414162 0.367406 
0.840038 0.395491 
0.0462835 0.0990078 
0.901975 0.861893 
0.163163 0.682037 
0.522979 0.672841 
0.470986 0.363431 
0.280531 0.299904 
0.535843 0.302699 
0.553489 0.333639 
0.682549 0.0874352 
0.621753 0.435963 
0.394655 0.911773 
0.269921 0.584383 
0.033994 0.515893 
0.439388 0.133696 
0.083442 0.417787 
0.870383 0.9084 
0.479382 0.934492 
0.833437 0.577554 
0.826047 0.943268 
0.0566545 0.209307 
0.399993 0.759709 
0.812387 0.452632 
0.433967 0.825272 
0.413011 0.439218 
0.849386 0.0611566 
0.565515 0.481506 
0.658671 0.740638 
0.803525 0.00437339 
0.837351 0.287241 
0.492216 0.902779 
0.926572 0.115814 
0.83584 0.904457 
0.496661 0.378883 
0.807625 0.72185 
0.241961 0.015588 
0.352039 0.303673 
0.419391 0.178716 
0.93199 0.85883 
0.550424 0.55418 
0.178385 0.453172 
0.737053 0.50299 
0.0469618 0.730996 
0.566813 0.717507 
0.953961 0.513676 
0.574076 0.516317 
0.510701 0.95853 
0.683472 0.304636 
0.0903583 0.150353 
0.74786 0.500975 
0.503483 0.107934 
0.774373 0.954653 
0.304461 0.885164 
0.864853 0.122846 
0.769844 0.717789 
0.468891 0.127728 
0.620282 0.922977 
0.973966 0.278485 
0.570893 0.79279 
0.672486 0.776949 
0.410159 0.350293 
0.300388 0.67427 
0.16394 0.908193 
0.924565 0.650949 
0.76618 0.11711 
0.726374 0.250327 
0.262427 0.780195 
0.129524 0.14809 
0.890075 0.355754 
0.676283 0.756726 
0.787473 0.46023 
0.77705 0.223667 
0.389482 0.925683 
0.347028 0.0963891 
0.0748927 0.564518 
0.785894 0.306351 
0.789121 0.898071 
0.969818 0.789321 
0.579639 0.806265 
0.66088 0.943247 
0.955829 0.237825 
0.992529 0.828177 
0.699068 0.0190049 
0.361889 0.781237 
0.542972 0.765128 
0.456872 0.960529 
0.55889 0.746007 
0.475376 0.0756701 
0.212122 0.859896 
0.633649 0.29661 
0.664263 0.908555 
0.189067 0.130496 
0.794131 0.348041 
0.969229 0.402675 
0.466661 0.0700152 
0.211996 0.75044 
0.755735 0.236102 
0.306508 0.665304 
0.489212 0.298282 
0.426881 0.285239 
0.0533463 0.712607 
0.979345 0.755662 
0.780297 0.535678 
0.0195587 0.122664 
0.619041 0.223772 
0.727095 0.0438244 
0.263389 0.291896 
0.713265 0.939651 
0.0102092 0.40592 
0.27422 0.00930571 
0.504467 0.0961587 
0.064891 0.300662 
0.923565 0.217557 
0.451127 0.621066 
0.877282 0.826092 
0.648795 0.596153 
0.984334 0.551023 
0.108635 0.287026 
0.169998 0.305822 
0.649739 0.969819 
0.668611 0.581421 
0.331297 0.873932 
0.864398 0.594863 
0.506628 0.547631 
0.754082 0.0549623 
0.683395 0.882395 
0.533908 0.487518 
0.981311 0.480311 
0.964219 0.70195 
0.285038 0.815976 
0.286792 0.553388 
0.855932 0.809409 
0.112836 0.360164 
0.823242 0.218924 
0.620935 0.362946 
0.163053 0.758696 
0.0951393 0.865781 
0.878178 0.850995 
0.551826 0.227355 
0.858696 0.659085 
0.177498 0.1065 
0.889508 0.75701 
0.703667 0.21679 
0.594188 0.0870018 
0.833578 0.372488 
0.614887 0.65364 
0.275055 0.808179 
0.191774 0.534742 
0.496836 0.817083 
0.200796 0.133451 
0.433518 0.837502 
0.940673 0.443674 
0.00950026 0.414005 
0.742764 0.168486 
0.797672 0.0258024 
0.925908 0.71813 
0.890545 0.563038 
0.473587 0.00285789 
0.698094 0.841544 
0.58582 0.33148 
0.219867 0.820363 
0.468973 0.695961 
0.667626 0.863066 
0.2857 0.219885 
0.412017 0.246867 
0.514925 0.0098419 
0.706407 0.953148 
0.512295 0.425813 
0.629426 0.946191 
0.901035 0.866918 
0.540075 0.678956 
0.799785 0.871535 
0.288195 0.778771 
0.318432 0.438598 
0.113447 0.410714 
0.659195 0.408803 
0.135525 0.0288232 
0.125834 0.963613 
0.625856 0.758502 
0.66541 0.318244 
0.25156 0.182525 
0.0187431 0.832959 
0.871715 0.184962 
0.754981 0.161983 
0.395515 0.62345 
0.600903 0.894957 
0.886586 0.98977 
0.717068 0.743736 
0.09345 0.782109 
0.66915 0.588228 
0.884462 0.352355 
0.539971 0.27689 
0.50465 0.0544649 
0.871478 0.339939 
0.821707 0.450577 
0.668391 0.264777 
0.932855 0.274639 
0.477317 0.178186 
0.458265 0.762655 
0.499627 0.836805 
0.426245 0.812209 
0.543712 0.0925107 
0.417816 0.624093 
0.441275 0.70108 
0.595272 0.0490111 
0.462042 0.758034 
0.261601 0.209955 
0.782695 0.763605 
0.421246 0.684692 
0.0567706 0.0423266 
0.939617 0.863738 
0.400037 0.123853 
0.282399 0.28155 
0.180642 0.576879 
0.625299 0.138625 
0.97165 0.725435 
0.604404 0.256839 
0.0490085 0.104075 
0.802061 0.467052 
0.740226 0.303899 
0.554166 0.627502 
0.354508 0.0101396 
0.704934 0.713847 
0.16005 0.473139 
0.464082 0.58795 
0.627938 0.219159 
0.717018 0.710064 
0.826859 0.0838718 
0.56916 0.970674 
0.976752 0.345178 
0.0158124 0.531396 
0.408477 0.458266 
0.253943 0.620632 
0.518969 0.863993 
0.0182653 0.65791 
0.288219 0.110905 
0.819735 0.565207 
0.345624 0.799612 
0.55456 0.418393 
0.429883 0.628419 
0.385253 0.231592 
0.0176845 0.646256 
0.150522 0.642418 
0.254764 0.334235 
0.734257 0.367674 
0.761243 0.537781 
0.536499 0.367673 
0.322408 0.343692 
0.220275 0.791073 
0.793613 0.30654 
0.831529 0.772237 
0.555743 0.236775 
0.755784 0.30643 
0.924769 0.586732 
0.315478 0.666935 
0.153663 0.393499 
0.770737 0.393721 
0.644735 0.429284 
0.287344 0.690712 
0.628772 0.408456 
0.373325 0.482689 
0.96959 0.539944 
0.801002 0.410072 
0.985253 0.190712 
0.749762 0.281863 
0.729227 0.227784 
0.693006 0.435907 
0.24321 0.486547 
0.886126 0.656053 
0.0564945 0.596599 
0.215696 0.657175 
0.303602 0.657791 
0.800909 0.832641 
0.538874 0.504087 
0.753539 0.966974 
0.536838 0.752244 
0.315608 0.674518 
0.335646 0.633022 
0.460822 0.0675799 
0.763531 0.335973 
0.210566 0.0133649 
0.514232 0.136358 
0.902897 0.500664 
0.649702 0.468091 
0.848343 0.935488 
0.880787 0.322761 
0.0770853 0.397072 
0.844406 0.736841 
0.672623 0.968408 
0.00325285 0.481434 
0.134951 0.889 
0.196919 0.866113 
0.62429 0.137564 
0.152421 0.382821 
0.794183 0.126507 
0.518162 0.229413 
0.486931 0.115557 
0.918386 0.855274 
0.286568 0.880542 
0.924467 0.932741 
0.525491 0.284624 
0.0350281 0.773099 
0.205476 0.0860454 
0.0820562 0.771404 
0.94125 0.475545 
0.502011 0.806674 
0.739069 0.422066 
0.380848 0.39985 
0.215466 0.0871376 
0.243087 0.633881 
0.757955 0.628199 
0.0664104 0.0780136 
0.938137 0.778689 
0.880683 0.619668 
0.750475 0.672064 
0.811696 0.93296 
0.0773614 0.918262 
0.770893 0.170027 
0.686171 0.509794 
0.89949 0.275328 
0.124224 0.410789 
0.765012 0.346959 
0.33016 0.374384 
0.0730443 0.756883 
0.981842 0.263874 
0.830228 0.479396 
0.543529 0.722984 
0.453471 0.275355 
0.363153 0.510539 
0.125833 0.0924423 
0.602793 0.690225 
0.522054 0.225505 
0.40665 0.104674 
0.701461 0.0453804 
0.501454 0.17572 
0.856132 0.409052 
0.897108 0.918712 
0.34799 0.75831 
0.811186 0.157285 
0.656267 0.860608 
0.547837 0.178014 
0.741451 0.0565963 
0.127817 0.405327 
0.649482 0.368595 
0.827824 0.243754 
0.973912 0.969704 
0.331218 0.856291 
0.209869 0.862716 
0.447183 0.206275 
0.609294 0.617041 
0.877285 0.475416 
0.00847584 0.328538 
0.0563363 0.596956 
0.696929 0.587703 
0.503931 0.833545 
0.540469 0.595372 
0.705078 0.600203 
0.672425 0.0708216 
0.510119 0.3333 
0.577623 0.478456 
0.593943 0.413269 
0.429295 0.491221 
0.295086 0.407407 
0.296896 0.69718 
0.690648 0.220227 
0.084609 0.417538 
0.363983 0.17344 
0.894283 0.463586 
0.990774 0.527884 
0.126239 0.458011 
0.919346 0.965782 
0.356525 0.312425 
0.377883 0.845412 
0.783231 0.182728 
0.936249 0.60013 
0.4713 0.246652 
0.0554739 0.104584 
0.000312857 0.151394 
0.128232 0.0625232 
0.205822 0.13377 
0.91448 0.154806 
0.90791 0.31385 
0.117154 0.322476 
0.287182 0.321946 
0.00384978 0.934945 
0.101107 0.074046 
0.796233 0.305089 
0.846458 0.372905 
0.244645 0.820967 
0.493704 0.918332 
0.54901 0.897375 
0.906755 0.564668 
0.929688 0.391744 
0.278471 0.377239 
0.956664 0.344492 
0.008493 0.841455 
0.621415 0.997944 
0.637928 0.718258 
0.375734 0.193531 
0.101065 0.321948 
0.339356 0.00844869 
0.784821 0.586735 
0.148414 0.254071 
0.862483 0.86702 
0.648301 0.389988 
0.933642 0.704848 
0.17053 0.720901 
0.25313 0.524851 
0.0367525 0.00295884 
0.196568 0.779527 
0.639326 0.610842 
0.998987 0.990068 
0.870818 0.662516 
0.756139 0.766609 
0.153021 0.261424 
0.67967 0.266514 
0.486069 0.269312 
0.11883 0.739457 
0.119098 0.0710729 
0.185981 0.999271 
0.973624 0.633144 
0.435134 0.391281 
0.520183 0.726412 
0.390649 0.64239 
0.599022 0.210767 
0.286628 0.488772 
0.591695 0.690113 
0.926365 0.771648 
0.4584 0.873608 
0.689603 0.10856 
0.843279 0.930539 
0.338385 0.342885 
0.73031 0.186344 
0.678862 0.553816 
0.765391 0.277668 
0.15441 0.682559 
0.67866 0.642305 
0.220451 0.227445 
0.0115868 0.614465 
0.632246 0.389814 
0.587286 0.934144 
0.0849427 0.929637 
0.952565 0.426335 
0.112714 0.327274 
0.622694 0.301251 
0.43471 0.0157932 
0.481937 0.0807912 
0.821415 0.127807 
0.519663 0.432488 
0.093359 0.99152 
0.675924 0.649904 
0.492424 0.523944 
0.881104 0.0486088 
0.0210023 0.193605 
0.475161 0.236884 
0.787087 0.197191 
0.18542 0.439474 
0.673522 0.163436 
0.844367 0.511514 
0.953341 0.546138 
0.988739 0.0950458 
0.404177 0.223519 
0.646019 0.904739 
0.468545 0.0343357 
0.771462 0.346689 
0.307536 0.596274 
0.311294 0.312085 
0.148087 0.257204 
0.828201 0.825077 
0.105079 0.166489 
0.7661 0.286377 
0.0502775 0.668848 
0.015987 0.408594 
0.532287 0.276479 
0.0784045 0.525281 
0.812371 0.95668 
0.329288 0.832292 
0.388051 0.279147 
0.138788 0.98088 
0.933391 0.502003 
0.902543 0.775275 
0.262231 0.205867 
0.605029 0.350263 
0.381455 0.417425 
0.0105612 0.0328895 
0.400352 0.423402 
0.866525 0.922262 
0.583239 0.151515 
0.702076 0.245559 
0.298597 0.518898 
0.853653 0.2008 
0.933359 0.992782 
0.489443 0.333786 
0.64869 0.318524 
0.193358 0.252848 
0.753581 0.957347 
0.571899 0.943215 
0.974748 0.624332 
0.917048 0.670215 
0.394661 0.98366 
0.944026 0.139001 
0.730936 0.008042 
0.00512237 0.435619 
0.146721 0.255648 
0.871613 0.575497 
0.147093 0.62029 
0.352219 0.127875 
0.559228 0.506834 
0.19727 0.131733 
0.153709 0.199167 
0.841341 0.580373 
0.791999 0.0039956 
0.994021 0.0851718 
0.74012 0.882123 
0.804061 0.755062 
0.389211 0.317297 
0.735681 0.471546 
0.452786 0.692343 
0.658135 0.459883 
0.0982123 0.791352 
0.121432 0.880001 
0.458976 0.953312 
0.46209 0.540513 
0.351051 0.706131 
0.43461 0.0412124 
0.226969 0.558506 
0.253178 0.226073 
0.529151 0.769646 
0.880033 0.719145 
0.612993 0.247669 
0.727475 0.0665478 
0.115751 0.388394 
0.0359679 0.865986 
0.567568 0.864304 
0.355933 0.626634 
0.813959 0.566893 
0.834012 0.885656 
0.66739 0.75079 
0.741598 0.298447 
0.659878 0.440323 
0.961272 0.291816 
0.189136 0.199103 
0.310098 0.632602 
0.699238 0.791293 
0.687576 0.854756 
0.176078 0.0640284 
0.201502 0.204555 
0.615472 0.490276 
0.987343 0.503982 
0.251962 0.0516877 
0.804392 0.100833 
0.046513 0.514241 
0.393235 0.245643 
0.724761 0.747989 
0.506353 0.736414 
0.838543 0.725384 
0.644948 0.107412 
0.800689 0.719245 
0.0152383 0.00220355 
0.42473 0.214594 
0.376004 0.860838 
0.962263 0.605276 
0.0211145 0.589 
0.0891223 0.179825 
0.783543 0.552731 
0.951884 0.00127781 
0.425352 0.227163 
0.803143 0.648897 
0.196007 0.0927029 
0.517331 0.887223 
0.75762 0.959636 
0.165667 0.71429 
0.776373 0.122285 
0.42837 0.46597 
0.766026 0.16744 
0.791116 0.974632 
0.34621 0.210566 
0.704301 0.249463 
0.5994 0.771877 
0.186388 0.562176 
0.868637 0.646708 
0.469451 0.0480411 
0.271636 0.940784 
0.545572 0.674987 
0.187143 0.944071 
0.288562 0.954581 
0.193804 0.861534 
0.336048 0.544027 
0.0457608 0.673197 
0.975218 0.274193 
0.874739 0.905716 
0.828966 0.711217 
0.312266 0.88052 
0.105555 0.993703 
0.388434 0.648244 
0.722571 0.228527 
0.701843 0.850253 
0.948731 0.301449 
0.119007 0.819693 
0.839929 0.992425 
0.767433 0.547752 
0.508085 0.270569 
0.216794 0.133131 
0.524225 0.246282 
0.722251 0.222664 
0.890779 0.358063 
0.00498149 0.382182 
0.716241 0.729855 
0.282878 0.0357453 
0.395753 0.750538 
0.0472213 0.270615 
0.406824 0.819147 
0.469567 0.108212 
0.495013 0.477616 
0.495165 0.0975195 
0.601396 0.141446 
0.0837282 0.80112 
0.12987 0.699385 
0.0202489 0.315814 
0.54822 0.63831 
0.905197 0.908999 
0.710009 0.517741 
0.332183 0.786211 
0.309149 0.133234 
0.332466 0.789916 
0.808927 0.879421 
0.75193 0.86566 
0.0124002 0.0117977 
0.0382264 0.621467 
0.822335 0.205339 
0.748822 0.587258 
0.664568 0.660936 
0.535535 0.664759 
0.165011 0.408099 
0.644093 0.685293 
0.509831 0.0760823 
0.473037 0.382567 
0.431737 0.424495 
0.0413117 0.901283 
0.161381 0.62311 
0.615494 0.712415 
0.141631 0.52737 
0.720847 0.101698 
0.692539 0.423445 
0.367938 0.0570265 
0.212919 0.224429 
0.393481 0.724427 
0.338578 0.844302 
0.110578 0.329933 
0.252865 0.769754 
0.324808 0.516431 
0.248093 0.580212 
0.651558 0.442054 
0.337664 0.7978 
0.343036 0.6232 
0.13813 0.171082 
0.0613504 0.640001 
0.569642 0.319388 
0.164862 0.330831 
0.36012 0.289497 
0.0797683 0.181681 
0.432622 0.709196 
0.446055 0.0984477 
0.550203 0.52811 
0.0021814 0.0645674 
0.650435 0.616974 
0.710405 0.979564 
0.340517 0.240838 
0.5277 0.436582 
0.304603 0.908841 
0.378169 0.00257899 
0.755881 0.418363 
0.392797 0.3979 
0.00976077 0.220656 
0.123234 0.566717 
0.172394 0.0617226 
0.767072 0.578403 
0.436898 0.359333 
0.512653 0.58434 
0.727457 0.983675 
0.578984 0.219844 
0.63722 0.253389 
0.435405 0.774045 
0.491107 0.146503 
0.486113 0.521428 
0.162939 0.00872283 
0.584261 0.4975 
0.943612 0.317819 
0.589367 0.185658 
0.153461 0.0675551 
0.636371 0.515903 
0.168533 0.796461 
0.638233 0.448996 
0.05625 0.536588 
0.0186529 0.927917 
0.565782 0.952837 
0.685034 0.86102 
0.530587 0.750433 
0.16728 0.802599 
0.851235 0.798311 
0.205954 0.497746 
0.112253 0.186841 
0.0692025 0.069082 
0.221237 0.37808 
0.979303 0.597327 
0.857337 0.228643 
0.998805 0.664749 
0.831927 0.568239 
0.338053 0.811199 
0.938054 0.247643 
0.506572 0.257926 
0.642402 0.654399 
0.679795 0.633862 
0.089733 0.117951 
0.211924 0.813385 
0.388368 0.411882 
0.458246 0.294771 
0.0373871 0.37989 
0.617968 0.740541 
0.654702 0.0650141 
0.847876 0.604847 
0.754477 0.777499 
0.477677 0.207054 
0.612414 0.452367 
0.358493 0.258744 
0.874521 0.14348 
0.514725 0.314717 
0.38606 0.509833 
0.844559 0.40257 
0.136856 0.569012 
0.367098 0.784425 
0.616762 0.649208 
0.0249381 0.48344 
0.82008 0.0223955 
0.57368 0.193741 
0.866876 0.553668 
0.853286 0.251438 
0.808412 0.121628 
0.571167 0.170497 
0.763338 0.152869 
0.860723 0.736083 
0.489129 0.0888478 
0.749733 0.644719 
0.420125 0.58231 
0.766251 0.565968 
0.48235 0.0826343 
0.0332199 0.859959 
0.168644 0.968863 
0.331141 0.211271 
0.399045 0.892148 
0.295865 0.078627 
0.728427 0.440943 
0.40807 0.918762 
0.657105 0.646414 
0.609022 0.20081 
0.811347 0.873547 
0.189229 0.592684 
0.497717 0.126742 
0.947891 0.729866 
0.664668 0.66851 
0.809753 0.45511 
0.170884 0.336057 
0.102947 0.714483 
0.725082 0.313355 
0.218716 0.59915 
0.512452 0.0779716 
0.318756 0.0606445 
0.107047 0.703258 
0.0579794 0.025987 
0.437693 0.892601 
0.57128 0.239612 
0.464012 0.0376654 
0.00243269 0.701557 
0.737053 0.715715 
0.339375 0.406684 
0.237709 0.619155 
0.324401 0.478948 
0.0125408 0.572353 
0.171833 0.942767 
0.358294 0.27725 
0.492693 0.692127 
0.16158 0.0993499 
0.866444 0.649565 
0.794864 0.744556 
0.226574 0.186007 
0.644718 0.495953 
0.340289 0.231587 
0.647371 0.868372 
0.0135377 0.396708 
0.152119 0.797774 
0.407039 0.906353 
0.74452 0.390137 
0.932782 0.896059 
0.184766 0.986368 
0.289178 0.126789 
0.573909 0.506032 
0.692521 0.789648 
0.519845 0.316045 
0.501134 0.0791635 
0.615985 0.571418 
0.819263 0.153229 
0.941215 0.0029397 
0.700836 0.140397 
0.723252 0.528694 
0.570079 0.338998 
0.701564 0.710309 
0.335865 0.15175 
0.266931 0.104764 
0.48331 0.619042 
0.558591 0.984024 
0.873871 0.259386 
0.0733756 0.912237 
0.819618 0.158102 
0.381359 0.258107 
0.458521 0.51639 
0.984664 0.956466 
0.811819 0.976329 
0.33843 0.557961 
0.430445 0.00653349 
0.0287168 0.147248 
0.722514 0.674205 
0.238182 0.455687 
0.407307 0.310542 
0.355713 0.190861 
0.380907 0.943099 
0.1366 0.668639 
0.460657 0.762402 
0.310482 0.867693 
0.629115 0.648392 
0.325108 0.605629 
0.997729 0.140339 
0.055076 0.488728 
0.566843 0.625676 
0.055722 0.241648 
0.815442 0.306043 
0.35455 0.635762 
0.915858 0.446394 
0.70032 0.312912 
0.168364 0.168205 
0.115783 0.442182 
0.850357 0.0852298 
0.493401 0.738364 
0.777412 0.129967 
0.374543 0.416896 
0.937441 0.293058 
0.840797 0.385376 
0.787595 0.472728 
0.185609 0.828096 
0.889355 0.697766 
0.807042 0.64339 
0.507654 0.511686 
0.179511 0.507482 
0.772714 0.567262 
0.503765 0.444445 
0.605368 0.958312 
0.385101 0.326341 
0.954237 0.282212 
0.735079 0.863975 
0.475252 0.5132 
0.468226 0.749462 
0.42682 0.527206 
0.949679 0.528995 
0.39103 0.929138 
0.759801 0.738802 
0.377845 0.936539 
0.202033 0.177198 
0.720939 0.42077 
0.671677 0.758474 
0.338579 0.490507 
0.623506 0.579076 
0.332795 0.671316 
0.182977 0.985477 
0.571489 0.288882 
0.422585 0.363472 
0.521688 0.0791122 
0.626745 0.866598 
0.489069 0.44522 
0.539174 0.366591 
0.0788353 0.0175605 
0.823351 0.0850263 
0.479705 0.481999 
0.844271 0.880914 
0.709356 0.989347 
0.906208 0.924041 
0.422222 0.638151 
0.330151 0.0678135 
1.19293e-05 0.153655 
0.0215743 0.863196 
0.316182 0.978248 
0.0461675 0.0451681 
0.926567 0.724388 
0.0249057 0.776013 
0.812683 0.189267 
0.463341 0.88999 
0.0903174 0.254466 
0.551268 0.644228 
0.0688244 0.765742 
0.54301 0.2727 
0.699823 0.851501 
0.84651 0.350793 
0.809892 0.432988 
0.595709 0.451654 
0.363932 0.48013 
0.349358 0.33936 
0.696907 0.847499 
0.8343 0.974958 
0.769441 0.875651 
0.663524 0.445315 
0.738874 0.200539 
0.0162093 0.116458 
0.534337 0.759112 
0.984608 0.355724 
0.790495 0.738072 
0.263425 0.709615 
0.68582 0.943806 
0.770962 0.037241 
0.255475 0.741048 
0.0935714 0.0774476 
0.477087 0.468433 
0.543318 0.470408 
0.852121 0.677729 
0.17669 0.00403774 
0.433523 0.836882 
0.349727 0.320725 
0.912101 0.707334 
0.00412954 0.343312 
0.649593 0.922688 
0.399569 0.659025 
0.452966 0.349156 
0.369078 0.983667 
0.190167 0.304995 
0.00228055 0.0534586 
0.0209033 0.757382 
0.020267 0.185425 
0.793876 0.870056 
0.0179308 0.205869 
0.824347 0.219941 
0.102503 0.447984 
0.773545 0.916186 
0.681289 0.640815 
0.339492 0.931147 
0.665457 0.665684 
0.545437 0.141348 
0.32782 0.264575 
0.434599 0.122726 
0.325116 0.341439 
0.286663 0.451939 
0.577347 0.952033 
0.109397 0.765322 
0.923976 0.282101 
0.139461 0.827556 
0.908838 0.26957 
0.187649 0.505935 
0.522836 0.845326 
0.0357011 0.634479 
0.102466 0.378574 
0.252548 0.255015 
0.660336 0.367255 
0.95912 0.0282605 
0.741514 0.271566 
0.408775 0.697568 
0.889605 0.295396 
0.366624 0.253882 
0.337313 0.566575 
0.434002 0.725933 
0.81417 0.946747 
0.835431 0.320979 
0.948035 0.266772 
0.0510718 0.8177 
0.624335 0.548875 
0.013844 0.704522 
0.864776 0.115881 
0.227669 0.586541 
0.0087566 0.182612 
0.797521 0.218958 
0.557583 0.987366 
0.958721 0.0218434 
0.212719 0.697991 
0.083149 0.1556 
0.587311 0.543514 
0.701566 0.0656152 
0.612823 0.568212 
0.79728 0.830613 
0.610785 0.785076 
0.386586 0.671148 
0.0570898 0.553163 
0.0403401 0.702164 
0.179926 0.690043 
0.875679 0.74782 
0.690156 0.669217 
0.0131406 0.870585 
0.618691 0.753985 
0.731278 0.708289 
0.0487152 0.311398 
0.956871 0.192132 
0.0424829 0.537048 
0.901662 0.807436 
0.604604 0.589592 
0.142253 0.0460614 
0.900374 0.0389317 
0.43547 0.201164 
0.227788 0.401078 
0.543568 0.638611 
0.679679 0.178412 
0.352232 0.102889 
0.662947 0.963498 
0.71008 0.308675 
0.355887 0.269177 
0.647204 0.023532 
0.939944 0.0418186 
0.775588 0.870305 
0.998914 0.436226 
0.86005 0.442951 
0.283675 0.374473 
0.0575272 0.673299 
0.0516878 0.693999 
0.372778 0.363305 
0.772395 0.987473 
0.641969 0.191221 
0.59332 0.995239 
0.965486 0.275259 
0.163166 0.556171 
0.107546 0.973308 
0.881823 0.568528 
0.392284 0.352781 
0.81761 0.153609 
0.258465 0.973365 
0.761548 0.489334 
0.78732 0.473322 
0.804941 0.0443584 
0.417082 0.136948 
0.292582 0.392352 
0.0656692 0.725551 
0.23347 0.290889 
0.397923 0.85095 
0.197751 0.751585 
0.572516 0.0938498 
0.503539 0.020657 
0.587357 0.804732 
0.17997 0.548267 
0.69472 0.514456 
0.815147 0.352185 
0.703978 0.362781 
0.322135 0.930029 
0.733929 0.72335 
0.0887682 0.989399 
0.117867 0.120316 
0.622064 0.00597619 
0.0127691 0.168542 
0.531155 0.799623 
0.933389 0.269774 
0.852183 0.854948 
0.394641 0.742017 
0.657582 0.603599 
0.320785 0.714267 
0.401617 0.0329112 
0.665381 0.399246 
0.425485 0.556792 
0.133616 0.949753 
0.54156 0.278134 
0.697762 0.526351 
0.837923 0.22125 
0.104262 0.176237 
0.314831 0.0965155 
0.310819 0.249495 
0.203489 0.310512 
0.972243 0.74289 
0.638117 0.501126 
0.493626 0.246586 
0.995139 0.527731 
0.870702 0.572307 
0.590414 0.0201111 
0.866145 0.400188 
0.684446 0.703586 
0.341041 0.182597 
0.157154 0.375885 
0.255636 0.343813 
0.139746 0.0807266 
0.333648 0.729792 
0.433033 0.125921 
0.793756 0.27059 
0.407929 0.492493 
0.254485 0.809709 
0.0327703 0.213402 
0.470534 0.827846 
0.392783 0.28618 
0.945244 0.513188 
0.87197 0.00918376 
0.336971 0.625169 
0.133271 0.924422 
0.69504 0.248715 
0.366175 0.813422 
0.336051 0.839577 
0.634114 0.416091 
0.975326 0.702601 
0.485118 0.550308 
0.747094 0.688781 
0.0263514 0.455026 
0.176321 0.329517 
0.815987 0.374282 
0.989916 0.99804 
0.371985 0.858947 
0.566255 0.823597 
0.195739 0.742176 
0.278718 0.254636 
0.515424 0.961496 
0.97541 0.875001 
0.00407088 0.562723 
0.133916 0.925306 
0.767692 0.763525 
0.621997 0.793554 
0.117495 0.255549 
0.467384 0.568881 
0.728767 0.125247 
0.656556 0.496809 
0.285439 0.707006 
0.29254 0.498583 
0.521071 0.157956 
0.995229 0.07672 
0.588043 0.456427 
0.645848 0.330712 
0.324569 0.319478 
0.448878 0.386897 
0.450536 0.299103 
0.139774 0.535797 
0.257202 0.916325 
0.0104514 0.574634 
0.607506 0.281988 
0.308632 0.9838 
0.591843 0.46387 
0.55587 0.891091 
0.572972 0.361222 
0.844515 0.206007 
0.341532 0.834387 
0.910169 0.467231 
0.442013 0.140797 
0.05757 0.424786 
0.456888 0.248052 
0.253276 0.0841182 
0.638509 0.64597 
0.235327 0.782231 
0.0306045 0.17622 
0.352416 0.853833 
0.0323683 0.581303 
0.0572009 0.907313 
0.821826 0.642586 
0.970678 0.830359 
0.651205 0.313167 
0.955511 0.455133 
0.840029 0.216315 
0.869434 0.896715 
0.484382 0.487521 
0.363518 0.79614 
0.107636 0.492867 
0.493038 0.667396 
0.711996 0.764232 
0.86169 0.861561 
0.830821 0.914199 
0.146629 0.199461 
0.445119 0.315154 
0.658966 0.408062 
0.439265 0.29225 
0.188412 0.907682 
0.614565 0.598971 
0.880944 0.510046 
0.24776 0.308094 
0.438852 0.465635 
0.72127 0.114228 
0.0318306 0.861646 
0.736514 0.00969021 
0.803448 0.114547 
0.681085 0.322978 
0.536534 0.521102 
0.246267 0.880679 
0.666291 0.513253 
0.66107 0.844247 
0.906275 0.23952 
0.0829287 0.669081 
0.348192 0.348055 
0.673115 0.715132 
0.948799 0.747108 
0.372543 0.585997 
0.523614 0.103472 
0.719167 0.727742 
0.771559 0.191236 
0.625513 0.414041 
0.432643 0.0168836 
0.334363 0.867728 
0.89484 0.651034 
0.600317 0.609613 
0.675978 0.920742 
0.18407 0.75091 
0.801913 0.197953 
0.641775 0.952626 
0.0291101 0.0511247 
0.925813 0.235417 
0.599009 0.957843 
0.859149 0.413339 
0.729192 0.955581 
0.652621 0.353674 
0.363951 0.40954 
0.335778 0.981179 
0.562146 0.580486 
0.812147 0.120046 
0.336017 0.709901 
0.601558 0.0748658 
0.978851 0.206804 
0.566032 0.824199 
0.140105 0.840927 
0.776185 0.14116 
0.823216 0.919471 
0.063796 0.806165 
0.529789 0.137914 
0.772936 0.108127 
0.110483 0.627483 
0.306379 0.559857 
0.686262 0.378227 
0.300018 0.478266 
0.0605994 0.998977 
0.698191 0.687826 
0.473179 0.455776 
0.900041 0.572989 
0.198648 0.228684 
0.71987 0.405498 
0.44345 0.296712 
0.923512 0.327958 
0.479089 0.214595 
0.137674 0.115502 
0.962479 0.557559 
0.57073 0.758821 
0.756475 0.501698 
0.0423537 0.142953 
0.650717 0.67058 
0.0982108 0.759817 
0.988125 0.840098 
0.831558 0.0907427 
0.399393 0.761208 
0.728828 0.681743 
0.536533 0.382918 
0.407838 0.896807 
0.587885 0.446726 
0.0337027 0.250557 
0.438518 0.932443 
0.113624 0.656438 
0.61494 0.23571 
0.835859 0.585516 
0.992756 0.684339 
0.217423 0.958367 
0.582128 0.203644 
0.13368 0.719101 
0.71279 0.75071 
0.431452 0.114342 
0.29594 0.519597 
0.544743 0.883943 
0.103827 0.329903 
0.61413 0.0141568 
0.581584 0.748067 
0.917496 0.440389 
0.946814 0.649157 
0.688826 0.792425 
0.0551799 0.647082 
0.350411 0.277982 
0.4426 0.977246 
0.722004 0.837292 
0.370908 0.545512 
0.724133 0.616282 
0.450301 0.0937005 
0.801196 0.41089 
0.535111 0.148373 
0.954307 0.86585 
0.2261 0.050231 
0.983562 0.516942 
0.156494 0.881408 
0.496577 0.373435 
0.229777 0.955915 
0.607228 0.869099 
0.71532 0.405914 
0.51102 0.982265 
0.218529 0.661458 
0.662847 0.460266 
0.33977 0.0798358 
0.750994 0.474695 
0.178933 0.33736 
0.206491 0.137822 
0.430459 0.359178 
0.941204 0.00799066 
0.33573 0.617772 
0.147474 0.141885 
0.428693 0.0322409 
0.623527 0.273236 
0.156887 0.23691 
0.777589 0.681523 
0.607181 0.501037 
0.0628214 0.515371 
0.396795 0.574936 
0.56361 0.219932 
0.392353 0.00902077 
0.866278 0.617509 
0.411409 0.855693 
0.912344 0.417967 
0.853277 0.706087 
0.296745 0.961909 
0.233375 0.552247 
0.986546 0.316079 
0.499222 0.198419 
0.942635 0.807943 
0.869653 0.134391 
0.0735857 0.589931 
0.764366 0.162608 
0.600214 0.983953 
0.187167 0.0023911 
0.0998971 0.266297 
0.219881 0.917797 
0.713079 0.885701 
0.360986 0.859358 
0.47877 0.951553 
0.418627 0.650015 
0.167647 0.586683 
0.35845 0.20606 
0.0561195 0.413102 
0.0513997 0.600179 
0.861416 0.97864 
0.0904941 0.759826 
0.375753 0.683275 
0.338926 0.241818 
0.270423 0.364525 
0.816374 0.725627 
0.0603806 0.33885 
0.0400261 0.125468 
0.350753 0.378151 
0.226062 0.28241 
0.0497009 0.620489 
0.989119 0.150551 
0.255191 0.649241 
0.934313 0.478061 
0.420342 0.000499293 
0.509237 0.516965 
0.458287 0.351885 
0.144007 0.653767 
0.924675 0.226282 
0.756756 0.276756 
0.235654 0.265509 
0.938253 0.370307 
0.109527 0.795252 
0.163739 0.226732 
0.223217 0.0356067 
0.832783 0.806466 
0.133367 0.0185913 
0.823201 0.0444213 
0.367859 0.604189 
0.156927 0.986402 
0.437062 0.574091 
0.210982 0.0362565 
0.711274 0.0783451 
0.101737 0.705011 
0.626752 0.233537 
0.00625971 0.991133 
0.360172 0.677803 
0.91433 0.737373 
0.908061 0.689331 
0.222764 0.2821 
0.809308 0.768328 
0.958186 0.544461 
0.765338 0.930046 
0.972229 0.369862 
0.978564 0.694099 
0.20885 0.34682 
0.919387 0.307253 
0.187603 0.119302 
0.637559 0.80967 
0.547259 0.871234 
0.346812 0.913632 
0.551575 0.722285 
0.608489 0.973355 
0.749734 0.282198 
0.0123835 0.153069 
0.934424 0.959889 
0.571601 0.649816 
0.484189 0.506523 
0.781799 0.708005 
0.601035 0.680275 
0.278416 0.400027 
0.733464 0.421648 
0.125269 0.791231 
0.948729 0.317886 
0.999405 0.109473 
0.422026 0.854696 
0.601131 0.882557 
0.338191 0.645773 
0.15284 0.865448 
0.981625 0.198277 
0.21869 0.0106949 
0.449829 0.724633 
0.784442 0.971384 
0.293968 0.409152 
0.500515 0.316146 
0.364751 0.0403308 
0.382562 0.165245 
0.38051 0.210821 
0.823288 0.104147 
0.461063 0.631118 
0.251639 0.0815206 
0.909064 0.19826 
0.753711 0.227161 
0.491892 0.989651 
0.536307 0.51505 
0.472725 0.880014 
0.104929 0.278328 
0.401707 0.0870136 
0.296864 0.150504 
0.965966 0.849259 
0.0709503 0.89538 
0.712614 0.763619 
0.0665422 0.0304402 
0.161603 0.0628296 
0.347585 0.888739 
0.394479 0.706889 
0.231508 0.911097 
0.984385 0.47722 
0.302239 0.51049 
0.61381 0.0513284 
0.0491227 0.178147 
0.263484 0.0271704 
0.00623506 0.0693998 
0.156973 0.0513694 
0.109552 0.129453 
0.804765 0.828677 
0.242996 0.169974 
0.0824822 0.24161 
0.244894 0.0156473 
0.931603 0.498766 
0.358232 0.345169 
0.530015 0.908962 
0.296423 0.198268 
0.472092 0.619057 
0.805723 0.303837 
0.950212 0.989408 
0.445983 0.842331 
0.683306 0.524704 
0.171843 0.914208 
0.226933 0.918887 
0.717898 0.528931 
0.743086 0.776193 
0.784142 0.210959 
0.274955 0.970646 
0.440056 0.529295 
0.147839 0.149934 
0.167847 0.750896 
0.853442 0.961812 
0.917707 0.512183 
0.020985 0.239205 
0.285353 0.813037 
0.00957524 0.627095 
0.298264 0.764103 
0.887064 0.457742 
0.791246 0.286851 
0.694858 0.961778 
0.3536 0.196518 
0.227743 0.544236 
0.593321 0.735827 
0.913795 0.0334641 
0.949659 0.658414 
0.144882 0.558459 
0.907618 0.134735 
0.432302 0.491433 
0.15189 0.434694 
0.379148 0.0349305 
0.481729 0.269308 
0.725278 0.311177 
0.343414 0.28638 
0.624695 0.67692 
0.223741 0.830343 
0.76421 0.959863 
0.71288 0.279304 
0.508627 0.937189 
0.0633472 0.370253 
0.0838272 0.113896 
0.609191 0.456286 
0.72704 0.716403 
0.00877812 0.82897 
0.21867 0.892547 
0.481951 0.670767 
0.469898 0.774458 
0.306375 0.245108 
0.632184 0.7086 
0.0350135 0.345256 
0.154605 0.930447 
0.760574 0.723407 
0.221328 0.187412 
0.472198 0.673175 
0.401312 0.459112 
0.118531 0.291505 
0.543558 0.89102 
0.34935 0.189982 
0.993347 0.21711 
0.672543 0.865809 
0.862535 0.990128 
0.352787 0.671331 
0.573957 0.977401 
0.508229 0.661503 
0.345591 0.829894 
0.921759 0.123991 
0.650924 0.632743 
0.886183 0.12645 
0.688421 0.192896 
0.806565 0.438642 
0.50712 0.431737 
0.955145 0.114927 
0.97077 0.332252 
0.789143 0.711089 
0.332328 0.330071 
0.0968233 0.931608 
0.0885378 0.226977 
0.918905 0.393274 
0.835935 0.942907 
0.688731 0.654429 
0.30485 0.212191 
0.28136 0.164849 
0.646351 0.630678 
0.670433 0.826369 
0.12092 0.166787 
0.321089 0.293646 
0.408307 0.753129 
0.0413176 0.0447452 
0.317112 0.160044 
0.754363 0.0261169 
0.434495 0.602324 
0.0704586 0.970754 
0.391208 0.568005 
0.360032 0.770915 
0.373431 0.359859 
0.540718 0.187376 
0.978513 0.0499508 
0.798333 0.842465 
0.442563 0.308828 
0.764024 0.573782 
0.84363 0.0152603 
0.536535 0.831683 
0.553703 0.633016 
0.146099 0.110257 
0.128911 0.160914 
0.423576 0.550952 
0.0640305 0.998981 
0.0881664 0.914228 
0.706733 0.571956 
0.425262 0.669657 
0.399956 0.580404 
0.398591 0.206812 
0.590023 0.625637 
0.747033 0.920767 
0.558081 0.132662 
0.3063 0.942212 
0.483758 0.0981311 
0.853256 0.913595 
0.342536 0.416844 
0.883652 0.295868 
0.139403 0.158598 
0.387718 0.568222 
0.81976 0.538639 
0.862674 0.999571 
0.39891 0.155066 
0.639769 0.281915 
0.825034 0.0665416 
0.725137 0.476154 
0.925567 0.671943 
0.2763 0.109384 
0.782028 0.430155 
0.43425 0.770344 
0.942352 0.603861 
0.31844 0.445176 
0.980232 0.0966741 
0.44875 0.898395 
0.693692 0.400953 
0.588585 0.525599 
0.919168 0.38203 
0.187746 0.585697 
0.0516999 0.748177 
0.374137 0.227863 
0.349737 0.712912 
0.299726 0.279423 
0.349171 0.182196 
0.735893 0.931624 
0.968819 0.785888 
0.3814 0.643157 
0.237089 0.84744 
0.246814 0.0222902 
0.859366 0.0515091 
0.997876 0.127649 
0.295269 0.243794 
0.920241 0.436349 
0.144635 0.325054 
0.954987 0.753473 
0.250177 0.288579 
0.187428 0.839394 
0.287748 0.778549 
0.242898 0.593288 
0.868903 0.889881 
0.303615 0.472194 
0.677567 0.0416303 
0.9281 0.539825 
0.148514 0.920154 
0.439455 0.451395 
0.927373 0.716557 
0.219866 0.386039 
0.367552 0.615554 
0.557373 0.302667 
0.626433 0.670472 
0.0208081 0.555931 
0.777786 0.180843 
0.666511 0.917912 
0.31648 0.865728 
0.385083 0.680162 
0.205075 0.684652 
0.551987 0.0440808 
0.352262 0.421441 
0.445052 0.27337 
0.697454 0.0241457 
0.198156 0.373191 
0.701583 0.727378 
0.603963 0.911811 
0.565092 0.820397 
0.091808 0.0990395 
0.318917 0.468814 
0.547305 0.0845173 
0.60104 0.445376 
0.710401 0.251061 
0.847499 0.140131 
0.842581 0.724572 
0.60598 0.519093 
0.063063 0.912632 
0.136295 0.394009 
0.659785 0.412728 
0.576559 0.798951 
0.376225 0.31599 
0.0265076 0.366492 
0.687675 0.587888 
0.382157 0.484289 
0.0264994 0.976417 
0.966298 0.763159 
0.706732 0.95418 
0.974835 0.555067 
0.830141 0.167078 
0.65801 0.344347 
0.360482 0.86787 
0.204979 0.885677 
0.514565 0.455917 
0.853515 0.482171 
0.709053 0.180622 
0.203906 0.365043 
0.0985001 0.818969 
0.286859 0.525669 
0.888105 0.855357 
0.839406 0.787161 
0.295273 0.869681 
0.857285 0.26008 
0.417719 0.338733 
0.516466 0.670826 
0.844836 0.900592 
0.919323 0.414134 
0.0248232 0.431459 
0.87771 0.0640231 
0.333411 0.274819 
0.656251 0.318251 
0.728937 0.472377 
0.218685 0.137882 
0.229671 0.970515 
0.0798858 0.968459 
0.0979308 0.103655 
0.930818 0.172024 
0.204014 0.596847 
0.738331 0.72914 
0.524573 0.797704 
0.36006 0.0641387 
0.991375 0.214429 
0.557365 0.490711 
0.18062 0.277858 
0.403886 0.774491 
0.948739 0.103529 
0.778609 0.293734 
0.606125 0.610008 
0.584532 0.653868 
0.977572 0.189351 
0.545235 0.538517 
0.502102 0.90104 
0.507674 0.136839 
0.504026 0.0613869 
0.109253 0.262842 
0.305243 0.335036 
0.456371 0.159246 
0.885328 0.277127 
0.575182 0.187952 
0.0106133 0.780637 
0.652689 0.82928 
0.518382 0.654528 
0.517177 0.680956 
0.377553 0.115167 
0.541165 0.656308 
0.575413 0.798828 
0.0565944 0.803882 
0.0820936 0.368061 
0.377029 0.282357 
0.140328 0.854123 
0.577842 0.806186 
0.163946 0.118765 
0.935879 0.705457 
0.379835 0.721491 
0.737288 0.0446849 
0.563663 0.22767 
0.456559 0.917427 
0.32705 0.318329 
0.470348 0.275036 
0.636502 0.237384 
0.0200944 0.18866 
0.0801836 0.9958 
0.425694 0.427665 
0.556658 0.288412 
0.00898409 0.388101 
0.103572 0.536814 
0.250355 0.444595 
0.180623 0.194905 
0.196775 0.0218807 
0.571539 0.389255 
0.87275 0.425392 
0.143011 0.991292 
0.0996754 0.0008642 
0.140355 0.875058 
0.595299 0.126749 
0.874956 0.252455 
0.242977 0.889555 
0.882497 0.37525 
0.290702 0.883268 
0.426762 0.571053 
0.893606 0.221447 
0.103302 0.282964 
0.725356 0.525027 
0.796262 0.267915 
0.686607 0.490629 
0.857119 0.0309891 
0.82818 0.0934606 
0.328053 0.093997 
0.00559636 0.352827 
0.775434 0.995984 
0.68461 0.206283 
0.901618 0.0919672 
0.731409 0.58768 
0.942133 0.620045 
0.245839 0.101619 
0.495994 0.445579 
0.554359 0.818231 
0.503263 0.108345 
0.0773737 0.249253 
0.231574 0.254913 
0.441643 0.75729 
0.916316 0.54816 
0.166475 0.108644 
0.822266 0.10242 
0.816008 0.98617 
0.904644 0.505526 
0.507457 0.508313 
0.751354 0.621437 
0.037892 0.0750762 
0.432378 0.386711 
0.10262 0.283663 
0.935813 0.652337 
0.48225 0.338137 
0.40041 0.365758 
0.714909 0.219212 
0.00920993 0.737305 
0.979256 0.495622 
0.66731 0.636738 
0.796635 0.436709 
0.426916 0.423499 
0.860925 0.811871 
0.344836 0.163336 
0.951289 0.26233 
0.449277 0.827802 
0.21402 0.964663 
0.567914 0.356244 
0.231333 0.519614 
0.946955 0.0951697 
0.701743 0.0476739 
0.880335 0.963312 
0.536975 0.588455 
0.582958 0.15984 
0.842855 0.69562 
0.550709 0.548492 
0.833423 0.564843 
0.22161 0.197575 
0.137295 0.438132 
0.558121 0.184109 
0.377731 0.239604 
0.027234 0.7071 
0.0405896 0.826369 
0.294284 0.829967 
0.0521909 0.763482 
0.742039 0.574991 
0.361497 0.908671 
0.603777 0.698447 
0.456337 0.4004 
0.872179 0.165771 
0.342129 0.47843 
0.372288 0.0709602 
0.117581 0.37135 
0.191282 0.180196 
0.125048 0.31962 
0.234657 0.942889 
0.993195 0.142317 
0.549798 0.0812547 
0.675882 0.222439 
0.955409 0.295918 
0.320973 0.328271 
0.127563 0.286439 
0.204452 0.625346 
0.728789 0.989764 
0.626109 0.377902 
0.835176 0.278263 
0.12801 0.751164 
0.0757651 0.271008 
0.974996 0.236269 
0.451344 0.568281 
0.320045 0.287359 
0.223079 0.272168 
0.220681 0.6138 
0.306074 0.749624 
0.516459 0.145083 
0.942889 0.847156 
0.642886 0.760994 
0.543755 0.506379 
0.0344034 0.678858 
0.00436294 0.816893 
0.349064 0.505532 
0.209848 0.849222 
0.69211 0.458021 
0.275913 0.9512 
0.336383 0.628903 
0.766706 0.345287 
0.678202 0.57066 
0.285668 0.289815 
0.766864 0.0545639 
0.142905 0.587001 
0.673422 0.572942 
0.928583 0.668401 
0.572585 0.815591 
0.550553 0.270113 
0.326966 0.404651 
0.456976 0.17444 
0.732236 0.507045 
0.806456 0.725898 
0.1238 0.594075 
0.763992 0.415251 
0.979112 0.862211 
0.607299 0.889474 
0.110949 0.171185 
0.270518 0.0520141 
0.98203 0.717305 
0.0857975 0.787428 
0.750556 0.892643 
0.251451 0.790545 
0.457787 0.420509 
0.0568163 0.597726 
0.369398 0.226781 
0.122008 0.712229 
0.72741 0.449045 
0.032272 0.549318 
0.407745 0.0165203 
0.68279 0.492665 
0.570554 0.860057 
0.328177 0.554407 
0.538217 0.0242756 
0.542859 0.757927 
0.867153 0.364757 
0.76209 0.7063 
0.206527 0.754632 
0.558911 0.834568 
0.963789 0.368742 
0.362743 0.0350022 
0.219795 0.0487309 
0.982543 0.19936 
0.665843 0.375314 
0.0942701 0.728084 
0.638711 0.56077 
0.856866 0.74811 
0.18426 0.745359 
0.472848 0.462754 
0.571521 0.526354 
0.768953 0.960005 
0.211832 0.557489 
0.126618 0.931609 
0.706868 0.213884 
0.593758 0.993914 
0.868411 0.559463 
0.189679 0.948808 
0.213292 0.0612568 
0.735104 0.380248 
0.602307 0.0224685 
0.390259 0.459469 
0.870561 0.664522 
0.541554 0.194903 
0.351141 0.698493 
0.738125 0.774224 
0.242488 0.339318 
0.368929 0.199016 
0.584175 0.358809 
0.0707203 0.692649 
0.884793 0.709602 
0.634505 0.724763 
0.294342 0.540721 
0.705514 0.331764 
0.962945 0.262764 
0.310977 0.790935 
0.0825204 0.395857 
0.464484 0.672701 
0.262566 0.298226 
0.991985 0.455613 
0.387601 0.149577 
0.636201 0.485637 
0.714079 0.702619 
0.633096 0.0306685 
0.288521 0.82039 
0.36422 0.869868 
0.141111 0.717644 
0.330053 0.721709 
0.0335394 0.644285 
0.0660024 0.811169 
0.714625 0.190603 
0.592874 0.830005 
0.621388 0.235014 
0.598367 0.649353 
0.965798 0.110854 
0.736521 0.151215 
0.326419 0.566131 
0.186661 0.114212 
0.175284 0.893236 
0.112872 0.670256 
0.333771 0.345141 
0.861184 0.14167 
0.263719 0.243757 
0.533209 0.386043 
0.736068 0.038331 
0.412188 0.406038 
0.099251 0.314068 
0.272269 0.0585509 
0.351061 0.747927 
0.979775 0.336922 
0.902562 0.0471545 
0.718706 0.285936 
0.166847 0.436731 
0.945349 0.79384 
0.115489 0.430494 
0.103992 0.718196 
0.412131 0.103311 
0.563338 0.297851 
0.968283 0.768887 
0.954537 0.795259 
0.611669 0.727895 
0.597545 0.118588 
0.686702 0.516772 
0.81395 0.380819 
0.967013 0.350057 
0.929473 0.887522 
0.871417 0.595028 
0.501096 0.43198 
0.791887 0.112159 
0.60269 0.956457 
0.726522 0.399167 
0.176929 0.896481 
0.898083 0.0121016 
0.166764 0.313865 
0.914228 0.21138 
0.339152 0.0697235 
0.497799 0.983612 
0.980395 0.644673 
0.620833 0.514063 
0.93376 0.520004 
0.894456 0.985095 
0.419391 0.0135243 
0.438484 0.280909 
0.761344 0.137097 
0.592391 0.577956 
0.564532 0.705503 
0.53257 0.119692 
0.0407501 0.884809 
0.347139 0.243014 
0.0304942 0.467428 
0.652657 0.0846803 
0.632496 0.0997158 
0.423 0.402255 
0.832071 0.348005 
0.358409 0.339799 
0.263349 0.0319299 
0.18809 0.395946 
0.426169 0.293283 
0.839989 0.597464 
0.358816 0.145631 
0.96038 0.315168 
0.157102 0.986869 
0.0980114 0.404135 
0.737876 0.38538 
0.118791 0.3088 
0.533609 0.971463 
0.536747 0.843117 
0.595133 0.652791 
0.0978197 0.487034 
0.51581 0.676427 
0.219043 0.386252 
0.272743 0.0445844 
0.854941 0.0787347 
0.290749 0.654487 
0.590784 0.0229999 
0.956938 0.629569 
0.120072 0.992247 
0.363117 0.0346266 
0.192664 0.408257 
0.135625 0.850446 
0.756263 0.669124 
0.462329 0.402323 
0.0232936 0.891784 
0.369136 0.394807 
0.787901 0.188134 
0.281685 0.667707 
0.370002 0.0474516 
0.443493 0.871112 
0.523143 0.113968 
0.391392 0.528051 
0.15142 0.00164064 
0.924066 0.52743 
0.671538 0.383516 
0.945895 0.560556 
0.364919 0.503363 
0.672304 0.492 
0.519125 0.984299 
0.261237 0.874689 
0.951281 0.674307 
0.402548 0.233066 
0.155895 0.93967 
0.305661 0.989203 
0.85181 0.38609 
0.00302945 0.108476 
0.679911 0.106803 
0.426448 0.0296644 
0.128163 0.944971 
0.826361 0.789692 
0.473107 0.089043 
0.111457 0.526455 
0.683637 0.464788 
0.637759 0.361974 
0.714036 0.716082 
0.271695 0.0836235 
0.39195 0.291499 
0.622962 0.887319 
0.809138 0.529269 
0.172961 0.703943 
0.604881 0.760989 
0.678529 0.971588 
0.214194 0.325862 
0.713094 0.159203 
0.258439 0.0656968 
0.563648 0.789727 
0.874383 0.681019 
0.949556 0.180107 
0.996785 0.989121 
0.541007 0.479383 
0.066698 0.762529 
0.560078 0.645126 
0.271106 0.131403 
0.944433 0.306264 
0.874128 0.307619 
0.694855 0.785064 
0.698104 0.665621 
0.734332 0.35614 
0.42768 0.0175602 
0.965101 0.863276 
0.0580461 0.522438 
0.378512 0.138387 
0.967466 0.848668 
0.00914397 0.154206 
0.720067 0.81306 
0.53824 0.431824 
0.709923 0.817825 
0.420204 0.477755 
0.868537 0.00566395 
0.573746 0.471252 
0.033163 0.38251 
0.387865 0.2158 
0.160775 0.57236 
0.571187 0.801151 
0.516383 0.897123 
0.737881 0.25938 
0.856207 0.246481 
0.267338 0.68184 
0.156618 0.313389 
0.0110947 0.801933 
0.683673 0.901161 
0.0976237 0.567136 
0.699683 0.833318 
0.226306 0.685984 
0.813794 0.458115 
0.587105 0.300471 
0.987654 0.870723 
0.596132 0.96361 
0.110328 0.887398 
0.467089 0.335641 
0.114525 0.853002 
0.931062 0.915471 
0.731516 0.919762 
0.965395 0.035507 
0.570009 0.294122 
0.277519 0.52339 
0.469462 0.0280308 
0.405767 0.252716 
0.885462 0.648216 
0.656865 0.302798 
0.997501 0.546353 
0.396078 0.8091 
0.345918 0.0731211 
0.595166 0.666371 
0.873589 0.424382 
0.536427 0.452968 
0.289635 0.644352 
0.646287 0.392947 
0.154295 0.383464 
0.00990714 0.91709 
0.340881 0.646239 
0.501136 0.10116 
0.851459 0.603732 
0.414235 0.447877 
0.704646 0.46422 
0.79286 0.352967 
0.570605 0.113887 
0.888083 0.283581 
0.346708 0.435153 
0.670647 0.717929 
0.746577 0.496733 
0.104047 0.517943 
0.234095 0.253434 
0.584227 0.562586 
0.910491 0.817614 
0.363734 0.695648 
0.567435 0.813842 
0.02979 0.131187 
0.769894 0.234726 
0.509665 0.111348 
0.432746 0.883554 
0.276403 0.869776 
0.641077 0.738213 
0.917331 0.394223 
0.965764 0.507401 
0.26511 0.0508747 
0.573403 0.899648 
0.694052 0.399984 
0.402721 0.745726 
0.696282 0.606401 
0.00891422 0.0299808 
0.514865 0.893097 
0.620978 0.508429 
0.605985 0.760414 
0.796976 0.740086 
0.170578 0.830607 
0.595925 0.143302 
0.132894 0.390741 
0.192175 0.524084 
0.153105 0.49201 
0.505065 0.948285 
0.405526 0.601706 
0.895558 0.15679 
0.662311 0.61446 
0.0841189 0.999866 
0.986259 0.774393 
0.154757 0.0234483 
0.287149 0.584267 
0.397469 0.532998 
0.589301 0.521065 
0.314803 0.181231 
0.483414 0.706229 
0.121599 0.839879 
0.695362 0.255373 
0.419069 0.95189 
0.384244 0.966044 
0.564178 0.0618085 
0.53294 0.592535 
0.79008 0.201296 
0.966343 0.595865 
0.0189023 0.846027 
0.669782 0.605059 
0.37166 0.909904 
0.824435 0.357581 
0.268989 0.834625 
0.0749303 0.407826 
0.0656938 0.372546 
0.625533 0.0400938 
0.326915 0.357104 
0.171778 0.141143 
0.96462 0.788538 
0.0461602 0.383724 
0.557018 0.366758 
0.811456 0.836428 
0.406588 0.902577 
0.918417 0.123794 
0.0255165 0.762753 
0.328858 0.21742 
0.236389 0.747095 
0.632284 0.919429 
0.436304 0.266351 
0.126014 0.36086 
0.000854882 0.884828 
0.171764 0.479067 
0.7926 0.830962 
0.439782 0.127255 
0.634304 0.487006 
0.349182 0.843049 
0.0964339 0.204512 
0.180887 0.159422 
0.508767 0.397566 
0.448565 0.657684 
0.328275 0.162739 
0.518482 0.970789 
0.967091 0.0426346 
0.422913 0.695188 
0.0646211 0.0498949 
0.40256 0.0788849 
0.840282 0.697965 
0.555852 0.62637 
0.626374 0.694758 
0.657644 0.716345 
0.678726 0.878084 
0.667348 0.29885 
0.0517782 0.859422 
0.557946 0.401553 
0.220187 0.702002 
0.404939 0.982551 
0.168027 0.486215 
0.87728 0.100863 
0.831089 0.939744 
0.420339 0.8198 
0.576583 0.381407 
0.11056 0.854511 
0.134602 0.723592 
0.668519 0.25647 
0.985235 0.919121 
0.0736307 0.0507876 
0.0300779 0.347675 
0.718795 0.979144 
0.907915 0.826721 
0.473119 0.956553 
0.336516 0.946709 
0.979085 0.344518 
0.891393 0.135219 
0.662901 0.4393 
0.75435 0.274556 
0.634193 0.342693 
0.597106 0.723244 
0.264239 0.33361 
0.339648 0.318993 
0.335906 0.424925 
0.892376 0.439521 
0.00229143 0.872902 
0.258102 0.952583 
0.479237 0.712524 
0.770827 0.663661 
0.780818 0.831848 
0.345853 0.541733 
0.362652 0.698618 
0.191575 0.109339 
0.865651 0.797207 
0.32664 0.32385 
0.556566 0.563536 
0.493775 0.65186 
0.287924 0.250354 
0.543387 0.239948 
0.434778 0.106411 
0.994439 0.893562 
0.774247 0.384661 
0.85871 0.263889 
0.715108 0.240407 
0.210971 0.953094 
0.119671 0.69823 
0.941166 0.152409 
0.349052 0.886974 
0.183816 0.87796 
0.427844 0.139084 
0.988978 0.337084 
0.0947406 0.561313 
0.173427 0.764861 
0.597498 0.612702 
0.276089 0.597466 
0.468318 0.371502 
0.215504 0.201786 
0.532504 0.518632 
0.50505 0.598021 
0.347805 0.639528 
0.951179 0.260072 
0.802488 0.409545 
0.596059 0.972899 
0.189589 0.368283 
0.675388 0.0108281 
0.00944711 0.394552 
0.772603 0.218817 
0.514092 0.140276 
0.361322 0.532014 
0.0760358 0.0430642 
0.877627 0.0861556 
0.380218 0.686483 
0.793471 0.49476 
0.613973 0.564844 
0.303877 0.78554 
0.315852 0.179993 
0.178 0.0657122 
0.695912 0.753977 
0.605384 0.74857 
0.566878 0.872015 
0.427629 0.627618 
0.781379 0.63403 
0.205712 0.0455168 
0.775272 0.402623 
0.416852 0.673497 
0.282399 0.160159 
0.242783 0.910898 
0.389579 0.315294 
0.344068 0.176672 
0.926031 0.488477 
0.126905 0.628507 
0.395627 0.138769 
0.133367 0.247204 
0.652703 0.91454 
0.500166 0.684985 
0.148365 0.932789 
0.210935 0.353011 
0.863436 0.163347 
0.361625 0.435215 
0.511726 0.333753 
0.459705 0.949565 
0.0703742 0.105935 
0.305299 0.329446 
0.636091 0.733544 
0.301048 0.830136 
0.851594 0.0705027 
0.49142 0.317852 
0.475426 0.724036 
0.856577 0.852544 
0.0648356 0.725199 
0.70691 0.0621333 
0.772384 0.377544 
0.650492 0.0752997 
0.901234 0.984828 
0.331449 0.867923 
0.917631 0.905722 
0.670662 0.335043 
0.179009 0.177812 
0.0493666 0.428441 
0.769859 0.347633 
0.962552 0.857405 
0.463464 0.000812239 
0.111665 0.456412 
0.286704 0.834971 
0.639 0.871291 
0.265472 0.790814 
0.0371362 0.652339 
0.68751 0.238032 
0.839849 0.0769478 
0.824424 0.0729371 
0.968693 0.64421 
0.516816 0.581798 
0.267675 0.786491 
0.061947 0.920663 
0.445234 0.885552 
0.0342289 0.180641 
0.474441 0.509465 
0.497845 0.942231 
0.49061 0.81926 
0.226923 0.0649377 
0.745052 0.451814 
0.221852 0.290304 
0.187707 0.644637 
0.757562 0.694738 
0.181291 0.910466 
0.288963 0.259286 
0.55292 0.831513 
0.479754 0.494363 
0.968477 0.414694 
0.752155 0.758936 
0.651276 0.856128 
0.616851 0.821749 
0.882656 0.457256 
0.982908 0.402373 
0.744109 0.152457 
0.0107867 0.442832 
0.601919 0.309715 
0.091356 0.663101 
0.551018 0.0426196 
0.0349524 0.455136 
0.680485 0.677483 
0.991672 0.898768 
0.355335 0.382579 
0.124826 0.255815 
0.781247 0.844678 
0.0233938 0.0840918 
0.0970816 0.246356 
0.463606 0.550645 
0.432717 0.824702 
0.268639 0.782198 
0.594458 0.292332 
0.388931 0.136037 
0.251473 0.595253 
0.997689 0.844733 
0.099857 0.670605 
0.580623 0.726773 
0.133672 0.226309 
0.545799 0.753763 
0.359487 0.815579 
0.0639651 0.199108 
0.341776 0.338714 
0.682635 0.273024 
0.156319 0.784957 
0.890977 0.150068 
0.312483 0.0956709 
0.967591 0.544221 
0.91729 0.517727 
0.541166 0.909791 
0.880394 0.14638 
0.724902 0.912353 
0.496297 0.169639 
0.0966259 0.906465 
0.498813 0.981425 
0.265148 0.108952 
0.262867 0.711066 
0.504021 0.952793 
0.48603 0.306282 
0.737167 0.457113 
0.686785 0.290227 
0.623793 0.438269 
0.742276 0.278549 
0.574362 0.512578 
0.332465 0.206066 
0.481695 0.3068 
0.679267 0.632015 
0.0510638 0.087041 
0.377809 0.365042 
0.977669 0.201017 
0.47532 0.354142 
0.282786 0.0111663 
0.538428 0.324807 
0.563509 0.264166 
0.0148071 0.927975 
0.631888 0.190396 
0.810987 0.930943 
0.02455 0.0147094 
0.89971 0.202517 
0.676009 0.661273 
0.464931 0.602141 
0.899377 0.621797 
0.671395 0.246064 
0.0697368 0.484557 
0.221623 0.440862 
0.606647 0.278327 
0.752094 0.467122 
0.378106 0.857487 
0.222231 0.170402 
0.75728 0.806941 
0.732844 0.744859 
0.0332501 0.328156 
0.45991 0.0964166 
0.525924 0.207068 
0.702237 0.0171999 
0.843281 0.419413 
0.213531 0.631872 
0.716882 0.147581 
0.578579 0.573639 
0.556929 0.484524 
0.958194 0.946472 
0.557575 0.311199 
0.485692 0.00664909 
0.396066 0.00092659 
0.134599 0.335742 
0.51947 0.0169255 
0.553873 0.829886 
0.605098 0.722666 
0.0539019 0.895876 
0.848889 0.146439 
0.274597 0.992432 
0.656516 0.792633 
0.345639 0.457575 
0.512492 0.0328016 
0.222814 0.637706 
0.837684 0.47747 
0.946583 0.132523 
0.872638 0.0768902 
0.673141 0.392511 
0.568652 0.985729 
0.52685 0.850602 
0.869657 0.411682 
0.482521 0.59502 
0.174954 0.346023 
0.285618 0.545096 
0.201673 0.75077 
0.637458 0.822015 
0.868312 0.437811 
0.561543 0.820363 
0.58254 0.0825707 
0.968376 0.49449 
0.323276 0.748929 
0.776352 0.520872 
0.534342 0.380193 
0.488439 0.0434884 
0.592714 0.831448 
0.412682 0.133851 
0.758363 0.137294 
0.631229 0.518749 
0.401822 0.371849 
0.054713 0.169333 
0.327815 0.216427 
0.099561 0.916978 
0.20002 0.386748 
0.188563 0.350251 
0.924326 0.223583 
0.21389 0.0649601 
0.724655 0.0650294 
0.0229595 0.447767 
0.714393 0.752608 
0.947572 0.693742 
0.821838 0.322958 
0.63247 0.801046 
0.787294 0.691873 
0.0499315 0.634553 
0.288047 0.973658 
0.227361 0.0685711 
0.065252 0.748247 
0.0529342 0.710225 
0.857446 0.433676 
0.423118 0.614188 
0.271791 0.527868 
0.0395329 0.876592 
0.285706 0.882335 
0.334516 0.519755 
0.778039 0.069498 
0.143251 0.798062 
0.548787 0.363901 
0.352288 0.632649 
0.455914 0.47356 
0.318879 0.614115 
0.874195 0.956223 
0.244415 0.461281 
0.467677 0.0527958 
0.159998 0.438423 
0.635138 0.1893 
0.451598 0.51163 
0.871155 0.192216 
0.191858 0.834637 
0.932744 0.145562 
0.95312 0.493737 
0.851978 0.179944 
0.366227 0.766404 
0.628343 0.855609 
0.15975 0.229974 
0.450287 0.881141 
0.623979 0.0789655 
0.506239 0.901603 
0.132855 0.0012601 
0.750377 0.392067 
0.933631 0.313282 
0.324959 0.576118 
0.923078 0.261833 
0.971817 0.868552 
0.510835 0.131744 
0.114939 0.549337 
0.299143 0.152339 
0.518226 0.894411 
0.545734 0.415734 
0.677066 0.926538 
0.92422 0.0775414 
0.699806 0.714736 
0.169567 0.267041 
0.339583 0.604961 
0.250902 0.0671459 
0.951077 0.948338 
0.105181 0.971927 
0.58942 0.845049 
0.0181369 0.158453 
0.0812427 0.551881 
0.570727 0.332595 
0.234201 0.431666 
0.211987 0.93226 
0.684621 0.691209 
0.286626 0.518763 
0.910913 0.451318 
0.730559 0.386216 
0.0451877 0.188672 
0.676707 0.313472 
0.696934 0.722139 
0.566532 0.808822 
0.0640902 0.0466369 
0.0884016 0.249564 
0.952325 0.38376 
0.828824 0.845123 
0.601273 0.575646 
0.0132029 0.548535 
0.179733 0.898695 
0.604882 0.206107 
0.062551 0.408567 
0.841254 0.470768 
0.497968 0.867052 
0.279203 0.323039 
0.507274 0.0669022 
0.125385 0.206383 
0.0530107 0.101235 
0.28575 0.0579553 
0.988712 0.713837 
0.145278 0.53506 
0.760348 0.576582 
0.605557 0.0203041 
0.0855409 0.843615 
0.342001 0.143253 
0.723437 0.300409 
0.881552 0.965224 
0.75483 0.62374 
0.250119 0.208748 
0.669649 0.522897 
0.540076 0.12362 
0.924655 0.503631 
0.887738 0.693177 
0.318597 0.0297015 
0.109564 0.925308 
0.333541 0.579168 
0.775692 0.0335876 
0.277343 0.316355 
0.165368 0.421883 
0.304808 0.324964 
0.99639 0.251768 
0.280186 0.669461 
0.739978 0.445007 
0.0112779 0.604942 
0.539756 0.388024 
0.0789024 0.391703 
0.0466619 0.857495 
0.976647 0.248076 
0.731077 0.126107 
0.29882 0.241854 
0.683041 0.392013 
0.370391 0.124526 
0.808994 0.957415 
0.810353 0.550966 
0.496875 0.882767 
0.836351 0.947256 
0.239001 0.392529 
0.40204 0.670841 
0.123986 0.733716 
0.566384 0.413445 
0.663407 0.147635 
0.245039 0.579904 
0.733631 0.345243 
0.673669 0.495623 
0.477121 0.0508011 
0.975133 0.113503 
0.891816 0.743794 
0.896957 0.448193 
0.550375 0.357886 
0.543409 0.576801 
0.682829 0.427014 
0.91921 0.0163503 
0.0707445 0.672748 
0.387327 0.0207946 
0.6527 0.236083 
0.00441382 0.0432349 
0.754736 0.0766024 
0.862179 0.268506 
0.773438 0.110045 
0.985909 0.633981 
0.746877 0.269763 
0.315689 0.604392 
0.773057 0.320496 
0.0348274 0.427068 
0.0488465 0.752739 
0.8527 0.955134 
0.29869 0.650256 
0.967244 0.71124 
0.408147 0.711913 
0.0382558 0.730544 
0.190472 0.648698 
0.488624 0.597197 
0.281965 0.277171 
0.472507 0.448671 
0.58052 0.346312 
0.43161 0.348159 
0.615699 0.872211 
0.496705 0.502606 
0.799726 0.54616 
0.800465 0.80057 
0.19163 0.487802 
0.11131 0.255351 
0.612575 0.268464 
0.491419 0.974815 
0.165614 0.747436 
0.326433 0.372487 
0.0812448 0.23918 
0.347747 0.15319 
0.875713 0.732356 
0.885356 0.908974 
0.749156 0.784644 
0.782435 0.129824 
0.183141 0.827165 
0.686201 0.240626 
0.665574 0.518795 
0.95599 0.171483 
0.288345 0.513081 
0.163167 0.131374 
0.0796899 0.832694 
0.388635 0.662516 
0.589443 0.303866 
0.341693 0.247883 
0.990193 0.775107 
0.30197 0.980529 
0.849035 0.751019 
0.187344 0.162655 
0.846225 0.489261 
0.805665 0.989945 
0.0740475 0.0980285 
0.945436 0.722307 
0.855755 0.85874 
0.540963 0.414485 
0.689297 0.187559 
0.890033 0.40982 
0.5957 0.849021 
0.613579 0.0145801 
0.821105 0.597705 
0.706864 0.629736 
0.969134 0.147378 
0.073886 0.13547 
0.257643 0.541809 
0.401646 0.0484195 
0.524227 0.517077 
0.667844 0.648671 
0.28217 0.557627 
0.804777 0.330409 
0.34292 0.165449 
0.823775 0.723626 
0.894117 0.263692 
0.342333 0.464699 
0.703588 0.532272 
0.685529 0.713831 
0.681701 0.758469 
0.450726 0.610365 
0.847308 0.618888 
0.777013 0.00218401 
0.965372 0.644744 
0.6673 0.703975 
0.57427 0.868414 
0.880606 0.369779 
0.69974 0.844898 
0.714817 0.721614 
0.881869 0.995307 
0.395661 0.692214 
0.351307 0.917834 
0.261507 0.660139 
0.324123 0.34518 
0.53965 0.127616 
0.717998 0.291361 
0.732208 0.224351 
0.257488 0.212421 
0.32186 0.0637554 
0.0765874 0.660494 
0.987395 0.643962 
0.193048 0.614462 
0.987805 0.0255692 
0.32295 0.99891 
0.654959 0.689592 
0.382493 0.260681 
0.534363 0.527867 
0.0910403 0.390822 
0.0120674 0.764726 
0.525816 0.974419 
0.0664208 0.0526694 
0.596866 0.081271 
0.1896 0.209147 
0.741476 0.784001 
0.617632 0.72539 
0.781773 0.909144 
0.692142 0.29379 
0.773161 0.180313 
0.344078 0.30298 
0.74906 0.46288 
0.949161 0.311649 
0.368352 0.229064 
0.880524 0.198154 
0.481883 0.941024 
0.0302923 0.286128 
0.953589 0.480164 
0.202164 0.47741 
0.586855 0.165177 
0.326395 0.8079 
0.369898 0.765933 
0.711593 0.99894 
0.0694311 0.442855 
0.627391 0.00627936 
0.48905 0.967865 
0.149339 0.463987 
0.56885 0.984858 
0.289892 0.355131 
0.881946 0.860077 
0.512296 0.690288 
0.0317977 0.0987264 
0.66811 0.342897 
0.809199 0.400931 
0.0487493 0.838326 
0.511096 0.903514 
0.775284 0.0204382 
0.903484 0.60973 
0.291749 0.928834 
0.975036 0.732585 
0.156592 0.475 
0.401955 0.59996 
0.393764 0.93014 
0.918599 0.0818408 
0.0878928 0.77481 
0.0855378 0.455035 
0.135088 0.659555 
0.860794 0.254194 
0.613951 0.564327 
0.846039 0.530532 
0.965683 0.8147 
0.00159812 0.666771 
0.731833 0.51288 
0.200752 0.29902 
0.451063 0.27648 
0.873183 0.429532 
0.965844 0.245798 
0.608254 0.397361 
0.439623 0.45672 
0.804386 0.244504 
0.656124 0.816777 
0.530224 0.127777 
0.643459 0.106672 
0.2345 0.871341 
0.25217 0.0950066 
0.0501202 0.373152 
0.778389 0.772602 
0.0164812 0.945324 
0.755998 0.994517 
0.0188355 0.341128 
0.586557 0.966838 
0.0889984 0.18309 
0.670911 0.521597 
0.821812 0.127324 
0.790639 0.862529 
0.172331 0.991009 
0.271948 0.671227 
0.674017 0.313803 
0.323706 0.0237947 
0.472529 0.99795 
0.322817 0.144232 
0.560584 0.619319 
0.43097 0.928929 
0.705484 0.247935 
0.469209 0.271143 
0.15831 0.89385 
0.445768 0.0680616 
0.110287 0.0932578 
0.570624 0.472825 
0.190546 0.668941 
0.901485 0.100308 
0.483681 0.736914 
0.858217 0.890999 
0.639882 0.372183 
0.909317 0.794871 
0.612934 0.212647 
0.253693 0.0651309 
0.40874 0.409931 
0.328493 0.529691 
0.553644 0.973774 
0.479999 0.327509 
0.768745 0.43801 
0.834521 0.787676 
0.418784 0.442392 
0.628787 0.601421 
0.878945 0.893772 
0.78339 0.552151 
0.417336 0.504355 
0.539921 0.197383 
0.77914 0.711478 
0.617284 0.365139 
0.872863 0.919723 
0.217085 0.510509 
0.347505 0.175126 
0.362473 0.748019 
0.484205 0.484677 
0.86998 0.221826 
0.95865 0.148825 
0.345794 0.675561 
0.221423 0.68159 
0.586604 0.0528422 
0.932227 0.109913 
0.367059 0.220958 
0.873115 0.323186 
0.649369 0.130092 
0.782521 0.543361 
0.94539 0.803274 
0.677261 0.591739 
0.695811 0.46169 
0.247282 0.693539 
0.782793 0.427558 
0.967607 0.0948153 
0.0420418 0.0440714 
0.484946 0.220116 
0.0954995 0.882471 
0.00306433 0.465273 
0.942768 0.140633 
0.000372567 0.958804 
0.810158 0.892294 
0.730827 0.512307 
0.792603 0.45325 
0.566738 0.364238 
0.764814 0.100441 
0.705782 0.47234 
0.00914568 0.252709 
0.224225 0.0302126 
0.183404 0.174222 
0.314698 0.929084 
0.202081 0.126293 
0.902912 0.188999 
0.326377 0.0901978 
0.481411 0.967848 
0.425004 0.457243 
0.50232 0.106341 
0.945469 0.17518 
0.847773 0.604703 
0.00457708 0.786527 
0.510369 0.203194 
0.843058 0.0876035 
0.756068 0.0521872 
0.469132 0.240518 
0.0282513 0.485674 
0.682325 0.00534193 
0.0182271 0.547914 
0.138972 0.370452 
0.29557 0.924173 
0.331233 0.0163053 
0.860924 0.370823 
0.642743 0.502141 
0.410654 0.900511 
0.352705 0.373141 
0.761608 0.744928 
