4400 2
0.594555 0.882712 
0.0721602 0.696221 
0.233039 0.608152 
0.135448 0.754618 
0.560109 0.602881 
0.336073 0.8788 
0.123486 0.875001 
0.121075 0.455098 
0.848196 0.0254776 
0.962499 0.998256 
0.570612 0.227904 
0.680673 0.317144 
0.408209 0.254973 
0.780353 0.168572 
0.449047 0.432619 
0.00848488 0.674297 
0.923259 0.387994 
0.563135 0.895734 
0.256065 0.39692 
0.501074 0.206464 
0.59323 0.404151 
0.0485615 0.245799 
0.907236 0.700386 
0.651761 0.149105 
0.390944 0.454696 
0.325773 0.326432 
0.83844 0.214461 
0.421133 0.462805 
0.994383 0.274275 
0.565839 0.19037 
0.561251 0.304443 
0.649113 0.586486 
0.613402 0.921506 
0.751605 0.559729 
0.938565 0.645359 
0.881291 0.672756 
0.872117 0.019184 
0.728811 0.78575 
0.167946 0.0394847 
0.812962 0.450192 
0.875232 0.772138 
0.102667 0.77518 
0.354276 0.057731 
0.757167 0.496554 
0.235809 0.859048 
0.89893 0.861552 
0.712384 0.138338 
0.25724 0.599343 
0.0994585 0.812699 
0.809899 0.342126 
0.193321 0.94523 
0.000841506 0.995172 
0.920997 0.263957 
0.459432 0.321292 
0.966873 0.708711 
0.231146 0.306617 
0.204717 0.820642 
0.67606 0.844115 
0.405364 0.842658 
0.630051 0.265634 
0.812806 0.223653 
0.612089 0.0176144 
0.223629 0.15376 
0.539915 0.125676 
0.506491 0.259929 
0.0375852 0.217881 
0.199636 0.937195 
0.235914 0.103664 
0.717004 0.334301 
0.996832 0.519295 
0.839863 0.377292 
0.921894 0.360294 
0.468654 0.445911 
0.929245 0.0993874 
0.0495191 0.149635 
0.337322 0.802702 
0.172701 0.0705717 
0.756007 0.732632 
0.43943 0.670932 
0.912087 0.80351 
0.450185 0.329192 
0.676078 0.455218 
0.181227 0.614962 
0.967184 0.141958 
0.535266 0.0834714 
0.928794 0.47926 
0.663987 0.620545 
0.921951 0.21285 
0.516128 0.401769 
0.0808968 0.670238 
0.760151 0.900292 
0.232871 0.596449 
0.142742 0.22325 
0.732871 0.786436 
0.379837 0.921366 
0.611903 0.148339 
0.629073 0.33599 
0.0188666 0.879718 
0.857786 0.265441 
0.467389 0.336151 
0.582924 0.794126 
0.463725 0.255709 
0.671959 0.160139 
0.307213 0.648088 
0.000244642 0.490755 
0.243038 0.699355 
0.99241 0.422982 
0.297612 0.837274 
0.482266 0.809598 
0.567274 0.70858 
0.139561 0.0251343 
0.690347 0.168029 
0.0401457 0.833757 
0.11104 0.0193753 
0.231061 0.234569 
0.086589 0.0589973 
0.419716 0.296142 
0.707844 0.848912 
0.200988 0.147515 
0.969367 0.914138 
0.108161 0.323351 
0.812344 0.975843 
0.24776 0.719096 
0.556723 0.101316 
0.152265 0.455742 
0.932816 0.251382 
0.816773 0.478225 
0.686473 0.688719 
0.736268 0.949592 
0.834929 0.901886 
0.751728 0.481497 
0.449368 0.70859 
0.633861 0.925473 
0.42699 0.697527 
0.828451 0.640195 
0.127891 0.120744 
0.932764 0.918009 
0.498551 0.967402 
0.888737 0.737616 
0.241811 0.984696 
0.00895445 0.308383 
0.196537 0.761357 
0.337126 0.786016 
0.038328 0.402436 
0.228424 0.464448 
0.286047 0.0738978 
0.221357 0.272132 
0.851325 0.0277583 
0.217473 0.59702 
0.0575427 0.125375 
0.258089 0.334996 
0.142003 0.488826 
0.912461 0.215645 
0.938173 0.713062 
0.112395 0.787608 
0.701445 0.341845 
0.794098 0.790735 
0.507732 0.424957 
0.142347 0.579198 
0.0861268 0.907131 
0.972376 0.488187 
0.700094 0.984156 
0.497386 0.799522 
0.838553 0.107869 
0.527627 0.864034 
0.73254 0.794333 
0.193788 0.312416 
0.620636 0.491711 
0.964573 0.419735 
0.146168 0.87084 
0.256242 0.304724 
0.263288 0.893036 
0.812724 0.405304 
0.782224 0.133725 
0.309871 0.4396 
0.628199 0.0610731 
0.377213 0.874633 
0.526969 0.203148 
0.113855 0.280179 
0.590389 0.00360049 
0.00804189 0.792605 
0.0292989 0.377654 
0.0357621 0.976789 
0.295896 0.776248 
0.6569 0.196383 
0.909404 0.00457654 
0.400551 0.693331 
0.835612 0.0681118 
0.209031 0.586057 
0.115466 0.730386 
0.015164 0.504926 
0.113074 0.31172 
0.449241 0.673485 
0.220231 0.465944 
0.280126 0.406702 
0.75475 0.755413 
0.27032 0.523025 
0.889706 0.642795 
0.586645 0.79018 
0.6669 0.0645327 
0.402872 0.956698 
0.632157 0.934453 
0.364115 0.675809 
0.318273 0.733328 
0.199834 0.491615 
0.38162 0.427247 
0.047151 0.795939 
0.192319 0.166966 
0.36441 0.145225 
0.958758 0.247732 
0.765227 0.725182 
0.20677 0.145103 
0.116475 0.55412 
0.0961165 0.208944 
0.746603 0.905484 
0.794835 0.802617 
0.686907 0.696613 
0.323098 0.610981 
0.59784 0.258516 
0.551458 0.227709 
0.496193 0.25482 
0.421807 0.93329 
0.802496 0.0146991 
0.879034 0.503759 
0.739108 0.702804 
0.555366 0.428684 
0.654367 0.211299 
0.803348 0.955894 
0.994576 0.944478 
0.844749 0.280714 
0.168791 0.585112 
0.610282 0.477158 
0.975635 0.264127 
0.0600413 0.847232 
0.0191348 0.25072 
0.530639 0.762791 
0.0633026 0.417008 
0.622429 0.967992 
0.482127 0.252261 
0.986308 0.136117 
0.937417 0.378264 
0.392099 0.335449 
0.868985 0.295812 
0.0643205 0.741229 
0.352917 0.301105 
0.342084 0.818614 
0.983031 0.42401 
0.440705 0.0548701 
0.18507 0.182311 
0.809058 0.877158 
0.0703743 0.240122 
0.25614 0.0685287 
0.666783 0.837504 
0.9601 0.703003 
0.48623 0.761867 
0.780012 0.803784 
0.396402 0.752751 
0.360879 0.916921 
0.954727 0.906986 
0.116813 0.607226 
0.299188 0.290683 
0.127201 0.168191 
0.0452455 0.659839 
0.0841324 0.362989 
0.112998 0.962815 
0.145709 0.012525 
0.574148 0.78502 
0.771073 0.532877 
0.278099 0.615281 
0.229706 0.193595 
0.308972 0.562463 
0.103789 0.711504 
0.570255 0.534292 
0.18683 0.842842 
0.0795561 0.661097 
0.168245 0.0626124 
0.470206 0.534539 
0.367083 0.346428 
0.328465 0.436529 
0.589184 0.83724 
0.349937 0.960385 
0.195185 0.943827 
0.529518 0.0274079 
0.0448579 0.815461 
0.0411125 0.502641 
0.754304 0.529498 
0.227103 0.881788 
0.843455 0.570508 
0.0353671 0.12371 
0.245278 0.373617 
0.458677 0.196895 
0.672864 0.517808 
0.266401 0.911367 
0.984469 0.361477 
0.249388 0.646127 
0.658128 0.487999 
0.805753 0.271606 
0.51391 0.919076 
0.599113 0.467749 
0.416507 0.36426 
0.981945 0.0241277 
0.0679491 0.993667 
0.940193 0.665285 
0.944887 0.317745 
0.627645 0.729446 
0.339769 0.9145 
0.256174 0.556999 
0.0695569 0.865937 
0.104932 0.643757 
0.611379 0.355798 
0.576486 0.669053 
0.757244 0.326391 
0.32687 0.442044 
0.355207 0.505232 
0.15382 0.570976 
0.939518 0.228888 
0.550004 0.894895 
0.163281 0.0486599 
0.788697 0.225711 
0.470003 0.098557 
0.14302 0.442415 
0.631646 0.207849 
0.649291 0.9445 
0.800925 0.130276 
0.201962 0.549222 
0.902767 0.75341 
0.471838 0.274025 
0.362225 0.077285 
0.13162 0.347996 
0.278798 0.453781 
0.415458 0.931339 
0.934863 0.447042 
0.657904 0.889594 
0.438093 0.648955 
0.0554761 0.445801 
0.446401 0.455859 
0.558679 0.134318 
0.274673 0.221666 
0.217166 0.760936 
0.614966 0.549418 
0.289739 0.551836 
0.0330363 0.156497 
0.327284 0.877014 
0.699559 0.988589 
0.51249 0.128595 
0.390545 0.627011 
0.122914 0.664584 
0.11109 0.197 
0.432613 0.556411 
0.0241519 0.336956 
0.875795 0.537584 
0.864394 0.695471 
0.104733 0.466031 
0.059155 0.913992 
0.0261403 0.845513 
0.904835 0.312784 
0.86219 0.996386 
0.16127 0.363313 
0.14928 0.0392119 
0.350695 0.256249 
0.344775 0.755334 
0.608497 0.0854692 
0.227395 0.798334 
0.19268 0.818649 
0.664529 0.619881 
0.107708 0.253289 
0.824007 0.513039 
0.79893 0.331044 
0.785592 0.593627 
0.371122 0.839033 
0.443729 0.135965 
0.750121 0.435462 
0.0886966 0.916526 
0.433922 0.521283 
0.44981 0.4991 
0.801028 0.560444 
0.346727 0.348086 
0.535087 0.398993 
0.97495 0.331811 
0.00426687 0.459135 
0.849479 0.283388 
0.126393 0.46416 
0.29713 0.565615 
0.442992 0.444217 
0.290278 0.947535 
0.12563 0.66556 
0.905021 0.443015 
0.843301 0.551729 
0.646202 0.220149 
0.488941 0.33537 
0.14244 0.302457 
0.242899 0.383957 
0.260705 0.362744 
0.702836 0.65929 
0.829404 0.296699 
0.395673 0.4223 
0.683087 0.950469 
0.432707 0.233242 
0.181616 0.460602 
0.898727 0.197633 
0.954313 0.601071 
0.19515 0.308712 
0.404416 0.213052 
0.837258 0.557787 
0.936225 0.371936 
0.632509 0.91335 
0.713871 0.150637 
0.375517 0.638648 
0.189531 0.526601 
0.348963 0.63854 
0.131406 0.0652544 
0.799052 0.687401 
0.69611 0.423199 
0.715578 0.759019 
0.49291 0.370853 
0.637851 0.425313 
0.545516 0.602083 
0.334039 0.0957277 
0.449056 0.130135 
0.695008 0.135946 
0.674747 0.630389 
0.0433676 0.0170483 
0.505372 0.667827 
0.914086 0.307859 
0.526734 0.953898 
0.700429 0.173875 
0.144961 0.073081 
0.652759 0.48168 
0.330729 0.465158 
0.758493 0.643264 
0.956161 0.564986 
0.965579 0.0642812 
0.015955 0.91599 
0.509606 0.444893 
0.392432 0.957371 
0.711275 0.0635129 
0.436753 0.887347 
0.264137 0.329511 
0.425424 0.497874 
0.236806 0.792367 
0.210352 0.463518 
0.882112 0.710906 
0.699997 0.515343 
0.668638 0.577113 
0.790937 0.857554 
0.951754 0.379217 
0.97295 0.0745789 
0.904499 0.271347 
0.0815828 0.745154 
0.83657 0.15818 
0.526681 0.386771 
0.952916 0.556811 
0.499368 0.22056 
0.365795 0.866898 
0.961377 0.0501473 
0.368271 0.483932 
0.411688 0.703603 
0.482413 0.725909 
0.887259 0.589693 
0.321422 0.474126 
0.508624 0.402442 
0.260615 0.831579 
0.799625 0.76903 
0.932145 0.813149 
0.355195 0.250214 
0.997738 0.0842774 
0.993139 0.912386 
0.680649 0.949616 
0.263749 0.370858 
0.625112 0.0436821 
0.0869217 0.702988 
0.861141 0.950244 
0.573929 0.764393 
0.850465 0.846045 
0.629281 0.675322 
0.328312 0.160633 
0.706073 0.184374 
0.813807 0.473705 
0.463957 0.963614 
0.992654 0.693958 
0.0146538 0.345953 
0.081914 0.964906 
0.890002 0.412261 
0.789684 0.031286 
0.093617 0.239688 
0.822593 0.575951 
0.805513 0.0227996 
0.1556 0.290084 
0.61377 0.721016 
0.0750075 0.813293 
0.246008 0.27846 
0.439477 0.116172 
0.20541 0.915623 
0.322724 0.269602 
0.262333 0.479727 
0.969251 0.724227 
0.999161 0.90087 
0.736414 0.911918 
0.18437 0.5835 
0.419956 0.330506 
0.0560588 0.218394 
0.808335 0.580668 
0.131867 0.0963624 
0.0281052 0.772553 
0.834104 0.330211 
0.979129 0.93222 
0.553811 0.850087 
0.57652 0.770995 
0.672363 0.308268 
0.967552 0.129013 
0.826534 0.12807 
0.106226 0.207974 
0.832927 0.618445 
0.201855 0.507874 
0.532924 0.754817 
0.251042 0.247189 
0.467668 0.224882 
0.246502 0.838783 
0.956637 0.408324 
0.729082 0.559014 
0.273177 0.584258 
0.20363 0.0530983 
0.577964 0.932356 
0.259861 0.0915414 
0.407957 0.817321 
0.829382 0.886413 
0.0921199 0.344241 
0.834192 0.21909 
0.00228469 0.411562 
0.200502 0.822647 
0.456005 0.747832 
0.386338 0.855849 
0.691312 0.386124 
0.398809 0.727359 
0.996352 0.140017 
0.198564 0.778584 
0.906391 0.805887 
0.309396 0.54824 
0.751003 0.520674 
0.482388 0.578803 
0.551106 0.180802 
0.653243 0.317669 
0.479991 0.29679 
0.00287339 0.293485 
0.110198 0.437015 
0.48196 0.71558 
0.982874 0.784213 
0.255553 0.361954 
0.825345 0.792682 
0.139126 0.996484 
0.0289014 0.574344 
0.120032 0.582654 
0.858539 0.560681 
0.34422 0.0411019 
0.62846 0.665056 
0.9489 0.185275 
0.437381 0.548582 
0.0174968 0.330377 
0.338492 0.0577434 
0.944658 0.640429 
0.407043 0.72401 
0.278542 0.9897 
0.0138915 0.432042 
0.816514 0.407009 
0.440628 0.411101 
0.567906 0.718519 
0.40755 0.602742 
0.230202 0.655028 
0.918377 0.591208 
0.634335 0.275548 
0.949334 0.5594 
0.590373 0.0471603 
0.991748 0.770882 
0.520048 0.369214 
0.576551 0.516851 
0.983799 0.763241 
0.791472 0.022536 
0.48472 0.126378 
0.766151 0.885527 
0.18892 0.759011 
0.497065 0.413289 
0.400938 0.440608 
0.522202 0.32784 
0.0388578 0.320944 
0.109618 0.089308 
0.242128 0.155359 
0.216268 0.782384 
0.11265 0.359679 
0.477248 0.918312 
0.239251 0.716995 
0.972716 0.586736 
0.230552 0.75945 
0.513619 0.580376 
0.268482 0.903018 
0.908613 0.146735 
0.866117 0.670597 
0.164127 0.385248 
0.248535 0.323392 
0.165724 0.613882 
0.321122 0.555163 
0.374172 0.990145 
0.282263 0.105248 
0.589753 0.661989 
0.72531 0.1555 
0.819246 0.150167 
0.239037 0.0604743 
0.238118 0.607821 
0.742781 0.817987 
0.275835 0.454462 
0.360839 0.783236 
0.344232 0.765281 
0.0840735 0.093096 
0.115489 0.475312 
0.215507 0.934622 
0.492847 0.132559 
0.235827 0.376238 
0.655274 0.903306 
0.694735 0.432007 
0.983252 0.714634 
0.159249 0.525753 
0.692185 0.567224 
0.0973113 0.62768 
0.547159 0.299869 
0.541379 0.498542 
0.115266 0.667432 
0.994771 0.572441 
0.525436 0.701022 
0.796948 0.939409 
0.260306 0.685747 
0.17974 0.355115 
0.571635 0.666166 
0.429928 0.332785 
0.839097 0.338444 
0.305716 0.927372 
0.219714 0.345499 
0.29077 0.298308 
0.171621 0.957501 
0.780942 0.655362 
0.379713 0.571112 
0.318458 0.530849 
0.325061 0.591997 
0.919438 0.420764 
0.846874 0.533625 
0.664343 0.179119 
0.50519 0.113883 
0.515381 0.687874 
0.0646657 0.176237 
0.413266 0.839959 
0.0438921 0.940815 
0.498008 0.597992 
0.00194317 0.495079 
0.0522103 0.618496 
0.23825 0.424162 
0.42988 0.899531 
0.986607 0.407511 
0.419289 0.122094 
0.354558 0.00163212 
0.552136 0.733663 
0.454763 0.800987 
0.292416 0.402597 
0.631325 0.509932 
0.0683541 0.572069 
0.62596 0.0891735 
0.0558193 0.0955426 
0.943342 0.810993 
0.813885 0.516479 
0.821257 0.258099 
0.728087 0.372549 
0.0693689 0.741361 
0.836817 0.545594 
0.83687 0.958352 
0.197168 0.48667 
0.832354 0.735993 
0.0808195 0.190259 
0.983197 0.45599 
0.692971 0.857441 
0.574375 0.462627 
0.209047 0.875022 
0.180089 0.414864 
0.0344223 0.815669 
0.269357 0.165251 
0.348545 0.282878 
0.943048 0.140714 
0.504276 0.57442 
0.966154 0.884229 
0.0698906 0.316577 
0.877538 0.106288 
0.230641 0.263057 
0.914088 0.870085 
0.117341 0.677386 
0.864734 0.190139 
0.488605 0.96746 
0.292521 0.150997 
0.6279 0.621853 
0.577556 0.534369 
0.315371 0.986739 
0.683599 0.870811 
0.318311 0.363528 
0.178183 0.0176423 
0.247033 0.105762 
0.726829 0.449994 
0.500717 0.0985194 
0.00648069 0.0495207 
0.621303 0.073676 
0.727145 0.0994678 
0.116736 0.0720727 
0.274866 0.320526 
0.961889 0.0214444 
0.287984 0.35993 
0.992445 0.542798 
0.848506 0.256019 
0.056664 0.977852 
0.214791 0.471021 
0.633444 0.73326 
0.731049 0.490255 
0.204171 0.819032 
0.860339 0.852001 
0.829014 0.936395 
0.27844 0.927479 
0.173927 0.0558892 
0.779018 0.513527 
0.0867142 0.534985 
0.774266 0.754574 
0.307872 0.891529 
0.880226 0.314409 
0.172412 0.694157 
0.52418 0.483981 
0.388799 0.609938 
0.24053 0.983676 
0.389552 0.868402 
0.178709 0.357331 
0.0168619 0.968811 
0.180149 0.246704 
0.688956 0.967581 
0.654048 0.857195 
0.125509 0.0190986 
0.670792 0.841242 
0.823765 0.0241205 
0.387359 0.586475 
0.626428 0.557595 
0.7711 0.885016 
0.185317 0.684675 
0.886581 0.489539 
0.316208 0.562169 
0.117946 0.671076 
0.812341 0.382162 
0.534305 0.283639 
0.594825 0.57758 
0.916613 0.99093 
0.218347 0.169841 
0.342957 0.953531 
0.341547 0.969585 
0.710102 0.95649 
0.514466 0.705256 
0.893585 0.474393 
0.637832 0.0296875 
0.279914 0.718879 
0.817296 0.902399 
0.738868 0.15013 
0.917995 0.540832 
0.0771105 0.151253 
0.153193 0.0715024 
0.653383 0.842175 
0.218398 0.186294 
0.771298 0.608276 
0.0497387 0.953917 
0.848414 0.506692 
0.561623 0.35606 
0.0449869 0.491433 
0.970106 0.00157703 
0.613179 0.898985 
0.972748 0.569863 
0.4197 0.671146 
0.0503328 0.156372 
0.842472 0.56846 
0.205949 0.397943 
0.990927 0.636325 
0.400611 0.63691 
0.90927 0.996439 
0.618983 0.902636 
0.142455 0.656611 
0.265646 0.556534 
0.489725 0.216572 
0.593004 0.921518 
0.958848 0.218635 
0.357878 0.532127 
0.332661 0.529112 
0.840072 0.921114 
0.184079 0.857325 
0.100353 0.230668 
0.00816403 0.418547 
0.377302 0.334581 
0.782497 0.19221 
0.756296 0.622852 
0.894183 0.226521 
0.575185 0.47988 
0.576961 0.546 
0.0950696 0.0838646 
0.355173 0.128677 
0.523047 0.494411 
0.395885 0.588211 
0.837715 0.832618 
0.4139 0.336479 
0.524337 0.788643 
0.592615 0.841058 
0.110729 0.0566698 
0.121765 0.0211077 
0.586422 0.896211 
0.899523 0.238099 
0.910372 0.648055 
0.442629 0.927714 
0.87568 0.110262 
0.204473 0.981826 
0.377619 0.321104 
0.343682 0.433859 
0.473919 0.776572 
0.881595 0.695544 
0.878966 0.809286 
0.889825 0.731613 
0.774255 0.804495 
0.474058 0.628946 
0.673137 0.812486 
0.787879 0.173802 
0.690711 0.117601 
0.677641 0.978932 
0.461955 0.93945 
0.20621 0.615208 
0.539089 0.733338 
0.790917 0.690893 
0.714363 0.748579 
0.803461 0.823877 
0.417246 0.0109322 
0.377802 0.663 
0.472786 0.00738971 
0.526935 0.128234 
0.698406 0.377157 
0.00690007 0.188704 
0.558472 0.428783 
0.124654 0.655654 
0.277 0.531294 
0.706696 0.95507 
0.272327 0.613322 
0.832346 0.93163 
0.559185 0.493202 
0.724803 0.14372 
0.710181 0.0805232 
0.808531 0.995067 
0.842092 0.904239 
0.110122 0.2052 
0.786568 0.513292 
0.503687 0.282857 
0.880081 0.630097 
0.604986 0.0375863 
0.264172 0.213796 
0.606482 0.659017 
0.00709729 0.277641 
0.918687 0.198869 
0.137809 0.735554 
0.598767 0.615634 
0.123744 0.255274 
0.57865 0.410899 
0.752962 0.80291 
0.303229 0.670677 
0.323778 0.295727 
0.0815325 0.348926 
0.775903 0.0737266 
0.830701 0.491489 
0.309705 0.960224 
0.52639 0.922227 
0.730516 0.685326 
0.153618 0.509916 
0.0761267 0.893177 
0.141976 0.179298 
0.645448 0.269783 
0.861109 0.290262 
0.73307 0.0948582 
0.193536 0.435417 
0.259221 0.834138 
0.751013 0.664669 
0.0330501 0.918526 
0.670548 0.60884 
0.366302 0.313224 
0.321235 0.512238 
0.100081 0.807332 
0.496367 0.885195 
0.297356 0.0593534 
0.731835 0.797251 
0.163705 0.0321915 
0.930663 0.70416 
0.978855 0.310696 
0.496157 0.329388 
0.215558 0.135832 
0.829939 0.0761712 
0.182871 0.878785 
0.0245112 0.872435 
0.784179 0.676543 
0.226581 0.2266 
0.183911 0.580106 
0.0902317 0.14367 
0.576764 0.670048 
0.755953 0.53117 
0.121026 0.221847 
0.0340286 0.605005 
0.501712 0.915204 
0.749201 0.425847 
0.729639 0.707029 
0.179094 0.38063 
0.22971 0.575087 
0.590172 0.58112 
0.522053 0.283088 
0.869755 0.485176 
0.806702 0.0464258 
0.21301 0.580126 
0.140274 0.995205 
0.108165 0.0466786 
0.253181 0.255918 
0.0544089 0.63772 
0.440768 0.952317 
0.354487 0.912745 
0.354608 0.916697 
0.00535202 0.833328 
0.780888 0.869607 
0.774985 0.641595 
0.470951 0.851739 
0.193247 0.0174858 
0.208322 0.965388 
0.970321 0.139901 
0.734293 0.527903 
0.490291 0.865867 
0.22572 0.605357 
0.730003 0.233951 
0.679366 0.901726 
0.0456311 0.0911205 
0.442827 0.698901 
0.848421 0.335597 
0.905206 0.867151 
0.74283 0.499348 
0.353807 0.772162 
0.0420978 0.0303665 
0.578363 0.314967 
0.595715 0.569981 
0.460522 0.650889 
0.651999 0.184708 
0.475599 0.334926 
0.638318 0.0124131 
0.0935729 0.709076 
0.78414 0.116349 
0.633397 0.691176 
0.86758 0.0443432 
0.785684 0.146798 
0.729462 0.150531 
0.687023 0.529674 
0.252366 0.115909 
0.682969 0.210508 
0.111982 0.633314 
0.0298721 0.145 
0.459507 0.989833 
0.964906 0.448561 
0.354236 0.281967 
0.828048 0.222934 
0.276144 0.654951 
0.920908 0.481211 
0.257206 0.473959 
0.854292 0.0389858 
0.587568 0.512101 
0.663215 0.356261 
0.6661 0.0372908 
0.703931 0.0410625 
0.171311 0.641456 
0.293346 0.960558 
0.314979 0.901541 
0.860615 0.200261 
0.999867 0.0769748 
0.607945 0.399902 
0.556459 0.818911 
0.0522588 0.577151 
0.640677 0.873357 
0.57325 0.147253 
0.506034 0.487874 
0.69473 0.816898 
0.255722 0.10694 
0.966597 0.473933 
0.731616 0.249426 
0.629647 0.207303 
0.284212 0.398882 
0.90562 0.412532 
0.93952 0.747466 
0.796508 0.506102 
0.355916 0.563144 
0.06755 0.719402 
0.398252 0.640542 
0.833068 0.981858 
0.783654 0.185008 
0.67887 0.47498 
0.0534623 0.404632 
0.0550142 0.788501 
0.0612466 0.93205 
0.0263473 0.30044 
0.631288 0.763075 
0.943914 0.74679 
0.200423 0.120313 
0.00912411 0.335968 
0.658298 0.815856 
0.0605099 0.10851 
0.678164 0.779579 
0.144536 0.11574 
0.308321 0.390373 
0.884921 0.422489 
0.0167019 0.694337 
0.185013 0.435894 
0.918659 0.00369894 
0.952733 0.620859 
0.290747 0.0192695 
0.585922 0.992098 
0.978727 0.153533 
0.431163 0.817379 
0.239484 0.152187 
0.724286 0.779551 
0.106659 0.145176 
0.0228079 0.13439 
0.287287 0.565945 
0.106666 0.179795 
0.407542 0.163439 
0.479988 0.812536 
0.306234 0.190967 
0.682126 0.175041 
0.0974046 0.714814 
0.431834 0.862562 
0.629416 0.761643 
0.209892 0.77138 
0.916687 0.169378 
0.0250669 0.635338 
0.389575 0.655672 
0.290701 0.815767 
0.882177 0.828754 
0.915098 0.121181 
0.340235 0.122281 
0.631413 0.0282967 
0.814976 0.0157095 
0.83112 0.833701 
0.355844 0.144805 
0.780953 0.90528 
0.863963 0.986042 
0.356586 0.842989 
0.820978 0.73727 
0.752992 0.393613 
0.682668 0.0483258 
0.103968 0.519356 
0.516643 0.765034 
0.558972 0.214993 
0.121488 0.340267 
0.0274467 0.123284 
0.0353179 0.703051 
0.413274 0.342309 
0.105971 0.64457 
0.220623 0.41988 
0.518578 0.0601458 
0.46485 0.226531 
0.0100055 0.317164 
0.419873 0.920508 
0.152839 0.282877 
0.54287 0.537948 
0.725819 0.269421 
0.237617 0.30138 
0.228185 0.698019 
0.79677 0.394161 
0.223924 0.9477 
0.674794 0.333949 
0.731453 0.367534 
0.309364 0.340194 
0.276011 0.293 
0.823619 0.602554 
0.61217 0.67505 
0.022652 0.583079 
0.693365 0.762399 
0.544459 0.214155 
0.15583 0.645582 
0.585361 0.227318 
0.694225 0.0863372 
0.890738 0.0184806 
0.106312 0.596537 
0.349156 0.0534834 
0.318962 0.560277 
0.502444 0.866898 
0.551005 0.171677 
0.293972 0.588379 
0.740823 0.529809 
0.860347 0.222876 
0.14333 0.364647 
0.00970451 0.932672 
0.107479 0.953639 
0.732826 0.864888 
0.256485 0.653565 
0.501113 0.639805 
0.68588 0.231091 
0.0964209 0.807479 
0.4404 0.383711 
0.48552 0.210403 
0.42481 0.805837 
0.699029 0.643923 
0.0631327 0.544087 
0.398805 0.298196 
0.944665 0.468621 
0.0188691 0.584733 
0.583731 0.867959 
0.057902 0.897877 
0.541025 0.375852 
0.254838 0.699045 
0.521778 0.571988 
0.863147 0.893819 
0.50864 0.216583 
0.441925 0.120989 
0.984469 0.247467 
0.149385 0.594395 
0.0582052 0.879875 
0.712107 0.0637303 
0.0178973 0.313602 
0.562222 0.19256 
0.42492 0.507432 
0.113536 0.10279 
0.560662 0.616306 
0.471572 0.666071 
0.162786 0.902241 
0.172798 0.190056 
0.501659 0.0305793 
0.0127885 0.212877 
0.457852 0.292262 
0.577768 0.137359 
0.406753 0.521178 
0.518507 0.472068 
0.422745 0.901232 
0.0539098 0.89132 
0.0163727 0.100027 
0.658188 0.36726 
0.945657 0.974366 
0.597221 0.828535 
0.205503 0.173133 
0.45841 0.881355 
0.19353 0.493089 
0.538489 0.751412 
0.446457 0.98238 
0.0920831 0.364124 
0.595877 0.511389 
0.336842 0.0777793 
0.546106 0.372174 
0.0879786 0.56981 
0.59008 0.387865 
0.305514 0.603543 
0.0853572 0.343749 
0.831756 0.0707964 
0.884934 0.272659 
0.983891 0.54688 
0.74517 0.678632 
0.90905 0.204172 
0.314124 0.560012 
0.698531 0.376543 
0.322913 0.3031 
0.285428 0.925136 
0.0229109 0.407192 
0.551819 0.349362 
0.9506 0.0456585 
0.204923 0.0985865 
0.484541 0.327432 
0.79171 0.720619 
0.319239 0.131483 
0.680935 0.996248 
0.796759 0.257295 
0.275934 0.153368 
0.52479 0.215626 
0.816663 0.0950709 
0.718643 0.410973 
0.464528 0.766748 
0.678184 0.952296 
0.869251 0.14067 
0.46951 0.562283 
0.540837 0.208296 
0.596312 0.669246 
0.101689 0.0828158 
0.0491535 0.99802 
0.77532 0.472125 
0.82817 0.0634029 
0.280332 0.0419163 
0.999504 0.083123 
0.148481 0.239934 
0.763847 0.642153 
0.674973 0.538041 
0.216989 0.435727 
0.526394 0.35998 
0.0460493 0.73168 
0.640065 0.268252 
0.486839 0.997586 
0.504166 0.942905 
0.364927 0.951368 
0.09738 0.054024 
0.462902 0.513128 
0.629451 0.917719 
0.197928 0.760881 
0.903304 0.952347 
0.626215 0.0365765 
0.189573 0.134026 
0.611473 0.968993 
0.178425 0.511942 
0.285564 0.214914 
0.759368 0.696744 
0.0920135 0.350225 
0.743578 0.441634 
0.907859 0.897687 
0.420983 0.868299 
0.634799 0.573285 
0.688099 0.649738 
0.480877 0.0319703 
0.489245 0.568839 
0.758223 0.443303 
0.497002 0.255402 
0.148698 0.915535 
0.981533 0.770628 
0.761291 0.720663 
0.729807 0.45728 
0.435712 0.676457 
0.370801 0.975134 
0.0495384 0.969775 
0.76297 0.946665 
0.161334 0.930125 
0.0100109 0.154358 
0.30633 0.120843 
0.180694 0.698693 
0.327719 0.405174 
0.887077 0.927807 
0.791917 0.463713 
0.371863 0.916629 
0.0663494 0.554912 
0.147262 0.0425627 
0.657993 0.0181031 
0.700275 0.772714 
0.672823 0.443183 
0.652157 0.687577 
0.569153 0.981181 
0.95605 0.719266 
0.284076 0.974789 
0.499615 0.449404 
0.617132 0.0180296 
0.774997 0.851498 
0.123089 0.85983 
0.33378 0.697332 
0.198513 0.00254238 
0.740944 0.23265 
0.0259269 0.67396 
0.403157 0.612115 
0.021297 0.192304 
0.597407 0.931712 
0.395537 0.343104 
0.86308 0.625545 
0.429577 0.89581 
0.272114 0.599819 
0.619823 0.410956 
0.684017 0.093505 
0.618615 0.326477 
0.852128 0.205333 
0.956977 0.921043 
0.593998 0.934393 
0.534502 0.20174 
0.731829 0.898584 
0.321483 0.86588 
0.42045 0.200736 
0.718338 0.483395 
0.879146 0.840576 
0.676974 0.679972 
0.764915 0.460387 
0.338248 0.83451 
0.668056 0.464378 
0.370941 0.95615 
0.984905 0.294619 
0.379337 0.353923 
0.933435 0.130316 
0.304731 0.646745 
0.963515 0.00243388 
0.78881 0.465474 
0.994458 0.0413036 
0.175052 0.98021 
0.533758 0.505165 
0.311474 0.90062 
0.0222429 0.230609 
0.588 0.0111801 
0.44378 0.831681 
0.384845 0.453175 
0.142048 0.132963 
0.31593 0.0861883 
0.22198 0.682223 
0.804196 0.0534983 
0.292941 0.0362208 
0.68833 0.445838 
0.897443 0.519144 
0.000139157 0.0802669 
0.601225 0.755328 
0.662896 0.0508685 
0.765576 0.383833 
0.64682 0.698073 
0.749989 0.131799 
0.506154 0.839155 
0.293705 0.694357 
0.663314 0.051213 
0.374807 0.639285 
0.160079 0.256768 
0.661213 0.155063 
0.780936 0.813187 
0.243364 0.841706 
0.692687 0.859513 
0.123936 0.00744114 
0.319481 0.386809 
0.163265 0.177387 
0.711104 0.639811 
0.00476228 0.27174 
0.592899 0.590406 
0.316121 0.702239 
0.407893 0.436211 
9.60682e-05 0.214271 
0.904994 0.410878 
0.359084 0.518778 
0.954196 0.565386 
0.385112 0.72485 
0.00667787 0.269051 
0.974968 0.745205 
0.332705 0.653245 
0.446551 0.624963 
0.633694 0.845215 
0.304158 0.844723 
0.0559158 0.0514203 
0.841959 0.112193 
0.289034 0.672225 
0.610802 0.838093 
0.723237 0.387255 
0.752169 0.8028 
0.674338 0.929782 
0.937709 0.832132 
0.0136813 0.899523 
0.856627 0.705826 
0.347269 0.599381 
0.301849 0.836681 
0.797229 0.254503 
0.154541 0.175994 
0.0514653 0.419294 
0.0328549 0.723313 
0.022463 0.0170941 
0.754087 0.194367 
0.988083 0.479729 
0.991383 0.392521 
0.0117339 0.585268 
0.714709 0.823764 
0.359586 0.583185 
0.338087 0.221368 
0.370166 0.456052 
0.952591 0.949455 
0.84814 0.73403 
0.681184 0.633395 
0.194002 0.845165 
0.110721 0.795452 
0.848235 0.522919 
0.324095 0.51368 
0.817481 0.596759 
0.0543855 0.527361 
0.809672 0.854512 
0.211298 0.484021 
0.0426932 0.889133 
0.635251 0.33226 
0.185934 0.0839332 
0.716371 0.000571258 
0.503039 0.323196 
0.976464 0.824101 
0.64315 0.245339 
0.592147 0.589941 
0.865761 0.0598768 
0.818071 0.0899589 
0.774216 0.872915 
0.433045 0.83681 
0.120979 0.822737 
0.614637 0.317329 
0.236678 0.0425994 
0.583278 0.0634304 
0.199692 0.355054 
0.619697 0.353813 
0.56138 0.960878 
0.114374 0.0165497 
0.0069053 0.543954 
0.662902 0.42999 
0.907243 0.571641 
0.5194 0.688499 
0.78948 0.393278 
0.842883 0.353447 
0.978919 0.206597 
0.449817 0.191482 
0.353426 0.430231 
0.398072 0.970179 
0.8645 0.706404 
0.961898 0.812267 
0.936372 0.814709 
0.472762 0.319954 
0.408182 0.586339 
0.892095 0.639408 
0.476448 0.606594 
0.868395 0.660228 
0.0760238 0.114537 
0.624334 0.65753 
0.656393 0.406766 
0.050469 0.743188 
0.240326 0.543128 
0.151684 0.965199 
0.515885 0.786169 
0.384276 0.590817 
0.139729 0.0589551 
0.39397 0.107382 
0.240827 0.37639 
0.644629 0.516888 
0.495691 0.130669 
0.483324 0.803194 
0.236365 0.0260224 
0.16144 0.436916 
0.301918 0.996726 
0.302634 0.751179 
0.0464707 0.123741 
0.301721 0.658893 
0.313958 0.653456 
0.458004 0.386876 
0.66458 0.586111 
0.831426 0.145772 
0.076655 0.590988 
0.0498127 0.933963 
0.316234 0.89724 
0.778386 0.00532979 
0.602128 0.162494 
0.786978 0.863413 
0.233957 0.810122 
0.635431 0.609247 
0.0430561 0.07784 
0.226967 0.518217 
0.292218 0.656761 
0.834029 0.749896 
0.763562 0.833348 
0.80811 0.655396 
0.875066 0.115005 
0.356077 0.432813 
0.551798 0.0650883 
0.638074 0.113797 
0.482935 0.128065 
0.663809 0.491273 
0.886854 0.656485 
0.553947 0.621343 
0.954604 0.204785 
0.18252 0.739381 
0.948564 0.730854 
0.277915 0.333223 
0.915749 0.990791 
0.447695 0.882286 
0.344327 0.791216 
0.297386 0.166165 
0.62242 0.00823409 
0.794533 0.771495 
0.913473 0.125606 
0.134798 0.119919 
0.0158229 0.0285752 
0.244273 0.425682 
0.872737 0.905626 
0.182963 0.987598 
0.972129 0.506703 
0.505859 0.784516 
0.591355 0.0588811 
0.423088 0.53249 
0.523424 0.667873 
0.215272 0.83995 
0.796781 0.903918 
0.355741 0.833393 
0.364741 0.140608 
0.850932 0.360385 
0.0726093 0.351846 
0.127678 0.509325 
0.292527 0.0342615 
0.154374 0.629744 
0.446782 0.598438 
0.150257 0.173307 
0.565915 0.493143 
0.103614 0.994958 
0.302592 0.412846 
0.979126 0.624228 
0.906591 0.659014 
0.771539 0.447855 
0.0558153 0.729757 
0.403316 0.486238 
0.558903 0.394628 
0.311844 0.816981 
0.428695 0.0807494 
0.463756 0.855718 
0.613624 0.47913 
0.856698 0.824953 
0.821628 0.484123 
0.843332 0.23831 
0.139928 0.914544 
0.544296 0.713881 
0.15435 0.256214 
0.991103 0.178999 
0.0559131 0.657823 
0.191009 0.0147957 
0.116827 0.331494 
0.816952 0.763433 
0.285816 0.489601 
0.612526 0.99458 
0.290029 0.601438 
0.607218 0.531663 
0.627887 0.843321 
0.935063 0.356455 
0.587869 0.446909 
0.789136 0.709933 
0.305355 0.43874 
0.345175 0.445388 
0.500079 0.749975 
0.809603 0.0906277 
0.755627 0.430642 
0.0203384 0.797932 
0.188878 0.128922 
0.793914 0.306037 
0.132839 0.00556055 
0.249192 0.607228 
0.490367 0.159071 
0.776869 0.526837 
0.980313 0.34761 
0.283968 0.999559 
0.978026 0.603117 
0.155743 0.6402 
0.313057 0.543048 
0.251977 0.619227 
0.80193 0.923932 
0.676355 0.0336237 
0.277863 0.323261 
0.303432 0.0444711 
0.554049 0.571836 
0.213579 0.0265851 
0.0319668 0.206421 
0.448705 0.0882032 
0.756896 0.704753 
0.0487782 0.968637 
0.25815 0.536894 
0.764947 0.843522 
0.0398994 0.511755 
0.92076 0.34624 
0.130898 0.977551 
0.422953 0.129903 
0.0562333 0.402793 
0.542282 0.11602 
0.745181 0.446083 
0.458865 0.563393 
0.0211177 0.94822 
0.201422 0.799963 
0.327389 0.962996 
0.85552 0.107699 
0.035973 0.574104 
0.496669 0.0769141 
0.58755 0.00957928 
0.112088 0.429599 
0.610278 0.328682 
0.400485 0.400401 
0.448421 0.134412 
0.314598 0.192989 
0.83685 0.743924 
0.735672 0.950344 
0.346172 0.563228 
0.914552 0.512775 
0.539816 0.110927 
0.389108 0.173401 
0.272659 0.689106 
0.70541 0.599957 
0.64784 0.336803 
0.951096 0.468859 
0.285777 0.831775 
0.02763 0.0842086 
0.106415 0.912865 
0.939431 0.59224 
0.953603 0.207471 
0.824149 0.451577 
0.219067 0.139254 
0.943443 0.432823 
0.881136 0.0818706 
0.301372 0.186649 
0.248791 0.334148 
0.265977 0.38933 
0.15728 0.214217 
0.636486 0.953419 
0.505226 0.306267 
0.272514 0.581517 
0.038262 0.0367511 
0.759967 0.787742 
0.0864643 0.0681953 
0.0252479 0.0160842 
0.471731 0.517061 
0.737112 0.174943 
0.236482 0.257081 
0.108466 0.0817716 
0.933854 0.243118 
0.0616198 0.716771 
0.912281 0.695688 
0.478524 0.818813 
0.154376 0.990561 
0.146871 0.852322 
0.00104166 0.560311 
0.538021 0.203907 
0.147257 0.751017 
0.186376 0.293756 
0.904758 0.745483 
0.0942978 0.00652901 
0.838179 0.0331771 
0.0403869 0.173777 
0.616793 0.0877429 
0.958894 0.551187 
0.0455966 0.409166 
0.0771076 0.648843 
0.384238 0.038902 
0.222877 0.905362 
0.05435 0.312023 
0.9823 0.865426 
0.535004 0.161486 
0.958534 0.198711 
0.0609774 0.767101 
0.137254 0.606115 
0.447552 0.883007 
0.773962 0.895713 
0.564309 0.929865 
0.18087 0.682329 
0.795422 0.200786 
0.0204742 0.143368 
0.990927 0.912614 
0.057536 0.877654 
0.516409 0.280186 
0.444646 0.213953 
0.850898 0.943181 
0.0208855 0.502554 
0.395634 0.500515 
0.694289 0.594919 
0.118252 0.150799 
0.977199 0.296982 
0.409031 0.216408 
0.655227 0.787519 
0.906281 0.979691 
0.142748 0.102926 
0.717923 0.312296 
0.0538151 0.799252 
0.442545 0.280726 
0.484632 0.925987 
0.984114 0.985617 
0.27976 0.480834 
0.199637 0.669784 
0.935733 0.171101 
0.203501 0.500264 
0.0916907 0.716391 
0.324819 0.291529 
0.750671 0.575065 
0.145971 0.948225 
0.543363 0.970497 
0.428618 0.0118292 
0.150516 0.981095 
0.162951 0.572991 
0.472738 0.127422 
0.344325 0.950579 
0.779504 0.174524 
0.593982 0.69121 
0.69892 0.823953 
0.0285319 0.729973 
0.0738288 0.0791611 
0.579463 0.0373606 
0.988964 0.656318 
0.354556 0.797535 
0.326142 0.996449 
0.935552 0.162417 
0.820385 0.077661 
0.138246 0.972585 
0.856386 0.56148 
0.324335 0.463343 
0.0382811 0.482576 
0.721249 0.632722 
0.0393462 0.720243 
0.609723 0.614651 
0.264695 0.859191 
0.107991 0.116981 
0.413307 0.399849 
0.0267397 0.0973674 
0.0336024 0.202622 
0.256343 0.925325 
0.479116 0.210433 
0.745993 0.738684 
0.708108 0.287062 
0.26093 0.816864 
0.761026 0.136941 
0.370613 0.219287 
0.20555 0.824107 
0.995857 0.650044 
0.236407 0.68413 
0.130008 0.871798 
0.120283 0.811285 
0.784473 0.650453 
0.307737 0.90757 
0.340281 0.887465 
0.349921 0.466149 
0.709556 0.577318 
0.375802 0.39716 
0.723134 0.361879 
0.684976 0.00843432 
0.0941639 0.18397 
0.619912 0.763608 
0.0364937 0.40506 
0.23194 0.761889 
0.389961 0.470086 
0.494059 0.711203 
0.669339 0.793379 
0.651101 0.788928 
0.351678 0.0319798 
0.742082 0.931546 
0.710151 0.386121 
0.700961 0.569174 
0.815765 0.686923 
0.021665 0.681014 
0.236619 0.835289 
0.611018 0.806354 
0.636318 0.595016 
0.0920313 0.103509 
0.316429 0.556373 
0.890332 0.0394807 
0.0690737 0.0598821 
0.792896 0.526107 
0.305324 0.107244 
0.542646 0.863549 
0.223475 0.575285 
0.167516 0.0209039 
0.458013 0.524456 
0.82456 0.583698 
0.363038 0.426206 
0.905809 0.882049 
0.15037 0.758153 
0.610311 0.0256264 
0.960659 0.77807 
0.0769654 0.114835 
0.898761 0.38667 
0.621023 0.824499 
0.733596 0.161329 
0.012577 0.331037 
0.969139 0.712476 
0.796857 0.341419 
0.868347 0.985779 
0.813158 0.24588 
0.702111 0.567578 
0.0739465 0.324718 
0.571181 0.82898 
0.663545 0.465303 
0.681187 0.371782 
0.23288 0.346886 
0.458017 0.165729 
0.47121 0.955407 
0.675415 0.626815 
0.27296 0.101792 
0.241288 0.837978 
0.290192 0.611046 
0.372851 0.443871 
0.868754 0.89953 
0.82156 0.819906 
0.824147 0.422687 
0.7171 0.957767 
0.843994 0.362141 
0.304609 0.976382 
0.86197 0.170849 
0.984403 0.634917 
0.357307 0.446568 
0.259747 0.0501492 
0.339378 0.45093 
0.223801 0.126868 
0.0417093 0.709572 
0.286985 0.104854 
0.811358 0.789553 
0.59328 0.88763 
0.156673 0.414501 
0.478627 0.722996 
0.802052 0.974875 
0.856891 0.402744 
0.194079 0.848644 
0.739317 0.355403 
0.0769102 0.708284 
0.313141 0.11478 
0.985239 0.232087 
0.42988 0.880932 
0.291471 0.689694 
0.322453 0.554418 
0.0209971 0.510753 
0.200075 0.909629 
0.231327 0.694368 
0.0804175 0.934284 
0.827705 0.584644 
0.56111 0.915527 
0.576646 0.869378 
0.501295 0.597483 
0.768827 0.239218 
0.74831 0.929953 
0.573273 0.133614 
0.344614 0.559373 
0.787923 0.466058 
0.302929 0.799785 
0.589523 0.655636 
0.301975 0.666809 
0.636394 0.681825 
0.0299748 0.535254 
0.67256 0.662456 
0.57845 0.0891497 
0.297221 0.151718 
0.536881 0.866712 
0.377881 0.223378 
0.975972 0.892225 
0.814713 0.84739 
0.938544 0.22038 
0.25634 0.0049406 
0.851385 0.654553 
0.283089 0.944395 
0.443998 0.124361 
0.716557 0.145658 
0.111238 0.764377 
0.387454 0.157778 
0.0592609 0.842854 
0.508301 0.531901 
0.565701 0.958991 
0.36461 0.399072 
0.774222 0.907182 
0.521366 0.462831 
0.480336 0.689996 
0.721646 0.278037 
0.301631 0.146917 
0.523776 0.567969 
0.343213 0.116557 
0.969218 0.953039 
0.0401457 0.811306 
0.288182 0.612916 
0.0312678 0.510269 
0.277938 0.144857 
0.308607 0.347644 
0.46461 0.377283 
0.243985 0.764505 
0.635181 0.705401 
0.444389 0.767062 
0.14707 0.854962 
0.212296 0.990152 
0.506594 0.823416 
0.291266 0.703594 
0.267633 0.604365 
0.714073 0.126953 
0.0225008 0.389153 
0.971046 0.102272 
0.925241 0.762831 
0.193356 0.10989 
0.841511 0.715664 
0.607046 0.541381 
0.637562 0.0297114 
0.559181 0.140706 
0.718554 0.722811 
0.419454 0.175985 
0.255682 0.202442 
0.617188 0.082052 
0.222087 0.198421 
0.837365 0.00277919 
0.709499 0.985073 
0.385934 0.718575 
0.417996 0.488842 
0.910958 0.787533 
0.149324 0.684874 
0.376394 0.84236 
0.661766 0.936723 
0.181663 0.658587 
0.472451 0.717181 
0.736756 0.00168087 
0.304034 0.281255 
0.159857 0.399359 
0.336347 0.824027 
0.345352 0.759837 
0.518969 0.572206 
0.406912 0.773951 
0.911131 0.375677 
0.574414 0.613547 
0.0329137 0.981662 
0.555278 0.913745 
0.45827 0.358836 
0.307502 0.241409 
0.691964 0.61963 
0.74175 0.077432 
0.258865 0.964108 
0.837802 0.959936 
0.110997 0.440827 
0.802132 0.994009 
0.246195 0.913362 
0.332412 0.858893 
0.637621 0.156103 
0.23933 0.197446 
0.765327 0.880514 
0.971548 0.965157 
0.0545312 0.18174 
0.160954 0.208936 
0.973093 0.392082 
0.926091 0.366517 
0.0379369 0.141638 
0.0281872 0.548667 
0.201771 0.733626 
0.420275 0.881 
0.160152 0.0850086 
0.644465 0.945109 
0.728068 0.902896 
0.102822 0.398211 
0.0891587 0.392109 
0.8318 0.294593 
0.496105 0.80872 
0.516949 0.71229 
0.732964 0.402102 
0.28339 0.257232 
0.805933 0.243661 
0.254989 0.903008 
0.274028 0.48317 
0.0481212 0.725333 
0.0290736 0.796045 
0.468451 0.250308 
0.25352 0.524898 
0.411793 0.625702 
0.45873 0.372446 
0.373142 0.355234 
0.164294 0.472507 
0.933321 0.381762 
0.840952 0.812075 
0.734416 0.998883 
0.49974 0.00976807 
0.915224 0.81213 
0.632079 0.294781 
0.585272 0.0403104 
0.439395 0.125707 
0.945409 0.0564142 
0.543122 0.0245491 
0.868656 0.756494 
0.709551 0.748603 
0.956349 0.46386 
0.58488 0.149852 
0.524703 0.0164926 
0.446451 0.411648 
0.939377 0.916338 
0.498536 0.970179 
0.358618 0.817015 
0.306876 0.605151 
0.111331 0.753038 
0.0318637 0.862137 
0.531728 0.912099 
0.801292 0.158899 
0.0702292 0.603149 
0.317146 0.299644 
0.484879 0.736228 
0.79407 0.587789 
0.0473288 0.856254 
0.415731 0.179798 
0.141044 0.0211287 
0.239133 0.69254 
0.973406 0.632031 
0.86878 0.862968 
0.764735 0.0802854 
0.53879 0.154548 
0.206243 0.487954 
0.212526 0.171429 
0.56767 0.986199 
0.606167 0.989748 
0.635176 0.128015 
0.813464 0.588601 
0.579896 0.486454 
0.160624 0.862679 
0.914436 0.403523 
0.18205 0.338598 
0.864861 0.526925 
0.122939 0.916743 
0.0612464 0.986305 
0.478094 0.320205 
0.0472211 0.4559 
0.992424 0.437365 
0.391247 0.335396 
0.955865 0.524436 
0.958628 0.853344 
0.662757 0.162112 
0.477315 0.638153 
0.585557 0.310375 
0.0896576 0.280444 
0.394298 0.990822 
0.767521 0.981919 
0.0415045 0.495209 
0.204231 0.767007 
0.836619 0.463603 
0.374059 0.720791 
0.920337 0.298352 
0.207683 0.181076 
0.386767 0.105799 
0.526484 0.798194 
0.587973 0.658259 
0.173981 0.208864 
0.382098 0.974066 
0.665875 0.256808 
0.518665 0.620012 
0.196442 0.700473 
0.79521 0.339266 
0.786163 0.954553 
0.547658 0.943962 
0.238998 0.0861208 
0.433065 0.0954814 
0.793731 0.33804 
0.491602 0.118971 
0.99108 0.916473 
0.845178 0.130379 
0.346072 0.765302 
0.626568 0.557046 
0.549301 0.323349 
0.804117 0.371268 
0.738077 0.569106 
0.224223 0.435848 
0.423826 0.0561582 
0.473368 0.835956 
0.339613 0.135972 
0.502482 0.11431 
0.267301 0.637274 
0.176179 0.372784 
0.0584071 0.932111 
0.948533 0.949832 
0.652697 0.287355 
0.823242 0.394369 
0.32546 0.140345 
0.398949 0.318435 
0.0502068 0.607052 
0.124657 0.707651 
0.0774688 0.063969 
0.258059 0.733601 
0.167671 0.0612404 
0.417697 0.715648 
0.952414 0.317599 
0.454383 0.437887 
0.554 0.402118 
0.199862 0.320126 
0.0207341 0.415068 
0.285081 0.110967 
0.695195 0.327781 
0.790662 0.369975 
0.982898 0.634293 
0.0619027 0.0946784 
0.461417 0.389832 
0.20129 0.74291 
0.517362 0.861623 
0.615781 0.965144 
0.291934 0.801369 
0.460195 0.43341 
0.532667 0.358396 
0.65987 0.289978 
0.694088 0.261995 
0.16857 0.0850865 
0.890684 0.479822 
0.260107 0.774054 
0.703564 0.0937991 
0.578275 0.0843593 
0.985583 0.526623 
0.497977 0.277474 
0.114182 0.563279 
0.798296 0.38741 
0.0544697 0.507984 
0.817588 0.362271 
0.25876 0.140733 
0.322805 0.0919706 
0.250443 0.143711 
0.940986 0.816718 
0.574009 0.212184 
0.118244 0.899523 
0.992019 0.541848 
0.464885 0.739615 
0.534351 0.597714 
0.392589 0.845086 
0.195416 0.0659167 
0.210086 0.616394 
0.406727 0.0732977 
0.395355 0.967746 
0.385535 0.39688 
0.291286 0.21006 
0.864943 0.796612 
0.46334 0.124243 
0.000305426 0.871343 
0.010162 0.0155267 
0.0727274 0.765334 
0.573054 0.965137 
0.19988 0.176673 
0.740413 0.432762 
0.431708 0.0827085 
0.726817 0.688451 
0.136311 0.834862 
0.310268 0.558093 
0.39816 0.935354 
0.037894 0.835339 
0.777896 0.879828 
0.608391 0.962014 
0.608039 0.975685 
0.244284 0.18354 
0.414251 0.180367 
0.908164 0.76301 
0.19207 0.102708 
0.244655 0.986003 
0.678655 0.906768 
0.721895 0.0513886 
0.472976 0.822967 
0.134636 0.0625425 
0.57057 0.325392 
0.230867 0.360747 
0.303024 0.587423 
0.853865 0.861163 
0.936341 0.779576 
0.267901 0.335617 
0.908822 0.409662 
0.44824 0.112666 
0.0241948 0.292793 
0.826241 0.4031 
0.280975 0.802486 
0.342539 0.657284 
0.290963 0.381313 
0.857135 0.217362 
0.186495 0.0356058 
0.597197 0.721587 
0.931953 0.463838 
0.462301 0.888027 
0.0131003 0.58858 
0.568077 0.574989 
0.705457 0.648466 
0.507228 0.193997 
0.730837 0.291527 
0.100669 0.621155 
0.492819 0.0437195 
0.560616 0.967104 
0.593485 0.457284 
0.30596 0.0570822 
0.772959 0.928653 
0.523892 0.587114 
0.0839107 0.552475 
0.0203819 0.612022 
0.857135 0.501357 
0.494412 0.954709 
0.346322 0.618348 
0.0239821 0.0483232 
0.0806731 0.393483 
0.0880059 0.430828 
0.91791 0.193368 
0.411922 0.882164 
0.888644 0.423399 
0.128758 0.0159274 
0.658101 0.0405443 
0.37655 0.853277 
0.936677 0.827627 
0.925706 0.427489 
0.935629 0.923957 
0.374376 0.433396 
0.579668 0.433021 
0.873882 0.284753 
0.93882 0.695056 
0.870371 0.385669 
0.432662 0.0356313 
0.336799 0.996535 
0.733626 0.407437 
0.716977 0.105994 
0.382716 0.531899 
0.766643 0.778565 
0.784035 0.106108 
0.817313 0.443583 
0.040614 0.0408927 
0.808949 0.897476 
0.696079 0.597462 
0.778201 0.421839 
0.0236345 0.557008 
0.700923 0.93796 
0.666039 0.652797 
0.526811 0.48952 
0.696603 0.0112037 
0.566171 0.0616918 
0.826539 0.516533 
0.500435 0.746346 
0.955136 0.575443 
0.76549 0.622513 
0.0526528 0.55529 
0.0807079 0.706132 
0.397151 0.427701 
0.515595 0.293466 
0.735186 0.545232 
0.206765 0.481842 
0.987634 0.27504 
0.665781 0.886843 
0.700492 0.0285363 
0.847195 0.689789 
0.110302 0.276861 
0.498337 0.190324 
0.953417 0.161533 
0.141868 0.555228 
0.868907 0.92914 
0.958328 0.392088 
0.252343 0.318597 
0.191175 0.802676 
0.0684506 0.654553 
0.111213 0.233644 
0.125751 0.424397 
0.772036 0.873667 
0.17385 0.962694 
0.193858 0.191958 
0.977648 0.0981286 
0.770873 0.076534 
0.110395 0.875624 
0.894258 0.862506 
0.124773 0.326204 
0.801783 0.680155 
0.236163 0.674304 
0.526714 0.559555 
0.281761 0.763232 
0.646615 0.547135 
0.645361 0.84327 
0.0468197 0.780122 
0.128923 0.155438 
0.645842 0.806156 
0.189357 0.871377 
0.412324 0.289697 
0.282387 0.298256 
0.642025 0.864031 
0.403026 0.759644 
0.327282 0.789993 
0.326303 0.767104 
0.848871 0.581311 
0.894628 0.184761 
0.331517 0.702952 
0.222868 0.859733 
0.592875 0.30891 
0.435537 0.491862 
0.191278 0.207829 
0.51257 0.258723 
0.522069 0.156219 
0.941189 0.460683 
0.800575 0.416764 
0.230067 0.309026 
0.977994 0.67068 
0.372144 0.563545 
0.904241 0.522594 
0.219384 0.653538 
0.522121 0.970456 
0.0232379 0.494928 
0.994349 0.35649 
0.699237 0.908455 
0.442997 0.263471 
0.387456 0.293364 
0.1451 0.716384 
0.0725016 0.852387 
0.382185 0.183584 
0.12866 0.682147 
0.0768497 0.922452 
0.768864 0.585412 
0.230996 0.735206 
0.91776 0.683759 
0.970274 0.299713 
0.13367 0.112779 
0.654148 0.836122 
0.707577 0.364993 
0.0798343 0.0115822 
0.193088 0.788108 
0.291316 0.694933 
0.112952 0.71793 
0.628594 0.860271 
0.815056 0.687707 
0.316767 0.680332 
0.792631 0.313352 
0.0561951 0.226227 
0.901503 0.22872 
0.842879 0.869989 
0.781759 0.847163 
0.502829 0.676986 
0.877489 0.175498 
0.585784 0.251119 
0.48624 0.321628 
0.873389 0.688807 
0.636843 0.697778 
0.320919 0.952011 
0.0831539 0.104161 
0.447439 0.816808 
0.839117 0.977591 
0.586582 0.187419 
0.361457 0.910039 
0.54731 0.912029 
0.230748 0.332114 
0.317103 0.940314 
0.615019 0.577359 
0.73316 0.146424 
0.701709 0.162394 
0.299112 0.443571 
0.418095 0.941065 
0.260451 0.917072 
0.767465 0.433549 
0.602114 0.580979 
0.183055 0.430164 
0.0624866 0.894164 
0.310509 0.683577 
0.099993 0.0453715 
0.818758 0.964897 
0.647441 0.419636 
0.730745 0.955658 
0.615732 0.532451 
0.637575 0.661897 
0.924042 0.351226 
0.426965 0.25332 
0.738398 0.681357 
0.366995 0.814787 
0.0641625 0.503353 
0.255709 0.651003 
0.130586 0.977903 
0.205285 0.772949 
0.669753 0.0262824 
0.439994 0.844058 
0.163067 0.298459 
0.0927991 0.839052 
0.982884 0.616526 
0.579435 0.13758 
0.880593 0.91863 
0.41041 0.702858 
0.741877 0.692104 
0.422602 0.210974 
0.188174 0.576409 
0.870544 0.578736 
0.364249 0.0594252 
0.349496 0.550317 
0.263387 0.440967 
0.819853 0.185098 
0.573097 0.665913 
0.499023 0.0935878 
0.248221 0.828336 
0.827967 0.851189 
0.317838 0.486066 
0.159888 0.602331 
0.740757 0.340596 
0.93577 0.986581 
0.596369 0.0131706 
0.641579 0.824262 
0.0829854 0.19402 
0.906244 0.520642 
0.8516 0.838025 
0.515933 0.946049 
0.11217 0.337688 
0.688658 0.437333 
0.740743 0.660735 
0.170997 0.993137 
0.216914 0.957112 
0.614472 0.182239 
0.293284 0.604734 
0.275796 0.104132 
0.643308 0.869338 
0.605026 0.221675 
0.379422 0.760935 
0.323313 0.568675 
0.221148 0.68148 
0.896299 0.382353 
0.468693 0.902863 
0.5591 0.470572 
0.630399 0.551163 
0.647149 0.224519 
0.201239 0.83235 
0.518134 0.982547 
0.538122 0.452799 
0.686522 0.820851 
0.975573 0.988995 
0.655684 0.265425 
0.426834 0.873843 
0.0630357 0.916064 
0.126081 0.485013 
0.906823 0.996621 
0.530303 0.0531369 
0.324412 0.626182 
0.489515 0.237137 
0.306083 0.759638 
0.768229 0.0461784 
0.961749 0.0635599 
0.486784 0.245151 
0.0449773 0.652025 
0.536923 0.503164 
0.265471 0.68998 
0.280668 0.878215 
0.555581 0.72668 
0.747839 0.0243942 
0.46467 0.527147 
0.118374 0.821046 
0.469503 0.256363 
0.0317567 0.101578 
0.15033 0.77103 
0.257971 0.389086 
0.273831 0.265456 
0.676582 0.262566 
0.878325 0.240186 
0.84006 0.0158 
0.976747 0.471422 
0.309715 0.943811 
0.731486 0.508405 
0.0447058 0.211779 
0.68635 0.296144 
0.629325 0.144342 
0.351309 0.642898 
0.0802419 0.404293 
0.500198 0.163622 
0.913341 0.411152 
0.823358 0.317938 
0.0825738 0.247963 
0.00429944 0.32096 
0.466067 0.204395 
0.239804 0.04407 
0.234773 0.618479 
0.824034 0.815695 
0.695674 0.279103 
0.593663 0.915197 
0.35138 0.465349 
0.887446 0.812261 
0.570008 0.384544 
0.612896 0.088011 
0.998747 0.15805 
0.792873 0.953293 
0.412603 0.126394 
0.00533285 0.555433 
0.737878 0.547305 
0.870755 0.328813 
0.977607 0.126991 
0.628591 0.376111 
0.98667 0.932351 
0.338921 0.763642 
0.606974 0.288519 
0.607833 0.549668 
0.603829 0.414382 
0.965055 0.290905 
0.874658 0.129151 
0.796767 0.0507773 
0.267226 0.276647 
0.635849 0.883087 
0.283919 0.400501 
0.358887 0.665052 
0.085889 0.0541814 
0.214404 0.105883 
0.554633 0.239982 
0.141287 0.969136 
0.654087 0.281337 
0.168147 0.11395 
0.728832 0.51882 
0.898765 0.794956 
0.536759 0.745839 
0.915503 0.758205 
0.413813 0.676952 
0.177934 0.955429 
0.421612 0.0553421 
0.890344 0.324157 
0.463289 0.443783 
0.499352 0.797635 
0.431655 0.361543 
0.690103 0.502328 
0.899432 0.983057 
0.139712 0.964901 
0.44017 0.417481 
0.80034 0.169721 
0.284097 0.426577 
0.448196 0.798081 
0.720992 0.744955 
0.78768 0.396446 
0.115291 0.545286 
0.0524504 0.828118 
0.973931 0.535512 
0.859121 0.320875 
0.891403 0.480452 
0.0714052 0.297647 
0.95379 0.939092 
0.488962 0.84205 
0.464801 0.51878 
0.155447 0.337524 
0.149342 0.0722168 
0.908223 0.011556 
0.256726 0.361069 
0.13751 0.803942 
0.000557666 0.498942 
0.0815586 0.0739602 
0.0240257 0.0676726 
0.974777 0.910749 
0.481999 0.463227 
0.808208 0.880001 
0.49441 0.168553 
0.532376 0.813821 
0.124542 0.0266846 
0.29071 0.380524 
0.44859 0.389543 
0.379305 0.364184 
0.630957 0.248216 
0.00789662 0.665941 
0.731868 0.972625 
0.0604281 0.727442 
0.561384 0.363286 
0.247322 0.757768 
0.0664535 0.538291 
0.547284 0.562413 
0.788817 0.759848 
0.301372 0.454669 
0.659966 0.322751 
0.420738 0.0693896 
0.722046 0.673183 
0.588409 0.95622 
0.426743 0.703909 
0.867754 0.298554 
0.0618076 0.871406 
0.650325 0.0328904 
0.674783 0.0997247 
0.696467 0.980382 
0.764385 0.762108 
0.948908 0.604153 
0.268394 0.639379 
0.907921 0.85115 
0.0999545 0.784016 
0.780463 0.0890873 
0.312804 0.611901 
0.93955 0.0183204 
0.76184 0.891869 
0.978988 0.36803 
0.0409436 0.386977 
0.528605 0.759435 
0.230089 0.165719 
0.179817 0.860142 
0.792724 0.380375 
0.876043 0.583454 
0.72337 0.421902 
0.665109 0.58526 
0.207149 0.425953 
0.774142 0.800148 
0.84913 0.578148 
0.81969 0.148496 
0.621862 0.421134 
0.427195 0.325211 
0.758097 0.52533 
0.436815 0.798179 
0.965895 0.220208 
0.623969 0.583406 
0.311444 0.372865 
0.560334 0.290285 
0.413671 0.669552 
0.839857 0.22717 
0.0731539 0.574654 
0.0645018 0.273991 
0.918829 0.298026 
0.469329 0.699401 
0.616541 0.55452 
0.346661 0.812524 
0.471655 0.633216 
0.580567 0.712794 
0.76347 0.778047 
0.550305 0.0540916 
0.671456 0.894733 
0.361748 0.541617 
0.705452 0.767835 
0.374603 0.831868 
0.290021 0.108026 
0.606403 0.800299 
0.0992169 0.403055 
0.0851929 0.389808 
0.809725 0.171525 
0.0488381 0.824433 
0.593332 0.260648 
0.463242 0.347445 
0.461603 0.214764 
0.270164 0.895974 
0.950397 0.876068 
0.536899 0.917822 
0.513386 0.793565 
0.223137 0.957376 
0.160692 0.745679 
0.850483 0.784908 
0.330416 0.618083 
0.158941 0.128927 
0.758878 0.41355 
0.0898242 0.609719 
0.595318 0.634167 
0.270242 0.567057 
0.660437 0.575678 
0.54584 0.695037 
0.274807 0.769958 
0.851324 0.845379 
0.80239 0.776745 
0.660662 0.0946694 
0.0821048 0.499197 
0.924926 0.865368 
0.775382 0.650224 
0.388019 0.734032 
0.76015 0.741078 
0.106667 0.507182 
0.67963 0.672223 
0.0694909 0.066631 
0.919577 0.0284181 
0.589492 0.520873 
0.935785 0.908756 
0.821931 0.416074 
0.73095 0.344407 
0.588637 0.252626 
0.584675 0.582238 
0.0901974 0.293469 
0.044236 0.363454 
0.146549 0.173611 
0.315435 0.447313 
0.276322 0.26137 
0.715405 0.086758 
0.895481 0.424727 
0.810661 0.416474 
0.192294 0.432014 
0.593638 0.982498 
0.479781 0.973034 
0.207194 0.870055 
0.953559 0.582285 
0.652355 0.798478 
0.42944 0.275736 
0.00449079 0.699987 
0.949188 0.869513 
0.116688 0.819667 
0.337673 0.532752 
0.645793 0.8461 
0.410315 0.304279 
0.502265 0.368669 
0.985978 0.0127081 
0.604104 0.573257 
0.889097 0.156186 
0.571444 0.826448 
0.0887841 0.78158 
0.222136 0.51391 
0.648895 0.665605 
0.769232 0.876667 
0.0918722 0.475931 
0.582981 0.91683 
0.787378 0.606942 
0.31447 0.828015 
0.767436 0.756792 
0.50167 0.835066 
0.540055 0.469073 
0.424506 0.145275 
0.0928104 0.879855 
0.319867 0.660508 
0.126386 0.588204 
0.932472 0.749575 
0.979289 0.488727 
0.383508 0.262614 
0.0182369 0.920678 
0.817042 0.579351 
0.0768225 0.0955402 
0.731796 0.840287 
0.906623 0.569003 
0.610528 0.505716 
0.752911 0.262714 
0.497941 0.799439 
0.237051 0.801167 
0.305784 0.921008 
0.492495 0.0465854 
0.671015 0.856698 
0.0505731 0.859903 
0.840582 0.499181 
0.205888 0.116898 
0.251516 0.489688 
0.892577 0.406203 
0.0663398 0.122399 
0.566788 0.78945 
0.543023 0.200403 
0.873728 0.274621 
0.256562 0.892911 
0.058339 0.915901 
0.21387 0.299742 
0.0725742 0.148934 
0.444827 0.483186 
0.358259 0.393823 
0.884394 0.228481 
0.979392 0.705705 
0.0303615 0.566704 
0.150207 0.07967 
0.12361 0.452059 
0.971203 0.814046 
0.787916 0.75836 
0.899094 0.8107 
0.473582 0.592754 
0.184248 0.847284 
0.638908 0.658492 
0.555736 0.283744 
0.342294 0.0926497 
0.377164 0.717562 
0.556385 0.163024 
0.744087 0.0683859 
0.500953 0.534557 
0.262905 0.596022 
0.442129 0.981381 
0.949295 0.270643 
0.270629 0.889782 
0.398214 0.53546 
0.301883 0.930146 
0.0155219 0.879378 
0.135326 0.705286 
0.0641224 0.704661 
0.847179 0.841519 
0.768679 0.513761 
0.852132 0.697014 
0.65083 0.767954 
0.25136 0.545262 
0.392932 0.306253 
0.592252 0.584722 
0.66562 0.750949 
0.10003 0.655039 
0.0558476 0.0878581 
0.785634 0.440773 
0.818935 0.00482752 
0.00787255 0.548045 
0.031897 0.688667 
0.864565 0.715954 
0.867556 0.504762 
0.410218 0.784288 
0.610283 0.368598 
0.51824 0.284938 
0.627291 0.333872 
0.108128 0.0582566 
0.977407 0.522105 
0.668308 0.123288 
0.701695 0.339109 
0.896271 0.00993018 
0.0284716 0.0788082 
0.513463 0.0899593 
0.0539932 0.315687 
0.754595 0.547018 
0.292302 0.361207 
0.0284635 0.122964 
0.652206 0.235208 
0.838962 0.0436408 
0.772043 0.977241 
0.036968 0.968718 
0.106269 0.95607 
0.920996 0.600827 
0.0188802 0.576294 
0.418119 0.861052 
0.466985 0.412531 
0.763087 0.0118812 
0.685055 0.341633 
0.648127 0.066324 
0.130036 0.497854 
0.516278 0.389548 
0.50679 0.220034 
0.150743 0.526686 
0.405023 0.867776 
0.832488 0.412092 
0.323572 0.712436 
0.0232799 0.562549 
0.591438 0.742075 
0.0771441 0.433111 
0.351156 0.664657 
0.535361 0.869764 
0.415093 0.0570072 
0.632166 0.230458 
0.557458 0.803946 
0.238505 0.808321 
0.666304 0.60116 
0.882115 0.416541 
0.398971 0.316495 
0.125201 0.599657 
0.607224 0.213199 
0.211015 0.000841023 
0.16178 0.843998 
0.0794542 0.0069975 
0.201768 0.441767 
0.634386 0.387225 
0.736773 0.482302 
0.092714 0.594372 
0.488952 0.798678 
0.61927 0.0371103 
0.719501 0.0593918 
0.30452 0.175527 
0.153075 0.840473 
0.157302 0.730435 
0.330345 0.83222 
0.296503 0.470245 
0.633745 0.724181 
0.91189 0.21084 
0.0336897 0.139426 
0.612531 0.584323 
0.802213 0.421518 
0.415643 0.613967 
0.346636 0.369816 
0.0529253 0.57507 
0.794129 0.19429 
0.258843 0.402299 
0.515735 0.441232 
0.823111 0.40343 
0.952182 0.535666 
0.55295 0.273011 
0.467982 0.761832 
0.158304 0.623998 
0.61575 0.366669 
0.0392301 0.252597 
0.305077 0.98642 
0.0223594 0.486514 
0.859358 0.970259 
0.662355 0.0250734 
0.0343112 0.370764 
0.774012 0.0536031 
0.989328 0.0905525 
0.0938921 0.379302 
0.140706 0.697591 
0.362547 0.397554 
0.499741 0.697245 
0.0605483 0.100746 
0.0648802 0.962756 
0.116962 0.336051 
0.557209 0.898442 
0.448799 0.491133 
0.59852 0.927376 
0.222537 0.882878 
0.297523 0.173649 
0.321518 0.129402 
0.392859 0.816058 
0.218946 0.119809 
0.899488 0.528897 
0.331637 0.153282 
0.024404 0.0609703 
0.001908 0.97411 
0.0558962 0.107969 
0.0872116 0.031948 
0.836437 0.722476 
0.687826 0.663493 
0.128142 0.738231 
0.231059 0.176489 
0.799457 0.157351 
0.879174 0.177669 
0.281727 0.0300044 
0.651886 0.492531 
0.675312 0.0755652 
0.949244 0.986495 
0.244539 0.455773 
0.00366118 0.663836 
0.392632 0.11015 
0.0189738 0.881765 
0.0786859 0.962325 
0.0794422 0.903254 
0.88359 0.693818 
0.270602 0.170909 
0.388228 0.276838 
0.425018 0.388513 
0.779848 0.673714 
0.735998 0.97603 
0.389362 0.697281 
0.626177 0.371152 
0.134468 0.938783 
0.365478 0.505035 
0.605912 0.532629 
0.352821 0.247975 
0.498832 0.571599 
0.0984606 0.602414 
0.307665 0.706016 
0.259948 0.593431 
0.984917 0.329311 
0.0227091 0.704355 
0.466018 0.976012 
0.947674 0.863309 
0.99898 0.601617 
0.909641 0.493789 
0.219047 0.948929 
0.692348 0.854881 
0.414617 0.66606 
0.860585 0.569776 
0.594246 0.685383 
0.640744 0.226092 
0.694971 0.124325 
0.561852 0.944946 
0.906303 0.00529882 
0.144975 0.700378 
0.0676597 0.664568 
0.562309 0.877541 
0.401754 0.648995 
0.238695 0.415796 
0.467631 0.410124 
0.622628 0.512234 
0.734167 0.760964 
0.483532 0.3491 
0.0468129 0.275171 
0.935252 0.695884 
0.790548 0.19624 
0.118757 0.0708276 
0.63767 0.790802 
0.0851821 0.615207 
0.851937 0.292807 
0.928894 0.719739 
0.451979 0.662265 
0.0783764 0.160321 
0.502533 0.832338 
0.397589 0.742842 
0.883225 0.579454 
0.395777 0.101393 
0.0727809 0.161215 
0.822194 0.209965 
0.557729 0.634624 
0.531071 0.97236 
0.0553645 0.534849 
0.630459 0.025049 
0.0701291 0.701781 
0.0797431 0.136083 
0.474902 0.730214 
0.861417 0.598573 
0.25865 0.856779 
0.164692 0.984178 
0.212604 0.628482 
0.148451 0.280186 
0.794278 0.347498 
0.854112 0.104382 
0.204738 0.189555 
0.0823324 0.613575 
0.0943945 0.605329 
0.623949 0.459366 
0.169952 0.377454 
0.676186 0.92038 
0.866886 0.322721 
0.500055 0.15442 
0.123264 0.483697 
0.821428 0.682494 
0.832193 0.457318 
0.431584 0.493559 
0.723528 0.283021 
0.66614 0.643257 
0.288296 0.841783 
0.899505 0.679823 
0.944174 0.361379 
0.635449 0.587146 
0.604444 0.0215938 
0.241262 0.807027 
0.66141 0.698569 
0.449524 0.791988 
0.60394 0.728718 
0.834957 0.0407847 
0.23868 0.609535 
0.130386 0.56271 
0.419924 0.629694 
0.800447 0.150254 
0.170584 0.87082 
0.314053 0.587021 
0.130908 0.143613 
0.260086 0.917736 
0.457724 0.554841 
0.466665 0.334513 
0.152256 0.421217 
0.508083 0.342086 
0.393526 0.441609 
0.887101 0.519566 
0.327173 0.589917 
0.422249 0.476926 
0.291082 0.0781309 
0.844547 0.783153 
0.639197 0.747212 
0.100382 0.42379 
0.95312 0.464687 
0.493464 0.724261 
0.0117305 0.102824 
0.219314 0.567385 
0.378693 0.0915718 
0.380416 0.317559 
0.0510857 0.318717 
0.285387 0.695148 
0.153617 0.598331 
0.829327 0.483223 
0.888913 0.567304 
0.960681 0.198554 
0.0967316 0.94308 
0.916684 0.592392 
0.765551 0.42386 
0.940077 0.421564 
0.225941 0.856608 
0.208023 0.0765833 
0.441023 0.821136 
0.0427623 0.778303 
0.48874 0.706129 
0.181679 0.408602 
0.472044 0.0893081 
0.178815 0.775159 
0.470427 0.432368 
0.467412 0.313746 
0.861395 0.303748 
0.552437 0.0903514 
0.330351 0.132278 
0.658808 0.862992 
0.713468 0.623533 
0.783825 0.772179 
0.491164 0.289921 
0.769242 0.572923 
0.417452 0.946948 
0.493863 0.465443 
0.931989 0.806761 
0.736579 0.175348 
0.574875 0.793314 
0.827321 0.447198 
0.814744 0.153538 
0.449061 0.732597 
0.366212 0.318187 
0.599512 0.708183 
0.0902753 0.769116 
0.0561748 0.786206 
0.725987 0.26411 
0.3625 0.423067 
0.725656 0.566506 
0.322933 0.485995 
0.104501 0.855721 
0.665917 0.622357 
0.0367818 0.66325 
0.548379 0.498407 
0.0250548 0.35249 
0.0446147 0.684125 
0.491057 0.406137 
0.370675 0.958849 
0.709915 0.722032 
0.698559 0.352948 
0.779378 0.455599 
0.250771 0.342597 
0.209878 0.979206 
0.906637 0.110813 
0.753647 0.878402 
0.918472 0.585603 
0.479789 0.846566 
0.372519 0.29474 
0.376642 0.572649 
0.847554 0.688616 
0.982473 0.0117063 
0.718643 0.00967715 
0.551202 0.210419 
0.317178 0.397386 
0.547332 0.996353 
0.633028 0.904013 
0.790743 0.168311 
0.922247 0.580223 
0.740647 0.134262 
0.527432 0.713361 
0.92548 0.553765 
0.5017 0.747399 
0.736795 0.0633983 
0.337571 0.331901 
0.025338 0.275627 
0.758213 0.356133 
0.881827 0.892601 
0.550541 0.296124 
0.184694 0.0925462 
0.911038 0.566002 
0.82884 0.0445186 
0.194819 0.186497 
0.269123 0.740996 
0.240176 0.778989 
0.344773 0.199583 
0.669395 0.771158 
0.908093 0.871297 
0.882706 0.31559 
0.848194 0.642896 
0.698828 0.652668 
0.880835 0.317863 
0.338721 0.787087 
0.520108 0.00111601 
0.459617 0.937358 
0.46702 0.160392 
0.207589 0.740918 
0.861881 0.760565 
0.589376 0.753927 
0.0213057 0.482873 
0.644474 0.77716 
0.464349 0.00213692 
0.214091 0.133249 
0.149879 0.706467 
0.0371962 0.356173 
0.858914 0.822046 
0.633285 0.551861 
0.943058 0.953271 
0.653783 0.804582 
0.0978695 0.823006 
0.0822153 0.349391 
0.815152 0.379998 
0.839618 0.197353 
0.889601 0.917416 
0.500146 0.303947 
0.378114 0.276807 
0.551568 0.415843 
0.912607 0.196613 
0.996984 0.685803 
0.697703 0.981742 
0.144805 0.697715 
0.324975 0.400023 
0.884427 0.531777 
0.27768 0.792567 
0.960963 0.0136919 
0.170799 0.753687 
0.121801 0.0297423 
0.0909402 0.873506 
0.648594 0.958968 
0.319391 0.792928 
0.990403 0.91571 
0.091473 0.188022 
0.542336 0.635246 
0.504266 0.0383019 
0.430256 0.234301 
0.602696 0.762454 
0.699628 0.225398 
0.336804 0.640829 
0.156867 0.243392 
0.291466 0.122114 
0.0781451 0.438245 
0.76218 0.401638 
0.885241 0.949405 
0.918906 0.485753 
0.408242 0.516512 
0.207302 0.285292 
0.0830351 0.748181 
0.472463 0.295138 
0.812282 0.477199 
0.195971 0.774349 
0.238012 0.769968 
0.826012 0.539191 
0.943906 0.1575 
0.557775 0.171231 
0.681459 0.126072 
0.71667 0.124985 
0.0438576 0.229717 
0.932393 0.347697 
0.979968 0.784634 
0.110363 0.376502 
0.689606 0.500155 
0.37556 0.0331476 
0.125603 0.355046 
0.0239181 0.764513 
0.800366 0.570091 
0.445431 0.77784 
0.905733 0.622445 
0.159267 0.117533 
0.0410367 0.292306 
0.827527 0.161256 
0.165729 0.256008 
0.920352 0.680012 
0.741147 0.670866 
0.663851 0.0770676 
0.77386 0.395181 
0.61082 0.38288 
0.471118 0.0443183 
0.507441 0.209223 
0.311302 0.614524 
0.382826 0.961872 
0.504185 0.199344 
0.939572 0.0212746 
0.840664 0.858979 
0.317876 0.955219 
0.835954 0.270722 
0.200441 0.535635 
0.797405 0.560409 
0.544694 0.930605 
0.309454 0.832555 
0.228212 0.8983 
0.977521 0.0403708 
0.658484 0.58389 
0.835592 0.846881 
0.713941 0.375964 
0.25521 0.860038 
0.0471739 0.532696 
0.734205 0.578521 
0.556732 0.611628 
0.776102 0.295113 
0.819109 0.252477 
0.341156 0.402175 
0.855134 0.011658 
0.611265 0.222297 
0.866124 0.559879 
0.594407 0.664334 
0.873267 0.729536 
0.679369 0.0673108 
0.298044 0.906855 
0.589031 0.764962 
0.570685 0.351659 
0.923732 0.135339 
0.462412 0.0562906 
0.778327 0.871517 
0.312922 0.917591 
0.797418 0.121775 
0.562881 0.420075 
0.603456 0.325285 
0.54946 0.0188423 
0.361279 0.352923 
0.966152 0.551077 
0.889841 0.463986 
0.272827 0.0657574 
0.349213 0.878461 
0.99501 0.0751807 
0.952945 0.228548 
0.316734 0.63369 
0.323297 0.262438 
0.555138 0.758212 
0.109441 0.988603 
0.00721704 0.1792 
0.969384 0.895316 
0.83415 0.639822 
0.593311 0.499006 
0.637414 0.156452 
0.432137 0.456797 
0.995542 0.265055 
0.253564 0.364733 
0.558871 0.608204 
0.829564 0.87243 
0.202929 0.117063 
0.565052 0.72616 
0.407588 0.725759 
0.558328 0.728412 
0.750931 0.618188 
0.293882 0.740577 
0.858591 0.159442 
0.72339 0.583387 
0.221288 0.625047 
0.0510262 0.25715 
0.441607 0.389632 
0.434231 0.291796 
0.862981 0.164235 
0.901617 0.158595 
0.878903 0.736 
0.193589 0.352326 
0.929448 0.231235 
0.500087 0.437719 
0.882371 0.603197 
0.810605 0.119432 
0.575789 0.818897 
0.155745 0.377942 
0.309762 0.999301 
0.140811 0.587661 
0.557927 0.717977 
0.204125 0.174994 
0.495704 0.105779 
0.723202 0.0237082 
0.833946 0.991094 
0.301779 0.956917 
0.386578 0.21629 
0.240686 0.409269 
0.474849 0.399338 
0.0902534 0.811528 
0.980885 0.777807 
0.506223 0.289664 
0.57962 0.79358 
0.866439 0.280633 
0.51503 0.886804 
0.166514 0.276326 
0.0809887 0.948872 
0.731405 0.289777 
0.76556 0.162625 
0.22695 0.908529 
0.356934 0.295777 
0.0771561 0.357652 
0.158287 0.937364 
0.277686 0.690863 
0.422119 0.448073 
0.682042 0.730567 
0.968668 0.278364 
0.576656 0.079945 
0.998879 0.546093 
0.870053 0.784215 
0.232197 0.710699 
0.109692 0.540684 
0.415955 0.208215 
0.89306 0.506032 
0.776914 0.939829 
0.510544 0.977268 
0.581095 0.532415 
0.564619 0.210895 
0.258759 0.417243 
0.597299 0.657635 
0.885254 0.711268 
0.295626 0.696969 
0.162648 0.451622 
0.512991 0.118262 
0.676426 0.439023 
0.290157 0.752476 
0.836499 0.199418 
0.870514 0.551733 
0.883533 0.119022 
0.356421 0.902051 
0.732907 0.447444 
0.0326984 0.222869 
0.119925 0.355535 
0.912738 0.686288 
0.610938 0.740592 
0.816173 0.622855 
0.226273 0.993962 
0.414229 0.552183 
0.0174368 0.720657 
0.900718 0.229367 
0.939675 0.499221 
0.0347716 0.630621 
0.255175 0.557805 
0.364661 0.815113 
0.298312 0.818047 
0.254178 0.827624 
0.9477 0.595964 
0.697841 0.548539 
0.131065 0.793183 
0.871904 0.0675734 
0.321853 0.575273 
0.31301 0.455788 
0.393004 0.209466 
0.301627 0.556652 
0.0384067 0.103408 
0.8986 0.941085 
0.678779 0.0509154 
0.617276 0.197446 
0.348646 0.921004 
0.831443 0.0386831 
0.812381 0.962603 
0.15355 0.907488 
0.846982 0.544278 
0.629241 0.168838 
0.238774 0.912825 
0.43523 0.137481 
0.298977 0.295672 
0.337379 0.683331 
0.443548 0.630774 
0.232108 0.443348 
0.0661345 0.142997 
0.846684 0.468369 
0.248906 0.161633 
0.276805 0.249242 
0.895896 0.614683 
0.262583 0.344214 
0.162214 0.702697 
0.864091 0.185492 
0.274195 0.436267 
0.279213 0.383502 
0.0625823 0.180872 
0.64751 0.893653 
0.0535012 0.170729 
0.735689 0.986529 
0.574764 0.617917 
0.0630506 0.60082 
0.258934 0.35243 
0.491194 0.294503 
0.411626 0.304881 
0.0460489 0.442678 
0.819462 0.459134 
0.505588 0.273341 
0.713648 0.105271 
0.515299 0.541488 
0.499721 0.160863 
0.760267 0.176795 
0.519499 0.904015 
0.920635 0.444889 
0.991443 0.474655 
0.2202 0.229952 
0.598276 0.649101 
0.529818 0.126114 
0.914285 0.0232175 
0.991857 0.712916 
0.190366 0.371231 
0.452073 0.209279 
0.0671046 0.27234 
0.441291 0.739572 
0.161956 0.85528 
0.741335 0.0140391 
0.538935 0.315334 
0.167875 0.474696 
0.873299 0.613358 
0.395651 0.234493 
0.783291 0.517424 
0.892026 0.901926 
0.271492 0.158672 
0.935563 0.0184736 
0.358682 0.389621 
0.122983 0.158598 
0.444984 0.591171 
0.57499 0.0870337 
0.0354001 0.121113 
0.029443 0.204836 
0.229344 0.260131 
0.11662 0.0660419 
0.191465 0.421886 
0.890266 0.735753 
0.720088 0.166271 
0.182174 0.360847 
0.392402 0.484902 
0.152951 0.87184 
0.212248 0.196625 
0.624485 0.459023 
0.969941 0.315068 
0.0594039 0.462895 
0.987711 0.674167 
0.393551 0.0983316 
0.220972 0.361946 
0.675574 0.225006 
0.823144 0.0487449 
0.674059 0.753194 
0.295572 0.187737 
0.976853 0.637128 
0.846159 0.413067 
0.34155 0.759733 
0.129967 0.47252 
0.705852 0.394115 
0.987522 0.352924 
0.366383 0.846276 
0.456029 0.775406 
0.95124 0.437061 
0.0786911 0.363132 
0.998027 0.292979 
0.660647 0.427258 
0.762639 0.0504127 
0.0754966 0.960878 
0.306216 0.432489 
0.0467106 0.921153 
0.743524 0.121168 
0.680852 0.997319 
0.706063 0.450764 
0.567643 0.736002 
0.47771 0.0960273 
0.0250266 0.116295 
0.339256 0.824504 
0.296181 0.883775 
0.369135 0.967801 
0.401486 0.284013 
0.313246 0.889532 
0.710645 0.772542 
0.0648273 0.865022 
0.778346 0.285606 
0.576082 0.369674 
0.760338 0.766305 
0.52582 0.381137 
0.250685 0.198523 
0.0858808 0.93761 
0.501935 0.332182 
0.0509385 0.471248 
0.462466 0.641834 
0.200894 0.634858 
0.113123 0.419895 
0.530436 0.509749 
0.983414 0.0593097 
0.87426 0.38083 
0.245303 0.745903 
0.217601 0.605615 
0.0862076 0.784636 
0.702246 0.345989 
0.14718 0.587272 
0.925221 0.0696632 
0.888089 0.0101665 
0.840441 0.0828754 
0.0503987 0.511122 
0.382522 0.39936 
0.611113 0.975495 
0.78671 0.829829 
0.0623494 0.872771 
0.366895 0.434667 
0.170419 0.485945 
0.993115 0.577243 
0.0968712 0.0902549 
0.848104 0.563525 
0.220352 0.643413 
0.357424 0.336417 
0.400825 0.207204 
0.106263 0.757358 
0.452162 0.649137 
0.228336 0.173335 
0.261242 0.636094 
0.933424 0.700672 
0.631492 0.215046 
0.180967 0.520513 
0.31152 0.719224 
0.355354 0.416201 
0.0564426 0.819714 
0.653457 0.39813 
0.053059 0.0529883 
0.255215 0.825527 
0.248138 0.230201 
0.0427548 0.791151 
0.0790422 0.474142 
0.65275 0.773188 
0.43564 0.196704 
0.677409 0.972099 
0.765036 0.540891 
0.58717 0.167601 
0.334873 0.392841 
0.706328 0.483703 
0.0225064 0.535364 
0.710977 0.403324 
0.769974 0.313687 
0.819208 0.175587 
0.625722 0.77649 
0.41972 0.506141 
0.709693 0.608704 
0.520789 0.178559 
0.129806 0.345444 
0.515545 0.00761766 
0.48838 0.493476 
0.340082 0.659658 
0.984872 0.852626 
0.6938 0.587864 
0.284024 0.648676 
0.197792 0.822144 
0.130694 0.837604 
0.000210749 0.292275 
0.771515 0.670071 
0.870832 0.105383 
0.37745 0.148262 
0.912552 0.78567 
0.214805 0.0576289 
0.356049 0.825501 
0.975247 0.869811 
0.857494 0.203552 
0.541961 0.94875 
0.597458 0.182532 
0.984984 0.789136 
0.910502 0.636303 
0.0470329 0.547412 
0.6468 0.549303 
0.446246 0.700807 
0.0129293 0.837899 
0.070994 0.551648 
0.081488 0.741473 
0.929028 0.951812 
0.836325 0.981441 
0.329413 0.354701 
0.736309 0.950378 
0.96155 0.193796 
0.671088 0.369479 
0.461482 0.291334 
0.184543 0.542983 
0.218203 0.615414 
0.62185 0.509819 
0.67809 0.966104 
0.661604 0.109446 
0.848976 0.831676 
0.975181 0.952642 
0.355835 0.92191 
0.300835 0.730477 
0.156384 0.304499 
0.297586 0.743218 
0.199595 0.118831 
0.938396 0.868201 
0.273505 0.115433 
0.00729316 0.81851 
0.589978 0.377665 
0.774996 0.0124376 
0.874845 0.678558 
0.528543 0.78468 
0.375829 0.486609 
0.170832 0.34355 
0.400522 0.871175 
0.454613 0.137808 
0.0736072 0.305578 
0.261866 0.0501354 
0.405919 0.0788004 
0.647023 0.335661 
0.220798 0.311585 
0.0431927 0.622918 
0.735624 0.439576 
0.559998 0.624279 
0.107934 0.176216 
0.81589 0.741898 
0.387809 0.244278 
0.454396 0.557827 
0.56563 0.00286753 
0.313931 0.256893 
0.284864 0.135421 
0.443312 0.816125 
0.465603 0.285288 
0.928878 0.636922 
0.779017 0.299567 
0.409871 0.524579 
0.760368 0.61689 
0.0327617 0.872368 
0.264645 0.69474 
0.213226 0.134511 
0.374763 0.617147 
0.595042 0.351204 
0.630228 0.132993 
0.986162 0.0963116 
0.671321 0.394899 
0.0513857 0.720132 
0.872639 0.730334 
0.47676 0.379432 
0.282116 0.0729642 
0.366176 0.0249304 
0.0608355 0.897065 
0.551812 0.405176 
0.737411 0.622789 
0.214457 0.290992 
0.21534 0.228885 
0.887073 0.816576 
0.463968 0.483897 
0.0893742 0.986843 
0.650624 0.141364 
0.707172 0.428529 
0.967858 0.0572613 
0.541342 0.711533 
0.992565 0.989422 
0.234127 0.801698 
0.574481 0.786644 
0.0509896 0.108505 
0.0976802 0.700041 
0.687 0.482134 
0.615927 0.75037 
0.765974 0.339983 
0.00917246 0.911937 
0.670465 0.526514 
0.567943 0.6006 
0.700723 0.327415 
0.424311 0.0407836 
0.982262 0.507604 
0.0180378 0.950165 
0.508129 0.574645 
0.578616 0.25477 
0.690877 0.763756 
0.394067 0.644675 
0.231767 0.314017 
0.233641 0.78108 
0.616876 0.753186 
0.0432785 0.392111 
0.525873 0.639996 
0.230564 0.148598 
0.819036 0.316002 
0.703569 0.0780773 
0.70413 0.564188 
0.148735 0.908079 
0.0472862 0.398355 
0.699273 0.869644 
0.0702434 0.674474 
0.383777 0.338492 
0.230116 0.973047 
0.774276 0.0252278 
0.909362 0.570883 
0.910435 0.411788 
0.864454 0.430347 
0.52526 0.601534 
0.368885 0.302387 
0.901936 0.838032 
0.218542 0.512475 
0.488056 0.461735 
0.796518 0.215312 
0.7608 0.386934 
0.975768 0.0462852 
0.489636 0.325271 
0.500897 0.953365 
0.818555 0.35243 
0.670655 0.0487319 
0.824483 0.526455 
0.547878 0.708242 
0.102392 0.439133 
0.785626 0.271388 
0.392092 0.374067 
0.439834 0.861487 
0.938441 0.251507 
0.646451 0.933225 
0.0935356 0.741455 
0.6823 0.136818 
0.98744 0.0855106 
0.120558 0.722858 
0.452253 0.443941 
0.849132 0.935861 
0.33337 0.671313 
0.742955 0.915356 
0.130894 0.779782 
0.994682 0.333088 
0.530746 0.164152 
0.15457 0.0762016 
0.443837 0.118923 
0.671028 0.126501 
0.677395 0.525983 
0.927357 0.722244 
0.730924 0.198164 
0.813726 0.718697 
0.503982 0.58551 
0.978939 0.431779 
0.198118 0.688105 
0.0131201 0.134949 
0.607969 0.593995 
0.991709 0.161795 
0.0575367 0.139737 
0.60261 0.962228 
0.229524 0.345023 
0.291235 0.658035 
0.197179 0.755058 
0.449425 0.638387 
0.955156 0.0131255 
0.0296378 0.26768 
0.350276 0.286741 
0.177546 0.2953 
0.690664 0.973958 
0.732775 0.723496 
0.903822 0.635943 
0.754727 0.38505 
0.0720048 0.439643 
0.393904 0.378641 
0.411219 0.164796 
0.907068 0.334921 
0.87986 0.476678 
0.18151 0.812942 
0.416556 0.213782 
0.712461 0.921366 
0.362837 0.0530126 
0.966695 0.445719 
0.589611 0.524902 
0.602999 0.487997 
0.959264 0.718965 
0.36755 0.646594 
0.725627 0.63373 
0.552988 0.976433 
0.866107 0.476259 
0.787135 0.307909 
0.0830392 0.906347 
0.972525 0.612126 
0.875554 0.668273 
0.265726 0.551687 
0.282921 0.279953 
0.391564 0.513765 
0.287801 0.585199 
0.712719 0.325641 
0.657127 0.643603 
0.240054 0.654059 
0.737684 0.723969 
0.788775 0.300099 
0.263546 0.356414 
0.494073 0.64303 
0.0579544 0.430159 
0.267393 0.753379 
0.952639 0.381544 
0.321159 0.359757 
0.973198 0.280633 
0.296854 0.834912 
0.82123 0.574495 
0.606201 0.369038 
0.693685 0.242246 
0.913981 0.882464 
0.599413 0.333549 
0.0322637 0.872043 
0.648833 0.0530524 
0.483866 0.594308 
0.0040532 0.350944 
0.914708 0.258415 
0.238514 0.992883 
0.372336 0.488488 
0.861863 0.128881 
0.160674 0.530198 
0.328899 0.67789 
0.129356 0.0760373 
0.223026 0.888877 
0.20082 0.643885 
0.723769 0.786286 
0.285681 0.19919 
0.710121 0.111336 
0.713574 0.0470646 
0.357187 0.456254 
0.447206 0.187519 
0.228434 0.00882829 
0.0678861 0.788742 
0.285528 0.364657 
0.667846 0.119863 
0.914355 0.0486093 
0.25366 0.878702 
0.294776 0.0394008 
0.781204 0.772995 
0.361063 0.914465 
0.174966 0.49009 
0.117878 0.14346 
0.45129 0.743569 
0.242327 0.825718 
0.215239 0.906314 
0.962785 0.41506 
0.903348 0.98425 
0.277736 0.672279 
0.200109 0.115773 
0.205335 0.124143 
0.148608 0.427616 
0.684591 0.0921702 
0.979209 0.165514 
0.344187 0.689073 
0.42539 0.237264 
0.00246758 0.497823 
0.782533 0.257621 
0.494697 0.57595 
0.351143 0.523222 
0.307554 0.389761 
0.465054 0.968286 
0.14583 0.72325 
0.957393 0.885563 
0.0252966 0.915502 
0.957901 0.262116 
0.476747 0.727406 
0.438477 0.0473193 
0.67873 0.316162 
0.226962 0.0334544 
0.386286 0.892068 
0.251215 0.742214 
0.228606 0.713974 
0.83817 0.78914 
0.674738 0.10953 
0.275637 0.882566 
0.361893 0.182628 
0.821061 0.325266 
0.418012 0.420065 
0.338574 0.12129 
0.858361 0.737193 
0.529679 0.553267 
0.0389279 0.343182 
0.672578 0.53584 
0.176288 0.201058 
0.119729 0.335984 
0.237113 0.866337 
0.236338 0.215151 
0.853819 0.88078 
0.937231 0.735254 
0.306816 0.393231 
0.715874 0.948604 
0.326486 0.628303 
0.832978 0.141693 
0.235865 0.205926 
0.0942621 0.75559 
0.0450788 0.811444 
0.358785 0.0269544 
0.152797 0.0729444 
0.881701 0.0728552 
0.0394952 0.00953336 
0.0632342 0.621683 
0.591151 0.224227 
0.137465 0.449725 
0.136829 0.36251 
0.235624 0.112626 
0.713701 0.623545 
0.976005 0.0606495 
0.675678 0.282863 
0.0836094 0.459913 
0.087375 0.0956415 
0.871358 0.675554 
0.119577 0.957165 
0.398372 0.371343 
0.582461 0.821772 
0.379698 0.0287503 
0.936427 0.995984 
0.98987 0.571769 
0.208636 0.463189 
0.632046 0.293284 
0.965073 0.623089 
0.808792 0.446678 
0.136503 0.402977 
0.908399 0.807628 
0.187605 0.420852 
0.661729 0.291578 
0.261746 0.69316 
0.93556 0.466915 
0.440115 0.83443 
0.914243 0.713383 
0.315986 0.298513 
0.339366 0.261213 
0.871414 0.869095 
0.801863 0.325186 
0.668912 0.83425 
0.827594 0.716493 
0.870882 0.392632 
0.811214 0.155675 
0.984645 0.527217 
0.385337 0.346203 
0.994737 0.643354 
0.774316 0.707812 
0.125434 0.611429 
0.654593 0.318173 
0.0580571 0.351146 
0.635847 0.660792 
0.010625 0.10673 
0.699038 0.227924 
0.664775 0.863543 
0.845664 0.563808 
0.622115 0.703867 
0.579865 0.470984 
0.384987 0.170518 
0.588485 0.43661 
0.135627 0.251109 
0.525888 0.147137 
0.377729 0.68662 
0.268516 0.139555 
0.302529 0.302051 
0.660787 0.61588 
0.468906 0.785481 
0.640201 0.557695 
0.509747 0.476512 
0.892239 0.517027 
0.60944 0.498295 
0.564195 0.241693 
0.471189 0.689186 
0.661928 0.807325 
0.0813064 0.0140118 
0.773384 0.740719 
0.554378 0.852542 
0.284999 0.809677 
0.28239 0.682314 
0.438748 0.325394 
0.290537 0.909647 
0.104192 0.335022 
0.0662586 0.262858 
0.556314 0.758805 
0.644494 0.743101 
0.0988281 0.737656 
0.00380449 0.162591 
0.705498 0.223896 
0.0881828 0.854524 
0.233992 0.509574 
0.400839 0.321354 
0.524134 0.587134 
0.65126 0.975974 
0.930882 0.70083 
0.0740552 0.684616 
0.354001 0.421436 
0.725004 0.657513 
0.611429 0.795951 
0.39354 0.901589 
0.6124 0.884 
0.218921 0.800193 
0.0658783 0.661876 
0.860367 0.484215 
0.134273 0.325323 
0.321109 0.0433218 
0.102299 0.869543 
0.122872 0.267545 
0.837674 0.736188 
0.951934 0.551268 
0.097607 0.182916 
0.742218 0.622712 
0.859538 0.988664 
0.92014 0.110052 
0.154947 0.480963 
0.994601 0.536664 
0.390877 0.824714 
0.242778 0.270196 
0.386238 0.0463243 
0.303093 0.350409 
0.98725 0.504791 
0.91158 0.868349 
0.332719 0.547761 
0.208288 0.971347 
0.273712 0.381105 
0.843182 0.877774 
0.525842 0.425469 
0.0761687 0.646404 
0.704571 0.0750205 
0.687995 0.478944 
0.324736 0.0892783 
0.97934 0.245071 
0.673294 0.654223 
0.457732 0.0390469 
0.164832 0.486111 
0.706187 0.603099 
0.728431 0.0330005 
0.272327 0.383439 
0.699694 0.282402 
0.0461076 0.848895 
0.666212 0.726517 
0.237528 0.496475 
0.107107 0.670611 
0.57087 0.157265 
0.86944 0.833167 
0.102187 0.89245 
0.306231 0.191262 
0.101181 0.0171395 
0.723908 0.865901 
0.373668 0.161997 
0.690325 0.930948 
0.943387 0.274695 
0.338605 0.747739 
0.78605 0.676304 
0.152924 0.700018 
0.650096 0.827993 
0.118665 0.303534 
0.75487 0.602016 
0.976942 0.557281 
0.807209 0.710858 
0.35665 0.430815 
0.33019 0.945064 
0.300826 0.474116 
0.686119 0.114502 
0.72935 0.192167 
0.20992 0.310717 
0.452729 0.387355 
0.843741 0.163651 
0.56476 0.779096 
0.446407 0.34431 
0.999434 0.466525 
0.292264 0.698653 
0.876418 0.172645 
0.270321 0.406909 
0.616083 0.26268 
0.343243 0.0623097 
0.552781 0.227458 
0.747563 0.00433322 
0.255066 0.842535 
0.332084 0.616671 
0.167369 0.423614 
0.154368 0.535433 
0.15742 0.921096 
0.16773 0.572199 
0.833483 0.958511 
0.0756419 0.63622 
0.314863 0.914121 
0.775294 0.684544 
0.524141 0.29704 
0.657116 0.877966 
0.0425193 0.41939 
0.861742 0.00565799 
0.0291218 0.660937 
0.135343 0.0428506 
0.555435 0.557396 
0.187971 0.762781 
0.716277 0.423076 
0.74555 0.178035 
0.340652 0.891597 
0.615061 0.445184 
0.434248 0.889785 
0.605605 0.445699 
0.222765 0.456268 
0.4463 0.271733 
0.0428141 0.0687268 
0.6827 0.492522 
0.422669 0.182176 
0.202959 0.953156 
0.979295 0.79618 
0.968374 0.776967 
0.0947292 0.64753 
0.546808 0.793777 
0.15222 0.895945 
0.190065 0.952171 
0.172664 0.360329 
0.760719 0.8475 
0.535179 0.0885471 
0.168966 0.857098 
0.133523 0.668063 
0.650905 0.362891 
0.497193 0.539936 
0.314162 0.0617082 
0.0763312 0.812648 
0.512505 0.490037 
0.194492 0.373321 
0.681671 0.733055 
0.264386 0.68332 
0.638992 0.493902 
0.395941 0.507602 
0.90433 0.0113699 
0.190247 0.316383 
0.613609 0.816632 
0.774414 0.545147 
0.417473 0.912713 
0.70835 0.338448 
0.340797 0.418 
0.222166 0.230356 
0.639719 0.343136 
0.518269 0.956861 
0.729909 0.595012 
0.0788623 0.632627 
0.969654 0.0438977 
0.98938 0.609508 
0.409726 0.297601 
0.715038 0.555346 
0.140738 0.0555187 
0.180497 0.840784 
0.119406 0.440786 
0.932045 0.054663 
0.134922 0.579943 
0.353046 0.762866 
0.158022 0.178244 
0.909744 0.341769 
0.645159 0.799168 
0.919857 0.102432 
0.962533 0.0214634 
0.63141 0.403017 
0.978077 0.216461 
0.885406 0.335804 
0.501128 0.198743 
0.0349306 0.252315 
0.817822 0.139959 
0.394667 0.602468 
0.118135 0.970968 
0.626845 0.37453 
0.515682 0.399223 
0.558878 0.937499 
0.70819 0.456299 
0.820182 0.88748 
0.745781 0.346673 
0.309642 0.965964 
0.12153 0.118845 
0.675761 0.649669 
0.108245 0.891648 
0.0481114 0.507017 
0.521289 0.215121 
0.290958 0.578315 
0.421353 0.76827 
0.17679 0.28577 
0.948884 0.0731262 
0.307362 0.40431 
0.300098 0.605875 
0.642178 0.836562 
0.212137 0.646244 
0.407572 0.536375 
0.575744 0.684337 
0.720625 0.811453 
0.161177 0.524327 
0.0832714 0.948316 
0.542698 0.807823 
0.161179 0.212094 
0.221126 0.462955 
0.717146 0.058805 
0.284573 0.446938 
0.240842 0.364028 
0.385168 0.602624 
0.0092496 0.465601 
0.276111 0.827555 
0.755474 0.979531 
0.817943 0.128331 
0.324037 0.868887 
0.945319 0.360084 
0.235953 0.448637 
0.656167 0.558137 
0.337588 0.429838 
0.946223 0.792302 
0.34869 0.212588 
0.883599 0.608138 
0.570217 0.485407 
0.873587 0.798627 
0.990661 0.105783 
0.0151281 0.570101 
0.556518 0.0731097 
0.618139 0.377302 
0.0173164 0.824966 
0.626767 0.708284 
0.0212099 0.95291 
0.419621 0.56686 
0.0140831 0.556201 
0.366204 0.39417 
0.481659 0.989347 
0.15785 0.809252 
0.511153 0.786729 
0.147048 0.966941 
0.789988 0.15513 
0.958661 0.450304 
0.433143 0.575083 
0.384987 0.680924 
0.258676 0.621734 
0.642132 0.833977 
0.512027 0.938835 
0.278386 0.765432 
0.867243 0.36131 
0.664668 0.623819 
0.349367 0.634215 
0.541914 0.410246 
0.830645 0.432937 
0.470413 0.16521 
0.664892 0.465443 
0.181187 0.487078 
0.751561 0.276022 
0.827417 0.0763794 
0.420024 0.491717 
0.456513 0.603785 
0.124711 0.478302 
0.877776 0.748118 
0.492161 0.863322 
0.396473 0.0771518 
0.545455 0.797052 
0.301817 0.134479 
0.769147 0.804621 
0.820623 0.100465 
0.57805 0.252313 
0.619413 0.0808122 
0.142155 0.393084 
0.388128 0.353091 
0.340566 0.591992 
0.967617 0.719383 
0.346423 0.549325 
0.147805 0.901085 
0.752999 0.768437 
0.911344 0.385682 
0.840506 0.0874275 
0.0494226 0.449456 
0.952127 0.224486 
0.10164 0.977343 
0.649419 0.094837 
0.0264892 0.709194 
0.573879 0.119523 
0.935905 0.484753 
0.373767 0.712129 
0.866268 0.974468 
0.575315 0.97964 
0.6251 0.717848 
0.378579 0.233773 
0.0956544 0.92515 
0.926913 0.853474 
0.476906 0.554945 
0.00871163 0.0257522 
0.869351 0.502898 
0.163359 0.420752 
0.545357 0.459011 
0.225652 0.0149513 
0.0155227 0.171981 
0.105128 0.275691 
0.905954 0.565802 
0.455467 0.701843 
0.955243 0.869431 
0.470449 0.744802 
0.481666 0.824871 
0.825791 0.0196872 
0.117316 0.478801 
0.332364 0.824317 
0.488115 0.406804 
0.205231 0.0212387 
0.255515 0.898139 
0.77069 0.769011 
0.279376 0.75099 
0.586624 0.645071 
0.961182 0.150667 
0.621777 0.529665 
0.428935 0.866552 
0.79273 0.615491 
0.419652 0.540616 
0.50109 0.214253 
0.274398 0.186807 
0.20426 0.938033 
0.71997 0.47822 
0.18655 0.662032 
0.377981 0.924807 
0.333353 0.0450084 
0.381027 0.0965725 
0.400006 0.425869 
0.412733 0.571231 
0.902848 0.939566 
0.761368 0.341512 
0.712378 0.340788 
0.259089 0.930124 
0.486852 0.0237611 
0.483654 0.828027 
0.718847 0.511356 
0.719761 0.268345 
0.0801715 0.174705 
0.297141 0.387432 
0.538807 0.793363 
0.378828 0.230677 
0.767154 0.033293 
0.0202895 0.970372 
0.147241 0.220555 
0.937126 0.0790995 
0.755654 0.35564 
0.679789 0.607317 
0.0602618 0.0725219 
0.536571 0.0332063 
0.0597564 0.72264 
0.0613672 0.775674 
0.991548 0.419874 
0.32664 0.506376 
0.738766 0.222578 
0.0337393 0.439664 
0.533875 0.965592 
0.50532 0.152235 
0.903572 0.919177 
0.0861282 0.00540278 
0.287906 0.572572 
0.199464 0.727972 
0.654073 0.610311 
0.952667 0.477284 
0.9152 0.867627 
0.258396 0.0583362 
0.752597 0.0939041 
0.0420211 0.974209 
0.53183 0.94301 
0.773747 0.0561474 
0.285292 0.522875 
0.572621 0.831042 
0.196689 0.474691 
0.519338 0.28977 
0.283268 0.357127 
0.410877 0.224659 
0.679432 0.00827508 
0.520927 0.889305 
0.848925 0.308982 
0.0598585 0.327168 
0.792699 0.261975 
0.716556 0.558068 
0.0350385 0.341769 
0.863348 0.916504 
0.860208 0.462693 
0.383694 0.376407 
0.447281 0.145336 
0.938222 0.51704 
0.916443 0.357644 
0.919555 0.554592 
0.816448 0.85574 
0.19084 0.268852 
0.672099 0.863161 
0.867141 0.00941346 
0.018014 0.6627 
0.156919 0.323268 
0.451418 0.108109 
0.353937 0.621316 
0.71218 0.00250191 
0.717116 0.994917 
0.436663 0.855061 
0.321097 0.969996 
0.279062 0.0439351 
0.00556389 0.560016 
0.0262674 0.656913 
0.431615 0.760506 
0.914056 0.650041 
0.0712982 0.246991 
0.0999032 0.233339 
0.485864 0.765088 
0.658306 0.794023 
0.247441 0.409886 
0.640218 0.696657 
0.950243 0.263096 
0.148945 0.174593 
0.682063 0.671998 
0.673674 0.828888 
0.915738 0.587387 
0.416897 0.952023 
0.649953 0.831157 
0.552263 0.587913 
0.377063 0.0233992 
0.0960806 0.672001 
0.954946 0.694628 
0.674041 0.334819 
0.167534 0.815128 
0.398078 0.711619 
0.319808 0.295592 
0.176871 0.421566 
0.863741 0.996841 
0.0316099 0.129937 
0.422301 0.413876 
0.174113 0.516653 
0.188676 0.05925 
0.620543 0.128974 
0.93932 0.541066 
0.624362 0.656555 
0.293616 0.120735 
0.394508 0.736669 
0.182639 0.233727 
0.542927 0.535882 
0.270418 0.928388 
0.559688 0.431341 
0.288733 0.616066 
0.137417 0.736384 
0.118582 0.799714 
0.495395 0.0748797 
0.347155 0.465051 
0.914567 0.522618 
0.199019 0.202584 
0.562413 0.501941 
0.236168 0.209435 
0.168355 0.842062 
0.137615 0.985097 
0.678803 0.112247 
0.598935 0.447618 
0.870236 0.66054 
0.590226 0.85985 
0.234319 0.0179381 
0.105617 0.554895 
0.849712 0.314476 
0.928787 0.53406 
0.078941 0.193513 
0.00887164 0.826338 
0.498229 0.132235 
0.542076 0.725473 
0.0376051 0.110263 
0.949708 0.84057 
0.773339 0.821798 
0.231727 0.982211 
0.321222 0.839506 
0.52878 0.969672 
0.255159 0.942689 
0.413396 0.636079 
0.100728 0.321622 
0.62266 0.470535 
0.47343 0.483427 
0.832297 0.35268 
0.824723 0.409793 
0.952273 0.495769 
0.770762 0.639291 
0.1533 0.483155 
0.079808 0.0627215 
0.12507 0.0491713 
0.457204 0.27692 
0.897213 0.243128 
0.95007 0.272321 
0.173256 0.852713 
0.466568 0.0543313 
0.115499 0.967434 
0.504379 0.636687 
0.592551 0.984589 
0.781721 0.841014 
0.918601 0.276666 
0.153335 0.593422 
0.935215 0.351929 
0.901431 0.783458 
0.890291 0.813601 
0.433592 0.00192546 
0.243287 0.798039 
0.163857 0.330258 
0.674654 0.501018 
0.451957 0.717277 
0.424894 0.523079 
0.0546553 0.488646 
0.227131 0.823802 
0.700753 0.0400745 
0.36843 0.0586054 
0.0864966 0.927481 
0.225437 0.677511 
0.887131 0.456495 
0.511727 0.561032 
0.508881 0.529637 
0.472804 0.62384 
0.79511 0.438524 
0.0990644 0.433221 
0.317691 0.19596 
0.0578693 0.19348 
0.356384 0.95681 
