700 10
0.13615 0.547308 0.70154 0.0112155 0.0341483 0.638121 0.669382 0.906317 0.0498127 0.0231113 
0.0207626 0.761071 0.334696 0.622034 0.306314 0.0503563 0.32453 0.532642 0.74095 0.591984 
0.059183 0.479442 0.315356 0.0938011 0.859436 0.788799 0.128125 0.206958 0.303826 0.868886 
0.818555 0.847489 0.363284 0.711199 0.774355 0.511003 0.0552541 0.414236 0.57624 0.213193 
0.0574211 0.761247 0.616162 0.715632 0.787653 0.185372 0.866098 0.911898 0.910671 0.129409 
0.494505 0.65224 0.232646 0.647895 0.0457541 0.82422 0.480301 0.97978 0.0673155 0.801362 
0.152414 0.969917 0.364246 0.0345182 0.318156 0.636164 0.770784 0.569842 0.363699 0.671583 
0.848971 0.158995 0.32928 0.535434 0.120648 0.392303 0.819181 0.907543 0.231488 0.413989 
0.43061 0.643119 0.63981 0.277895 0.260504 0.499806 0.204458 0.744196 0.132778 0.601155 
0.30026 0.985343 0.180691 0.0336226 0.115938 0.263109 0.216864 0.135865 0.421321 0.10634 
0.587358 0.920646 0.647505 0.793049 0.282637 0.196666 0.836051 0.258878 0.939216 0.0100597 
0.58882 0.767256 0.67399 0.153409 0.654097 0.579039 0.437823 0.712495 0.187266 0.0628235 
0.827185 0.918647 0.45991 0.648216 0.60249 0.591994 0.00253194 0.703941 0.282055 0.042119 
0.381981 0.129336 0.524317 0.605741 0.199615 0.745439 0.508428 0.270799 0.989769 0.550789 
0.415587 0.630933 0.812078 0.036055 0.594435 0.287475 0.490157 0.0100768 0.224737 0.565508 
0.847619 0.5353 0.0826755 0.847797 0.116633 0.168013 0.475527 0.393357 0.271677 0.634578 
0.275049 0.960941 0.606797 0.332406 0.367211 0.175508 0.137767 0.968096 0.322897 0.85383 
0.921501 0.756548 0.437495 0.519763 0.269521 0.0158718 0.397493 0.437535 0.66124 0.785017 
0.442293 0.497404 0.0141395 0.734093 0.160557 0.101386 0.905548 0.613232 0.445477 0.721394 
0.359208 0.612277 0.95582 0.00501966 0.745963 0.0919059 0.231278 0.0523996 0.597515 0.18304 
0.54805 0.184403 0.822057 0.862844 0.12913 0.281991 0.269561 0.665268 0.819029 0.988632 
0.855491 0.392632 0.909655 0.746815 0.134749 0.528676 0.880632 0.445797 0.223808 0.580825 
0.151904 0.846161 0.991332 0.79253 0.399075 0.177305 0.401493 0.823112 0.90181 0.926033 
0.815968 0.374096 0.775093 0.710325 0.261953 0.0871333 0.777662 0.718436 0.0140928 0.404796 
0.11165 0.132436 0.100745 0.0265226 0.542722 0.277549 0.500973 0.765978 0.988612 0.851916 
0.301295 0.504016 0.954603 0.985048 0.312946 0.833495 0.704098 0.959364 0.0270354 0.980489 
0.977436 0.0607861 0.875123 0.224612 0.570476 0.375526 0.82332 0.976494 0.353601 0.550144 
0.625616 0.672229 0.264701 0.00101412 0.176477 0.790867 0.00413218 0.77342 0.277362 0.864913 
0.0717074 0.762371 0.835745 0.738406 0.262759 0.910392 0.89114 0.702538 0.922166 0.626866 
0.58369 0.109637 0.36423 0.297363 0.891053 0.087797 0.510259 0.268387 0.108824 0.689378 
0.129273 0.538969 0.83598 0.78259 0.856475 0.212428 0.849443 0.0195182 0.815033 0.892302 
0.0312103 0.673541 0.512906 0.146684 0.825566 0.270005 0.952572 0.702749 0.445654 0.27949 
0.516081 0.168877 0.550285 0.395161 0.958363 0.844921 0.596526 0.654874 0.0169942 0.608045 
0.629449 0.888021 0.467068 0.391759 0.295302 0.0646715 0.0910612 0.681749 0.352346 0.249652 
0.134532 0.869102 0.259016 0.362069 0.857062 0.340491 0.402973 0.046711 0.618809 0.525999 
0.382887 0.798772 0.478525 0.370204 0.656689 0.899333 0.451205 0.963913 0.569985 0.405931 
0.885566 0.986227 0.905951 0.183912 0.584813 0.956291 0.888437 0.176374 0.0373801 0.945477 
0.00429775 0.0811506 0.249565 0.73314 0.160052 0.109046 0.328058 0.972875 0.484703 0.734058 
0.319582 0.329858 0.555657 0.699126 0.149151 0.781471 0.7974 0.937861 0.133222 0.679191 
0.0261388 0.336726 0.31714 0.0899461 0.281381 0.995473 0.952592 0.460161 0.0974817 0.504759 
0.951173 0.0947452 0.767807 0.41022 0.138485 0.931756 0.0846955 0.328324 0.0168788 0.786049 
0.973277 0.035971 0.282495 0.275308 0.551661 0.334237 0.995476 0.309348 0.560298 0.57462 
0.530588 0.814325 0.415803 0.125266 0.0051692 0.486262 0.95763 0.240093 0.370008 0.274568 
0.871367 0.154928 0.421072 0.5601 0.135453 0.190105 0.0583289 0.697745 0.905473 0.381297 
0.612869 0.86103 0.50525 0.971134 0.00355612 0.00569949 0.517684 0.431948 0.072979 0.109286 
0.308423 0.754536 0.282449 0.307284 0.989264 0.873644 0.72625 0.983809 0.567831 0.0736615 
0.684056 0.720011 0.332468 0.894394 0.64611 0.709204 0.314977 0.138058 0.958335 0.396306 
0.617328 0.734679 0.125632 0.418741 0.344586 0.701895 0.00259778 0.366169 0.994661 0.698823 
0.660435 0.724428 0.889295 0.473084 0.00315466 0.807502 0.374668 0.0297584 0.968311 0.687876 
0.791994 0.512661 0.976042 0.807307 0.0308227 0.909045 0.873233 0.00761395 0.890809 0.0206708 
0.750203 0.71921 0.95837 0.812072 0.427777 0.895338 0.399586 0.550776 0.957299 0.382321 
0.828498 0.752768 0.690001 0.481287 0.00557533 0.386898 0.474509 0.535419 0.0299793 0.847229 
0.382015 0.557979 0.840272 0.359315 0.298578 0.261721 0.3585 0.377009 0.984077 0.29198 
0.217089 0.948914 0.849351 0.209883 0.614038 0.859814 0.786452 0.536632 0.285399 0.927553 
0.865012 0.569952 0.259639 0.148583 0.923132 0.901721 0.621403 0.164092 0.338328 0.839299 
0.99827 0.112727 0.249228 0.850034 0.467027 0.868622 0.6263 0.656195 0.64768 0.244472 
0.893562 0.711103 0.965157 0.0403163 0.680254 0.314311 0.576587 0.983018 0.31729 0.22388 
0.00582163 0.552296 0.61843 0.252396 0.20831 0.100743 0.173654 0.975776 0.393503 0.35108 
0.776355 0.632298 0.646049 0.486726 0.325256 0.735251 0.326153 0.0546225 0.82615 0.572042 
0.0498103 0.237609 0.045909 0.25567 0.462069 0.162546 0.15331 0.725352 0.347524 0.305776 
0.551521 0.203063 0.90486 0.247865 0.990452 0.0962454 0.740806 0.919244 0.145856 0.0581935 
0.325006 0.342717 0.725185 0.342351 0.331931 0.242575 0.351578 0.409654 0.179823 0.722216 
0.441071 0.170944 0.442199 0.0409475 0.0898952 0.694235 0.861391 0.25362 0.351506 0.468788 
0.620073 0.76893 0.621753 0.853974 0.585972 0.799999 0.381032 0.471351 0.71703 0.96596 
0.949557 0.65981 0.343237 0.311342 0.930365 0.196135 0.628217 0.599227 0.171113 0.185275 
0.23632 0.473796 0.143309 0.178002 0.0501971 0.716899 0.93624 0.765853 0.0360873 0.493843 
0.0639779 0.961089 0.738772 0.417976 0.0566765 0.294411 0.0423868 0.984056 0.763265 0.41119 
0.633751 0.77232 0.824848 0.364262 0.168116 0.0808596 0.959321 0.249503 0.0985411 0.733331 
0.292813 0.854208 0.759626 0.540984 0.724166 0.996652 0.176802 0.642107 0.895472 0.030556 
0.104532 0.905979 0.60127 0.806625 0.972565 0.700554 0.0872997 0.0937676 0.282889 0.575782 
0.121734 0.663635 0.884676 0.800362 0.313913 0.131504 0.924771 0.396075 0.67835 0.528668 
0.0562857 0.0151225 0.975048 0.509571 0.92849 0.66514 0.511671 0.195766 0.370274 0.458273 
0.604258 0.0936904 0.883002 0.645981 0.69743 0.874144 0.840401 0.961547 0.0981891 0.616835 
0.84356 0.544895 0.790732 0.389861 0.751985 0.770625 0.810452 0.45816 0.8369 0.0912186 
0.0736246 0.798456 0.748462 0.304993 0.148771 0.543549 0.150964 0.470089 0.290396 0.772754 
0.132803 0.341192 0.893766 0.807474 0.370132 0.309146 0.0999201 0.904989 0.512658 0.0683475 
0.0857149 0.16084 0.130606 0.225711 0.136291 0.458382 0.791804 0.859837 0.960137 0.927641 
0.0666469 0.103674 0.0155808 0.130586 0.954522 0.707897 0.295517 0.679858 0.131658 0.758818 
0.115329 0.418273 0.405749 0.3333 0.082707 0.650436 0.645237 0.805137 0.499709 0.562437 
0.213862 0.834908 0.766074 0.820457 0.380671 0.410543 0.845013 0.448049 0.769313 0.246155 
0.938564 0.632826 0.029651 0.9845 0.909967 0.473742 0.720528 0.344198 0.952611 0.659226 
0.31958 0.980623 0.922996 0.423966 0.636446 0.383978 0.676477 0.130513 0.732216 0.782109 
0.33716 0.453709 0.717581 0.0939683 0.0868011 0.179638 0.28524 0.0224443 0.309762 0.652036 
0.414266 0.242342 0.139231 0.516422 0.871254 0.525134 0.973429 0.377979 0.678745 0.914039 
0.938279 0.484706 0.728922 0.622538 0.887725 0.188701 0.933741 0.108116 0.988585 0.587957 
0.961665 0.0190361 0.890301 0.254366 0.350357 0.618927 0.0969478 0.190085 0.496291 0.249035 
0.711728 0.0136733 0.0714987 0.946901 0.7869 0.625103 0.602442 0.0246773 0.0386047 0.504224 
0.166318 0.556446 0.172536 0.441819 0.685161 0.612698 0.311798 0.985726 0.612884 0.199116 
0.781461 0.313668 0.788787 0.758415 0.0124387 0.90824 0.625061 0.275573 0.176362 0.417622 
0.78938 0.655522 0.226018 0.373586 0.7479 0.38452 0.619308 0.654378 0.842058 0.0245224 
0.3266 0.166538 0.647346 0.6144 0.858329 0.523624 0.951096 0.878509 0.132892 0.20265 
0.156951 0.890631 0.51956 0.107427 0.113099 0.0382524 0.10263 0.992614 0.559838 0.680867 
0.242642 0.775493 0.982705 0.0428628 0.847186 0.181378 0.143768 0.77127 0.559558 0.843927 
0.784257 0.787308 0.0672336 0.714018 0.715708 0.619342 0.00344702 0.205535 0.0100343 0.144411 
0.992969 0.952515 0.246683 0.703861 0.384847 0.899803 0.179681 0.211255 0.103691 0.917916 
0.878026 0.121373 0.943227 0.338182 0.120611 0.909427 0.828249 0.0420732 0.55855 0.344852 
0.0943781 0.89026 0.405164 0.593756 0.38985 0.481549 0.108482 0.234437 0.975604 0.808699 
0.923142 0.293626 0.787312 0.110912 0.601424 0.731975 0.565731 0.776532 0.302528 0.87116 
0.77128 0.907394 0.0176611 0.116445 0.925975 0.0255455 0.950306 0.456348 0.276391 0.834331 
0.143292 0.60929 0.850463 0.720606 0.46598 0.392342 0.34213 0.592167 0.586214 0.44517 
0.694212 0.800714 0.00315088 0.661293 0.796589 0.663128 0.287599 0.244989 0.69541 0.321124 
0.113096 0.845882 0.12916 0.443415 0.821858 0.928868 0.132079 0.0327355 0.541933 0.891658 
0.0532725 0.993278 0.977471 0.810083 0.0921447 0.366268 0.833697 0.486019 0.875393 0.221704 
0.927276 0.750054 0.612503 0.92487 0.084042 0.47619 0.517993 0.560905 0.00127243 0.791887 
0.601768 0.400511 0.0220224 0.248618 0.649087 0.497116 0.716291 0.518884 0.500753 0.44261 
0.669369 0.342264 0.498869 0.83186 0.993112 0.452858 0.609218 0.0530186 0.542961 0.542464 
0.952709 0.0359811 0.251403 0.472563 0.597059 0.75185 0.0406623 0.684308 0.00358977 0.589376 
0.572215 0.899595 0.579274 0.688252 0.74762 0.581769 0.730721 0.492367 0.145403 0.153139 
0.740627 0.106219 0.631507 0.474832 0.329572 0.327927 0.984305 0.481761 0.168592 0.576817 
0.754811 0.959847 0.843792 0.287362 0.0510907 0.775997 0.829662 0.146979 0.748693 0.373075 
0.320623 0.978396 0.622299 0.134098 0.708269 0.78655 0.628105 0.998539 0.0211465 0.0324532 
0.789313 0.438793 0.983854 0.493932 0.233678 0.891725 0.721261 0.116086 0.0560519 0.942057 
0.469958 0.793042 0.65203 0.924002 0.294048 0.564483 0.0994066 0.296198 0.0820546 0.744502 
0.548347 0.620282 0.290704 0.0180321 0.679172 0.931318 0.611847 0.369385 0.337874 0.269992 
0.102601 0.600052 0.688334 0.312258 0.385836 0.58606 0.361918 0.151423 0.974581 0.946983 
0.105971 0.581641 0.941799 0.932756 0.588495 0.790354 0.514258 0.899859 0.362898 0.171522 
0.0330854 0.446133 0.973575 0.304613 0.742715 0.472743 0.22696 0.205396 0.563198 0.498124 
0.266172 0.0826438 0.121693 0.783388 0.770974 0.748415 0.274922 0.674923 0.755116 0.0690076 
0.354448 0.289994 0.378273 0.150862 0.280905 0.638158 0.80764 0.215446 0.740131 0.543467 
0.532516 0.423307 0.211556 0.574554 0.605494 0.566286 0.384638 0.960273 0.239012 0.383465 
0.908185 0.283249 0.51403 0.776654 0.00189549 0.893434 0.568101 0.382769 0.798685 0.995901 
0.801438 0.592148 0.0781784 0.97801 0.671722 0.0698307 0.926805 0.767459 0.274265 0.214699 
0.381833 0.238154 0.108532 0.48737 0.487116 0.783111 0.615159 0.088094 0.170259 0.8644 
0.844584 0.399568 0.0281259 0.693306 0.518068 0.890547 0.549412 0.792248 0.207092 0.272885 
0.341641 0.133272 0.662476 0.869778 0.932917 0.485478 0.378985 0.554756 0.611651 0.575772 
0.80182 0.715167 0.837429 0.709101 0.194119 0.690725 0.0551838 0.906436 0.406617 0.672774 
0.517675 0.251462 0.485132 0.311817 0.631823 0.343073 0.507867 0.0913397 0.0217583 0.921457 
0.477129 0.61694 0.601002 0.383987 0.0536202 0.732337 0.21985 0.909568 0.510409 0.51604 
0.529768 0.423271 0.883588 0.288515 0.477764 0.630784 0.38765 0.394764 0.273151 0.448487 
0.817353 0.473555 0.609281 0.14324 0.109564 0.850905 0.618066 0.512936 0.962114 0.426807 
0.0134082 0.777233 0.789568 0.543913 0.00854897 0.257709 0.993862 0.67384 0.86043 0.925889 
0.167478 0.976861 0.94167 0.968362 0.0790479 0.51508 0.0650911 0.793833 0.174131 0.311076 
0.991526 0.52317 0.684934 0.699242 0.935105 0.975854 0.295493 0.994824 0.30187 0.995502 
0.631994 0.646153 0.0854646 0.338012 0.789172 0.393431 0.806376 0.26742 0.143197 0.562992 
0.707867 0.495077 0.287134 0.115396 0.650442 0.463362 0.745679 0.963046 0.689433 0.663438 
0.945478 0.885108 0.838032 0.321946 0.207205 0.344682 0.111935 0.682207 0.319311 0.146434 
0.523085 0.850917 0.848308 0.332774 0.49823 0.776445 0.646808 0.10731 0.826182 0.309043 
0.325519 0.182001 0.880407 0.0428144 0.306934 0.408737 0.0114362 0.819679 0.030332 0.432649 
0.452769 0.302078 0.499509 0.647029 0.82573 0.689165 0.0605103 0.3053 0.768256 0.770684 
0.53499 0.224954 0.424089 0.811018 0.448235 0.553521 0.694576 0.0106309 0.445081 0.123282 
0.557465 0.100451 0.0118873 0.340085 0.439046 0.706808 0.380938 0.557402 0.356086 0.546678 
0.410296 0.802832 0.20882 0.476972 0.296842 0.646011 0.663203 0.705922 0.832408 0.27898 
0.816463 0.0582535 0.623949 0.461989 0.274595 0.65261 0.0930908 0.63991 0.504098 0.0331629 
0.593743 0.46735 0.680471 0.959021 0.856733 0.643477 0.968898 0.920392 0.0918757 0.175367 
0.77483 0.524767 0.935869 0.541104 0.402349 0.972985 0.134237 0.11817 0.189305 0.23981 
0.250792 0.763907 0.201007 0.469924 0.76348 0.983908 0.00920457 0.60879 0.169332 0.538907 
0.0395345 0.201623 0.868547 0.269096 0.141929 0.476121 0.966764 0.21778 0.957207 0.339631 
0.653237 0.785301 0.971217 0.813791 0.190917 0.0362767 0.0825916 0.164726 0.620644 0.892591 
0.374143 0.678053 0.71849 0.408949 0.625915 0.739034 0.539278 0.732267 0.167914 0.785565 
0.000497679 0.976083 0.49563 0.0139596 0.418424 0.477369 0.620572 0.932053 0.593039 0.680034 
0.810581 0.204622 0.156228 0.672894 0.374343 0.43687 0.0532432 0.130254 0.724317 0.392129 
0.127996 0.899972 0.213606 0.135516 0.629661 0.736375 0.486497 0.638844 0.0125169 0.288892 
0.397726 0.573119 0.598484 0.788026 0.0916767 0.897217 0.338657 0.467872 0.342592 0.911568 
0.55032 0.152925 0.0341192 0.409483 0.544304 0.855604 0.884142 0.784431 0.742564 0.617893 
0.706367 0.473294 0.180937 0.0546899 0.612232 0.747273 0.0543048 0.151925 0.998167 0.841262 
0.769058 0.581804 0.0206042 0.73979 0.73254 0.539573 0.632244 0.720855 0.52937 0.213524 
0.533386 0.319125 0.324947 0.602316 0.436321 0.260077 0.304799 0.462062 0.137662 0.209999 
0.730951 0.172181 0.795227 0.468428 0.1881 0.710017 0.422809 0.498966 0.518091 0.0974953 
0.776019 0.612141 0.700392 0.611851 0.21536 0.740034 0.303854 0.0523117 0.356575 0.300962 
0.46598 0.0309879 0.459005 0.713874 0.977979 0.109239 0.274152 0.784843 0.024315 0.17022 
0.728904 0.913404 0.353053 0.876479 0.601922 0.0161515 0.706031 0.569724 0.779793 0.5844 
0.439779 0.524649 0.731764 0.137137 0.0617554 0.0564064 0.578941 0.882093 0.765507 0.853292 
0.828695 0.0843318 0.0793615 0.800011 0.136678 0.231492 0.216981 0.573252 0.22865 0.429139 
0.906941 0.2114 0.273833 0.279355 0.366474 0.22936 0.310099 0.444145 0.608199 0.384437 
0.943919 0.66149 0.510552 0.417226 0.903051 0.413486 0.903385 0.746923 0.824608 0.51084 
0.568191 0.296967 0.913385 0.547772 0.492735 0.0971003 0.873672 0.404568 0.975788 0.406623 
0.237176 0.284138 0.401128 0.030675 0.756594 0.516614 0.506998 0.860218 0.21362 0.489824 
0.100743 0.568037 0.431745 0.121539 0.877341 0.337467 0.782419 0.98955 0.677862 0.521769 
0.815378 0.580324 0.977618 0.986243 0.87002 0.622384 0.648925 0.0354504 0.776172 0.981249 
0.141035 0.474234 0.365244 0.798952 0.0823064 0.570958 0.412851 0.953633 0.945794 0.774026 
0.248355 0.741544 0.265242 0.672568 0.74427 0.918267 0.351202 0.139632 0.68631 0.392935 
0.154161 0.685975 0.588876 0.86584 0.817829 0.0157439 0.631534 0.0773318 0.350195 0.911229 
0.883865 0.998119 0.211576 0.489605 0.640007 0.760523 0.7476 0.787516 0.777367 0.301141 
0.735772 0.878658 0.0403914 0.0755519 0.0497456 0.0796054 0.535789 0.0110517 0.988858 0.663703 
0.13949 0.605047 0.962566 0.634818 0.129494 0.361765 0.759562 0.167113 0.833874 0.772539 
0.372877 0.681163 0.609362 0.886689 0.77661 0.447222 0.508794 0.595112 0.823143 0.0835468 
0.0670423 0.905978 0.0991498 0.960301 0.0472886 0.524732 0.676894 0.544859 0.0444419 0.721548 
0.10573 0.734603 0.471148 0.752921 0.987724 0.568397 0.591452 0.499003 0.794479 0.0924039 
0.378027 0.797981 0.909069 0.130168 0.946043 0.99371 0.0732632 0.369623 0.221634 0.0105277 
0.191405 0.0520105 0.0146594 0.939439 0.256876 0.0673231 0.0156829 0.189973 0.327461 0.609333 
0.562198 0.179035 0.0634974 0.368945 0.530327 0.257765 0.777647 0.653979 0.09074 0.11465 
0.592889 0.57217 0.643104 0.575617 0.98472 0.393751 0.772348 0.247068 0.0163432 0.488353 
0.690279 0.771835 0.748654 0.111834 0.302305 0.583873 0.132041 0.479303 0.73002 0.675919 
0.662295 8.49795e-08 0.853103 0.180357 0.583438 0.898934 0.292243 0.946878 0.0734826 0.140423 
0.664685 0.17396 0.248761 0.574292 0.673136 0.0930648 0.379862 0.350641 0.258246 0.333428 
0.0692934 0.691481 0.131104 0.554475 0.495741 0.275239 0.168109 0.717084 0.30603 0.412714 
0.118902 0.0478636 0.640863 0.693239 0.236614 0.957515 0.790434 0.322063 0.0581865 0.39271 
0.461416 0.407027 0.532973 0.52356 0.844248 0.823044 0.497191 0.176092 0.762923 0.269772 
0.0720543 0.909982 0.46276 0.258191 0.591194 0.0195409 0.502178 0.794005 0.823917 0.615243 
0.810763 0.550924 0.336713 0.0770879 0.334988 0.782615 0.422851 0.483537 0.808288 0.239178 
0.572092 0.385247 0.198818 0.449657 0.766016 0.257051 0.435151 0.0923614 0.121398 0.427015 
0.241392 0.183072 0.877732 0.86737 0.717729 0.812886 0.327119 0.398695 0.0410578 0.147925 
0.939439 0.713133 0.24568 0.00297056 0.603827 0.362995 0.0781634 0.672304 0.58698 0.490834 
0.827767 0.181295 0.613775 0.629054 0.0945759 0.697618 0.482836 0.0272033 0.285598 0.40846 
0.120291 0.757481 0.920811 0.315772 0.860229 0.682511 0.842855 0.328518 0.587987 0.109823 
0.503894 0.457972 0.520659 0.614574 0.0222793 0.620919 0.567026 0.560452 0.513132 0.661531 
0.257189 0.573566 0.862567 0.685982 0.106291 0.310731 0.233943 0.616576 0.684418 0.613363 
0.354158 0.108939 0.747307 0.972112 0.61612 0.569665 0.938649 0.67013 0.850174 0.820527 
0.345003 0.348431 0.201749 0.860271 0.40001 0.0735668 0.672205 0.919477 0.761436 0.424151 
0.51704 0.781735 0.0963613 0.011526 0.506832 0.507019 0.27442 0.82247 0.710478 0.253128 
0.51099 0.0192712 0.433735 0.0445662 0.201786 0.438975 0.0852889 0.945915 0.93587 0.658526 
0.21426 0.420283 0.269299 0.480258 0.6226 0.861437 0.564711 0.682888 0.687483 0.588729 
0.771434 0.981539 0.730213 0.0761919 0.339536 0.201009 0.887254 0.783606 0.769874 0.584719 
0.324273 0.648958 0.431875 0.880489 0.283554 0.861275 0.20052 0.146534 0.359164 0.102244 
0.0298386 0.728842 0.920311 0.678725 0.926251 0.469068 0.153497 0.641394 0.696914 0.592113 
0.729399 0.0155153 0.423904 0.129601 0.188272 0.028971 0.423606 0.364307 0.200121 0.300135 
0.474945 0.785174 0.604224 0.699448 0.985711 0.793472 0.878337 0.001087 0.974456 0.0988976 
0.586954 0.0342271 0.780341 0.20846 0.215196 0.931993 0.263781 0.185725 0.306267 0.912211 
0.114713 0.624497 0.981083 0.711856 0.101387 0.353914 0.850606 0.207915 0.356903 0.998584 
0.627656 0.610396 0.256806 0.355007 0.302433 0.60339 0.864727 0.677683 0.467814 0.694089 
0.791689 0.352185 0.977375 0.544123 0.0780453 0.139571 0.872659 0.761725 0.507249 0.285366 
0.355266 0.764191 0.144719 0.659057 0.11962 0.123187 0.89928 0.724531 0.0181747 0.761205 
0.43501 0.150536 0.356978 0.143139 0.629629 0.520538 0.531759 0.69031 0.853841 0.69355 
0.0796495 0.117923 0.560086 0.117487 0.933669 0.163754 0.954005 0.316442 0.922019 0.610826 
0.946501 0.444735 0.205019 0.849521 0.252425 0.270378 0.367304 0.905668 0.64693 0.727197 
0.332514 0.0192767 0.701303 0.187504 0.694238 0.659109 0.904473 0.509868 0.671605 0.907655 
0.673618 0.852064 0.0277049 0.865469 0.393169 0.745159 0.572948 0.470893 0.143524 0.226472 
0.82379 0.394473 0.516173 0.364605 0.60609 0.600358 0.720735 0.310824 0.796998 0.786663 
0.962381 0.783704 0.898805 0.347421 0.745091 0.35991 0.771588 0.459599 0.500976 0.896164 
0.949981 0.46025 0.227427 0.342462 0.569236 0.492502 0.888393 0.428125 0.551651 0.37523 
0.5301 0.333555 0.362838 0.191923 0.807322 0.242626 0.672277 0.878183 0.259127 0.0452854 
0.335161 0.701731 0.677426 0.212329 0.244225 0.425795 0.123107 0.641732 0.182506 0.067174 
0.927253 0.222828 0.344897 0.386069 0.405688 0.704105 0.70497 0.349769 0.170693 0.641331 
0.513639 0.160498 0.485343 0.494128 0.879625 0.936543 0.461771 0.120849 0.0605355 0.639622 
0.932373 0.299432 0.0318038 0.394861 0.570546 0.322353 0.386668 0.295858 0.398679 0.606806 
0.364119 0.24127 0.883834 0.278151 0.235901 0.281901 0.265497 0.289051 0.531278 0.142912 
0.0300842 0.456667 0.642027 0.344177 0.216748 0.551223 0.8592 0.999035 0.596289 0.0595757 
0.64126 0.554586 0.884998 0.712442 0.908766 0.285376 0.490909 0.745204 0.729006 0.100195 
0.473173 0.629515 0.643064 0.97185 0.251395 0.681444 0.0874812 0.693874 0.114868 0.861016 
0.749997 0.349283 0.522097 0.328385 0.055021 0.919518 0.690037 0.018844 0.724325 0.360659 
0.860198 0.207761 0.158131 0.494942 0.231624 0.0816734 0.327371 0.111747 0.408593 0.702213 
0.845443 0.983284 0.689313 0.704203 0.122863 0.0768265 0.543499 0.744019 0.0627757 0.537365 
0.110785 0.198324 0.880591 0.74377 0.2772 0.78788 0.434294 0.568848 0.724549 0.0623866 
0.968438 0.0389193 0.942505 0.67032 0.495717 0.87736 0.570137 0.782674 0.526099 0.490324 
0.430612 0.995389 0.528015 0.691461 0.927318 0.670041 0.262421 0.456366 0.109648 0.175676 
0.183095 0.34745 0.780478 0.365636 0.794801 0.418795 0.745599 0.640157 0.173255 0.102767 
0.780513 0.795831 0.592979 0.00683928 0.208012 0.521699 0.142077 0.748269 0.493283 0.393042 
0.260524 0.716761 0.442715 0.175465 0.22265 0.560657 0.806561 0.850623 0.0686964 0.609699 
0.175781 0.838328 0.601838 0.683859 0.171078 0.332936 0.499114 0.849505 0.272331 0.863528 
0.875458 0.871074 0.754454 0.792826 0.514255 0.482821 0.877617 0.787714 0.360454 0.638187 
0.102208 0.584428 0.686808 0.0161967 0.453235 0.650951 0.463391 0.575331 0.411 0.979561 
0.0307676 0.599801 0.54263 0.426381 0.538437 0.206935 0.830035 0.636182 0.225704 0.616652 
0.433243 0.695631 0.815523 0.964457 0.449684 0.873416 0.389325 0.088304 0.714085 0.481633 
0.613286 0.374149 0.934469 0.21832 0.60502 0.115233 0.932611 0.864976 0.953919 0.13897 
0.229324 0.0774552 0.930967 0.731297 0.929534 0.923865 0.612952 0.213244 0.0726731 0.394701 
0.525523 0.785537 0.136968 0.512779 0.427272 0.258502 0.899681 0.487995 0.434617 0.0610149 
0.989471 0.980354 0.307985 0.317073 0.140245 0.922093 0.477183 0.455615 0.76541 0.396502 
0.895291 0.368446 0.696342 0.829499 0.0183589 0.244183 0.224542 0.275846 0.861825 0.349263 
0.621993 0.709957 0.150987 0.545567 0.806985 0.337568 0.913484 0.814946 0.795143 0.0209482 
0.584495 0.395283 0.1355 0.281467 0.462973 0.731026 0.146484 0.454295 0.737776 0.170478 
0.0174057 0.832415 0.494846 0.725155 0.774441 0.253109 0.73098 0.553728 0.54818 0.83681 
0.971307 0.00188382 0.933585 0.79136 0.598412 0.96612 0.49779 0.552184 0.376355 0.56284 
0.0981311 0.165477 0.710524 0.215896 0.35693 0.0383511 0.48161 0.328818 0.395207 0.42825 
0.582039 0.301504 0.692658 0.773714 0.906361 0.792213 0.517202 0.405961 0.635826 0.789178 
0.8867 0.390154 0.114986 0.772089 0.849643 0.510408 0.597583 0.757829 0.350488 0.826893 
0.13577 0.72819 0.999212 0.0514193 0.438818 0.882035 0.0115691 0.436514 0.221913 0.892406 
0.361806 0.943783 0.121574 0.105089 0.942547 0.521797 0.455983 0.0299473 0.587182 0.429134 
0.248818 0.993293 0.326599 0.308385 0.0270811 0.838057 0.0506428 0.464525 0.317613 0.685361 
0.827782 0.0683642 0.394495 0.955148 0.480284 0.140681 0.888697 0.732193 0.0835556 0.94425 
0.960536 0.550399 0.319483 0.638005 0.324068 0.676696 0.962976 0.0877036 0.14746 0.315438 
0.267204 0.717373 0.258199 0.615567 0.355185 0.819398 0.328709 0.759583 0.244268 0.657829 
0.21723 0.436699 0.171709 0.123182 0.235351 0.22709 0.64606 0.821259 0.970133 0.241518 
0.584151 0.688748 0.199754 0.646621 0.822198 0.617092 0.616155 0.385973 0.406648 0.059557 
0.0184784 0.303744 0.107122 0.898804 0.430805 0.250101 0.732853 0.101877 0.468158 0.829073 
0.24996 0.628688 0.843917 0.352675 0.256434 0.693535 0.0210275 0.490833 0.134943 0.897433 
0.577831 0.593178 0.273443 0.905511 0.0631988 0.112445 0.869138 0.715295 0.0242085 0.388025 
0.457013 0.205058 0.967322 0.981341 0.953153 0.211173 0.293452 0.0397021 0.928682 0.840698 
0.150757 0.556291 0.941373 0.0946188 0.0519463 0.862104 0.0612343 0.517487 0.951216 0.582046 
0.725441 0.493072 0.199295 0.500064 0.409823 0.650282 0.743844 0.378929 0.899464 0.466185 
0.0438712 0.00527068 0.222895 0.0741177 0.830244 0.281435 0.305353 0.63727 0.342711 0.748405 
0.927202 0.65784 0.980226 0.283477 0.544489 0.913064 0.145249 0.791749 0.760626 0.197286 
0.395681 0.953667 0.694679 0.79299 0.155359 0.778099 0.299464 0.787924 0.706949 0.097737 
0.856249 0.0717214 0.586445 0.234419 0.204107 0.491866 0.904063 0.390051 0.701197 0.454425 
0.522421 0.960588 0.845625 0.0266988 0.25778 0.289661 0.0941005 0.893968 0.365402 0.383118 
0.133287 0.444557 0.643961 0.995074 0.124605 0.267363 0.954739 0.30618 0.0215337 0.857856 
0.964723 0.738254 0.718756 0.359923 0.885819 0.255524 0.969312 0.601718 0.584111 0.378167 
0.818357 0.750686 0.93928 0.568121 0.680743 0.135225 0.970883 0.775211 0.315128 0.53076 
0.629789 0.675625 0.0731475 0.480388 0.185809 0.40277 0.577629 0.427794 0.713954 0.943369 
0.264533 0.506097 0.798086 0.368976 0.168283 0.877423 0.82224 0.362986 0.258836 0.122965 
0.229897 0.24854 0.242569 0.966085 0.0357507 0.535308 0.97594 0.0805999 0.0770737 0.983204 
0.841047 0.344667 0.535935 0.314259 0.306891 0.229574 0.393773 0.239352 0.374397 0.657874 
0.467707 0.0624406 0.294606 0.866863 0.014626 0.622623 0.791018 0.320981 0.222484 0.117223 
0.236115 0.0296188 0.20794 0.512329 0.510741 0.571737 0.221881 0.0534671 0.295102 0.90766 
0.0805401 0.0701777 0.31839 0.4744 0.072342 0.405791 0.416833 0.838542 0.723427 0.0564756 
0.689992 0.695682 0.39745 0.559283 0.387348 0.327301 0.573493 0.671595 0.415301 0.920617 
0.018606 0.536998 0.0391225 0.220121 0.417509 0.657344 0.082483 0.0865035 0.462536 0.782654 
0.174889 0.32611 0.818116 0.504261 0.562436 0.912256 0.575795 0.728768 0.174486 0.0191938 
0.951459 0.287682 0.998793 0.540451 0.669909 0.00877036 0.677346 0.880829 0.875299 0.8341 
0.0487357 0.599037 0.929106 0.797694 0.881363 0.727509 0.543554 0.0195997 0.717547 0.866971 
0.185569 0.894223 0.898947 0.677818 0.579977 0.478186 0.378066 0.666327 0.530706 0.914376 
0.295006 0.765354 0.0971242 0.554048 0.852337 0.344944 0.219396 0.264282 0.639974 0.175221 
0.698495 0.877879 0.685201 0.842776 0.575309 0.101809 0.581978 0.148179 0.45871 0.549614 
0.658323 0.0634151 0.980971 0.857949 0.409906 0.632943 0.927884 0.484405 0.998753 0.432405 
0.898132 0.186026 0.354156 0.0875645 0.0572758 0.663357 0.993707 0.0336336 0.637885 0.13962 
0.945985 0.131861 0.224829 0.944677 0.847335 0.32091 0.910607 0.0156776 0.685271 0.497314 
0.160712 0.698616 0.0583154 0.552499 0.177837 0.805856 0.331752 0.728867 0.515982 0.948477 
0.964735 0.189733 0.0131914 0.805411 0.408978 0.832993 0.20613 0.0639686 0.858428 0.779205 
0.751723 0.520888 0.590452 0.499513 0.057287 0.472067 0.798628 0.306376 0.541224 0.272208 
0.930616 0.188766 0.0748458 0.622581 0.0839226 0.23033 0.112764 0.865614 0.29829 0.522167 
0.830681 0.278378 0.875017 0.0356489 0.818547 0.422968 0.904994 0.458513 0.05943 0.817185 
0.118937 0.820973 0.230544 0.593272 0.157864 0.541908 0.909757 0.938678 0.301159 0.870074 
0.858309 0.549566 0.640064 0.183023 0.946769 0.00351189 0.878515 0.994594 0.643706 0.87062 
0.533312 0.920906 0.41444 0.937443 0.368022 0.198478 0.58706 0.217652 0.559186 0.134266 
0.880257 0.691399 0.94985 0.931006 0.205563 0.682878 0.712123 0.928414 0.446577 0.444252 
0.0768026 0.0919629 0.344867 0.236588 0.829915 0.365986 0.516821 0.863859 0.730032 0.802998 
0.256065 0.0928815 0.956237 0.47565 0.462903 0.668219 0.719396 0.54754 0.558336 0.622086 
0.374327 0.46771 0.266462 0.525348 0.88011 0.542048 0.190799 0.292973 0.185522 0.0159544 
0.898193 0.584582 0.83685 0.205844 0.687776 0.617246 0.309161 0.796551 0.836151 0.731745 
0.417986 0.565451 0.314875 0.335666 0.998553 0.640164 0.916961 0.837507 0.872808 0.961436 
0.935968 0.69446 0.536905 0.906314 0.970132 0.00405098 0.5835 0.813752 0.639295 0.992208 
0.547225 0.949361 0.549849 0.0798354 0.632486 0.960545 0.305027 0.643073 0.856723 0.400292 
0.753532 0.948289 0.885276 0.890458 0.0997387 0.125199 0.807027 0.862763 0.363436 0.761032 
0.152538 0.292871 0.675642 0.901397 0.527019 0.962502 0.359482 0.0455767 0.945844 0.831456 
0.75636 0.576307 0.200597 0.430549 0.138711 0.302246 0.546705 0.51414 0.835072 0.280509 
0.253039 0.27917 0.340435 0.911852 0.550836 0.638565 0.227136 0.104063 0.986973 0.27904 
0.418604 0.600848 0.538661 0.612053 0.822541 0.370863 0.284016 0.799925 0.912919 0.424014 
0.423487 0.936906 0.964955 0.79772 0.267464 0.766302 0.720408 0.715338 0.646178 0.781937 
0.0513408 0.644334 0.448427 0.908366 0.426461 0.35719 0.680815 0.441118 0.195023 0.999625 
0.764921 0.0321417 0.944457 0.589086 0.621115 0.431845 0.119603 0.856692 0.892395 0.330949 
0.120808 0.665284 0.600474 0.687923 0.243212 0.993665 0.205559 0.129355 0.0488304 0.966842 
0.888354 0.590632 0.371712 0.369419 0.327087 0.549676 0.545561 0.404565 0.528995 0.560586 
0.877634 0.0658886 0.571061 0.479648 0.808925 0.655285 0.33202 0.775632 0.80873 0.95503 
0.660196 0.141041 0.469843 0.205583 0.644463 0.283643 0.761211 0.337932 0.952778 0.145327 
0.404024 0.221661 0.188298 0.372546 0.262198 0.91039 0.218413 0.621741 0.279576 0.691537 
0.0186737 0.7721 0.262064 0.984703 0.579518 0.858627 0.0932684 0.300989 0.244208 0.683039 
0.513537 0.957886 0.199267 0.457049 0.236933 0.134035 0.366101 0.293219 0.342145 0.221271 
0.432125 0.459561 0.613641 0.273385 0.149939 0.397759 0.87256 0.353492 0.777808 0.820688 
0.779784 0.749831 0.561246 0.9405 0.690378 0.246259 0.624141 0.723554 0.105744 0.00706043 
0.43499 0.532082 0.364905 0.00691389 0.229935 0.591441 0.212463 0.594833 0.0579836 0.201614 
0.861008 0.563414 0.63257 0.89014 0.792716 0.450985 0.707971 0.737579 0.393721 0.165133 
0.447219 0.377515 0.977164 0.858876 0.554558 0.69968 0.280912 0.353455 0.661203 0.00705824 
0.350314 0.0956766 0.478173 0.395741 0.324845 0.0562945 0.13438 0.72554 0.58987 0.00898101 
0.709136 0.826182 0.376319 0.563917 0.928655 0.854513 0.630755 0.356718 0.772887 0.883503 
0.862842 0.885968 0.494681 0.858105 0.462273 0.0174226 0.732025 0.372108 0.511281 0.0360013 
0.516019 0.655517 0.102349 0.245974 0.20671 0.926925 0.393252 0.411723 0.554799 0.475267 
0.942801 0.43285 0.0203312 0.0601703 0.489612 0.489018 0.164289 0.683422 0.905496 0.289226 
0.949578 0.561395 0.703927 0.523722 0.672286 0.925033 0.627381 0.588399 0.0745323 0.405533 
0.91558 0.228213 0.117866 0.244106 0.640219 0.241115 0.580165 0.135281 0.595487 0.0497739 
0.72517 0.166027 0.826575 0.367518 0.597183 0.7829 0.12545 0.67613 0.346205 0.0449913 
0.936435 0.538763 0.503066 0.0349529 0.857973 0.608747 0.363214 0.639847 0.953212 0.139714 
0.555131 0.777047 0.976636 0.444661 0.470548 0.330114 0.458276 0.387235 0.350274 0.743468 
0.461155 0.335877 0.984868 0.629174 0.508219 0.558353 0.418741 0.186616 0.0354056 0.692145 
0.419644 0.605524 0.106319 0.138434 0.713314 0.991288 0.31904 0.0128023 0.837908 0.706661 
0.671965 0.723868 0.850271 0.763807 0.200983 0.117581 0.166696 0.325255 0.734511 0.0815411 
0.968037 0.944817 0.767331 0.0124057 0.462424 0.212008 0.125897 0.223251 0.809195 0.259304 
0.835975 0.254766 0.00534488 0.267469 0.0554458 0.315661 0.573251 0.719001 0.878336 0.60624 
0.35677 0.249898 0.356482 0.587765 0.594718 0.497877 0.130012 0.945255 0.276926 0.670029 
0.898313 0.47163 0.0580089 0.62755 0.0387511 0.656791 0.393973 0.703718 0.574313 0.673179 
0.147082 0.672814 0.838723 0.735455 0.260815 0.394498 0.556851 0.689585 0.585283 0.290409 
0.227923 0.852103 0.0750563 0.240079 0.147099 0.704597 0.978136 0.975414 0.869947 0.988189 
0.861001 0.606757 0.38227 0.536717 0.508888 0.00527877 0.682494 0.721858 0.645833 0.544461 
0.0956843 0.222329 0.412451 0.255649 0.421307 0.262551 0.549122 0.437092 0.277962 0.646044 
0.182804 0.953997 0.57786 0.889938 0.856375 0.742472 0.875272 0.474632 0.60586 0.633022 
0.254149 0.884562 0.19392 0.650719 0.585404 0.757897 0.425264 0.904066 0.346172 0.144011 
0.654193 0.00915567 0.636476 0.7743 0.181089 0.0282999 0.684889 0.209892 0.107558 0.830272 
0.333654 0.570173 0.961439 0.933478 0.413588 0.481097 0.284144 0.314266 0.351742 0.348901 
0.2994 0.457255 0.946449 0.793902 0.653332 0.815743 0.899841 0.073071 0.183454 0.79409 
0.185835 0.392494 0.197338 0.0597453 0.565491 0.702582 0.908857 0.54865 0.620768 0.475115 
0.0457993 0.867165 0.287628 0.339865 0.5461 0.801211 0.850186 0.399526 0.0933448 0.929543 
0.787782 0.895632 0.821752 0.882698 0.721648 0.895937 0.111577 0.0653193 0.490183 0.438349 
0.0201949 0.923222 0.826821 0.726579 0.498062 0.589879 0.0787146 0.317256 0.697933 0.435705 
0.278909 0.945782 0.879155 0.118672 0.0201773 0.242927 0.430821 0.826685 0.324384 0.560116 
0.0470843 0.382659 0.673681 0.237067 0.745008 0.929372 0.460532 0.368364 0.74643 0.919844 
0.920687 0.231205 0.507548 0.607548 0.0457744 0.674682 0.612916 0.553244 0.442632 0.73372 
0.481267 0.749864 0.449252 0.889395 0.728275 0.856659 0.497933 0.557782 0.134852 0.73762 
0.551228 0.634696 0.343299 0.145339 0.667016 0.176319 0.129293 0.0914613 0.890868 0.670867 
0.954451 0.430988 0.234119 0.388104 0.874899 0.91801 0.981256 0.151129 0.307693 0.0810696 
0.578836 0.768369 0.92265 0.63411 0.871813 0.487601 0.366855 0.77929 0.871554 0.820354 
0.247799 0.423297 0.213462 0.505397 0.235473 0.56224 0.273578 0.198592 0.436343 0.88242 
0.858003 0.519987 0.86305 0.0313278 0.0582283 0.370913 0.272051 0.82047 0.527857 0.301162 
0.874002 0.60365 0.389724 0.774125 0.518698 0.823931 0.116105 0.293146 0.981185 0.75881 
0.103119 0.866588 0.301256 0.317598 0.0595757 0.520797 0.271849 0.608618 0.0184517 0.934639 
2.31381e-05 0.728208 0.0305932 0.00811094 0.17939 0.81951 0.400545 0.520156 0.726768 0.831483 
0.914906 0.340832 0.886798 0.464082 0.108734 0.290908 0.588414 0.556417 0.906634 0.354742 
0.352671 0.693447 0.560658 0.230218 0.523875 0.54648 0.915109 0.768056 0.465011 0.432492 
0.642477 0.0755455 0.969159 0.519996 0.220722 0.627719 0.219842 0.601669 0.429729 0.562612 
0.706309 0.0867108 0.571424 0.896496 0.0406283 0.285029 0.376646 0.352587 0.0215964 0.0438433 
0.0224237 0.627859 0.697122 0.847343 0.715272 0.0716712 0.858225 0.0737933 0.167042 0.387728 
0.0651345 0.915936 0.90992 0.441216 0.251594 0.371826 0.294679 0.126304 0.363181 0.268806 
0.727065 0.938417 0.109892 0.665225 0.246873 0.261224 0.607695 0.67494 0.381603 0.0672585 
0.148085 0.686139 0.215009 0.177789 0.960023 0.889806 0.93828 0.179178 0.397804 0.865805 
0.86162 0.128013 0.520079 0.13808 0.00855372 0.932437 0.627371 0.115646 0.681758 0.700893 
0.334587 0.577201 0.211618 0.367299 0.794568 0.588103 0.244221 0.478012 0.151395 0.217794 
0.335591 0.401845 0.167935 0.551403 0.275722 0.270261 0.191514 0.936379 0.726063 0.23783 
0.916527 0.980336 0.773402 0.220195 0.879696 0.700936 0.973459 0.0225001 0.424442 0.67773 
0.260324 0.422499 0.113569 0.946717 0.852788 0.174906 0.521715 0.814651 0.996755 0.382616 
0.247201 0.486276 0.593891 0.34871 0.839324 0.90926 0.286159 0.305974 0.461541 0.568468 
0.224449 0.392552 0.471936 0.125165 0.207549 0.703454 0.100773 0.137028 0.448956 0.927618 
0.191264 0.787272 0.264268 0.427215 0.633547 0.883049 0.932969 0.645251 0.277798 0.0306151 
0.935717 0.716376 0.476718 0.834189 0.26675 0.569781 0.0776112 0.244652 0.718001 0.472123 
0.260874 0.0351765 0.916456 0.813598 0.618346 0.335069 0.548189 0.837507 0.0923733 0.785884 
0.597617 0.931883 0.38489 0.470653 0.433607 0.0434791 0.910374 0.0297239 0.675679 0.961318 
0.398036 0.515264 0.707021 0.185239 0.355473 0.0292489 0.29393 0.403408 0.545296 0.94601 
0.165817 0.805182 0.360734 0.769656 0.164775 0.221599 0.845946 0.0907907 0.87239 0.388005 
0.893977 0.614793 0.168498 0.760929 0.744799 0.576327 0.709735 0.51211 0.795022 0.57391 
0.760091 0.370334 0.38662 0.804686 0.0813362 0.715857 0.589121 0.238456 0.465827 0.442255 
0.125595 0.0631611 0.245917 0.220947 0.43663 0.124437 0.982077 0.0123189 0.659794 0.0933679 
0.00881912 0.19562 0.778916 0.600065 0.105376 0.8719 0.184339 0.785966 0.0427624 0.256638 
0.193064 0.983763 0.0150434 0.0561283 0.72661 0.98672 0.210984 0.572308 0.555621 0.255671 
0.930426 0.446067 0.642827 0.16857 0.87201 0.729839 0.308131 0.0619974 0.863209 0.054322 
0.0676147 0.220262 0.053904 0.140997 0.693784 0.387505 0.651495 0.519721 0.0399309 0.801943 
0.974035 0.0560317 0.561009 0.199212 0.0948708 0.126516 0.897304 0.318185 0.863325 0.604053 
0.869047 0.745827 0.783556 0.298794 0.897928 0.0365868 0.442417 0.244749 0.259052 0.703893 
0.0618625 0.223923 0.523834 0.0485921 0.382565 0.122039 0.397057 0.118497 0.966489 0.402614 
0.965054 0.281471 0.552252 0.0589845 0.83258 0.869862 0.299871 0.633768 0.0286571 0.0595305 
0.0605903 0.822617 0.486869 0.0374205 0.533209 0.614191 0.439108 0.964337 0.384192 0.90357 
0.980104 0.414507 0.64752 0.49865 0.752842 0.902974 0.881199 0.874345 0.0936656 0.659501 
0.586224 0.26507 0.583315 0.0685424 0.737125 0.134054 0.866131 0.240005 0.924066 0.0575424 
0.929074 0.142851 0.601093 0.858172 0.874194 0.972729 0.45604 0.76247 0.617188 0.986737 
0.0830086 0.217048 0.520741 0.545757 0.829404 0.48762 0.493244 0.227036 0.476983 0.232129 
0.168108 0.00695384 0.0447067 0.558985 0.628144 0.628969 0.136065 0.434631 0.754109 0.311477 
0.811218 0.0756367 0.192068 0.300491 0.677585 0.181869 0.741584 0.793898 0.907373 0.0511495 
0.409777 0.27253 0.495108 0.0761707 0.912349 0.147756 0.867546 0.890346 0.89002 0.278786 
0.775205 0.286515 0.314955 0.0900151 0.0318802 0.266851 0.141061 0.185232 0.470902 0.190166 
0.133193 0.119849 0.383036 0.519677 0.740159 0.378034 0.335109 0.471084 0.839678 0.818454 
0.0742869 0.192653 0.508367 0.280939 0.138567 0.0372089 0.863931 0.871938 0.870278 0.152638 
0.00866269 0.377874 0.426798 0.821883 0.399736 0.737364 0.700665 0.350348 0.53178 0.526947 
0.147345 0.378266 0.914307 0.862887 0.174446 0.139863 0.651308 0.362768 0.890687 0.300437 
0.963937 0.375859 0.862135 0.11385 0.453366 0.0306428 0.146281 0.78919 0.666886 0.136718 
0.91678 0.169278 0.733168 0.593397 0.60027 0.240548 0.455321 0.115978 0.502102 0.192335 
0.527559 0.668758 0.429855 0.792798 0.0835617 0.805142 0.58393 0.959215 0.685927 0.600111 
0.315857 0.111518 0.811743 0.971644 0.290767 0.709112 0.633961 0.872571 0.571877 0.965146 
0.816734 0.223672 0.0620597 0.858105 0.803877 0.428529 0.854785 0.881266 0.580058 0.411817 
0.488511 0.659639 0.933864 0.893774 0.0072974 0.986943 0.150363 0.354426 0.494714 0.544132 
0.958459 0.905631 0.0236236 0.297972 0.325782 0.289338 0.143707 0.19722 0.455702 0.722805 
0.400986 0.408042 0.637136 0.703437 0.048604 0.185659 0.762006 0.835502 0.850305 0.881789 
0.857772 0.518885 0.809255 0.44664 0.331856 0.771734 0.937665 0.5159 0.79272 0.876657 
0.919248 0.922994 0.339411 0.995165 0.548788 0.703964 0.483125 0.388378 0.206062 0.318957 
0.284442 0.124347 0.571146 0.628814 0.41143 0.945981 0.472542 0.473743 0.865246 0.0529138 
0.764842 0.650293 0.232747 0.0755515 0.210481 0.793258 0.516996 0.833276 0.759491 0.423371 
0.526473 0.893695 0.376797 0.711234 0.132156 0.0375318 0.342296 0.273319 0.11283 0.133656 
0.505171 0.608764 0.692483 0.90412 0.821698 0.0760007 0.00838693 0.146008 0.477115 0.435898 
0.0170985 0.571204 0.626482 0.839671 0.728814 0.154777 0.882679 0.128344 0.757871 0.644531 
0.77657 0.812846 0.684834 0.110527 0.826478 0.244432 0.177707 0.126325 0.0857407 0.472589 
0.877766 0.655964 0.0462551 0.535456 0.573621 0.827945 0.75268 0.532508 0.345986 0.528744 
0.40788 0.579116 0.765994 0.493661 0.699719 0.172255 0.116682 0.136508 0.186011 0.0016051 
0.30983 0.859733 0.329885 0.0129579 0.247322 0.637977 0.204072 0.324001 0.581006 0.284685 
0.0212354 0.260704 0.378414 0.514515 0.646196 0.445938 0.0186122 0.299445 0.0654669 0.702948 
0.810971 0.251042 0.000312915 0.639835 0.002473 0.993408 0.593293 0.292539 0.195674 0.520535 
0.767753 0.453122 0.258228 0.533229 0.791708 0.762898 0.497503 0.65668 0.546512 0.911014 
0.148239 0.0881115 0.87588 0.760226 0.972204 0.0278292 0.510299 0.507966 0.783855 0.540498 
0.513769 0.884333 0.0907173 0.729979 0.929196 0.904795 0.667284 0.0778869 0.774934 0.25495 
0.106184 0.729384 0.966367 0.487034 0.638625 0.726723 0.24061 0.830843 0.882144 0.200375 
0.172429 0.444813 0.936291 0.658214 0.451991 0.262908 0.170366 0.718216 0.612096 0.57033 
0.445022 0.631003 0.0161128 0.290014 0.586805 0.988399 0.258734 0.219936 0.824021 0.0753578 
0.649602 0.172293 0.558196 0.878073 0.372915 0.821371 0.937973 0.779076 0.735776 0.998679 
0.619715 0.522203 0.27549 0.650973 0.964296 0.222225 0.377003 0.838451 0.773493 0.0937507 
0.747283 0.164172 0.757092 0.3553 0.253643 0.854445 0.168378 0.934435 0.883204 0.613496 
0.714692 0.179844 0.713566 0.182565 0.243845 0.727667 0.889442 0.719231 0.451771 0.429827 
0.957852 0.338618 0.933332 0.741346 0.649126 0.0511473 0.548354 0.217583 0.0885585 0.211014 
0.1107 0.576065 0.583155 0.518266 0.990084 0.0330613 0.117359 0.551382 0.0222631 0.7096 
0.922331 0.273045 0.525978 0.649271 0.830216 0.552651 0.48536 0.696787 0.635061 0.611179 
0.993032 0.441237 0.436104 0.967543 0.0943527 0.125805 0.533215 0.982861 0.512758 0.023375 
0.234478 0.153093 0.220617 0.266815 0.243488 0.214897 0.355452 0.821402 0.923789 0.464653 
0.746656 0.59897 0.226866 0.316396 0.487165 0.101058 0.163114 0.0544558 0.613977 0.652417 
0.508523 0.0889106 0.839999 0.144664 0.375446 0.155768 0.0361127 0.602194 0.780969 0.676253 
0.909806 0.418115 0.674821 0.496758 0.691657 0.708649 0.448247 0.835663 0.897104 0.252198 
0.66534 0.254204 0.826112 0.564577 0.213132 0.651162 0.204026 0.599665 0.0877042 0.821214 
0.117024 0.104568 0.852672 0.29941 0.825947 0.426989 0.591591 0.932688 0.492056 0.48222 
0.550481 0.527796 0.415693 0.745774 0.720653 0.403572 0.841646 0.615096 0.62782 0.641246 
0.129794 0.491612 0.668434 0.408782 0.41778 0.513408 0.261613 0.880711 0.318736 0.546672 
0.555047 0.635314 0.183672 0.869871 0.0487039 0.108729 0.519464 0.882846 0.571297 0.120745 
0.713252 0.715718 0.87096 0.266171 0.754653 0.182219 0.921005 0.544843 0.577014 0.820884 
0.52526 0.0722619 0.817313 0.383656 0.984338 0.468797 0.921976 0.357321 0.551989 0.670658 
0.0345794 0.933371 0.182073 0.0393923 0.565554 0.473502 0.434021 0.185353 0.302222 0.318745 
0.224083 0.729213 0.59799 0.407173 0.360346 0.103621 0.163564 0.473885 0.37212 0.780138 
0.355487 0.00989285 0.170643 0.063822 0.0632389 0.197825 0.172655 0.463078 0.898623 0.289153 
0.338313 0.823625 0.192338 0.0858044 0.632099 0.27003 0.711084 0.453368 0.943858 0.616459 
0.714174 0.360087 0.71081 0.705579 0.37477 0.32356 0.303629 0.343058 0.540265 0.490462 
0.517256 0.301272 0.434569 0.754602 0.118068 0.381896 0.00130332 0.568061 0.33792 0.663761 
0.742751 0.228149 0.414849 0.869862 0.396766 0.23348 0.318629 0.763155 0.345461 0.162157 
0.601833 0.477729 0.119886 0.91213 0.615898 0.682448 0.392074 0.45252 0.436261 0.945981 
0.582616 0.751303 0.326616 0.921682 0.979021 0.270621 0.303179 0.0017319 0.7603 0.0366983 
0.530676 0.700919 0.28352 0.425899 0.332432 0.181424 0.873996 0.0363098 0.61239 0.694795 
0.34223 0.941757 0.785082 0.348974 0.0506061 0.0413877 0.318526 0.970881 0.207614 0.791595 
0.933084 0.801197 0.948681 0.920009 0.777456 0.750065 0.119707 0.150828 0.372288 0.410708 
0.689446 0.364462 0.0465012 0.595291 0.919735 0.204886 0.418488 0.762723 0.783703 0.936901 
0.738053 0.15487 0.262336 0.913139 0.52372 0.2247 0.858672 0.724752 0.0757252 0.918291 
0.91533 0.414277 0.314823 0.932882 0.585627 0.903079 0.279376 0.474376 0.485331 0.00900039 
0.814815 0.990872 0.305135 0.945674 0.849839 0.130848 0.199559 0.461301 0.922764 0.497509 
0.732379 0.952582 0.1753 0.462471 0.137367 0.504814 0.306289 0.596731 0.698541 0.364028 
0.742799 0.387278 0.813689 0.582758 0.979924 0.507791 0.87861 0.235092 0.414481 0.825389 
0.96091 0.00312373 0.560943 0.59488 0.333407 0.817081 0.822018 0.566877 0.149623 0.39513 
0.859849 0.270854 0.354361 0.282457 0.237318 0.353237 0.513921 0.561915 0.776217 0.765638 
0.505751 0.136947 0.369679 0.402705 0.256728 0.477531 0.163248 0.439452 0.00205219 0.637219 
0.135502 0.00673601 0.0379238 0.77156 0.812813 0.286044 0.725185 0.486515 0.818855 0.760982 
0.331931 0.276784 0.493699 0.40533 0.301782 0.192827 0.259853 0.421301 0.889309 0.505313 
0.87879 0.0076517 0.574104 0.799021 0.0179911 0.610025 0.939195 0.399977 0.092527 0.693889 
0.0840712 0.705307 0.774585 0.791958 0.545759 0.471393 0.697387 0.359987 0.853011 0.861722 
0.60756 0.909767 0.236897 0.226091 0.800411 0.460502 0.653958 0.73877 0.0781677 0.0669446 
0.919739 0.21149 0.161432 0.541913 0.433448 0.423778 0.699991 0.132892 0.507877 0.74053 
0.612488 0.605811 0.375853 0.300241 0.721635 0.291301 0.124571 0.101777 0.783905 0.43963 
0.182961 0.923721 0.593576 0.983039 0.603056 0.4624 0.340066 0.207755 0.470812 0.506433 
0.475276 0.382697 0.650561 0.641078 0.0435223 0.355633 0.68193 0.978406 0.218659 0.797348 
0.955625 0.54094 0.654698 0.603121 0.0149806 0.168409 0.221617 0.794993 0.602421 0.210665 
0.975276 0.668617 0.561123 0.31713 0.502713 0.0824245 0.538267 0.916725 0.908297 0.147339 
0.670318 0.977653 0.532792 0.194638 0.31595 0.793507 0.354215 0.886115 0.313368 0.0191966 
0.646186 0.94338 0.10251 0.515979 0.637167 0.174713 0.649519 0.239465 0.761988 0.0116171 
0.5269 0.799318 0.112701 0.791106 0.486944 0.405065 0.0426389 0.439527 0.945023 0.946906 
0.31629 0.238078 0.905159 0.684304 0.537513 0.898523 0.474896 0.686155 0.222336 0.178124 
0.0973779 0.95448 0.687649 0.670331 0.0542291 0.350435 0.327395 0.522591 0.229429 0.0765752 
0.939984 0.955422 0.118293 0.409979 0.847362 0.453177 0.945401 0.551844 0.967268 0.230644 
0.284089 0.880277 0.828341 0.524131 0.315732 0.644017 0.62655 0.429338 0.101302 0.687087 
0.450274 0.618986 0.918156 0.950994 0.244522 0.133152 0.141594 0.0955781 0.570732 0.643515 
0.195499 0.850437 0.426902 0.0200352 0.855391 0.0745014 0.727649 0.788824 0.87414 0.639409 
0.10256 0.42219 0.241244 0.597769 0.677525 0.971832 0.622147 0.132612 0.351736 0.892934 
0.894618 0.849237 0.140501 0.57152 0.401811 0.848206 0.853498 0.40837 0.148416 0.0587855 
0.955687 0.0164359 0.75099 0.439008 0.312278 0.96485 0.844872 0.0276138 0.917027 0.633613 
0.33218 0.420842 0.352232 0.928829 0.452619 0.76612 0.650284 0.149151 0.503052 0.698413 
0.867514 0.5313 0.664566 0.558742 0.827058 0.141334 0.528173 0.0800521 0.479642 0.763425 
0.195036 0.77461 0.299358 0.43896 0.557275 0.805373 0.0582426 0.159372 0.855967 0.99827 
0.584948 0.033413 0.343334 0.693311 0.101607 0.314856 0.111417 0.98581 0.139507 0.134582 
0.0389579 0.356524 0.625334 0.629901 0.522388 0.927178 0.758545 0.933746 0.77346 0.70131 
0.33214 0.957215 0.243895 0.697841 0.0733709 0.897573 0.544458 0.21226 0.319976 0.0138515 
0.301802 0.337322 0.390631 0.0486055 0.00448923 0.890252 0.165282 0.932387 0.230583 0.309663 
0.624822 0.528734 0.564285 0.606161 0.125252 0.367551 0.492009 0.263756 0.216949 0.629888 
0.210236 0.689498 0.0383654 0.402705 0.559338 0.134811 0.612088 0.565864 0.266248 0.268228 
0.402682 0.595941 0.245758 0.814584 0.849159 0.204206 0.529241 0.864031 0.688007 0.105156 
0.432395 0.36345 0.548261 0.0625437 0.221166 0.470036 0.935475 0.212224 0.700408 0.357269 
0.931858 0.0553392 0.285667 0.84337 0.623743 0.231065 0.32227 0.950062 0.457788 0.858028 
0.517915 0.908846 0.117991 0.328312 0.0334269 0.533369 0.695563 0.833194 0.627579 0.546302 
0.131843 0.904801 0.585168 0.194259 0.548208 0.202592 0.0435804 0.744617 0.469874 0.152751 
0.395754 0.75829 0.286848 0.974776 0.612115 0.960196 0.0837809 0.504908 0.180871 0.186954 
0.17042 0.817253 0.948285 0.960341 0.457311 0.824204 0.743705 0.507484 0.659846 0.449586 
0.654095 0.0538131 0.953211 0.694301 0.534621 0.39926 0.490775 0.297656 0.527896 0.857522 
0.490063 0.0352792 0.262611 0.315048 0.30682 0.271484 0.0104296 0.918143 0.623578 0.0215968 
0.856972 0.810798 0.805958 0.561752 0.0828149 0.63352 0.0466024 0.33755 0.510561 0.641737 
0.656307 0.907622 0.565684 0.718409 0.339741 0.419559 0.929464 0.968844 0.335946 0.559565 
0.225925 0.38549 0.371697 0.84976 0.3443 0.339937 0.530563 0.570358 0.955116 0.00211591 
0.529196 0.486108 0.424448 0.955131 0.20792 0.532184 0.733588 0.469926 0.136072 0.643949 
0.970331 0.00569206 0.122548 0.938512 0.193212 0.879092 0.557965 0.0529983 0.726942 0.215104 
0.25816 0.431235 0.999603 0.829081 0.587899 0.725769 0.23379 0.635316 0.131005 0.874236 
0.874216 0.408246 0.741833 0.865986 0.99246 0.941137 0.994959 0.628352 0.892338 0.475198 
0.527271 0.0150357 0.167959 0.604691 0.192494 0.712846 0.136429 0.81115 0.926739 0.907298 
0.909062 0.130013 0.0739031 0.324097 0.372989 0.293979 0.673303 0.082817 0.828988 0.31436 
0.744397 0.343159 0.777357 0.889326 0.73126 0.347004 0.563293 0.558048 0.158326 0.152225 
0.291452 0.949744 0.133766 0.769907 0.704334 0.215053 0.892639 0.141038 0.660214 0.713599 
0.199082 0.665628 0.712099 0.500716 0.510318 0.480412 0.552025 0.360122 0.377762 0.50761 
0.943454 0.963221 0.371777 0.406225 0.576328 0.959582 0.83063 0.46017 0.953605 0.173497 
0.777803 0.960182 0.00183111 0.00708743 0.45774 0.177701 0.746223 0.057229 0.659964 0.581461 
0.690239 0.0465024 0.118661 0.943895 0.921565 0.495077 0.771186 0.643687 0.785957 0.932042 
0.872193 0.0485181 0.93247 0.409581 0.70963 0.580318 0.96627 0.848175 0.319487 0.800241 
0.774173 0.532575 0.386778 0.964835 0.42562 0.793926 0.802653 0.436375 0.945764 0.7401 
0.193583 0.952349 0.150677 0.579647 0.927454 0.591914 0.253639 0.256607 0.789039 0.329537 
0.113111 0.993707 0.912241 0.911517 0.545324 0.711901 0.353717 0.424498 0.728169 0.631216 
0.268488 0.76356 0.314698 0.449069 0.0898714 0.347229 0.831102 0.213895 0.841656 0.63157 
0.519472 0.585228 0.372212 0.351745 0.283744 0.305242 0.429659 0.316366 0.587494 0.0160798 
0.882521 0.650012 0.440461 0.538335 0.347452 0.765155 0.533396 0.963896 0.680847 0.951758 
0.801469 0.686704 0.954512 0.980453 0.99729 0.387801 0.387575 0.356126 0.82609 0.155889 
0.426255 0.530331 0.771045 0.217905 0.842892 0.100692 0.980235 0.988884 0.14168 0.308508 
0.956868 0.891893 0.572985 0.0830653 0.965543 0.0985005 0.784634 0.199761 0.906254 0.544744 
0.0430998 0.706323 0.188048 0.287271 0.478112 0.228163 0.450618 0.824049 0.84061 0.483802 
0.862864 0.498273 0.146062 0.278878 0.0998811 0.880894 0.343084 0.63979 0.249308 0.770852 
0.447517 0.862922 0.665188 0.328616 0.377546 0.185776 0.883779 0.580315 0.465725 0.687812 
0.789788 0.00735891 0.118992 0.939753 0.12071 0.798157 0.672836 0.537705 0.799713 0.19233 
0.387654 0.198638 0.365984 0.544592 0.733829 0.872963 0.280475 0.769402 0.654643 0.524179 
0.0840139 0.608408 0.889096 0.254305 0.973206 0.186599 0.995296 0.323887 0.306816 0.142009 
0.252872 0.459525 0.147957 0.152224 0.181633 0.346836 0.540204 0.32333 0.182337 0.258401 
0.887983 0.888592 0.505189 0.879501 0.829865 0.121613 0.686927 0.232891 0.103447 0.0803429 
0.0566174 0.0805887 0.244886 0.0775646 0.942436 0.679734 0.503432 0.475541 0.118539 0.250247 
0.548376 0.887345 0.779865 0.0283509 0.905324 0.816759 0.319333 0.0657558 0.3977 0.732176 
0.68293 0.0779909 0.809772 0.998934 0.312231 0.0394271 0.0398474 0.810294 0.453887 0.927636 
0.87498 0.388649 0.595293 0.0620785 0.757813 0.377223 0.996507 0.259133 0.826948 0.326433 
0.477387 0.0816534 0.44145 0.857931 0.551823 0.532687 0.189384 0.442707 0.773542 0.060067 
0.00304334 0.830356 0.471282 0.157269 0.540994 0.420363 0.837056 0.941743 0.749046 0.428289 
0.821814 0.550083 0.19364 0.430241 0.246001 0.492122 0.385576 0.943642 0.205469 0.368987 
0.752594 0.232641 0.311608 0.479579 0.950444 0.061669 0.790539 0.664041 0.663657 0.0481103 
0.424119 0.170885 0.311852 0.348319 0.392123 0.0670839 0.335296 0.0980138 0.696489 0.0533631 
0.695002 0.944858 0.906985 0.834812 0.451406 0.162069 0.773184 0.459017 0.0823633 0.426924 
0.854872 0.550685 0.211337 0.181257 0.235094 0.57635 0.853466 0.596642 0.598339 0.743577 
0.0114709 0.0199544 0.13561 0.642843 0.116311 0.324027 0.693345 0.516811 0.987039 0.0569484 
0.671029 0.166146 0.425037 0.806874 0.94915 0.513807 0.997334 0.0698514 0.767549 0.154346 
0.752538 0.322206 0.0031901 0.790532 0.185635 0.370408 0.361061 0.0436519 0.3919 0.49993 
0.102271 0.561877 0.705026 0.428105 0.819904 0.184751 0.823493 0.323497 0.452528 0.123868 
0.286112 0.353023 0.11904 0.732587 0.355612 0.776402 0.123569 0.886538 0.733281 0.237738 
0.653174 0.743937 0.048087 0.0621265 0.299514 0.858554 0.191609 0.857514 0.981216 0.640969 
0.821758 0.396992 0.743397 0.534687 0.451236 0.644672 0.309618 0.601182 0.406772 0.477254 
0.250637 0.00314811 0.398547 0.263246 0.8723 0.120967 0.841242 0.847026 0.593643 0.574957 
0.860889 0.235569 0.968511 0.511507 0.219106 0.749613 0.254457 0.401581 0.0831364 0.0493218 
0.806871 0.209794 0.0416151 0.657611 0.231239 0.95566 0.00471535 0.399346 0.011662 0.679082 
0.508563 0.256293 0.323207 0.853478 0.151589 0.994745 0.979894 0.284007 0.256023 0.0202101 
0.212259 0.650507 0.320232 0.890518 0.588611 0.491503 0.484597 0.393625 0.408237 0.787106 
0.168392 0.124187 0.412794 0.0875026 0.10502 0.168857 0.709428 0.310247 0.768271 0.951628 
0.58507 0.0935843 0.917657 0.768779 0.732337 0.907523 0.476356 0.304456 0.696813 0.706904 
0.870696 0.909054 0.24128 0.561132 0.420922 0.670913 0.746654 0.829774 0.151571 0.674945 
0.268399 0.331448 0.0240741 0.0313348 0.318151 0.139685 0.903558 0.609955 0.187716 0.732998 
0.720704 0.562702 0.0425648 0.901928 0.38019 0.332448 0.518556 0.609313 0.43951 0.0618849 
0.447145 0.384299 0.849029 0.000286908 0.230499 0.743848 0.290652 0.857716 0.0124268 0.129792 
0.172223 0.0641651 0.500528 0.404772 0.708418 0.949015 0.975989 0.686307 0.484694 0.762546 
0.724624 0.256178 0.525411 0.697476 0.673896 0.645898 0.0621415 0.94791 0.389996 0.735068 
0.537515 0.738167 0.290856 0.253624 0.177859 0.195062 0.0013206 0.513859 0.156682 0.883897 
0.791227 0.730505 0.633027 0.855447 0.520312 0.775045 0.260825 0.0948044 0.439187 0.209514 
0.58414 0.259848 0.940255 0.393482 0.379134 0.162617 0.477619 0.558722 0.747864 0.0116992 
0.0518071 0.181613 0.792303 0.681761 0.548857 0.473007 0.30835 0.655064 0.765767 0.900965 
0.48128 0.205793 0.959616 0.375504 0.71135 0.0583879 0.709201 0.925486 0.0250753 0.874998 
0.413362 0.177599 0.667562 0.0583225 0.426014 0.97705 0.876178 0.512292 0.43361 0.61509 
0.504135 0.987007 0.392718 0.612174 0.285616 0.744663 0.0670254 0.904308 0.417449 0.476727 
0.470812 0.966067 0.29337 0.61803 0.140504 0.832632 0.434709 0.878152 0.461458 0.0639272 
0.126347 0.5482 0.951713 0.787844 0.497503 0.855223 0.908859 0.844233 0.287255 0.67076 
0.866486 0.491776 0.500847 0.845679 0.155961 0.0580808 0.179846 0.585942 0.127435 0.246034 
0.723389 0.571302 0.382038 0.0273868 0.688474 0.184675 0.706241 0.84741 0.107845 0.976086 
0.712076 0.939754 0.627032 0.668747 0.785166 0.321449 0.0239047 0.915036 0.77588 0.625133 
0.0126991 0.151672 0.0956482 0.988722 0.66131 0.496298 0.853605 0.728342 0.325763 0.153746 
0.73743 0.590391 0.516191 0.406695 0.655475 0.986936 0.705963 0.535059 0.397024 0.286555 
0.265411 0.0762163 0.586983 0.431756 0.815927 0.343412 0.936607 0.489922 0.817218 0.876768 
0.379384 0.499301 0.970254 0.381901 0.842846 0.0449703 0.939267 0.504663 0.438939 0.731638 
0.416273 0.124966 0.94552 0.194886 0.292991 0.113317 0.460072 0.555327 0.970456 0.573185 
0.898177 0.439206 0.300156 0.356517 0.162885 0.900126 0.775894 0.348738 0.361824 0.302017 
0.211555 0.704069 0.51295 0.259451 0.222398 0.651979 0.6522 0.234969 0.221676 0.172212 
0.181539 0.295985 0.950494 0.95293 0.644881 0.371707 0.980272 0.772293 0.00491938 0.457748 
0.371048 0.926218 0.840025 0.817788 0.104534 0.68605 0.329192 0.221837 0.450084 0.567274 
0.94318 0.701458 0.6324 0.57894 0.203167 0.473503 0.88625 0.370639 0.4357 0.451135 
0.305384 0.806961 0.817807 0.189653 0.0107362 0.246293 0.576013 0.298063 0.377957 0.603856 
0.927768 0.970047 0.841506 0.690343 0.66459 0.147899 0.623302 0.288942 0.969107 0.968195 
0.783034 0.273373 0.656872 0.93803 0.60091 0.981192 0.57484 0.281005 0.361052 0.62822 
0.0205841 0.794497 0.158252 0.11132 0.127783 0.782371 0.228119 0.950817 0.307726 0.121601 
0.0932177 0.202815 0.508252 0.276096 0.148293 0.504125 0.9142 0.576885 0.267607 0.669992 
0.261727 0.228614 0.865308 0.37162 0.560934 0.46703 0.4891 0.983493 0.854456 0.663641 
0.65459 0.702257 0.855295 0.394069 0.0915238 0.850942 0.465041 0.202471 0.474453 0.32074 
0.811476 0.504104 0.760931 0.726389 0.458847 0.998562 0.141321 0.317973 0.506714 0.799795 
0.116996 0.324419 0.821935 0.667771 0.917671 0.464844 0.730236 0.142904 0.0283235 0.996764 
0.583975 0.191606 0.62167 0.882708 0.418843 0.578259 0.0796904 0.399667 0.147473 0.638924 
0.761497 0.0015403 0.776604 0.915211 0.368232 0.555251 0.0236246 0.0563644 0.314029 0.9824 
0.576407 0.568377 0.832122 0.296124 0.779273 0.433078 0.683393 0.834994 0.770368 0.318468 
0.151043 0.527429 0.0853438 0.231948 0.029058 0.913404 0.0964903 0.695554 0.515277 0.963265 
0.9631 0.0810095 0.889905 0.470683 0.117923 0.935549 0.205397 0.361566 0.0234493 0.414587 
0.980524 0.606904 0.307797 0.369292 0.30308 0.706413 0.541221 0.553313 0.627757 0.367938 
0.682571 0.435196 0.144307 0.81429 0.491362 0.581604 0.614731 0.685891 0.732501 0.685372 
0.580927 0.74376 0.461278 0.468769 0.658143 0.311564 0.314668 0.747671 0.709683 0.960121 
0.892465 0.706548 0.990953 0.740752 0.432393 0.964293 0.638595 0.807247 0.55895 0.825372 
0.958783 0.0666771 0.115685 0.210853 0.367953 0.28299 0.272703 0.200068 0.100529 0.551334 
0.485492 0.586808 0.719456 0.719917 0.704005 0.0556986 0.283854 0.636196 0.959403 0.884246 
0.127234 0.943689 0.775575 0.378533 0.858405 0.850164 0.663113 0.0880318 0.501971 0.762505 
0.539627 0.308524 0.272298 0.654674 0.185835 0.0244549 0.0883136 0.121977 0.486567 0.0170344 
0.270835 0.20483 0.222743 0.978879 0.712353 0.393437 0.679835 0.776103 0.00932812 0.651817 
0.768644 0.187433 0.0191774 0.937134 0.888595 0.649761 0.668981 0.462227 0.0868578 0.51179 
0.519457 0.344029 0.714717 0.614549 0.801526 0.445874 0.108359 0.783663 0.627326 0.437987 
0.513084 0.0498488 0.64717 0.544654 0.0577966 0.975682 0.882195 0.632351 0.216771 0.491068 
0.313136 0.603944 0.898019 0.349282 0.208383 0.0201405 0.752736 0.615569 0.743719 0.113319 
0.465999 0.610351 0.565736 0.0937592 0.435911 0.989919 0.872613 0.52883 0.0819856 0.846916 
0.82507 0.544372 0.263376 0.180465 0.593318 0.720751 0.980043 0.480309 0.968569 0.0462984 
0.746241 0.88526 0.803167 0.595093 0.499331 0.91193 0.298249 0.51356 0.785823 0.0739635 
0.472686 0.138031 0.755083 0.399506 0.611245 0.210368 0.889763 0.0648931 0.756186 0.720703 
0.301041 0.583363 0.247346 0.406115 0.404041 0.250581 0.640737 0.248108 0.788093 0.961518 
0.78856 0.878218 0.547778 0.00777026 0.266402 0.213832 0.123758 0.835389 0.934579 0.782274 
0.734593 0.78962 0.194438 0.0178122 0.0926841 0.822616 0.777426 0.871639 0.961238 0.471238 
0.679894 0.0344977 0.856654 0.20366 0.373237 0.950267 0.29812 0.512583 0.286768 0.457549 
0.819101 0.137338 0.160823 0.948461 0.829261 0.386466 0.143925 0.139401 0.628619 0.622841 
0.633953 0.707422 0.0929703 0.578768 0.519896 0.72643 0.858356 0.985715 0.707738 0.294171 
0.859466 0.905245 0.429763 0.348022 0.959574 0.693822 0.419739 0.266518 0.107222 0.25868 
0.80238 0.40632 0.090237 0.42112 0.253464 0.617387 0.204551 0.766281 0.877666 0.0767786 
0.100927 0.404263 0.722772 0.177829 0.0146271 0.579686 0.40211 0.83764 0.938925 0.893992 
0.827712 0.374709 0.488683 0.534311 0.529322 0.611585 0.1432 0.36653 0.21017 0.617566 
0.29513 0.581955 0.464333 0.378511 0.403908 0.715188 0.679715 0.518967 0.647786 0.182153 
0.699534 0.0998686 0.945375 0.278629 0.190331 0.90944 0.913418 0.957077 0.712003 0.690248 
0.956126 0.877466 0.786811 0.958399 0.139496 0.923701 0.282026 0.391108 0.0769999 0.517546 
0.645519 0.762727 0.656478 0.286948 0.268929 0.896702 0.504591 0.49927 0.127615 0.787015 
0.779219 0.633713 0.932767 0.430589 0.363858 0.190254 0.360564 0.551893 0.269013 0.571243 
0.379331 0.525546 0.485924 0.833485 0.84959 0.491208 0.17606 0.408802 0.391999 0.340163 
0.0368588 0.316704 0.0798873 0.0252718 0.932758 0.319253 0.688439 0.587512 0.694242 0.322046 
0.927996 0.746997 0.609549 0.327211 0.257516 0.244133 0.965035 0.772263 0.73415 0.316887 
0.641481 0.211898 0.695765 0.597323 0.0277003 0.422557 0.838754 0.601804 0.372029 0.050289 
0.622646 0.0434646 0.186843 0.255111 0.649476 0.460595 0.528313 0.425099 0.650652 0.246327 
0.371968 0.0162995 0.337027 0.44598 0.542501 0.547259 0.494371 0.57275 0.115979 0.28002 
0.796489 0.317977 0.070771 0.0951051 0.422763 0.647395 0.280063 0.936781 0.940441 0.983858 
0.709808 0.190662 0.158528 0.628852 0.376846 0.345224 0.413059 0.991707 0.693992 0.537215 
0.92205 0.374175 0.86701 0.505397 0.404643 0.624616 0.141918 0.269773 0.449171 0.281288 
0.74642 0.857129 0.693873 0.846949 0.0933723 0.0278407 0.0273999 0.0677952 0.78383 0.322648 
0.905931 0.710568 0.0933293 0.48986 0.0209693 0.900888 0.278378 0.0110507 0.632431 0.579632 
0.936947 0.125215 0.109284 0.253196 0.478951 0.403223 0.960193 0.272065 0.176878 0.0356688 
0.588622 0.404506 0.570345 0.244058 0.484587 0.450328 0.357857 0.453955 0.957195 0.347763 
0.141503 0.93865 0.184192 0.551372 0.911044 0.325489 0.417278 0.634442 0.339764 0.00412653 
0.027948 0.162415 0.312559 0.657028 0.132401 0.704692 0.91953 0.350591 0.389888 0.815339 
0.159493 0.260205 0.585227 0.810418 0.901158 0.0691596 0.143247 0.510519 0.0457887 0.58265 
0.0606908 0.98077 0.156793 0.803241 0.142663 0.211295 0.730804 0.356788 0.116057 0.986215 
0.798511 0.902135 0.682118 0.587792 0.273238 0.648121 0.548929 0.439199 0.953278 0.927458 
0.711075 0.373225 0.544345 0.563933 0.970774 0.414483 0.462919 0.805872 0.682814 0.508883 
0.225603 0.0248433 0.896481 0.443434 0.833014 0.74273 0.144362 0.804253 0.132546 0.159077 
0.110273 0.717207 0.926532 0.804173 0.509284 0.944292 0.262612 0.271346 0.117159 0.0471248 
0.731338 0.0252714 0.961226 0.374412 0.480963 0.324349 0.550685 0.754185 0.543237 0.292375 
0.0105334 0.613827 0.602393 0.677514 0.18053 0.550794 0.753969 0.892374 0.342478 0.908113 
0.695374 0.599203 0.389336 0.448456 0.631191 0.236474 0.528332 0.858352 0.177218 0.952849 
0.354192 0.247715 0.263436 0.224146 0.445516 0.838243 0.142694 0.453884 0.0642671 0.0894077 
0.00276954 0.0138142 0.806749 0.9669 0.743952 0.0344348 0.392603 0.422144 0.789638 0.489883 
0.469046 0.873407 0.179142 0.50858 0.730152 0.0497434 0.709451 0.204905 0.778285 0.928114 
0.110273 0.636803 0.334742 0.97128 0.573397 0.0864185 0.139564 0.389238 0.423864 0.27963 
0.76374 0.854155 0.313119 0.518755 0.182753 0.126207 0.677854 0.995326 0.554218 0.117713 
0.200931 0.132464 0.0467403 0.326753 0.138772 0.915177 0.0144494 0.167151 0.77567 0.680904 
0.751461 0.286339 0.346673 0.664718 0.763506 0.747326 0.888479 0.338795 0.000724183 0.780766 
0.496897 0.948898 0.882248 0.141738 0.974715 0.277384 0.511197 0.881207 0.889133 0.386869 
0.369346 0.953495 0.495193 0.0388542 0.337097 0.279502 0.194512 0.404708 0.265233 0.881028 
0.359203 0.776573 0.921487 0.790529 0.813035 0.03711 0.947194 0.720307 0.65471 0.965619 
0.440717 0.541908 0.1493 0.268504 0.550057 0.0834516 0.0753868 0.690979 0.323474 0.755456 
0.341309 0.0822976 0.190468 0.999171 0.876838 0.82652 0.976352 0.189639 0.554682 0.639002 
0.577778 0.719906 0.890328 0.077912 0.103563 0.355222 0.610484 0.515358 0.129921 0.985585 
0.16151 0.203823 0.808956 0.880362 0.568153 0.710941 0.586947 0.762482 0.0333921 0.736031 
0.0599823 0.685537 0.618798 0.652868 0.787531 0.333339 0.770941 0.812613 0.864844 0.389731 
0.265506 0.0954793 0.321473 0.437369 0.394879 0.971511 0.108909 0.432455 0.585101 0.742799 
0.822783 0.175513 0.504895 0.636568 0.519698 0.469363 0.942647 0.964089 0.163526 0.34195 
0.0013511 0.869066 0.474743 0.722618 0.463359 0.638358 0.541854 0.0258284 0.752 0.231307 
